172.0
203.5
200.5
196.0
232.0
233.5
199.0
232.0
218.5
218.5
202.0
197.5
196.0
199.0
190.0
188.5
190.0
239.5
158.5
191.5
191.5
208.0
154.0
232.0
178.0
224.5
155.5
221.5
226.0
209.5
209.5
218.5
226.0
229.0
211.0
235.0
212.5
193.0
65.5
143.5
170.5
230.5
217.0
217.0
211.0
212.5
226.0
235.0
190.0
218.5
202.0
224.5
211.0
221.5
188.5
154.0
161.5
221.5
169.0
200.5
176.5
119.5
233.5
184.0
193.0
191.5
202.0
229.0
236.5
176.5
139.0
217.0
172.0
232.0
172.0
241.0
212.5
220.0
226.0
215.5
212.5
221.5
215.5
140.5
235.0
185.5
214.0
130.0
187.0
164.5
235.0
95.5
184.0
218.5
152.5
197.5
199.0
206.5
211.0
199.0
220.0
232.0
221.5
206.5
247.0
199.0
203.5
193.0
197.5
116.5
239.5
245.5
208.0
178.0
217.0
229.0
241.0
202.0
217.0
224.5
220.0
181.0
218.5
158.5
221.5
169.0
229.0
178.0
233.5
233.5
208.0
194.5
224.5
100.0
182.5
217.0
224.5
238.0
209.5
125.5
223.0
196.0
157.0
215.5
229.0
245.5
145.0
227.5
124.0
211.0
229.0
230.5
226.0
235.0
193.0
227.5
46.0
241.0
188.5
218.5
179.5
227.5
136.0
229.0
202.0
229.0
145.0
187.0
214.0
236.5
191.5
214.0
238.0
218.5
236.5
184.0
206.5
217.0
215.5
196.0
176.5
148.0
227.5
182.5
233.5
227.5
208.0
239.5
194.5
214.0
221.5
229.0
229.0
176.5
211.0
145.0
56.5
175.0
218.5
230.5
49.0
223.0
200.5
212.5
215.5
173.5
209.5
128.5
220.0
193.0
167.5
223.0
230.5
230.5
215.5
184.0
232.0
172.0
193.0
173.5
238.0
166.0
196.0
211.0
160.0
103.0
223.0
194.5
220.0
227.5
173.5
203.5
218.5
218.5
229.0
235.0
211.0
235.0
221.5
217.0
236.5
215.5
232.0
193.0
172.0
221.5
229.0
215.5
157.0
214.0
208.0
212.5
112.0
221.5
152.5
203.5
193.0
203.5
218.5
208.0
157.0
214.0
181.0
199.0
226.0
212.5
229.0
235.0
209.5
232.0
182.5
209.5
238.0
202.0
226.0
65.5
110.5
212.5
224.5
239.5
199.0
221.5
86.5
214.0
224.5
218.5
71.5
191.5
223.0
217.0
161.5
226.0
220.0
208.0
220.0
233.5
203.5
194.5
212.5
229.0
196.0
196.0
206.5
188.5
220.0
218.5
215.5
104.5
184.0
217.0
187.0
166.0
209.5
229.0
236.5
227.5
200.5
139.0
212.5
238.0
203.5
199.0
236.5
203.5
227.5
221.5
229.0
193.0
185.5
184.0
212.5
191.5
209.5
227.5
149.5
224.5
220.0
211.0
160.0
208.0
142.0
188.5
212.5
214.0
202.0
217.0
188.5
209.5
226.0
185.5
187.0
244.0
131.5
233.5
44.5
217.0
209.5
226.0
211.0
181.0
148.0
238.0
179.5
230.5
187.0
214.0
220.0
224.5
212.5
61.0
224.5
197.5
226.0
76.0
194.5
208.0
187.0
218.5
223.0
223.0
208.0
217.0
197.5
236.5
223.0
212.5
199.0
203.5
221.5
212.5
191.5
235.0
191.5
236.5
226.0
209.5
230.5
190.0
197.5
217.0
176.5
200.5
199.0
224.5
233.5
218.5
209.5
214.0
175.0
232.0
218.5
142.0
200.5
242.5
235.0
178.0
233.5
241.0
187.0
205.0
128.5
227.5
191.5
223.0
223.0
217.0
209.5
221.5
232.0
238.0
197.5
227.5
103.0
92.5
205.0
200.5
244.0
143.5
109.0
233.5
62.5
193.0
191.5
232.0
182.5
193.0
212.5
155.5
223.0
199.0
190.0
226.0
194.5
140.5
223.0
208.0
173.5
193.0
175.0
229.0
251.5
203.5
197.5
88.0
223.0
233.5
205.0
218.5
226.0
224.5
190.0
67.0
221.5
182.5
238.0
136.0
241.0
212.5
206.5
205.0
152.5
175.0
211.0
152.5
238.0
196.0
190.0
167.5
215.5
220.0
199.0
220.0
232.0
217.0
173.5
197.5
188.5
160.0
227.5
244.0
238.0
187.0
178.0
40.0
236.5
152.5
158.5
170.5
206.5
196.0
62.5
212.5
208.0
226.0
221.5
224.5
241.0
227.5
220.0
209.5
217.0
209.5
221.5
163.0
215.5
116.5
233.5
209.5
227.5
226.0
167.5
68.5
173.5
187.0
215.5
200.5
212.5
218.5
170.5
230.5
179.5
194.5
226.0
211.0
229.0
185.5
181.0
224.5
193.0
218.5
221.5
181.0
176.5
191.5
112.0
226.0
221.5
199.0
206.5
220.0
182.5
214.0
209.5
217.0
211.0
200.5
187.0
232.0
223.0
203.5
172.0
229.0
232.0
194.5
205.0
191.5
217.0
187.0
170.5
191.5
125.5
169.0
233.5
200.5
230.5
194.5
226.0
223.0
214.0
229.0
197.5
194.5
209.5
200.5
232.0
184.0
181.0
149.5
221.5
233.5
239.5
197.5
215.5
229.0
209.5
230.5
239.5
242.5
191.5
178.0
212.5
217.0
208.0
226.0
227.5
176.5
214.0
212.5
185.5
163.0
178.0
232.0
224.5
212.5
223.0
152.5
224.5
235.0
245.5
215.5
37.0
221.5
196.0
223.0
203.5
232.0
230.5
211.0
164.5
214.0
172.0
110.5
230.5
232.0
196.0
169.0
206.5
217.0
230.5
205.0
221.5
203.5
230.5
230.5
241.0
202.0
206.5
244.0
208.0
196.0
191.5
118.0
154.0
202.0
223.0
217.0
136.0
136.0
199.0
56.5
205.0
235.0
230.5
148.0
212.5
239.5
164.5
200.5
203.5
221.5
226.0
221.5
127.0
163.0
178.0
212.5
199.0
218.5
160.0
197.5
164.5
194.5
226.0
128.5
215.5
193.0
202.0
172.0
200.5
218.5
206.5
215.5
211.0
208.0
226.0
232.0
235.0
229.0
182.5
199.0
89.5
239.5
223.0
223.0
199.0
172.0
208.0
56.5
134.5
221.5
215.5
184.0
209.5
202.0
211.0
206.5
233.5
226.0
230.5
217.0
223.0
238.0
173.5
35.5
250.0
215.5
238.0
190.0
212.5
46.0
217.0
181.0
164.5
202.0
203.5
187.0
221.5
224.5
170.5
230.5
233.5
233.5
203.5
232.0
196.0
208.0
184.0
203.5
194.5
227.5
134.5
172.0
232.0
221.5
214.0
236.5
205.0
196.0
208.0
220.0
193.0
224.5
179.5
148.0
98.5
97.0
202.0
236.5
226.0
215.5
203.5
223.0
221.5
196.0
181.0
173.5
221.5
217.0
172.0
34.0
208.0
215.5
205.0
214.0
203.5
202.0
148.0
194.5
235.0
181.0
65.5
185.5
232.0
140.5
217.0
224.5
112.0
203.5
230.5
233.5
152.5
214.0
208.0
215.5
142.0
233.5
200.5
199.0
119.5
220.0
209.5
203.5
199.0
146.5
181.0
233.5
206.5
211.0
124.0
223.0
212.5
223.0
226.0
218.5
158.5
241.0
218.5
73.0
199.0
217.0
200.5
172.0
187.0
202.0
64.0
214.0
232.0
215.5
229.0
242.5
217.0
218.5
220.0
224.5
238.0
238.0
130.0
181.0
232.0
140.5
208.0
212.5
137.5
205.0
214.0
220.0
203.5
238.0
196.0
202.0
218.5
217.0
217.0
227.5
134.5
160.0
178.0
223.0
203.5
176.5
161.5
182.5
190.0
236.5
209.5
211.0
238.0
214.0
215.5
194.5
98.5
223.0
206.5
199.0
236.5
233.5
211.0
199.0
211.0
199.0
224.5
227.5
202.0
232.0
199.0
182.5
176.5
185.5
203.5
230.5
197.5
206.5
236.5
230.5
226.0
223.0
229.0
217.0
137.5
212.5
221.5
164.5
157.0
179.5
221.5
218.5
232.0
224.5
124.0
190.0
239.5
212.5
227.5
170.5
184.0
235.0
205.0
211.0
229.0
185.5
167.5
214.0
182.5
223.0
229.0
218.5
187.0
218.5
214.0
223.0
194.5
208.0
215.5
176.5
223.0
175.0
232.0
211.0
218.5
211.0
157.0
224.5
148.0
221.5
217.0
218.5
223.0
205.0
203.5
226.0
212.5
203.5
215.5
212.5
110.5
233.5
166.0
157.0
224.5
140.5
197.5
233.5
229.0
190.0
226.0
202.0
230.5
217.0
196.0
208.0
226.0
221.5
130.0
191.5
235.0
236.5
188.5
227.5
221.5
220.0
235.0
212.5
220.0
74.5
215.5
227.5
226.0
230.5
89.5
230.5
175.0
226.0
182.5
184.0
184.0
214.0
221.5
229.0
205.0
233.5
121.0
190.0
175.0
203.5
106.0
212.5
211.0
112.0
208.0
164.5
221.5
212.5
224.5
194.5
188.5
142.0
160.0
200.5
127.0
232.0
191.5
157.0
214.0
137.5
203.5
209.5
227.5
211.0
217.0
214.0
202.0
221.5
229.0
233.5
220.0
76.0
215.5
191.5
223.0
232.0
185.5
215.5
242.5
194.5
173.5
223.0
205.0
200.5
200.5
215.5
217.0
233.5
191.5
211.0
223.0
214.0
161.5
205.0
184.0
209.5
206.5
235.0
187.0
185.5
194.5
202.0
199.0
242.5
83.5
199.0
221.5
85.0
224.5
208.0
236.5
59.5
221.5
212.5
95.5
110.5
208.0
188.5
239.5
188.5
217.0
227.5
193.0
191.5
199.0
224.5
218.5
95.5
193.0
229.0
226.0
161.5
209.5
182.5
181.0
206.5
139.0
211.0
218.5
214.0
95.5
202.0
160.0
212.5
208.0
212.5
230.5
185.5
191.5
221.5
218.5
209.5
232.0
194.5
229.0
217.0
178.0
208.0
209.5
127.0
188.5
217.0
200.5
208.0
229.0
233.5
235.0
202.0
196.0
226.0
227.5
190.0
230.5
202.0
203.5
223.0
232.0
226.0
223.0
215.5
233.5
212.5
140.5
206.5
190.0
233.5
187.0
215.5
229.0
217.0
211.0
139.0
202.0
179.5
107.5
217.0
235.0
218.5
88.0
223.0
206.5
214.0
179.5
208.0
227.5
227.5
193.0
211.0
203.5
229.0
224.5
218.5
182.5
206.5
197.5
226.0
233.5
217.0
188.5
163.0
187.0
226.0
238.0
230.5
179.5
53.5
211.0
191.5
206.5
208.0
142.0
107.5
202.0
206.5
220.0
221.5
152.5
191.5
190.0
214.0
194.5
136.0
193.0
217.0
211.0
197.5
92.5
202.0
200.5
220.0
208.0
226.0
236.5
250.0
212.5
212.5
227.5
236.5
170.5
220.0
230.5
197.5
236.5
167.5
241.0
185.5
235.0
197.5
205.0
194.5
176.5
187.0
236.5
235.0
212.5
236.5
107.5
232.0
244.0
146.5
185.5
206.5
220.0
203.5
197.5
160.0
215.5
208.0
227.5
205.0
196.0
206.5
218.5
173.5
52.0
230.5
212.5
206.5
134.5
187.0
223.0
187.0
214.0
200.5
212.5
205.0
142.0
212.5
211.0
172.0
206.5
169.0
215.5
230.5
154.0
206.5
221.5
211.0
226.0
233.5
233.5
193.0
227.5
199.0
196.0
22.0
217.0
188.5
182.5
238.0
238.0
214.0
214.0
211.0
188.5
145.0
202.0
193.0
202.0
82.0
215.5
205.0
167.5
115.0
242.5
200.5
233.5
211.0
211.0
191.5
179.5
212.5
209.5
212.5
35.5
185.5
127.0
223.0
218.5
64.0
197.5
202.0
224.5
214.0
229.0
191.5
167.5
193.0
221.5
202.0
173.5
203.5
214.0
196.0
220.0
206.5
46.0
224.5
223.0
200.5
230.5
134.5
206.5
224.5
148.0
212.5
211.0
230.5
202.0
214.0
233.5
197.5
202.0
107.5
224.5
197.5
145.0
209.5
224.5
104.5
223.0
197.5
227.5
92.5
182.5
166.0
151.0
221.5
230.5
178.0
244.0
206.5
170.5
140.5
202.0
194.5
148.0
226.0
226.0
116.5
203.5
191.5
211.0
202.0
200.5
188.5
184.0
211.0
221.5
232.0
230.5
179.5
163.0
218.5
214.0
76.0
148.0
241.0
134.5
188.5
208.0
68.5
223.0
209.5
224.5
223.0
145.0
224.5
209.5
208.0
175.0
218.5
199.0
200.5
181.0
161.5
220.0
155.5
217.0
223.0
202.0
206.5
160.0
202.0
226.0
187.0
218.5
197.5
247.0
149.5
221.5
245.5
241.0
202.0
157.0
229.0
131.5
173.5
217.0
178.0
203.5
232.0
217.0
214.0
200.5
203.5
202.0
170.5
224.5
191.5
236.5
166.0
202.0
223.0
173.5
181.0
221.5
199.0
215.5
209.5
136.0
173.5
199.0
181.0
191.5
215.5
221.5
224.5
193.0
205.0
229.0
206.5
214.0
215.5
173.5
86.5
200.5
167.5
193.0
88.0
217.0
211.0
188.5
217.0
205.0
236.5
193.0
145.0
199.0
188.5
214.0
211.0
215.5
203.5
218.5
215.5
209.5
227.5
230.5
106.0
227.5
82.0
217.0
221.5
230.5
194.5
211.0
38.5
152.5
155.5
221.5
193.0
223.0
221.5
235.0
206.5
197.5
100.0
233.5
217.0
101.5
205.0
217.0
206.5
197.5
154.0
182.5
70.0
212.5
217.0
100.0
218.5
212.5
182.5
185.5
229.0
227.5
208.0
205.0
227.5
230.5
226.0
182.5
230.5
203.5
218.5
208.0
173.5
223.0
197.5
182.5
221.5
194.5
208.0
220.0
226.0
184.0
209.5
220.0
203.5
224.5
181.0
173.5
206.5
154.0
227.5
191.5
220.0
107.5
197.5
233.5
142.0
41.5
217.0
215.5
229.0
196.0
206.5
209.5
235.0
232.0
205.0
215.5
173.5
167.5
218.5
220.0
184.0
223.0
233.5
194.5
238.0
199.0
233.5
202.0
200.5
212.5
223.0
248.5
220.0
206.5
229.0
214.0
226.0
194.5
94.0
226.0
185.5
217.0
151.0
217.0
71.5
239.5
218.5
214.0
232.0
163.0
242.5
199.0
199.0
215.5
229.0
160.0
221.5
220.0
205.0
200.5
242.5
229.0
193.0
182.5
179.5
200.5
151.0
232.0
199.0
223.0
221.5
193.0
226.0
211.0
188.5
209.5
106.0
224.5
217.0
227.5
206.5
229.0
187.0
152.5
230.5
217.0
218.5
232.0
227.5
185.5
194.5
158.5
194.5
176.5
226.0
218.5
160.0
227.5
230.5
208.0
196.0
224.5
242.5
166.0
244.0
230.5
143.5
170.5
244.0
218.5
211.0
220.0
233.5
235.0
229.0
211.0
176.5
227.5
188.5
209.5
211.0
223.0
224.5
170.5
211.0
200.5
202.0
202.0
227.5
218.5
199.0
233.5
158.5
229.0
196.0
214.0
155.5
181.0
211.0
226.0
184.0
220.0
190.0
220.0
124.0
181.0
217.0
233.5
223.0
134.5
200.5
176.5
229.0
205.0
155.5
217.0
137.5
191.5
206.5
229.0
209.5
172.0
196.0
200.5
226.0
209.5
229.0
200.5
233.5
184.0
215.5
226.0
218.5
209.5
226.0
214.0
170.5
133.0
235.0
200.5
224.5
211.0
217.0
170.5
230.5
212.5
191.5
230.5
217.0
197.5
250.0
212.5
169.0
212.5
221.5
224.5
158.5
209.5
208.0
232.0
229.0
214.0
202.0
224.5
212.5
166.0
199.0
209.5
161.5
173.5
121.0
214.0
239.5
194.5
230.5
200.5
212.5
200.5
215.5
110.5
235.0
206.5
169.0
230.5
184.0
160.0
17.5
181.0
155.5
215.5
203.5
196.0
220.0
218.5
223.0
212.5
167.5
116.5
206.5
179.5
163.0
172.0
193.0
220.0
146.5
224.5
145.0
217.0
218.5
238.0
227.5
185.5
77.5
214.0
233.5
211.0
211.0
154.0
184.0
199.0
187.0
209.5
224.5
214.0
205.0
196.0
236.5
185.5
223.0
203.5
242.5
203.5
224.5
217.0
152.5
203.5
209.5
224.5
181.0
58.0
221.5
233.5
220.0
196.0
214.0
223.0
172.0
178.0
206.5
80.5
127.0
238.0
209.5
220.0
166.0
218.5
205.0
149.5
182.5
172.0
200.5
173.5
221.5
221.5
223.0
235.0
221.5
202.0
206.5
230.5
187.0
232.0
179.5
176.5
167.5
200.5
190.0
116.5
220.0
212.5
230.5
152.5
230.5
221.5
232.0
208.0
233.5
235.0
175.0
200.5
185.5
232.0
203.5
214.0
220.0
38.5
214.0
98.5
227.5
160.0
224.5
205.0
221.5
191.5
209.5
215.5
170.5
212.5
226.0
245.5
232.0
212.5
202.0
196.0
209.5
230.5
214.0
191.5
200.5
214.0
203.5
200.5
205.0
86.5
199.0
209.5
167.5
161.5
88.0
161.5
196.0
211.0
223.0
247.0
229.0
217.0
226.0
227.5
221.5
212.5
208.0
217.0
220.0
175.0
226.0
233.5
205.0
188.5
193.0
238.0
215.5
155.5
206.5
199.0
176.5
203.5
170.5
220.0
211.0
196.0
193.0
208.0
82.0
196.0
215.5
226.0
208.0
184.0
97.0
214.0
214.0
220.0
197.5
197.5
167.5
157.0
164.5
226.0
152.5
200.5
191.5
221.5
223.0
221.5
149.5
211.0
209.5
133.0
218.5
221.5
152.5
217.0
218.5
241.0
136.0
179.5
161.5
224.5
235.0
185.5
224.5
130.0
182.5
209.5
200.5
83.5
217.0
233.5
182.5
182.5
224.5
217.0
218.5
209.5
229.0
218.5
215.5
223.0
58.0
238.0
223.0
215.5
124.0
134.5
220.0
238.0
188.5
208.0
161.5
215.5
34.0
197.5
217.0
181.0
245.5
221.5
109.0
197.5
200.5
209.5
215.5
181.0
215.5
172.0
233.5
230.5
232.0
124.0
185.5
196.0
208.0
133.0
239.5
236.5
203.5
212.5
197.5
227.5
221.5
224.5
224.5
191.5
191.5
221.5
199.0
241.0
184.0
85.0
214.0
209.5
230.5
209.5
182.5
239.5
197.5
223.0
223.0
205.0
239.5
194.5
170.5
224.5
203.5
188.5
208.0
230.5
208.0
224.5
95.5
214.0
110.5
205.0
113.5
229.0
223.0
193.0
218.5
232.0
232.0
220.0
229.0
215.5
187.0
227.5
185.5
200.5
209.5
212.5
202.0
182.5
224.5
217.0
184.0
221.5
236.5
215.5
184.0
190.0
95.5
226.0
218.5
169.0
230.5
206.5
206.5
224.5
196.0
226.0
247.0
208.0
196.0
227.5
239.5
208.0
130.0
221.5
209.5
221.5
220.0
197.5
220.0
236.5
160.0
209.5
242.5
190.0
107.5
236.5
224.5
172.0
218.5
199.0
218.5
184.0
214.0
238.0
184.0
157.0
209.5
199.0
223.0
206.5
239.5
185.5
181.0
49.0
232.0
202.0
230.5
194.5
205.0
239.5
98.5
230.5
182.5
151.0
187.0
236.5
217.0
223.0
230.5
190.0
232.0
188.5
227.5
206.5
223.0
230.5
221.5
191.5
220.0
232.0
188.5
221.5
200.5
230.5
209.5
215.5
146.5
173.5
125.5
154.0
215.5
86.5
221.5
218.5
38.5
224.5
197.5
226.0
206.5
220.0
236.5
190.0
227.5
205.0
181.0
202.0
199.0
223.0
167.5
214.0
223.0
235.0
203.5
169.0
217.0
206.5
229.0
218.5
203.5
202.0
224.5
185.5
191.5
236.5
62.5
202.0
217.0
215.5
202.0
197.5
32.5
221.5
226.0
139.0
221.5
134.5
143.5
217.0
221.5
236.5
227.5
212.5
241.0
247.0
52.0
235.0
220.0
190.0
169.0
197.5
164.5
193.0
187.0
92.5
220.0
208.0
227.5
197.5
229.0
188.5
190.0
212.5
197.5
107.5
218.5
184.0
226.0
182.5
218.5
212.5
188.5
203.5
209.5
224.5
217.0
221.5
209.5
218.5
211.0
227.5
181.0
230.5
166.0
230.5
185.5
190.0
206.5
227.5
218.5
229.0
227.5
235.0
191.5
209.5
134.5
116.5
148.0
227.5
223.0
232.0
226.0
154.0
212.5
232.0
227.5
220.0
197.5
238.0
224.5
208.0
230.5
217.0
206.5
223.0
220.0
226.0
224.5
229.0
205.0
221.5
71.5
209.5
217.0
227.5
187.0
196.0
206.5
230.5
209.5
236.5
206.5
163.0
209.5
193.0
160.0
185.5
214.0
200.5
215.5
223.0
223.0
212.5
215.5
185.5
185.5
214.0
142.0
238.0
157.0
199.0
167.5
193.0
197.5
157.0
229.0
157.0
226.0
229.0
206.5
215.5
206.5
179.5
170.5
37.0
211.0
197.5
212.5
242.5
241.0
196.0
194.5
191.5
185.5
196.0
209.5
178.0
131.5
220.0
224.5
220.0
200.5
232.0
212.5
214.0
218.5
199.0
244.0
170.5
212.5
223.0
220.0
226.0
236.5
208.0
209.5
202.0
217.0
188.5
214.0
235.0
232.0
224.5
224.5
202.0
226.0
224.5
212.5
199.0
214.0
220.0
197.5
221.5
220.0
200.5
184.0
214.0
236.5
145.0
235.0
241.0
223.0
236.5
232.0
134.5
209.5
223.0
221.5
184.0
224.5
211.0
220.0
202.0
227.5
217.0
196.0
187.0
238.0
235.0
185.5
218.5
136.0
197.5
206.5
184.0
218.5
220.0
100.0
185.5
217.0
209.5
229.0
88.0
205.0
208.0
197.5
224.5
220.0
217.0
199.0
238.0
196.0
220.0
116.5
191.5
187.0
212.5
211.0
202.0
229.0
199.0
161.5
227.5
235.0
215.5
109.0
233.5
133.0
50.5
205.0
205.0
164.5
229.0
226.0
208.0
184.0
233.5
170.5
175.0
202.0
241.0
223.0
146.5
242.5
215.5
212.5
232.0
223.0
205.0
188.5
224.5
211.0
218.5
227.5
185.5
214.0
247.0
229.0
103.0
236.5
217.0
209.5
154.0
211.0
106.0
202.0
190.0
223.0
178.0
205.0
217.0
206.5
178.0
166.0
205.0
206.5
106.0
14.5
223.0
232.0
196.0
224.5
218.5
133.0
227.5
214.0
181.0
170.5
224.5
136.0
220.0
181.0
197.5
193.0
197.5
128.5
200.5
211.0
179.5
163.0
187.0
197.5
241.0
211.0
218.5
143.5
232.0
199.0
212.5
221.5
191.5
128.5
125.5
181.0
164.5
232.0
214.0
193.0
212.5
230.5
209.5
220.0
202.0
140.5
188.5
208.0
242.5
200.5
199.0
203.5
221.5
214.0
233.5
193.0
214.0
172.0
154.0
223.0
176.5
175.0
208.0
227.5
191.5
221.5
187.0
223.0
239.5
211.0
224.5
206.5
235.0
214.0
206.5
229.0
227.5
221.5
188.5
218.5
206.5
172.0
233.5
220.0
241.0
217.0
229.0
193.0
232.0
179.5
221.5
208.0
232.0
185.5
199.0
224.5
161.5
223.0
197.5
211.0
229.0
221.5
193.0
164.5
218.5
191.5
181.0
221.5
221.5
193.0
161.5
200.5
223.0
224.5
233.5
217.0
188.5
176.5
230.5
202.0
221.5
209.5
233.5
230.5
140.5
193.0
188.5
221.5
172.0
232.0
203.5
179.5
230.5
212.5
179.5
200.5
182.5
203.5
232.0
187.0
214.0
193.0
235.0
218.5
175.0
197.5
211.0
238.0
205.0
232.0
233.5
181.0
173.5
185.5
226.0
182.5
200.5
196.0
155.5
206.5
215.5
215.5
221.5
235.0
211.0
199.0
203.5
226.0
188.5
218.5
179.5
217.0
128.5
226.0
214.0
52.0
158.5
230.5
232.0
223.0
224.5
160.0
208.0
164.5
143.5
215.5
212.5
236.5
227.5
181.0
244.0
170.5
176.5
221.5
167.5
229.0
200.5
181.0
203.5
212.5
242.5
185.5
47.5
202.0
172.0
200.5
127.0
188.5
185.5
193.0
212.5
235.0
205.0
151.0
208.0
226.0
182.5
169.0
233.5
155.5
214.0
227.5
110.5
128.5
241.0
196.0
218.5
242.5
212.5
202.0
145.0
211.0
175.0
226.0
223.0
145.0
205.0
194.5
208.0
233.5
154.0
185.5
211.0
154.0
202.0
230.5
202.0
205.0
203.5
151.0
203.5
221.5
206.5
158.5
232.0
185.5
220.0
179.5
181.0
202.0
175.0
200.5
232.0
184.0
247.0
217.0
182.5
149.5
242.5
226.0
226.0
212.5
170.5
220.0
221.5
149.5
202.0
194.5
230.5
176.5
209.5
194.5
232.0
227.5
235.0
149.5
218.5
142.0
218.5
208.0
221.5
230.5
232.0
143.5
88.0
199.0
232.0
62.5
119.5
230.5
220.0
220.0
199.0
71.5
170.5
209.5
199.0
203.5
223.0
184.0
224.5
244.0
157.0
232.0
193.0
212.5
218.5
211.0
170.5
215.5
235.0
220.0
209.5
235.0
178.0
215.5
233.5
232.0
206.5
190.0
209.5
212.5
161.5
226.0
236.5
208.0
209.5
205.0
203.5
187.0
134.5
20.5
199.0
239.5
190.0
217.0
184.0
221.5
232.0
203.5
193.0
202.0
175.0
214.0
239.5
169.0
200.5
184.0
224.5
205.0
155.5
208.0
169.0
215.5
206.5
218.5
209.5
230.5
160.0
244.0
221.5
233.5
247.0
229.0
236.5
184.0
220.0
218.5
188.5
229.0
235.0
211.0
191.5
181.0
182.5
217.0
176.5
226.0
181.0
178.0
16.0
226.0
209.5
221.5
211.0
208.0
65.5
172.0
218.5
175.0
160.0
226.0
215.5
212.5
229.0
230.5
176.5
203.5
190.0
218.5
190.0
239.5
173.5
214.0
164.5
187.0
185.5
215.5
212.5
224.5
179.5
229.0
227.5
229.0
187.0
197.5
218.5
181.0
131.5
218.5
221.5
182.5
91.0
203.5
166.0
218.5
203.5
208.0
202.0
205.0
206.5
176.5
229.0
194.5
241.0
220.0
221.5
205.0
226.0
188.5
178.0
176.5
187.0
206.5
137.5
229.0
215.5
230.5
208.0
185.5
209.5
217.0
143.5
166.0
226.0
230.5
212.5
202.0
176.5
43.0
161.5
188.5
199.0
220.0
185.5
205.0
110.5
194.5
190.0
226.0
202.0
190.0
94.0
184.0
235.0
170.5
203.5
232.0
178.0
200.5
118.0
230.5
215.5
62.5
122.5
190.0
205.0
226.0
208.0
226.0
190.0
203.5
206.5
221.5
227.5
233.5
218.5
130.0
236.5
161.5
217.0
220.0
148.0
227.5
229.0
230.5
235.0
133.0
215.5
224.5
250.0
179.5
211.0
214.0
161.5
187.0
154.0
250.0
227.5
196.0
200.5
220.0
244.0
152.5
127.0
181.0
196.0
212.5
218.5
185.5
226.0
227.5
185.5
218.5
155.5
226.0
220.0
200.5
218.5
161.5
178.0
215.5
185.5
202.0
161.5
163.0
208.0
223.0
226.0
209.5
188.5
220.0
223.0
215.5
215.5
197.5
235.0
203.5
224.5
202.0
194.5
229.0
233.5
220.0
233.5
209.5
211.0
197.5
226.0
230.5
227.5
116.5
218.5
164.5
217.0
241.0
203.5
97.0
95.5
232.0
167.5
221.5
220.0
167.5
202.0
178.0
227.5
200.5
184.0
169.0
193.0
208.0
157.0
221.5
221.5
191.5
208.0
214.0
215.5
229.0
212.5
185.5
229.0
212.5
211.0
200.5
212.5
142.0
214.0
218.5
209.5
233.5
233.5
215.5
239.5
227.5
97.0
232.0
211.0
205.0
226.0
221.5
160.0
223.0
187.0
202.0
205.0
215.5
214.0
179.5
190.0
194.5
200.5
236.5
119.5
209.5
178.0
203.5
172.0
214.0
166.0
224.5
232.0
232.0
197.5
197.5
223.0
214.0
215.5
206.5
226.0
193.0
218.5
188.5
155.5
238.0
122.5
208.0
169.0
196.0
193.0
209.5
194.5
236.5
238.0
197.5
152.5
196.0
209.5
217.0
229.0
227.5
203.5
233.5
202.0
151.0
199.0
206.5
223.0
233.5
212.5
235.0
164.5
202.0
214.0
170.5
241.0
157.0
217.0
203.5
175.0
166.0
215.5
188.5
208.0
217.0
173.5
197.5
191.5
218.5
239.5
106.0
194.5
208.0
230.5
199.0
155.5
209.5
212.5
202.0
211.0
224.5
220.0
37.0
115.0
217.0
167.5
202.0
91.0
178.0
224.5
196.0
199.0
208.0
218.5
214.0
64.0
205.0
190.0
205.0
194.5
218.5
218.5
151.0
221.5
182.5
139.0
223.0
218.5
232.0
70.0
226.0
196.0
238.0
182.5
197.5
172.0
172.0
232.0
217.0
235.0
206.5
241.0
229.0
241.0
212.5
215.5
193.0
227.5
208.0
212.5
167.5
215.5
211.0
161.5
220.0
211.0
218.5
115.0
223.0
206.5
173.5
233.5
205.0
173.5
184.0
179.5
242.5
212.5
233.5
221.5
214.0
64.0
106.0
223.0
218.5
218.5
218.5
187.0
214.0
197.5
229.0
236.5
133.0
220.0
185.5
233.5
199.0
217.0
178.0
194.5
199.0
92.5
193.0
185.5
146.5
149.5
226.0
244.0
220.0
110.5
197.5
205.0
167.5
229.0
167.5
224.5
203.5
229.0
104.5
206.5
217.0
223.0
191.5
233.5
157.0
176.5
196.0
236.5
209.5
239.5
184.0
194.5
239.5
209.5
217.0
221.5
193.0
226.0
41.5
221.5
212.5
218.5
226.0
229.0
218.5
226.0
125.5
215.5
212.5
196.0
226.0
133.0
202.0
178.0
217.0
226.0
236.5
154.0
170.5
166.0
214.0
190.0
142.0
236.5
160.0
239.5
218.5
212.5
223.0
227.5
163.0
236.5
124.0
161.5
229.0
236.5
218.5
205.0
232.0
208.0
212.5
196.0
199.0
226.0
197.5
197.5
194.5
215.5
200.5
205.0
220.0
131.5
208.0
172.0
218.5
214.0
215.5
209.5
209.5
233.5
229.0
221.5
229.0
206.5
62.5
236.5
241.0
220.0
217.0
154.0
124.0
215.5
203.5
224.5
223.0
226.0
223.0
238.0
224.5
214.0
220.0
233.5
221.5
211.0
199.0
223.0
191.5
175.0
194.5
217.0
191.5
205.0
205.0
221.5
188.5
166.0
203.5
206.5
227.5
151.0
199.0
217.0
245.5
241.0
233.5
232.0
212.5
185.5
172.0
80.5
200.5
188.5
200.5
220.0
202.0
179.5
217.0
227.5
200.5
169.0
226.0
208.0
133.0
215.5
232.0
230.5
224.5
103.0
224.5
209.5
202.0
217.0
218.5
241.0
214.0
101.5
215.5
203.5
205.0
188.5
224.5
221.5
230.5
226.0
185.5
205.0
203.5
212.5
223.0
221.5
223.0
238.0
215.5
226.0
176.5
218.5
208.0
245.5
218.5
224.5
227.5
203.5
181.0
224.5
209.5
182.5
209.5
143.5
208.0
194.5
220.0
224.5
238.0
206.5
203.5
217.0
218.5
200.5
215.5
193.0
197.5
157.0
196.0
214.0
200.5
203.5
206.5
151.0
182.5
215.5
221.5
172.0
215.5
44.5
182.5
236.5
154.0
224.5
220.0
130.0
230.5
74.5
233.5
77.5
178.0
206.5
187.0
215.5
217.0
229.0
178.0
230.5
214.0
223.0
230.5
224.5
95.5
161.5
47.5
220.0
215.5
212.5
244.0
209.5
152.5
190.0
161.5
202.0
206.5
121.0
199.0
218.5
193.0
217.0
56.5
217.0
194.5
149.5
172.0
221.5
214.0
200.5
194.5
187.0
190.0
176.5
175.0
154.0
170.5
223.0
169.0
58.0
53.5
161.5
194.5
139.0
202.0
211.0
187.0
239.5
199.0
190.0
154.0
238.0
227.5
221.5
206.5
202.0
203.5
221.5
227.5
185.5
71.5
191.5
136.0
202.0
229.0
223.0
220.0
233.5
188.5
205.0
212.5
221.5
208.0
217.0
236.5
209.5
151.0
220.0
61.0
164.5
211.0
236.5
227.5
209.5
229.0
187.0
232.0
194.5
214.0
191.5
211.0
226.0
35.5
175.0
214.0
88.0
235.0
223.0
188.5
221.5
224.5
232.0
241.0
236.5
92.5
238.0
226.0
223.0
203.5
197.5
212.5
223.0
215.5
208.0
184.0
181.0
218.5
212.5
236.5
223.0
133.0
215.5
215.5
178.0
226.0
236.5
224.5
205.0
185.5
221.5
223.0
193.0
229.0
218.5
235.0
203.5
220.0
215.5
230.5
209.5
217.0
212.5
221.5
226.0
233.5
200.5
230.5
215.5
212.5
233.5
199.0
181.0
224.5
184.0
184.0
196.0
244.0
232.0
157.0
217.0
188.5
226.0
161.5
206.5
157.0
214.0
230.5
184.0
233.5
208.0
215.5
206.5
203.5
223.0
235.0
139.0
203.5
212.5
215.5
229.0
205.0
215.5
181.0
193.0
223.0
221.5
146.5
232.0
232.0
215.5
127.0
218.5
220.0
208.0
229.0
221.5
223.0
181.0
136.0
163.0
199.0
193.0
142.0
223.0
236.5
196.0
127.0
235.0
218.5
172.0
220.0
215.5
191.5
229.0
95.5
202.0
224.5
106.0
233.5
212.5
170.5
218.5
221.5
214.0
214.0
76.0
73.0
194.5
191.5
233.5
212.5
203.5
196.0
185.5
181.0
158.5
221.5
193.0
208.0
181.0
223.0
214.0
235.0
221.5
232.0
202.0
200.5
208.0
194.5
178.0
89.5
208.0
224.5
224.5
196.0
179.5
227.5
230.5
239.5
226.0
175.0
200.5
217.0
226.0
220.0
206.5
209.5
238.0
172.0
194.5
217.0
167.5
202.0
218.5
188.5
212.5
181.0
230.5
214.0
196.0
205.0
212.5
122.5
232.0
230.5
245.5
44.5
220.0
232.0
211.0
218.5
197.5
185.5
208.0
221.5
196.0
166.0
209.5
214.0
121.0
194.5
124.0
217.0
196.0
199.0
224.5
221.5
209.5
214.0
238.0
247.0
190.0
202.0
221.5
131.5
211.0
163.0
229.0
215.5
76.0
187.0
196.0
230.5
175.0
206.5
128.5
230.5
202.0
215.5
211.0
203.5
203.5
224.5
172.0
202.0
184.0
221.5
221.5
208.0
227.5
229.0
236.5
211.0
158.5
197.5
175.0
181.0
218.5
206.5
227.5
170.5
214.0
205.0
214.0
229.0
160.0
215.5
184.0
227.5
214.0
221.5
178.0
166.0
176.5
208.0
208.0
175.0
137.5
239.5
220.0
214.0
236.5
197.5
218.5
223.0
215.5
196.0
199.0
245.5
200.5
227.5
136.0
229.0
203.5
221.5
227.5
230.5
226.0
232.0
227.5
194.5
143.5
175.0
214.0
71.5
226.0
232.0
221.5
209.5
191.5
217.0
202.0
215.5
130.0
203.5
233.5
158.5
220.0
140.5
214.0
212.5
227.5
205.0
217.0
218.5
160.0
214.0
185.5
224.5
215.5
221.5
215.5
214.0
217.0
221.5
196.0
151.0
208.0
206.5
212.5
77.5
211.0
224.5
223.0
226.0
166.0
202.0
148.0
163.0
209.5
238.0
182.5
232.0
172.0
202.0
149.5
200.5
197.5
223.0
196.0
199.0
172.0
229.0
194.5
209.5
194.5
211.0
206.5
203.5
208.0
212.5
154.0
208.0
238.0
169.0
212.5
205.0
199.0
241.0
187.0
226.0
196.0
173.5
176.5
239.5
172.0
209.5
214.0
197.5
199.0
140.5
188.5
115.0
202.0
236.5
214.0
232.0
227.5
101.5
218.5
224.5
208.0
152.5
185.5
133.0
224.5
145.0
235.0
232.0
205.0
236.5
137.5
215.5
221.5
209.5
215.5
215.5
163.0
83.5
230.5
227.5
211.0
151.0
196.0
178.0
235.0
214.0
166.0
227.5
230.5
218.5
199.0
178.0
160.0
164.5
205.0
149.5
185.5
169.0
182.5
206.5
215.5
208.0
184.0
184.0
196.0
205.0
179.5
220.0
187.0
209.5
181.0
154.0
202.0
182.5
194.5
212.5
193.0
178.0
239.5
209.5
212.5
206.5
152.5
178.0
215.5
202.0
217.0
193.0
205.0
224.5
221.5
209.5
140.5
205.0
227.5
107.5
134.5
161.5
209.5
206.5
149.5
163.0
229.0
97.0
212.5
145.0
214.0
218.5
190.0
212.5
236.5
200.5
209.5
227.5
230.5
215.5
221.5
223.0
203.5
233.5
211.0
128.5
209.5
211.0
230.5
194.5
226.0
161.5
199.0
194.5
208.0
218.5
211.0
226.0
239.5
229.0
218.5
232.0
190.0
193.0
199.0
227.5
182.5
215.5
214.0
215.5
220.0
182.5
161.5
227.5
202.0
181.0
235.0
223.0
115.0
179.5
185.5
233.5
191.5
167.5
175.0
218.5
217.0
203.5
244.0
230.5
218.5
194.5
223.0
217.0
203.5
218.5
220.0
211.0
161.5
188.5
202.0
188.5
200.5
185.5
226.0
202.0
176.5
208.0
188.5
209.5
211.0
185.5
218.5
113.5
221.5
232.0
227.5
202.0
148.0
187.0
191.5
209.5
211.0
238.0
221.5
215.5
229.0
227.5
206.5
199.0
203.5
217.0
218.5
218.5
217.0
193.0
223.0
232.0
197.5
218.5
229.0
214.0
194.5
214.0
154.0
206.5
194.5
226.0
164.5
229.0
185.5
179.5
223.0
173.5
226.0
161.5
170.5
224.5
232.0
199.0
244.0
205.0
221.5
200.5
215.5
209.5
218.5
205.0
215.5
230.5
218.5
178.0
226.0
179.5
140.5
175.0
203.5
218.5
220.0
232.0
136.0
224.5
212.5
223.0
217.0
191.5
215.5
221.5
205.0
196.0
194.5
235.0
137.5
230.5
217.0
187.0
230.5
223.0
227.5
221.5
241.0
178.0
169.0
146.5
119.5
232.0
203.5
221.5
191.5
160.0
199.0
224.5
59.5
232.0
176.5
224.5
220.0
50.5
238.0
178.0
232.0
227.5
227.5
191.5
164.5
113.5
200.5
208.0
179.5
235.0
208.0
98.5
211.0
239.5
221.5
196.0
233.5
166.0
229.0
233.5
220.0
202.0
200.5
245.5
146.5
206.5
230.5
211.0
212.5
220.0
208.0
199.0
211.0
190.0
190.0
218.5
191.5
238.0
223.0
23.5
220.0
170.5
224.5
211.0
209.5
209.5
160.0
230.5
212.5
188.5
88.0
230.5
235.0
218.5
131.5
200.5
202.0
211.0
218.5
215.5
205.0
229.0
187.0
197.5
199.0
223.0
158.5
209.5
188.5
196.0
218.5
154.0
179.5
190.0
199.0
179.5
217.0
221.5
239.5
223.0
209.5
239.5
187.0
205.0
227.5
173.5
218.5
157.0
197.5
223.0
194.5
232.0
233.5
227.5
233.5
226.0
203.5
181.0
236.5
233.5
182.5
220.0
182.5
139.0
182.5
226.0
229.0
232.0
187.0
206.5
196.0
193.0
148.0
133.0
230.5
230.5
179.5
203.5
235.0
202.0
178.0
203.5
226.0
221.5
229.0
155.5
176.5
221.5
214.0
233.5
215.5
214.0
217.0
227.5
197.5
191.5
214.0
217.0
220.0
217.0
172.0
217.0
209.5
215.5
229.0
202.0
209.5
214.0
170.5
199.0
211.0
221.5
184.0
187.0
215.5
190.0
199.0
236.5
203.5
212.5
223.0
226.0
197.5
206.5
206.5
179.5
221.5
227.5
127.0
200.5
205.0
239.5
224.5
179.5
160.0
169.0
55.0
176.5
202.0
224.5
232.0
217.0
233.5
74.5
154.0
197.5
199.0
139.0
208.0
203.5
232.0
235.0
197.5
214.0
224.5
226.0
124.0
227.5
104.5
220.0
185.5
208.0
190.0
211.0
236.5
193.0
215.5
208.0
209.5
200.5
211.0
56.5
215.5
224.5
128.5
52.0
235.0
208.0
217.0
191.5
232.0
169.0
218.5
221.5
209.5
217.0
203.5
79.0
175.0
212.5
229.0
214.0
166.0
232.0
196.0
158.5
187.0
190.0
182.5
188.5
236.5
179.5
206.5
199.0
235.0
215.5
172.0
169.0
101.5
199.0
223.0
220.0
206.5
215.5
224.5
199.0
233.5
175.0
185.5
232.0
203.5
182.5
221.5
179.5
205.0
172.0
205.0
208.0
155.5
173.5
223.0
200.5
206.5
203.5
196.0
190.0
200.5
188.5
172.0
229.0
205.0
142.0
187.0
128.5
236.5
235.0
194.5
208.0
218.5
142.0
206.5
206.5
205.0
134.5
145.0
220.0
133.0
176.5
190.0
215.5
170.5
218.5
227.5
224.5
169.0
223.0
37.0
218.5
241.0
122.5
187.0
124.0
229.0
154.0
182.5
224.5
175.0
217.0
215.5
214.0
187.0
142.0
98.5
229.0
206.5
196.0
175.0
148.0
182.5
241.0
209.5
229.0
208.0
203.5
179.5
173.5
217.0
194.5
229.0
238.0
182.5
227.5
199.0
158.5
191.5
199.0
214.0
233.5
205.0
208.0
128.5
215.5
115.0
200.5
218.5
224.5
163.0
208.0
182.5
229.0
221.5
214.0
218.5
227.5
236.5
175.0
221.5
227.5
212.5
176.5
209.5
223.0
169.0
209.5
224.5
232.0
226.0
220.0
209.5
217.0
170.5
166.0
124.0
217.0
203.5
226.0
232.0
133.0
218.5
173.5
161.5
221.5
155.5
197.5
160.0
161.5
205.0
230.5
202.0
232.0
152.5
190.0
220.0
224.5
167.5
208.0
200.5
196.0
232.0
206.5
239.5
227.5
179.5
233.5
209.5
226.0
227.5
230.5
199.0
241.0
181.0
233.5
235.0
230.5
221.5
203.5
176.5
224.5
236.5
211.0
161.5
112.0
209.5
244.0
233.5
178.0
202.0
208.0
218.5
184.0
232.0
218.5
239.5
221.5
206.5
205.0
206.5
227.5
199.0
232.0
211.0
226.0
152.5
223.0
227.5
193.0
199.0
235.0
208.0
223.0
181.0
179.5
188.5
64.0
230.5
221.5
215.5
235.0
209.5
200.5
218.5
241.0
224.5
229.0
205.0
218.5
193.0
232.0
241.0
217.0
155.5
208.0
235.0
212.5
212.5
230.5
226.0
209.5
202.0
152.5
56.5
94.0
187.0
193.0
229.0
223.0
232.0
218.5
236.5
178.0
190.0
202.0
64.0
166.0
161.5
184.0
194.5
206.5
223.0
208.0
214.0
203.5
53.5
143.5
199.0
209.5
223.0
184.0
215.5
176.5
200.5
215.5
218.5
223.0
160.0
122.5
230.5
236.5
227.5
166.0
187.0
50.5
227.5
220.0
203.5
208.0
233.5
193.0
224.5
209.5
232.0
209.5
220.0
235.0
184.0
220.0
190.0
160.0
221.5
190.0
212.5
224.5
196.0
220.0
226.0
188.5
214.0
152.5
157.0
191.5
181.0
218.5
158.5
185.5
211.0
229.0
215.5
217.0
205.0
200.5
173.5
215.5
205.0
188.5
202.0
214.0
214.0
200.5
226.0
241.0
212.5
211.0
151.0
224.5
242.5
229.0
182.5
218.5
226.0
227.5
185.5
223.0
209.5
203.5
229.0
230.5
214.0
224.5
220.0
206.5
