200.5
232.0
227.5
232.0
64.0
212.5
101.5
136.0
187.0
199.0
217.0
230.5
214.0
229.0
223.0
187.0
110.5
209.5
238.0
203.5
211.0
128.5
200.5
163.0
169.0
212.5
214.0
230.5
206.5
149.5
194.5
97.0
218.5
122.5
152.5
239.5
176.5
197.5
226.0
205.0
220.0
181.0
223.0
199.0
145.0
224.5
103.0
223.0
193.0
232.0
238.0
238.0
221.5
221.5
167.5
197.5
220.0
215.5
241.0
220.0
229.0
214.0
208.0
217.0
157.0
73.0
220.0
227.5
166.0
190.0
224.5
203.5
220.0
223.0
227.5
233.5
199.0
239.5
200.5
199.0
199.0
209.5
196.0
94.0
100.0
215.5
110.5
187.0
208.0
83.5
164.5
242.5
229.0
224.5
92.5
202.0
191.5
92.5
200.5
206.5
203.5
113.5
169.0
212.5
169.0
230.5
182.5
215.5
214.0
194.5
187.0
229.0
179.5
226.0
53.5
182.5
229.0
190.0
199.0
128.5
167.5
61.0
221.5
200.5
206.5
187.0
199.0
193.0
217.0
224.5
170.5
152.5
223.0
34.0
209.5
193.0
217.0
206.5
217.0
199.0
208.0
163.0
221.5
173.5
223.0
227.5
212.5
218.5
229.0
103.0
217.0
230.5
176.5
199.0
218.5
208.0
193.0
196.0
211.0
146.5
35.5
230.5
169.0
238.0
214.0
226.0
187.0
223.0
200.5
203.5
182.5
211.0
127.0
232.0
155.5
175.0
212.5
229.0
155.5
229.0
223.0
203.5
217.0
190.0
224.5
181.0
173.5
58.0
149.5
206.5
212.5
215.5
202.0
197.5
140.5
217.0
176.5
215.5
140.5
181.0
146.5
212.5
151.0
214.0
124.0
208.0
224.5
163.0
185.5
188.5
221.5
202.0
197.5
155.5
242.5
205.0
217.0
223.0
88.0
220.0
242.5
214.0
218.5
208.0
209.5
218.5
191.5
170.5
166.0
229.0
154.0
40.0
229.0
211.0
224.5
221.5
124.0
217.0
197.5
176.5
217.0
188.5
236.5
202.0
206.5
125.5
221.5
169.0
209.5
230.5
211.0
178.0
202.0
184.0
172.0
188.5
112.0
149.5
179.5
236.5
73.0
212.5
188.5
239.5
232.0
200.5
188.5
208.0
106.0
52.0
217.0
232.0
202.0
217.0
173.5
83.5
194.5
226.0
200.5
206.5
178.0
229.0
241.0
221.5
214.0
179.5
184.0
229.0
227.5
191.5
209.5
224.5
223.0
211.0
227.5
191.5
224.5
209.5
76.0
214.0
146.5
232.0
26.5
152.5
181.0
103.0
163.0
170.5
205.0
130.0
218.5
212.5
190.0
190.0
211.0
229.0
167.5
185.5
169.0
202.0
196.0
179.5
173.5
212.5
185.5
236.5
217.0
170.5
209.5
173.5
206.5
227.5
160.0
194.5
211.0
193.0
181.0
190.0
199.0
202.0
226.0
197.5
226.0
38.5
200.5
206.5
223.0
236.5
166.0
215.5
203.5
179.5
214.0
223.0
230.5
229.0
167.5
193.0
215.5
217.0
104.5
218.5
200.5
149.5
220.0
175.0
229.0
139.0
172.0
169.0
152.5
151.0
221.5
199.0
152.5
226.0
221.5
188.5
218.5
230.5
218.5
226.0
203.5
145.0
193.0
197.5
182.5
172.0
191.5
191.5
146.5
227.5
241.0
196.0
215.5
155.5
211.0
217.0
224.5
188.5
208.0
202.0
220.0
194.5
83.5
53.5
188.5
205.0
217.0
211.0
239.5
221.5
182.5
244.0
194.5
185.5
127.0
212.5
205.0
232.0
173.5
229.0
127.0
227.5
212.5
197.5
214.0
221.5
230.5
223.0
163.0
227.5
163.0
217.0
88.0
191.5
221.5
200.5
202.0
217.0
223.0
73.0
220.0
217.0
197.5
194.5
170.5
217.0
203.5
185.5
212.5
128.5
217.0
220.0
197.5
191.5
203.5
230.5
232.0
236.5
197.5
40.0
238.0
161.5
97.0
218.5
212.5
220.0
184.0
125.5
223.0
205.0
229.0
139.0
169.0
202.0
212.5
229.0
221.5
184.0
209.5
155.5
182.5
233.5
208.0
190.0
152.5
187.0
122.5
203.5
202.0
202.0
166.0
158.5
184.0
197.5
226.0
209.5
146.5
218.5
146.5
232.0
235.0
145.0
179.5
167.5
191.5
190.0
85.0
236.5
211.0
185.5
185.5
170.5
214.0
115.0
217.0
170.5
193.0
215.5
193.0
214.0
209.5
229.0
212.5
229.0
166.0
214.0
209.5
235.0
227.5
220.0
178.0
148.0
221.5
200.5
85.0
187.0
224.5
59.5
197.5
212.5
233.5
212.5
148.0
211.0
206.5
194.5
154.0
203.5
161.5
230.5
185.5
223.0
187.0
190.0
157.0
82.0
163.0
227.5
199.0
190.0
67.0
140.5
175.0
215.5
221.5
226.0
230.5
167.5
218.5
215.5
227.5
239.5
203.5
239.5
196.0
205.0
175.0
218.5
143.5
223.0
218.5
206.5
176.5
200.5
236.5
233.5
187.0
224.5
235.0
181.0
202.0
205.0
217.0
193.0
232.0
214.0
158.5
194.5
220.0
223.0
188.5
203.5
143.5
224.5
212.5
167.5
154.0
205.0
211.0
245.5
199.0
211.0
220.0
143.5
206.5
233.5
214.0
197.5
73.0
214.0
241.0
197.5
208.0
205.0
203.5
188.5
209.5
173.5
71.5
217.0
220.0
208.0
175.0
161.5
217.0
203.5
194.5
208.0
224.5
217.0
211.0
211.0
103.0
142.0
197.5
170.5
233.5
197.5
214.0
215.5
230.5
176.5
217.0
181.0
211.0
212.5
194.5
88.0
166.0
211.0
85.0
238.0
211.0
98.5
223.0
194.5
32.5
217.0
232.0
218.5
223.0
134.5
230.5
32.5
143.5
217.0
197.5
220.0
212.5
178.0
215.5
214.0
170.5
226.0
238.0
160.0
217.0
226.0
172.0
229.0
223.0
184.0
178.0
115.0
166.0
221.5
200.5
197.5
221.5
220.0
163.0
49.0
106.0
157.0
214.0
130.0
212.5
202.0
209.5
188.5
235.0
206.5
236.5
145.0
233.5
205.0
205.0
238.0
182.5
206.5
8.5
233.5
151.0
229.0
235.0
185.5
206.5
235.0
212.5
94.0
205.0
199.0
211.0
208.0
229.0
170.5
221.5
193.0
38.5
239.5
200.5
221.5
224.5
190.0
50.5
218.5
148.0
218.5
104.5
200.5
161.5
220.0
235.0
193.0
149.5
202.0
230.5
145.0
227.5
214.0
215.5
221.5
206.5
125.5
125.5
226.0
239.5
179.5
214.0
215.5
206.5
230.5
188.5
154.0
4.0
178.0
227.5
209.5
184.0
181.0
229.0
190.0
178.0
214.0
44.5
221.5
218.5
202.0
223.0
218.5
244.0
205.0
229.0
214.0
221.5
208.0
160.0
221.5
215.5
238.0
238.0
206.5
223.0
181.0
202.0
182.5
211.0
167.5
229.0
236.5
211.0
212.5
230.5
223.0
154.0
202.0
211.0
196.0
145.0
145.0
187.0
224.5
227.5
229.0
215.5
149.5
224.5
203.5
214.0
209.5
217.0
115.0
208.0
224.5
223.0
203.5
215.5
167.5
221.5
221.5
187.0
194.5
205.0
190.0
206.5
215.5
218.5
202.0
161.5
197.5
200.5
131.5
212.5
235.0
151.0
185.5
200.5
223.0
214.0
227.5
182.5
139.0
203.5
182.5
223.0
151.0
200.5
214.0
215.5
227.5
127.0
125.5
154.0
230.5
241.0
100.0
215.5
230.5
173.5
206.5
209.5
161.5
194.5
229.0
226.0
212.5
230.5
178.0
211.0
220.0
191.5
67.0
113.5
35.5
193.0
218.5
95.5
205.0
79.0
214.0
97.0
182.5
202.0
223.0
127.0
206.5
236.5
212.5
196.0
188.5
226.0
226.0
247.0
221.5
202.0
202.0
206.5
200.5
184.0
172.0
173.5
175.0
236.5
194.5
211.0
133.0
223.0
203.5
212.5
223.0
223.0
226.0
197.5
70.0
199.0
214.0
176.5
211.0
226.0
221.5
187.0
205.0
226.0
203.5
188.5
148.0
206.5
238.0
211.0
178.0
194.5
227.5
205.0
170.5
227.5
178.0
127.0
211.0
233.5
173.5
185.5
179.5
98.5
208.0
224.5
223.0
203.5
164.5
188.5
172.0
188.5
52.0
227.5
226.0
215.5
208.0
193.0
229.0
202.0
175.0
185.5
88.0
227.5
112.0
224.5
230.5
185.5
196.0
205.0
170.5
172.0
194.5
214.0
232.0
164.5
205.0
229.0
218.5
236.5
146.5
107.5
211.0
226.0
217.0
191.5
217.0
166.0
173.5
208.0
140.5
143.5
157.0
199.0
205.0
221.5
217.0
209.5
176.5
226.0
205.0
212.5
173.5
145.0
166.0
206.5
229.0
125.5
193.0
203.5
203.5
217.0
220.0
241.0
46.0
220.0
221.5
229.0
214.0
206.5
187.0
191.5
238.0
217.0
182.5
67.0
233.5
190.0
194.5
101.5
233.5
224.5
209.5
224.5
101.5
227.5
188.5
167.5
190.0
212.5
209.5
215.5
203.5
178.0
239.5
190.0
226.0
215.5
217.0
182.5
196.0
193.0
197.5
221.5
23.5
211.0
227.5
202.0
208.0
160.0
209.5
188.5
241.0
188.5
211.0
193.0
199.0
175.0
218.5
161.5
205.0
236.5
188.5
164.5
215.5
230.5
176.5
199.0
209.5
173.5
227.5
202.0
176.5
214.0
232.0
76.0
40.0
143.5
172.0
221.5
230.5
212.5
196.0
205.0
235.0
206.5
221.5
205.0
205.0
178.0
209.5
229.0
184.0
229.0
128.5
212.5
206.5
232.0
152.5
118.0
182.5
230.5
229.0
220.0
229.0
175.0
220.0
241.0
224.5
223.0
221.5
221.5
164.5
205.0
176.5
224.5
118.0
182.5
223.0
250.0
184.0
239.5
197.5
206.5
215.5
191.5
155.5
143.5
218.5
208.0
208.0
62.5
202.0
220.0
233.5
215.5
220.0
224.5
218.5
211.0
193.0
193.0
220.0
179.5
194.5
217.0
212.5
209.5
137.5
244.0
226.0
187.0
208.0
248.5
169.0
223.0
151.0
191.5
194.5
184.0
184.0
209.5
214.0
164.5
164.5
238.0
221.5
217.0
220.0
37.0
211.0
224.5
176.5
161.5
209.5
226.0
91.0
178.0
187.0
185.5
191.5
205.0
223.0
71.5
194.5
230.5
230.5
224.5
221.5
203.5
212.5
101.5
44.5
158.5
226.0
203.5
184.0
196.0
212.5
212.5
149.5
173.5
209.5
218.5
209.5
229.0
196.0
160.0
200.5
209.5
220.0
206.5
103.0
55.0
217.0
218.5
235.0
172.0
208.0
220.0
208.0
229.0
227.5
173.5
190.0
205.0
238.0
224.5
179.5
148.0
220.0
221.5
142.0
209.5
179.5
217.0
229.0
226.0
187.0
208.0
217.0
229.0
137.5
212.5
97.0
206.5
202.0
220.0
178.0
43.0
104.5
208.0
178.0
230.5
113.5
166.0
200.5
214.0
173.5
184.0
169.0
226.0
110.5
221.5
218.5
220.0
217.0
212.5
233.5
214.0
224.5
62.5
235.0
184.0
238.0
211.0
64.0
223.0
214.0
217.0
206.5
232.0
169.0
206.5
193.0
227.5
218.5
233.5
229.0
152.5
152.5
215.5
205.0
220.0
185.5
194.5
220.0
179.5
230.5
196.0
206.5
196.0
158.5
226.0
229.0
170.5
214.0
208.0
215.5
74.5
209.5
83.5
215.5
211.0
226.0
194.5
215.5
206.5
121.0
227.5
229.0
230.5
224.5
239.5
214.0
191.5
215.5
215.5
220.0
100.0
206.5
209.5
197.5
215.5
233.5
212.5
40.0
185.5
220.0
220.0
208.0
158.5
190.0
212.5
233.5
193.0
176.5
176.5
227.5
218.5
217.0
142.0
224.5
238.0
221.5
143.5
175.0
203.5
212.5
238.0
217.0
223.0
130.0
218.5
221.5
208.0
211.0
175.0
100.0
229.0
209.5
196.0
190.0
125.5
235.0
188.5
172.0
29.5
205.0
232.0
230.5
158.5
221.5
200.5
230.5
191.5
202.0
175.0
179.5
175.0
154.0
209.5
208.0
215.5
227.5
224.5
217.0
229.0
227.5
217.0
217.0
151.0
226.0
190.0
145.0
220.0
188.5
176.5
203.5
140.5
224.5
191.5
131.5
229.0
161.5
196.0
217.0
217.0
205.0
230.5
214.0
161.5
206.5
154.0
217.0
176.5
233.5
218.5
191.5
223.0
134.5
208.0
235.0
215.5
235.0
176.5
205.0
208.0
200.5
208.0
205.0
173.5
209.5
215.5
208.0
196.0
172.0
215.5
184.0
218.5
236.5
197.5
223.0
221.5
193.0
238.0
230.5
188.5
193.0
215.5
208.0
128.5
200.5
149.5
188.5
26.5
149.5
212.5
218.5
226.0
80.5
202.0
161.5
67.0
203.5
205.0
221.5
119.5
229.0
212.5
179.5
220.0
215.5
97.0
140.5
173.5
172.0
233.5
184.0
218.5
85.0
100.0
226.0
230.5
233.5
170.5
236.5
206.5
170.5
199.0
217.0
206.5
215.5
128.5
208.0
214.0
119.5
181.0
226.0
206.5
193.0
230.5
182.5
200.5
121.0
199.0
202.0
218.5
194.5
193.0
164.5
160.0
173.5
182.5
187.0
224.5
200.5
62.5
143.5
113.5
197.5
214.0
172.0
197.5
227.5
217.0
167.5
212.5
212.5
80.5
115.0
205.0
236.5
236.5
221.5
200.5
203.5
205.0
200.5
226.0
187.0
229.0
224.5
208.0
190.0
221.5
226.0
205.0
200.5
227.5
221.5
151.0
233.5
224.5
224.5
133.0
209.5
157.0
217.0
175.0
206.5
205.0
221.5
64.0
224.5
229.0
142.0
211.0
164.5
218.5
190.0
229.0
220.0
211.0
205.0
236.5
29.5
215.5
139.0
220.0
145.0
211.0
220.0
194.5
211.0
229.0
194.5
185.5
118.0
191.5
199.0
199.0
218.5
217.0
128.5
152.5
215.5
208.0
26.5
239.5
226.0
155.5
200.5
125.5
196.0
217.0
233.5
202.0
208.0
215.5
230.5
239.5
194.5
208.0
230.5
214.0
223.0
220.0
175.0
205.0
190.0
220.0
223.0
206.5
217.0
229.0
215.5
224.5
173.5
194.5
203.5
173.5
169.0
164.5
167.5
67.0
244.0
232.0
77.5
188.5
172.0
218.5
232.0
172.0
163.0
233.5
211.0
218.5
203.5
199.0
199.0
232.0
209.5
199.0
55.0
79.0
224.5
200.5
172.0
157.0
191.5
221.5
178.0
197.5
115.0
188.5
248.5
104.5
68.5
134.5
187.0
197.5
170.5
232.0
98.5
191.5
152.5
214.0
220.0
160.0
172.0
142.0
218.5
157.0
181.0
238.0
203.5
218.5
238.0
236.5
167.5
193.0
203.5
220.0
91.0
152.5
203.5
203.5
224.5
209.5
218.5
212.5
203.5
184.0
193.0
55.0
169.0
158.5
239.5
226.0
149.5
223.0
226.0
223.0
217.0
188.5
118.0
191.5
170.5
205.0
211.0
212.5
226.0
202.0
212.5
233.5
179.5
110.5
131.5
215.5
214.0
217.0
122.5
193.0
170.5
193.0
218.5
196.0
191.5
53.5
230.5
220.0
151.0
185.5
233.5
203.5
212.5
223.0
140.5
209.5
233.5
158.5
196.0
163.0
173.5
206.5
218.5
215.5
236.5
158.5
233.5
230.5
226.0
232.0
226.0
151.0
152.5
223.0
217.0
194.5
236.5
224.5
244.0
191.5
182.5
188.5
133.0
194.5
205.0
232.0
236.5
233.5
239.5
37.0
214.0
167.5
202.0
224.5
190.0
190.0
203.5
211.0
89.5
205.0
226.0
95.5
227.5
214.0
149.5
215.5
218.5
218.5
221.5
200.5
221.5
241.0
140.5
193.0
227.5
220.0
143.5
202.0
188.5
211.0
107.5
182.5
221.5
202.0
133.0
188.5
154.0
148.0
191.5
235.0
226.0
220.0
235.0
236.5
218.5
220.0
185.5
205.0
199.0
128.5
185.5
74.5
164.5
236.5
205.0
233.5
238.0
137.5
232.0
239.5
196.0
226.0
167.5
170.5
176.5
215.5
209.5
215.5
193.0
179.5
227.5
187.0
209.5
211.0
217.0
239.5
223.0
227.5
227.5
224.5
173.5
145.0
200.5
212.5
212.5
166.0
202.0
226.0
221.5
128.5
164.5
223.0
167.5
217.0
208.0
184.0
170.5
226.0
112.0
187.0
200.5
208.0
230.5
139.0
184.0
167.5
190.0
190.0
212.5
173.5
229.0
202.0
214.0
107.5
232.0
221.5
121.0
160.0
218.5
227.5
221.5
10.0
230.5
208.0
226.0
182.5
218.5
212.5
226.0
209.5
188.5
187.0
199.0
212.5
226.0
214.0
218.5
232.0
230.5
227.5
169.0
190.0
41.5
208.0
109.0
220.0
206.5
191.5
233.5
190.0
214.0
224.5
209.5
227.5
221.5
118.0
217.0
203.5
197.5
215.5
218.5
220.0
220.0
154.0
178.0
196.0
223.0
211.0
157.0
161.5
196.0
134.5
206.5
95.5
224.5
188.5
238.0
215.5
212.5
170.5
200.5
226.0
220.0
19.0
125.5
196.0
182.5
203.5
209.5
155.5
223.0
58.0
220.0
211.0
170.5
203.5
227.5
166.0
205.0
221.5
214.0
211.0
215.5
178.0
208.0
203.5
208.0
203.5
208.0
220.0
224.5
103.0
154.0
199.0
139.0
167.5
184.0
134.5
212.5
187.0
212.5
185.5
232.0
203.5
166.0
67.0
214.0
190.0
188.5
118.0
199.0
163.0
187.0
146.5
229.0
203.5
226.0
224.5
176.5
214.0
188.5
206.5
217.0
220.0
209.5
182.5
172.0
133.0
97.0
118.0
185.5
211.0
227.5
205.0
212.5
191.5
229.0
211.0
233.5
212.5
226.0
89.5
233.5
224.5
179.5
230.5
199.0
118.0
235.0
230.5
161.5
205.0
230.5
227.5
208.0
212.5
140.5
211.0
235.0
191.5
172.0
215.5
116.5
238.0
160.0
205.0
148.0
196.0
206.5
233.5
175.0
188.5
217.0
169.0
208.0
181.0
188.5
205.0
196.0
230.5
208.0
208.0
179.5
44.5
227.5
223.0
218.5
221.5
214.0
229.0
217.0
211.0
205.0
208.0
223.0
157.0
190.0
230.5
200.5
173.5
209.5
217.0
188.5
173.5
215.5
217.0
214.0
224.5
178.0
139.0
188.5
238.0
208.0
236.5
167.5
205.0
215.5
214.0
221.5
238.0
233.5
86.5
211.0
112.0
182.5
203.5
190.0
223.0
178.0
230.5
229.0
212.5
148.0
215.5
194.5
142.0
229.0
230.5
205.0
188.5
226.0
205.0
151.0
200.5
220.0
193.0
176.5
193.0
167.5
170.5
182.5
146.5
211.0
202.0
205.0
212.5
182.5
229.0
215.5
232.0
190.0
224.5
227.5
197.5
194.5
226.0
229.0
217.0
224.5
185.5
232.0
175.0
140.5
145.0
196.0
163.0
230.5
227.5
199.0
220.0
226.0
235.0
203.5
223.0
223.0
125.5
217.0
166.0
142.0
215.5
205.0
206.5
208.0
209.5
86.5
169.0
164.5
194.5
215.5
218.5
185.5
227.5
224.5
160.0
206.5
215.5
140.5
209.5
137.5
215.5
220.0
211.0
221.5
215.5
206.5
190.0
166.0
236.5
85.0
94.0
230.5
229.0
155.5
208.0
220.0
227.5
232.0
190.0
227.5
158.5
169.0
200.5
214.0
206.5
128.5
194.5
187.0
209.5
244.0
196.0
220.0
217.0
85.0
217.0
220.0
220.0
217.0
178.0
226.0
223.0
140.5
209.5
196.0
163.0
232.0
202.0
58.0
197.5
217.0
221.5
241.0
224.5
221.5
227.5
125.5
232.0
125.5
157.0
170.5
194.5
217.0
166.0
190.0
158.5
214.0
209.5
193.0
142.0
214.0
151.0
217.0
157.0
199.0
232.0
199.0
205.0
235.0
223.0
227.5
214.0
181.0
146.5
145.0
194.5
199.0
211.0
224.5
170.5
221.5
236.5
199.0
157.0
215.5
91.0
203.5
230.5
226.0
173.5
221.5
184.0
211.0
73.0
232.0
215.5
212.5
163.0
152.5
229.0
182.5
115.0
209.5
226.0
115.0
214.0
190.0
221.5
206.5
224.5
209.5
214.0
223.0
194.5
176.5
103.0
188.5
200.5
203.5
233.5
200.5
164.5
217.0
217.0
215.5
229.0
194.5
140.5
206.5
172.0
211.0
217.0
124.0
211.0
179.5
166.0
233.5
220.0
229.0
223.0
211.0
172.0
212.5
163.0
91.0
232.0
142.0
232.0
106.0
202.0
238.0
226.0
157.0
227.5
175.0
181.0
197.5
212.5
230.5
235.0
34.0
197.5
217.0
224.5
232.0
221.5
211.0
211.0
232.0
185.5
212.5
199.0
217.0
236.5
176.5
224.5
202.0
215.5
221.5
170.5
232.0
215.5
215.5
206.5
223.0
148.0
197.5
215.5
220.0
227.5
211.0
221.5
227.5
232.0
127.0
197.5
233.5
224.5
122.5
164.5
206.5
232.0
215.5
205.0
178.0
211.0
241.0
50.5
221.5
208.0
235.0
19.0
167.5
218.5
155.5
152.5
193.0
200.5
232.0
206.5
118.0
164.5
137.5
226.0
223.0
220.0
43.0
199.0
211.0
191.5
184.0
215.5
133.0
211.0
238.0
223.0
41.5
205.0
223.0
158.5
182.5
203.5
169.0
199.0
221.5
124.0
232.0
202.0
208.0
116.5
236.5
224.5
205.0
202.0
179.5
170.5
227.5
238.0
191.5
212.5
176.5
52.0
221.5
179.5
194.5
191.5
232.0
178.0
224.5
133.0
202.0
226.0
155.5
197.5
103.0
74.5
166.0
224.5
196.0
196.0
137.5
184.0
218.5
224.5
230.5
227.5
202.0
206.5
226.0
218.5
239.5
221.5
217.0
230.5
226.0
158.5
89.5
203.5
173.5
212.5
215.5
199.0
41.5
223.0
125.5
182.5
205.0
170.5
211.0
227.5
218.5
179.5
200.5
152.5
178.0
187.0
241.0
151.0
206.5
214.0
172.0
236.5
196.0
223.0
229.0
191.5
178.0
202.0
212.5
214.0
23.5
182.5
224.5
193.0
214.0
196.0
202.0
170.5
59.5
214.0
224.5
232.0
188.5
226.0
179.5
191.5
197.5
206.5
218.5
218.5
211.0
118.0
188.5
34.0
200.5
227.5
182.5
218.5
136.0
142.0
218.5
205.0
200.5
217.0
221.5
241.0
235.0
190.0
226.0
221.5
224.5
167.5
203.5
163.0
152.5
203.5
139.0
179.5
214.0
173.5
104.5
223.0
134.5
197.5
215.5
199.0
229.0
212.5
194.5
206.5
185.5
152.5
124.0
130.0
229.0
68.5
206.5
206.5
166.0
223.0
212.5
230.5
214.0
122.5
200.5
233.5
232.0
145.0
212.5
217.0
199.0
136.0
44.5
176.5
241.0
205.0
203.5
163.0
130.0
230.5
220.0
200.5
229.0
202.0
149.5
217.0
134.5
187.0
202.0
74.5
187.0
146.5
229.0
182.5
223.0
28.0
211.0
202.0
221.5
92.5
209.5
184.0
151.0
212.5
179.5
134.5
211.0
226.0
229.0
179.5
214.0
221.5
199.0
209.5
206.5
226.0
184.0
220.0
169.0
145.0
158.5
211.0
194.5
190.0
143.5
238.0
206.5
226.0
209.5
172.0
73.0
175.0
223.0
226.0
146.5
221.5
230.5
200.5
214.0
202.0
205.0
181.0
226.0
238.0
191.5
197.5
139.0
200.5
229.0
59.5
229.0
199.0
223.0
217.0
128.5
190.0
229.0
199.0
238.0
52.0
182.5
185.5
191.5
208.0
191.5
160.0
242.5
238.0
142.0
190.0
229.0
223.0
229.0
232.0
236.5
155.5
223.0
175.0
233.5
139.0
202.0
188.5
212.5
229.0
217.0
221.5
191.5
188.5
185.5
202.0
232.0
233.5
214.0
233.5
202.0
220.0
230.5
215.5
230.5
214.0
203.5
229.0
206.5
163.0
203.5
215.5
197.5
229.0
235.0
233.5
200.5
226.0
97.0
148.0
227.5
205.0
224.5
187.0
202.0
179.5
170.5
196.0
214.0
167.5
188.5
208.0
131.5
110.5
215.5
223.0
188.5
209.5
214.0
221.5
182.5
212.5
193.0
212.5
107.5
229.0
218.5
194.5
205.0
188.5
215.5
196.0
190.0
233.5
211.0
91.0
218.5
215.5
215.5
194.5
227.5
211.0
182.5
77.5
196.0
220.0
184.0
223.0
215.5
211.0
134.5
230.5
214.0
239.5
184.0
172.0
146.5
181.0
209.5
221.5
209.5
173.5
109.0
208.0
214.0
154.0
223.0
218.5
223.0
196.0
223.0
215.5
130.0
223.0
196.0
172.0
190.0
176.5
215.5
199.0
190.0
104.5
212.5
175.0
224.5
227.5
235.0
155.5
158.5
220.0
218.5
185.5
209.5
211.0
230.5
227.5
44.5
184.0
233.5
215.5
157.0
205.0
202.0
220.0
203.5
118.0
244.0
206.5
193.0
187.0
218.5
214.0
211.0
235.0
181.0
214.0
143.5
199.0
229.0
194.5
212.5
167.5
155.5
220.0
166.0
151.0
193.0
233.5
199.0
200.5
208.0
202.0
185.5
232.0
217.0
205.0
115.0
208.0
230.5
233.5
130.0
230.5
229.0
88.0
167.5
229.0
218.5
205.0
232.0
229.0
218.5
187.0
116.5
175.0
229.0
232.0
230.5
173.5
182.5
185.5
223.0
226.0
235.0
215.5
191.5
224.5
185.5
209.5
199.0
214.0
220.0
175.0
218.5
196.0
211.0
185.5
233.5
169.0
226.0
191.5
223.0
89.5
187.0
215.5
217.0
221.5
154.0
134.5
79.0
227.5
214.0
223.0
223.0
133.0
217.0
143.5
86.5
193.0
206.5
194.5
200.5
206.5
178.0
217.0
169.0
202.0
17.5
236.5
203.5
223.0
197.5
196.0
220.0
179.5
217.0
209.5
238.0
218.5
193.0
43.0
124.0
217.0
185.5
80.5
125.5
224.5
215.5
202.0
221.5
202.0
223.0
188.5
205.0
241.0
202.0
200.5
71.5
218.5
193.0
175.0
208.0
199.0
89.5
95.5
224.5
136.0
182.5
236.5
212.5
229.0
221.5
242.5
208.0
236.5
238.0
158.5
242.5
179.5
196.0
181.0
194.5
233.5
190.0
160.0
223.0
209.5
175.0
226.0
235.0
101.5
220.0
175.0
184.0
173.5
223.0
226.0
181.0
193.0
214.0
220.0
224.5
209.5
202.0
179.5
226.0
190.0
223.0
227.5
175.0
224.5
212.5
172.0
221.5
178.0
227.5
184.0
224.5
223.0
170.5
173.5
205.0
23.5
191.5
196.0
208.0
229.0
215.5
121.0
227.5
221.5
230.5
199.0
242.5
245.5
197.5
205.0
187.0
188.5
215.5
182.5
224.5
209.5
223.0
244.0
116.5
190.0
181.0
229.0
167.5
215.5
241.0
218.5
185.5
187.0
161.5
220.0
115.0
200.5
187.0
229.0
227.5
185.5
217.0
164.5
193.0
230.5
221.5
217.0
203.5
212.5
209.5
167.5
206.5
238.0
217.0
146.5
224.5
230.5
194.5
119.5
221.5
215.5
215.5
226.0
230.5
212.5
215.5
223.0
209.5
223.0
214.0
184.0
221.5
206.5
227.5
199.0
80.5
242.5
208.0
154.0
209.5
230.5
200.5
164.5
14.5
208.0
218.5
214.0
215.5
178.0
190.0
247.0
167.5
206.5
217.0
70.0
217.0
193.0
202.0
239.5
194.5
230.5
205.0
214.0
218.5
227.5
149.5
169.0
142.0
235.0
223.0
206.5
158.5
109.0
233.5
217.0
203.5
215.5
161.5
56.5
178.0
221.5
178.0
248.5
182.5
226.0
44.5
215.5
217.0
154.0
203.5
202.0
97.0
226.0
178.0
203.5
226.0
221.5
193.0
194.5
230.5
182.5
230.5
224.5
215.5
173.5
193.0
206.5
230.5
190.0
214.0
217.0
200.5
220.0
179.5
163.0
170.5
181.0
224.5
175.0
127.0
197.5
151.0
242.5
191.5
149.5
217.0
209.5
205.0
140.5
224.5
172.0
101.5
190.0
205.0
182.5
167.5
202.0
226.0
179.5
214.0
230.5
200.5
235.0
154.0
241.0
211.0
127.0
202.0
149.5
167.5
107.5
158.5
214.0
59.5
176.5
227.5
221.5
227.5
218.5
187.0
196.0
205.0
208.0
188.5
208.0
211.0
200.5
235.0
68.5
166.0
218.5
173.5
224.5
221.5
223.0
200.5
220.0
218.5
217.0
58.0
227.5
196.0
190.0
203.5
185.5
149.5
214.0
211.0
172.0
46.0
232.0
188.5
218.5
220.0
229.0
211.0
212.5
170.5
227.5
161.5
206.5
214.0
187.0
188.5
49.0
191.5
182.5
194.5
205.0
223.0
181.0
196.0
217.0
152.5
157.0
122.5
211.0
205.0
212.5
214.0
133.0
89.5
241.0
223.0
166.0
212.5
206.5
224.5
236.5
179.5
196.0
217.0
214.0
221.5
95.5
217.0
224.5
157.0
223.0
109.0
215.5
215.5
227.5
52.0
214.0
238.0
239.5
212.5
236.5
244.0
209.5
250.0
169.0
215.5
205.0
70.0
199.0
211.0
191.5
182.5
100.0
202.0
206.5
205.0
226.0
236.5
202.0
235.0
184.0
70.0
202.0
212.5
188.5
203.5
239.5
182.5
208.0
220.0
221.5
235.0
203.5
209.5
221.5
194.5
223.0
196.0
118.0
53.5
214.0
215.5
211.0
188.5
82.0
197.5
188.5
230.5
221.5
202.0
235.0
178.0
140.5
221.5
179.5
226.0
146.5
212.5
164.5
209.5
208.0
229.0
214.0
224.5
209.5
169.0
35.5
205.0
215.5
130.0
202.0
112.0
220.0
197.5
226.0
196.0
227.5
230.5
253.0
214.0
221.5
197.5
239.5
229.0
232.0
230.5
224.5
190.0
194.5
221.5
220.0
190.0
212.5
118.0
149.5
226.0
86.5
215.5
134.5
215.5
166.0
223.0
211.0
209.5
227.5
217.0
178.0
221.5
232.0
176.5
211.0
203.5
245.5
230.5
229.0
206.5
185.5
182.5
218.5
227.5
103.0
205.0
170.5
202.0
230.5
196.0
208.0
122.5
182.5
215.5
185.5
230.5
209.5
137.5
163.0
224.5
209.5
203.5
187.0
217.0
227.5
218.5
83.5
217.0
236.5
206.5
203.5
200.5
230.5
197.5
220.0
226.0
127.0
160.0
229.0
160.0
211.0
229.0
203.5
214.0
146.5
185.5
152.5
185.5
94.0
223.0
196.0
184.0
197.5
172.0
170.5
227.5
172.0
119.5
170.5
223.0
193.0
221.5
170.5
211.0
221.5
136.0
205.0
214.0
103.0
226.0
130.0
230.5
209.5
70.0
242.5
211.0
217.0
67.0
212.5
107.5
199.0
178.0
202.0
190.0
226.0
214.0
215.5
220.0
187.0
205.0
217.0
136.0
148.0
209.5
211.0
214.0
85.0
230.5
193.0
215.5
203.5
209.5
175.0
68.5
209.5
208.0
200.5
124.0
220.0
217.0
212.5
223.0
226.0
104.5
112.0
46.0
233.5
166.0
166.0
157.0
233.5
223.0
221.5
116.5
212.5
176.5
205.0
182.5
199.0
196.0
217.0
211.0
211.0
200.5
232.0
215.5
208.0
145.0
202.0
227.5
143.5
233.5
182.5
206.5
223.0
179.5
197.5
224.5
140.5
220.0
226.0
202.0
212.5
209.5
80.5
218.5
224.5
227.5
98.5
170.5
241.0
209.5
223.0
190.0
209.5
208.0
175.0
236.5
215.5
196.0
220.0
176.5
131.5
205.0
214.0
203.5
208.0
95.5
58.0
181.0
224.5
107.5
181.0
221.5
220.0
220.0
200.5
233.5
173.5
64.0
218.5
200.5
209.5
196.0
221.5
241.0
184.0
178.0
188.5
226.0
211.0
203.5
197.5
202.0
47.5
220.0
224.5
223.0
187.0
230.5
190.0
229.0
224.5
229.0
233.5
233.5
217.0
227.5
175.0
205.0
31.0
215.5
187.0
212.5
217.0
203.5
221.5
221.5
179.5
200.5
209.5
215.5
134.5
220.0
209.5
200.5
179.5
232.0
190.0
203.5
191.5
196.0
199.0
197.5
127.0
37.0
190.0
127.0
122.5
203.5
208.0
122.5
73.0
163.0
233.5
212.5
71.5
238.0
238.0
188.5
206.5
146.5
121.0
184.0
193.0
233.5
199.0
199.0
133.0
187.0
164.5
191.5
227.5
227.5
229.0
197.5
206.5
47.5
191.5
229.0
241.0
205.0
215.5
229.0
161.5
178.0
230.5
212.5
164.5
226.0
245.5
187.0
230.5
232.0
209.5
202.0
182.5
122.5
43.0
206.5
235.0
128.5
187.0
199.0
197.5
236.5
205.0
208.0
161.5
214.0
193.0
184.0
215.5
200.5
239.5
193.0
200.5
215.5
193.0
181.0
197.5
140.5
136.0
191.5
211.0
224.5
217.0
190.0
217.0
215.5
217.0
227.5
176.5
218.5
235.0
215.5
125.5
185.5
229.0
209.5
200.5
200.5
235.0
232.0
226.0
230.5
206.5
229.0
209.5
247.0
238.0
217.0
215.5
205.0
227.5
190.0
220.0
196.0
196.0
223.0
220.0
136.0
199.0
155.5
230.5
235.0
143.5
136.0
235.0
191.5
212.5
178.0
227.5
232.0
211.0
188.5
215.5
205.0
200.5
221.5
236.5
217.0
221.5
221.5
211.0
200.5
175.0
230.5
160.0
178.0
202.0
196.0
205.0
208.0
232.0
170.5
230.5
176.5
229.0
200.5
208.0
208.0
238.0
200.5
199.0
214.0
200.5
226.0
190.0
175.0
223.0
232.0
226.0
172.0
233.5
229.0
232.0
217.0
215.5
214.0
194.5
215.5
200.5
227.5
185.5
167.5
130.0
187.0
206.5
166.0
208.0
191.5
202.0
226.0
209.5
8.5
172.0
172.0
221.5
152.5
241.0
226.0
227.5
230.5
80.5
163.0
229.0
67.0
172.0
236.5
220.0
80.5
221.5
217.0
215.5
208.0
212.5
238.0
209.5
235.0
217.0
215.5
229.0
235.0
184.0
185.5
218.5
229.0
220.0
190.0
235.0
217.0
178.0
220.0
235.0
178.0
185.5
217.0
220.0
109.0
223.0
229.0
194.5
188.5
158.5
208.0
172.0
124.0
239.5
220.0
241.0
188.5
178.0
218.5
217.0
167.5
244.0
68.5
187.0
220.0
197.5
109.0
134.5
217.0
205.0
197.5
182.5
199.0
196.0
227.5
224.5
235.0
95.5
214.0
197.5
184.0
194.5
157.0
197.5
220.0
236.5
149.5
212.5
218.5
172.0
230.5
191.5
221.5
217.0
194.5
232.0
214.0
205.0
161.5
182.5
190.0
133.0
220.0
163.0
170.5
209.5
236.5
203.5
212.5
182.5
175.0
193.0
221.5
203.5
215.5
220.0
206.5
224.5
208.0
236.5
200.5
169.0
229.0
190.0
217.0
176.5
196.0
145.0
91.0
227.5
220.0
212.5
137.5
236.5
221.5
217.0
164.5
190.0
217.0
205.0
215.5
194.5
241.0
209.5
164.5
221.5
218.5
188.5
203.5
229.0
149.5
227.5
223.0
202.0
230.5
157.0
139.0
188.5
167.5
218.5
218.5
197.5
227.5
215.5
226.0
212.5
70.0
193.0
206.5
205.0
218.5
163.0
226.0
218.5
142.0
215.5
146.5
224.5
212.5
104.5
181.0
236.5
139.0
235.0
215.5
169.0
196.0
187.0
214.0
158.5
202.0
236.5
202.0
226.0
200.5
229.0
212.5
233.5
214.0
100.0
202.0
220.0
227.5
182.5
209.5
190.0
239.5
211.0
205.0
212.5
224.5
229.0
218.5
196.0
227.5
217.0
223.0
179.5
218.5
202.0
164.5
238.0
203.5
173.5
155.5
232.0
140.5
223.0
227.5
206.5
209.5
211.0
230.5
119.5
178.0
28.0
196.0
200.5
224.5
194.5
221.5
190.0
188.5
176.5
157.0
217.0
193.0
230.5
70.0
166.0
209.5
235.0
178.0
196.0
178.0
226.0
233.5
200.5
215.5
218.5
178.0
175.0
53.5
218.5
221.5
193.0
176.5
215.5
200.5
205.0
211.0
218.5
112.0
217.0
232.0
244.0
188.5
227.5
185.5
187.0
245.5
167.5
227.5
229.0
173.5
202.0
211.0
218.5
221.5
176.5
214.0
232.0
208.0
202.0
190.0
176.5
212.5
221.5
214.0
206.5
226.0
235.0
155.5
110.5
250.0
115.0
151.0
230.5
220.0
226.0
176.5
193.0
191.5
235.0
220.0
26.5
146.5
193.0
221.5
241.0
221.5
194.5
209.5
220.0
94.0
194.5
169.0
188.5
196.0
169.0
197.5
206.5
236.5
209.5
176.5
206.5
104.5
229.0
155.5
199.0
217.0
211.0
220.0
208.0
206.5
202.0
59.5
194.5
238.0
188.5
220.0
235.0
167.5
217.0
220.0
131.5
190.0
203.5
196.0
217.0
239.5
235.0
169.0
218.5
55.0
199.0
206.5
161.5
211.0
187.0
203.5
233.5
208.0
203.5
208.0
205.0
212.5
194.5
215.5
200.5
230.5
218.5
155.5
223.0
221.5
238.0
209.5
230.5
139.0
215.5
220.0
193.0
196.0
221.5
199.0
218.5
184.0
226.0
226.0
221.5
178.0
176.5
221.5
229.0
233.5
248.5
233.5
178.0
206.5
218.5
200.5
103.0
212.5
187.0
212.5
173.5
223.0
203.5
190.0
230.5
181.0
217.0
223.0
223.0
212.5
173.5
160.0
206.5
224.5
203.5
218.5
220.0
221.5
157.0
205.0
190.0
220.0
137.5
176.5
230.5
209.5
209.5
211.0
223.0
208.0
229.0
194.5
179.5
184.0
179.5
212.5
178.0
221.5
206.5
235.0
173.5
224.5
226.0
197.5
223.0
215.5
131.5
196.0
220.0
155.5
230.5
196.0
185.5
202.0
215.5
218.5
232.0
215.5
185.5
185.5
157.0
224.5
227.5
164.5
203.5
199.0
197.5
200.5
40.0
226.0
226.0
229.0
229.0
221.5
223.0
227.5
194.5
94.0
241.0
112.0
214.0
211.0
217.0
199.0
211.0
202.0
202.0
226.0
151.0
215.5
136.0
232.0
221.5
181.0
230.5
235.0
224.5
203.5
214.0
182.5
217.0
214.0
212.5
193.0
238.0
134.5
181.0
235.0
199.0
215.5
217.0
70.0
221.5
232.0
35.5
140.5
212.5
214.0
191.5
107.5
103.0
241.0
203.5
190.0
166.0
241.0
218.5
143.5
161.5
217.0
196.0
191.5
227.5
200.5
185.5
220.0
203.5
227.5
233.5
233.5
187.0
41.5
224.5
184.0
133.0
226.0
223.0
209.5
229.0
208.0
187.0
223.0
173.5
130.0
241.0
239.5
179.5
209.5
217.0
206.5
193.0
233.5
179.5
178.0
227.5
196.0
169.0
223.0
218.5
224.5
220.0
236.5
181.0
224.5
124.0
238.0
34.0
226.0
211.0
229.0
193.0
169.0
211.0
223.0
215.5
199.0
221.5
233.5
211.0
235.0
173.5
220.0
185.5
193.0
238.0
232.0
200.5
197.5
229.0
191.5
209.5
203.5
211.0
182.5
203.5
218.5
119.5
217.0
176.5
184.0
188.5
161.5
206.5
215.5
218.5
220.0
193.0
182.5
224.5
208.0
223.0
230.5
190.0
83.5
229.0
227.5
173.5
197.5
142.0
125.5
221.5
179.5
92.5
208.0
223.0
217.0
218.5
191.5
205.0
187.0
208.0
229.0
197.5
211.0
221.5
206.5
23.5
218.5
226.0
197.5
184.0
197.5
164.5
194.5
187.0
91.0
176.5
199.0
131.5
202.0
173.5
52.0
145.0
250.0
190.0
197.5
220.0
206.5
224.5
146.5
203.5
220.0
217.0
190.0
233.5
194.5
181.0
214.0
143.5
214.0
223.0
217.0
182.5
179.5
155.5
205.0
94.0
212.5
215.5
190.0
128.5
238.0
199.0
221.5
187.0
215.5
215.5
152.5
119.5
193.0
230.5
203.5
212.5
155.5
218.5
176.5
218.5
205.0
236.5
242.5
154.0
223.0
197.5
190.0
128.5
221.5
202.0
211.0
206.5
212.5
230.5
230.5
242.5
221.5
64.0
217.0
229.0
227.5
196.0
185.5
161.5
217.0
212.5
205.0
211.0
199.0
220.0
221.5
209.5
152.5
214.0
184.0
238.0
167.5
200.5
217.0
163.0
218.5
176.5
209.5
211.0
218.5
166.0
227.5
197.5
236.5
199.0
223.0
167.5
53.5
173.5
221.5
215.5
92.5
227.5
211.0
148.0
212.5
205.0
122.5
163.0
215.5
185.5
227.5
188.5
188.5
185.5
190.0
220.0
124.0
130.0
190.0
197.5
226.0
229.0
229.0
169.0
190.0
221.5
157.0
77.5
242.5
202.0
196.0
229.0
172.0
19.0
199.0
37.0
232.0
170.5
193.0
56.5
209.5
142.0
193.0
214.0
197.5
202.0
178.0
136.0
166.0
238.0
139.0
179.5
214.0
211.0
185.5
98.5
244.0
29.5
203.5
224.5
230.5
109.0
215.5
199.0
155.5
98.5
227.5
236.5
217.0
203.5
211.0
241.0
197.5
224.5
158.5
190.0
235.0
187.0
206.5
194.5
202.0
200.5
205.0
175.0
218.5
181.0
211.0
211.0
190.0
142.0
199.0
214.0
220.0
232.0
188.5
166.0
22.0
191.5
178.0
202.0
206.5
211.0
220.0
185.5
227.5
194.5
220.0
113.5
215.5
232.0
221.5
176.5
194.5
158.5
134.5
226.0
145.0
232.0
185.5
206.5
230.5
233.5
227.5
202.0
215.5
130.0
193.0
172.0
89.5
211.0
221.5
209.5
181.0
223.0
160.0
166.0
206.5
185.5
205.0
166.0
190.0
229.0
229.0
217.0
211.0
236.5
190.0
188.5
230.5
230.5
224.5
191.5
209.5
208.0
127.0
86.5
217.0
223.0
232.0
232.0
98.5
218.5
229.0
208.0
229.0
200.5
206.5
176.5
230.5
158.5
215.5
229.0
227.5
130.0
100.0
233.5
209.5
236.5
218.5
218.5
220.0
197.5
172.0
208.0
220.0
199.0
218.5
167.5
205.0
127.0
220.0
200.5
188.5
230.5
197.5
218.5
214.0
208.0
53.5
227.5
224.5
203.5
211.0
50.5
226.0
221.5
227.5
229.0
232.0
169.0
211.0
221.5
194.5
238.0
199.0
181.0
173.5
223.0
226.0
194.5
170.5
154.0
202.0
221.5
212.5
167.5
230.5
197.5
229.0
229.0
193.0
184.0
208.0
209.5
197.5
220.0
212.5
169.0
229.0
199.0
200.5
164.5
235.0
17.5
221.5
218.5
157.0
179.5
235.0
205.0
218.5
244.0
205.0
190.0
205.0
230.5
218.5
206.5
214.0
188.5
223.0
191.5
176.5
203.5
194.5
