166.0
46.0
59.5
175.0
47.5
77.5
137.5
145.0
74.5
43.0
104.5
164.5
67.0
43.0
205.0
122.5
170.5
44.5
197.5
35.5
121.0
97.0
26.5
13.0
97.0
64.0
107.5
140.5
49.0
43.0
154.0
68.5
49.0
101.5
76.0
40.0
152.5
134.5
140.5
71.5
95.5
194.5
104.5
119.5
43.0
176.5
55.0
17.5
55.0
154.0
77.5
179.5
37.0
181.0
136.0
44.5
130.0
29.5
55.0
97.0
98.5
154.0
151.0
173.5
121.0
88.0
169.0
34.0
134.5
29.5
61.0
61.0
40.0
38.5
56.5
166.0
46.0
89.5
20.5
119.5
101.5
97.0
112.0
14.5
73.0
85.0
161.5
44.5
125.5
71.5
37.0
104.5
55.0
185.5
58.0
86.5
56.5
74.5
89.5
25.0
136.0
152.5
98.5
91.0
44.5
32.5
155.5
55.0
172.0
67.0
92.5
56.5
100.0
118.0
28.0
134.5
16.0
25.0
34.0
74.5
146.5
113.5
184.0
182.5
191.5
86.5
55.0
196.0
172.0
37.0
103.0
113.5
173.5
31.0
68.5
34.0
88.0
103.0
59.5
131.5
131.5
40.0
151.0
73.0
76.0
55.0
110.5
34.0
175.0
88.0
161.5
32.5
35.5
131.5
167.5
82.0
80.5
64.0
17.5
86.5
158.5
37.0
191.5
148.0
95.5
95.5
190.0
32.5
59.5
55.0
179.5
89.5
73.0
89.5
43.0
20.5
106.0
125.5
217.0
112.0
37.0
149.5
164.5
55.0
83.5
29.5
149.5
76.0
49.0
133.0
40.0
176.5
167.5
65.5
61.0
116.5
50.5
68.5
58.0
107.5
112.0
151.0
65.5
44.5
40.0
80.5
91.0
149.5
16.0
118.0
97.0
170.5
118.0
32.5
221.5
29.5
37.0
37.0
74.5
100.0
55.0
79.0
127.0
64.0
83.5
98.5
34.0
79.0
161.5
32.5
43.0
83.5
127.0
50.5
14.5
152.5
26.5
22.0
130.0
73.0
191.5
142.0
53.5
112.0
68.5
31.0
79.0
115.0
166.0
61.0
14.5
74.5
10.0
26.5
49.0
160.0
50.5
154.0
49.0
136.0
31.0
49.0
56.5
19.0
104.5
170.5
19.0
61.0
158.5
74.5
41.5
142.0
10.0
107.5
68.5
43.0
127.0
95.5
32.5
59.5
65.5
53.5
167.5
31.0
61.0
86.5
65.5
104.5
133.0
166.0
52.0
86.5
179.5
49.0
82.0
28.0
55.0
52.0
49.0
32.5
43.0
217.0
178.0
146.5
79.0
56.5
91.0
86.5
68.5
25.0
137.5
59.5
47.5
140.5
29.5
109.0
50.5
83.5
49.0
26.5
34.0
131.5
50.5
17.5
124.0
208.0
82.0
28.0
38.5
139.0
44.5
131.5
65.5
59.5
44.5
53.5
34.0
74.5
125.5
178.0
22.0
40.0
67.0
50.5
214.0
79.0
116.5
65.5
167.5
193.0
73.0
71.5
217.0
146.5
196.0
77.5
175.0
103.0
91.0
94.0
82.0
113.5
122.5
50.5
143.5
38.5
119.5
185.5
29.5
95.5
170.5
160.0
128.5
49.0
38.5
41.5
77.5
91.0
52.0
164.5
98.5
70.0
130.0
40.0
155.5
49.0
115.0
58.0
142.0
49.0
91.0
20.5
31.0
170.5
143.5
136.0
52.0
139.0
98.5
31.0
82.0
124.0
59.5
164.5
20.5
82.0
85.0
47.5
152.5
55.0
104.5
143.5
31.0
53.5
133.0
133.0
97.0
193.0
61.0
67.0
100.0
133.0
145.0
121.0
140.5
95.5
148.0
92.5
34.0
91.0
89.5
46.0
176.5
154.0
112.0
26.5
26.5
179.5
116.5
25.0
121.0
38.5
76.0
44.5
214.0
137.5
149.5
73.0
79.0
121.0
107.5
37.0
103.0
179.5
64.0
103.0
44.5
32.5
188.5
101.5
41.5
23.5
193.0
28.0
44.5
22.0
143.5
80.5
58.0
176.5
80.5
157.0
74.5
104.5
118.0
121.0
17.5
22.0
86.5
179.5
28.0
139.0
122.5
10.0
83.5
71.5
184.0
131.5
160.0
109.0
143.5
130.0
88.0
142.0
47.5
98.5
68.5
203.5
49.0
67.0
13.0
115.0
151.0
62.5
38.5
95.5
59.5
55.0
127.0
76.0
38.5
116.5
43.0
29.5
130.0
56.5
44.5
200.5
119.5
134.5
44.5
32.5
124.0
31.0
140.5
49.0
47.5
188.5
58.0
131.5
160.0
38.5
58.0
208.0
92.5
17.5
166.0
172.0
56.5
83.5
4.0
148.0
134.5
85.0
175.0
77.5
59.5
37.0
203.5
49.0
40.0
158.5
44.5
107.5
53.5
98.5
49.0
136.0
212.5
184.0
95.5
55.0
160.0
139.0
193.0
80.5
59.5
74.5
185.5
118.0
80.5
85.0
73.0
118.0
88.0
46.0
47.5
89.5
106.0
68.5
37.0
82.0
94.0
179.5
46.0
218.5
76.0
49.0
152.5
49.0
116.5
32.5
97.0
136.0
128.5
223.0
151.0
31.0
31.0
80.5
211.0
83.5
107.5
104.5
190.0
64.0
46.0
148.0
73.0
58.0
110.5
112.0
34.0
103.0
122.5
71.5
191.5
62.5
130.0
16.0
152.5
52.0
65.5
59.5
103.0
91.0
26.5
85.0
37.0
140.5
124.0
38.5
139.0
139.0
68.5
61.0
41.5
41.5
131.5
176.5
73.0
140.5
70.0
92.5
52.0
149.5
97.0
79.0
53.5
128.5
163.0
134.5
73.0
121.0
161.5
170.5
65.5
94.0
134.5
56.5
184.0
161.5
86.5
32.5
101.5
38.5
53.5
32.5
91.0
46.0
10.0
203.5
32.5
50.5
53.5
122.5
127.0
61.0
76.0
101.5
157.0
112.0
86.5
40.0
110.5
70.0
31.0
146.5
197.5
71.5
172.0
118.0
170.5
124.0
67.0
91.0
89.5
62.5
160.0
61.0
43.0
157.0
95.5
212.5
74.5
121.0
169.0
194.5
83.5
74.5
107.5
89.5
40.0
53.5
140.5
25.0
94.0
46.0
86.5
116.5
74.5
80.5
83.5
179.5
184.0
35.5
101.5
202.0
146.5
134.5
38.5
200.5
119.5
56.5
203.5
68.5
175.0
32.5
140.5
50.5
157.0
85.0
92.5
173.5
185.5
173.5
41.5
208.0
73.0
95.5
65.5
173.5
190.0
128.5
116.5
79.0
122.5
44.5
58.0
40.0
86.5
226.0
43.0
161.5
83.5
133.0
61.0
62.5
79.0
160.0
124.0
38.5
145.0
122.5
47.5
190.0
161.5
106.0
161.5
145.0
76.0
103.0
44.5
179.5
62.5
101.5
73.0
55.0
53.5
38.5
56.5
167.5
50.5
47.5
76.0
95.5
94.0
166.0
58.0
20.5
190.0
52.0
76.0
115.0
46.0
179.5
161.5
193.0
211.0
37.0
29.5
130.0
17.5
175.0
104.5
88.0
133.0
103.0
157.0
70.0
89.5
62.5
22.0
23.5
65.5
5.5
115.0
38.5
100.0
26.5
41.5
31.0
67.0
178.0
52.0
35.5
151.0
103.0
109.0
79.0
52.0
91.0
103.0
127.0
14.5
22.0
191.5
112.0
97.0
109.0
113.5
151.0
71.5
37.0
88.0
53.5
43.0
154.0
131.5
118.0
101.5
104.5
41.5
140.5
79.0
43.0
137.5
61.0
94.0
31.0
26.5
10.0
134.5
49.0
29.5
113.5
104.5
118.0
194.5
40.0
140.5
82.0
11.5
89.5
125.5
124.0
46.0
152.5
122.5
152.5
61.0
155.5
74.5
35.5
70.0
164.5
176.5
184.0
16.0
127.0
170.5
104.5
43.0
32.5
82.0
68.5
113.5
79.0
59.5
118.0
82.0
67.0
64.0
175.0
92.5
22.0
125.5
41.5
56.5
59.5
82.0
172.0
100.0
29.5
61.0
137.5
17.5
55.0
41.5
100.0
97.0
68.5
56.5
158.5
53.5
118.0
217.0
91.0
184.0
68.5
116.5
70.0
22.0
140.5
151.0
67.0
38.5
91.0
43.0
13.0
134.5
104.5
143.5
155.5
154.0
41.5
23.5
128.5
143.5
34.0
158.5
22.0
68.5
110.5
139.0
22.0
155.5
59.5
89.5
26.5
175.0
86.5
52.0
155.5
64.0
79.0
155.5
31.0
56.5
187.0
152.5
23.5
97.0
74.5
47.5
35.5
38.5
160.0
137.5
56.5
26.5
101.5
200.5
92.5
35.5
77.5
68.5
47.5
38.5
62.5
127.0
41.5
37.0
64.0
77.5
43.0
92.5
37.0
23.5
59.5
149.5
188.5
154.0
76.0
115.0
58.0
97.0
139.0
31.0
79.0
77.5
79.0
140.5
8.5
154.0
29.5
136.0
41.5
83.5
88.0
62.5
65.5
73.0
13.0
166.0
40.0
95.5
116.5
92.5
85.0
28.0
145.0
97.0
109.0
118.0
178.0
187.0
8.5
41.5
43.0
97.0
170.5
184.0
134.5
80.5
10.0
44.5
79.0
97.0
109.0
97.0
214.0
125.5
100.0
34.0
85.0
100.0
178.0
130.0
119.5
154.0
53.5
92.5
151.0
107.5
47.5
46.0
64.0
35.5
161.5
164.5
23.5
50.5
25.0
155.5
86.5
140.5
89.5
121.0
52.0
92.5
25.0
31.0
17.5
32.5
37.0
91.0
158.5
112.0
107.5
55.0
86.5
106.0
49.0
107.5
139.0
34.0
218.5
89.5
10.0
65.5
101.5
136.0
37.0
223.0
11.5
89.5
146.5
149.5
40.0
203.5
68.5
50.5
25.0
157.0
107.5
185.5
41.5
121.0
119.5
43.0
44.5
58.0
163.0
13.0
130.0
34.0
40.0
32.5
143.5
145.0
70.0
67.0
16.0
70.0
167.5
143.5
44.5
35.5
118.0
157.0
73.0
20.5
191.5
134.5
40.0
31.0
61.0
22.0
61.0
95.5
112.0
46.0
80.5
14.5
49.0
29.5
58.0
25.0
46.0
124.0
31.0
169.0
118.0
152.5
32.5
29.5
148.0
46.0
106.0
119.5
68.5
13.0
34.0
40.0
77.5
124.0
110.5
43.0
113.5
56.5
122.5
31.0
74.5
109.0
97.0
149.5
95.5
196.0
169.0
28.0
34.0
112.0
55.0
98.5
11.5
116.5
118.0
73.0
80.5
142.0
175.0
104.5
151.0
41.5
59.5
22.0
82.0
113.5
170.5
37.0
22.0
1.0
82.0
89.5
86.5
46.0
161.5
121.0
107.5
16.0
49.0
110.5
122.5
134.5
58.0
43.0
182.5
115.0
64.0
172.0
178.0
79.0
130.0
26.5
16.0
179.5
104.5
85.0
61.0
155.5
26.5
94.0
47.5
53.5
50.5
97.0
149.5
80.5
95.5
82.0
79.0
182.5
19.0
97.0
110.5
109.0
74.5
88.0
43.0
139.0
25.0
56.5
161.5
119.5
88.0
97.0
37.0
118.0
70.0
62.5
149.5
20.5
64.0
49.0
37.0
160.0
86.5
112.0
86.5
92.5
32.5
35.5
95.5
151.0
170.5
112.0
47.5
61.0
71.5
115.0
88.0
91.0
151.0
29.5
37.0
64.0
49.0
97.0
20.5
188.5
107.5
103.0
23.5
52.0
70.0
82.0
34.0
139.0
112.0
40.0
49.0
73.0
47.5
53.5
67.0
109.0
53.5
167.5
94.0
136.0
67.0
121.0
29.5
130.0
70.0
92.5
139.0
116.5
104.5
173.5
185.5
95.5
106.0
55.0
44.5
4.0
106.0
133.0
26.5
71.5
178.0
13.0
104.5
41.5
35.5
34.0
89.5
35.5
31.0
28.0
136.0
55.0
22.0
142.0
83.5
176.5
25.0
166.0
116.5
64.0
151.0
20.5
151.0
97.0
74.5
68.5
91.0
119.5
35.5
55.0
52.0
41.5
70.0
17.5
26.5
62.5
44.5
188.5
40.0
133.0
112.0
29.5
65.5
77.5
46.0
109.0
79.0
106.0
128.5
128.5
62.5
29.5
170.5
53.5
19.0
109.0
202.0
79.0
71.5
119.5
61.0
53.5
127.0
35.5
185.5
44.5
109.0
154.0
142.0
106.0
7.0
143.5
91.0
49.0
124.0
121.0
116.5
127.0
43.0
83.5
124.0
118.0
196.0
59.5
143.5
110.5
110.5
56.5
191.5
148.0
173.5
155.5
80.5
80.5
44.5
101.5
103.0
20.5
67.0
106.0
46.0
115.0
28.0
50.5
166.0
26.5
47.5
127.0
152.5
58.0
119.5
44.5
56.5
40.0
133.0
136.0
52.0
74.5
29.5
58.0
76.0
62.5
40.0
142.0
112.0
59.5
136.0
79.0
77.5
50.5
211.0
208.0
64.0
160.0
122.5
109.0
110.5
55.0
202.0
107.5
167.5
124.0
67.0
178.0
163.0
79.0
31.0
160.0
179.5
65.5
89.5
139.0
79.0
10.0
7.0
29.5
62.5
113.5
52.0
56.5
143.5
19.0
10.0
118.0
56.5
73.0
94.0
16.0
53.5
82.0
74.5
20.5
56.5
26.5
142.0
182.5
26.5
70.0
193.0
164.5
161.5
98.5
181.0
148.0
109.0
76.0
82.0
124.0
46.0
32.5
154.0
97.0
95.5
106.0
43.0
122.5
64.0
64.0
43.0
77.5
127.0
37.0
83.5
41.5
194.5
173.5
151.0
86.5
202.0
53.5
86.5
116.5
92.5
28.0
41.5
5.5
86.5
85.0
53.5
86.5
19.0
62.5
197.5
151.0
65.5
157.0
185.5
29.5
70.0
50.5
71.5
52.0
206.5
25.0
44.5
94.0
59.5
68.5
128.5
100.0
187.0
29.5
13.0
37.0
38.5
25.0
154.0
61.0
88.0
98.5
92.5
29.5
100.0
100.0
32.5
115.0
55.0
43.0
98.5
50.5
79.0
74.5
167.5
91.0
62.5
142.0
91.0
113.5
49.0
74.5
68.5
56.5
19.0
68.5
80.5
103.0
95.5
127.0
68.5
67.0
46.0
58.0
152.5
11.5
179.5
58.0
178.0
91.0
67.0
121.0
64.0
193.0
80.5
106.0
209.5
203.5
149.5
56.5
163.0
43.0
137.5
22.0
176.5
71.5
92.5
127.0
80.5
41.5
146.5
122.5
136.0
50.5
11.5
34.0
31.0
50.5
173.5
8.5
145.0
98.5
134.5
31.0
145.0
86.5
41.5
217.0
121.0
134.5
107.5
146.5
124.0
58.0
29.5
166.0
106.0
49.0
53.5
104.5
91.0
109.0
35.5
79.0
136.0
133.0
157.0
97.0
118.0
38.5
68.5
11.5
95.5
158.5
86.5
182.5
58.0
94.0
124.0
40.0
121.0
22.0
52.0
38.5
151.0
92.5
37.0
91.0
55.0
149.5
52.0
40.0
35.5
28.0
127.0
199.0
106.0
83.5
49.0
191.5
101.5
104.5
10.0
164.5
194.5
65.5
115.0
146.5
124.0
56.5
52.0
89.5
32.5
58.0
10.0
122.5
53.5
88.0
77.5
95.5
64.0
65.5
70.0
125.5
167.5
37.0
68.5
128.5
104.5
122.5
124.0
161.5
61.0
59.5
46.0
128.5
68.5
62.5
68.5
143.5
46.0
14.5
142.0
86.5
50.5
164.5
40.0
35.5
169.0
104.5
20.5
124.0
38.5
56.5
50.5
68.5
154.0
61.0
31.0
211.0
32.5
86.5
91.0
64.0
38.5
56.5
41.5
94.0
148.0
44.5
71.5
44.5
43.0
125.5
58.0
134.5
155.5
80.5
139.0
74.5
49.0
74.5
25.0
85.0
59.5
92.5
158.5
178.0
34.0
127.0
193.0
56.5
79.0
178.0
164.5
196.0
46.0
103.0
116.5
56.5
50.5
140.5
89.5
73.0
125.5
50.5
115.0
44.5
65.5
28.0
170.5
125.5
140.5
74.5
50.5
41.5
178.0
62.5
35.5
25.0
140.5
145.0
19.0
124.0
86.5
62.5
41.5
97.0
95.5
170.5
41.5
44.5
203.5
103.0
151.0
62.5
38.5
31.0
70.0
80.5
55.0
73.0
145.0
106.0
98.5
31.0
154.0
110.5
11.5
80.5
68.5
196.0
131.5
140.5
23.5
182.5
101.5
122.5
203.5
58.0
10.0
32.5
194.5
35.5
199.0
160.0
119.5
106.0
98.5
67.0
164.5
23.5
137.5
7.0
125.5
73.0
178.0
70.0
206.5
130.0
32.5
127.0
145.0
125.5
149.5
67.0
109.0
122.5
70.0
100.0
158.5
80.5
214.0
41.5
127.0
188.5
88.0
118.0
85.0
173.5
170.5
70.0
43.0
37.0
70.0
44.5
209.5
215.5
187.0
190.0
169.0
140.5
200.5
85.0
103.0
133.0
80.5
40.0
34.0
70.0
47.5
103.0
49.0
56.5
74.5
110.5
20.5
103.0
154.0
91.0
133.0
53.5
25.0
28.0
194.5
35.5
47.5
46.0
19.0
211.0
193.0
35.5
35.5
68.5
4.0
215.5
37.0
134.5
206.5
97.0
43.0
131.5
130.0
46.0
79.0
106.0
19.0
74.5
116.5
82.0
65.5
74.5
149.5
154.0
46.0
77.5
88.0
61.0
107.5
71.5
185.5
70.0
61.0
38.5
122.5
71.5
79.0
70.0
41.5
193.0
11.5
194.5
143.5
17.5
86.5
37.0
137.5
121.0
49.0
145.0
55.0
23.5
74.5
149.5
43.0
220.0
23.5
35.5
143.5
122.5
143.5
56.5
47.5
91.0
143.5
119.5
94.0
157.0
199.0
118.0
17.5
113.5
58.0
13.0
193.0
181.0
56.5
98.5
38.5
58.0
104.5
55.0
61.0
22.0
119.5
202.0
92.5
46.0
122.5
22.0
34.0
145.0
122.5
95.5
25.0
70.0
164.5
41.5
139.0
73.0
10.0
37.0
29.5
40.0
157.0
52.0
100.0
71.5
164.5
29.5
136.0
23.5
107.5
23.5
139.0
43.0
125.5
58.0
68.5
74.5
74.5
164.5
83.5
196.0
29.5
98.5
41.5
59.5
62.5
91.0
112.0
34.0
47.5
52.0
182.5
83.5
136.0
65.5
50.5
172.0
109.0
149.5
64.0
22.0
127.0
46.0
31.0
95.5
28.0
97.0
37.0
137.5
103.0
83.5
50.5
179.5
124.0
160.0
127.0
65.5
29.5
68.5
49.0
20.5
46.0
146.5
17.5
61.0
23.5
92.5
97.0
29.5
19.0
8.5
76.0
89.5
193.0
101.5
59.5
134.5
107.5
101.5
89.5
115.0
40.0
73.0
103.0
80.5
91.0
76.0
127.0
40.0
35.5
83.5
53.5
65.5
70.0
43.0
53.5
2.5
55.0
56.5
59.5
149.5
64.0
59.5
125.5
112.0
163.0
158.5
140.5
140.5
41.5
52.0
119.5
154.0
97.0
127.0
227.5
29.5
130.0
41.5
43.0
139.0
214.0
185.5
122.5
65.5
167.5
163.0
143.5
77.5
110.5
55.0
26.5
146.5
94.0
191.5
52.0
110.5
50.5
35.5
218.5
68.5
76.0
2.5
109.0
125.5
115.0
184.0
52.0
29.5
55.0
194.5
20.5
61.0
103.0
38.5
187.0
31.0
95.5
16.0
139.0
23.5
106.0
88.0
13.0
44.5
40.0
142.0
145.0
91.0
104.5
110.5
67.0
116.5
55.0
128.5
41.5
136.0
149.5
164.5
149.5
61.0
131.5
128.5
55.0
125.5
109.0
35.5
16.0
166.0
110.5
82.0
124.0
44.5
206.5
91.0
70.0
55.0
43.0
41.5
119.5
56.5
125.5
112.0
50.5
44.5
172.0
115.0
115.0
40.0
91.0
130.0
91.0
73.0
71.5
22.0
62.5
70.0
16.0
115.0
220.0
140.5
100.0
173.5
29.5
143.5
77.5
46.0
86.5
91.0
169.0
112.0
28.0
71.5
163.0
131.5
91.0
91.0
91.0
59.5
64.0
128.5
101.5
34.0
110.5
35.5
106.0
131.5
143.5
109.0
172.0
124.0
70.0
50.5
26.5
112.0
65.5
28.0
86.5
59.5
35.5
64.0
88.0
65.5
44.5
26.5
50.5
49.0
80.5
71.5
91.0
88.0
109.0
46.0
79.0
112.0
106.0
196.0
103.0
124.0
25.0
44.5
199.0
43.0
172.0
185.5
181.0
38.5
103.0
20.5
40.0
80.5
64.0
43.0
43.0
107.5
91.0
103.0
194.5
37.0
29.5
56.5
119.5
23.5
175.0
62.5
119.5
100.0
29.5
161.5
95.5
148.0
112.0
113.5
85.0
211.0
140.5
85.0
44.5
82.0
160.0
104.5
119.5
148.0
149.5
173.5
131.5
113.5
185.5
172.0
55.0
160.0
152.5
71.5
112.0
41.5
218.5
103.0
119.5
52.0
121.0
83.5
97.0
49.0
184.0
83.5
110.5
35.5
43.0
49.0
94.0
16.0
16.0
58.0
95.5
55.0
140.5
28.0
110.5
125.5
139.0
197.5
29.5
119.5
92.5
191.5
55.0
52.0
101.5
149.5
55.0
140.5
44.5
92.5
199.0
157.0
43.0
25.0
79.0
4.0
88.0
116.5
158.5
107.5
124.0
124.0
184.0
41.5
182.5
73.0
116.5
71.5
20.5
131.5
89.5
140.5
79.0
109.0
164.5
61.0
158.5
112.0
130.0
103.0
61.0
67.0
136.0
142.0
22.0
41.5
34.0
41.5
61.0
188.5
100.0
124.0
122.5
104.5
59.5
98.5
58.0
62.5
83.5
160.0
121.0
169.0
206.5
62.5
82.0
26.5
95.5
116.5
4.0
224.5
101.5
83.5
184.0
116.5
151.0
158.5
80.5
44.5
76.0
136.0
116.5
53.5
35.5
79.0
109.0
76.0
52.0
89.5
76.0
47.5
44.5
194.5
125.5
173.5
109.0
55.0
59.5
193.0
38.5
76.0
29.5
68.5
97.0
43.0
16.0
137.5
224.5
143.5
28.0
62.5
20.5
59.5
92.5
67.0
136.0
32.5
52.0
91.0
229.0
155.5
40.0
109.0
82.0
89.5
31.0
206.5
137.5
107.5
139.0
86.5
10.0
82.0
43.0
166.0
169.0
143.5
116.5
133.0
62.5
149.5
44.5
122.5
164.5
166.0
62.5
46.0
35.5
47.5
49.0
67.0
184.0
134.5
106.0
104.5
8.5
112.0
76.0
91.0
133.0
94.0
20.5
80.5
137.5
59.5
79.0
175.0
97.0
157.0
76.0
65.5
119.5
55.0
43.0
52.0
50.5
119.5
52.0
124.0
91.0
166.0
28.0
149.5
80.5
136.0
50.5
35.5
100.0
122.5
65.5
64.0
53.5
10.0
65.5
155.5
97.0
31.0
100.0
53.5
50.5
80.5
34.0
20.5
106.0
116.5
92.5
173.5
62.5
11.5
47.5
29.5
178.0
19.0
22.0
100.0
184.0
130.0
20.5
19.0
152.5
16.0
109.0
44.5
55.0
55.0
43.0
71.5
179.5
13.0
188.5
164.5
47.5
55.0
49.0
158.5
91.0
100.0
43.0
110.5
26.5
29.5
76.0
53.5
83.5
185.5
97.0
101.5
160.0
7.0
59.5
16.0
110.5
46.0
43.0
92.5
76.0
136.0
152.5
20.5
107.5
5.5
44.5
55.0
71.5
40.0
203.5
95.5
127.0
185.5
91.0
119.5
119.5
26.5
49.0
77.5
82.0
28.0
130.0
20.5
106.0
34.0
89.5
158.5
187.0
59.5
26.5
74.5
134.5
64.0
22.0
113.5
182.5
124.0
178.0
145.0
31.0
50.5
22.0
182.5
92.5
65.5
143.5
86.5
58.0
80.5
157.0
140.5
206.5
77.5
202.0
125.5
38.5
205.0
41.5
163.0
77.5
67.0
65.5
110.5
40.0
56.5
82.0
154.0
215.5
122.5
46.0
134.5
119.5
35.5
46.0
68.5
167.5
37.0
188.5
185.5
157.0
52.0
52.0
71.5
32.5
35.5
55.0
179.5
62.5
169.0
164.5
190.0
83.5
128.5
76.0
224.5
116.5
53.5
146.5
94.0
85.0
44.5
73.0
157.0
47.5
104.5
41.5
20.5
82.0
181.0
70.0
44.5
172.0
80.5
175.0
35.5
29.5
176.5
104.5
10.0
52.0
85.0
61.0
35.5
23.5
65.5
131.5
67.0
169.0
122.5
26.5
43.0
167.5
62.5
173.5
98.5
95.5
193.0
44.5
67.0
85.0
175.0
140.5
53.5
59.5
71.5
70.0
43.0
53.5
136.0
11.5
196.0
34.0
71.5
62.5
16.0
80.5
97.0
80.5
61.0
68.5
115.0
82.0
113.5
118.0
155.5
74.5
58.0
32.5
106.0
41.5
5.5
65.5
83.5
95.5
53.5
61.0
62.5
182.5
62.5
17.5
184.0
68.5
53.5
86.5
176.5
40.0
50.5
110.5
145.0
58.0
55.0
80.5
16.0
20.5
85.0
200.5
154.0
94.0
22.0
136.0
206.5
61.0
86.5
133.0
71.5
8.5
116.5
32.5
166.0
19.0
101.5
53.5
89.5
4.0
20.5
131.5
55.0
44.5
64.0
38.5
47.5
163.0
20.5
71.5
106.0
43.0
146.5
37.0
191.5
49.0
110.5
62.5
136.0
53.5
98.5
19.0
170.5
179.5
67.0
89.5
22.0
41.5
95.5
122.5
146.5
101.5
41.5
95.5
68.5
53.5
214.0
137.5
113.5
170.5
176.5
122.5
49.0
16.0
119.5
64.0
131.5
61.0
86.5
137.5
29.5
41.5
194.5
146.5
71.5
44.5
68.5
113.5
62.5
113.5
10.0
191.5
46.0
71.5
80.5
92.5
73.0
196.0
128.5
49.0
22.0
112.0
44.5
104.5
89.5
83.5
82.0
125.5
137.5
52.0
148.0
46.0
31.0
127.0
44.5
127.0
53.5
97.0
53.5
28.0
148.0
190.0
74.5
161.5
53.5
25.0
64.0
100.0
149.5
19.0
119.5
118.0
32.5
64.0
43.0
131.5
125.5
151.0
94.0
14.5
47.5
61.0
14.5
157.0
142.0
182.5
109.0
185.5
166.0
197.5
113.5
79.0
94.0
100.0
85.0
95.5
137.5
112.0
50.5
64.0
167.5
25.0
52.0
61.0
68.5
94.0
155.5
20.5
31.0
61.0
109.0
35.5
125.5
140.5
149.5
128.5
106.0
137.5
106.0
152.5
67.0
88.0
25.0
112.0
85.0
128.5
160.0
100.0
59.5
58.0
38.5
56.5
5.5
38.5
202.0
88.0
31.0
76.0
55.0
121.0
49.0
104.5
187.0
77.5
55.0
71.5
80.5
85.0
32.5
35.5
71.5
157.0
98.5
38.5
98.5
173.5
146.5
205.0
119.5
11.5
77.5
53.5
76.0
47.5
71.5
50.5
49.0
182.5
98.5
136.0
169.0
163.0
133.0
52.0
26.5
182.5
49.0
79.0
76.0
17.5
29.5
4.0
71.5
83.5
20.5
98.5
19.0
20.5
61.0
182.5
32.5
184.0
142.0
80.5
121.0
46.0
20.5
46.0
85.0
53.5
103.0
155.5
146.5
77.5
38.5
88.0
34.0
55.0
107.5
191.5
191.5
53.5
65.5
128.5
41.5
88.0
127.0
134.5
175.0
22.0
50.5
116.5
20.5
130.0
26.5
44.5
199.0
35.5
172.0
118.0
40.0
91.0
103.0
37.0
13.0
85.0
127.0
106.0
56.5
32.5
58.0
170.5
140.5
13.0
188.5
44.5
77.5
125.5
172.0
92.5
71.5
43.0
43.0
59.5
38.5
178.0
106.0
89.5
80.5
139.0
155.5
95.5
25.0
58.0
53.5
26.5
137.5
119.5
88.0
52.0
98.5
23.5
118.0
157.0
155.5
158.5
106.0
110.5
25.0
100.0
26.5
41.5
103.0
49.0
95.5
94.0
58.0
139.0
71.5
98.5
29.5
7.0
35.5
74.5
89.5
154.0
86.5
86.5
64.0
215.5
118.0
181.0
19.0
118.0
77.5
95.5
91.0
85.0
136.0
29.5
62.5
178.0
142.0
86.5
23.5
89.5
100.0
41.5
22.0
94.0
158.5
44.5
119.5
77.5
59.5
59.5
58.0
59.5
85.0
56.5
127.0
43.0
152.5
23.5
67.0
137.5
11.5
172.0
155.5
149.5
185.5
194.5
65.5
178.0
158.5
37.0
92.5
71.5
88.0
50.5
56.5
67.0
82.0
55.0
43.0
209.5
172.0
47.5
80.5
43.0
95.5
121.0
58.0
149.5
46.0
74.5
95.5
59.5
193.0
67.0
61.0
163.0
161.5
76.0
172.0
178.0
151.0
125.5
86.5
113.5
194.5
176.5
28.0
130.0
61.0
122.5
155.5
62.5
184.0
139.0
124.0
149.5
38.5
112.0
86.5
71.5
95.5
157.0
137.5
77.5
107.5
65.5
25.0
23.5
31.0
190.0
152.5
86.5
134.5
92.5
83.5
44.5
17.5
100.0
82.0
140.5
184.0
29.5
56.5
187.0
58.0
68.5
185.5
142.0
124.0
191.5
94.0
67.0
20.5
134.5
37.0
53.5
86.5
50.5
26.5
77.5
65.5
77.5
133.0
56.5
20.5
44.5
37.0
68.5
37.0
46.0
59.5
58.0
178.0
131.5
80.5
26.5
151.0
104.5
82.0
62.5
157.0
41.5
125.5
10.0
38.5
163.0
22.0
17.5
154.0
115.0
118.0
80.5
76.0
80.5
53.5
98.5
167.5
161.5
80.5
145.0
47.5
11.5
71.5
61.0
19.0
68.5
43.0
179.5
109.0
103.0
79.0
35.5
169.0
29.5
143.5
73.0
52.0
110.5
116.5
178.0
157.0
80.5
58.0
65.5
38.5
148.0
109.0
88.0
220.0
152.5
115.0
53.5
74.5
176.5
133.0
70.0
40.0
20.5
161.5
19.0
199.0
70.0
74.5
55.0
32.5
29.5
106.0
37.0
113.5
116.5
137.5
61.0
58.0
125.5
61.0
22.0
58.0
38.5
52.0
118.0
82.0
46.0
26.5
161.5
83.5
29.5
50.5
122.5
52.0
25.0
101.5
94.0
113.5
98.5
92.5
185.5
44.5
76.0
52.0
53.5
101.5
32.5
136.0
91.0
80.5
19.0
28.0
32.5
68.5
146.5
152.5
19.0
40.0
32.5
80.5
46.0
131.5
155.5
154.0
103.0
98.5
163.0
55.0
119.5
116.5
80.5
107.5
119.5
110.5
134.5
151.0
124.0
88.0
50.5
32.5
166.0
73.0
65.5
22.0
149.5
50.5
38.5
73.0
131.5
122.5
175.0
31.0
154.0
142.0
82.0
43.0
23.5
95.5
74.5
20.5
103.0
146.5
101.5
37.0
85.0
97.0
83.5
137.5
38.5
55.0
101.5
178.0
44.5
88.0
133.0
139.0
179.5
71.5
148.0
38.5
130.0
211.0
125.5
65.5
64.0
38.5
52.0
124.0
106.0
32.5
152.5
40.0
106.0
37.0
52.0
137.5
76.0
145.0
14.5
137.5
92.5
23.5
197.5
196.0
55.0
133.0
64.0
50.5
92.5
53.5
134.5
103.0
110.5
122.5
152.5
68.5
59.5
38.5
125.5
139.0
25.0
47.5
119.5
49.0
22.0
20.5
55.0
86.5
101.5
142.0
16.0
149.5
89.5
16.0
11.5
110.5
41.5
34.0
65.5
167.5
194.5
61.0
85.0
113.5
23.5
41.5
128.5
73.0
193.0
53.5
98.5
11.5
70.0
25.0
131.5
59.5
79.0
53.5
64.0
52.0
17.5
106.0
34.0
83.5
53.5
70.0
59.5
92.5
152.5
92.5
71.5
88.0
109.0
38.5
157.0
41.5
35.5
89.5
200.5
160.0
118.0
148.0
157.0
154.0
164.5
16.0
65.5
88.0
127.0
163.0
92.5
68.5
107.5
136.0
70.0
95.5
103.0
82.0
175.0
148.0
139.0
28.0
61.0
85.0
47.5
55.0
67.0
82.0
101.5
43.0
37.0
19.0
128.5
100.0
107.5
136.0
56.5
77.5
187.0
212.5
61.0
67.0
131.5
139.0
26.5
164.5
41.5
166.0
65.5
101.5
134.5
49.0
47.5
52.0
74.5
26.5
97.0
77.5
115.0
61.0
142.0
89.5
71.5
154.0
61.0
22.0
137.5
62.5
100.0
79.0
127.0
88.0
7.0
107.5
85.0
137.5
46.0
7.0
92.5
94.0
77.5
43.0
151.0
68.5
37.0
143.5
44.5
46.0
61.0
52.0
58.0
104.5
40.0
148.0
172.0
62.5
76.0
118.0
163.0
146.5
65.5
40.0
163.0
25.0
32.5
67.0
181.0
88.0
49.0
107.5
56.5
113.5
110.5
14.5
49.0
214.0
158.5
113.5
31.0
134.5
61.0
37.0
98.5
67.0
19.0
29.5
25.0
140.5
67.0
62.5
37.0
52.0
212.5
50.5
106.0
53.5
70.0
19.0
64.0
103.0
71.5
58.0
95.5
215.5
202.0
163.0
109.0
86.5
127.0
143.5
22.0
160.0
125.5
43.0
122.5
46.0
125.5
73.0
74.5
134.5
154.0
74.5
71.5
46.0
20.5
43.0
187.0
62.5
124.0
179.5
83.5
103.0
98.5
217.0
65.5
41.5
100.0
155.5
166.0
133.0
193.0
65.5
62.5
145.0
133.0
31.0
62.5
76.0
86.5
127.0
101.5
7.0
88.0
164.5
71.5
61.0
92.5
145.0
85.0
5.5
38.5
70.0
131.5
116.5
40.0
124.0
47.5
37.0
97.0
68.5
148.0
161.5
47.5
155.5
71.5
80.5
85.0
89.5
88.0
62.5
119.5
178.0
142.0
152.5
79.0
202.0
127.0
118.0
88.0
142.0
124.0
91.0
79.0
73.0
67.0
131.5
89.5
50.5
70.0
110.5
178.0
56.5
100.0
142.0
41.5
145.0
115.0
91.0
19.0
49.0
55.0
44.5
20.5
52.0
148.0
86.5
8.5
119.5
133.0
205.0
83.5
130.0
43.0
32.5
103.0
71.5
92.5
56.5
107.5
64.0
79.0
61.0
71.5
26.5
121.0
25.0
157.0
131.5
76.0
88.0
88.0
118.0
32.5
35.5
212.5
83.5
89.5
122.5
50.5
74.5
10.0
89.5
37.0
20.5
194.5
124.0
142.0
68.5
68.5
106.0
61.0
187.0
95.5
121.0
26.5
43.0
79.0
14.5
43.0
140.5
62.5
140.5
139.0
77.5
56.5
92.5
134.5
76.0
46.0
125.5
107.5
122.5
68.5
13.0
83.5
38.5
53.5
50.5
37.0
29.5
133.0
34.0
37.0
119.5
109.0
28.0
49.0
85.0
16.0
59.5
118.0
77.5
71.5
49.0
71.5
79.0
116.5
95.5
122.5
170.5
148.0
58.0
185.5
46.0
20.5
169.0
131.5
166.0
83.5
151.0
161.5
52.0
121.0
49.0
62.5
140.5
22.0
179.5
59.5
52.0
110.5
76.0
175.0
145.0
143.5
50.5
32.5
209.5
113.5
38.5
71.5
142.0
191.5
88.0
77.5
68.5
124.0
34.0
20.5
145.0
47.5
65.5
67.0
164.5
104.5
74.5
44.5
55.0
185.5
115.0
107.5
40.0
110.5
157.0
184.0
37.0
13.0
110.5
112.0
62.5
194.5
82.0
25.0
34.0
128.5
88.0
44.5
34.0
34.0
139.0
89.5
200.5
34.0
23.5
169.0
67.0
68.5
97.0
10.0
19.0
130.0
70.0
152.5
68.5
41.5
77.5
71.5
101.5
38.5
139.0
211.0
152.5
23.5
52.0
127.0
143.5
55.0
89.5
86.5
91.0
20.5
80.5
127.0
205.0
29.5
76.0
107.5
55.0
20.5
103.0
23.5
98.5
104.5
92.5
163.0
95.5
29.5
13.0
173.5
73.0
23.5
133.0
175.0
127.0
37.0
154.0
89.5
55.0
142.0
154.0
64.0
65.5
118.0
41.5
205.0
148.0
103.0
169.0
122.5
112.0
89.5
118.0
160.0
229.0
61.0
134.5
151.0
121.0
62.5
146.5
196.0
52.0
49.0
98.5
82.0
65.5
34.0
26.5
125.5
8.5
155.5
92.5
70.0
58.0
164.5
64.0
80.5
142.0
110.5
89.5
64.0
118.0
25.0
85.0
197.5
83.5
121.0
164.5
89.5
62.5
40.0
56.5
70.0
55.0
14.5
110.5
97.0
43.0
151.0
47.5
110.5
40.0
50.5
55.0
70.0
181.0
112.0
127.0
184.0
160.0
79.0
146.5
46.0
103.0
124.0
61.0
170.5
190.0
50.5
79.0
158.5
23.5
115.0
61.0
211.0
41.5
37.0
46.0
28.0
64.0
80.5
214.0
194.5
113.5
10.0
122.5
31.0
145.0
34.0
89.5
182.5
38.5
143.5
47.5
67.0
170.5
82.0
179.5
83.5
61.0
107.5
31.0
70.0
46.0
112.0
136.0
47.5
16.0
164.5
100.0
40.0
97.0
175.0
61.0
62.5
31.0
115.0
46.0
49.0
77.5
71.5
103.0
118.0
176.5
83.5
38.5
56.5
167.5
76.0
137.5
161.5
79.0
128.5
35.5
64.0
127.0
119.5
77.5
203.5
160.0
155.5
32.5
86.5
137.5
47.5
80.5
31.0
68.5
89.5
182.5
86.5
122.5
38.5
28.0
74.5
128.5
121.0
137.5
122.5
128.5
95.5
38.5
104.5
20.5
38.5
37.0
133.0
47.5
98.5
199.0
50.5
46.0
133.0
164.5
140.5
94.0
59.5
29.5
68.5
200.5
61.0
92.5
35.5
172.0
65.5
212.5
106.0
77.5
115.0
17.5
214.0
43.0
107.5
23.5
151.0
64.0
188.5
70.0
113.5
145.0
50.5
38.5
118.0
97.0
52.0
56.5
202.0
52.0
74.5
46.0
101.5
179.5
26.5
179.5
112.0
88.0
17.5
98.5
139.0
100.0
10.0
32.5
92.5
79.0
157.0
95.5
181.0
101.5
59.5
52.0
19.0
185.5
64.0
178.0
68.5
23.5
167.5
53.5
101.5
52.0
103.0
161.5
76.0
193.0
37.0
19.0
160.0
188.5
152.5
115.0
73.0
47.5
91.0
143.5
64.0
82.0
61.0
34.0
53.5
113.5
157.0
103.0
199.0
59.5
7.0
68.5
61.0
41.5
139.0
164.5
34.0
20.5
71.5
82.0
67.0
77.5
122.5
40.0
40.0
49.0
23.5
7.0
52.0
56.5
191.5
134.5
68.5
94.0
101.5
91.0
160.0
128.5
109.0
181.0
148.0
47.5
97.0
62.5
64.0
97.0
157.0
26.5
40.0
121.0
209.5
85.0
137.5
119.5
46.0
164.5
160.0
16.0
133.0
170.5
38.5
56.5
79.0
86.5
112.0
107.5
38.5
34.0
73.0
14.5
146.5
98.5
67.0
46.0
94.0
152.5
121.0
41.5
91.0
142.0
65.5
38.5
65.5
44.5
154.0
142.0
199.0
65.5
67.0
80.5
80.5
55.0
145.0
52.0
59.5
49.0
88.0
76.0
131.5
70.0
161.5
119.5
125.5
61.0
124.0
55.0
79.0
136.0
124.0
92.5
26.5
46.0
208.0
116.5
82.0
68.5
62.5
64.0
68.5
76.0
26.5
53.5
121.0
181.0
170.5
133.0
163.0
181.0
85.0
85.0
140.5
209.5
106.0
194.5
20.5
58.0
35.5
74.5
94.0
53.5
46.0
146.5
131.5
109.0
164.5
56.5
124.0
134.5
71.5
46.0
56.5
113.5
71.5
202.0
68.5
131.5
79.0
209.5
80.5
91.0
17.5
103.0
56.5
91.0
91.0
181.0
43.0
32.5
79.0
62.5
92.5
61.0
67.0
32.5
76.0
41.5
28.0
121.0
125.5
68.5
56.5
137.5
89.5
62.5
128.5
148.0
59.5
32.5
104.5
134.5
52.0
58.0
59.5
67.0
86.5
101.5
73.0
46.0
98.5
83.5
67.0
32.5
52.0
16.0
88.0
62.5
134.5
79.0
37.0
118.0
181.0
25.0
16.0
73.0
154.0
100.0
71.5
152.5
29.5
32.5
98.5
130.0
50.5
61.0
49.0
224.5
115.0
140.5
59.5
61.0
53.5
136.0
98.5
20.5
25.0
103.0
68.5
121.0
185.5
31.0
172.0
77.5
64.0
125.5
49.0
116.5
8.5
34.0
166.0
175.0
17.5
50.5
68.5
37.0
139.0
65.5
37.0
97.0
94.0
163.0
118.0
14.5
64.0
76.0
64.0
52.0
19.0
79.0
164.5
38.5
71.5
76.0
94.0
137.5
89.5
158.5
37.0
97.0
148.0
61.0
181.0
34.0
88.0
83.5
37.0
34.0
104.5
221.5
71.5
118.0
76.0
163.0
92.5
70.0
92.5
50.5
49.0
173.5
127.0
94.0
161.5
94.0
68.5
19.0
118.0
119.5
110.5
176.5
71.5
94.0
22.0
134.5
25.0
67.0
103.0
70.0
5.5
86.5
152.5
22.0
61.0
14.5
70.0
92.5
142.0
65.5
166.0
163.0
74.5
92.5
32.5
13.0
11.5
136.0
97.0
187.0
31.0
88.0
19.0
56.5
145.0
119.5
175.0
179.5
160.0
70.0
83.5
133.0
26.5
41.5
143.5
178.0
64.0
29.5
62.5
37.0
107.5
47.5
11.5
122.5
32.5
98.5
38.5
151.0
106.0
62.5
146.5
121.0
101.5
160.0
38.5
145.0
26.5
143.5
34.0
64.0
185.5
154.0
109.0
133.0
13.0
77.5
80.5
97.0
110.5
20.5
179.5
85.0
139.0
52.0
178.0
146.5
119.5
62.5
107.5
47.5
62.5
83.5
26.5
28.0
67.0
112.0
43.0
140.5
49.0
13.0
151.0
154.0
50.5
38.5
55.0
128.5
17.5
169.0
50.5
34.0
170.5
161.5
11.5
94.0
8.5
82.0
112.0
146.5
151.0
187.0
77.5
86.5
113.5
158.5
118.0
103.0
170.5
91.0
158.5
163.0
89.5
22.0
37.0
8.5
112.0
109.0
86.5
83.5
155.5
85.0
188.5
121.0
190.0
34.0
95.5
31.0
167.5
167.5
62.5
146.5
134.5
35.5
22.0
128.5
89.5
49.0
29.5
46.0
151.0
95.5
175.0
77.5
94.0
140.5
32.5
134.5
31.0
47.5
58.0
224.5
139.0
107.5
112.0
121.0
67.0
130.0
28.0
65.5
22.0
46.0
37.0
47.5
32.5
169.0
97.0
31.0
110.5
100.0
136.0
73.0
44.5
47.5
59.5
140.5
149.5
29.5
46.0
31.0
77.5
116.5
133.0
88.0
89.5
68.5
95.5
151.0
46.0
164.5
59.5
166.0
125.5
38.5
11.5
65.5
104.5
38.5
13.0
65.5
94.0
41.5
77.5
133.0
88.0
158.5
188.5
44.5
37.0
139.0
35.5
164.5
158.5
94.0
52.0
148.0
85.0
35.5
137.5
40.0
44.5
158.5
41.5
73.0
112.0
53.5
50.5
10.0
124.0
71.5
115.0
83.5
8.5
52.0
118.0
85.0
23.5
82.0
122.5
46.0
61.0
4.0
47.5
173.5
10.0
19.0
32.5
155.5
50.5
52.0
176.5
97.0
109.0
118.0
74.5
182.5
64.0
190.0
32.5
113.5
80.5
101.5
103.0
58.0
43.0
32.5
52.0
