137.5
55.0
106.0
197.5
158.5
122.5
139.0
113.5
107.5
113.5
101.5
160.0
82.0
221.5
167.5
76.0
220.0
58.0
43.0
161.5
190.0
170.5
232.0
185.5
175.0
166.0
74.5
119.5
52.0
184.0
131.5
203.5
179.5
82.0
215.5
196.0
208.0
55.0
208.0
37.0
71.5
119.5
194.5
185.5
200.5
185.5
184.0
158.5
214.0
125.5
169.0
224.5
193.0
202.0
136.0
124.0
122.5
190.0
140.5
217.0
194.5
202.0
176.5
214.0
181.0
155.5
83.5
170.5
200.5
82.0
220.0
208.0
94.0
205.0
197.5
109.0
181.0
214.0
176.5
176.5
91.0
149.5
68.5
214.0
221.5
124.0
107.5
44.5
205.0
185.5
193.0
109.0
82.0
38.5
65.5
224.5
10.0
139.0
118.0
62.5
122.5
40.0
155.5
125.5
199.0
221.5
214.0
98.5
226.0
179.5
124.0
38.5
212.5
76.0
205.0
182.5
187.0
70.0
166.0
194.5
58.0
100.0
158.5
73.0
59.5
220.0
173.5
221.5
193.0
182.5
211.0
109.0
52.0
196.0
155.5
109.0
179.5
220.0
101.5
203.5
110.5
160.0
217.0
199.0
181.0
212.5
208.0
127.0
179.5
238.0
193.0
136.0
101.5
103.0
182.5
200.5
91.0
67.0
209.5
215.5
88.0
181.0
106.0
71.5
86.5
112.0
178.0
161.5
212.5
37.0
77.5
185.5
34.0
107.5
88.0
157.0
206.5
92.5
163.0
181.0
173.5
178.0
82.0
148.0
94.0
218.5
175.0
151.0
118.0
58.0
173.5
178.0
82.0
88.0
161.5
181.0
44.5
98.5
80.5
170.5
214.0
134.5
212.5
154.0
212.5
227.5
208.0
229.0
179.5
203.5
205.0
188.5
226.0
241.0
149.5
194.5
55.0
206.5
55.0
196.0
104.5
41.5
29.5
211.0
101.5
188.5
191.5
230.5
163.0
184.0
172.0
220.0
52.0
152.5
97.0
43.0
82.0
49.0
227.5
176.5
229.0
167.5
13.0
224.5
46.0
239.5
112.0
79.0
226.0
221.5
53.5
130.0
163.0
179.5
62.5
175.0
172.0
208.0
127.0
202.0
181.0
202.0
218.5
184.0
107.5
214.0
124.0
217.0
20.5
76.0
176.5
190.0
100.0
161.5
121.0
170.5
133.0
91.0
119.5
196.0
124.0
172.0
229.0
185.5
170.5
190.0
85.0
176.5
181.0
44.5
40.0
196.0
137.5
46.0
131.5
130.0
220.0
206.5
155.5
212.5
112.0
31.0
140.5
149.5
187.0
98.5
136.0
154.0
151.0
119.5
218.5
163.0
212.5
175.0
181.0
92.5
175.0
127.0
193.0
151.0
203.5
188.5
107.5
193.0
167.5
218.5
196.0
209.5
50.5
62.5
172.0
40.0
65.5
202.0
191.5
116.5
88.0
152.5
202.0
224.5
55.0
68.5
62.5
128.5
191.5
160.0
173.5
211.0
202.0
193.0
209.5
200.5
52.0
179.5
59.5
221.5
202.0
149.5
149.5
202.0
205.0
158.5
191.5
178.0
173.5
97.0
8.5
71.5
187.0
97.0
187.0
184.0
109.0
176.5
131.5
215.5
157.0
209.5
151.0
200.5
205.0
173.5
194.5
241.0
181.0
106.0
73.0
221.5
100.0
182.5
74.5
100.0
175.0
215.5
185.5
170.5
199.0
187.0
133.0
173.5
194.5
167.5
176.5
101.5
209.5
149.5
118.0
193.0
179.5
116.5
47.5
223.0
205.0
208.0
224.5
71.5
202.0
206.5
131.5
118.0
178.0
208.0
5.5
149.5
194.5
197.5
161.5
221.5
145.0
182.5
110.5
82.0
94.0
238.0
139.0
238.0
211.0
77.5
190.0
226.0
196.0
194.5
64.0
89.5
191.5
196.0
32.5
187.0
157.0
34.0
64.0
160.0
191.5
185.5
176.5
55.0
172.0
202.0
173.5
44.5
202.0
190.0
178.0
194.5
212.5
89.5
167.5
137.5
106.0
197.5
91.0
107.5
142.0
218.5
176.5
182.5
47.5
167.5
50.5
77.5
148.0
212.5
149.5
197.5
26.5
73.0
131.5
182.5
211.0
197.5
65.5
214.0
155.5
131.5
34.0
181.0
202.0
167.5
146.5
98.5
205.0
79.0
161.5
56.5
218.5
217.0
182.5
158.5
169.0
190.0
154.0
199.0
182.5
68.5
200.5
224.5
85.0
106.0
146.5
110.5
199.0
209.5
40.0
23.5
209.5
181.0
139.0
113.5
22.0
89.5
164.5
103.0
163.0
160.0
103.0
136.0
61.0
115.0
163.0
131.5
154.0
134.5
136.0
133.0
173.5
176.5
152.5
203.5
59.5
212.5
197.5
136.0
80.5
172.0
110.5
70.0
211.0
208.0
217.0
175.0
199.0
205.0
79.0
202.0
161.5
152.5
55.0
172.0
178.0
130.0
125.5
91.0
208.0
91.0
164.5
175.0
71.5
217.0
185.5
172.0
100.0
211.0
77.5
127.0
209.5
185.5
206.5
140.5
181.0
233.5
94.0
176.5
46.0
52.0
169.0
170.5
91.0
199.0
197.5
88.0
55.0
209.5
133.0
157.0
229.0
88.0
133.0
46.0
95.5
181.0
59.5
185.5
88.0
148.0
97.0
128.5
160.0
205.0
185.5
77.5
155.5
23.5
106.0
149.5
109.0
82.0
203.5
146.5
37.0
194.5
178.0
212.5
131.5
217.0
184.0
89.5
92.5
112.0
200.5
188.5
199.0
151.0
196.0
98.5
208.0
82.0
146.5
196.0
211.0
176.5
202.0
100.0
85.0
211.0
182.5
131.5
139.0
200.5
136.0
128.5
205.0
211.0
109.0
139.0
137.5
184.0
199.0
209.5
155.5
104.5
127.0
37.0
40.0
157.0
188.5
133.0
160.0
211.0
163.0
121.0
145.0
133.0
142.0
158.5
206.5
29.5
211.0
142.0
142.0
107.5
191.5
193.0
55.0
181.0
226.0
113.5
35.5
215.5
37.0
205.0
163.0
226.0
166.0
70.0
205.0
199.0
184.0
205.0
206.5
149.5
184.0
92.5
187.0
179.5
89.5
229.0
47.5
221.5
34.0
209.5
80.5
202.0
200.5
158.5
218.5
176.5
172.0
166.0
175.0
133.0
100.0
187.0
200.5
151.0
220.0
176.5
191.5
167.5
220.0
205.0
215.5
124.0
196.0
173.5
212.5
20.5
49.0
202.0
73.0
163.0
59.5
164.5
106.0
161.5
200.5
142.0
103.0
140.5
211.0
194.5
154.0
83.5
145.0
208.0
64.0
178.0
172.0
82.0
218.5
173.5
89.5
127.0
70.0
116.5
172.0
169.0
218.5
190.0
176.5
172.0
41.5
64.0
136.0
140.5
101.5
146.5
133.0
188.5
44.5
191.5
223.0
137.5
143.5
227.5
68.5
128.5
137.5
203.5
139.0
206.5
25.0
212.5
200.5
137.5
212.5
59.5
215.5
176.5
217.0
104.5
181.0
227.5
211.0
197.5
203.5
133.0
134.5
217.0
160.0
116.5
140.5
70.0
193.0
143.5
173.5
181.0
115.0
211.0
140.5
211.0
218.5
187.0
212.5
41.5
62.5
190.0
76.0
56.5
109.0
110.5
131.5
212.5
184.0
221.5
56.5
170.5
173.5
73.0
46.0
167.5
202.0
115.0
88.0
47.5
145.0
136.0
148.0
139.0
220.0
169.0
163.0
158.5
164.5
128.5
40.0
133.0
130.0
133.0
65.5
215.5
190.0
200.5
148.0
182.5
31.0
133.0
112.0
79.0
137.5
137.5
185.5
124.0
164.5
115.0
191.5
161.5
191.5
172.0
53.5
167.5
128.5
214.0
215.5
155.5
34.0
211.0
223.0
121.0
22.0
214.0
146.5
140.5
206.5
211.0
125.5
143.5
185.5
143.5
208.0
83.5
50.5
187.0
55.0
13.0
215.5
47.5
145.0
196.0
187.0
188.5
230.5
152.5
92.5
145.0
164.5
83.5
55.0
190.0
196.0
229.0
200.5
229.0
43.0
98.5
149.5
85.0
88.0
191.5
110.5
194.5
196.0
169.0
110.5
191.5
202.0
46.0
101.5
188.5
40.0
19.0
194.5
196.0
149.5
208.0
176.5
179.5
214.0
107.5
29.5
82.0
193.0
154.0
118.0
142.0
188.5
173.5
170.5
199.0
145.0
190.0
199.0
223.0
41.5
158.5
200.5
226.0
172.0
187.0
53.5
14.5
167.5
139.0
184.0
170.5
164.5
208.0
125.5
142.0
193.0
100.0
152.5
196.0
164.5
49.0
200.5
181.0
98.5
209.5
182.5
202.0
68.5
37.0
41.5
217.0
166.0
146.5
128.5
172.0
157.0
143.5
140.5
236.5
217.0
143.5
121.0
59.5
98.5
149.5
62.5
115.0
221.5
214.0
190.0
67.0
121.0
167.5
152.5
119.5
157.0
40.0
208.0
184.0
181.0
212.5
166.0
193.0
199.0
203.5
106.0
161.5
202.0
49.0
196.0
214.0
215.5
142.0
40.0
203.5
55.0
200.5
115.0
148.0
67.0
122.5
193.0
50.5
221.5
97.0
223.0
190.0
196.0
223.0
97.0
184.0
205.0
145.0
220.0
110.5
202.0
178.0
188.5
178.0
83.5
212.5
166.0
88.0
217.0
209.5
55.0
71.5
200.5
136.0
191.5
205.0
205.0
149.5
190.0
115.0
199.0
164.5
202.0
109.0
217.0
217.0
211.0
158.5
140.5
142.0
185.5
104.5
230.5
190.0
56.5
224.5
55.0
190.0
119.5
151.0
161.5
199.0
208.0
169.0
32.5
221.5
131.5
212.5
200.5
170.5
32.5
89.5
65.5
182.5
49.0
139.0
46.0
110.5
205.0
199.0
104.5
187.0
23.5
178.0
170.5
175.0
137.5
187.0
173.5
191.5
190.0
115.0
196.0
160.0
44.5
149.5
190.0
211.0
74.5
49.0
200.5
215.5
218.5
179.5
182.5
196.0
151.0
50.5
167.5
37.0
178.0
154.0
44.5
122.5
40.0
140.5
190.0
160.0
169.0
131.5
41.5
137.5
185.5
163.0
175.0
196.0
118.0
212.5
134.5
14.5
199.0
94.0
115.0
154.0
134.5
194.5
130.0
217.0
217.0
188.5
196.0
229.0
119.5
199.0
199.0
37.0
212.5
109.0
178.0
124.0
208.0
133.0
44.5
175.0
203.5
160.0
131.5
115.0
203.5
89.5
212.5
70.0
194.5
176.5
169.0
148.0
50.5
146.5
38.5
43.0
181.0
152.5
157.0
235.0
89.5
215.5
203.5
59.5
80.5
134.5
197.5
124.0
89.5
208.0
163.0
178.0
157.0
139.0
170.5
140.5
223.0
161.5
164.5
157.0
100.0
83.5
67.0
110.5
208.0
170.5
80.5
43.0
167.5
110.5
59.5
217.0
146.5
187.0
179.5
179.5
200.5
205.0
220.0
160.0
157.0
125.5
181.0
64.0
98.5
199.0
170.5
32.5
160.0
170.5
209.5
163.0
197.5
139.0
185.5
145.0
167.5
94.0
130.0
25.0
19.0
95.5
59.5
217.0
164.5
136.0
236.5
127.0
91.0
104.5
193.0
154.0
178.0
197.5
58.0
172.0
227.5
145.0
203.5
160.0
130.0
76.0
199.0
5.5
37.0
191.5
91.0
205.0
200.5
115.0
89.5
88.0
155.5
226.0
140.5
220.0
232.0
200.5
112.0
173.5
148.0
109.0
196.0
206.5
107.5
26.5
67.0
206.5
196.0
11.5
182.5
178.0
190.0
149.5
149.5
160.0
194.5
181.0
158.5
20.5
170.5
208.0
149.5
100.0
188.5
47.5
199.0
103.0
206.5
59.5
131.5
68.5
122.5
155.5
152.5
119.5
121.0
107.5
191.5
214.0
167.5
191.5
188.5
200.5
181.0
122.5
134.5
179.5
118.0
181.0
116.5
92.5
158.5
197.5
175.0
209.5
232.0
221.5
182.5
181.0
101.5
211.0
188.5
223.0
98.5
206.5
116.5
185.5
158.5
209.5
115.0
101.5
35.5
43.0
152.5
137.5
148.0
137.5
175.0
214.0
206.5
101.5
128.5
50.5
212.5
178.0
167.5
181.0
184.0
197.5
67.0
67.0
113.5
167.5
173.5
100.0
139.0
182.5
175.0
41.5
212.5
226.0
214.0
19.0
215.5
215.5
206.5
202.0
125.5
124.0
56.5
188.5
236.5
161.5
155.5
188.5
113.5
127.0
187.0
100.0
140.5
101.5
149.5
56.5
227.5
223.0
53.5
220.0
182.5
25.0
208.0
58.0
185.5
23.5
106.0
100.0
34.0
154.0
103.0
191.5
89.5
175.0
200.5
122.5
160.0
194.5
223.0
161.5
191.5
194.5
197.5
184.0
128.5
164.5
206.5
218.5
56.5
158.5
164.5
179.5
73.0
5.5
202.0
109.0
188.5
56.5
116.5
98.5
92.5
205.0
106.0
211.0
95.5
208.0
236.5
203.5
17.5
185.5
50.5
173.5
188.5
146.5
185.5
155.5
203.5
197.5
37.0
175.0
221.5
98.5
97.0
154.0
172.0
206.5
185.5
169.0
187.0
28.0
191.5
214.0
107.5
115.0
209.5
196.0
172.0
47.5
208.0
200.5
214.0
170.5
191.5
119.5
56.5
88.0
155.5
112.0
68.5
179.5
208.0
211.0
212.5
223.0
100.0
214.0
194.5
215.5
191.5
205.0
77.5
160.0
179.5
194.5
176.5
193.0
229.0
97.0
137.5
217.0
172.0
64.0
85.0
229.0
53.5
131.5
190.0
98.5
187.0
68.5
134.5
106.0
79.0
181.0
122.5
125.5
226.0
176.5
181.0
170.5
145.0
176.5
170.5
182.5
64.0
35.5
203.5
49.0
163.0
190.0
94.0
89.5
142.0
215.5
131.5
170.5
139.0
205.0
241.0
169.0
116.5
119.5
73.0
142.0
188.5
188.5
38.5
116.5
55.0
193.0
166.0
128.5
124.0
16.0
184.0
77.5
176.5
188.5
121.0
211.0
152.5
127.0
211.0
188.5
98.5
155.5
164.5
188.5
79.0
175.0
193.0
215.5
157.0
175.0
203.5
196.0
224.5
182.5
101.5
128.5
139.0
206.5
172.0
209.5
79.0
221.5
7.0
80.5
67.0
41.5
217.0
164.5
230.5
206.5
20.5
197.5
121.0
202.0
191.5
86.5
212.5
215.5
71.5
236.5
206.5
178.0
134.5
169.0
208.0
125.5
106.0
194.5
169.0
193.0
86.5
146.5
197.5
202.0
163.0
221.5
172.0
196.0
23.5
100.0
160.0
173.5
167.5
151.0
215.5
43.0
205.0
79.0
166.0
74.5
227.5
172.0
148.0
226.0
206.5
44.5
64.0
83.5
10.0
46.0
182.5
166.0
80.5
191.5
164.5
187.0
155.5
200.5
88.0
113.5
247.0
197.5
185.5
205.0
182.5
196.0
133.0
199.0
170.5
193.0
178.0
152.5
170.5
214.0
212.5
212.5
178.0
161.5
179.5
197.5
220.0
157.0
205.0
181.0
197.5
103.0
83.5
164.5
211.0
203.5
38.5
100.0
134.5
178.0
178.0
184.0
58.0
185.5
145.0
185.5
179.5
205.0
185.5
107.5
133.0
170.5
197.5
200.5
158.5
83.5
191.5
83.5
223.0
58.0
193.0
44.5
136.0
181.0
202.0
169.0
131.5
199.0
172.0
73.0
160.0
181.0
176.5
109.0
236.5
70.0
55.0
203.5
166.0
202.0
178.0
209.5
175.0
220.0
215.5
98.5
23.5
205.0
166.0
76.0
155.5
139.0
172.0
131.5
203.5
148.0
137.5
94.0
178.0
196.0
142.0
224.5
199.0
29.5
113.5
211.0
161.5
128.5
209.5
95.5
208.0
139.0
89.5
64.0
152.5
176.5
178.0
98.5
157.0
70.0
190.0
181.0
76.0
64.0
227.5
172.0
116.5
97.0
106.0
142.0
118.0
202.0
83.5
103.0
197.5
103.0
205.0
223.0
55.0
127.0
91.0
220.0
175.0
203.5
202.0
199.0
35.5
176.5
170.5
211.0
179.5
190.0
172.0
152.5
43.0
217.0
79.0
121.0
233.5
202.0
175.0
184.0
194.5
194.5
167.5
134.5
166.0
181.0
202.0
220.0
209.5
188.5
176.5
88.0
176.5
142.0
175.0
137.5
53.5
140.5
151.0
82.0
128.5
118.0
175.0
157.0
158.5
86.5
154.0
140.5
199.0
200.5
85.0
142.0
160.0
58.0
125.5
224.5
179.5
176.5
157.0
64.0
166.0
200.5
56.5
209.5
133.0
92.5
154.0
121.0
208.0
206.5
110.5
151.0
211.0
209.5
127.0
230.5
112.0
214.0
53.5
116.5
185.5
46.0
49.0
176.5
106.0
205.0
200.5
152.5
232.0
115.0
65.5
97.0
196.0
212.5
118.0
76.0
235.0
211.0
53.5
131.5
178.0
151.0
160.0
167.5
49.0
91.0
182.5
125.5
85.0
133.0
181.0
193.0
158.5
208.0
194.5
190.0
190.0
68.5
169.0
164.5
118.0
109.0
172.0
202.0
152.5
166.0
161.5
182.5
206.5
212.5
5.5
49.0
94.0
148.0
209.5
155.5
148.0
137.5
182.5
85.0
178.0
112.0
205.0
169.0
152.5
205.0
125.5
134.5
220.0
98.5
70.0
82.0
170.5
209.5
32.5
124.0
82.0
205.0
107.5
187.0
124.0
194.5
56.5
220.0
37.0
110.5
208.0
61.0
188.5
203.5
139.0
130.0
140.5
169.0
92.5
212.5
161.5
191.5
94.0
74.5
212.5
140.5
167.5
209.5
89.5
223.0
170.5
83.5
188.5
89.5
22.0
83.5
194.5
181.0
148.0
143.5
181.0
139.0
203.5
112.0
61.0
173.5
187.0
88.0
133.0
224.5
194.5
229.0
187.0
196.0
119.5
58.0
184.0
158.5
187.0
49.0
149.5
154.0
220.0
202.0
86.5
148.0
128.5
158.5
67.0
197.5
143.5
167.5
215.5
235.0
118.0
196.0
40.0
109.0
203.5
202.0
160.0
211.0
109.0
170.5
151.0
227.5
184.0
202.0
199.0
50.5
28.0
235.0
187.0
157.0
215.5
19.0
110.5
23.5
119.5
164.5
119.5
140.5
37.0
65.5
110.5
209.5
208.0
106.0
148.0
190.0
116.5
185.5
85.0
116.5
104.5
49.0
59.5
146.5
193.0
131.5
143.5
50.5
203.5
112.0
40.0
179.5
187.0
70.0
178.0
212.5
58.0
83.5
148.0
191.5
209.5
172.0
194.5
145.0
197.5
55.0
178.0
227.5
227.5
109.0
50.5
28.0
196.0
221.5
38.5
140.5
5.5
200.5
152.5
197.5
116.5
230.5
182.5
17.5
238.0
155.5
121.0
149.5
212.5
94.0
202.0
176.5
190.0
160.0
86.5
73.0
211.0
182.5
196.0
112.0
184.0
112.0
217.0
140.5
130.0
172.0
112.0
220.0
229.0
212.5
223.0
181.0
73.0
44.5
190.0
196.0
181.0
119.5
190.0
122.5
209.5
187.0
203.5
224.5
70.0
224.5
158.5
197.5
211.0
179.5
178.0
218.5
229.0
152.5
104.5
227.5
98.5
110.5
227.5
41.5
124.0
236.5
25.0
172.0
152.5
178.0
128.5
187.0
158.5
214.0
175.0
176.5
104.5
188.5
178.0
124.0
142.0
196.0
49.0
164.5
92.5
176.5
55.0
182.5
29.5
244.0
184.0
110.5
200.5
208.0
214.0
203.5
236.5
232.0
137.5
173.5
53.5
110.5
163.0
70.0
200.5
181.0
160.0
190.0
134.5
50.5
85.0
187.0
194.5
193.0
196.0
188.5
58.0
221.5
215.5
176.5
70.0
121.0
175.0
181.0
221.5
154.0
53.5
199.0
187.0
122.5
82.0
133.0
212.5
196.0
194.5
157.0
95.5
185.5
185.5
229.0
172.0
124.0
52.0
167.5
82.0
140.5
182.5
79.0
154.0
187.0
139.0
169.0
40.0
118.0
172.0
166.0
172.0
124.0
229.0
175.0
185.5
122.5
61.0
181.0
184.0
173.5
200.5
146.5
185.5
190.0
46.0
5.5
56.5
62.5
224.5
131.5
52.0
193.0
139.0
34.0
187.0
170.5
185.5
197.5
191.5
235.0
70.0
143.5
44.5
142.0
169.0
178.0
104.5
118.0
202.0
145.0
163.0
211.0
98.5
107.5
31.0
163.0
44.5
164.5
181.0
167.5
193.0
64.0
163.0
112.0
188.5
202.0
44.5
121.0
199.0
217.0
46.0
181.0
175.0
181.0
53.5
179.5
127.0
242.5
220.0
158.5
223.0
229.0
53.5
73.0
215.5
217.0
196.0
157.0
220.0
133.0
209.5
64.0
209.5
229.0
124.0
109.0
232.0
139.0
83.5
176.5
199.0
209.5
148.0
62.5
110.5
44.5
112.0
110.5
194.5
160.0
215.5
169.0
209.5
154.0
139.0
179.5
212.5
166.0
184.0
194.5
148.0
190.0
226.0
155.5
145.0
160.0
161.5
208.0
83.5
163.0
193.0
148.0
184.0
145.0
100.0
209.5
137.5
184.0
221.5
197.5
224.5
38.5
73.0
217.0
217.0
173.5
119.5
170.5
128.5
74.5
230.5
59.5
124.0
196.0
155.5
125.5
64.0
178.0
203.5
211.0
193.0
161.5
229.0
191.5
139.0
193.0
74.5
215.5
188.5
34.0
191.5
184.0
106.0
101.5
178.0
220.0
176.5
203.5
158.5
91.0
181.0
215.5
184.0
172.0
148.0
67.0
215.5
127.0
122.5
119.5
202.0
133.0
208.0
166.0
125.5
167.5
200.5
218.5
62.5
166.0
146.5
214.0
68.5
218.5
139.0
116.5
218.5
95.5
145.0
181.0
19.0
212.5
77.5
154.0
40.0
211.0
164.5
49.0
130.0
64.0
94.0
196.0
62.5
175.0
125.5
217.0
58.0
122.5
106.0
106.0
19.0
226.0
136.0
130.0
149.5
62.5
166.0
46.0
74.5
80.5
173.5
148.0
127.0
68.5
187.0
181.0
214.0
70.0
185.5
137.5
230.5
196.0
107.5
166.0
208.0
41.5
217.0
166.0
199.0
191.5
220.0
188.5
190.0
194.5
173.5
220.0
97.0
181.0
196.0
218.5
149.5
73.0
178.0
184.0
173.5
199.0
226.0
208.0
193.0
116.5
58.0
163.0
101.5
179.5
215.5
173.5
89.5
50.5
46.0
37.0
232.0
94.0
218.5
218.5
118.0
82.0
206.5
203.5
223.0
203.5
203.5
226.0
152.5
211.0
212.5
50.5
235.0
143.5
196.0
164.5
202.0
139.0
203.5
62.5
137.5
148.0
62.5
167.5
163.0
178.0
203.5
74.5
133.0
43.0
37.0
37.0
191.5
128.5
179.5
173.5
185.5
184.0
113.5
20.5
206.5
55.0
59.5
64.0
97.0
221.5
220.0
59.5
208.0
212.5
76.0
110.5
52.0
142.0
170.5
215.5
134.5
154.0
202.0
130.0
52.0
146.5
158.5
187.0
62.5
194.5
194.5
49.0
208.0
190.0
178.0
143.5
158.5
142.0
101.5
104.5
22.0
127.0
151.0
49.0
106.0
101.5
176.5
152.5
206.5
176.5
94.0
184.0
73.0
190.0
194.5
211.0
74.5
160.0
73.0
130.0
121.0
187.0
182.5
160.0
122.5
76.0
199.0
61.0
205.0
185.5
124.0
191.5
131.5
34.0
226.0
173.5
119.5
196.0
151.0
202.0
124.0
38.5
56.5
115.0
205.0
203.5
197.5
176.5
143.5
169.0
158.5
200.5
43.0
193.0
70.0
65.5
155.5
50.5
226.0
229.0
190.0
149.5
136.0
106.0
136.0
100.0
113.5
188.5
148.0
157.0
188.5
26.5
193.0
220.0
202.0
227.5
73.0
154.0
208.0
151.0
194.5
49.0
119.5
17.5
140.5
125.5
209.5
121.0
193.0
136.0
151.0
188.5
32.5
193.0
175.0
124.0
116.5
220.0
142.0
119.5
166.0
178.0
200.5
182.5
161.5
112.0
52.0
178.0
184.0
220.0
166.0
197.5
163.0
209.5
169.0
184.0
166.0
190.0
161.5
163.0
173.5
71.5
127.0
235.0
43.0
154.0
145.0
55.0
173.5
107.5
127.0
152.5
14.5
32.5
142.0
197.5
217.0
229.0
169.0
226.0
236.5
170.5
97.0
188.5
188.5
211.0
179.5
202.0
206.5
125.5
116.5
166.0
191.5
197.5
172.0
161.5
220.0
152.5
122.5
167.5
217.0
89.5
211.0
118.0
91.0
185.5
41.5
50.5
193.0
97.0
200.5
124.0
125.5
203.5
142.0
88.0
80.5
217.0
49.0
89.5
161.5
134.5
190.0
71.5
215.5
187.0
188.5
209.5
88.0
205.0
151.0
172.0
208.0
191.5
179.5
118.0
89.5
221.5
149.5
172.0
124.0
95.5
88.0
200.5
131.5
163.0
188.5
139.0
190.0
143.5
58.0
199.0
175.0
218.5
161.5
221.5
227.5
190.0
215.5
134.5
170.5
209.5
20.5
137.5
215.5
143.5
191.5
130.0
176.5
130.0
209.5
59.5
154.0
160.0
91.0
197.5
131.5
151.0
157.0
217.0
196.0
53.5
145.0
128.5
38.5
221.5
169.0
169.0
217.0
181.0
157.0
203.5
238.0
224.5
191.5
52.0
110.5
68.5
184.0
223.0
214.0
185.5
157.0
202.0
205.0
200.5
73.0
184.0
206.5
164.5
92.5
157.0
209.5
85.0
47.5
104.5
113.5
107.5
187.0
172.0
136.0
163.0
184.0
172.0
122.5
170.5
226.0
184.0
13.0
44.5
203.5
80.5
145.0
227.5
26.5
46.0
196.0
215.5
149.5
230.5
166.0
172.0
67.0
173.5
196.0
190.0
136.0
196.0
224.5
55.0
188.5
190.0
176.5
122.5
206.5
217.0
193.0
170.5
55.0
163.0
137.5
59.5
173.5
26.5
128.5
188.5
224.5
131.5
98.5
119.5
137.5
206.5
148.0
220.0
205.0
197.5
187.0
166.0
211.0
71.5
146.5
52.0
143.5
170.5
209.5
211.0
181.0
91.0
145.0
197.5
224.5
178.0
226.0
184.0
146.5
155.5
92.5
194.5
175.0
100.0
73.0
28.0
178.0
143.5
130.0
196.0
101.5
184.0
203.5
134.5
83.5
101.5
50.5
52.0
175.0
145.0
184.0
176.5
224.5
59.5
133.0
199.0
173.5
157.0
92.5
196.0
20.5
167.5
175.0
163.0
227.5
200.5
220.0
170.5
236.5
175.0
148.0
175.0
203.5
217.0
226.0
212.5
148.0
203.5
184.0
94.0
95.5
149.5
220.0
199.0
209.5
158.5
47.5
175.0
104.5
206.5
227.5
136.0
217.0
142.0
190.0
181.0
22.0
200.5
92.5
203.5
214.0
50.5
53.5
164.5
43.0
59.5
154.0
44.5
170.5
170.5
214.0
133.0
202.0
106.0
112.0
202.0
71.5
31.0
154.0
94.0
181.0
226.0
142.0
154.0
134.5
184.0
187.0
184.0
212.5
122.5
200.5
226.0
179.5
217.0
182.5
215.5
56.5
143.5
73.0
221.5
166.0
31.0
193.0
179.5
164.5
197.5
175.0
215.5
151.0
229.0
208.0
196.0
208.0
143.5
176.5
172.0
142.0
151.0
160.0
205.0
191.5
202.0
79.0
124.0
203.5
70.0
146.5
133.0
209.5
119.5
122.5
172.0
232.0
107.5
98.5
91.0
110.5
110.5
149.5
94.0
221.5
158.5
182.5
53.5
181.0
214.0
154.0
59.5
113.5
206.5
160.0
122.5
215.5
187.0
49.0
163.0
227.5
173.5
88.0
61.0
236.5
122.5
157.0
233.5
169.0
199.0
232.0
77.5
173.5
107.5
86.5
40.0
169.0
151.0
146.5
200.5
125.5
215.5
91.0
200.5
197.5
89.5
104.5
61.0
92.5
166.0
88.0
214.0
187.0
209.5
157.0
203.5
149.5
208.0
56.5
206.5
106.0
73.0
230.5
160.0
220.0
110.5
40.0
164.5
130.0
190.0
170.5
131.5
215.5
133.0
170.5
55.0
197.5
206.5
79.0
152.5
106.0
197.5
205.0
173.5
49.0
185.5
29.5
203.5
25.0
169.0
89.5
127.0
137.5
220.0
64.0
172.0
173.5
170.5
209.5
79.0
188.5
89.5
199.0
193.0
190.0
146.5
233.5
4.0
205.0
184.0
211.0
97.0
215.5
166.0
152.5
182.5
197.5
35.5
121.0
86.5
220.0
149.5
154.0
245.5
214.0
203.5
182.5
212.5
218.5
208.0
145.0
187.0
215.5
187.0
16.0
145.0
43.0
212.5
214.0
203.5
208.0
197.5
151.0
131.5
58.0
74.5
212.5
76.0
37.0
181.0
218.5
226.0
202.0
226.0
158.5
38.5
194.5
82.0
112.0
109.0
122.5
86.5
40.0
47.5
41.5
145.0
221.5
92.5
206.5
209.5
200.5
217.0
73.0
106.0
5.5
175.0
146.5
149.5
94.0
160.0
167.5
77.5
185.5
52.0
47.5
145.0
202.0
157.0
151.0
223.0
79.0
196.0
140.5
230.5
25.0
130.0
221.5
122.5
139.0
149.5
230.5
151.0
139.0
221.5
221.5
131.5
203.5
206.5
206.5
205.0
169.0
76.0
40.0
208.0
106.0
212.5
32.5
188.5
226.0
200.5
205.0
106.0
191.5
164.5
218.5
154.0
128.5
97.0
145.0
182.5
217.0
169.0
233.5
181.0
160.0
217.0
25.0
179.5
133.0
67.0
181.0
179.5
175.0
170.5
158.5
197.5
137.5
163.0
34.0
71.5
119.5
107.5
145.0
145.0
154.0
217.0
142.0
157.0
190.0
83.5
221.5
53.5
208.0
19.0
149.5
157.0
193.0
122.5
206.5
182.5
164.5
44.5
199.0
152.5
206.5
194.5
194.5
185.5
227.5
41.5
176.5
118.0
215.5
208.0
148.0
205.0
208.0
220.0
167.5
71.5
133.0
200.5
100.0
121.0
10.0
203.5
178.0
203.5
88.0
85.0
149.5
140.5
229.0
223.0
50.5
104.5
166.0
146.5
148.0
106.0
190.0
149.5
187.0
185.5
70.0
190.0
82.0
187.0
178.0
154.0
172.0
217.0
131.5
215.5
191.5
208.0
122.5
212.5
185.5
209.5
80.5
124.0
124.0
101.5
139.0
178.0
52.0
164.5
59.5
82.0
143.5
80.5
38.5
179.5
173.5
175.0
164.5
194.5
199.0
140.5
208.0
193.0
235.0
100.0
206.5
136.0
113.5
79.0
194.5
41.5
187.0
227.5
134.5
235.0
233.5
200.5
167.5
208.0
121.0
209.5
233.5
212.5
205.0
190.0
209.5
143.5
149.5
155.5
145.0
184.0
68.5
166.0
185.5
118.0
208.0
208.0
227.5
196.0
176.5
115.0
187.0
55.0
194.5
62.5
73.0
160.0
197.5
40.0
197.5
59.5
202.0
151.0
164.5
155.5
139.0
158.5
197.5
212.5
37.0
53.5
202.0
178.0
142.0
131.5
202.0
119.5
211.0
49.0
122.5
61.0
167.5
82.0
134.5
119.5
97.0
35.5
190.0
89.5
184.0
64.0
67.0
217.0
47.5
184.0
119.5
173.5
176.5
190.0
38.5
224.5
155.5
172.0
118.0
238.0
80.5
178.0
136.0
50.5
83.5
184.0
194.5
131.5
154.0
56.5
176.5
199.0
166.0
62.5
133.0
64.0
145.0
29.5
91.0
128.5
152.5
220.0
160.0
160.0
151.0
164.5
112.0
122.5
89.5
212.5
56.5
182.5
86.5
175.0
100.0
110.5
185.5
101.5
211.0
176.5
107.5
218.5
76.0
166.0
113.5
136.0
187.0
142.0
181.0
227.5
227.5
224.5
55.0
160.0
52.0
137.5
52.0
218.5
182.5
104.5
224.5
173.5
143.5
164.5
101.5
190.0
92.5
46.0
224.5
172.0
143.5
199.0
145.0
197.5
179.5
80.5
185.5
184.0
64.0
184.0
68.5
115.0
152.5
131.5
137.5
187.0
94.0
158.5
202.0
23.5
154.0
202.0
160.0
119.5
220.0
202.0
137.5
151.0
145.0
211.0
121.0
188.5
197.5
103.0
140.5
152.5
127.0
17.5
101.5
98.5
170.5
191.5
143.5
188.5
47.5
128.5
58.0
224.5
190.0
175.0
44.5
164.5
56.5
88.0
140.5
154.0
155.5
191.5
38.5
73.0
166.0
191.5
143.5
170.5
172.0
224.5
203.5
200.5
113.5
100.0
227.5
130.0
166.0
169.0
164.5
184.0
122.5
185.5
77.5
155.5
92.5
115.0
163.0
113.5
200.5
43.0
215.5
37.0
184.0
211.0
235.0
202.0
104.5
163.0
206.5
205.0
170.5
151.0
211.0
221.5
169.0
158.5
148.0
140.5
188.5
173.5
158.5
50.5
103.0
193.0
211.0
143.5
188.5
181.0
214.0
226.0
215.5
118.0
47.5
158.5
202.0
229.0
68.5
91.0
100.0
49.0
178.0
68.5
211.0
181.0
110.5
214.0
122.5
208.0
88.0
158.5
193.0
175.0
125.5
199.0
49.0
41.5
163.0
203.5
67.0
187.0
185.5
73.0
130.0
67.0
224.5
145.0
185.5
128.5
236.5
185.5
34.0
154.0
41.5
182.5
133.0
199.0
97.0
232.0
115.0
163.0
203.5
64.0
194.5
218.5
193.0
169.0
200.5
212.5
169.0
226.0
133.0
140.5
149.5
214.0
170.5
190.0
206.5
197.5
100.0
193.0
31.0
149.5
155.5
175.0
211.0
205.0
193.0
133.0
197.5
64.0
82.0
236.5
187.0
113.5
193.0
194.5
119.5
202.0
25.0
175.0
58.0
173.5
41.5
37.0
175.0
100.0
119.5
218.5
152.5
140.5
220.0
88.0
122.5
70.0
70.0
59.5
181.0
184.0
107.5
224.5
173.5
155.5
137.5
137.5
89.5
58.0
200.5
118.0
106.0
194.5
104.5
104.5
214.0
175.0
166.0
152.5
193.0
154.0
101.5
184.0
11.5
157.0
217.0
181.0
226.0
178.0
91.0
109.0
140.5
95.5
67.0
109.0
62.5
212.5
169.0
208.0
98.5
212.5
100.0
208.0
175.0
58.0
230.5
149.5
77.5
175.0
199.0
187.0
80.5
19.0
194.5
178.0
182.5
169.0
97.0
167.5
209.5
77.5
65.5
193.0
136.0
134.5
119.5
113.5
221.5
211.0
176.5
163.0
13.0
187.0
155.5
80.5
184.0
203.5
191.5
43.0
203.5
182.5
97.0
125.5
205.0
83.5
85.0
56.5
164.5
161.5
182.5
145.0
217.0
74.5
193.0
76.0
221.5
172.0
152.5
101.5
137.5
190.0
179.5
148.0
214.0
148.0
107.5
160.0
221.5
176.5
172.0
52.0
94.0
155.5
164.5
74.5
163.0
142.0
200.5
220.0
98.5
134.5
46.0
140.5
191.5
170.5
178.0
107.5
188.5
79.0
193.0
193.0
220.0
169.0
200.5
143.5
158.5
49.0
182.5
88.0
167.5
152.5
232.0
113.5
196.0
206.5
233.5
107.5
218.5
169.0
154.0
185.5
212.5
145.0
29.5
190.0
215.5
140.5
136.0
163.0
169.0
167.5
110.5
25.0
218.5
26.5
188.5
166.0
182.5
128.5
175.0
95.5
230.5
164.5
173.5
68.5
167.5
104.5
175.0
158.5
193.0
5.5
196.0
64.0
211.0
194.5
158.5
112.0
191.5
100.0
137.5
206.5
82.0
190.0
50.5
80.5
103.0
211.0
191.5
199.0
47.5
67.0
215.5
208.0
170.5
184.0
242.5
148.0
223.0
35.5
167.5
124.0
136.0
215.5
128.5
172.0
191.5
217.0
74.5
92.5
118.0
149.5
199.0
209.5
205.0
56.5
218.5
53.5
175.0
196.0
20.5
106.0
206.5
181.0
203.5
158.5
193.0
161.5
148.0
218.5
154.0
179.5
88.0
37.0
181.0
235.0
131.5
160.0
116.5
224.5
119.5
182.5
143.5
193.0
107.5
140.5
115.0
103.0
119.5
157.0
151.0
28.0
62.5
67.0
194.5
139.0
211.0
91.0
202.0
76.0
202.0
115.0
118.0
182.5
200.5
209.5
220.0
49.0
107.5
125.5
214.0
182.5
202.0
163.0
220.0
227.5
188.5
1.0
191.5
191.5
70.0
166.0
232.0
143.5
166.0
118.0
20.5
11.5
106.0
212.5
224.5
160.0
32.5
53.5
200.5
103.0
200.5
185.5
188.5
211.0
59.5
118.0
92.5
203.5
235.0
134.5
187.0
185.5
79.0
218.5
208.0
220.0
49.0
196.0
188.5
167.5
187.0
199.0
221.5
205.0
196.0
190.0
221.5
212.5
61.0
152.5
214.0
151.0
167.5
181.0
113.5
47.5
91.0
160.0
176.5
151.0
178.0
185.5
107.5
181.0
82.0
200.5
154.0
85.0
101.5
193.0
194.5
179.5
206.5
184.0
197.5
134.5
182.5
199.0
215.5
77.5
106.0
173.5
175.0
203.5
112.0
175.0
137.5
22.0
16.0
88.0
167.5
160.0
121.0
71.5
214.0
85.0
191.5
152.5
65.5
116.5
218.5
191.5
178.0
151.0
97.0
148.0
115.0
149.5
146.5
133.0
160.0
173.5
64.0
26.5
26.5
161.5
196.0
77.5
67.0
104.5
206.5
224.5
25.0
212.5
218.5
82.0
173.5
100.0
40.0
226.0
152.5
172.0
127.0
142.0
206.5
125.5
134.5
208.0
73.0
181.0
202.0
151.0
223.0
181.0
43.0
50.5
155.5
172.0
185.5
151.0
143.5
106.0
191.5
11.5
62.5
226.0
101.5
188.5
182.5
194.5
172.0
181.0
224.5
107.5
163.0
148.0
232.0
145.0
118.0
200.5
184.0
179.5
151.0
142.0
188.5
164.5
184.0
122.5
127.0
191.5
140.5
154.0
158.5
163.0
106.0
100.0
73.0
161.5
202.0
220.0
145.0
173.5
209.5
52.0
184.0
38.5
148.0
155.5
209.5
185.5
206.5
184.0
140.5
211.0
197.5
226.0
163.0
100.0
199.0
13.0
142.0
145.0
110.5
104.5
113.5
181.0
146.5
193.0
103.0
101.5
190.0
188.5
194.5
212.5
161.5
152.5
127.0
101.5
217.0
101.5
137.5
199.0
190.0
170.5
178.0
158.5
25.0
49.0
140.5
197.5
104.5
101.5
73.0
82.0
221.5
173.5
40.0
187.0
170.5
218.5
152.5
187.0
179.5
92.5
119.5
94.0
131.5
157.0
199.0
127.0
208.0
167.5
173.5
113.5
23.5
226.0
185.5
35.5
61.0
71.5
211.0
83.5
86.5
151.0
107.5
154.0
79.0
223.0
182.5
101.5
127.0
184.0
160.0
221.5
82.0
208.0
118.0
47.5
197.5
191.5
136.0
64.0
218.5
47.5
130.0
191.5
176.5
193.0
172.0
185.5
218.5
179.5
101.5
202.0
163.0
164.5
208.0
175.0
202.0
230.5
142.0
194.5
148.0
224.5
178.0
148.0
157.0
158.5
50.5
167.5
43.0
190.0
182.5
202.0
161.5
151.0
215.5
85.0
67.0
115.0
187.0
94.0
14.5
32.5
38.5
206.5
173.5
197.5
145.0
197.5
107.5
64.0
73.0
62.5
142.0
31.0
215.5
193.0
139.0
223.0
208.0
205.0
227.5
190.0
50.5
107.5
142.0
121.0
71.5
166.0
194.5
143.5
116.5
214.0
202.0
134.5
167.5
217.0
152.5
170.5
175.0
107.5
188.5
64.0
185.5
53.5
215.5
218.5
20.5
224.5
179.5
173.5
55.0
182.5
142.0
26.5
215.5
166.0
172.0
226.0
65.5
206.5
73.0
148.0
5.5
209.5
185.5
59.5
203.5
215.5
155.5
101.5
170.5
223.0
106.0
169.0
94.0
146.5
112.0
229.0
179.5
152.5
215.5
185.5
212.5
85.0
88.0
172.0
176.5
166.0
88.0
142.0
83.5
137.5
116.5
109.0
181.0
70.0
197.5
179.5
67.0
194.5
113.5
191.5
164.5
65.5
193.0
115.0
187.0
203.5
101.5
158.5
179.5
158.5
122.5
61.0
215.5
202.0
196.0
115.0
202.0
173.5
224.5
211.0
166.0
214.0
103.0
152.5
197.5
10.0
133.0
211.0
221.5
191.5
155.5
149.5
169.0
146.5
110.5
65.5
104.5
194.5
116.5
130.0
232.0
220.0
71.5
200.5
205.0
188.5
70.0
134.5
166.0
179.5
176.5
230.5
62.5
136.0
214.0
173.5
106.0
182.5
202.0
197.5
179.5
61.0
217.0
218.5
173.5
101.5
169.0
181.0
83.5
128.5
98.5
64.0
200.5
184.0
220.0
202.0
109.0
91.0
215.5
200.5
16.0
169.0
218.5
83.5
94.0
179.5
191.5
167.5
137.5
157.0
58.0
146.5
79.0
203.5
196.0
173.5
203.5
185.5
148.0
98.5
89.5
127.0
205.0
133.0
197.5
190.0
106.0
53.5
182.5
175.0
217.0
149.5
35.5
103.0
184.0
50.5
169.0
188.5
188.5
134.5
194.5
170.5
182.5
229.0
163.0
34.0
188.5
187.0
61.0
236.5
184.0
110.5
56.5
56.5
46.0
167.5
190.0
152.5
166.0
125.5
212.5
158.5
148.0
211.0
188.5
163.0
212.5
121.0
125.5
169.0
44.5
155.5
242.5
214.0
194.5
175.0
169.0
44.5
130.0
131.5
127.0
40.0
175.0
197.5
190.0
205.0
115.0
205.0
212.5
140.5
188.5
140.5
136.0
179.5
145.0
131.5
220.0
196.0
112.0
68.5
71.5
199.0
197.5
43.0
218.5
209.5
190.0
220.0
65.5
212.5
205.0
43.0
218.5
211.0
133.0
218.5
85.0
25.0
217.0
187.0
97.0
217.0
83.5
104.5
7.0
110.5
188.5
202.0
116.5
92.5
215.5
109.0
238.0
65.5
89.5
70.0
74.5
119.5
149.5
146.5
140.5
119.5
109.0
166.0
142.0
154.0
223.0
205.0
164.5
94.0
65.5
229.0
173.5
143.5
215.5
182.5
215.5
164.5
179.5
140.5
74.5
107.5
73.0
49.0
218.5
155.5
215.5
154.0
215.5
200.5
181.0
94.0
211.0
58.0
220.0
124.0
199.0
173.5
166.0
217.0
194.5
113.5
205.0
80.5
35.5
191.5
101.5
179.5
13.0
58.0
134.5
218.5
130.0
130.0
88.0
215.5
187.0
136.0
221.5
232.0
197.5
200.5
205.0
160.0
218.5
127.0
128.5
139.0
112.0
185.5
169.0
196.0
182.5
193.0
197.5
191.5
82.0
148.0
94.0
146.5
127.0
175.0
65.5
200.5
62.5
167.5
146.5
217.0
178.0
164.5
130.0
142.0
172.0
131.5
167.5
41.5
176.5
167.5
112.0
218.5
179.5
211.0
206.5
212.5
197.5
211.0
17.5
215.5
164.5
58.0
97.0
181.0
80.5
212.5
193.0
56.5
124.0
184.0
106.0
205.0
79.0
28.0
71.5
203.5
212.5
83.5
158.5
206.5
97.0
208.0
226.0
41.5
200.5
137.5
44.5
155.5
212.5
196.0
167.5
218.5
202.0
43.0
205.0
166.0
176.5
193.0
128.5
88.0
133.0
29.5
