37.0
218.5
77.5
203.5
112.0
160.0
62.5
11.5
166.0
16.0
17.5
22.0
190.0
145.0
187.0
110.5
26.5
104.5
196.0
232.0
134.5
31.0
53.5
134.5
206.5
109.0
146.5
55.0
103.0
170.5
130.0
31.0
128.5
109.0
77.5
41.5
28.0
133.0
101.5
40.0
148.0
47.5
151.0
44.5
109.0
131.5
164.5
46.0
53.5
167.5
101.5
32.5
20.5
44.5
8.5
113.5
64.0
176.5
53.5
185.5
55.0
199.0
200.5
145.0
106.0
53.5
157.0
58.0
59.5
127.0
35.5
37.0
46.0
83.5
104.5
170.5
122.5
137.5
166.0
137.5
130.0
61.0
41.5
94.0
125.5
89.5
173.5
112.0
65.5
35.5
53.5
76.0
32.5
140.5
94.0
148.0
79.0
199.0
193.0
178.0
215.5
70.0
31.0
67.0
92.5
53.5
152.5
161.5
53.5
85.0
223.0
157.0
202.0
185.5
179.5
127.0
77.5
38.5
95.5
26.5
115.0
127.0
158.5
182.5
194.5
166.0
49.0
73.0
65.5
119.5
26.5
107.5
35.5
109.0
11.5
230.5
4.0
95.5
8.5
77.5
28.0
203.5
164.5
59.5
26.5
109.0
190.0
196.0
160.0
28.0
74.5
154.0
178.0
128.5
163.0
173.5
175.0
142.0
62.5
22.0
59.5
151.0
95.5
187.0
43.0
112.0
212.5
80.5
196.0
145.0
100.0
49.0
200.5
38.5
38.5
173.5
140.5
149.5
176.5
140.5
34.0
178.0
110.5
44.5
74.5
140.5
145.0
56.5
137.5
74.5
71.5
178.0
187.0
125.5
56.5
82.0
160.0
157.0
100.0
172.0
194.5
179.5
52.0
209.5
121.0
104.5
88.0
202.0
193.0
124.0
10.0
121.0
91.0
101.5
58.0
161.5
146.5
202.0
130.0
184.0
158.5
25.0
128.5
119.5
25.0
148.0
136.0
58.0
20.5
130.0
185.5
67.0
209.5
89.5
104.5
151.0
116.5
59.5
89.5
145.0
176.5
116.5
59.5
163.0
62.5
200.5
47.5
181.0
91.0
179.5
178.0
77.5
221.5
191.5
175.0
55.0
62.5
149.5
148.0
164.5
101.5
80.5
14.5
103.0
131.5
88.0
49.0
224.5
89.5
59.5
91.0
221.5
140.5
47.5
29.5
203.5
196.0
55.0
155.5
136.0
76.0
92.5
124.0
178.0
214.0
118.0
82.0
190.0
130.0
43.0
53.5
124.0
95.5
103.0
104.5
53.5
100.0
119.5
118.0
106.0
163.0
188.5
149.5
175.0
40.0
173.5
155.5
28.0
71.5
106.0
106.0
32.5
136.0
197.5
163.0
169.0
91.0
205.0
46.0
200.5
73.0
137.5
92.5
62.5
55.0
197.5
157.0
148.0
109.0
118.0
185.5
110.5
212.5
53.5
116.5
113.5
32.5
185.5
167.5
179.5
101.5
58.0
136.0
163.0
61.0
52.0
203.5
211.0
155.5
76.0
184.0
106.0
118.0
76.0
194.5
157.0
200.5
56.5
154.0
104.5
143.5
214.0
173.5
49.0
110.5
94.0
91.0
25.0
64.0
149.5
155.5
19.0
166.0
163.0
83.5
175.0
158.5
128.5
148.0
101.5
109.0
145.0
68.5
112.0
47.5
149.5
131.5
178.0
97.0
77.5
194.5
56.5
98.5
40.0
112.0
202.0
70.0
92.5
59.5
215.5
88.0
185.5
175.0
103.0
106.0
83.5
175.0
88.0
170.5
95.5
70.0
163.0
122.5
149.5
41.5
149.5
145.0
70.0
4.0
181.0
125.5
112.0
169.0
22.0
209.5
134.5
88.0
17.5
200.5
47.5
131.5
100.0
230.5
38.5
67.0
110.5
170.5
136.0
206.5
29.5
70.0
74.5
86.5
19.0
100.0
26.5
94.0
49.0
103.0
172.0
34.0
224.5
176.5
139.0
143.5
182.5
187.0
160.0
190.0
154.0
131.5
143.5
35.5
128.5
131.5
131.5
193.0
142.0
100.0
175.0
163.0
173.5
43.0
167.5
89.5
194.5
70.0
155.5
118.0
167.5
35.5
100.0
169.0
70.0
146.5
161.5
46.0
50.5
23.5
80.5
83.5
103.0
52.0
59.5
127.0
196.0
88.0
49.0
50.5
139.0
52.0
121.0
106.0
73.0
206.5
173.5
17.5
224.5
94.0
5.5
145.0
64.0
119.5
100.0
82.0
158.5
46.0
179.5
89.5
77.5
61.0
127.0
82.0
50.5
100.0
202.0
127.0
193.0
53.5
83.5
122.5
145.0
61.0
50.5
169.0
103.0
64.0
145.0
196.0
34.0
151.0
103.0
56.5
151.0
167.5
179.5
148.0
151.0
115.0
173.5
142.0
46.0
212.5
173.5
106.0
89.5
8.5
140.5
101.5
97.0
182.5
158.5
131.5
29.5
97.0
92.5
32.5
149.5
47.5
79.0
82.0
103.0
86.5
104.5
59.5
32.5
58.0
46.0
19.0
130.0
41.5
95.5
122.5
110.5
137.5
125.5
26.5
154.0
124.0
196.0
43.0
115.0
59.5
181.0
98.5
59.5
76.0
172.0
211.0
80.5
92.5
175.0
164.5
19.0
166.0
38.5
119.5
157.0
53.5
170.5
199.0
97.0
41.5
182.5
41.5
161.5
140.5
205.0
58.0
194.5
68.5
91.0
193.0
94.0
116.5
43.0
184.0
80.5
40.0
155.5
83.5
46.0
46.0
122.5
193.0
49.0
208.0
85.0
71.5
176.5
52.0
77.5
107.5
47.5
185.5
164.5
89.5
100.0
149.5
115.0
217.0
148.0
92.5
13.0
103.0
41.5
98.5
176.5
127.0
128.5
104.5
86.5
55.0
175.0
175.0
206.5
208.0
70.0
74.5
113.5
152.5
151.0
76.0
158.5
37.0
59.5
133.0
194.5
29.5
104.5
143.5
46.0
95.5
41.5
50.5
79.0
152.5
58.0
110.5
103.0
184.0
40.0
56.5
101.5
86.5
191.5
151.0
175.0
155.5
146.5
43.0
104.5
46.0
85.0
91.0
109.0
10.0
184.0
148.0
34.0
43.0
154.0
179.5
151.0
68.5
47.5
199.0
169.0
161.5
131.5
73.0
46.0
94.0
232.0
20.5
125.5
140.5
94.0
152.5
46.0
101.5
110.5
52.0
178.0
109.0
43.0
130.0
53.5
77.5
119.5
64.0
209.5
134.5
176.5
109.0
160.0
208.0
28.0
203.5
109.0
212.5
41.5
49.0
131.5
41.5
82.0
46.0
118.0
32.5
184.0
52.0
19.0
55.0
124.0
191.5
163.0
209.5
91.0
74.5
49.0
215.5
196.0
145.0
193.0
74.5
70.0
58.0
50.5
196.0
109.0
85.0
68.5
194.5
179.5
196.0
64.0
158.5
98.5
13.0
116.5
113.5
37.0
86.5
181.0
125.5
209.5
19.0
200.5
29.5
14.5
119.5
176.5
218.5
80.5
190.0
62.5
95.5
100.0
151.0
76.0
107.5
65.5
218.5
47.5
76.0
179.5
68.5
200.5
53.5
49.0
136.0
218.5
16.0
56.5
184.0
58.0
140.5
80.5
25.0
7.0
215.5
68.5
202.0
203.5
169.0
164.5
161.5
131.5
67.0
62.5
73.0
191.5
145.0
25.0
71.5
79.0
152.5
116.5
121.0
121.0
41.5
163.0
140.5
173.5
58.0
148.0
76.0
74.5
104.5
209.5
140.5
164.5
134.5
217.0
164.5
160.0
91.0
145.0
151.0
47.5
121.0
178.0
41.5
149.5
80.5
58.0
203.5
116.5
199.0
140.5
62.5
187.0
124.0
94.0
149.5
38.5
209.5
70.0
110.5
29.5
59.5
77.5
193.0
143.5
154.0
47.5
125.5
119.5
137.5
58.0
142.0
55.0
94.0
59.5
127.0
205.0
203.5
194.5
65.5
142.0
185.5
122.5
137.5
64.0
173.5
131.5
140.5
56.5
137.5
148.0
146.5
88.0
88.0
187.0
176.5
56.5
70.0
133.0
59.5
130.0
52.0
191.5
187.0
130.0
40.0
68.5
112.0
191.5
44.5
163.0
77.5
118.0
155.5
76.0
181.0
197.5
65.5
98.5
128.5
143.5
26.5
199.0
203.5
86.5
80.5
43.0
7.0
176.5
142.0
91.0
59.5
97.0
32.5
209.5
83.5
124.0
32.5
73.0
149.5
83.5
67.0
34.0
71.5
107.5
209.5
208.0
184.0
220.0
134.5
188.5
145.0
121.0
65.5
23.5
112.0
97.0
115.0
58.0
58.0
190.0
64.0
169.0
22.0
29.5
110.5
70.0
139.0
118.0
52.0
80.5
154.0
136.0
172.0
49.0
20.5
167.5
172.0
179.5
20.5
128.5
166.0
125.5
76.0
49.0
194.5
218.5
62.5
20.5
218.5
73.0
94.0
188.5
29.5
59.5
175.0
64.0
158.5
86.5
31.0
169.0
67.0
55.0
146.5
23.5
14.5
119.5
188.5
142.0
11.5
164.5
164.5
139.0
193.0
47.5
176.5
194.5
149.5
58.0
113.5
61.0
20.5
146.5
31.0
140.5
85.0
160.0
197.5
205.0
163.0
205.0
215.5
115.0
178.0
8.5
38.5
169.0
209.5
88.0
82.0
200.5
130.0
133.0
193.0
136.0
37.0
212.5
143.5
179.5
139.0
80.5
71.5
167.5
104.5
74.5
158.5
70.0
161.5
53.5
70.0
155.5
149.5
71.5
169.0
151.0
128.5
80.5
16.0
98.5
116.5
20.5
113.5
31.0
92.5
91.0
175.0
118.0
25.0
94.0
137.5
101.5
68.5
53.5
68.5
47.5
176.5
37.0
116.5
158.5
125.5
71.5
103.0
139.0
190.0
206.5
47.5
202.0
40.0
104.5
44.5
32.5
134.5
139.0
142.0
43.0
137.5
128.5
118.0
125.5
89.5
109.0
11.5
32.5
188.5
82.0
193.0
37.0
145.0
103.0
112.0
16.0
67.0
178.0
25.0
58.0
179.5
71.5
140.5
122.5
175.0
169.0
194.5
56.5
62.5
203.5
73.0
49.0
181.0
25.0
85.0
218.5
164.5
77.5
89.5
170.5
95.5
133.0
47.5
145.0
26.5
37.0
23.5
205.0
140.5
52.0
178.0
200.5
158.5
25.0
35.5
139.0
190.0
80.5
154.0
112.0
71.5
56.5
131.5
71.5
212.5
194.5
38.5
79.0
17.5
7.0
175.0
218.5
97.0
185.5
136.0
118.0
68.5
139.0
88.0
50.5
173.5
59.5
173.5
88.0
71.5
137.5
175.0
80.5
62.5
22.0
154.0
68.5
104.5
44.5
104.5
188.5
119.5
95.5
109.0
182.5
73.0
119.5
13.0
59.5
146.5
44.5
146.5
128.5
76.0
197.5
125.5
85.0
23.5
46.0
148.0
131.5
169.0
100.0
89.5
22.0
11.5
67.0
80.5
194.5
77.5
155.5
142.0
139.0
130.0
155.5
50.5
100.0
190.0
41.5
184.0
179.5
92.5
49.0
23.5
95.5
154.0
143.5
79.0
194.5
167.5
71.5
100.0
179.5
128.5
173.5
215.5
103.0
40.0
35.5
131.5
190.0
116.5
139.0
205.0
61.0
101.5
128.5
44.5
182.5
193.0
127.0
13.0
85.0
178.0
166.0
98.5
169.0
32.5
79.0
71.5
130.0
166.0
70.0
167.5
17.5
158.5
148.0
151.0
205.0
170.5
91.0
95.5
25.0
110.5
152.5
61.0
53.5
55.0
158.5
214.0
215.5
71.5
164.5
71.5
119.5
80.5
104.5
31.0
115.0
82.0
172.0
100.0
157.0
140.5
113.5
115.0
34.0
98.5
194.5
59.5
59.5
64.0
68.5
124.0
80.5
79.0
32.5
91.0
163.0
56.5
11.5
172.0
176.5
103.0
106.0
148.0
166.0
70.0
146.5
119.5
196.0
146.5
158.5
158.5
46.0
85.0
170.5
127.0
52.0
76.0
55.0
206.5
47.5
49.0
92.5
43.0
133.0
82.0
179.5
172.0
143.5
113.5
85.0
49.0
155.5
149.5
230.5
64.0
176.5
119.5
41.5
62.5
160.0
44.5
191.5
205.0
233.5
49.0
58.0
49.0
157.0
196.0
142.0
52.0
113.5
40.0
59.5
139.0
32.5
115.0
212.5
184.0
137.5
143.5
95.5
184.0
196.0
173.5
74.5
155.5
23.5
190.0
205.0
80.5
53.5
110.5
179.5
131.5
59.5
215.5
191.5
85.0
130.0
124.0
76.0
166.0
131.5
76.0
194.5
58.0
146.5
154.0
163.0
155.5
187.0
86.5
68.5
167.5
181.0
40.0
188.5
161.5
128.5
194.5
154.0
218.5
178.0
128.5
160.0
170.5
223.0
100.0
46.0
67.0
167.5
112.0
41.5
166.0
80.5
104.5
199.0
29.5
136.0
152.5
55.0
52.0
119.5
122.5
110.5
101.5
65.5
49.0
43.0
74.5
64.0
70.0
46.0
68.5
172.0
230.5
94.0
50.5
88.0
146.5
166.0
113.5
185.5
158.5
44.5
83.5
131.5
52.0
158.5
164.5
185.5
148.0
131.5
175.0
149.5
188.5
166.0
86.5
146.5
176.5
163.0
172.0
46.0
188.5
145.0
157.0
94.0
91.0
49.0
124.0
125.5
118.0
56.5
86.5
167.5
65.5
25.0
116.5
112.0
82.0
115.0
64.0
157.0
164.5
8.5
149.5
65.5
157.0
196.0
88.0
220.0
22.0
181.0
122.5
86.5
185.5
211.0
167.5
139.0
124.0
199.0
182.5
94.0
92.5
185.5
86.5
50.5
59.5
40.0
85.0
155.5
185.5
67.0
71.5
89.5
89.5
20.5
118.0
151.0
160.0
67.0
65.5
199.0
119.5
7.0
173.5
175.0
86.5
76.0
169.0
116.5
130.0
221.5
52.0
103.0
64.0
152.5
113.5
43.0
122.5
191.5
86.5
181.0
115.0
67.0
55.0
103.0
70.0
74.5
50.5
97.0
56.5
133.0
86.5
53.5
29.5
91.0
172.0
118.0
26.5
137.5
86.5
142.0
128.5
67.0
95.5
38.5
166.0
196.0
104.5
98.5
65.5
197.5
64.0
31.0
178.0
200.5
196.0
49.0
172.0
176.5
161.5
61.0
86.5
179.5
86.5
169.0
188.5
175.0
59.5
215.5
112.0
161.5
94.0
173.5
142.0
98.5
157.0
40.0
77.5
52.0
61.0
160.0
38.5
146.5
205.0
65.5
194.5
182.5
82.0
31.0
194.5
193.0
142.0
164.5
127.0
88.0
199.0
71.5
76.0
91.0
136.0
56.5
166.0
223.0
20.5
74.5
25.0
167.5
38.5
148.0
44.5
152.5
119.5
170.5
110.5
80.5
128.5
14.5
157.0
34.0
100.0
160.0
50.5
131.5
209.5
121.0
170.5
23.5
160.0
64.0
146.5
85.0
124.0
176.5
98.5
92.5
107.5
107.5
82.0
26.5
160.0
113.5
62.5
170.5
101.5
92.5
22.0
79.0
26.5
172.0
211.0
205.0
73.0
188.5
223.0
44.5
191.5
91.0
34.0
31.0
115.0
157.0
76.0
179.5
214.0
52.0
146.5
113.5
92.5
121.0
124.0
166.0
121.0
116.5
92.5
43.0
28.0
134.5
47.5
34.0
130.0
191.5
167.5
106.0
59.5
218.5
107.5
46.0
56.5
218.5
128.5
130.0
52.0
107.5
152.5
139.0
151.0
128.5
112.0
17.5
77.5
92.5
23.5
122.5
29.5
194.5
172.0
161.5
85.0
118.0
202.0
97.0
95.5
188.5
64.0
73.0
61.0
25.0
119.5
22.0
158.5
38.5
82.0
11.5
131.5
184.0
38.5
29.5
169.0
184.0
10.0
127.0
155.5
113.5
100.0
115.0
47.5
11.5
88.0
119.5
56.5
61.0
194.5
118.0
145.0
71.5
106.0
130.0
55.0
140.5
143.5
94.0
125.5
22.0
55.0
79.0
200.5
188.5
172.0
53.5
70.0
166.0
134.5
101.5
112.0
79.0
70.0
118.0
38.5
151.0
83.5
199.0
191.5
92.5
124.0
44.5
167.5
53.5
124.0
157.0
166.0
107.5
208.0
106.0
70.0
175.0
167.5
88.0
10.0
133.0
16.0
157.0
125.5
106.0
119.5
164.5
34.0
208.0
161.5
56.5
116.5
181.0
46.0
62.5
145.0
148.0
53.5
130.0
61.0
47.5
79.0
122.5
188.5
44.5
64.0
73.0
40.0
199.0
155.5
37.0
71.5
89.5
148.0
79.0
119.5
80.5
56.5
88.0
110.5
212.5
74.5
73.0
155.5
88.0
26.5
173.5
38.5
145.0
190.0
46.0
95.5
169.0
169.0
158.5
133.0
62.5
193.0
86.5
169.0
73.0
34.0
34.0
109.0
194.5
164.5
205.0
214.0
26.5
49.0
194.5
221.5
184.0
28.0
89.5
116.5
130.0
136.0
205.0
200.5
77.5
64.0
32.5
103.0
226.0
116.5
40.0
203.5
100.0
164.5
200.5
88.0
76.0
56.5
163.0
148.0
211.0
94.0
97.0
10.0
71.5
14.5
67.0
200.5
149.5
182.5
62.5
163.0
121.0
115.0
121.0
38.5
59.5
83.5
181.0
145.0
94.0
130.0
56.5
37.0
151.0
191.5
35.5
161.5
217.0
175.0
121.0
103.0
73.0
149.5
172.0
31.0
82.0
37.0
118.0
103.0
115.0
148.0
151.0
206.5
128.5
178.0
47.5
116.5
91.0
104.5
34.0
97.0
152.5
20.5
137.5
13.0
167.5
76.0
125.5
164.5
49.0
202.0
97.0
202.0
31.0
139.0
160.0
28.0
97.0
53.5
58.0
166.0
74.5
32.5
49.0
158.5
209.5
167.5
49.0
139.0
167.5
209.5
136.0
140.5
104.5
200.5
158.5
193.0
43.0
118.0
106.0
140.5
29.5
208.0
155.5
151.0
124.0
52.0
112.0
112.0
104.5
31.0
92.5
158.5
89.5
178.0
176.5
47.5
160.0
100.0
185.5
182.5
143.5
82.0
178.0
109.0
32.5
176.5
142.0
73.0
116.5
95.5
29.5
175.0
155.5
8.5
154.0
38.5
187.0
56.5
80.5
65.5
55.0
47.5
179.5
107.5
77.5
163.0
143.5
10.0
79.0
202.0
133.0
124.0
32.5
158.5
64.0
134.5
65.5
167.5
55.0
205.0
34.0
128.5
59.5
143.5
56.5
50.5
166.0
58.0
76.0
143.5
52.0
65.5
160.0
115.0
202.0
25.0
109.0
122.5
163.0
112.0
142.0
50.5
170.5
35.5
130.0
70.0
91.0
101.5
184.0
187.0
49.0
158.5
61.0
176.5
173.5
20.5
161.5
145.0
20.5
80.5
32.5
103.0
70.0
71.5
160.0
139.0
142.0
5.5
215.5
175.0
94.0
49.0
101.5
55.0
44.5
103.0
17.5
125.5
67.0
86.5
20.5
106.0
17.5
226.0
77.5
112.0
14.5
187.0
35.5
142.0
62.5
50.5
86.5
178.0
112.0
148.0
179.5
67.0
64.0
61.0
134.5
202.0
37.0
164.5
47.5
223.0
88.0
115.0
172.0
80.5
103.0
167.5
148.0
115.0
136.0
157.0
187.0
167.5
172.0
191.5
74.5
37.0
110.5
76.0
53.5
133.0
67.0
34.0
191.5
71.5
70.0
85.0
242.5
35.5
19.0
47.5
25.0
86.5
106.0
86.5
160.0
113.5
86.5
104.5
76.0
184.0
155.5
173.5
121.0
175.0
56.5
26.5
67.0
139.0
92.5
95.5
149.5
62.5
83.5
130.0
23.5
214.0
142.0
98.5
122.5
112.0
53.5
43.0
95.5
161.5
94.0
35.5
125.5
116.5
58.0
139.0
71.5
131.5
76.0
127.0
119.5
71.5
160.0
167.5
67.0
58.0
167.5
28.0
154.0
115.0
47.5
154.0
103.0
62.5
29.5
164.5
145.0
230.5
109.0
77.5
200.5
167.5
190.0
53.5
115.0
151.0
55.0
196.0
97.0
140.5
172.0
208.0
68.5
209.5
17.5
70.0
41.5
199.0
121.0
89.5
86.5
133.0
184.0
71.5
182.5
79.0
128.5
149.5
106.0
71.5
131.5
104.5
184.0
116.5
113.5
208.0
88.0
140.5
212.5
80.5
172.0
61.0
25.0
113.5
109.0
62.5
131.5
202.0
47.5
149.5
169.0
163.0
179.5
97.0
128.5
25.0
167.5
44.5
16.0
76.0
151.0
155.5
26.5
166.0
52.0
136.0
169.0
157.0
166.0
76.0
82.0
58.0
143.5
121.0
161.5
224.5
137.5
164.5
25.0
157.0
67.0
29.5
154.0
50.5
178.0
68.5
121.0
152.5
67.0
37.0
202.0
56.5
118.0
59.5
173.5
50.5
232.0
112.0
98.5
55.0
101.5
83.5
53.5
41.5
128.5
190.0
106.0
103.0
208.0
182.5
109.0
211.0
136.0
113.5
106.0
202.0
118.0
179.5
169.0
38.5
157.0
107.5
38.5
41.5
185.5
118.0
152.5
196.0
158.5
56.5
62.5
106.0
160.0
80.5
41.5
56.5
154.0
167.5
112.0
130.0
104.5
188.5
187.0
82.0
107.5
94.0
38.5
143.5
169.0
167.5
133.0
19.0
113.5
104.5
106.0
101.5
58.0
181.0
41.5
61.0
121.0
191.5
139.0
217.0
121.0
209.5
34.0
89.5
161.5
73.0
64.0
118.0
200.5
194.5
85.0
59.5
91.0
143.5
191.5
185.5
43.0
140.5
149.5
56.5
70.0
119.5
46.0
46.0
178.0
116.5
164.5
106.0
79.0
40.0
140.5
70.0
172.0
200.5
179.5
94.0
112.0
92.5
170.5
199.0
188.5
106.0
139.0
110.5
104.5
173.5
92.5
40.0
163.0
97.0
29.5
37.0
119.5
94.0
50.5
140.5
112.0
203.5
88.0
59.5
115.0
220.0
149.5
40.0
125.5
173.5
163.0
98.5
181.0
58.0
50.5
58.0
208.0
40.0
187.0
98.5
44.5
32.5
158.5
122.5
199.0
73.0
205.0
76.0
167.5
179.5
109.0
50.5
179.5
169.0
118.0
68.5
146.5
128.5
110.5
110.5
215.5
142.0
97.0
35.5
26.5
107.5
113.5
65.5
70.0
7.0
67.0
89.5
199.0
88.0
71.5
154.0
94.0
215.5
52.0
119.5
89.5
62.5
38.5
103.0
241.0
154.0
74.5
235.0
125.5
215.5
119.5
38.5
131.5
17.5
173.5
62.5
151.0
200.5
115.0
88.0
103.0
97.0
56.5
4.0
188.5
86.5
25.0
173.5
125.5
179.5
185.5
175.0
47.5
70.0
65.5
154.0
151.0
88.0
175.0
145.0
158.5
34.0
128.5
143.5
85.0
161.5
104.5
58.0
190.0
131.5
100.0
128.5
184.0
112.0
179.5
61.0
139.0
115.0
65.5
71.5
154.0
178.0
19.0
47.5
212.5
100.0
167.5
50.5
176.5
17.5
62.5
98.5
38.5
226.0
44.5
68.5
82.0
65.5
127.0
191.5
79.0
83.5
29.5
190.0
181.0
47.5
188.5
169.0
46.0
26.5
143.5
22.0
71.5
47.5
176.5
49.0
25.0
62.5
80.5
160.0
205.0
121.0
103.0
89.5
29.5
92.5
68.5
37.0
116.5
86.5
115.0
56.5
86.5
215.5
50.5
62.5
44.5
157.0
70.0
166.0
172.0
182.5
46.0
130.0
185.5
196.0
127.0
23.5
59.5
68.5
88.0
148.0
173.5
43.0
28.0
56.5
190.0
106.0
158.5
67.0
149.5
190.0
86.5
115.0
40.0
61.0
28.0
43.0
44.5
163.0
145.0
121.0
179.5
184.0
149.5
37.0
68.5
215.5
100.0
115.0
118.0
38.5
47.5
118.0
64.0
142.0
157.0
205.0
125.5
119.5
61.0
8.5
37.0
46.0
197.5
131.5
206.5
173.5
49.0
53.5
142.0
151.0
137.5
62.5
163.0
112.0
67.0
100.0
172.0
143.5
14.5
115.0
50.5
215.5
71.5
76.0
124.0
122.5
137.5
196.0
194.5
194.5
95.5
188.5
179.5
148.0
115.0
182.5
130.0
47.5
74.5
124.0
161.5
32.5
91.0
197.5
83.5
139.0
56.5
208.0
146.5
64.0
28.0
193.0
125.5
172.0
166.0
127.0
74.5
127.0
80.5
110.5
191.5
121.0
47.5
38.5
176.5
112.0
64.0
38.5
175.0
152.5
173.5
43.0
145.0
193.0
202.0
34.0
16.0
44.5
139.0
152.5
214.0
56.5
148.0
143.5
35.5
188.5
211.0
181.0
211.0
119.5
76.0
140.5
127.0
101.5
206.5
35.5
196.0
37.0
34.0
145.0
73.0
104.5
125.5
52.0
56.5
203.5
125.5
61.0
148.0
122.5
52.0
92.5
161.5
94.0
71.5
203.5
152.5
79.0
158.5
94.0
85.0
128.5
178.0
107.5
146.5
104.5
115.0
91.0
43.0
151.0
80.5
200.5
197.5
196.0
130.0
107.5
169.0
64.0
50.5
109.0
172.0
56.5
217.0
122.5
223.0
128.5
34.0
154.0
182.5
38.5
151.0
41.5
161.5
115.0
131.5
4.0
137.5
166.0
131.5
187.0
77.5
76.0
89.5
170.5
59.5
86.5
115.0
193.0
37.0
37.0
139.0
104.5
148.0
212.5
71.5
100.0
127.0
185.5
44.5
193.0
46.0
184.0
88.0
145.0
164.5
53.5
65.5
26.5
92.5
29.5
155.5
79.0
220.0
185.5
38.5
170.5
109.0
104.5
89.5
115.0
197.5
55.0
163.0
100.0
124.0
59.5
121.0
86.5
185.5
61.0
151.0
80.5
23.5
185.5
155.5
130.0
185.5
34.0
116.5
167.5
163.0
185.5
122.5
91.0
49.0
71.5
92.5
67.0
175.0
103.0
209.5
194.5
29.5
79.0
199.0
82.0
41.5
86.5
112.0
41.5
58.0
112.0
46.0
20.5
77.5
83.5
155.5
61.0
83.5
134.5
167.5
59.5
142.0
40.0
112.0
130.0
131.5
106.0
200.5
118.0
155.5
202.0
200.5
118.0
116.5
124.0
178.0
37.0
199.0
193.0
109.0
97.0
134.5
97.0
185.5
146.5
149.5
76.0
140.5
104.5
136.0
49.0
59.5
95.5
142.0
133.0
196.0
119.5
107.5
208.0
179.5
166.0
110.5
104.5
130.0
178.0
109.0
89.5
73.0
22.0
167.5
86.5
215.5
16.0
76.0
167.5
170.5
26.5
151.0
146.5
40.0
110.5
118.0
151.0
74.5
85.0
23.5
119.5
28.0
143.5
56.5
5.5
196.0
13.0
167.5
100.0
67.0
82.0
212.5
136.0
182.5
128.5
59.5
47.5
25.0
218.5
136.0
55.0
77.5
68.5
149.5
40.0
49.0
191.5
116.5
164.5
161.5
56.5
181.0
26.5
95.5
55.0
85.0
211.0
160.0
208.0
109.0
145.0
179.5
197.5
215.5
194.5
167.5
73.0
47.5
80.5
31.0
218.5
50.5
41.5
179.5
65.5
95.5
116.5
170.5
203.5
85.0
80.5
13.0
62.5
83.5
113.5
128.5
65.5
77.5
41.5
7.0
217.0
152.5
106.0
119.5
122.5
173.5
86.5
130.0
64.0
62.5
136.0
205.0
131.5
74.5
218.5
194.5
191.5
193.0
206.5
193.0
158.5
175.0
85.0
29.5
47.5
95.5
77.5
95.5
193.0
95.5
106.0
109.0
83.5
26.5
34.0
154.0
64.0
140.5
146.5
80.5
146.5
73.0
170.5
100.0
169.0
196.0
176.5
97.0
127.0
154.0
56.5
68.5
91.0
80.5
29.5
167.5
146.5
155.5
148.0
107.5
92.5
181.0
133.0
64.0
86.5
35.5
79.0
107.5
68.5
166.0
136.0
166.0
178.0
202.0
80.5
134.5
113.5
73.0
43.0
59.5
140.5
4.0
158.5
172.0
73.0
200.5
16.0
73.0
80.5
67.0
187.0
142.0
131.5
52.0
68.5
133.0
44.5
62.5
203.5
16.0
101.5
122.5
74.5
125.5
172.0
95.5
136.0
101.5
133.0
62.5
28.0
155.5
211.0
208.0
146.5
71.5
43.0
143.5
23.5
46.0
137.5
64.0
62.5
23.5
65.5
163.0
61.0
160.0
136.0
65.5
178.0
118.0
124.0
182.5
124.0
7.0
145.0
41.5
131.5
134.5
206.5
121.0
130.0
218.5
182.5
40.0
157.0
217.0
218.5
112.0
179.5
53.5
131.5
55.0
58.0
184.0
29.5
178.0
185.5
137.5
43.0
22.0
175.0
145.0
164.5
128.5
28.0
77.5
95.5
86.5
158.5
176.5
100.0
134.5
131.5
155.5
119.5
32.5
52.0
191.5
193.0
134.5
148.0
122.5
101.5
206.5
158.5
100.0
175.0
146.5
56.5
148.0
166.0
154.0
32.5
208.0
152.5
151.0
106.0
91.0
70.0
91.0
73.0
179.5
149.5
55.0
170.5
77.5
142.0
1.0
182.5
97.0
109.0
83.5
179.5
124.0
193.0
119.5
137.5
26.5
140.5
127.0
16.0
85.0
172.0
26.5
100.0
194.5
175.0
187.0
94.0
59.5
167.5
86.5
14.5
58.0
85.0
149.5
76.0
133.0
61.0
124.0
164.5
106.0
22.0
116.5
61.0
47.5
47.5
146.5
52.0
11.5
91.0
193.0
136.0
158.5
128.5
19.0
14.5
122.5
11.5
160.0
13.0
85.0
46.0
40.0
158.5
88.0
148.0
142.0
34.0
86.5
208.0
127.0
182.5
166.0
74.5
185.5
134.5
116.5
184.0
25.0
185.5
155.5
38.5
49.0
4.0
163.0
4.0
46.0
130.0
160.0
52.0
199.0
2.5
11.5
32.5
50.5
41.5
139.0
52.0
65.5
145.0
17.5
82.0
193.0
203.5
125.5
104.5
77.5
139.0
35.5
197.5
56.5
37.0
37.0
91.0
40.0
92.5
187.0
65.5
20.5
181.0
172.0
107.5
86.5
83.5
61.0
70.0
197.5
127.0
196.0
164.5
104.5
121.0
76.0
115.0
32.5
196.0
187.0
91.0
124.0
179.5
203.5
130.0
49.0
142.0
179.5
97.0
106.0
38.5
56.5
88.0
211.0
193.0
100.0
70.0
103.0
109.0
41.5
98.5
88.0
91.0
112.0
37.0
115.0
113.5
113.5
7.0
143.5
124.0
124.0
116.5
43.0
55.0
71.5
31.0
94.0
80.5
178.0
82.0
46.0
80.5
47.5
110.5
194.5
167.5
133.0
137.5
169.0
224.5
46.0
157.0
37.0
86.5
173.5
16.0
68.5
215.5
118.0
152.5
38.5
94.0
185.5
74.5
17.5
131.5
176.5
74.5
16.0
176.5
191.5
163.0
47.5
59.5
140.5
97.0
187.0
128.5
149.5
127.0
116.5
37.0
43.0
155.5
91.0
92.5
38.5
113.5
154.0
185.5
71.5
146.5
133.0
80.5
184.0
37.0
197.5
107.5
200.5
17.5
38.5
136.0
205.0
140.5
32.5
8.5
128.5
178.0
206.5
124.0
8.5
101.5
13.0
62.5
28.0
98.5
13.0
92.5
103.0
170.5
149.5
137.5
86.5
46.0
173.5
206.5
190.0
107.5
179.5
31.0
137.5
218.5
76.0
143.5
157.0
92.5
80.5
134.5
179.5
67.0
61.0
76.0
149.5
100.0
26.5
89.5
109.0
148.0
83.5
95.5
155.5
71.5
101.5
77.5
202.0
25.0
212.5
89.5
65.5
128.5
61.0
86.5
79.0
139.0
97.0
167.5
106.0
115.0
46.0
98.5
19.0
73.0
224.5
103.0
139.0
38.5
25.0
155.5
85.0
73.0
160.0
131.5
187.0
163.0
13.0
103.0
88.0
71.5
166.0
146.5
170.5
115.0
208.0
131.5
98.5
218.5
184.0
76.0
151.0
73.0
88.0
229.0
82.0
94.0
100.0
58.0
110.5
113.5
191.5
55.0
61.0
38.5
157.0
191.5
85.0
89.5
125.5
193.0
92.5
124.0
65.5
65.5
59.5
80.5
206.5
67.0
22.0
172.0
82.0
50.5
124.0
146.5
65.5
142.0
26.5
109.0
145.0
191.5
77.5
80.5
173.5
128.5
7.0
170.5
194.5
170.5
56.5
14.5
172.0
56.5
140.5
155.5
221.5
35.5
145.0
191.5
41.5
82.0
172.0
29.5
196.0
107.5
187.0
145.0
43.0
107.5
80.5
170.5
176.5
95.5
116.5
208.0
127.0
55.0
64.0
23.5
28.0
47.5
109.0
137.5
193.0
163.0
151.0
76.0
86.5
152.5
61.0
197.5
205.0
167.5
106.0
62.5
91.0
106.0
67.0
28.0
181.0
167.5
34.0
128.5
172.0
28.0
233.5
148.0
161.5
85.0
197.5
107.5
205.0
137.5
101.5
185.5
110.5
139.0
56.5
128.5
191.5
148.0
89.5
52.0
95.5
121.0
43.0
26.5
196.0
152.5
118.0
106.0
80.5
187.0
191.5
26.5
7.0
64.0
151.0
80.5
73.0
145.0
176.5
79.0
122.5
58.0
190.0
31.0
52.0
106.0
62.5
41.5
47.5
100.0
164.5
107.5
160.0
182.5
53.5
169.0
215.5
55.0
208.0
40.0
197.5
199.0
128.5
196.0
80.5
142.0
37.0
28.0
50.5
191.5
25.0
131.5
74.5
178.0
136.0
139.0
103.0
80.5
229.0
62.5
77.5
62.5
203.5
5.5
163.0
167.5
175.0
43.0
194.5
80.5
95.5
19.0
88.0
80.5
152.5
73.0
190.0
59.5
181.0
167.5
64.0
52.0
80.5
137.5
178.0
164.5
116.5
208.0
109.0
182.5
172.0
208.0
190.0
25.0
103.0
116.5
137.5
130.0
148.0
53.5
41.5
13.0
76.0
64.0
124.0
188.5
176.5
67.0
67.0
64.0
184.0
134.5
10.0
182.5
184.0
197.5
61.0
137.5
61.0
176.5
85.0
139.0
89.5
178.0
79.0
8.5
131.5
25.0
97.0
139.0
116.5
65.5
208.0
140.5
35.5
58.0
125.5
209.5
170.5
134.5
181.0
91.0
155.5
155.5
185.5
44.5
47.5
146.5
199.0
185.5
85.0
80.5
89.5
77.5
55.0
32.5
157.0
179.5
89.5
52.0
55.0
88.0
185.5
196.0
142.0
199.0
95.5
62.5
32.5
158.5
209.5
181.0
161.5
121.0
148.0
26.5
98.5
157.0
193.0
44.5
79.0
109.0
79.0
158.5
110.5
139.0
212.5
170.5
46.0
136.0
76.0
52.0
70.0
173.5
163.0
134.5
91.0
178.0
53.5
53.5
218.5
44.5
52.0
53.5
238.0
190.0
26.5
184.0
119.5
40.0
172.0
41.5
190.0
172.0
50.5
76.0
200.5
226.0
106.0
14.5
221.5
178.0
47.5
76.0
55.0
23.5
118.0
149.5
11.5
152.5
68.5
41.5
143.5
167.5
94.0
74.5
167.5
127.0
118.0
158.5
89.5
139.0
176.5
200.5
112.0
194.5
52.0
170.5
187.0
164.5
178.0
191.5
29.5
179.5
215.5
20.5
116.5
110.5
166.0
52.0
68.5
17.5
23.5
110.5
115.0
83.5
43.0
71.5
49.0
206.5
32.5
164.5
17.5
166.0
163.0
146.5
65.5
32.5
73.0
47.5
67.0
86.5
37.0
55.0
157.0
14.5
19.0
20.5
73.0
170.5
214.0
62.5
149.5
169.0
82.0
154.0
179.5
83.5
29.5
199.0
134.5
85.0
49.0
175.0
100.0
62.5
35.5
206.5
172.0
53.5
43.0
104.5
148.0
83.5
181.0
28.0
191.5
35.5
40.0
34.0
125.5
206.5
121.0
59.5
98.5
109.0
64.0
185.5
46.0
205.0
133.0
110.5
44.5
217.0
181.0
136.0
176.5
130.0
209.5
221.5
157.0
11.5
10.0
169.0
191.5
62.5
68.5
196.0
124.0
131.5
214.0
40.0
52.0
50.5
35.5
158.5
107.5
104.5
71.5
121.0
89.5
163.0
143.5
215.5
215.5
203.5
188.5
64.0
125.5
193.0
143.5
53.5
74.5
166.0
68.5
127.0
164.5
74.5
95.5
65.5
110.5
128.5
22.0
107.5
196.0
91.0
187.0
140.5
40.0
176.5
199.0
151.0
143.5
194.5
151.0
94.0
127.0
38.5
64.0
59.5
217.0
139.0
100.0
181.0
130.0
214.0
59.5
64.0
112.0
44.5
193.0
200.5
71.5
62.5
104.5
194.5
166.0
59.5
182.5
106.0
188.5
157.0
64.0
179.5
23.5
184.0
58.0
163.0
196.0
44.5
109.0
160.0
160.0
209.5
187.0
142.0
85.0
119.5
128.5
34.0
128.5
167.5
13.0
188.5
104.5
34.0
137.5
74.5
124.0
154.0
29.5
134.5
131.5
176.5
190.0
37.0
178.0
95.5
151.0
160.0
202.0
62.5
145.0
154.0
85.0
106.0
112.0
203.5
127.0
179.5
194.5
205.0
218.5
181.0
172.0
49.0
65.5
166.0
82.0
10.0
197.5
70.0
28.0
191.5
103.0
41.5
193.0
185.5
104.5
38.5
55.0
82.0
74.5
169.0
122.5
127.0
107.5
95.5
164.5
89.5
22.0
56.5
223.0
59.5
100.0
91.0
209.5
22.0
118.0
70.0
121.0
149.5
74.5
161.5
145.0
152.5
28.0
94.0
125.5
61.0
158.5
28.0
17.5
215.5
134.5
52.0
166.0
140.5
157.0
203.5
187.0
119.5
149.5
83.5
158.5
85.0
220.0
151.0
188.5
169.0
143.5
163.0
95.5
149.5
55.0
208.0
176.5
100.0
85.0
227.5
92.5
95.5
61.0
121.0
37.0
89.5
32.5
68.5
215.5
140.5
47.5
80.5
142.0
77.5
73.0
14.5
61.0
130.0
200.5
116.5
67.0
149.5
74.5
164.5
70.0
178.0
211.0
146.5
122.5
50.5
61.0
188.5
14.5
61.0
161.5
32.5
224.5
19.0
169.0
104.5
211.0
83.5
52.0
110.5
161.5
205.0
64.0
104.5
80.5
137.5
149.5
184.0
85.0
206.5
205.0
43.0
149.5
34.0
79.0
190.0
94.0
190.0
43.0
118.0
83.5
82.0
203.5
209.5
65.5
157.0
152.5
107.5
116.5
143.5
100.0
49.0
143.5
122.5
47.5
145.0
56.5
124.0
76.0
103.0
28.0
151.0
160.0
76.0
62.5
188.5
61.0
86.5
139.0
62.5
181.0
130.0
143.5
44.5
212.5
131.5
104.5
56.5
41.5
34.0
31.0
77.5
202.0
49.0
65.5
106.0
206.5
71.5
136.0
196.0
74.5
163.0
229.0
115.0
160.0
214.0
104.5
58.0
65.5
109.0
88.0
100.0
97.0
173.5
137.5
130.0
65.5
80.5
76.0
184.0
50.5
167.5
157.0
131.5
179.5
185.5
155.5
149.5
26.5
197.5
58.0
188.5
149.5
184.0
179.5
148.0
82.0
77.5
110.5
83.5
140.5
118.0
212.5
10.0
182.5
70.0
107.5
176.5
136.0
38.5
86.5
89.5
38.5
59.5
158.5
56.5
148.0
41.5
209.5
46.0
212.5
82.0
130.0
92.5
131.5
157.0
59.5
170.5
32.5
157.0
134.5
8.5
187.0
178.0
79.0
116.5
82.0
146.5
43.0
143.5
113.5
167.5
77.5
182.5
37.0
178.0
47.5
59.5
82.0
52.0
110.5
173.5
142.0
61.0
181.0
58.0
148.0
161.5
185.5
194.5
197.5
197.5
76.0
193.0
148.0
157.0
97.0
50.5
182.5
203.5
103.0
157.0
74.5
100.0
196.0
149.5
112.0
86.5
193.0
25.0
121.0
176.5
179.5
23.5
74.5
41.5
202.0
110.5
56.5
190.0
40.0
65.5
160.0
80.5
112.0
128.5
25.0
104.5
151.0
127.0
23.5
88.0
46.0
80.5
184.0
214.0
158.5
44.5
68.5
101.5
64.0
145.0
22.0
121.0
13.0
178.0
151.0
62.5
226.0
122.5
56.5
110.5
88.0
130.0
139.0
176.5
92.5
158.5
118.0
88.0
172.0
127.0
68.5
176.5
154.0
121.0
104.5
142.0
80.5
19.0
91.0
106.0
211.0
103.0
209.5
101.5
127.0
25.0
62.5
56.5
41.5
139.0
65.5
127.0
107.5
50.5
125.5
14.5
80.5
85.0
71.5
179.5
64.0
184.0
74.5
46.0
157.0
23.5
28.0
136.0
109.0
146.5
176.5
200.5
227.5
164.5
89.5
107.5
83.5
128.5
67.0
127.0
106.0
92.5
56.5
152.5
124.0
74.5
187.0
97.0
68.5
202.0
139.0
220.0
164.5
178.0
71.5
10.0
55.0
196.0
40.0
59.5
73.0
22.0
68.5
49.0
197.5
83.5
125.5
112.0
140.5
82.0
173.5
91.0
178.0
208.0
89.5
64.0
173.5
131.5
175.0
110.5
203.5
155.5
43.0
118.0
61.0
71.5
169.0
148.0
77.5
73.0
217.0
46.0
142.0
137.5
29.5
35.5
73.0
76.0
149.5
34.0
28.0
80.5
149.5
200.5
179.5
211.0
46.0
134.5
149.5
38.5
158.5
115.0
209.5
199.0
172.0
97.0
94.0
211.0
82.0
143.5
67.0
80.5
79.0
53.5
68.5
47.5
94.0
65.5
203.5
109.0
83.5
193.0
121.0
169.0
166.0
115.0
116.5
202.0
229.0
124.0
167.5
133.0
136.0
169.0
154.0
64.0
68.5
103.0
76.0
185.5
67.0
110.5
70.0
191.5
112.0
32.5
205.0
67.0
98.5
164.5
91.0
49.0
164.5
203.5
65.5
76.0
125.5
109.0
188.5
62.5
164.5
164.5
169.0
101.5
11.5
32.5
115.0
104.5
161.5
137.5
40.0
151.0
152.5
154.0
166.0
52.0
92.5
131.5
152.5
53.5
124.0
109.0
47.5
17.5
181.0
125.5
100.0
179.5
128.5
47.5
25.0
91.0
29.5
67.0
101.5
160.0
67.0
80.5
104.5
88.0
79.0
100.0
56.5
179.5
122.5
79.0
82.0
188.5
29.5
175.0
40.0
187.0
35.5
121.0
134.5
46.0
32.5
211.0
109.0
155.5
95.5
29.5
233.5
13.0
167.5
163.0
25.0
197.5
175.0
34.0
61.0
101.5
40.0
53.5
161.5
146.5
179.5
92.5
143.5
163.0
32.5
79.0
98.5
106.0
32.5
182.5
182.5
83.5
146.5
107.5
181.0
103.0
91.0
110.5
38.5
67.0
65.5
148.0
175.0
50.5
148.0
107.5
13.0
125.5
41.5
218.5
52.0
37.0
119.5
121.0
70.0
82.0
172.0
115.0
74.5
79.0
77.5
107.5
149.5
62.5
160.0
188.5
71.5
23.5
67.0
19.0
145.0
133.0
199.0
175.0
89.5
167.5
100.0
71.5
89.5
163.0
100.0
109.0
143.5
215.5
131.5
124.0
38.5
89.5
164.5
49.0
85.0
155.5
70.0
187.0
71.5
68.5
127.0
28.0
65.5
115.0
92.5
58.0
62.5
131.5
109.0
73.0
142.0
95.5
116.5
223.0
193.0
55.0
104.5
139.0
154.0
41.5
145.0
191.5
52.0
86.5
37.0
79.0
65.5
184.0
166.0
35.5
131.5
