127.0
223.0
217.0
203.5
116.5
212.5
137.5
49.0
127.0
196.0
59.5
47.5
199.0
184.0
83.5
46.0
143.5
82.0
170.5
82.0
215.5
185.5
89.5
61.0
101.5
181.0
197.5
131.5
205.0
122.5
38.5
187.0
154.0
169.0
128.5
74.5
67.0
226.0
146.5
73.0
163.0
202.0
52.0
154.0
35.5
28.0
209.5
173.5
203.5
230.5
80.5
164.5
142.0
208.0
185.5
143.5
17.5
32.5
80.5
212.5
109.0
149.5
79.0
179.5
194.5
184.0
178.0
160.0
67.0
140.5
65.5
25.0
157.0
148.0
176.5
148.0
163.0
101.5
161.5
158.5
152.5
86.5
61.0
118.0
148.0
157.0
190.0
89.5
202.0
202.0
98.5
82.0
133.0
160.0
175.0
208.0
160.0
56.5
196.0
217.0
209.5
89.5
212.5
161.5
68.5
41.5
202.0
151.0
137.5
188.5
220.0
32.5
182.5
205.0
119.5
103.0
85.0
188.5
212.5
200.5
164.5
172.0
128.5
16.0
179.5
178.0
53.5
184.0
175.0
133.0
68.5
154.0
209.5
182.5
203.5
74.5
94.0
166.0
92.5
128.5
200.5
142.0
64.0
176.5
148.0
139.0
181.0
124.0
89.5
47.5
125.5
157.0
58.0
41.5
190.0
176.5
68.5
112.0
146.5
184.0
95.5
163.0
166.0
241.0
44.5
29.5
166.0
173.5
203.5
161.5
157.0
155.5
137.5
31.0
217.0
104.5
56.5
71.5
98.5
161.5
64.0
169.0
127.0
163.0
185.5
227.5
122.5
185.5
148.0
227.5
187.0
214.0
172.0
55.0
217.0
181.0
107.5
112.0
194.5
131.5
235.0
155.5
164.5
185.5
88.0
223.0
191.5
211.0
62.5
176.5
190.0
115.0
214.0
205.0
151.0
92.5
127.0
176.5
193.0
145.0
160.0
56.5
145.0
143.5
34.0
202.0
38.5
104.5
59.5
47.5
233.5
193.0
184.0
148.0
220.0
181.0
104.5
29.5
181.0
199.0
191.5
100.0
197.5
134.5
167.5
50.5
199.0
70.0
209.5
98.5
124.0
47.5
92.5
19.0
176.5
185.5
83.5
76.0
94.0
206.5
179.5
73.0
74.5
100.0
136.0
43.0
172.0
182.5
194.5
155.5
161.5
143.5
58.0
116.5
175.0
190.0
59.5
178.0
178.0
224.5
185.5
160.0
205.0
22.0
167.5
170.5
163.0
148.0
121.0
58.0
221.5
197.5
92.5
155.5
32.5
121.0
128.5
61.0
142.0
164.5
146.5
88.0
134.5
221.5
178.0
35.5
155.5
38.5
128.5
215.5
79.0
98.5
124.0
68.5
98.5
116.5
199.0
217.0
91.0
151.0
184.0
193.0
178.0
185.5
169.0
122.5
43.0
167.5
155.5
194.5
194.5
125.5
190.0
154.0
214.0
82.0
215.5
203.5
205.0
137.5
149.5
217.0
92.5
32.5
40.0
221.5
92.5
176.5
76.0
229.0
196.0
68.5
19.0
68.5
154.0
119.5
169.0
169.0
136.0
214.0
113.5
182.5
71.5
92.5
175.0
128.5
205.0
190.0
37.0
124.0
224.5
119.5
161.5
74.5
227.5
176.5
152.5
109.0
107.5
77.5
41.5
143.5
199.0
199.0
58.0
152.5
134.5
145.0
173.5
202.0
100.0
137.5
173.5
184.0
164.5
170.5
131.5
62.5
10.0
104.5
151.0
209.5
208.0
136.0
193.0
194.5
194.5
215.5
49.0
224.5
46.0
140.5
185.5
131.5
118.0
41.5
172.0
203.5
100.0
206.5
146.5
136.0
83.5
158.5
170.5
119.5
112.0
160.0
191.5
91.0
167.5
211.0
158.5
220.0
185.5
142.0
121.0
190.0
98.5
110.5
83.5
115.0
196.0
163.0
160.0
170.5
149.5
221.5
47.5
121.0
131.5
124.0
64.0
184.0
197.5
176.5
221.5
167.5
166.0
88.0
191.5
184.0
91.0
56.5
154.0
155.5
37.0
233.5
190.0
22.0
121.0
76.0
161.5
194.5
206.5
205.0
137.5
169.0
23.5
5.5
146.5
107.5
209.5
155.5
116.5
53.5
227.5
191.5
197.5
212.5
212.5
130.0
53.5
83.5
50.5
208.0
178.0
68.5
155.5
116.5
184.0
190.0
176.5
202.0
116.5
140.5
115.0
115.0
188.5
193.0
59.5
137.5
185.5
122.5
37.0
74.5
190.0
43.0
166.0
211.0
205.0
139.0
94.0
190.0
143.5
176.5
173.5
113.5
188.5
149.5
203.5
128.5
164.5
43.0
115.0
173.5
13.0
146.5
146.5
200.5
185.5
44.5
190.0
31.0
95.5
65.5
152.5
77.5
188.5
178.0
175.0
134.5
169.0
193.0
197.5
163.0
79.0
103.0
29.5
32.5
118.0
199.0
172.0
22.0
94.0
202.0
79.0
215.5
149.5
224.5
143.5
37.0
106.0
92.5
238.0
148.0
193.0
80.5
86.5
151.0
20.5
157.0
89.5
140.5
154.0
188.5
199.0
160.0
188.5
38.5
143.5
202.0
220.0
139.0
83.5
77.5
145.0
169.0
199.0
196.0
160.0
137.5
185.5
103.0
160.0
187.0
97.0
112.0
208.0
142.0
40.0
157.0
59.5
163.0
38.5
118.0
115.0
163.0
52.0
230.5
220.0
196.0
173.5
161.5
92.5
164.5
116.5
14.5
188.5
58.0
121.0
142.0
215.5
70.0
133.0
181.0
122.5
143.5
148.0
151.0
139.0
83.5
112.0
55.0
101.5
19.0
133.0
154.0
116.5
190.0
206.5
41.5
214.0
211.0
82.0
194.5
191.5
193.0
97.0
65.5
95.5
58.0
154.0
203.5
76.0
130.0
163.0
199.0
196.0
202.0
64.0
157.0
202.0
173.5
170.5
26.5
88.0
103.0
184.0
136.0
181.0
115.0
80.5
209.5
170.5
10.0
155.5
142.0
68.5
227.5
161.5
196.0
20.5
86.5
173.5
124.0
152.5
101.5
149.5
103.0
65.5
203.5
176.5
212.5
134.5
190.0
199.0
220.0
55.0
35.5
205.0
127.0
80.5
154.0
139.0
91.0
86.5
134.5
136.0
193.0
134.5
112.0
38.5
58.0
68.5
83.5
71.5
151.0
212.5
154.0
185.5
151.0
44.5
148.0
232.0
188.5
26.5
110.5
146.5
121.0
163.0
185.5
83.5
25.0
100.0
202.0
70.0
73.0
176.5
58.0
182.5
185.5
76.0
70.0
203.5
65.5
103.0
124.0
92.5
71.5
184.0
154.0
191.5
188.5
202.0
121.0
175.0
170.5
62.5
215.5
226.0
185.5
49.0
194.5
32.5
184.0
148.0
215.5
160.0
188.5
29.5
193.0
214.0
146.5
169.0
173.5
157.0
83.5
71.5
7.0
203.5
197.5
149.5
131.5
194.5
172.0
203.5
143.5
83.5
136.0
131.5
104.5
154.0
169.0
196.0
62.5
92.5
20.5
152.5
142.0
52.0
103.0
199.0
170.5
101.5
200.5
173.5
197.5
161.5
22.0
227.5
19.0
124.0
199.0
202.0
151.0
101.5
44.5
200.5
28.0
176.5
119.5
91.0
40.0
157.0
188.5
71.5
164.5
209.5
101.5
92.5
100.0
178.0
148.0
149.5
35.5
191.5
40.0
187.0
149.5
107.5
46.0
214.0
173.5
154.0
214.0
197.5
146.5
172.0
196.0
191.5
118.0
151.0
122.5
77.5
101.5
169.0
100.0
173.5
199.0
221.5
94.0
169.0
149.5
185.5
91.0
109.0
214.0
94.0
179.5
61.0
136.0
70.0
236.5
149.5
58.0
202.0
154.0
170.5
127.0
143.5
170.5
50.5
214.0
52.0
61.0
166.0
185.5
65.5
161.5
214.0
190.0
160.0
193.0
146.5
52.0
182.5
178.0
179.5
107.5
203.5
179.5
143.5
154.0
226.0
194.5
181.0
217.0
206.5
104.5
205.0
223.0
71.5
187.0
95.5
101.5
193.0
166.0
61.0
58.0
46.0
212.5
35.5
154.0
74.5
191.5
167.5
146.5
58.0
185.5
214.0
88.0
163.0
127.0
170.5
169.0
146.5
35.5
178.0
172.0
208.0
158.5
212.5
85.0
182.5
188.5
157.0
97.0
191.5
212.5
190.0
166.0
98.5
41.5
50.5
191.5
199.0
208.0
166.0
188.5
56.5
173.5
196.0
134.5
113.5
143.5
50.5
130.0
194.5
127.0
199.0
211.0
131.5
188.5
193.0
14.5
118.0
161.5
86.5
145.0
142.0
214.0
160.0
16.0
92.5
142.0
200.5
41.5
145.0
227.5
172.0
188.5
83.5
116.5
215.5
170.5
109.0
145.0
164.5
226.0
127.0
200.5
191.5
236.5
85.0
184.0
50.5
38.5
92.5
179.5
122.5
194.5
124.0
122.5
173.5
203.5
184.0
218.5
164.5
178.0
97.0
92.5
56.5
179.5
220.0
181.0
185.5
124.0
122.5
149.5
47.5
131.5
41.5
139.0
217.0
191.5
98.5
185.5
205.0
172.0
79.0
41.5
4.0
185.5
86.5
125.5
128.5
214.0
46.0
211.0
91.0
113.5
58.0
139.0
194.5
142.0
220.0
167.5
145.0
200.5
32.5
200.5
158.5
199.0
131.5
169.0
58.0
221.5
37.0
22.0
181.0
44.5
20.5
148.0
91.0
26.5
172.0
230.5
214.0
143.5
122.5
97.0
115.0
157.0
103.0
20.5
188.5
155.5
73.0
193.0
41.5
160.0
172.0
130.0
77.5
182.5
151.0
197.5
169.0
86.5
74.5
146.5
170.5
208.0
209.5
184.0
194.5
193.0
172.0
142.0
218.5
161.5
187.0
110.5
226.0
82.0
187.0
202.0
125.5
194.5
226.0
166.0
202.0
146.5
131.5
104.5
205.0
58.0
158.5
206.5
188.5
191.5
212.5
193.0
194.5
232.0
98.5
220.0
107.5
43.0
46.0
71.5
32.5
238.0
218.5
158.5
146.5
19.0
61.0
26.5
163.0
193.0
112.0
200.5
185.5
203.5
164.5
200.5
106.0
41.5
80.5
37.0
224.5
206.5
188.5
173.5
146.5
71.5
196.0
209.5
35.5
74.5
194.5
58.0
65.5
110.5
179.5
95.5
64.0
227.5
170.5
146.5
92.5
220.0
32.5
185.5
215.5
95.5
62.5
217.0
44.5
232.0
83.5
172.0
115.0
197.5
38.5
178.0
182.5
164.5
149.5
16.0
16.0
203.5
112.0
158.5
79.0
110.5
224.5
47.5
187.0
119.5
190.0
19.0
29.5
47.5
209.5
10.0
172.0
200.5
154.0
176.5
32.5
211.0
187.0
110.5
64.0
113.5
79.0
46.0
155.5
55.0
211.0
47.5
166.0
172.0
22.0
65.5
125.5
62.5
173.5
199.0
40.0
212.5
178.0
202.0
223.0
85.0
130.0
146.5
13.0
184.0
142.0
176.5
34.0
155.5
83.5
187.0
109.0
194.5
196.0
121.0
140.5
74.5
11.5
220.0
200.5
103.0
92.5
107.5
118.0
50.5
208.0
182.5
113.5
182.5
131.5
25.0
107.5
206.5
220.0
193.0
100.0
167.5
70.0
170.5
100.0
109.0
166.0
34.0
31.0
166.0
82.0
172.0
184.0
122.5
185.5
76.0
179.5
115.0
110.5
193.0
173.5
112.0
64.0
107.5
193.0
188.5
209.5
83.5
197.5
31.0
149.5
148.0
163.0
62.5
194.5
148.0
130.0
193.0
167.5
70.0
181.0
215.5
55.0
20.5
143.5
77.5
148.0
205.0
194.5
47.5
61.0
199.0
167.5
136.0
119.5
53.5
182.5
160.0
137.5
122.5
163.0
100.0
191.5
73.0
121.0
145.0
154.0
151.0
151.0
77.5
88.0
208.0
203.5
191.5
191.5
97.0
173.5
146.5
119.5
127.0
148.0
172.0
233.5
127.0
170.5
61.0
116.5
199.0
187.0
62.5
115.0
187.0
245.5
217.0
58.0
199.0
148.0
160.0
242.5
134.5
196.0
17.5
49.0
154.0
122.5
122.5
212.5
95.5
20.5
149.5
187.0
194.5
172.0
223.0
104.5
187.0
89.5
193.0
130.0
26.5
161.5
176.5
155.5
160.0
155.5
127.0
194.5
47.5
124.0
221.5
179.5
142.0
179.5
112.0
211.0
221.5
173.5
175.0
175.0
113.5
218.5
52.0
218.5
130.0
178.0
140.5
178.0
169.0
160.0
26.5
152.5
145.0
98.5
173.5
169.0
152.5
217.0
148.0
74.5
218.5
212.5
188.5
155.5
37.0
31.0
115.0
65.5
16.0
181.0
209.5
184.0
205.0
65.5
176.5
121.0
185.5
125.5
196.0
95.5
124.0
185.5
208.0
119.5
160.0
85.0
199.0
52.0
55.0
55.0
145.0
154.0
175.0
152.5
224.5
142.0
221.5
142.0
190.0
56.5
38.5
149.5
92.5
181.0
58.0
197.5
151.0
38.5
56.5
133.0
61.0
82.0
173.5
109.0
155.5
133.0
173.5
161.5
187.0
200.5
164.5
155.5
176.5
61.0
166.0
56.5
119.5
134.5
16.0
202.0
155.5
22.0
91.0
205.0
176.5
122.5
34.0
223.0
154.0
10.0
98.5
145.0
68.5
223.0
209.5
167.5
202.0
152.5
202.0
191.5
179.5
113.5
160.0
170.5
146.5
190.0
148.0
76.0
197.5
71.5
230.5
142.0
212.5
190.0
89.5
119.5
49.0
205.0
190.0
185.5
196.0
178.0
100.0
143.5
176.5
196.0
73.0
220.0
151.0
215.5
196.0
200.5
134.5
124.0
22.0
20.5
139.0
196.0
191.5
190.0
88.0
130.0
176.5
61.0
173.5
56.5
190.0
172.0
49.0
35.5
44.5
167.5
142.0
190.0
121.0
185.5
182.5
179.5
188.5
35.5
131.5
157.0
143.5
140.5
194.5
40.0
158.5
191.5
200.5
200.5
100.0
28.0
211.0
136.0
82.0
214.0
34.0
52.0
146.5
23.5
227.5
152.5
179.5
236.5
200.5
145.0
173.5
17.5
122.5
107.5
188.5
122.5
218.5
26.5
190.0
187.0
203.5
185.5
169.0
151.0
173.5
113.5
127.0
83.5
74.5
148.0
82.0
56.5
203.5
143.5
184.0
149.5
170.5
199.0
152.5
170.5
8.5
146.5
184.0
182.5
176.5
151.0
61.0
161.5
176.5
185.5
149.5
37.0
86.5
136.0
157.0
116.5
194.5
233.5
107.5
194.5
232.0
205.0
185.5
151.0
229.0
149.5
200.5
176.5
160.0
193.0
104.5
158.5
182.5
224.5
107.5
193.0
190.0
172.0
208.0
35.5
20.5
70.0
196.0
134.5
56.5
217.0
154.0
161.5
128.5
209.5
187.0
200.5
167.5
16.0
31.0
104.5
238.0
146.5
37.0
158.5
154.0
25.0
128.5
182.5
224.5
31.0
173.5
107.5
92.5
74.5
137.5
40.0
61.0
199.0
113.5
55.0
127.0
140.5
155.5
175.0
139.0
208.0
83.5
112.0
202.0
173.5
175.0
172.0
148.0
205.0
149.5
55.0
73.0
146.5
160.0
194.5
137.5
179.5
203.5
176.5
62.5
80.5
124.0
149.5
224.5
238.0
187.0
124.0
203.5
170.5
113.5
140.5
185.5
211.0
71.5
136.0
187.0
175.0
23.5
31.0
142.0
85.0
103.0
97.0
142.0
188.5
155.5
70.0
85.0
199.0
119.5
187.0
178.0
46.0
164.5
190.0
169.0
167.5
175.0
148.0
203.5
92.5
161.5
85.0
100.0
178.0
77.5
152.5
149.5
140.5
155.5
137.5
164.5
163.0
146.5
100.0
188.5
94.0
118.0
229.0
223.0
136.0
44.5
173.5
196.0
143.5
212.5
212.5
193.0
208.0
158.5
200.5
140.5
224.5
136.0
79.0
49.0
172.0
191.5
91.0
200.5
28.0
215.5
130.0
59.5
79.0
175.0
143.5
215.5
118.0
130.0
179.5
92.5
103.0
53.5
140.5
104.5
181.0
67.0
215.5
46.0
200.5
199.0
182.5
73.0
178.0
124.0
179.5
175.0
133.0
71.5
112.0
37.0
116.5
50.5
139.0
146.5
77.5
181.0
67.0
58.0
139.0
151.0
182.5
146.5
124.0
49.0
152.5
178.0
163.0
88.0
107.5
152.5
83.5
181.0
83.5
67.0
118.0
187.0
136.0
116.5
106.0
194.5
137.5
41.5
223.0
139.0
53.5
173.5
172.0
160.0
149.5
161.5
139.0
124.0
101.5
220.0
172.0
121.0
229.0
184.0
71.5
131.5
203.5
52.0
121.0
169.0
164.5
97.0
179.5
13.0
205.0
161.5
94.0
61.0
215.5
77.5
130.0
140.5
214.0
160.0
164.5
160.0
218.5
166.0
61.0
197.5
83.5
56.5
140.5
161.5
142.0
101.5
143.5
28.0
182.5
157.0
151.0
88.0
212.5
172.0
194.5
73.0
100.0
214.0
41.5
73.0
145.0
193.0
92.5
206.5
52.0
145.0
76.0
202.0
17.5
127.0
68.5
184.0
127.0
119.5
88.0
137.5
122.5
175.0
179.5
127.0
176.5
82.0
208.0
137.5
167.5
196.0
65.5
152.5
160.0
139.0
140.5
193.0
170.5
166.0
176.5
232.0
143.5
137.5
152.5
124.0
20.5
125.5
151.0
104.5
58.0
145.0
32.5
43.0
17.5
137.5
151.0
109.0
182.5
193.0
85.0
65.5
53.5
148.0
130.0
212.5
166.0
80.5
67.0
71.5
80.5
94.0
55.0
160.0
134.5
185.5
61.0
178.0
140.5
194.5
185.5
122.5
226.0
122.5
43.0
146.5
76.0
65.5
206.5
209.5
106.0
104.5
148.0
176.5
199.0
68.5
43.0
82.0
34.0
38.5
209.5
209.5
146.5
53.5
238.0
229.0
199.0
170.5
215.5
184.0
190.0
97.0
181.0
131.5
131.5
205.0
115.0
44.5
110.5
71.5
112.0
67.0
41.5
50.5
133.0
34.0
233.5
155.5
148.0
166.0
49.0
106.0
155.5
215.5
196.0
13.0
118.0
43.0
139.0
47.5
142.0
188.5
137.5
161.5
37.0
199.0
143.5
152.5
61.0
217.0
152.5
83.5
55.0
232.0
202.0
217.0
169.0
202.0
212.5
38.5
53.5
217.0
142.0
188.5
212.5
179.5
163.0
103.0
182.5
206.5
92.5
188.5
47.5
40.0
176.5
202.0
104.5
121.0
83.5
97.0
200.5
109.0
61.0
83.5
194.5
194.5
98.5
194.5
127.0
119.5
53.5
101.5
179.5
140.5
76.0
130.0
188.5
61.0
182.5
188.5
25.0
187.0
181.0
113.5
235.0
59.5
104.5
154.0
151.0
125.5
154.0
151.0
133.0
191.5
191.5
152.5
31.0
161.5
197.5
92.5
56.5
212.5
199.0
133.0
187.0
176.5
218.5
115.0
178.0
197.5
148.0
160.0
77.5
160.0
41.5
116.5
178.0
23.5
170.5
211.0
200.5
214.0
185.5
91.0
209.5
98.5
209.5
191.5
176.5
148.0
134.5
190.0
145.0
218.5
205.0
112.0
200.5
211.0
110.5
169.0
28.0
188.5
128.5
58.0
140.5
211.0
94.0
220.0
70.0
209.5
95.5
139.0
208.0
202.0
179.5
128.5
64.0
103.0
200.5
182.5
161.5
28.0
196.0
167.5
137.5
202.0
16.0
83.5
211.0
190.0
179.5
121.0
70.0
134.5
154.0
61.0
187.0
197.5
178.0
200.5
38.5
43.0
161.5
133.0
137.5
47.5
80.5
59.5
164.5
104.5
173.5
164.5
145.0
133.0
152.5
137.5
143.5
214.0
208.0
145.0
178.0
187.0
127.0
221.5
149.5
25.0
190.0
203.5
26.5
161.5
97.0
101.5
14.5
50.5
202.0
95.5
98.5
74.5
71.5
157.0
92.5
115.0
80.5
200.5
151.0
110.5
187.0
202.0
80.5
83.5
112.0
56.5
100.0
148.0
169.0
220.0
200.5
92.5
212.5
37.0
79.0
95.5
74.5
194.5
217.0
196.0
46.0
104.5
208.0
154.0
43.0
17.5
209.5
37.0
49.0
64.0
127.0
161.5
128.5
98.5
29.5
116.5
191.5
200.5
64.0
176.5
59.5
68.5
125.5
178.0
136.0
106.0
127.0
44.5
86.5
76.0
170.5
172.0
143.5
40.0
121.0
53.5
214.0
190.0
214.0
146.5
209.5
28.0
73.0
53.5
5.5
46.0
224.5
152.5
143.5
184.0
65.5
44.5
181.0
197.5
38.5
212.5
143.5
149.5
214.0
193.0
184.0
19.0
181.0
157.0
122.5
97.0
122.5
101.5
67.0
74.5
82.0
173.5
229.0
157.0
40.0
161.5
116.5
140.5
200.5
53.5
184.0
199.0
53.5
196.0
136.0
208.0
167.5
68.5
208.0
56.5
70.0
172.0
175.0
199.0
191.5
143.5
146.5
160.0
56.5
70.0
31.0
88.0
157.0
43.0
125.5
194.5
107.5
143.5
104.5
218.5
220.0
97.0
59.5
119.5
209.5
115.0
175.0
139.0
223.0
208.0
85.0
109.0
58.0
205.0
64.0
128.5
85.0
206.5
37.0
29.5
38.5
205.0
152.5
40.0
149.5
134.5
65.5
134.5
139.0
148.0
73.0
152.5
17.5
211.0
169.0
82.0
88.0
25.0
91.0
188.5
167.5
95.5
134.5
146.5
133.0
175.0
107.5
185.5
191.5
143.5
65.5
160.0
137.5
199.0
83.5
127.0
67.0
208.0
142.0
221.5
139.0
196.0
82.0
161.5
103.0
130.0
202.0
233.5
158.5
77.5
176.5
173.5
176.5
137.5
89.5
175.0
178.0
41.5
224.5
151.0
35.5
164.5
37.0
160.0
172.0
157.0
142.0
151.0
173.5
122.5
55.0
121.0
59.5
188.5
232.0
40.0
202.0
164.5
154.0
157.0
202.0
187.0
128.5
38.5
100.0
106.0
73.0
104.5
127.0
98.5
163.0
56.5
193.0
197.5
143.5
130.0
121.0
64.0
146.5
139.0
152.5
14.5
191.5
104.5
152.5
65.5
46.0
142.0
112.0
190.0
115.0
160.0
20.5
187.0
202.0
20.5
127.0
154.0
101.5
109.0
107.5
106.0
152.5
44.5
193.0
127.0
169.0
112.0
80.5
178.0
226.0
103.0
95.5
37.0
170.5
32.5
28.0
146.5
166.0
199.0
239.5
169.0
70.0
173.5
188.5
191.5
151.0
82.0
70.0
64.0
94.0
160.0
122.5
86.5
175.0
196.0
82.0
68.5
100.0
167.5
118.0
172.0
125.5
110.5
52.0
65.5
134.5
131.5
68.5
167.5
178.0
178.0
121.0
184.0
223.0
86.5
94.0
79.0
139.0
107.5
140.5
196.0
179.5
91.0
89.5
161.5
170.5
227.5
205.0
115.0
182.5
127.0
197.5
164.5
187.0
230.5
181.0
65.5
200.5
68.5
152.5
152.5
158.5
43.0
130.0
184.0
101.5
202.0
37.0
166.0
26.5
191.5
181.0
29.5
197.5
83.5
34.0
182.5
88.0
139.0
175.0
158.5
94.0
217.0
140.5
185.5
187.0
67.0
122.5
76.0
203.5
145.0
37.0
110.5
148.0
166.0
77.5
187.0
137.5
70.0
175.0
148.0
119.5
85.0
164.5
208.0
56.5
199.0
130.0
109.0
83.5
218.5
128.5
170.5
164.5
43.0
88.0
62.5
89.5
151.0
190.0
185.5
55.0
110.5
64.0
142.0
221.5
31.0
113.5
118.0
155.5
197.5
128.5
133.0
169.0
29.5
133.0
178.0
232.0
145.0
157.0
175.0
61.0
148.0
80.5
140.5
146.5
31.0
133.0
170.5
136.0
167.5
128.5
179.5
206.5
52.0
154.0
137.5
179.5
227.5
151.0
67.0
202.0
202.0
44.5
212.5
218.5
218.5
136.0
215.5
199.0
35.5
37.0
94.0
109.0
164.5
229.0
98.5
125.5
131.5
67.0
182.5
104.5
173.5
74.5
85.0
98.5
166.0
47.5
85.0
82.0
76.0
200.5
130.0
179.5
187.0
146.5
125.5
196.0
119.5
193.0
206.5
20.5
145.0
199.0
46.0
118.0
215.5
214.0
77.5
151.0
193.0
188.5
172.0
173.5
68.5
170.5
94.0
110.5
139.0
146.5
89.5
197.5
194.5
188.5
122.5
38.5
161.5
136.0
29.5
143.5
122.5
157.0
202.0
89.5
145.0
136.0
206.5
233.5
100.0
127.0
62.5
224.5
116.5
179.5
173.5
67.0
188.5
182.5
175.0
185.5
142.0
157.0
215.5
208.0
22.0
125.5
40.0
124.0
214.0
50.5
41.5
200.5
103.0
203.5
86.5
197.5
124.0
203.5
89.5
232.0
52.0
178.0
218.5
184.0
211.0
184.0
206.5
151.0
140.5
170.5
34.0
62.5
86.5
223.0
119.5
167.5
139.0
137.5
181.0
166.0
145.0
211.0
79.0
134.5
136.0
134.5
178.0
116.5
91.0
200.5
160.0
202.0
170.5
52.0
193.0
215.5
221.5
146.5
148.0
176.5
43.0
134.5
133.0
236.5
160.0
134.5
200.5
200.5
209.5
200.5
89.5
172.0
191.5
166.0
166.0
92.5
145.0
110.5
205.0
94.0
110.5
176.5
178.0
77.5
134.5
187.0
71.5
128.5
173.5
194.5
185.5
40.0
124.0
209.5
62.5
149.5
122.5
103.0
115.0
154.0
122.5
16.0
130.0
128.5
185.5
215.5
125.5
131.5
172.0
191.5
115.0
151.0
176.5
121.0
29.5
113.5
110.5
176.5
146.5
196.0
191.5
160.0
53.5
139.0
196.0
194.5
175.0
190.0
152.5
142.0
109.0
208.0
122.5
140.5
40.0
59.5
158.5
220.0
142.0
152.5
137.5
142.0
214.0
89.5
179.5
202.0
121.0
127.0
202.0
164.5
50.5
202.0
131.5
161.5
224.5
220.0
179.5
212.5
187.0
40.0
209.5
22.0
52.0
64.0
181.0
122.5
155.5
182.5
200.5
79.0
58.0
154.0
167.5
205.0
151.0
97.0
85.0
140.5
52.0
205.0
170.5
67.0
181.0
100.0
122.5
200.5
208.0
173.5
214.0
173.5
187.0
163.0
187.0
155.5
65.5
230.5
103.0
199.0
208.0
47.5
43.0
197.5
131.5
131.5
181.0
202.0
182.5
25.0
200.5
86.5
74.5
161.5
155.5
65.5
187.0
59.5
116.5
107.5
29.5
17.5
133.0
103.0
44.5
139.0
169.0
227.5
119.5
155.5
154.0
209.5
193.0
205.0
37.0
154.0
179.5
55.0
196.0
208.0
194.5
131.5
191.5
110.5
25.0
217.0
79.0
142.0
166.0
169.0
190.0
121.0
176.5
25.0
188.5
197.5
95.5
226.0
47.5
94.0
37.0
194.5
184.0
211.0
193.0
226.0
68.5
103.0
142.0
188.5
119.5
35.5
128.5
86.5
28.0
211.0
34.0
98.5
182.5
80.5
188.5
25.0
178.0
106.0
32.5
55.0
89.5
91.0
118.0
104.5
217.0
76.0
194.5
80.5
157.0
167.5
107.5
137.5
74.5
29.5
170.5
89.5
106.0
193.0
194.5
169.0
146.5
146.5
214.0
211.0
68.5
208.0
32.5
232.0
134.5
140.5
115.0
217.0
125.5
169.0
110.5
32.5
197.5
199.0
68.5
188.5
196.0
190.0
188.5
52.0
182.5
215.5
109.0
74.5
121.0
169.0
131.5
127.0
70.0
194.5
196.0
200.5
157.0
8.5
226.0
100.0
62.5
206.5
130.0
53.5
218.5
74.5
151.0
22.0
79.0
178.0
203.5
76.0
37.0
211.0
208.0
47.5
32.5
182.5
124.0
161.5
181.0
154.0
145.0
154.0
178.0
133.0
56.5
217.0
218.5
43.0
58.0
116.5
67.0
223.0
200.5
113.5
160.0
145.0
58.0
163.0
169.0
85.0
203.5
218.5
224.5
134.5
199.0
89.5
52.0
154.0
205.0
125.5
59.5
181.0
35.5
31.0
220.0
71.5
103.0
149.5
136.0
194.5
164.5
107.5
158.5
187.0
184.0
32.5
107.5
34.0
143.5
226.0
208.0
161.5
170.5
73.0
196.0
49.0
182.5
49.0
163.0
209.5
103.0
160.0
169.0
115.0
211.0
46.0
181.0
224.5
100.0
125.5
94.0
184.0
172.0
119.5
80.5
136.0
67.0
208.0
181.0
94.0
158.5
176.5
178.0
160.0
73.0
184.0
116.5
131.5
179.5
163.0
188.5
142.0
67.0
131.5
73.0
137.5
175.0
136.0
176.5
76.0
128.5
74.5
229.0
139.0
155.5
38.5
127.0
142.0
187.0
182.5
113.5
169.0
127.0
163.0
184.0
220.0
110.5
218.5
55.0
158.5
218.5
185.5
122.5
200.5
59.5
166.0
17.5
199.0
212.5
238.0
187.0
188.5
163.0
62.5
46.0
214.0
199.0
142.0
139.0
197.5
202.0
215.5
151.0
142.0
137.5
161.5
211.0
64.0
218.5
215.5
55.0
190.0
197.5
107.5
146.5
116.5
166.0
67.0
184.0
199.0
170.5
26.5
136.0
143.5
127.0
197.5
86.5
163.0
199.0
200.5
215.5
77.5
85.0
164.5
214.0
164.5
143.5
118.0
103.0
158.5
161.5
94.0
98.5
17.5
157.0
199.0
223.0
122.5
164.5
46.0
68.5
20.5
215.5
179.5
142.0
182.5
97.0
86.5
139.0
178.0
61.0
134.5
179.5
53.5
31.0
191.5
7.0
167.5
61.0
139.0
20.5
109.0
173.5
200.5
11.5
80.5
217.0
140.5
172.0
103.0
152.5
202.0
220.0
203.5
40.0
59.5
206.5
179.5
101.5
112.0
97.0
187.0
100.0
53.5
178.0
86.5
158.5
203.5
98.5
40.0
218.5
188.5
11.5
34.0
76.0
209.5
169.0
35.5
169.0
206.5
218.5
77.5
134.5
167.5
200.5
71.5
23.5
205.0
130.0
188.5
181.0
44.5
199.0
206.5
148.0
112.0
100.0
74.5
61.0
110.5
166.0
89.5
125.5
115.0
86.5
112.0
181.0
181.0
143.5
20.5
160.0
91.0
194.5
194.5
169.0
110.5
61.0
58.0
227.5
140.5
199.0
71.5
62.5
184.0
61.0
76.0
154.0
83.5
154.0
112.0
206.5
220.0
133.0
148.0
209.5
86.5
115.0
74.5
184.0
46.0
77.5
140.5
70.0
137.5
154.0
173.5
115.0
211.0
188.5
124.0
112.0
199.0
181.0
224.5
202.0
137.5
211.0
146.5
226.0
199.0
152.5
116.5
104.5
191.5
115.0
100.0
185.5
68.5
164.5
176.5
187.0
134.5
56.5
118.0
14.5
188.5
203.5
223.0
199.0
163.0
188.5
157.0
85.0
191.5
157.0
194.5
220.0
83.5
206.5
37.0
76.0
200.5
62.5
127.0
142.0
95.5
185.5
142.0
155.5
152.5
224.5
148.0
17.5
193.0
203.5
103.0
145.0
215.5
170.5
64.0
115.0
191.5
220.0
200.5
155.5
167.5
101.5
154.0
148.0
164.5
80.5
154.0
101.5
133.0
49.0
226.0
25.0
223.0
119.5
104.5
184.0
154.0
131.5
199.0
164.5
202.0
179.5
212.5
167.5
197.5
59.5
163.0
161.5
164.5
55.0
35.5
187.0
155.5
139.0
172.0
200.5
140.5
218.5
38.5
196.0
215.5
79.0
202.0
184.0
62.5
149.5
217.0
218.5
218.5
79.0
187.0
107.5
85.0
175.0
167.5
119.5
169.0
133.0
167.5
91.0
98.5
158.5
68.5
59.5
65.5
178.0
149.5
161.5
209.5
100.0
164.5
59.5
128.5
130.0
193.0
202.0
203.5
65.5
148.0
46.0
125.5
55.0
38.5
2.5
214.0
34.0
203.5
175.0
121.0
190.0
199.0
47.5
166.0
215.5
182.5
119.5
175.0
35.5
116.5
55.0
182.5
157.0
100.0
58.0
89.5
32.5
202.0
194.5
185.5
130.0
220.0
101.5
182.5
136.0
185.5
176.5
134.5
56.5
143.5
137.5
196.0
158.5
209.5
187.0
98.5
101.5
145.0
221.5
98.5
205.0
52.0
172.0
185.5
205.0
70.0
38.5
163.0
112.0
79.0
214.0
185.5
142.0
182.5
133.0
122.5
193.0
158.5
94.0
59.5
91.0
71.5
26.5
202.0
203.5
151.0
157.0
119.5
194.5
203.5
152.5
214.0
142.0
149.5
163.0
172.0
172.0
221.5
187.0
163.0
217.0
67.0
76.0
182.5
104.5
49.0
196.0
232.0
16.0
146.5
104.5
193.0
64.0
104.5
200.5
140.5
71.5
137.5
188.5
70.0
74.5
49.0
208.0
157.0
181.0
79.0
154.0
161.5
155.5
133.0
178.0
127.0
233.5
41.5
40.0
212.5
140.5
55.0
190.0
56.5
37.0
208.0
82.0
202.0
190.0
223.0
128.5
175.0
208.0
221.5
188.5
203.5
29.5
196.0
104.5
85.0
124.0
166.0
203.5
112.0
62.5
206.5
170.5
202.0
118.0
133.0
41.5
215.5
37.0
184.0
29.5
187.0
173.5
170.5
200.5
83.5
208.0
68.5
188.5
224.5
139.0
55.0
97.0
202.0
184.0
76.0
125.5
119.5
64.0
146.5
118.0
50.5
8.5
113.5
173.5
46.0
53.5
89.5
146.5
107.5
64.0
164.5
185.5
16.0
220.0
145.0
118.0
223.0
163.0
202.0
196.0
184.0
127.0
212.5
143.5
146.5
142.0
161.5
161.5
179.5
110.5
131.5
118.0
74.5
73.0
71.5
218.5
46.0
70.0
68.5
221.5
208.0
184.0
197.5
41.5
206.5
4.0
148.0
46.0
191.5
139.0
181.0
53.5
85.0
194.5
119.5
175.0
154.0
112.0
184.0
110.5
28.0
220.0
197.5
47.5
170.5
133.0
217.0
196.0
212.5
209.5
170.5
212.5
79.0
103.0
112.0
91.0
164.5
187.0
124.0
193.0
25.0
194.5
169.0
221.5
20.5
172.0
155.5
203.5
185.5
203.5
124.0
175.0
194.5
122.5
191.5
131.5
166.0
214.0
193.0
199.0
211.0
184.0
143.5
137.5
157.0
94.0
119.5
194.5
166.0
91.0
67.0
91.0
148.0
200.5
143.5
136.0
200.5
206.5
107.5
212.5
140.5
127.0
91.0
130.0
209.5
205.0
125.5
199.0
130.0
83.5
53.5
208.0
199.0
35.5
127.0
116.5
136.0
161.5
17.5
92.5
176.5
110.5
197.5
23.5
197.5
205.0
176.5
149.5
167.5
232.0
236.5
187.0
148.0
74.5
134.5
17.5
175.0
32.5
173.5
68.5
173.5
179.5
170.5
199.0
125.5
224.5
152.5
190.0
119.5
23.5
79.0
211.0
76.0
134.5
127.0
179.5
70.0
172.0
179.5
104.5
176.5
214.0
56.5
17.5
71.5
158.5
155.5
221.5
86.5
178.0
77.5
188.5
203.5
211.0
193.0
145.0
50.5
197.5
191.5
190.0
106.0
172.0
161.5
112.0
203.5
79.0
199.0
202.0
175.0
172.0
191.5
196.0
131.5
202.0
50.5
170.5
124.0
143.5
187.0
214.0
70.0
211.0
167.5
128.5
200.5
97.0
127.0
43.0
205.0
160.0
55.0
191.5
139.0
58.0
58.0
23.5
119.5
145.0
199.0
14.5
37.0
214.0
191.5
41.5
31.0
173.5
28.0
145.0
164.5
124.0
212.5
220.0
133.0
187.0
91.0
92.5
172.0
200.5
193.0
149.5
137.5
97.0
191.5
70.0
200.5
190.0
17.5
62.5
187.0
89.5
176.5
172.0
193.0
233.5
83.5
143.5
148.0
83.5
212.5
190.0
82.0
161.5
205.0
200.5
191.5
64.0
142.0
172.0
209.5
194.5
166.0
94.0
170.5
121.0
161.5
59.5
68.5
184.0
56.5
178.0
112.0
193.0
190.0
188.5
53.5
112.0
233.5
115.0
161.5
187.0
52.0
155.5
176.5
137.5
46.0
97.0
130.0
164.5
161.5
173.5
74.5
226.0
55.0
70.0
172.0
55.0
41.5
203.5
104.5
154.0
142.0
109.0
155.5
137.5
176.5
184.0
143.5
149.5
217.0
116.5
188.5
34.0
70.0
107.5
188.5
223.0
215.5
187.0
116.5
73.0
212.5
107.5
55.0
235.0
134.5
41.5
208.0
149.5
64.0
49.0
68.5
64.0
229.0
113.5
187.0
197.5
109.0
205.0
109.0
163.0
100.0
158.5
169.0
194.5
59.5
94.0
203.5
209.5
50.5
194.5
199.0
193.0
151.0
133.0
166.0
101.5
128.5
53.5
80.5
95.5
80.5
163.0
205.0
167.5
151.0
182.5
61.0
154.0
211.0
98.5
202.0
145.0
133.0
109.0
50.5
28.0
142.0
52.0
52.0
220.0
175.0
67.0
134.5
139.0
136.0
56.5
151.0
178.0
182.5
149.5
176.5
163.0
113.5
40.0
137.5
194.5
187.0
35.5
43.0
79.0
68.5
17.5
131.5
188.5
160.0
176.5
136.0
95.5
50.5
191.5
35.5
38.5
67.0
106.0
160.0
202.0
19.0
193.0
170.5
73.0
52.0
190.0
182.5
158.5
185.5
130.0
169.0
172.0
95.5
166.0
190.0
191.5
212.5
173.5
121.0
79.0
104.5
205.0
179.5
97.0
148.0
205.0
95.5
31.0
59.5
206.5
194.5
169.0
208.0
55.0
110.5
166.0
155.5
214.0
209.5
149.5
206.5
74.5
92.5
203.5
20.5
20.5
214.0
176.5
209.5
44.5
214.0
133.0
43.0
101.5
91.0
145.0
40.0
209.5
139.0
101.5
214.0
77.5
50.5
76.0
217.0
163.0
19.0
37.0
197.5
169.0
44.5
109.0
124.0
202.0
73.0
137.5
172.0
50.5
190.0
140.5
160.0
175.0
128.5
194.5
206.5
70.0
140.5
226.0
82.0
212.5
121.0
160.0
182.5
143.5
128.5
68.5
206.5
173.5
119.5
209.5
55.0
142.0
11.5
167.5
127.0
137.5
119.5
140.5
206.5
203.5
16.0
157.0
163.0
161.5
70.0
56.5
133.0
32.5
218.5
83.5
65.5
206.5
227.5
190.0
118.0
209.5
85.0
200.5
136.0
205.0
31.0
205.0
205.0
37.0
197.5
142.0
47.5
71.5
169.0
86.5
73.0
155.5
175.0
205.0
181.0
194.5
71.5
148.0
145.0
83.5
113.5
187.0
103.0
157.0
190.0
208.0
200.5
151.0
179.5
161.5
79.0
140.5
133.0
31.0
103.0
112.0
184.0
173.5
206.5
68.5
110.5
185.5
224.5
130.0
130.0
182.5
17.5
160.0
38.5
62.5
196.0
206.5
58.0
164.5
193.0
199.0
133.0
53.5
116.5
182.5
145.0
151.0
142.0
43.0
235.0
181.0
194.5
89.5
91.0
169.0
193.0
122.5
151.0
59.5
188.5
76.0
214.0
134.5
169.0
47.5
136.0
188.5
191.5
226.0
188.5
133.0
67.0
209.5
121.0
142.0
218.5
194.5
157.0
206.5
146.5
212.5
166.0
154.0
170.5
199.0
185.5
53.5
182.5
172.0
74.5
158.5
100.0
212.5
152.5
205.0
47.5
118.0
149.5
149.5
47.5
148.0
188.5
203.5
146.5
74.5
157.0
194.5
148.0
164.5
226.0
193.0
184.0
46.0
199.0
196.0
179.5
163.0
203.5
59.5
127.0
214.0
32.5
61.0
232.0
65.5
178.0
46.0
160.0
52.0
203.5
185.5
167.5
157.0
118.0
226.0
211.0
107.5
181.0
164.5
100.0
185.5
155.5
76.0
151.0
223.0
175.0
152.5
92.5
146.5
187.0
170.5
121.0
191.5
221.5
131.5
73.0
62.5
178.0
205.0
59.5
109.0
182.5
103.0
16.0
221.5
77.5
154.0
133.0
163.0
100.0
164.5
59.5
233.5
155.5
161.5
98.5
172.0
187.0
68.5
149.5
44.5
29.5
148.0
167.5
133.0
157.0
115.0
140.5
112.0
194.5
7.0
26.5
206.5
127.0
76.0
116.5
190.0
197.5
122.5
151.0
205.0
182.5
68.5
211.0
116.5
125.5
11.5
101.5
172.0
202.0
44.5
199.0
158.5
155.5
173.5
160.0
158.5
212.5
167.5
203.5
146.5
104.5
67.0
46.0
91.0
74.5
193.0
193.0
97.0
203.5
154.0
43.0
173.5
161.5
193.0
200.5
166.0
146.5
91.0
226.0
169.0
169.0
166.0
95.5
29.5
133.0
182.5
170.5
232.0
187.0
152.5
106.0
152.5
176.5
74.5
116.5
160.0
95.5
100.0
19.0
149.5
80.5
133.0
208.0
206.5
121.0
79.0
148.0
200.5
181.0
160.0
214.0
205.0
194.5
134.5
55.0
49.0
53.5
148.0
179.5
223.0
149.5
154.0
76.0
130.0
71.5
43.0
224.5
166.0
202.0
221.5
221.5
167.5
61.0
208.0
106.0
76.0
175.0
14.5
100.0
239.5
157.0
94.0
224.5
113.5
191.5
167.5
122.5
148.0
127.0
173.5
157.0
164.5
32.5
194.5
169.0
152.5
200.5
46.0
112.0
113.5
113.5
104.5
155.5
188.5
208.0
188.5
56.5
199.0
226.0
64.0
31.0
100.0
191.5
119.5
32.5
199.0
206.5
178.0
203.5
109.0
200.5
196.0
218.5
188.5
224.5
79.0
104.5
130.0
110.5
184.0
142.0
176.5
194.5
77.5
146.5
190.0
112.0
181.0
181.0
151.0
223.0
145.0
11.5
112.0
115.0
206.5
31.0
151.0
53.5
131.5
14.5
215.5
142.0
154.0
113.5
146.5
170.5
164.5
191.5
199.0
170.5
125.5
184.0
212.5
65.5
203.5
137.5
88.0
191.5
11.5
203.5
103.0
131.5
152.5
154.0
140.5
149.5
74.5
29.5
181.0
52.0
56.5
53.5
199.0
52.0
85.0
98.5
196.0
52.0
187.0
128.5
46.0
70.0
205.0
220.0
220.0
217.0
202.0
224.5
193.0
19.0
44.5
212.5
109.0
179.5
43.0
125.5
143.5
160.0
151.0
193.0
119.5
46.0
172.0
44.5
149.5
38.5
196.0
164.5
44.5
127.0
230.5
184.0
22.0
151.0
142.0
68.5
98.5
160.0
32.5
217.0
209.5
139.0
23.5
212.5
193.0
167.5
154.0
11.5
172.0
173.5
95.5
13.0
193.0
56.5
130.0
169.0
155.5
208.0
196.0
221.5
64.0
203.5
188.5
31.0
193.0
203.5
205.0
127.0
64.0
53.5
166.0
211.0
88.0
173.5
134.5
161.5
20.5
76.0
52.0
172.0
193.0
65.5
103.0
167.5
130.0
203.5
38.5
191.5
148.0
110.5
142.0
181.0
182.5
13.0
203.5
179.5
169.0
170.5
37.0
166.0
181.0
157.0
46.0
148.0
59.5
43.0
94.0
157.0
86.5
107.5
31.0
58.0
230.5
113.5
197.5
76.0
137.5
184.0
188.5
191.5
112.0
187.0
62.5
181.0
187.0
127.0
176.5
32.5
193.0
185.5
62.5
50.5
173.5
187.0
41.5
91.0
214.0
199.0
236.5
218.5
190.0
