173.5
137.5
211.0
214.0
212.5
200.5
179.5
131.5
208.0
211.0
181.0
206.5
218.5
215.5
202.0
80.5
199.0
130.0
128.5
178.0
211.0
202.0
152.5
125.5
73.0
200.5
221.5
229.0
140.5
172.0
215.5
190.0
19.0
221.5
185.5
223.0
92.5
173.5
202.0
214.0
236.5
199.0
182.5
74.5
191.5
226.0
211.0
169.0
214.0
47.5
212.5
169.0
218.5
128.5
202.0
218.5
211.0
145.0
224.5
209.5
211.0
221.5
217.0
197.5
217.0
199.0
214.0
220.0
208.0
136.0
181.0
212.5
224.5
175.0
110.5
124.0
188.5
200.5
137.5
176.5
173.5
199.0
212.5
139.0
194.5
206.5
209.5
193.0
212.5
107.5
187.0
224.5
169.0
64.0
178.0
202.0
203.5
175.0
218.5
154.0
224.5
215.5
208.0
230.5
202.0
215.5
152.5
229.0
91.0
104.5
122.5
184.0
238.0
211.0
212.5
187.0
160.0
215.5
191.5
217.0
226.0
148.0
151.0
121.0
224.5
173.5
233.5
202.0
185.5
211.0
221.5
127.0
155.5
164.5
47.5
170.5
215.5
224.5
155.5
184.0
235.0
211.0
209.5
208.0
158.5
221.5
217.0
161.5
188.5
230.5
211.0
194.5
116.5
35.5
211.0
53.5
80.5
190.0
194.5
134.5
199.0
133.0
202.0
109.0
214.0
157.0
218.5
208.0
179.5
134.5
55.0
232.0
178.0
205.0
190.0
191.5
211.0
233.5
191.5
145.0
229.0
217.0
62.5
59.5
148.0
164.5
172.0
74.5
181.0
116.5
185.5
227.5
194.5
196.0
199.0
137.5
223.0
134.5
179.5
178.0
76.0
232.0
164.5
170.5
191.5
176.5
227.5
212.5
170.5
52.0
151.0
67.0
182.5
218.5
197.5
202.0
187.0
205.0
208.0
187.0
193.0
194.5
179.5
184.0
44.5
98.5
178.0
227.5
202.0
238.0
179.5
208.0
145.0
230.5
221.5
187.0
218.5
190.0
185.5
215.5
230.5
232.0
226.0
157.0
224.5
218.5
224.5
215.5
133.0
109.0
211.0
190.0
184.0
173.5
206.5
184.0
191.5
167.5
154.0
64.0
245.5
161.5
202.0
181.0
185.5
199.0
164.5
124.0
151.0
109.0
230.5
188.5
188.5
166.0
211.0
191.5
176.5
203.5
44.5
196.0
200.5
128.5
223.0
190.0
212.5
89.5
89.5
238.0
202.0
227.5
214.0
188.5
172.0
101.5
172.0
71.5
226.0
185.5
223.0
221.5
224.5
191.5
191.5
193.0
44.5
175.0
209.5
187.0
212.5
181.0
221.5
199.0
220.0
224.5
206.5
194.5
140.5
50.5
130.0
166.0
220.0
131.5
50.5
239.5
175.0
212.5
106.0
152.5
163.0
161.5
50.5
179.5
203.5
182.5
128.5
218.5
169.0
172.0
199.0
116.5
188.5
59.5
164.5
56.5
214.0
115.0
193.0
206.5
134.5
238.0
212.5
221.5
185.5
214.0
212.5
83.5
158.5
205.0
184.0
112.0
178.0
130.0
191.5
184.0
172.0
190.0
187.0
197.5
203.5
104.5
131.5
202.0
95.5
227.5
170.5
173.5
88.0
139.0
178.0
121.0
194.5
218.5
224.5
209.5
202.0
202.0
133.0
70.0
221.5
155.5
145.0
236.5
208.0
157.0
95.5
217.0
143.5
203.5
95.5
190.0
208.0
19.0
197.5
100.0
197.5
230.5
211.0
199.0
133.0
218.5
209.5
202.0
17.5
196.0
224.5
163.0
208.0
74.5
193.0
194.5
215.5
217.0
176.5
242.5
110.5
73.0
208.0
206.5
224.5
98.5
236.5
238.0
224.5
154.0
202.0
184.0
224.5
185.5
179.5
191.5
124.0
236.5
209.5
158.5
235.0
200.5
188.5
161.5
119.5
220.0
227.5
167.5
193.0
208.0
208.0
230.5
242.5
206.5
208.0
227.5
205.0
152.5
214.0
82.0
238.0
220.0
151.0
208.0
229.0
139.0
229.0
197.5
218.5
98.5
218.5
211.0
83.5
179.5
224.5
223.0
197.5
205.0
158.5
194.5
215.5
98.5
152.5
211.0
224.5
218.5
208.0
217.0
182.5
206.5
139.0
205.0
184.0
215.5
202.0
226.0
211.0
193.0
119.5
164.5
190.0
211.0
178.0
82.0
218.5
157.0
208.0
109.0
205.0
212.5
239.5
218.5
185.5
221.5
229.0
38.5
241.0
139.0
227.5
172.0
172.0
200.5
242.5
121.0
197.5
212.5
217.0
215.5
62.5
95.5
227.5
23.5
238.0
202.0
167.5
203.5
94.0
173.5
224.5
212.5
221.5
217.0
223.0
238.0
220.0
202.0
181.0
134.5
221.5
202.0
199.0
214.0
188.5
151.0
185.5
85.0
172.0
149.5
202.0
173.5
200.5
190.0
206.5
229.0
218.5
214.0
148.0
167.5
148.0
196.0
215.5
164.5
173.5
94.0
197.5
71.5
208.0
185.5
161.5
202.0
235.0
163.0
146.5
224.5
206.5
208.0
221.5
164.5
205.0
70.0
209.5
199.0
110.5
181.0
101.5
185.5
227.5
206.5
200.5
158.5
176.5
221.5
197.5
227.5
145.0
206.5
215.5
182.5
191.5
208.0
218.5
85.0
169.0
212.5
215.5
214.0
113.5
199.0
209.5
199.0
182.5
106.0
182.5
190.0
175.0
182.5
121.0
100.0
199.0
64.0
241.0
125.5
134.5
214.0
169.0
206.5
130.0
215.5
205.0
214.0
137.5
199.0
203.5
211.0
194.5
203.5
190.0
208.0
226.0
143.5
206.5
223.0
185.5
181.0
175.0
229.0
220.0
217.0
203.5
220.0
221.5
221.5
142.0
209.5
194.5
227.5
209.5
67.0
149.5
209.5
209.5
178.0
209.5
217.0
173.5
194.5
191.5
151.0
227.5
25.0
200.5
184.0
149.5
56.5
206.5
193.0
212.5
217.0
215.5
139.0
70.0
221.5
199.0
199.0
230.5
95.5
212.5
59.5
155.5
218.5
128.5
233.5
214.0
134.5
224.5
202.0
214.0
203.5
202.0
211.0
224.5
221.5
223.0
214.0
205.0
238.0
221.5
155.5
221.5
190.0
184.0
215.5
200.5
155.5
187.0
229.0
214.0
176.5
197.5
232.0
113.5
206.5
110.5
226.0
175.0
155.5
115.0
211.0
209.5
98.5
166.0
202.0
194.5
221.5
85.0
167.5
208.0
214.0
166.0
193.0
185.5
199.0
185.5
193.0
152.5
203.5
181.0
62.5
230.5
188.5
190.0
173.5
197.5
89.5
61.0
200.5
235.0
115.0
185.5
199.0
164.5
163.0
185.5
196.0
173.5
181.0
182.5
202.0
127.0
200.5
241.0
101.5
209.5
176.5
166.0
203.5
104.5
188.5
227.5
208.0
193.0
200.5
223.0
169.0
176.5
229.0
196.0
215.5
142.0
223.0
214.0
220.0
205.0
206.5
13.0
202.0
167.5
97.0
232.0
202.0
178.0
137.5
203.5
160.0
212.5
215.5
221.5
124.0
193.0
187.0
17.5
227.5
16.0
226.0
175.0
160.0
185.5
190.0
218.5
145.0
193.0
218.5
193.0
175.0
209.5
221.5
209.5
230.5
178.0
206.5
131.5
209.5
155.5
217.0
157.0
158.5
154.0
199.0
203.5
227.5
194.5
104.5
217.0
209.5
197.5
158.5
197.5
197.5
202.0
209.5
223.0
205.0
215.5
209.5
101.5
170.5
221.5
211.0
157.0
206.5
182.5
221.5
202.0
182.5
47.5
218.5
46.0
209.5
232.0
230.5
220.0
185.5
229.0
221.5
104.5
19.0
193.0
233.5
185.5
125.5
175.0
233.5
182.5
206.5
224.5
242.5
176.5
215.5
199.0
208.0
230.5
223.0
155.5
191.5
130.0
205.0
71.5
203.5
203.5
137.5
199.0
220.0
188.5
182.5
164.5
230.5
217.0
158.5
202.0
167.5
151.0
223.0
185.5
202.0
113.5
229.0
215.5
157.0
214.0
202.0
205.0
200.5
124.0
206.5
55.0
190.0
208.0
224.5
161.5
182.5
28.0
236.5
218.5
179.5
206.5
212.5
220.0
211.0
220.0
205.0
220.0
220.0
211.0
136.0
188.5
193.0
145.0
218.5
134.5
196.0
226.0
242.5
196.0
185.5
106.0
214.0
179.5
181.0
194.5
202.0
166.0
95.5
76.0
175.0
61.0
233.5
158.5
241.0
152.5
155.5
47.5
214.0
211.0
244.0
218.5
166.0
214.0
79.0
158.5
161.5
175.0
193.0
140.5
170.5
239.5
223.0
166.0
220.0
209.5
212.5
173.5
191.5
191.5
152.5
223.0
223.0
139.0
241.0
188.5
203.5
191.5
197.5
83.5
175.0
172.0
229.0
224.5
200.5
235.0
176.5
197.5
214.0
187.0
205.0
182.5
226.0
190.0
91.0
217.0
211.0
169.0
233.5
143.5
200.5
214.0
88.0
170.5
145.0
155.5
118.0
187.0
217.0
208.0
218.5
212.5
70.0
212.5
217.0
163.0
163.0
200.5
190.0
151.0
148.0
235.0
140.5
170.5
176.5
130.0
175.0
208.0
199.0
211.0
230.5
56.5
242.5
101.5
184.0
211.0
215.5
232.0
212.5
229.0
185.5
35.5
158.5
185.5
53.5
203.5
214.0
184.0
116.5
214.0
215.5
176.5
161.5
200.5
193.0
224.5
223.0
131.5
205.0
223.0
206.5
211.0
188.5
197.5
214.0
209.5
176.5
44.5
182.5
185.5
214.0
166.0
215.5
217.0
128.5
160.0
205.0
157.0
56.5
233.5
182.5
166.0
227.5
218.5
163.0
118.0
226.0
217.0
220.0
205.0
115.0
220.0
133.0
196.0
181.0
59.5
179.5
188.5
191.5
208.0
203.5
146.5
217.0
202.0
152.5
223.0
113.5
203.5
196.0
229.0
167.5
221.5
185.5
188.5
221.5
214.0
182.5
155.5
208.0
223.0
95.5
146.5
4.0
112.0
182.5
199.0
202.0
221.5
209.5
175.0
215.5
215.5
136.0
161.5
215.5
223.0
224.5
187.0
190.0
211.0
203.5
202.0
214.0
226.0
185.5
217.0
97.0
173.5
220.0
235.0
184.0
205.0
136.0
158.5
217.0
119.5
182.5
209.5
170.5
206.5
88.0
206.5
62.5
209.5
175.0
185.5
226.0
196.0
211.0
208.0
110.5
139.0
209.5
239.5
34.0
185.5
140.5
220.0
125.5
160.0
187.0
202.0
226.0
223.0
169.0
215.5
193.0
163.0
212.5
197.5
205.0
209.5
226.0
79.0
235.0
229.0
151.0
227.5
112.0
205.0
178.0
182.5
172.0
178.0
227.5
95.5
215.5
167.5
224.5
208.0
229.0
188.5
155.5
46.0
188.5
193.0
182.5
245.5
220.0
185.5
229.0
209.5
83.5
232.0
221.5
185.5
146.5
233.5
236.5
215.5
179.5
119.5
220.0
43.0
88.0
193.0
226.0
224.5
217.0
217.0
140.5
233.5
224.5
116.5
176.5
170.5
181.0
197.5
178.0
196.0
212.5
194.5
242.5
40.0
155.5
199.0
230.5
170.5
206.5
149.5
211.0
134.5
211.0
188.5
116.5
212.5
158.5
209.5
208.0
220.0
221.5
218.5
169.0
227.5
218.5
188.5
196.0
136.0
178.0
223.0
205.0
211.0
247.0
209.5
175.0
59.5
194.5
170.5
200.5
194.5
167.5
166.0
214.0
121.0
82.0
160.0
206.5
206.5
218.5
91.0
199.0
208.0
229.0
95.5
80.5
197.5
220.0
232.0
32.5
184.0
194.5
187.0
205.0
76.0
107.5
164.5
209.5
212.5
200.5
200.5
217.0
7.0
200.5
211.0
173.5
184.0
61.0
212.5
181.0
232.0
158.5
194.5
190.0
188.5
211.0
214.0
193.0
203.5
208.0
200.5
203.5
211.0
208.0
209.5
200.5
80.5
151.0
71.5
94.0
236.5
94.0
139.0
229.0
214.0
110.5
197.5
26.5
194.5
194.5
149.5
208.0
223.0
98.5
41.5
158.5
217.0
218.5
191.5
205.0
214.0
211.0
230.5
194.5
170.5
56.5
196.0
44.5
179.5
214.0
62.5
43.0
101.5
208.0
226.0
215.5
212.5
56.5
181.0
136.0
229.0
215.5
226.0
199.0
184.0
148.0
184.0
208.0
184.0
200.5
217.0
209.5
164.5
205.0
155.5
182.5
193.0
160.0
200.5
221.5
206.5
179.5
139.0
217.0
125.5
149.5
158.5
145.0
146.5
226.0
110.5
223.0
224.5
161.5
212.5
196.0
199.0
160.0
152.5
217.0
179.5
233.5
229.0
172.0
208.0
181.0
208.0
188.5
202.0
157.0
209.5
173.5
208.0
92.5
82.0
232.0
167.5
185.5
211.0
185.5
199.0
220.0
229.0
190.0
197.5
179.5
196.0
193.0
209.5
122.5
209.5
191.5
116.5
200.5
187.0
109.0
145.0
208.0
211.0
209.5
202.0
179.5
169.0
182.5
212.5
224.5
221.5
185.5
223.0
212.5
206.5
223.0
224.5
200.5
190.0
217.0
178.0
172.0
173.5
170.5
169.0
142.0
157.0
221.5
167.5
191.5
229.0
163.0
209.5
187.0
182.5
101.5
211.0
224.5
98.5
185.5
19.0
112.0
85.0
130.0
193.0
128.5
193.0
154.0
91.0
173.5
218.5
76.0
214.0
202.0
211.0
158.5
217.0
218.5
176.5
221.5
206.5
227.5
217.0
52.0
223.0
187.0
173.5
215.5
220.0
232.0
182.5
169.0
106.0
173.5
181.0
142.0
196.0
211.0
107.5
227.5
163.0
163.0
226.0
197.5
197.5
169.0
221.5
170.5
202.0
235.0
137.5
173.5
197.5
224.5
223.0
236.5
161.5
197.5
217.0
112.0
149.5
233.5
227.5
218.5
158.5
188.5
206.5
193.0
212.5
139.0
203.5
209.5
224.5
188.5
164.5
206.5
208.0
187.0
190.0
227.5
217.0
199.0
172.0
191.5
190.0
232.0
220.0
194.5
190.0
214.0
238.0
140.5
166.0
202.0
119.5
211.0
235.0
194.5
200.5
170.5
214.0
67.0
197.5
212.5
182.5
229.0
199.0
227.5
200.5
169.0
196.0
211.0
203.5
148.0
202.0
232.0
110.5
215.5
221.5
164.5
200.5
212.5
178.0
205.0
215.5
214.0
208.0
121.0
167.5
197.5
224.5
214.0
143.5
98.5
206.5
215.5
124.0
217.0
224.5
199.0
188.5
203.5
169.0
167.5
211.0
199.0
218.5
142.0
59.5
224.5
170.5
218.5
119.5
149.5
209.5
169.0
238.0
193.0
200.5
124.0
187.0
175.0
206.5
206.5
142.0
170.5
220.0
211.0
85.0
170.5
175.0
194.5
205.0
196.0
215.5
226.0
122.5
179.5
139.0
179.5
92.5
100.0
184.0
220.0
211.0
221.5
211.0
193.0
218.5
202.0
100.0
212.5
67.0
191.5
200.5
187.0
196.0
80.5
154.0
223.0
217.0
223.0
148.0
185.5
107.5
218.5
215.5
197.5
193.0
91.0
179.5
203.5
187.0
227.5
215.5
167.5
212.5
187.0
208.0
142.0
187.0
220.0
208.0
172.0
71.5
227.5
224.5
196.0
94.0
106.0
212.5
182.5
170.5
221.5
181.0
134.5
182.5
194.5
214.0
236.5
218.5
211.0
208.0
155.5
211.0
161.5
152.5
215.5
218.5
166.0
199.0
202.0
215.5
188.5
214.0
217.0
116.5
191.5
202.0
215.5
215.5
238.0
176.5
193.0
200.5
203.5
202.0
223.0
131.5
172.0
217.0
229.0
175.0
86.5
29.5
215.5
209.5
106.0
211.0
220.0
155.5
157.0
121.0
233.5
181.0
190.0
212.5
205.0
194.5
221.5
191.5
175.0
194.5
142.0
227.5
235.0
193.0
173.5
227.5
233.5
170.5
238.0
224.5
157.0
211.0
187.0
124.0
176.5
94.0
220.0
178.0
187.0
206.5
178.0
226.0
224.5
205.0
149.5
220.0
196.0
182.5
173.5
94.0
217.0
77.5
145.0
205.0
199.0
190.0
106.0
197.5
200.5
205.0
203.5
89.5
131.5
217.0
209.5
140.5
206.5
202.0
229.0
199.0
211.0
115.0
209.5
203.5
107.5
184.0
86.5
196.0
221.5
215.5
83.5
85.0
218.5
215.5
187.0
136.0
148.0
223.0
200.5
199.0
197.5
58.0
205.0
97.0
227.5
152.5
221.5
220.0
197.5
106.0
229.0
181.0
212.5
215.5
179.5
158.5
224.5
194.5
163.0
223.0
236.5
203.5
173.5
188.5
68.5
178.0
224.5
103.0
232.0
202.0
173.5
148.0
196.0
229.0
226.0
152.5
187.0
46.0
182.5
224.5
230.5
221.5
223.0
197.5
184.0
169.0
193.0
137.5
193.0
217.0
211.0
220.0
46.0
226.0
200.5
208.0
178.0
130.0
229.0
203.5
199.0
188.5
169.0
140.5
125.5
212.5
184.0
187.0
152.5
229.0
175.0
218.5
166.0
182.5
23.5
74.5
238.0
226.0
208.0
202.0
190.0
217.0
61.0
169.0
173.5
230.5
188.5
143.5
47.5
226.0
217.0
191.5
203.5
235.0
172.0
193.0
214.0
199.0
233.5
242.5
173.5
185.5
187.0
199.0
202.0
212.5
224.5
232.0
154.0
116.5
227.5
202.0
116.5
64.0
199.0
226.0
220.0
211.0
193.0
217.0
215.5
176.5
97.0
191.5
200.5
203.5
206.5
86.5
217.0
203.5
182.5
209.5
187.0
178.0
233.5
158.5
212.5
178.0
197.5
145.0
185.5
191.5
235.0
191.5
142.0
110.5
185.5
160.0
164.5
205.0
149.5
107.5
217.0
134.5
208.0
176.5
170.5
22.0
196.0
220.0
229.0
104.5
221.5
151.0
164.5
215.5
88.0
122.5
194.5
185.5
185.5
191.5
223.0
212.5
209.5
194.5
154.0
217.0
85.0
118.0
206.5
169.0
212.5
208.0
200.5
223.0
203.5
173.5
245.5
179.5
220.0
229.0
194.5
194.5
215.5
122.5
140.5
211.0
80.5
143.5
82.0
199.0
184.0
205.0
167.5
128.5
221.5
137.5
200.5
205.0
55.0
214.0
49.0
221.5
205.0
101.5
172.0
235.0
223.0
203.5
158.5
233.5
61.0
173.5
215.5
166.0
208.0
115.0
200.5
166.0
121.0
193.0
155.5
196.0
175.0
227.5
212.5
206.5
172.0
196.0
212.5
232.0
149.5
128.5
212.5
209.5
158.5
175.0
203.5
187.0
20.5
148.0
194.5
218.5
227.5
217.0
185.5
172.0
199.0
130.0
169.0
218.5
152.5
131.5
196.0
196.0
221.5
76.0
98.5
157.0
211.0
220.0
200.5
184.0
230.5
143.5
230.5
191.5
181.0
53.5
47.5
230.5
224.5
206.5
179.5
194.5
200.5
173.5
151.0
191.5
202.0
199.0
196.0
154.0
182.5
181.0
200.5
215.5
208.0
185.5
226.0
131.5
179.5
197.5
55.0
128.5
203.5
223.0
200.5
212.5
197.5
37.0
62.5
203.5
169.0
202.0
181.0
166.0
148.0
190.0
146.5
178.0
103.0
152.5
217.0
232.0
200.5
64.0
214.0
191.5
188.5
211.0
196.0
125.5
184.0
209.5
193.0
185.5
224.5
133.0
176.5
208.0
215.5
158.5
214.0
226.0
82.0
206.5
215.5
206.5
235.0
187.0
206.5
217.0
235.0
218.5
146.5
152.5
223.0
185.5
169.0
182.5
176.5
196.0
161.5
199.0
166.0
143.5
185.5
239.5
203.5
104.5
142.0
227.5
196.0
199.0
173.5
200.5
166.0
193.0
223.0
211.0
220.0
205.0
205.0
196.0
151.0
188.5
185.5
196.0
127.0
62.5
215.5
233.5
143.5
95.5
211.0
220.0
178.0
134.5
209.5
199.0
185.5
203.5
74.5
212.5
227.5
200.5
193.0
154.0
170.5
160.0
226.0
206.5
197.5
158.5
71.5
149.5
236.5
196.0
175.0
115.0
140.5
226.0
196.0
175.0
167.5
206.5
209.5
173.5
161.5
176.5
235.0
229.0
220.0
206.5
191.5
229.0
179.5
214.0
176.5
193.0
239.5
128.5
208.0
194.5
157.0
158.5
218.5
205.0
79.0
82.0
95.5
230.5
179.5
190.0
194.5
64.0
151.0
194.5
154.0
226.0
218.5
217.0
47.5
76.0
230.5
146.5
218.5
235.0
206.5
194.5
218.5
178.0
217.0
238.0
80.5
203.5
140.5
175.0
229.0
200.5
20.5
238.0
203.5
167.5
196.0
193.0
233.5
188.5
203.5
196.0
184.0
64.0
215.5
205.0
172.0
172.0
155.5
139.0
185.5
88.0
208.0
23.5
197.5
158.5
157.0
202.0
224.5
181.0
200.5
116.5
166.0
169.0
235.0
229.0
215.5
218.5
172.0
178.0
206.5
206.5
116.5
211.0
103.0
194.5
190.0
152.5
212.5
110.5
223.0
233.5
233.5
224.5
220.0
167.5
211.0
214.0
194.5
148.0
226.0
208.0
67.0
212.5
211.0
214.0
205.0
215.5
220.0
212.5
212.5
152.5
181.0
212.5
205.0
217.0
143.5
205.0
55.0
221.5
31.0
208.0
194.5
197.5
226.0
227.5
205.0
131.5
106.0
232.0
223.0
211.0
185.5
188.5
187.0
121.0
220.0
239.5
52.0
220.0
125.5
197.5
191.5
205.0
209.5
220.0
127.0
217.0
181.0
196.0
199.0
194.5
224.5
229.0
176.5
202.0
80.5
161.5
217.0
206.5
224.5
193.0
215.5
184.0
224.5
185.5
118.0
178.0
157.0
211.0
53.5
208.0
194.5
214.0
184.0
211.0
190.0
217.0
170.5
209.5
70.0
194.5
226.0
226.0
137.5
178.0
211.0
209.5
236.5
226.0
85.0
193.0
227.5
199.0
164.5
190.0
238.0
212.5
208.0
211.0
208.0
202.0
206.5
211.0
151.0
221.5
148.0
163.0
190.0
154.0
46.0
179.5
22.0
200.5
218.5
185.5
223.0
226.0
215.5
209.5
124.0
205.0
110.5
185.5
106.0
181.0
200.5
169.0
197.5
85.0
131.5
242.5
172.0
121.0
200.5
205.0
185.5
230.5
232.0
197.5
113.5
227.5
131.5
164.5
187.0
181.0
206.5
184.0
230.5
212.5
160.0
175.0
197.5
151.0
197.5
232.0
173.5
205.0
166.0
206.5
175.0
199.0
218.5
175.0
217.0
193.0
179.5
182.5
188.5
185.5
158.5
233.5
172.0
178.0
242.5
158.5
224.5
212.5
191.5
190.0
196.0
203.5
160.0
158.5
152.5
215.5
203.5
130.0
202.0
218.5
139.0
175.0
208.0
208.0
109.0
233.5
163.0
212.5
226.0
194.5
134.5
137.5
170.5
85.0
214.0
233.5
196.0
65.5
223.0
194.5
223.0
227.5
166.0
199.0
218.5
206.5
200.5
53.5
172.0
224.5
235.0
143.5
217.0
205.0
19.0
229.0
233.5
242.5
200.5
197.5
226.0
188.5
242.5
85.0
173.5
212.5
220.0
160.0
118.0
172.0
191.5
176.5
76.0
169.0
32.5
217.0
230.5
191.5
194.5
202.0
200.5
50.5
200.5
187.0
179.5
190.0
194.5
236.5
209.5
175.0
170.5
214.0
76.0
217.0
152.5
44.5
152.5
187.0
182.5
229.0
194.5
88.0
182.5
157.0
176.5
86.5
199.0
202.0
196.0
181.0
169.0
233.5
133.0
226.0
206.5
232.0
226.0
113.5
235.0
70.0
236.5
238.0
224.5
92.5
190.0
188.5
194.5
206.5
200.5
202.0
163.0
221.5
193.0
217.0
224.5
208.0
221.5
155.5
206.5
61.0
218.5
221.5
233.5
119.5
97.0
223.0
214.0
203.5
31.0
208.0
187.0
22.0
158.5
221.5
176.5
230.5
224.5
194.5
196.0
217.0
173.5
161.5
85.0
208.0
184.0
212.5
218.5
32.5
226.0
179.5
190.0
157.0
35.5
173.5
182.5
224.5
209.5
226.0
181.0
155.5
209.5
80.5
154.0
143.5
122.5
185.5
110.5
139.0
208.0
187.0
220.0
226.0
31.0
194.5
191.5
170.5
226.0
206.5
203.5
121.0
229.0
227.5
221.5
196.0
199.0
208.0
206.5
232.0
214.0
175.0
188.5
176.5
202.0
227.5
229.0
211.0
206.5
173.5
202.0
218.5
182.5
214.0
179.5
202.0
212.5
217.0
199.0
214.0
232.0
218.5
212.5
181.0
182.5
193.0
217.0
136.0
214.0
125.5
232.0
197.5
155.5
197.5
194.5
130.0
193.0
88.0
170.5
212.5
229.0
49.0
214.0
226.0
145.0
230.5
188.5
184.0
154.0
181.0
161.5
211.0
215.5
215.5
232.0
47.5
221.5
212.5
217.0
224.5
193.0
143.5
196.0
175.0
223.0
146.5
202.0
212.5
169.0
200.5
104.5
224.5
170.5
212.5
197.5
158.5
178.0
227.5
221.5
215.5
230.5
208.0
148.0
197.5
200.5
203.5
11.5
221.5
155.5
190.0
181.0
58.0
215.5
188.5
64.0
149.5
223.0
209.5
226.0
166.0
203.5
200.5
209.5
215.5
215.5
194.5
170.5
224.5
227.5
233.5
100.0
151.0
226.0
173.5
221.5
197.5
221.5
206.5
167.5
184.0
221.5
154.0
227.5
38.5
58.0
163.0
200.5
62.5
55.0
190.0
145.0
209.5
208.0
154.0
208.0
125.5
215.5
157.0
205.0
224.5
163.0
211.0
88.0
173.5
215.5
148.0
223.0
173.5
224.5
164.5
221.5
200.5
148.0
187.0
169.0
116.5
196.0
227.5
232.0
230.5
229.0
166.0
137.5
164.5
199.0
85.0
230.5
176.5
230.5
211.0
172.0
199.0
80.5
125.5
185.5
196.0
193.0
212.5
154.0
194.5
191.5
218.5
155.5
187.0
227.5
218.5
202.0
161.5
223.0
196.0
233.5
212.5
218.5
161.5
224.5
221.5
166.0
205.0
209.5
215.5
194.5
214.0
221.5
127.0
205.0
197.5
94.0
130.0
220.0
116.5
142.0
208.0
2.5
224.5
205.0
181.0
88.0
232.0
50.5
181.0
185.5
223.0
130.0
94.0
196.0
214.0
211.0
188.5
205.0
95.5
137.5
176.5
232.0
181.0
230.5
206.5
143.5
145.0
122.5
104.5
203.5
193.0
142.0
182.5
182.5
211.0
209.5
98.5
164.5
215.5
121.0
107.5
200.5
115.0
170.5
113.5
226.0
172.0
8.5
68.5
158.5
188.5
226.0
64.0
175.0
227.5
152.5
227.5
224.5
203.5
139.0
209.5
40.0
220.0
212.5
196.0
196.0
106.0
205.0
223.0
140.5
173.5
179.5
191.5
200.5
152.5
184.0
226.0
184.0
194.5
209.5
209.5
53.5
248.5
202.0
106.0
217.0
55.0
191.5
181.0
226.0
217.0
146.5
149.5
188.5
224.5
218.5
229.0
211.0
221.5
167.5
200.5
224.5
205.0
98.5
215.5
167.5
230.5
166.0
205.0
214.0
230.5
200.5
236.5
89.5
143.5
124.0
212.5
83.5
166.0
218.5
200.5
242.5
149.5
202.0
218.5
230.5
208.0
29.5
173.5
224.5
230.5
127.0
49.0
205.0
229.0
236.5
241.0
131.5
206.5
170.5
199.0
154.0
223.0
137.5
190.0
65.5
208.0
223.0
215.5
133.0
176.5
209.5
212.5
197.5
175.0
214.0
173.5
221.5
65.5
149.5
188.5
212.5
209.5
194.5
218.5
185.5
185.5
233.5
227.5
116.5
217.0
223.0
220.0
145.0
178.0
214.0
226.0
178.0
236.5
218.5
196.0
188.5
91.0
163.0
191.5
209.5
220.0
226.0
205.0
194.5
184.0
235.0
200.5
212.5
187.0
220.0
107.5
202.0
167.5
194.5
128.5
134.5
176.5
209.5
220.0
206.5
100.0
166.0
178.0
134.5
191.5
188.5
38.5
85.0
221.5
155.5
217.0
235.0
236.5
160.0
115.0
197.5
184.0
226.0
196.0
86.5
182.5
208.0
221.5
122.5
169.0
125.5
227.5
212.5
148.0
152.5
175.0
220.0
172.0
136.0
206.5
206.5
166.0
197.5
212.5
155.5
214.0
226.0
220.0
236.5
221.5
200.5
191.5
220.0
179.5
223.0
50.5
145.0
235.0
206.5
241.0
218.5
179.5
88.0
209.5
191.5
136.0
209.5
151.0
208.0
182.5
140.5
236.5
223.0
173.5
193.0
61.0
182.5
215.5
184.0
206.5
199.0
119.5
185.5
236.5
206.5
100.0
199.0
146.5
113.5
215.5
241.0
149.5
215.5
178.0
172.0
199.0
197.5
224.5
220.0
227.5
226.0
163.0
221.5
208.0
227.5
218.5
127.0
221.5
224.5
131.5
140.5
211.0
67.0
226.0
217.0
68.5
202.0
179.5
161.5
142.0
220.0
98.5
236.5
202.0
214.0
173.5
166.0
35.5
212.5
139.0
235.0
224.5
178.0
211.0
238.0
175.0
203.5
176.5
224.5
238.0
202.0
182.5
52.0
76.0
217.0
76.0
223.0
127.0
107.5
209.5
179.5
136.0
71.5
161.5
184.0
163.0
220.0
164.5
112.0
214.0
167.5
191.5
206.5
214.0
229.0
196.0
145.0
226.0
200.5
182.5
215.5
185.5
154.0
155.5
190.0
178.0
95.5
200.5
130.0
244.0
200.5
170.5
140.5
176.5
221.5
166.0
208.0
148.0
205.0
175.0
161.5
169.0
205.0
179.5
211.0
206.5
172.0
190.0
170.5
214.0
238.0
29.5
215.5
176.5
187.0
197.5
140.5
160.0
52.0
140.5
193.0
221.5
217.0
206.5
206.5
134.5
206.5
136.0
127.0
200.5
38.5
196.0
221.5
148.0
221.5
196.0
145.0
175.0
205.0
202.0
131.5
208.0
110.5
209.5
191.5
214.0
209.5
166.0
181.0
197.5
229.0
208.0
220.0
160.0
28.0
88.0
172.0
239.5
190.0
196.0
44.5
185.5
154.0
154.0
202.0
125.5
68.5
181.0
170.5
218.5
218.5
196.0
214.0
214.0
188.5
104.5
176.5
223.0
214.0
214.0
218.5
187.0
215.5
176.5
160.0
40.0
196.0
196.0
218.5
224.5
134.5
214.0
145.0
163.0
212.5
226.0
115.0
167.5
190.0
94.0
194.5
167.5
154.0
211.0
242.5
181.0
193.0
178.0
221.5
220.0
217.0
121.0
179.5
154.0
214.0
227.5
241.0
205.0
178.0
193.0
212.5
181.0
220.0
179.5
182.5
233.5
122.5
187.0
155.5
196.0
185.5
223.0
121.0
131.5
167.5
176.5
83.5
224.5
214.0
163.0
163.0
206.5
179.5
229.0
164.5
221.5
58.0
239.5
145.0
142.0
226.0
218.5
214.0
163.0
199.0
191.5
218.5
136.0
151.0
218.5
70.0
88.0
223.0
235.0
134.5
175.0
224.5
226.0
194.5
230.5
224.5
49.0
218.5
217.0
149.5
239.5
235.0
236.5
208.0
172.0
211.0
152.5
79.0
58.0
194.5
218.5
233.5
184.0
209.5
161.5
158.5
74.5
193.0
173.5
85.0
136.0
206.5
193.0
227.5
233.5
203.5
79.0
224.5
230.5
104.5
205.0
191.5
197.5
203.5
212.5
214.0
212.5
233.5
217.0
220.0
152.5
188.5
187.0
145.0
232.0
217.0
191.5
209.5
214.0
200.5
217.0
203.5
218.5
163.0
197.5
179.5
209.5
202.0
214.0
203.5
200.5
221.5
77.5
131.5
227.5
77.5
208.0
202.0
217.0
200.5
223.0
214.0
200.5
182.5
199.0
235.0
128.5
164.5
187.0
148.0
218.5
203.5
212.5
103.0
238.0
223.0
163.0
34.0
202.0
166.0
167.5
194.5
218.5
196.0
214.0
185.5
149.5
89.5
187.0
215.5
211.0
220.0
206.5
152.5
112.0
193.0
196.0
161.5
166.0
211.0
98.5
209.5
196.0
211.0
206.5
220.0
205.0
179.5
223.0
163.0
212.5
236.5
221.5
178.0
220.0
214.0
137.5
158.5
209.5
199.0
221.5
166.0
238.0
172.0
227.5
233.5
139.0
217.0
191.5
197.5
238.0
122.5
215.5
232.0
196.0
185.5
230.5
181.0
140.5
205.0
211.0
218.5
179.5
208.0
187.0
218.5
191.5
214.0
49.0
230.5
224.5
74.5
155.5
169.0
214.0
98.5
101.5
230.5
217.0
194.5
227.5
143.5
128.5
229.0
139.0
73.0
209.5
98.5
223.0
169.0
106.0
226.0
233.5
200.5
206.5
70.0
235.0
218.5
200.5
190.0
215.5
106.0
151.0
214.0
229.0
214.0
145.0
137.5
215.5
206.5
224.5
163.0
185.5
178.0
164.5
179.5
32.5
247.0
212.5
215.5
229.0
223.0
202.0
158.5
196.0
148.0
212.5
181.0
209.5
175.0
221.5
212.5
70.0
230.5
209.5
241.0
61.0
154.0
98.5
203.5
178.0
131.5
242.5
200.5
110.5
193.0
221.5
217.0
133.0
197.5
217.0
178.0
185.5
236.5
220.0
47.5
209.5
152.5
224.5
205.0
233.5
80.5
242.5
197.5
217.0
196.0
163.0
238.0
224.5
215.5
155.5
172.0
214.0
167.5
218.5
170.5
212.5
202.0
220.0
151.0
199.0
194.5
220.0
184.0
197.5
155.5
70.0
229.0
88.0
134.5
230.5
40.0
82.0
185.5
194.5
205.0
176.5
223.0
196.0
170.5
205.0
200.5
163.0
202.0
169.0
211.0
191.5
181.0
206.5
202.0
172.0
61.0
77.5
199.0
92.5
152.5
164.5
62.5
179.5
233.5
167.5
205.0
217.0
188.5
223.0
214.0
203.5
203.5
199.0
217.0
227.5
212.5
160.0
64.0
208.0
187.0
149.5
116.5
118.0
158.5
79.0
212.5
211.0
101.5
202.0
215.5
131.5
194.5
227.5
103.0
190.0
167.5
164.5
119.5
202.0
202.0
203.5
218.5
67.0
170.5
181.0
208.0
170.5
211.0
172.0
206.5
190.0
133.0
229.0
226.0
125.5
220.0
166.0
193.0
193.0
191.5
220.0
200.5
185.5
172.0
161.5
205.0
85.0
209.5
143.5
220.0
212.5
202.0
220.0
155.5
160.0
160.0
71.5
187.0
208.0
131.5
202.0
98.5
197.5
23.5
101.5
212.5
121.0
172.0
188.5
154.0
187.0
176.5
175.0
194.5
173.5
196.0
125.5
163.0
214.0
242.5
226.0
205.0
209.5
164.5
209.5
206.5
227.5
29.5
218.5
208.0
209.5
227.5
190.0
223.0
143.5
214.0
127.0
203.5
221.5
233.5
214.0
125.5
40.0
56.5
238.0
208.0
148.0
178.0
209.5
71.5
169.0
202.0
227.5
43.0
208.0
211.0
179.5
193.0
136.0
205.0
163.0
65.5
95.5
179.5
218.5
208.0
191.5
163.0
43.0
205.0
230.5
209.5
164.5
229.0
128.5
208.0
136.0
152.5
211.0
230.5
223.0
208.0
187.0
163.0
182.5
214.0
140.5
214.0
37.0
233.5
104.5
211.0
236.5
128.5
230.5
205.0
179.5
220.0
202.0
163.0
163.0
197.5
172.0
56.5
179.5
224.5
103.0
218.5
170.5
187.0
140.5
170.5
232.0
172.0
172.0
230.5
217.0
227.5
214.0
221.5
95.5
182.5
227.5
134.5
203.5
119.5
193.0
182.5
136.0
167.5
119.5
212.5
218.5
197.5
196.0
146.5
212.5
50.5
160.0
226.0
200.5
226.0
176.5
68.5
167.5
224.5
238.0
188.5
113.5
224.5
224.5
202.0
20.5
175.0
188.5
215.5
190.0
169.0
235.0
208.0
148.0
199.0
208.0
146.5
215.5
211.0
223.0
185.5
236.5
215.5
143.5
149.5
158.5
65.5
130.0
133.0
214.0
214.0
176.5
173.5
191.5
233.5
191.5
220.0
143.5
206.5
74.5
67.0
211.0
148.0
224.5
160.0
55.0
196.0
128.5
211.0
181.0
202.0
218.5
13.0
191.5
199.0
203.5
196.0
89.5
137.5
214.0
170.5
149.5
221.5
191.5
187.0
215.5
194.5
184.0
202.0
194.5
218.5
202.0
133.0
182.5
214.0
86.5
154.0
220.0
218.5
199.0
197.5
145.0
167.5
211.0
179.5
223.0
203.5
139.0
181.0
58.0
199.0
196.0
146.5
214.0
223.0
175.0
203.5
209.5
193.0
205.0
220.0
193.0
197.5
223.0
211.0
92.5
184.0
191.5
182.5
226.0
205.0
197.5
229.0
184.0
202.0
209.5
199.0
94.0
149.5
178.0
232.0
226.0
83.5
205.0
175.0
211.0
212.5
217.0
214.0
104.5
199.0
236.5
128.5
32.5
221.5
209.5
199.0
197.5
149.5
224.5
200.5
191.5
145.0
119.5
101.5
220.0
227.5
155.5
178.0
224.5
175.0
107.5
193.0
232.0
43.0
194.5
164.5
146.5
224.5
202.0
226.0
223.0
214.0
170.5
223.0
170.5
215.5
146.5
128.5
194.5
233.5
148.0
134.5
223.0
208.0
212.5
196.0
203.5
224.5
151.0
215.5
121.0
167.5
178.0
208.0
226.0
181.0
187.0
137.5
145.0
187.0
181.0
191.5
148.0
221.5
71.5
238.0
131.5
199.0
217.0
224.5
146.5
181.0
187.0
179.5
226.0
191.5
179.5
218.5
215.5
128.5
223.0
176.5
223.0
233.5
185.5
185.5
172.0
196.0
163.0
83.5
164.5
166.0
209.5
203.5
188.5
218.5
146.5
218.5
212.5
184.0
106.0
200.5
187.0
134.5
215.5
208.0
221.5
181.0
194.5
59.5
202.0
155.5
205.0
176.5
224.5
163.0
229.0
203.5
203.5
118.0
229.0
167.5
187.0
230.5
223.0
118.0
202.0
190.0
203.5
179.5
218.5
196.0
184.0
178.0
235.0
227.5
101.5
107.5
175.0
203.5
220.0
223.0
164.5
175.0
211.0
176.5
103.0
223.0
200.5
193.0
188.5
164.5
203.5
209.5
217.0
110.5
79.0
133.0
146.5
211.0
215.5
115.0
7.0
191.5
157.0
221.5
173.5
160.0
178.0
185.5
235.0
223.0
203.5
193.0
221.5
209.5
133.0
226.0
92.5
226.0
70.0
224.5
29.5
59.5
206.5
134.5
149.5
187.0
199.0
116.5
137.5
227.5
173.5
172.0
170.5
211.0
187.0
242.5
193.0
226.0
181.0
199.0
115.0
148.0
200.5
41.5
193.0
143.5
155.5
118.0
229.0
212.5
58.0
220.0
88.0
187.0
226.0
146.5
226.0
181.0
226.0
52.0
92.5
202.0
182.5
215.5
61.0
227.5
230.5
197.5
140.5
143.5
194.5
91.0
202.0
172.0
218.5
202.0
218.5
196.0
190.0
181.0
227.5
229.0
196.0
59.5
224.5
185.5
229.0
217.0
229.0
191.5
229.0
167.5
199.0
209.5
178.0
116.5
209.5
158.5
166.0
212.5
214.0
182.5
17.5
193.0
226.0
190.0
41.5
223.0
194.5
212.5
230.5
184.0
206.5
235.0
148.0
211.0
202.0
77.5
181.0
185.5
205.0
62.5
193.0
77.5
61.0
182.5
217.0
155.5
224.5
161.5
208.0
185.5
181.0
224.5
188.5
217.0
224.5
238.0
173.5
214.0
229.0
218.5
178.0
146.5
136.0
148.0
101.5
175.0
203.5
235.0
221.5
187.0
151.0
139.0
142.0
205.0
205.0
173.5
187.0
175.0
119.5
215.5
209.5
172.0
169.0
182.5
161.5
178.0
211.0
179.5
176.5
191.5
214.0
194.5
185.5
133.0
217.0
160.0
166.0
197.5
227.5
161.5
191.5
127.0
199.0
224.5
212.5
58.0
208.0
136.0
217.0
220.0
209.5
226.0
164.5
211.0
218.5
83.5
229.0
97.0
176.5
197.5
220.0
220.0
212.5
145.0
211.0
200.5
227.5
178.0
191.5
197.5
221.5
194.5
151.0
223.0
176.5
220.0
211.0
55.0
220.0
220.0
209.5
206.5
205.0
178.0
106.0
170.5
209.5
91.0
223.0
217.0
154.0
215.5
178.0
172.0
241.0
182.5
205.0
194.5
95.5
226.0
172.0
167.5
211.0
193.0
68.5
139.0
185.5
211.0
193.0
127.0
226.0
227.5
200.5
209.5
238.0
148.0
29.5
146.5
41.5
236.5
203.5
154.0
239.5
142.0
127.0
191.5
94.0
217.0
208.0
167.5
88.0
211.0
214.0
212.5
223.0
181.0
187.0
212.5
224.5
209.5
65.5
205.0
181.0
209.5
224.5
170.5
176.5
145.0
169.0
178.0
205.0
163.0
175.0
176.5
205.0
209.5
40.0
97.0
152.5
52.0
217.0
220.0
197.5
215.5
166.0
227.5
190.0
98.5
218.5
226.0
203.5
220.0
190.0
205.0
196.0
161.5
101.5
212.5
206.5
182.5
167.5
221.5
202.0
124.0
215.5
202.0
109.0
224.5
214.0
205.0
208.0
145.0
196.0
215.5
214.0
217.0
208.0
194.5
209.5
220.0
173.5
139.0
53.5
209.5
184.0
236.5
199.0
133.0
208.0
221.5
215.5
217.0
197.5
203.5
139.0
185.5
202.0
203.5
97.0
166.0
229.0
190.0
209.5
185.5
227.5
223.0
179.5
190.0
206.5
184.0
140.5
145.0
185.5
206.5
211.0
118.0
158.5
169.0
191.5
232.0
122.5
131.5
145.0
31.0
206.5
221.5
91.0
149.5
211.0
236.5
233.5
187.0
226.0
215.5
188.5
64.0
148.0
188.5
221.5
211.0
185.5
206.5
202.0
23.5
79.0
197.5
193.0
188.5
187.0
194.5
28.0
166.0
163.0
163.0
82.0
209.5
208.0
161.5
190.0
157.0
65.5
190.0
212.5
187.0
188.5
194.5
158.5
217.0
74.5
160.0
226.0
190.0
59.5
224.5
215.5
70.0
214.0
227.5
221.5
161.5
115.0
215.5
217.0
154.0
160.0
211.0
212.5
221.5
218.5
217.0
172.0
214.0
232.0
127.0
218.5
214.0
191.5
208.0
232.0
152.5
224.5
178.0
212.5
209.5
203.5
140.5
151.0
194.5
164.5
182.5
112.0
38.5
223.0
169.0
145.0
160.0
217.0
158.5
206.5
142.0
130.0
218.5
212.5
109.0
203.5
203.5
142.0
112.0
230.5
220.0
185.5
209.5
118.0
172.0
190.0
139.0
32.5
229.0
149.5
187.0
70.0
217.0
211.0
133.0
223.0
193.0
202.0
169.0
139.0
173.5
224.5
229.0
218.5
68.5
160.0
223.0
140.5
218.5
217.0
29.5
164.5
104.5
218.5
176.5
178.0
161.5
115.0
191.5
190.0
208.0
164.5
191.5
208.0
176.5
194.5
157.0
241.0
115.0
221.5
208.0
161.5
208.0
181.0
124.0
214.0
176.5
227.5
196.0
226.0
221.5
203.5
206.5
193.0
221.5
230.5
227.5
164.5
157.0
100.0
230.5
170.5
226.0
103.0
145.0
227.5
209.5
233.5
227.5
214.0
215.5
182.5
203.5
