152.5
185.5
130.0
208.0
163.0
116.5
86.5
226.0
200.5
16.0
199.0
229.0
151.0
191.5
149.5
76.0
175.0
227.5
227.5
89.5
217.0
184.0
143.5
199.0
104.5
56.5
197.5
184.0
158.5
94.0
88.0
173.5
187.0
167.5
85.0
194.5
164.5
49.0
202.0
194.5
74.5
203.5
199.0
188.5
119.5
158.5
23.5
28.0
176.5
46.0
89.5
136.0
188.5
65.5
173.5
185.5
206.5
187.0
182.5
124.0
191.5
62.5
211.0
199.0
208.0
173.5
196.0
200.5
194.5
184.0
71.5
107.5
163.0
193.0
206.5
83.5
109.0
179.5
194.5
143.5
145.0
175.0
91.0
206.5
202.0
193.0
31.0
208.0
124.0
178.0
92.5
112.0
107.5
199.0
92.5
184.0
178.0
196.0
197.5
181.0
214.0
58.0
109.0
115.0
121.0
85.0
112.0
193.0
230.5
98.5
49.0
161.5
220.0
28.0
97.0
112.0
175.0
64.0
155.5
172.0
230.5
214.0
212.5
235.0
47.5
109.0
94.0
79.0
199.0
203.5
200.5
202.0
125.5
128.5
170.5
211.0
164.5
176.5
107.5
77.5
188.5
97.0
197.5
178.0
220.0
236.5
151.0
110.5
172.0
164.5
80.5
104.5
68.5
211.0
188.5
193.0
25.0
224.5
161.5
214.0
154.0
151.0
205.0
50.5
31.0
101.5
148.0
152.5
137.5
118.0
188.5
218.5
83.5
223.0
104.5
193.0
88.0
184.0
212.5
94.0
62.5
202.0
215.5
202.0
208.0
61.0
230.5
163.0
67.0
206.5
116.5
17.5
172.0
217.0
211.0
196.0
148.0
170.5
218.5
38.5
182.5
209.5
152.5
217.0
85.0
182.5
200.5
148.0
229.0
206.5
173.5
220.0
148.0
202.0
79.0
181.0
179.5
175.0
211.0
187.0
46.0
157.0
196.0
187.0
175.0
170.5
46.0
140.5
196.0
158.5
229.0
52.0
172.0
215.5
235.0
200.5
209.5
193.0
215.5
35.5
194.5
101.5
217.0
194.5
182.5
221.5
137.5
71.5
200.5
218.5
122.5
197.5
224.5
218.5
197.5
166.0
154.0
218.5
160.0
134.5
194.5
79.0
199.0
242.5
211.0
65.5
10.0
172.0
140.5
185.5
86.5
103.0
188.5
199.0
221.5
44.5
187.0
97.0
161.5
227.5
185.5
95.5
172.0
53.5
182.5
191.5
158.5
67.0
170.5
187.0
142.0
218.5
206.5
190.0
178.0
205.0
184.0
230.5
184.0
49.0
197.5
119.5
215.5
52.0
206.5
170.5
92.5
124.0
173.5
158.5
127.0
167.5
199.0
193.0
232.0
41.5
199.0
194.5
109.0
173.5
182.5
238.0
199.0
203.5
92.5
73.0
110.5
146.5
202.0
73.0
202.0
149.5
226.0
205.0
154.0
194.5
218.5
220.0
89.5
175.0
217.0
125.5
200.5
202.0
235.0
182.5
161.5
178.0
206.5
214.0
169.0
206.5
47.5
187.0
203.5
140.5
188.5
169.0
163.0
206.5
88.0
203.5
17.5
146.5
127.0
218.5
143.5
211.0
127.0
191.5
175.0
167.5
188.5
68.5
224.5
28.0
154.0
104.5
218.5
214.0
244.0
218.5
80.5
35.5
134.5
109.0
104.5
178.0
224.5
211.0
212.5
160.0
125.5
176.5
148.0
25.0
187.0
169.0
172.0
56.5
184.0
163.0
161.5
211.0
146.5
163.0
211.0
221.5
148.0
227.5
25.0
212.5
200.5
232.0
184.0
23.5
161.5
206.5
196.0
118.0
166.0
218.5
197.5
160.0
206.5
160.0
46.0
49.0
143.5
170.5
83.5
229.0
185.5
184.0
82.0
169.0
97.0
170.5
172.0
208.0
166.0
220.0
208.0
50.5
34.0
176.5
149.5
215.5
188.5
217.0
92.5
193.0
172.0
49.0
128.5
113.5
214.0
175.0
190.0
143.5
193.0
22.0
221.5
55.0
94.0
175.0
137.5
221.5
112.0
179.5
211.0
154.0
166.0
142.0
38.5
232.0
223.0
53.5
178.0
139.0
212.5
202.0
193.0
101.5
205.0
16.0
110.5
220.0
202.0
157.0
158.5
199.0
200.5
203.5
176.5
166.0
191.5
197.5
245.5
211.0
71.5
197.5
142.0
187.0
44.5
160.0
58.0
8.5
167.5
215.5
193.0
221.5
145.0
173.5
211.0
76.0
161.5
226.0
119.5
199.0
134.5
215.5
170.5
178.0
161.5
100.0
115.0
188.5
209.5
202.0
221.5
230.5
185.5
166.0
188.5
152.5
136.0
146.5
16.0
166.0
85.0
187.0
185.5
161.5
79.0
56.5
175.0
116.5
229.0
109.0
116.5
113.5
158.5
191.5
191.5
91.0
143.5
230.5
56.5
199.0
200.5
41.5
59.5
22.0
46.0
155.5
209.5
182.5
188.5
145.0
200.5
113.5
193.0
188.5
176.5
178.0
28.0
143.5
98.5
106.0
220.0
91.0
121.0
133.0
199.0
167.5
187.0
170.5
215.5
139.0
65.5
194.5
127.0
149.5
160.0
226.0
169.0
200.5
221.5
55.0
163.0
217.0
133.0
89.5
185.5
178.0
178.0
98.5
190.0
173.5
115.0
199.0
40.0
230.5
58.0
49.0
229.0
148.0
137.5
161.5
184.0
107.5
233.5
200.5
133.0
175.0
139.0
89.5
131.5
22.0
142.0
71.5
121.0
139.0
59.5
193.0
167.5
193.0
206.5
146.5
115.0
215.5
187.0
181.0
209.5
208.0
89.5
178.0
98.5
151.0
160.0
121.0
149.5
98.5
229.0
61.0
185.5
139.0
122.5
197.5
38.5
209.5
209.5
197.5
55.0
214.0
202.0
142.0
163.0
22.0
136.0
182.5
170.5
200.5
211.0
227.5
188.5
98.5
179.5
149.5
184.0
106.0
182.5
115.0
169.0
227.5
109.0
37.0
31.0
197.5
64.0
59.5
5.5
172.0
158.5
173.5
65.5
118.0
79.0
205.0
127.0
205.0
218.5
149.5
74.5
158.5
154.0
200.5
190.0
131.5
107.5
104.5
221.5
194.5
191.5
58.0
130.0
191.5
56.5
112.0
209.5
197.5
142.0
128.5
181.0
217.0
107.5
106.0
200.5
143.5
203.5
236.5
119.5
199.0
215.5
167.5
182.5
217.0
128.5
143.5
211.0
199.0
214.0
134.5
128.5
205.0
194.5
220.0
125.5
71.5
64.0
197.5
181.0
214.0
98.5
214.0
86.5
203.5
65.5
85.0
112.0
188.5
220.0
56.5
220.0
103.0
124.0
149.5
184.0
212.5
191.5
221.5
184.0
128.5
197.5
163.0
199.0
179.5
229.0
218.5
188.5
155.5
137.5
56.5
187.0
197.5
70.0
188.5
232.0
214.0
184.0
172.0
181.0
155.5
176.5
89.5
211.0
212.5
157.0
130.0
83.5
205.0
203.5
152.5
218.5
220.0
182.5
148.0
124.0
169.0
184.0
79.0
173.5
199.0
196.0
121.0
196.0
55.0
116.5
203.5
212.5
185.5
209.5
220.0
217.0
154.0
88.0
124.0
85.0
118.0
52.0
164.5
202.0
170.5
187.0
82.0
133.0
220.0
164.5
208.0
136.0
200.5
203.5
214.0
206.5
184.0
160.0
124.0
151.0
40.0
40.0
97.0
145.0
151.0
214.0
142.0
49.0
208.0
200.5
229.0
166.0
76.0
50.5
76.0
139.0
203.5
209.5
182.5
199.0
94.0
143.5
188.5
217.0
158.5
181.0
125.5
184.0
199.0
211.0
217.0
86.5
175.0
58.0
142.0
191.5
190.0
17.5
184.0
143.5
235.0
116.5
214.0
115.0
140.5
172.0
77.5
194.5
188.5
95.5
149.5
182.5
229.0
172.0
164.5
193.0
119.5
46.0
62.5
142.0
46.0
32.5
115.0
215.5
172.0
62.5
209.5
197.5
146.5
217.0
101.5
184.0
236.5
145.0
118.0
235.0
139.0
185.5
212.5
104.5
188.5
151.0
155.5
122.5
215.5
184.0
209.5
152.5
217.0
47.5
194.5
113.5
169.0
211.0
112.0
176.5
155.5
128.5
34.0
137.5
73.0
203.5
101.5
161.5
91.0
184.0
200.5
202.0
161.5
220.0
164.5
146.5
125.5
179.5
235.0
50.5
181.0
214.0
172.0
169.0
188.5
215.5
190.0
136.0
229.0
113.5
169.0
178.0
193.0
230.5
173.5
178.0
215.5
142.0
214.0
226.0
167.5
100.0
184.0
100.0
202.0
199.0
193.0
41.5
70.0
67.0
173.5
166.0
161.5
65.5
76.0
190.0
190.0
130.0
197.5
95.5
107.5
211.0
182.5
205.0
217.0
215.5
119.5
119.5
179.5
58.0
86.5
170.5
193.0
131.5
136.0
14.5
199.0
130.0
199.0
46.0
208.0
53.5
191.5
112.0
146.5
196.0
101.5
178.0
170.5
193.0
172.0
197.5
139.0
236.5
59.5
34.0
226.0
161.5
82.0
157.0
190.0
148.0
170.5
206.5
68.5
191.5
133.0
157.0
200.5
70.0
197.5
205.0
104.5
176.5
143.5
107.5
182.5
142.0
200.5
158.5
152.5
208.0
157.0
196.0
173.5
23.5
143.5
191.5
227.5
116.5
217.0
226.0
74.5
113.5
197.5
239.5
146.5
191.5
208.0
175.0
172.0
178.0
179.5
142.0
149.5
206.5
16.0
100.0
197.5
158.5
211.0
170.5
202.0
190.0
28.0
181.0
190.0
158.5
169.0
52.0
88.0
49.0
223.0
50.5
208.0
196.0
161.5
77.5
20.5
44.5
110.5
133.0
34.0
152.5
122.5
139.0
229.0
196.0
122.5
203.5
223.0
118.0
164.5
178.0
77.5
215.5
106.0
161.5
239.5
154.0
169.0
151.0
31.0
167.5
200.5
146.5
229.0
74.5
236.5
113.5
152.5
187.0
58.0
143.5
146.5
181.0
200.5
203.5
175.0
217.0
178.0
74.5
196.0
176.5
179.5
205.0
170.5
202.0
215.5
217.0
62.5
193.0
229.0
182.5
212.5
208.0
190.0
65.5
131.5
79.0
151.0
64.0
202.0
176.5
86.5
65.5
176.5
155.5
152.5
124.0
196.0
170.5
104.5
167.5
229.0
211.0
124.0
202.0
137.5
188.5
118.0
193.0
178.0
188.5
218.5
143.5
61.0
187.0
200.5
194.5
205.0
121.0
131.5
179.5
151.0
178.0
94.0
170.5
176.5
70.0
188.5
205.0
76.0
167.5
205.0
109.0
130.0
223.0
61.0
220.0
199.0
209.5
133.0
206.5
163.0
64.0
166.0
22.0
191.5
202.0
145.0
101.5
163.0
193.0
187.0
184.0
65.5
181.0
74.5
214.0
199.0
218.5
182.5
217.0
112.0
227.5
173.5
184.0
86.5
20.5
206.5
155.5
199.0
125.5
124.0
181.0
212.5
152.5
23.5
217.0
148.0
55.0
175.0
136.0
176.5
194.5
164.5
190.0
212.5
158.5
46.0
215.5
80.5
215.5
148.0
193.0
200.5
185.5
196.0
92.5
139.0
185.5
202.0
197.5
149.5
88.0
79.0
125.5
130.0
124.0
208.0
149.5
160.0
143.5
221.5
202.0
169.0
205.0
218.5
196.0
221.5
199.0
139.0
83.5
152.5
97.0
62.5
136.0
212.5
142.0
148.0
148.0
172.0
209.5
70.0
199.0
139.0
191.5
209.5
221.5
196.0
205.0
143.5
217.0
182.5
188.5
209.5
214.0
157.0
196.0
62.5
208.0
133.0
220.0
163.0
119.5
196.0
109.0
220.0
226.0
92.5
194.5
173.5
68.5
170.5
226.0
101.5
212.5
148.0
32.5
208.0
113.5
83.5
172.0
59.5
28.0
136.0
89.5
88.0
137.5
160.0
178.0
91.0
230.5
205.0
206.5
211.0
206.5
218.5
116.5
154.0
188.5
91.0
182.5
212.5
211.0
173.5
185.5
145.0
152.5
196.0
206.5
226.0
142.0
109.0
170.5
209.5
164.5
143.5
32.5
163.0
157.0
188.5
106.0
43.0
185.5
179.5
182.5
193.0
227.5
67.0
215.5
221.5
134.5
217.0
206.5
62.5
200.5
233.5
196.0
151.0
199.0
215.5
227.5
202.0
172.0
76.0
221.5
29.5
202.0
142.0
203.5
208.0
113.5
164.5
223.0
206.5
197.5
122.5
100.0
154.0
119.5
55.0
196.0
73.0
46.0
208.0
194.5
179.5
229.0
178.0
230.5
208.0
223.0
79.0
70.0
62.5
205.0
40.0
172.0
194.5
199.0
196.0
184.0
212.5
115.0
193.0
71.5
176.5
203.5
128.5
196.0
28.0
215.5
19.0
194.5
109.0
94.0
230.5
188.5
73.0
157.0
55.0
172.0
139.0
133.0
46.0
104.5
176.5
181.0
20.5
128.5
88.0
20.5
182.5
202.0
175.0
214.0
236.5
232.0
205.0
166.0
184.0
29.5
106.0
229.0
194.5
227.5
181.0
190.0
191.5
80.5
200.5
31.0
221.5
124.0
71.5
95.5
158.5
205.0
140.5
74.5
218.5
200.5
142.0
173.5
104.5
68.5
229.0
185.5
167.5
184.0
217.0
184.0
211.0
233.5
205.0
73.0
196.0
226.0
220.0
148.0
28.0
166.0
206.5
44.5
161.5
224.5
206.5
208.0
172.0
124.0
181.0
158.5
184.0
190.0
79.0
197.5
62.5
125.5
67.0
227.5
226.0
92.5
200.5
104.5
217.0
55.0
136.0
229.0
34.0
224.5
106.0
61.0
182.5
206.5
98.5
151.0
173.5
82.0
181.0
190.0
149.5
136.0
187.0
92.5
94.0
125.5
191.5
215.5
181.0
224.5
73.0
61.0
173.5
169.0
223.0
224.5
34.0
185.5
209.5
221.5
34.0
148.0
107.5
70.0
230.5
157.0
238.0
77.5
62.5
179.5
212.5
202.0
49.0
220.0
176.5
200.5
172.0
215.5
172.0
223.0
223.0
145.0
206.5
206.5
47.5
41.5
95.5
158.5
214.0
197.5
205.0
73.0
161.5
226.0
112.0
175.0
203.5
137.5
190.0
151.0
218.5
130.0
92.5
137.5
190.0
127.0
101.5
212.5
205.0
167.5
239.5
130.0
160.0
157.0
212.5
220.0
71.5
230.5
208.0
152.5
155.5
97.0
116.5
227.5
209.5
190.0
224.5
173.5
203.5
199.0
86.5
22.0
194.5
181.0
107.5
191.5
44.5
211.0
214.0
50.5
190.0
170.5
149.5
206.5
55.0
53.5
182.5
190.0
83.5
166.0
65.5
127.0
176.5
91.0
128.5
166.0
52.0
185.5
197.5
125.5
232.0
212.5
185.5
161.5
205.0
229.0
40.0
188.5
187.0
211.0
202.0
61.0
86.5
188.5
169.0
77.5
190.0
160.0
166.0
79.0
196.0
206.5
178.0
206.5
184.0
184.0
184.0
79.0
194.5
80.5
208.0
199.0
76.0
145.0
28.0
122.5
205.0
220.0
230.5
58.0
181.0
184.0
71.5
176.5
197.5
200.5
181.0
209.5
59.5
86.5
214.0
229.0
146.5
119.5
49.0
212.5
143.5
215.5
199.0
8.5
140.5
113.5
104.5
109.0
188.5
194.5
142.0
212.5
172.0
94.0
155.5
163.0
190.0
23.5
55.0
211.0
218.5
112.0
160.0
212.5
208.0
191.5
79.0
218.5
142.0
91.0
220.0
10.0
106.0
148.0
38.5
122.5
193.0
206.5
200.5
205.0
134.5
50.5
173.5
185.5
95.5
223.0
193.0
220.0
197.5
184.0
76.0
170.5
242.5
193.0
100.0
199.0
218.5
74.5
157.0
97.0
200.5
170.5
227.5
133.0
143.5
109.0
214.0
164.5
95.5
158.5
227.5
125.5
83.5
50.5
193.0
182.5
77.5
19.0
223.0
146.5
179.5
205.0
227.5
190.0
229.0
194.5
161.5
139.0
203.5
128.5
190.0
227.5
136.0
116.5
148.0
103.0
190.0
200.5
182.5
202.0
155.5
188.5
133.0
88.0
212.5
223.0
130.0
173.5
238.0
170.5
227.5
134.5
218.5
137.5
193.0
85.0
106.0
211.0
148.0
211.0
187.0
173.5
49.0
190.0
145.0
158.5
136.0
197.5
230.5
16.0
212.5
154.0
116.5
109.0
235.0
160.0
173.5
112.0
155.5
245.5
142.0
94.0
229.0
215.5
47.5
209.5
151.0
130.0
128.5
221.5
221.5
133.0
2.5
212.5
205.0
161.5
203.5
190.0
182.5
206.5
206.5
152.5
178.0
188.5
112.0
169.0
215.5
190.0
182.5
209.5
169.0
224.5
163.0
142.0
185.5
211.0
196.0
161.5
53.5
77.5
199.0
161.5
127.0
77.5
43.0
200.5
130.0
121.0
209.5
224.5
67.0
40.0
71.5
88.0
169.0
50.5
91.0
160.0
148.0
146.5
82.0
170.5
35.5
50.5
179.5
85.0
190.0
218.5
182.5
116.5
202.0
175.0
193.0
235.0
194.5
74.5
233.5
179.5
220.0
212.5
205.0
116.5
209.5
187.0
230.5
122.5
197.5
166.0
163.0
64.0
187.0
184.0
173.5
169.0
200.5
187.0
80.5
71.5
124.0
191.5
206.5
149.5
128.5
184.0
173.5
176.5
220.0
214.0
182.5
140.5
203.5
157.0
157.0
40.0
170.5
166.0
172.0
95.5
199.0
187.0
203.5
119.5
44.5
160.0
191.5
221.5
190.0
112.0
29.5
178.0
97.0
89.5
193.0
112.0
217.0
161.5
115.0
223.0
136.0
202.0
149.5
218.5
161.5
107.5
112.0
215.5
149.5
145.0
53.5
127.0
175.0
164.5
178.0
172.0
151.0
116.5
149.5
229.0
119.5
166.0
113.5
206.5
229.0
226.0
164.5
212.5
19.0
115.0
100.0
221.5
107.5
199.0
212.5
175.0
184.0
163.0
193.0
112.0
206.5
179.5
134.5
104.5
127.0
61.0
158.5
214.0
140.5
139.0
193.0
175.0
65.5
200.5
140.5
172.0
170.5
71.5
166.0
92.5
217.0
217.0
181.0
194.5
199.0
28.0
166.0
89.5
109.0
196.0
223.0
73.0
176.5
199.0
124.0
158.5
206.5
221.5
188.5
194.5
208.0
133.0
137.5
125.5
200.5
58.0
208.0
214.0
113.5
101.5
158.5
139.0
221.5
89.5
98.5
35.5
38.5
179.5
191.5
119.5
182.5
206.5
25.0
208.0
157.0
172.0
200.5
149.5
85.0
202.0
214.0
200.5
191.5
134.5
163.0
227.5
116.5
133.0
122.5
179.5
214.0
223.0
169.0
119.5
206.5
134.5
134.5
125.5
229.0
227.5
191.5
97.0
202.0
103.0
191.5
226.0
67.0
128.5
176.5
139.0
176.5
226.0
62.5
176.5
125.5
131.5
197.5
188.5
205.0
145.0
196.0
194.5
142.0
77.5
167.5
130.0
206.5
181.0
125.5
136.0
131.5
191.5
203.5
146.5
37.0
205.0
122.5
32.5
185.5
182.5
197.5
182.5
173.5
194.5
172.0
103.0
203.5
226.0
217.0
215.5
131.5
164.5
196.0
188.5
94.0
136.0
88.0
173.5
170.5
212.5
224.5
175.0
194.5
58.0
215.5
67.0
46.0
221.5
134.5
160.0
200.5
136.0
185.5
157.0
170.5
68.5
115.0
149.5
209.5
209.5
209.5
205.0
202.0
110.5
179.5
167.5
205.0
214.0
199.0
211.0
226.0
203.5
218.5
223.0
91.0
179.5
128.5
82.0
212.5
223.0
209.5
178.0
104.5
217.0
176.5
181.0
182.5
214.0
88.0
148.0
100.0
179.5
179.5
182.5
97.0
172.0
208.0
200.5
127.0
182.5
113.5
175.0
214.0
197.5
134.5
125.5
179.5
179.5
176.5
182.5
194.5
190.0
80.5
191.5
188.5
149.5
167.5
173.5
220.0
238.0
154.0
194.5
214.0
200.5
119.5
214.0
158.5
109.0
163.0
197.5
160.0
214.0
203.5
170.5
170.5
146.5
218.5
104.5
178.0
172.0
227.5
137.5
190.0
157.0
46.0
221.5
160.0
155.5
179.5
176.5
224.5
197.5
185.5
119.5
146.5
163.0
47.5
188.5
175.0
194.5
190.0
190.0
215.5
221.5
184.0
242.5
227.5
196.0
70.0
218.5
208.0
113.5
154.0
182.5
179.5
151.0
176.5
227.5
106.0
125.5
121.0
182.5
116.5
143.5
167.5
215.5
202.0
157.0
146.5
142.0
71.5
226.0
185.5
208.0
178.0
181.0
109.0
145.0
71.5
61.0
158.5
26.5
191.5
178.0
220.0
185.5
83.5
199.0
212.5
187.0
175.0
58.0
64.0
224.5
197.5
202.0
194.5
164.5
133.0
145.0
200.5
109.0
91.0
197.5
221.5
199.0
113.5
215.5
182.5
230.5
158.5
55.0
145.0
16.0
209.5
157.0
163.0
76.0
163.0
206.5
7.0
181.0
200.5
223.0
176.5
214.0
157.0
226.0
205.0
175.0
182.5
206.5
163.0
172.0
167.5
76.0
101.5
193.0
38.5
130.0
125.5
181.0
62.5
188.5
214.0
209.5
152.5
206.5
214.0
158.5
58.0
118.0
229.0
200.5
196.0
143.5
155.5
91.0
158.5
154.0
121.0
221.5
205.0
44.5
181.0
175.0
182.5
194.5
167.5
214.0
5.5
130.0
191.5
98.5
85.0
49.0
179.5
196.0
161.5
196.0
139.0
37.0
103.0
125.5
191.5
134.5
181.0
125.5
212.5
146.5
185.5
146.5
227.5
34.0
196.0
115.0
130.0
178.0
58.0
164.5
217.0
167.5
215.5
113.5
97.0
68.5
226.0
137.5
211.0
193.0
217.0
199.0
161.5
173.5
148.0
131.5
94.0
160.0
85.0
197.5
128.5
122.5
127.0
199.0
226.0
178.0
68.5
67.0
92.5
214.0
230.5
109.0
20.5
181.0
73.0
53.5
193.0
170.5
185.5
184.0
161.5
194.5
128.5
209.5
152.5
193.0
77.5
157.0
74.5
196.0
89.5
109.0
194.5
140.5
181.0
83.5
67.0
209.5
197.5
217.0
196.0
230.5
200.5
191.5
202.0
125.5
149.5
31.0
181.0
194.5
232.0
200.5
121.0
176.5
203.5
121.0
227.5
98.5
136.0
146.5
217.0
167.5
218.5
85.0
145.0
224.5
233.5
209.5
182.5
218.5
188.5
134.5
157.0
115.0
209.5
158.5
28.0
203.5
173.5
131.5
26.5
125.5
214.0
205.0
226.0
127.0
85.0
101.5
103.0
193.0
68.5
47.5
43.0
223.0
145.0
176.5
139.0
193.0
178.0
172.0
209.5
179.5
164.5
175.0
212.5
179.5
44.5
142.0
178.0
74.5
56.5
167.5
226.0
197.5
203.5
124.0
176.5
190.0
53.5
152.5
200.5
205.0
181.0
62.5
184.0
236.5
200.5
196.0
226.0
83.5
86.5
230.5
31.0
221.5
59.5
152.5
220.0
211.0
122.5
169.0
143.5
178.0
121.0
106.0
136.0
163.0
170.5
152.5
224.5
217.0
74.5
200.5
125.5
203.5
188.5
212.5
218.5
31.0
85.0
139.0
200.5
206.5
77.5
215.5
161.5
115.0
224.5
164.5
172.0
122.5
178.0
215.5
140.5
113.5
146.5
227.5
221.5
157.0
185.5
158.5
218.5
101.5
239.5
182.5
218.5
206.5
223.0
176.5
196.0
62.5
43.0
37.0
134.5
205.0
209.5
206.5
185.5
187.0
175.0
190.0
85.0
158.5
173.5
185.5
209.5
233.5
176.5
13.0
242.5
130.0
58.0
161.5
229.0
151.0
37.0
164.5
65.5
86.5
142.0
203.5
211.0
208.0
196.0
184.0
185.5
143.5
166.0
206.5
187.0
190.0
137.5
98.5
220.0
208.0
100.0
187.0
169.0
170.5
188.5
167.5
88.0
211.0
215.5
175.0
199.0
110.5
34.0
113.5
239.5
188.5
128.5
89.5
110.5
182.5
214.0
224.5
220.0
164.5
148.0
59.5
200.5
178.0
73.0
197.5
217.0
98.5
128.5
154.0
71.5
184.0
166.0
148.0
208.0
205.0
217.0
125.5
179.5
181.0
143.5
74.5
85.0
94.0
191.5
152.5
70.0
137.5
176.5
217.0
202.0
127.0
167.5
131.5
193.0
188.5
241.0
134.5
233.5
215.5
13.0
46.0
212.5
149.5
190.0
95.5
184.0
52.0
178.0
203.5
53.5
140.5
176.5
61.0
199.0
142.0
218.5
178.0
176.5
152.5
212.5
158.5
155.5
196.0
214.0
206.5
113.5
212.5
194.5
206.5
236.5
182.5
124.0
46.0
124.0
178.0
218.5
22.0
217.0
167.5
91.0
220.0
115.0
122.5
208.0
40.0
191.5
212.5
212.5
145.0
203.5
5.5
208.0
79.0
199.0
223.0
55.0
46.0
43.0
121.0
155.5
212.5
229.0
187.0
172.0
166.0
151.0
163.0
121.0
124.0
179.5
112.0
142.0
173.5
214.0
206.5
203.5
208.0
106.0
212.5
196.0
158.5
194.5
134.5
151.0
191.5
206.5
118.0
200.5
160.0
199.0
130.0
73.0
197.5
206.5
29.5
152.5
212.5
152.5
151.0
154.0
136.0
190.0
188.5
185.5
128.5
173.5
178.0
131.5
211.0
196.0
149.5
125.5
191.5
170.5
184.0
46.0
188.5
37.0
139.0
199.0
199.0
109.0
100.0
178.0
187.0
50.5
134.5
190.0
124.0
92.5
214.0
172.0
194.5
157.0
226.0
160.0
70.0
110.5
190.0
220.0
56.5
170.5
224.5
146.5
158.5
49.0
217.0
205.0
197.5
218.5
5.5
83.5
224.5
221.5
118.0
197.5
214.0
182.5
199.0
122.5
38.5
127.0
221.5
215.5
208.0
128.5
170.5
134.5
176.5
185.5
218.5
113.5
211.0
194.5
143.5
209.5
100.0
128.5
134.5
203.5
229.0
101.5
185.5
119.5
97.0
61.0
209.5
188.5
233.5
46.0
205.0
206.5
34.0
97.0
200.5
121.0
167.5
167.5
214.0
178.0
227.5
175.0
89.5
233.5
22.0
197.5
131.5
194.5
200.5
119.5
217.0
193.0
95.5
188.5
217.0
100.0
116.5
226.0
227.5
184.0
199.0
149.5
224.5
128.5
106.0
94.0
140.5
154.0
140.5
194.5
95.5
191.5
202.0
181.0
124.0
74.5
230.5
166.0
214.0
236.5
179.5
169.0
196.0
133.0
179.5
176.5
175.0
109.0
205.0
197.5
179.5
188.5
64.0
148.0
175.0
200.5
74.5
160.0
70.0
110.5
166.0
193.0
194.5
136.0
218.5
209.5
55.0
194.5
181.0
154.0
161.5
124.0
122.5
190.0
218.5
158.5
167.5
199.0
118.0
200.5
205.0
200.5
91.0
202.0
170.5
127.0
214.0
155.5
146.5
200.5
205.0
145.0
160.0
175.0
139.0
208.0
179.5
154.0
182.5
220.0
217.0
173.5
208.0
221.5
232.0
205.0
200.5
182.5
232.0
220.0
217.0
203.5
205.0
203.5
85.0
200.5
59.5
212.5
172.0
200.5
221.5
175.0
167.5
164.5
55.0
149.5
209.5
26.5
193.0
20.5
124.0
208.0
148.0
203.5
167.5
166.0
211.0
214.0
232.0
160.0
206.5
217.0
106.0
217.0
190.0
157.0
184.0
164.5
224.5
103.0
181.0
203.5
101.5
202.0
169.0
200.5
223.0
196.0
146.5
214.0
77.5
215.5
131.5
185.5
133.0
194.5
55.0
224.5
67.0
109.0
209.5
140.5
77.5
143.5
167.5
71.5
181.0
232.0
196.0
112.0
220.0
202.0
172.0
235.0
160.0
197.5
58.0
170.5
47.5
16.0
218.5
55.0
157.0
160.0
203.5
124.0
92.5
223.0
103.0
215.5
202.0
191.5
55.0
149.5
190.0
38.5
71.5
149.5
136.0
214.0
178.0
187.0
43.0
193.0
215.5
211.0
149.5
205.0
137.5
190.0
230.5
167.5
200.5
164.5
37.0
197.5
127.0
194.5
125.5
13.0
167.5
121.0
200.5
182.5
55.0
26.5
209.5
95.5
64.0
158.5
154.0
44.5
149.5
196.0
227.5
53.5
101.5
148.0
199.0
203.5
185.5
178.0
43.0
73.0
178.0
115.0
221.5
176.5
103.0
154.0
106.0
71.5
182.5
184.0
220.0
190.0
181.0
190.0
107.5
193.0
124.0
161.5
212.5
124.0
79.0
179.5
203.5
172.0
202.0
227.5
187.0
110.5
154.0
137.5
206.5
212.5
212.5
209.5
70.0
181.0
170.5
190.0
226.0
56.5
208.0
128.5
190.0
74.5
188.5
182.5
158.5
166.0
64.0
179.5
85.0
199.0
178.0
34.0
157.0
191.5
199.0
199.0
14.5
119.5
158.5
199.0
43.0
196.0
152.5
154.0
217.0
224.5
154.0
212.5
212.5
26.5
178.0
55.0
190.0
170.5
112.0
220.0
220.0
70.0
89.5
194.5
196.0
139.0
230.5
232.0
187.0
65.5
35.5
109.0
205.0
40.0
61.0
43.0
94.0
77.5
73.0
20.5
62.5
103.0
196.0
98.5
212.5
190.0
178.0
220.0
178.0
137.5
61.0
95.5
203.5
49.0
95.5
157.0
238.0
185.5
209.5
178.0
71.5
187.0
77.5
190.0
127.0
224.5
122.5
13.0
200.5
215.5
229.0
197.5
221.5
197.5
212.5
197.5
89.5
157.0
226.0
209.5
136.0
181.0
122.5
130.0
187.0
164.5
193.0
196.0
136.0
131.5
160.0
187.0
187.0
160.0
59.5
151.0
131.5
163.0
68.5
206.5
182.5
140.5
148.0
215.5
191.5
179.5
103.0
208.0
206.5
67.0
13.0
74.5
188.5
248.5
226.0
77.5
88.0
220.0
221.5
167.5
149.5
215.5
79.0
109.0
176.5
169.0
218.5
134.5
169.0
140.5
179.5
4.0
212.5
206.5
179.5
200.5
113.5
151.0
152.5
74.5
217.0
218.5
131.5
217.0
212.5
28.0
176.5
80.5
166.0
151.0
89.5
206.5
151.0
163.0
178.0
224.5
220.0
167.5
64.0
187.0
197.5
115.0
179.5
65.5
209.5
206.5
223.0
146.5
218.5
50.5
211.0
110.5
175.0
233.5
85.0
235.0
49.0
155.5
188.5
184.0
134.5
149.5
71.5
172.0
166.0
208.0
200.5
206.5
158.5
214.0
167.5
130.0
232.0
184.0
94.0
68.5
23.5
187.0
200.5
130.0
152.5
154.0
226.0
196.0
53.5
134.5
196.0
175.0
58.0
226.0
154.0
28.0
146.5
191.5
218.5
200.5
38.5
161.5
148.0
215.5
71.5
76.0
185.5
136.0
53.5
32.5
205.0
47.5
173.5
148.0
217.0
100.0
38.5
139.0
94.0
127.0
88.0
215.5
191.5
217.0
160.0
52.0
220.0
212.5
193.0
136.0
149.5
157.0
80.5
163.0
121.0
145.0
235.0
109.0
163.0
184.0
164.5
110.5
229.0
221.5
56.5
161.5
203.5
109.0
236.5
92.5
161.5
203.5
218.5
62.5
230.5
193.0
50.5
188.5
179.5
224.5
202.0
184.0
197.5
223.0
217.0
172.0
238.0
158.5
46.0
202.0
28.0
122.5
176.5
236.5
115.0
217.0
197.5
158.5
118.0
151.0
223.0
70.0
214.0
154.0
74.5
50.5
199.0
143.5
178.0
121.0
125.5
194.5
182.5
235.0
212.5
202.0
169.0
194.5
35.5
220.0
160.0
173.5
194.5
220.0
170.5
220.0
182.5
64.0
200.5
154.0
37.0
184.0
83.5
196.0
230.5
118.0
193.0
187.0
73.0
185.5
202.0
101.5
163.0
145.0
223.0
208.0
176.5
107.5
143.5
104.5
28.0
142.0
202.0
178.0
185.5
131.5
152.5
20.5
106.0
229.0
200.5
59.5
106.0
169.0
68.5
191.5
160.0
172.0
127.0
236.5
56.5
176.5
197.5
226.0
58.0
178.0
91.0
176.5
64.0
184.0
179.5
230.5
218.5
181.0
212.5
37.0
184.0
164.5
82.0
49.0
157.0
155.5
98.5
188.5
199.0
110.5
5.5
188.5
101.5
109.0
224.5
92.5
61.0
155.5
220.0
119.5
56.5
166.0
47.5
154.0
64.0
194.5
61.0
200.5
196.0
206.5
164.5
167.5
187.0
104.5
187.0
209.5
37.0
163.0
56.5
224.5
218.5
175.0
46.0
224.5
50.5
118.0
175.0
187.0
193.0
157.0
172.0
194.5
232.0
182.5
70.0
119.5
175.0
157.0
118.0
224.5
155.5
191.5
181.0
229.0
160.0
140.5
202.0
119.5
139.0
176.5
166.0
188.5
212.5
134.5
175.0
199.0
220.0
98.5
206.5
190.0
214.0
200.5
163.0
116.5
55.0
79.0
206.5
85.0
193.0
185.5
172.0
140.5
47.5
211.0
178.0
136.0
98.5
224.5
203.5
122.5
217.0
164.5
190.0
155.5
227.5
208.0
226.0
176.5
178.0
68.5
140.5
62.5
92.5
179.5
140.5
217.0
190.0
184.0
38.5
184.0
98.5
188.5
146.5
220.0
53.5
115.0
203.5
187.0
205.0
125.5
223.0
173.5
194.5
205.0
53.5
199.0
217.0
212.5
107.5
172.0
103.0
188.5
197.5
170.5
133.0
173.5
107.5
103.0
176.5
194.5
157.0
88.0
163.0
97.0
157.0
155.5
155.5
202.0
193.0
218.5
152.5
110.5
124.0
226.0
64.0
226.0
125.5
109.0
134.5
133.0
178.0
172.0
140.5
205.0
208.0
79.0
191.5
47.5
196.0
94.0
184.0
167.5
119.5
166.0
184.0
196.0
215.5
218.5
149.5
202.0
115.0
70.0
118.0
164.5
148.0
154.0
125.5
131.5
214.0
77.5
110.5
169.0
167.5
121.0
191.5
202.0
205.0
190.0
143.5
211.0
190.0
158.5
145.0
193.0
167.5
134.5
205.0
211.0
37.0
122.5
217.0
185.5
158.5
68.5
17.5
155.5
230.5
118.0
139.0
133.0
86.5
205.0
101.5
145.0
184.0
89.5
80.5
184.0
217.0
200.5
122.5
85.0
187.0
205.0
143.5
217.0
103.0
181.0
208.0
151.0
176.5
106.0
209.5
83.5
221.5
197.5
179.5
163.0
76.0
229.0
47.5
182.5
238.0
226.0
224.5
121.0
53.5
200.5
128.5
122.5
157.0
118.0
212.5
221.5
143.5
193.0
214.0
128.5
215.5
115.0
151.0
70.0
200.5
224.5
55.0
100.0
152.5
137.5
211.0
211.0
181.0
193.0
199.0
224.5
85.0
223.0
188.5
50.5
235.0
188.5
191.5
224.5
211.0
122.5
206.5
173.5
175.0
214.0
124.0
37.0
146.5
137.5
209.5
97.0
160.0
164.5
80.5
226.0
176.5
131.5
148.0
115.0
104.5
185.5
197.5
161.5
202.0
239.5
110.5
49.0
158.5
160.0
161.5
67.0
89.5
199.0
89.5
85.0
116.5
142.0
47.5
190.0
142.0
193.0
184.0
206.5
218.5
173.5
194.5
214.0
172.0
203.5
41.5
187.0
194.5
190.0
200.5
230.5
239.5
158.5
202.0
152.5
89.5
145.0
107.5
208.0
128.5
172.0
220.0
187.0
172.0
143.5
221.5
197.5
215.5
173.5
164.5
157.0
131.5
166.0
148.0
184.0
116.5
142.0
173.5
107.5
218.5
229.0
211.0
196.0
229.0
151.0
224.5
208.0
188.5
172.0
125.5
127.0
169.0
221.5
149.5
226.0
187.0
115.0
215.5
67.0
104.5
82.0
185.5
166.0
43.0
29.5
133.0
86.5
107.5
187.0
167.5
167.5
197.5
191.5
62.5
125.5
124.0
205.0
124.0
203.5
208.0
151.0
188.5
197.5
167.5
149.5
233.5
140.5
220.0
215.5
200.5
218.5
173.5
167.5
161.5
175.0
61.0
134.5
164.5
158.5
217.0
172.0
181.0
56.5
167.5
197.5
181.0
182.5
200.5
190.0
223.0
166.0
164.5
157.0
194.5
34.0
205.0
125.5
188.5
133.0
226.0
220.0
161.5
179.5
193.0
202.0
20.5
167.5
214.0
79.0
173.5
157.0
214.0
155.5
220.0
220.0
172.0
226.0
121.0
136.0
193.0
223.0
208.0
142.0
224.5
224.5
220.0
167.5
55.0
155.5
215.5
188.5
92.5
202.0
185.5
188.5
182.5
152.5
199.0
40.0
220.0
151.0
82.0
196.0
107.5
196.0
119.5
152.5
35.5
218.5
155.5
217.0
178.0
178.0
229.0
155.5
190.0
196.0
214.0
74.5
221.5
91.0
76.0
134.5
67.0
173.5
200.5
170.5
100.0
154.0
199.0
215.5
157.0
212.5
61.0
217.0
238.0
205.0
224.5
169.0
217.0
238.0
199.0
53.5
197.5
98.5
160.0
209.5
170.5
202.0
131.5
14.5
50.5
106.0
166.0
173.5
226.0
62.5
197.5
190.0
146.5
160.0
203.5
163.0
212.5
79.0
134.5
95.5
215.5
187.0
67.0
206.5
182.5
145.0
56.5
179.5
170.5
191.5
140.5
211.0
59.5
211.0
190.0
217.0
40.0
167.5
68.5
152.5
91.0
98.5
182.5
130.0
100.0
209.5
220.0
175.0
146.5
175.0
169.0
218.5
193.0
190.0
205.0
182.5
163.0
110.5
200.5
200.5
191.5
217.0
124.0
182.5
217.0
49.0
196.0
208.0
166.0
230.5
214.0
188.5
157.0
146.5
158.5
184.0
173.5
118.0
52.0
182.5
103.0
86.5
197.5
188.5
14.5
227.5
55.0
100.0
196.0
203.5
217.0
190.0
205.0
179.5
128.5
217.0
121.0
211.0
95.5
181.0
109.0
79.0
53.5
145.0
221.5
127.0
206.5
206.5
140.5
65.5
206.5
64.0
215.5
52.0
169.0
208.0
25.0
172.0
161.5
29.5
227.5
187.0
113.5
43.0
233.5
209.5
52.0
185.5
151.0
200.5
152.5
122.5
145.0
197.5
55.0
211.0
140.5
184.0
199.0
170.5
205.0
208.0
193.0
142.0
136.0
149.5
206.5
226.0
220.0
182.5
181.0
200.5
161.5
107.5
226.0
77.5
155.5
185.5
26.5
86.5
151.0
173.5
178.0
178.0
184.0
217.0
148.0
176.5
179.5
128.5
206.5
80.5
197.5
202.0
73.0
230.5
61.0
95.5
194.5
176.5
215.5
74.5
185.5
188.5
64.0
229.0
143.5
191.5
182.5
37.0
41.5
164.5
205.0
191.5
169.0
149.5
146.5
104.5
223.0
239.5
217.0
95.5
184.0
179.5
86.5
160.0
206.5
115.0
208.0
154.0
193.0
170.5
202.0
191.5
143.5
173.5
196.0
193.0
205.0
185.5
205.0
214.0
80.5
202.0
145.0
199.0
175.0
62.5
197.5
170.5
142.0
121.0
97.0
184.0
154.0
137.5
206.5
139.0
205.0
149.5
137.5
199.0
187.0
167.5
49.0
137.5
130.0
202.0
56.5
161.5
134.5
223.0
205.0
196.0
215.5
209.5
214.0
211.0
172.0
40.0
122.5
167.5
215.5
211.0
209.5
4.0
205.0
167.5
185.5
116.5
212.5
224.5
203.5
88.0
202.0
106.0
206.5
232.0
88.0
199.0
38.5
197.5
175.0
83.5
133.0
209.5
119.5
110.5
82.0
137.5
146.5
190.0
196.0
218.5
79.0
194.5
137.5
233.5
91.0
223.0
59.5
146.5
97.0
241.0
191.5
218.5
155.5
95.5
26.5
185.5
130.0
212.5
145.0
175.0
185.5
94.0
133.0
173.5
196.0
211.0
14.5
197.5
206.5
224.5
94.0
197.5
224.5
89.5
125.5
170.5
157.0
164.5
143.5
104.5
134.5
194.5
205.0
125.5
224.5
61.0
157.0
137.5
175.0
223.0
158.5
86.5
217.0
217.0
200.5
211.0
79.0
194.5
49.0
200.5
197.5
203.5
197.5
143.5
188.5
160.0
151.0
208.0
137.5
160.0
83.5
163.0
172.0
187.0
157.0
230.5
182.5
182.5
215.5
58.0
128.5
163.0
124.0
134.5
173.5
67.0
47.5
119.5
25.0
206.5
68.5
194.5
179.5
136.0
29.5
163.0
211.0
190.0
130.0
196.0
67.0
103.0
170.5
100.0
83.5
202.0
125.5
29.5
179.5
181.0
11.5
133.0
125.5
211.0
178.0
119.5
139.0
136.0
185.5
193.0
218.5
221.5
193.0
173.5
184.0
220.0
142.0
169.0
167.5
179.5
109.0
158.5
208.0
200.5
112.0
37.0
61.0
217.0
226.0
157.0
46.0
218.5
46.0
158.5
32.5
143.5
223.0
158.5
202.0
55.0
137.5
220.0
206.5
178.0
50.5
214.0
191.5
182.5
173.5
185.5
181.0
83.5
178.0
185.5
208.0
220.0
64.0
148.0
118.0
190.0
191.5
227.5
194.5
38.5
215.5
134.5
193.0
107.5
208.0
197.5
149.5
140.5
205.0
244.0
220.0
118.0
193.0
139.0
172.0
191.5
191.5
133.0
220.0
217.0
103.0
181.0
208.0
178.0
151.0
151.0
196.0
202.0
40.0
64.0
166.0
124.0
218.5
161.5
163.0
238.0
203.5
196.0
188.5
166.0
146.5
232.0
172.0
220.0
43.0
125.5
124.0
155.5
139.0
166.0
86.5
100.0
172.0
178.0
230.5
205.0
32.5
191.5
149.5
116.5
139.0
130.0
145.0
160.0
230.5
160.0
98.5
149.5
172.0
217.0
208.0
218.5
212.5
218.5
154.0
206.5
221.5
178.0
62.5
217.0
155.5
190.0
148.0
140.5
62.5
209.5
208.0
73.0
191.5
142.0
212.5
104.5
119.5
193.0
116.5
106.0
139.0
212.5
218.5
136.0
200.5
214.0
34.0
58.0
218.5
37.0
65.5
122.5
53.5
101.5
227.5
206.5
227.5
199.0
128.5
203.5
205.0
26.5
79.0
185.5
193.0
179.5
199.0
137.5
118.0
217.0
202.0
172.0
230.5
101.5
200.5
188.5
49.0
40.0
197.5
128.5
122.5
70.0
221.5
77.5
202.0
191.5
119.5
71.5
184.0
133.0
220.0
97.0
118.0
208.0
212.5
40.0
193.0
73.0
209.5
100.0
160.0
185.5
103.0
182.5
220.0
143.5
109.0
238.0
179.5
187.0
212.5
197.5
221.5
208.0
154.0
67.0
130.0
206.5
131.5
121.0
203.5
181.0
166.0
226.0
71.5
181.0
191.5
158.5
133.0
26.5
139.0
187.0
119.5
142.0
218.5
130.0
236.5
175.0
202.0
187.0
176.5
58.0
217.0
125.5
47.5
145.0
184.0
203.5
170.5
184.0
185.5
148.0
182.5
139.0
158.5
197.5
44.5
80.5
94.0
199.0
194.5
223.0
152.5
148.0
91.0
134.5
203.5
31.0
154.0
115.0
163.0
128.5
220.0
203.5
58.0
124.0
172.0
221.5
26.5
214.0
146.5
55.0
203.5
167.5
79.0
61.0
214.0
107.5
158.5
196.0
197.5
212.5
230.5
149.5
224.5
193.0
202.0
139.0
76.0
94.0
112.0
181.0
193.0
116.5
116.5
70.0
116.5
85.0
