226.0
178.0
212.5
224.5
194.5
170.5
119.5
143.5
136.0
172.0
176.5
92.5
73.0
190.0
35.5
2.5
199.0
134.5
32.5
203.5
101.5
149.5
197.5
208.0
199.0
40.0
206.5
119.5
175.0
26.5
155.5
206.5
104.5
139.0
202.0
155.5
85.0
115.0
137.5
221.5
65.5
37.0
164.5
173.5
184.0
182.5
167.5
142.0
130.0
179.5
190.0
190.0
34.0
79.0
197.5
229.0
191.5
166.0
185.5
160.0
185.5
208.0
170.5
191.5
170.5
124.0
172.0
188.5
68.5
158.5
34.0
55.0
173.5
65.5
119.5
83.5
169.0
76.0
106.0
196.0
104.5
229.0
194.5
202.0
122.5
167.5
95.5
35.5
214.0
184.0
97.0
151.0
158.5
145.0
191.5
197.5
166.0
155.5
170.5
178.0
113.5
137.5
196.0
136.0
113.5
157.0
167.5
178.0
38.5
50.5
212.5
85.0
121.0
134.5
167.5
46.0
98.5
194.5
71.5
103.0
46.0
127.0
29.5
53.5
71.5
91.0
182.5
80.5
151.0
190.0
197.5
218.5
125.5
149.5
161.5
97.0
199.0
151.0
181.0
190.0
154.0
218.5
218.5
206.5
185.5
169.0
97.0
127.0
67.0
200.5
130.0
224.5
187.0
46.0
149.5
116.5
140.5
202.0
109.0
178.0
217.0
62.5
184.0
214.0
154.0
122.5
101.5
44.5
94.0
196.0
148.0
200.5
202.0
56.5
128.5
88.0
193.0
121.0
194.5
187.0
185.5
143.5
4.0
115.0
203.5
95.5
193.0
158.5
106.0
25.0
154.0
164.5
188.5
101.5
137.5
145.0
187.0
104.5
178.0
205.0
134.5
167.5
112.0
203.5
176.5
163.0
154.0
200.5
187.0
199.0
152.5
169.0
154.0
194.5
94.0
203.5
203.5
77.5
55.0
151.0
178.0
212.5
62.5
103.0
142.0
97.0
125.5
175.0
151.0
173.5
182.5
202.0
176.5
74.5
151.0
200.5
179.5
20.5
190.0
203.5
146.5
148.0
196.0
112.0
190.0
68.5
29.5
188.5
229.0
218.5
173.5
49.0
149.5
59.5
19.0
101.5
158.5
197.5
236.5
224.5
101.5
170.5
103.0
217.0
194.5
61.0
217.0
166.0
170.5
182.5
58.0
179.5
70.0
218.5
211.0
152.5
172.0
100.0
160.0
173.5
112.0
221.5
115.0
77.5
157.0
200.5
145.0
181.0
49.0
184.0
109.0
203.5
47.5
197.5
152.5
221.5
107.5
22.0
136.0
22.0
185.5
202.0
88.0
154.0
164.5
227.5
220.0
190.0
38.5
170.5
164.5
236.5
155.5
170.5
163.0
86.5
157.0
214.0
185.5
167.5
17.5
124.0
167.5
124.0
92.5
44.5
133.0
164.5
154.0
59.5
170.5
200.5
92.5
208.0
110.5
109.0
188.5
176.5
145.0
44.5
127.0
194.5
64.0
136.0
166.0
179.5
46.0
163.0
220.0
190.0
70.0
173.5
130.0
196.0
173.5
197.5
191.5
160.0
29.5
43.0
208.0
122.5
52.0
152.5
134.5
176.5
145.0
172.0
16.0
91.0
175.0
173.5
133.0
208.0
203.5
202.0
151.0
38.5
77.5
65.5
83.5
167.5
112.0
196.0
217.0
131.5
217.0
164.5
101.5
188.5
175.0
184.0
11.5
97.0
193.0
172.0
70.0
47.5
167.5
164.5
92.5
85.0
208.0
49.0
131.5
191.5
187.0
158.5
221.5
73.0
199.0
128.5
181.0
181.0
143.5
203.5
91.0
35.5
209.5
205.0
145.0
119.5
83.5
161.5
74.5
173.5
200.5
115.0
47.5
115.0
139.0
32.5
88.0
26.5
22.0
181.0
124.0
196.0
209.5
79.0
200.5
157.0
101.5
187.0
92.5
47.5
89.5
161.5
22.0
143.5
80.5
187.0
205.0
187.0
58.0
163.0
176.5
182.5
227.5
29.5
205.0
122.5
197.5
220.0
55.0
238.0
88.0
62.5
109.0
194.5
88.0
191.5
49.0
178.0
187.0
14.5
80.5
172.0
86.5
61.0
215.5
94.0
29.5
127.0
62.5
43.0
133.0
191.5
82.0
92.5
121.0
208.0
157.0
205.0
29.5
25.0
166.0
230.5
170.5
214.0
130.0
199.0
104.5
217.0
113.5
230.5
241.0
194.5
166.0
40.0
113.5
106.0
128.5
49.0
188.5
202.0
197.5
119.5
19.0
182.5
103.0
206.5
77.5
170.5
115.0
215.5
127.0
217.0
166.0
133.0
11.5
155.5
181.0
196.0
98.5
82.0
206.5
167.5
151.0
199.0
193.0
211.0
185.5
53.5
202.0
136.0
61.0
94.0
86.5
152.5
52.0
172.0
53.5
212.5
199.0
187.0
208.0
217.0
155.5
169.0
185.5
212.5
181.0
121.0
155.5
175.0
58.0
164.5
199.0
49.0
223.0
46.0
175.0
86.5
176.5
215.5
106.0
88.0
115.0
95.5
167.5
185.5
148.0
49.0
193.0
41.5
115.0
184.0
92.5
133.0
188.5
190.0
217.0
43.0
56.5
148.0
193.0
82.0
175.0
28.0
203.5
146.5
89.5
218.5
155.5
218.5
109.0
127.0
121.0
134.5
101.5
181.0
136.0
106.0
134.5
62.5
61.0
131.5
103.0
86.5
176.5
211.0
152.5
140.5
134.5
143.5
146.5
103.0
155.5
44.5
154.0
71.5
107.5
182.5
178.0
68.5
55.0
104.5
190.0
29.5
214.0
191.5
212.5
200.5
154.0
193.0
190.0
154.0
142.0
53.5
65.5
136.0
211.0
193.0
163.0
173.5
211.0
170.5
209.5
143.5
176.5
199.0
154.0
211.0
203.5
91.0
82.0
44.5
172.0
224.5
143.5
184.0
166.0
184.0
23.5
217.0
190.0
191.5
65.5
188.5
178.0
98.5
202.0
124.0
154.0
26.5
77.5
82.0
185.5
73.0
205.0
98.5
217.0
182.5
82.0
163.0
142.0
224.5
173.5
146.5
104.5
152.5
62.5
199.0
190.0
184.0
37.0
211.0
187.0
82.0
185.5
173.5
37.0
46.0
178.0
217.0
77.5
157.0
125.5
193.0
40.0
184.0
149.5
188.5
199.0
194.5
212.5
83.5
44.5
131.5
148.0
217.0
160.0
125.5
100.0
52.0
184.0
212.5
53.5
46.0
142.0
166.0
167.5
143.5
101.5
190.0
197.5
83.5
40.0
206.5
37.0
161.5
62.5
199.0
206.5
121.0
229.0
167.5
95.5
116.5
196.0
128.5
187.0
86.5
205.0
209.5
140.5
140.5
163.0
98.5
82.0
95.5
193.0
122.5
137.5
212.5
200.5
188.5
73.0
223.0
182.5
85.0
208.0
122.5
134.5
214.0
227.5
58.0
218.5
178.0
122.5
146.5
136.0
166.0
137.5
163.0
58.0
88.0
181.0
199.0
199.0
221.5
218.5
125.5
70.0
28.0
98.5
199.0
173.5
104.5
140.5
224.5
200.5
26.5
70.0
203.5
211.0
109.0
208.0
176.5
77.5
103.0
230.5
182.5
157.0
125.5
88.0
137.5
179.5
59.5
149.5
67.0
152.5
160.0
196.0
155.5
211.0
203.5
163.0
124.0
52.0
61.0
187.0
152.5
140.5
59.5
53.5
107.5
223.0
145.0
218.5
164.5
203.5
166.0
158.5
218.5
14.5
35.5
76.0
70.0
182.5
170.5
125.5
50.5
179.5
172.0
49.0
70.0
149.5
152.5
71.5
131.5
178.0
98.5
187.0
32.5
47.5
127.0
130.0
179.5
43.0
91.0
220.0
166.0
73.0
139.0
157.0
109.0
194.5
103.0
176.5
70.0
179.5
59.5
173.5
191.5
52.0
152.5
76.0
148.0
178.0
223.0
193.0
143.5
98.5
200.5
181.0
209.5
155.5
205.0
23.5
199.0
70.0
46.0
182.5
134.5
98.5
181.0
179.5
88.0
94.0
74.5
109.0
157.0
131.5
32.5
191.5
113.5
187.0
80.5
112.0
131.5
166.0
208.0
233.5
124.0
209.5
103.0
221.5
112.0
176.5
217.0
214.0
206.5
97.0
112.0
34.0
196.0
158.5
131.5
65.5
134.5
106.0
70.0
94.0
128.5
182.5
196.0
220.0
65.5
88.0
184.0
133.0
185.5
193.0
175.0
200.5
217.0
206.5
113.5
52.0
200.5
184.0
175.0
223.0
161.5
187.0
52.0
163.0
55.0
82.0
163.0
137.5
80.5
106.0
179.5
125.5
50.5
92.5
55.0
106.0
157.0
91.0
79.0
125.5
55.0
61.0
205.0
121.0
187.0
152.5
43.0
176.5
164.5
181.0
140.5
155.5
221.5
181.0
208.0
176.5
209.5
79.0
200.5
137.5
113.5
149.5
167.5
158.5
149.5
187.0
161.5
127.0
155.5
92.5
146.5
65.5
205.0
188.5
59.5
206.5
212.5
169.0
73.0
194.5
143.5
157.0
154.0
202.0
179.5
173.5
203.5
196.0
56.5
134.5
205.0
104.5
125.5
130.0
131.5
106.0
188.5
109.0
43.0
200.5
113.5
95.5
134.5
100.0
47.5
76.0
143.5
88.0
71.5
190.0
95.5
226.0
203.5
194.5
193.0
167.5
49.0
167.5
155.5
59.5
178.0
142.0
208.0
115.0
191.5
11.5
65.5
191.5
161.5
44.5
169.0
197.5
91.0
181.0
157.0
67.0
164.5
191.5
13.0
200.5
92.5
188.5
173.5
97.0
34.0
104.5
226.0
139.0
97.0
175.0
32.5
196.0
85.0
203.5
88.0
73.0
161.5
181.0
50.5
200.5
145.0
232.0
103.0
184.0
110.5
196.0
76.0
53.5
205.0
167.5
208.0
209.5
137.5
148.0
187.0
47.5
76.0
52.0
188.5
137.5
88.0
206.5
199.0
152.5
89.5
109.0
187.0
190.0
202.0
131.5
199.0
158.5
89.5
77.5
95.5
200.5
100.0
161.5
26.5
119.5
151.0
178.0
67.0
26.5
137.5
52.0
59.5
226.0
224.5
206.5
58.0
125.5
187.0
94.0
92.5
181.0
35.5
196.0
160.0
49.0
181.0
224.5
59.5
104.5
23.5
100.0
106.0
139.0
157.0
64.0
220.0
179.5
169.0
197.5
218.5
85.0
170.5
55.0
119.5
88.0
161.5
167.5
118.0
74.5
184.0
185.5
110.5
160.0
130.0
176.5
155.5
118.0
194.5
172.0
143.5
49.0
131.5
127.0
145.0
61.0
197.5
154.0
158.5
137.5
157.0
41.5
49.0
179.5
40.0
116.5
160.0
151.0
169.0
89.5
194.5
128.5
187.0
178.0
46.0
143.5
94.0
94.0
142.0
121.0
184.0
193.0
91.0
98.5
221.5
128.5
170.5
22.0
176.5
44.5
59.5
137.5
163.0
83.5
122.5
89.5
88.0
203.5
169.0
170.5
32.5
158.5
202.0
206.5
196.0
208.0
155.5
133.0
179.5
163.0
82.0
121.0
193.0
22.0
50.5
212.5
19.0
64.0
88.0
61.0
61.0
188.5
163.0
71.5
58.0
136.0
190.0
202.0
169.0
149.5
142.0
209.5
190.0
82.0
167.5
181.0
190.0
194.5
46.0
209.5
203.5
55.0
191.5
217.0
175.0
44.5
112.0
211.0
209.5
179.5
64.0
170.5
214.0
202.0
194.5
208.0
50.5
167.5
106.0
170.5
100.0
155.5
221.5
32.5
188.5
112.0
196.0
175.0
124.0
53.5
125.5
74.5
193.0
121.0
83.5
160.0
149.5
62.5
175.0
49.0
185.5
163.0
214.0
127.0
196.0
199.0
95.5
62.5
100.0
218.5
181.0
202.0
214.0
146.5
71.5
200.5
128.5
224.5
202.0
101.5
125.5
179.5
221.5
5.5
115.0
184.0
203.5
74.5
103.0
22.0
176.5
184.0
211.0
143.5
172.0
56.5
125.5
91.0
137.5
175.0
65.5
154.0
202.0
44.5
233.5
124.0
178.0
92.5
193.0
199.0
43.0
145.0
70.0
130.0
166.0
215.5
205.0
176.5
179.5
118.0
184.0
164.5
148.0
202.0
133.0
107.5
193.0
116.5
175.0
170.5
163.0
131.5
77.5
133.0
173.5
73.0
200.5
121.0
44.5
76.0
208.0
122.5
176.5
188.5
52.0
91.0
43.0
166.0
143.5
241.0
214.0
34.0
206.5
95.5
209.5
67.0
77.5
212.5
113.5
220.0
67.0
187.0
160.0
199.0
17.5
209.5
158.5
25.0
217.0
79.0
83.5
185.5
152.5
205.0
191.5
38.5
172.0
82.0
142.0
13.0
53.5
74.5
110.5
158.5
109.0
76.0
194.5
184.0
32.5
161.5
146.5
115.0
64.0
200.5
163.0
134.5
188.5
74.5
124.0
110.5
173.5
134.5
47.5
4.0
25.0
85.0
187.0
88.0
172.0
146.5
113.5
211.0
221.5
196.0
176.5
80.5
119.5
202.0
140.5
205.0
193.0
221.5
211.0
47.5
136.0
202.0
131.5
176.5
206.5
38.5
176.5
109.0
154.0
88.0
163.0
161.5
221.5
134.5
200.5
164.5
160.0
55.0
37.0
191.5
178.0
146.5
148.0
191.5
143.5
193.0
167.5
142.0
170.5
199.0
68.5
173.5
151.0
218.5
188.5
103.0
178.0
166.0
86.5
25.0
97.0
199.0
214.0
40.0
152.5
209.5
181.0
37.0
208.0
187.0
88.0
71.5
178.0
224.5
143.5
46.0
28.0
55.0
46.0
209.5
176.5
71.5
196.0
191.5
203.5
211.0
77.5
160.0
188.5
226.0
238.0
218.5
155.5
58.0
109.0
170.5
208.0
31.0
74.5
73.0
155.5
103.0
77.5
224.5
173.5
121.0
92.5
112.0
170.5
169.0
164.5
145.0
178.0
43.0
62.5
151.0
67.0
182.5
118.0
196.0
239.5
193.0
208.0
191.5
119.5
158.5
172.0
131.5
179.5
232.0
181.0
61.0
85.0
104.5
124.0
178.0
175.0
31.0
92.5
226.0
158.5
140.5
220.0
167.5
83.5
106.0
224.5
199.0
205.0
203.5
202.0
59.5
49.0
197.5
185.5
157.0
118.0
122.5
202.0
191.5
116.5
196.0
184.0
227.5
130.0
170.5
91.0
68.5
77.5
217.0
119.5
26.5
40.0
190.0
106.0
202.0
196.0
217.0
172.0
152.5
20.5
50.5
190.0
95.5
103.0
215.5
133.0
160.0
167.5
34.0
34.0
175.0
157.0
128.5
97.0
194.5
143.5
94.0
47.5
95.5
131.5
202.0
160.0
155.5
172.0
152.5
178.0
194.5
145.0
133.0
128.5
158.5
202.0
121.0
92.5
17.5
106.0
148.0
86.5
79.0
131.5
157.0
157.0
185.5
125.5
128.5
37.0
118.0
188.5
124.0
197.5
155.5
194.5
49.0
211.0
107.5
95.5
143.5
146.5
169.0
38.5
197.5
116.5
190.0
137.5
53.5
103.0
128.5
190.0
104.5
233.5
173.5
34.0
223.0
146.5
172.0
112.0
145.0
91.0
214.0
158.5
169.0
59.5
139.0
61.0
38.5
152.5
136.0
202.0
152.5
44.5
131.5
37.0
139.0
82.0
131.5
44.5
199.0
40.0
209.5
149.5
184.0
220.0
50.5
212.5
35.5
169.0
1.0
199.0
128.5
199.0
112.0
172.0
215.5
203.5
89.5
224.5
218.5
59.5
164.5
37.0
170.5
43.0
46.0
58.0
160.0
223.0
211.0
104.5
220.0
116.5
56.5
178.0
182.5
181.0
220.0
91.0
175.0
202.0
208.0
161.5
70.0
65.5
199.0
97.0
118.0
194.5
16.0
196.0
179.5
184.0
193.0
232.0
76.0
220.0
215.5
101.5
91.0
49.0
58.0
209.5
47.5
119.5
178.0
124.0
40.0
209.5
130.0
106.0
202.0
142.0
112.0
64.0
70.0
122.5
182.5
46.0
145.0
184.0
77.5
58.0
209.5
103.0
83.5
154.0
172.0
175.0
14.5
170.5
187.0
35.5
154.0
50.5
181.0
205.0
113.5
25.0
53.5
187.0
62.5
25.0
182.5
176.5
176.5
118.0
37.0
55.0
68.5
68.5
14.5
197.5
143.5
199.0
193.0
67.0
169.0
20.5
50.5
152.5
226.0
116.5
200.5
205.0
187.0
205.0
34.0
61.0
145.0
122.5
95.5
169.0
17.5
176.5
188.5
163.0
188.5
64.0
85.0
187.0
106.0
94.0
116.5
167.5
68.5
212.5
232.0
142.0
83.5
187.0
184.0
130.0
143.5
37.0
130.0
209.5
212.5
110.5
109.0
160.0
109.0
67.0
142.0
109.0
187.0
107.5
107.5
200.5
140.5
143.5
88.0
223.0
86.5
158.5
170.5
130.0
193.0
221.5
212.5
215.5
85.0
118.0
187.0
163.0
17.5
184.0
166.0
145.0
173.5
41.5
26.5
179.5
52.0
149.5
50.5
146.5
215.5
68.5
133.0
118.0
200.5
121.0
194.5
202.0
131.5
151.0
26.5
161.5
139.0
167.5
197.5
187.0
127.0
218.5
182.5
71.5
143.5
182.5
61.0
127.0
100.0
14.5
92.5
112.0
227.5
152.5
44.5
203.5
142.0
52.0
67.0
190.0
119.5
176.5
166.0
214.0
212.5
143.5
155.5
19.0
193.0
43.0
193.0
131.5
145.0
140.5
103.0
197.5
196.0
128.5
184.0
185.5
140.5
190.0
113.5
160.0
157.0
187.0
161.5
115.0
110.5
190.0
122.5
98.5
125.5
35.5
179.5
74.5
187.0
185.5
95.5
205.0
88.0
47.5
109.0
118.0
151.0
92.5
107.5
208.0
199.0
104.5
92.5
41.5
187.0
112.0
187.0
196.0
224.5
227.5
220.0
205.0
190.0
86.5
56.5
20.5
208.0
164.5
136.0
206.5
106.0
208.0
140.5
172.0
173.5
77.5
31.0
125.5
50.5
163.0
190.0
184.0
97.0
181.0
191.5
79.0
97.0
169.0
157.0
88.0
2.5
154.0
200.5
214.0
182.5
101.5
152.5
106.0
76.0
215.5
155.5
202.0
185.5
89.5
67.0
137.5
46.0
202.0
131.5
196.0
223.0
146.5
164.5
190.0
68.5
167.5
149.5
40.0
175.0
76.0
206.5
184.0
203.5
185.5
184.0
178.0
152.5
199.0
182.5
95.5
101.5
212.5
154.0
212.5
181.0
148.0
178.0
200.5
67.0
70.0
224.5
176.5
85.0
37.0
197.5
217.0
212.5
182.5
115.0
164.5
170.5
164.5
187.0
181.0
95.5
152.5
218.5
185.5
158.5
226.0
166.0
113.5
53.5
55.0
220.0
83.5
146.5
82.0
13.0
164.5
98.5
190.0
89.5
215.5
121.0
67.0
38.5
158.5
181.0
166.0
47.5
197.5
191.5
53.5
46.0
157.0
34.0
217.0
158.5
97.0
112.0
173.5
184.0
160.0
166.0
172.0
182.5
100.0
203.5
179.5
52.0
193.0
85.0
202.0
205.0
173.5
134.5
173.5
100.0
200.5
131.5
79.0
179.5
76.0
127.0
122.5
235.0
107.5
101.5
113.5
46.0
173.5
160.0
187.0
170.5
128.5
97.0
203.5
145.0
31.0
206.5
128.5
91.0
85.0
140.5
47.5
76.0
196.0
59.5
176.5
161.5
175.0
179.5
113.5
77.5
221.5
193.0
166.0
224.5
199.0
202.0
80.5
104.5
158.5
173.5
224.5
82.0
13.0
116.5
193.0
32.5
209.5
178.0
191.5
208.0
152.5
97.0
98.5
16.0
142.0
158.5
217.0
107.5
190.0
142.0
197.5
202.0
113.5
77.5
223.0
176.5
71.5
97.0
199.0
235.0
143.5
115.0
221.5
164.5
74.5
187.0
211.0
70.0
181.0
110.5
178.0
37.0
172.0
16.0
25.0
131.5
41.5
131.5
178.0
181.0
151.0
139.0
38.5
155.5
187.0
202.0
140.5
203.5
67.0
119.5
55.0
44.5
119.5
50.5
197.5
89.5
142.0
214.0
139.0
34.0
220.0
152.5
131.5
74.5
160.0
200.5
190.0
100.0
182.5
208.0
118.0
181.0
136.0
220.0
131.5
211.0
208.0
194.5
202.0
55.0
74.5
151.0
194.5
194.5
46.0
158.5
190.0
170.5
229.0
131.5
130.0
127.0
131.5
176.5
193.0
148.0
196.0
157.0
25.0
142.0
181.0
217.0
197.5
77.5
113.5
187.0
181.0
170.5
179.5
215.5
140.5
196.0
166.0
184.0
38.5
223.0
164.5
224.5
188.5
155.5
206.5
200.5
214.0
194.5
160.0
143.5
190.0
40.0
167.5
80.5
223.0
182.5
143.5
95.5
212.5
97.0
200.5
208.0
184.0
68.5
94.0
62.5
13.0
166.0
212.5
194.5
179.5
160.0
118.0
47.5
131.5
64.0
25.0
166.0
163.0
152.5
206.5
209.5
143.5
35.5
107.5
205.0
179.5
152.5
161.5
173.5
47.5
103.0
118.0
205.0
236.5
151.0
218.5
137.5
115.0
158.5
227.5
154.0
92.5
184.0
164.5
40.0
77.5
143.5
218.5
202.0
133.0
157.0
67.0
52.0
209.5
212.5
166.0
121.0
67.0
52.0
193.0
68.5
166.0
88.0
172.0
193.0
163.0
127.0
136.0
172.0
199.0
185.5
109.0
133.0
206.5
133.0
202.0
142.0
86.5
230.5
161.5
131.5
200.5
175.0
199.0
88.0
91.0
74.5
125.5
172.0
100.0
220.0
119.5
184.0
169.0
49.0
217.0
211.0
121.0
109.0
116.5
38.5
227.5
203.5
145.0
77.5
32.5
92.5
106.0
191.5
83.5
131.5
124.0
155.5
41.5
187.0
193.0
56.5
221.5
139.0
158.5
196.0
172.0
205.0
184.0
139.0
142.0
131.5
197.5
118.0
28.0
104.5
176.5
128.5
20.5
125.5
188.5
152.5
124.0
217.0
211.0
178.0
217.0
194.5
158.5
218.5
41.5
170.5
178.0
187.0
41.5
181.0
164.5
73.0
161.5
131.5
56.5
175.0
193.0
100.0
235.0
209.5
58.0
68.5
80.5
175.0
205.0
38.5
196.0
124.0
191.5
169.0
110.5
193.0
157.0
199.0
175.0
137.5
13.0
199.0
148.0
88.0
190.0
77.5
188.5
71.5
182.5
73.0
59.5
211.0
175.0
148.0
196.0
148.0
73.0
110.5
65.5
217.0
74.5
62.5
217.0
80.5
76.0
190.0
109.0
122.5
64.0
202.0
217.0
127.0
158.5
214.0
23.5
143.5
155.5
74.5
173.5
107.5
155.5
172.0
154.0
146.5
158.5
190.0
179.5
220.0
181.0
71.5
181.0
178.0
202.0
160.0
178.0
160.0
169.0
106.0
169.0
94.0
205.0
211.0
182.5
116.5
80.5
182.5
176.5
188.5
155.5
95.5
178.0
136.0
187.0
62.5
17.5
200.5
164.5
158.5
205.0
22.0
26.5
160.0
157.0
98.5
88.0
199.0
209.5
161.5
76.0
127.0
112.0
56.5
119.5
82.0
145.0
166.0
193.0
107.5
103.0
194.5
136.0
113.5
167.5
191.5
155.5
119.5
58.0
197.5
179.5
58.0
134.5
197.5
106.0
139.0
127.0
124.0
221.5
214.0
140.5
215.5
34.0
109.0
91.0
116.5
65.5
160.0
74.5
152.5
220.0
158.5
197.5
217.0
80.5
203.5
163.0
175.0
208.0
190.0
173.5
86.5
145.0
170.5
149.5
83.5
125.5
185.5
49.0
199.0
188.5
76.0
134.5
80.5
101.5
169.0
107.5
20.5
170.5
98.5
191.5
208.0
119.5
205.0
16.0
194.5
196.0
200.5
151.0
145.0
158.5
137.5
227.5
181.0
68.5
181.0
176.5
175.0
67.0
166.0
196.0
193.0
95.5
136.0
196.0
193.0
101.5
169.0
181.0
11.5
221.5
104.5
218.5
212.5
133.0
193.0
119.5
197.5
37.0
230.5
211.0
113.5
107.5
47.5
37.0
92.5
59.5
74.5
158.5
85.0
163.0
197.5
79.0
178.0
86.5
128.5
100.0
163.0
116.5
194.5
35.5
136.0
202.0
145.0
175.0
194.5
100.0
211.0
94.0
203.5
29.5
157.0
103.0
187.0
130.0
62.5
191.5
47.5
97.0
178.0
202.0
146.5
80.5
85.0
142.0
169.0
131.5
214.0
203.5
116.5
202.0
44.5
89.5
172.0
209.5
130.0
194.5
173.5
124.0
92.5
124.0
47.5
194.5
146.5
104.5
70.0
226.0
175.0
208.0
166.0
86.5
97.0
121.0
191.5
116.5
77.5
187.0
196.0
47.5
130.0
155.5
40.0
199.0
106.0
170.5
212.5
152.5
236.5
125.5
215.5
209.5
202.0
194.5
154.0
188.5
89.5
145.0
185.5
56.5
200.5
46.0
199.0
149.5
169.0
61.0
112.0
154.0
157.0
170.5
95.5
95.5
97.0
92.5
202.0
172.0
130.0
58.0
197.5
55.0
130.0
55.0
211.0
40.0
115.0
167.5
140.5
163.0
31.0
199.0
35.5
68.5
97.0
209.5
113.5
166.0
151.0
127.0
118.0
230.5
104.5
179.5
74.5
190.0
215.5
182.5
94.0
164.5
34.0
220.0
236.5
191.5
188.5
112.0
131.5
76.0
125.5
44.5
112.0
130.0
182.5
176.5
82.0
217.0
52.0
68.5
37.0
65.5
136.0
155.5
158.5
88.0
106.0
80.5
86.5
128.5
121.0
20.5
38.5
32.5
155.5
37.0
104.5
211.0
197.5
193.0
229.0
208.0
55.0
175.0
151.0
116.5
146.5
154.0
95.5
106.0
203.5
119.5
94.0
140.5
179.5
173.5
137.5
200.5
203.5
200.5
221.5
164.5
226.0
158.5
121.0
182.5
47.5
145.0
112.0
32.5
193.0
154.0
116.5
175.0
215.5
203.5
223.0
181.0
199.0
146.5
205.0
67.0
202.0
64.0
161.5
122.5
157.0
92.5
217.0
77.5
152.5
95.5
142.0
191.5
131.5
212.5
103.0
175.0
214.0
152.5
55.0
175.0
188.5
40.0
101.5
119.5
179.5
169.0
130.0
74.5
205.0
50.5
49.0
149.5
145.0
37.0
61.0
166.0
65.5
35.5
124.0
224.5
209.5
149.5
179.5
191.5
218.5
188.5
26.5
179.5
128.5
202.0
206.5
184.0
139.0
50.5
134.5
160.0
95.5
161.5
154.0
43.0
44.5
203.5
187.0
176.5
193.0
125.5
142.0
65.5
91.0
34.0
200.5
100.0
193.0
151.0
206.5
140.5
185.5
190.0
206.5
218.5
142.0
146.5
128.5
194.5
98.5
76.0
77.5
38.5
68.5
158.5
157.0
218.5
190.0
182.5
43.0
23.5
106.0
107.5
193.0
181.0
61.0
158.5
227.5
218.5
137.5
193.0
161.5
199.0
179.5
59.5
173.5
79.0
100.0
155.5
115.0
50.5
218.5
175.0
208.0
182.5
25.0
208.0
187.0
122.5
190.0
211.0
128.5
134.5
188.5
85.0
79.0
56.5
64.0
157.0
142.0
173.5
164.5
145.0
41.5
65.5
46.0
65.5
100.0
131.5
167.5
56.5
127.0
187.0
224.5
151.0
161.5
136.0
137.5
173.5
163.0
179.5
106.0
145.0
106.0
191.5
136.0
44.5
158.5
67.0
112.0
107.5
136.0
101.5
151.0
100.0
71.5
205.0
50.5
217.0
203.5
25.0
53.5
179.5
175.0
25.0
148.0
89.5
205.0
172.0
206.5
55.0
160.0
142.0
224.5
127.0
43.0
95.5
110.5
47.5
74.5
131.5
200.5
110.5
152.5
128.5
17.5
176.5
95.5
86.5
224.5
182.5
197.5
182.5
208.0
70.0
29.5
10.0
178.0
167.5
101.5
146.5
40.0
226.0
185.5
173.5
187.0
62.5
184.0
104.5
118.0
155.5
170.5
52.0
95.5
193.0
185.5
29.5
137.5
190.0
145.0
167.5
131.5
185.5
119.5
73.0
22.0
121.0
92.5
230.5
179.5
130.0
41.5
206.5
107.5
167.5
176.5
131.5
193.0
163.0
148.0
157.0
184.0
80.5
170.5
148.0
22.0
35.5
211.0
218.5
191.5
106.0
119.5
103.0
205.0
199.0
175.0
226.0
70.0
67.0
178.0
208.0
116.5
74.5
208.0
109.0
79.0
29.5
169.0
191.5
131.5
92.5
206.5
209.5
206.5
118.0
83.5
199.0
130.0
175.0
212.5
134.5
160.0
224.5
217.0
151.0
206.5
43.0
176.5
179.5
131.5
181.0
152.5
187.0
190.0
172.0
71.5
50.5
148.0
194.5
100.0
154.0
106.0
163.0
182.5
4.0
199.0
43.0
103.0
190.0
182.5
67.0
185.5
127.0
220.0
193.0
40.0
179.5
208.0
197.5
181.0
41.5
190.0
173.5
154.0
116.5
176.5
167.5
224.5
182.5
205.0
41.5
73.0
193.0
205.0
146.5
121.0
133.0
218.5
40.0
169.0
107.5
218.5
122.5
184.0
26.5
28.0
169.0
178.0
212.5
166.0
215.5
223.0
220.0
167.5
101.5
214.0
23.5
199.0
46.0
191.5
112.0
164.5
184.0
179.5
202.0
52.0
77.5
112.0
175.0
56.5
197.5
187.0
137.5
199.0
170.5
89.5
41.5
188.5
200.5
196.0
38.5
203.5
209.5
187.0
179.5
214.0
184.0
167.5
128.5
178.0
89.5
209.5
110.5
161.5
151.0
179.5
112.0
143.5
212.5
152.5
199.0
131.5
166.0
215.5
175.0
212.5
28.0
100.0
47.5
223.0
100.0
134.5
152.5
67.0
67.0
208.0
211.0
211.0
212.5
67.0
203.5
50.5
170.5
181.0
193.0
118.0
152.5
206.5
73.0
205.0
46.0
62.5
188.5
184.0
211.0
169.0
205.0
197.5
140.5
95.5
70.0
163.0
164.5
199.0
154.0
29.5
200.5
164.5
28.0
139.0
109.0
35.5
175.0
104.5
35.5
178.0
158.5
158.5
215.5
206.5
146.5
181.0
184.0
194.5
182.5
83.5
152.5
182.5
152.5
130.0
187.0
187.0
154.0
49.0
202.0
25.0
65.5
215.5
221.5
58.0
164.5
154.0
128.5
23.5
100.0
53.5
145.0
166.0
79.0
70.0
56.5
148.0
73.0
92.5
154.0
175.0
182.5
203.5
124.0
79.0
202.0
118.0
223.0
212.5
52.0
175.0
163.0
169.0
97.0
116.5
157.0
56.5
104.5
131.5
119.5
202.0
214.0
37.0
82.0
202.0
190.0
223.0
104.5
196.0
220.0
173.5
193.0
155.5
19.0
196.0
206.5
232.0
44.5
31.0
184.0
217.0
25.0
209.5
137.5
200.5
145.0
145.0
34.0
185.5
211.0
208.0
199.0
92.5
206.5
217.0
197.5
25.0
125.5
142.0
13.0
226.0
218.5
199.0
32.5
145.0
166.0
205.0
197.5
127.0
211.0
188.5
62.5
194.5
91.0
167.5
98.5
199.0
191.5
142.0
59.5
127.0
94.0
191.5
157.0
202.0
130.0
169.0
34.0
170.5
124.0
179.5
65.5
203.5
172.0
212.5
140.5
49.0
55.0
14.5
184.0
76.0
175.0
91.0
31.0
68.5
73.0
100.0
155.5
58.0
200.5
205.0
161.5
131.5
139.0
190.0
199.0
119.5
50.5
124.0
163.0
146.5
41.5
205.0
211.0
176.5
200.5
118.0
176.5
134.5
7.0
142.0
139.0
176.5
154.0
206.5
185.5
82.0
166.0
91.0
212.5
194.5
188.5
211.0
185.5
106.0
52.0
89.5
103.0
43.0
178.0
187.0
170.5
92.5
205.0
220.0
40.0
49.0
88.0
188.5
173.5
56.5
115.0
217.0
191.5
143.5
178.0
106.0
77.5
151.0
121.0
191.5
209.5
185.5
106.0
152.5
163.0
20.5
211.0
208.0
121.0
140.5
71.5
194.5
73.0
163.0
223.0
139.0
98.5
41.5
203.5
118.0
52.0
196.0
143.5
200.5
148.0
47.5
127.0
226.0
223.0
218.5
215.5
157.0
170.5
85.0
178.0
191.5
196.0
25.0
38.5
140.5
185.5
140.5
89.5
206.5
23.5
184.0
220.0
163.0
157.0
46.0
191.5
154.0
53.5
149.5
167.5
161.5
173.5
193.0
175.0
214.0
172.0
148.0
149.5
131.5
200.5
187.0
100.0
148.0
190.0
191.5
152.5
176.5
130.0
71.5
233.5
73.0
176.5
52.0
173.5
182.5
175.0
164.5
146.5
121.0
83.5
112.0
203.5
227.5
143.5
163.0
143.5
122.5
230.5
43.0
50.5
109.0
110.5
154.0
160.0
154.0
172.0
175.0
209.5
152.5
148.0
127.0
152.5
197.5
191.5
202.0
223.0
122.5
97.0
94.0
158.5
26.5
140.5
170.5
122.5
67.0
182.5
208.0
130.0
166.0
164.5
173.5
110.5
113.5
172.0
182.5
188.5
32.5
178.0
230.5
149.5
220.0
104.5
199.0
13.0
164.5
158.5
145.0
131.5
124.0
200.5
25.0
163.0
28.0
202.0
47.5
77.5
125.5
110.5
199.0
214.0
173.5
73.0
185.5
67.0
55.0
91.0
157.0
188.5
226.0
83.5
166.0
184.0
200.5
95.5
128.5
227.5
163.0
142.0
218.5
79.0
83.5
98.5
172.0
80.5
230.5
197.5
121.0
191.5
137.5
124.0
190.0
25.0
92.5
221.5
187.0
224.5
134.5
142.0
91.0
100.0
181.0
157.0
157.0
221.5
59.5
184.0
76.0
34.0
46.0
181.0
199.0
28.0
205.0
25.0
100.0
131.5
110.5
46.0
148.0
176.5
143.5
98.5
133.0
163.0
112.0
206.5
185.5
173.5
83.5
158.5
16.0
212.5
70.0
167.5
106.0
104.5
160.0
32.5
14.5
61.0
193.0
40.0
175.0
47.5
142.0
169.0
10.0
142.0
163.0
116.5
82.0
70.0
179.5
52.0
191.5
176.5
158.5
167.5
173.5
193.0
176.5
187.0
167.5
43.0
169.0
184.0
184.0
181.0
20.5
142.0
206.5
104.5
172.0
65.5
125.5
145.0
190.0
124.0
151.0
92.5
130.0
125.5
143.5
161.5
169.0
31.0
202.0
145.0
194.5
67.0
119.5
208.0
122.5
182.5
62.5
161.5
149.5
164.5
58.0
167.5
119.5
77.5
40.0
106.0
188.5
145.0
125.5
155.5
194.5
37.0
143.5
197.5
173.5
193.0
62.5
110.5
149.5
188.5
157.0
92.5
124.0
110.5
227.5
154.0
227.5
187.0
55.0
161.5
145.0
98.5
224.5
148.0
190.0
214.0
223.0
202.0
188.5
188.5
214.0
155.5
209.5
206.5
124.0
218.5
203.5
191.5
197.5
184.0
196.0
53.5
122.5
106.0
101.5
212.5
176.5
92.5
206.5
232.0
106.0
19.0
223.0
200.5
113.5
164.5
79.0
185.5
158.5
94.0
184.0
202.0
166.0
119.5
110.5
160.0
68.5
151.0
113.5
154.0
97.0
196.0
140.5
151.0
151.0
149.5
107.5
191.5
205.0
116.5
82.0
95.5
200.5
202.0
116.5
220.0
47.5
137.5
205.0
208.0
190.0
109.0
89.5
97.0
142.0
119.5
152.5
161.5
136.0
230.5
196.0
215.5
188.5
202.0
170.5
211.0
139.0
65.5
218.5
32.5
227.5
187.0
95.5
173.5
167.5
83.5
191.5
142.0
89.5
205.0
127.0
103.0
208.0
121.0
73.0
115.0
107.5
187.0
161.5
79.0
161.5
55.0
53.5
22.0
148.0
184.0
127.0
113.5
187.0
100.0
224.5
119.5
107.5
145.0
142.0
103.0
184.0
52.0
115.0
73.0
191.5
122.5
104.5
214.0
113.5
95.5
212.5
169.0
176.5
163.0
127.0
223.0
128.5
35.5
215.5
73.0
131.5
134.5
169.0
197.5
166.0
161.5
149.5
179.5
181.0
22.0
44.5
71.5
149.5
187.0
166.0
77.5
217.0
7.0
109.0
176.5
148.0
170.5
206.5
191.5
155.5
215.5
149.5
77.5
22.0
200.5
127.0
193.0
88.0
163.0
49.0
194.5
187.0
232.0
182.5
157.0
67.0
82.0
185.5
209.5
182.5
19.0
188.5
179.5
128.5
160.0
194.5
46.0
20.5
137.5
170.5
223.0
158.5
191.5
134.5
80.5
172.0
214.0
217.0
196.0
196.0
101.5
53.5
128.5
206.5
211.0
85.0
82.0
179.5
143.5
56.5
184.0
172.0
163.0
220.0
155.5
157.0
124.0
181.0
127.0
167.5
125.5
11.5
196.0
200.5
47.5
47.5
181.0
196.0
218.5
70.0
104.5
203.5
196.0
35.5
67.0
160.0
134.5
53.5
173.5
128.5
184.0
209.5
181.0
157.0
34.0
91.0
146.5
203.5
127.0
125.5
110.5
188.5
154.0
116.5
26.5
68.5
170.5
121.0
110.5
146.5
202.0
53.5
131.5
199.0
163.0
197.5
23.5
130.0
202.0
107.5
151.0
71.5
200.5
107.5
221.5
61.0
143.5
13.0
217.0
128.5
226.0
184.0
178.0
106.0
199.0
211.0
82.0
77.5
197.5
74.5
110.5
205.0
199.0
172.0
202.0
94.0
181.0
134.5
74.5
76.0
170.5
160.0
178.0
203.5
218.5
100.0
184.0
92.5
97.0
77.5
37.0
50.5
104.5
67.0
175.0
193.0
92.5
133.0
220.0
107.5
230.5
206.5
95.5
121.0
59.5
193.0
91.0
175.0
122.5
119.5
151.0
143.5
79.0
155.5
181.0
121.0
142.0
148.0
236.5
191.5
229.0
122.5
220.0
221.5
110.5
130.0
38.5
211.0
109.0
191.5
61.0
58.0
194.5
205.0
223.0
118.0
125.5
173.5
160.0
113.5
203.5
169.0
97.0
170.5
163.0
212.5
169.0
152.5
212.5
62.5
139.0
200.5
194.5
164.5
223.0
185.5
131.5
89.5
173.5
184.0
193.0
181.0
184.0
169.0
184.0
146.5
86.5
193.0
14.5
103.0
224.5
34.0
76.0
94.0
184.0
163.0
223.0
100.0
61.0
62.5
91.0
148.0
103.0
178.0
103.0
53.5
157.0
64.0
98.5
170.5
127.0
143.5
161.5
109.0
145.0
118.0
137.5
200.5
35.5
194.5
194.5
218.5
76.0
131.5
35.5
215.5
80.5
193.0
166.0
140.5
221.5
125.5
94.0
209.5
164.5
61.0
26.5
43.0
130.0
163.0
190.0
196.0
175.0
49.0
152.5
127.0
74.5
44.5
77.5
91.0
220.0
44.5
139.0
73.0
224.5
196.0
160.0
154.0
155.5
214.0
89.5
112.0
52.0
205.0
154.0
157.0
70.0
197.5
161.5
158.5
107.5
92.5
70.0
94.0
178.0
143.5
226.0
16.0
127.0
79.0
41.5
226.0
199.0
205.0
158.5
124.0
40.0
80.5
109.0
116.5
203.5
160.0
148.0
109.0
88.0
101.5
52.0
67.0
190.0
145.0
89.5
86.5
67.0
218.5
19.0
172.0
221.5
113.5
137.5
206.5
95.5
19.0
112.0
130.0
88.0
191.5
161.5
125.5
143.5
187.0
116.5
191.5
185.5
191.5
92.5
155.5
53.5
26.5
124.0
179.5
136.0
139.0
187.0
106.0
191.5
85.0
202.0
101.5
202.0
134.5
83.5
203.5
181.0
151.0
191.5
199.0
104.5
31.0
140.5
170.5
62.5
68.5
169.0
193.0
176.5
202.0
83.5
59.5
188.5
226.0
196.0
205.0
139.0
214.0
157.0
196.0
217.0
167.5
28.0
133.0
172.0
104.5
70.0
161.5
154.0
61.0
193.0
182.5
44.5
191.5
229.0
227.5
53.5
134.5
43.0
89.5
142.0
23.5
149.5
151.0
89.5
113.5
242.5
167.5
211.0
107.5
151.0
194.5
107.5
152.5
137.5
145.0
98.5
230.5
73.0
161.5
217.0
137.5
82.0
43.0
158.5
116.5
166.0
197.5
166.0
85.0
166.0
179.5
161.5
124.0
212.5
166.0
211.0
16.0
118.0
52.0
86.5
155.5
76.0
203.5
76.0
139.0
194.5
205.0
188.5
167.5
220.0
206.5
209.5
89.5
67.0
100.0
172.0
211.0
67.0
133.0
19.0
109.0
224.5
196.0
148.0
170.5
194.5
215.5
64.0
209.5
172.0
155.5
217.0
88.0
28.0
53.5
187.0
196.0
110.5
41.5
178.0
128.5
202.0
34.0
56.5
158.5
157.0
119.5
61.0
40.0
26.5
193.0
92.5
131.5
133.0
176.5
61.0
172.0
215.5
208.0
112.0
143.5
116.5
160.0
88.0
175.0
103.0
157.0
59.5
182.5
28.0
221.5
200.5
173.5
103.0
19.0
220.0
101.5
197.5
148.0
59.5
41.5
221.5
209.5
89.5
55.0
115.0
217.0
140.5
184.0
61.0
154.0
199.0
52.0
76.0
29.5
229.0
29.5
206.5
226.0
145.0
115.0
8.5
215.5
185.5
179.5
85.0
115.0
184.0
179.5
88.0
176.5
31.0
97.0
115.0
95.5
214.0
206.5
202.0
215.5
38.5
64.0
161.5
160.0
94.0
199.0
107.5
190.0
49.0
82.0
139.0
190.0
110.5
67.0
160.0
161.5
199.0
178.0
128.5
127.0
217.0
155.5
58.0
181.0
209.5
118.0
202.0
148.0
43.0
209.5
148.0
97.0
50.5
94.0
157.0
167.5
208.0
173.5
40.0
70.0
142.0
68.5
149.5
121.0
182.5
29.5
155.5
127.0
143.5
206.5
187.0
155.5
176.5
163.0
200.5
103.0
56.5
149.5
172.0
169.0
13.0
41.5
79.0
107.5
134.5
218.5
224.5
193.0
119.5
61.0
115.0
49.0
197.5
125.5
227.5
187.0
181.0
218.5
53.5
85.0
59.5
152.5
223.0
122.5
70.0
112.0
166.0
197.5
181.0
199.0
166.0
170.5
130.0
56.5
169.0
125.5
208.0
65.5
220.0
217.0
73.0
28.0
176.5
139.0
152.5
185.5
178.0
121.0
181.0
73.0
215.5
215.5
196.0
170.5
191.5
128.5
148.0
116.5
167.5
169.0
230.5
164.5
218.5
73.0
94.0
194.5
85.0
25.0
190.0
35.5
146.5
239.5
50.5
182.5
137.5
71.5
86.5
46.0
175.0
34.0
190.0
82.0
134.5
92.5
92.5
140.5
176.5
206.5
190.0
77.5
191.5
154.0
97.0
76.0
203.5
70.0
67.0
71.5
179.5
202.0
14.5
226.0
167.5
176.5
193.0
133.0
178.0
82.0
91.0
169.0
41.5
199.0
229.0
170.5
101.5
110.5
181.0
182.5
104.5
55.0
167.5
206.5
91.0
179.5
104.5
169.0
101.5
206.5
134.5
170.5
35.5
86.5
200.5
227.5
103.0
115.0
199.0
80.5
209.5
59.5
128.5
73.0
187.0
38.5
175.0
175.0
82.0
71.5
214.0
212.5
58.0
74.5
11.5
86.5
196.0
152.5
199.0
214.0
29.5
221.5
209.5
167.5
47.5
50.5
194.5
182.5
127.0
119.5
160.0
29.5
20.5
188.5
107.5
71.5
203.5
160.0
142.0
200.5
197.5
164.5
206.5
125.5
179.5
