121.0
188.5
152.5
172.0
160.0
133.0
67.0
85.0
53.5
215.5
76.0
97.0
175.0
145.0
175.0
160.0
200.5
89.5
127.0
202.0
223.0
128.5
212.5
104.5
190.0
226.0
140.5
182.5
164.5
223.0
169.0
73.0
80.5
74.5
173.5
161.5
47.5
118.0
166.0
197.5
187.0
227.5
203.5
203.5
172.0
46.0
146.5
233.5
101.5
187.0
158.5
236.5
152.5
206.5
53.5
68.5
116.5
188.5
134.5
191.5
128.5
98.5
211.0
169.0
29.5
121.0
161.5
166.0
194.5
191.5
187.0
68.5
224.5
140.5
82.0
98.5
101.5
224.5
163.0
142.0
182.5
160.0
124.0
55.0
76.0
218.5
229.0
152.5
188.5
212.5
175.0
199.0
76.0
191.5
185.5
184.0
74.5
211.0
203.5
196.0
131.5
119.5
134.5
163.0
184.0
218.5
191.5
197.5
101.5
101.5
194.5
29.5
238.0
200.5
185.5
56.5
7.0
212.5
211.0
187.0
23.5
146.5
115.0
158.5
52.0
203.5
112.0
61.0
175.0
199.0
205.0
79.0
233.5
122.5
218.5
178.0
79.0
181.0
221.5
196.0
214.0
221.5
46.0
220.0
214.0
181.0
55.0
104.5
176.5
218.5
203.5
176.5
139.0
185.5
214.0
125.5
212.5
185.5
140.5
179.5
218.5
205.0
25.0
131.5
97.0
197.5
181.0
223.0
143.5
34.0
214.0
163.0
131.5
97.0
185.5
188.5
86.5
190.0
158.5
184.0
14.5
152.5
169.0
181.0
128.5
193.0
230.5
158.5
82.0
79.0
113.5
203.5
68.5
118.0
178.0
158.5
236.5
212.5
97.0
158.5
26.5
211.0
184.0
140.5
199.0
53.5
170.5
139.0
122.5
89.5
76.0
34.0
149.5
44.5
167.5
149.5
188.5
131.5
172.0
205.0
187.0
121.0
154.0
44.5
158.5
14.5
124.0
82.0
166.0
128.5
200.5
44.5
205.0
79.0
211.0
215.5
211.0
239.5
194.5
35.5
187.0
197.5
116.5
188.5
175.0
217.0
226.0
154.0
202.0
103.0
223.0
100.0
212.5
203.5
199.0
205.0
239.5
245.5
212.5
151.0
208.0
197.5
187.0
67.0
223.0
220.0
31.0
151.0
202.0
172.0
100.0
202.0
200.5
121.0
160.0
181.0
148.0
136.0
152.5
184.0
100.0
94.0
155.5
187.0
155.5
58.0
194.5
118.0
133.0
155.5
82.0
197.5
154.0
50.5
182.5
94.0
67.0
197.5
164.5
188.5
211.0
100.0
145.0
121.0
203.5
206.5
116.5
202.0
202.0
212.5
208.0
71.5
173.5
232.0
193.0
218.5
53.5
86.5
100.0
61.0
182.5
160.0
197.5
92.5
167.5
217.0
182.5
208.0
209.5
100.0
163.0
160.0
205.0
62.5
158.5
148.0
91.0
209.5
35.5
193.0
133.0
232.0
130.0
46.0
49.0
229.0
217.0
208.0
154.0
76.0
49.0
208.0
191.5
173.5
208.0
187.0
104.5
166.0
92.5
152.5
173.5
202.0
16.0
167.5
146.5
223.0
178.0
8.5
197.5
188.5
131.5
229.0
109.0
194.5
88.0
232.0
137.5
160.0
88.0
77.5
185.5
211.0
119.5
217.0
119.5
215.5
175.0
71.5
232.0
161.5
142.0
230.5
62.5
112.0
178.0
163.0
170.5
74.5
215.5
152.5
37.0
38.5
136.0
95.5
95.5
217.0
220.0
193.0
194.5
193.0
229.0
121.0
196.0
188.5
107.5
158.5
109.0
113.5
211.0
208.0
178.0
188.5
134.5
47.5
127.0
98.5
202.0
145.0
230.5
212.5
31.0
161.5
172.0
157.0
155.5
238.0
28.0
77.5
217.0
155.5
14.5
217.0
47.5
154.0
223.0
190.0
197.5
142.0
205.0
194.5
151.0
211.0
34.0
122.5
203.5
109.0
197.5
119.5
173.5
175.0
206.5
199.0
32.5
80.5
194.5
221.5
164.5
20.5
106.0
221.5
211.0
112.0
185.5
37.0
211.0
161.5
172.0
113.5
199.0
158.5
86.5
118.0
212.5
223.0
40.0
199.0
221.5
170.5
92.5
23.5
149.5
182.5
214.0
149.5
212.5
218.5
215.5
79.0
208.0
205.0
194.5
193.0
35.5
61.0
148.0
104.5
185.5
118.0
181.0
184.0
52.0
64.0
46.0
217.0
176.5
184.0
218.5
160.0
215.5
173.5
140.5
178.0
143.5
83.5
187.0
85.0
194.5
82.0
98.5
224.5
172.0
136.0
58.0
100.0
203.5
199.0
149.5
217.0
188.5
133.0
91.0
215.5
172.0
151.0
191.5
122.5
181.0
127.0
145.0
166.0
92.5
226.0
107.5
209.5
227.5
170.5
173.5
214.0
179.5
220.0
169.0
119.5
188.5
77.5
97.0
215.5
158.5
190.0
221.5
166.0
218.5
212.5
205.0
166.0
206.5
203.5
137.5
143.5
143.5
200.5
157.0
199.0
103.0
175.0
92.5
62.5
208.0
203.5
181.0
236.5
202.0
44.5
163.0
236.5
206.5
178.0
203.5
184.0
83.5
205.0
188.5
170.5
76.0
205.0
127.0
137.5
32.5
59.5
184.0
190.0
101.5
187.0
145.0
113.5
191.5
229.0
185.5
190.0
149.5
218.5
107.5
47.5
128.5
163.0
188.5
74.5
139.0
191.5
163.0
131.5
169.0
187.0
221.5
208.0
155.5
211.0
118.0
229.0
170.5
164.5
188.5
190.0
220.0
169.0
82.0
85.0
148.0
190.0
157.0
157.0
181.0
220.0
127.0
208.0
124.0
115.0
170.5
202.0
125.5
221.5
185.5
146.5
88.0
70.0
47.5
220.0
64.0
200.5
217.0
223.0
35.5
184.0
166.0
193.0
203.5
43.0
221.5
119.5
227.5
176.5
206.5
166.0
233.5
145.0
160.0
200.5
113.5
67.0
212.5
188.5
191.5
95.5
187.0
202.0
205.0
161.5
152.5
124.0
89.5
224.5
175.0
107.5
224.5
134.5
160.0
163.0
220.0
178.0
29.5
55.0
199.0
208.0
131.5
103.0
187.0
223.0
215.5
196.0
208.0
152.5
160.0
178.0
79.0
196.0
176.5
121.0
214.0
176.5
35.5
194.5
205.0
64.0
139.0
212.5
143.5
190.0
52.0
212.5
214.0
88.0
139.0
52.0
89.5
173.5
142.0
133.0
214.0
121.0
190.0
37.0
79.0
110.5
100.0
223.0
214.0
146.5
202.0
61.0
109.0
127.0
205.0
178.0
121.0
62.5
53.5
139.0
29.5
221.5
185.5
112.0
190.0
215.5
58.0
136.0
212.5
52.0
88.0
185.5
206.5
127.0
67.0
220.0
97.0
185.5
70.0
172.0
130.0
208.0
194.5
224.5
38.5
175.0
119.5
59.5
148.0
230.5
218.5
115.0
172.0
77.5
161.5
103.0
145.0
43.0
221.5
76.0
155.5
229.0
224.5
145.0
205.0
188.5
205.0
49.0
223.0
160.0
151.0
203.5
107.5
187.0
134.5
133.0
166.0
197.5
163.0
209.5
197.5
223.0
209.5
154.0
137.5
169.0
76.0
152.5
199.0
131.5
217.0
154.0
172.0
110.5
131.5
100.0
215.5
202.0
220.0
55.0
130.0
122.5
164.5
208.0
173.5
130.0
142.0
209.5
176.5
188.5
109.0
32.5
181.0
175.0
199.0
197.5
95.5
53.5
167.5
203.5
118.0
166.0
56.5
206.5
125.5
208.0
50.5
185.5
217.0
215.5
79.0
157.0
77.5
158.5
134.5
212.5
208.0
44.5
170.5
61.0
23.5
181.0
194.5
124.0
178.0
100.0
35.5
149.5
136.0
209.5
196.0
29.5
65.5
158.5
173.5
164.5
203.5
166.0
89.5
215.5
43.0
62.5
176.5
43.0
202.0
40.0
220.0
92.5
179.5
139.0
71.5
179.5
221.5
131.5
217.0
46.0
97.0
170.5
202.0
155.5
179.5
20.5
86.5
191.5
152.5
214.0
220.0
220.0
104.5
31.0
122.5
190.0
170.5
169.0
191.5
182.5
182.5
227.5
199.0
170.5
43.0
206.5
179.5
109.0
196.0
179.5
110.5
149.5
50.5
232.0
151.0
172.0
215.5
200.5
79.0
185.5
187.0
173.5
101.5
151.0
151.0
128.5
79.0
151.0
167.5
199.0
179.5
164.5
47.5
199.0
49.0
65.5
115.0
8.5
70.0
224.5
200.5
140.5
59.5
13.0
232.0
188.5
227.5
64.0
158.5
214.0
86.5
127.0
157.0
176.5
125.5
119.5
137.5
50.5
176.5
203.5
142.0
184.0
166.0
208.0
191.5
224.5
166.0
221.5
158.5
115.0
170.5
199.0
139.0
131.5
217.0
218.5
203.5
223.0
238.0
188.5
217.0
89.5
121.0
212.5
94.0
58.0
202.0
209.5
205.0
154.0
161.5
145.0
172.0
197.5
182.5
202.0
199.0
74.5
95.5
157.0
184.0
148.0
200.5
131.5
107.5
100.0
205.0
104.5
194.5
97.0
98.5
122.5
191.5
44.5
200.5
197.5
178.0
172.0
178.0
61.0
137.5
161.5
76.0
181.0
182.5
185.5
179.5
130.0
185.5
200.5
88.0
127.0
238.0
230.5
224.5
212.5
143.5
128.5
197.5
178.0
58.0
218.5
154.0
214.0
214.0
206.5
209.5
217.0
187.0
86.5
43.0
155.5
98.5
95.5
118.0
205.0
208.0
218.5
179.5
200.5
149.5
146.5
232.0
194.5
73.0
152.5
109.0
193.0
151.0
188.5
161.5
98.5
130.0
241.0
70.0
119.5
149.5
172.0
160.0
79.0
173.5
71.5
214.0
203.5
55.0
154.0
55.0
164.5
164.5
218.5
8.5
206.5
205.0
205.0
172.0
202.0
194.5
212.5
52.0
130.0
194.5
181.0
212.5
151.0
106.0
109.0
83.5
100.0
50.5
187.0
53.5
178.0
194.5
221.5
172.0
53.5
188.5
164.5
214.0
139.0
182.5
154.0
91.0
40.0
176.5
98.5
160.0
125.5
110.5
127.0
67.0
197.5
100.0
175.0
134.5
134.5
163.0
191.5
206.5
143.5
211.0
203.5
215.5
121.0
133.0
199.0
239.5
191.5
155.5
185.5
220.0
229.0
151.0
176.5
184.0
86.5
136.0
95.5
149.5
169.0
206.5
203.5
145.0
175.0
164.5
140.5
178.0
166.0
157.0
214.0
188.5
211.0
200.5
166.0
203.5
23.5
214.0
157.0
241.0
173.5
184.0
127.0
170.5
221.5
185.5
191.5
67.0
170.5
218.5
214.0
139.0
104.5
91.0
217.0
223.0
172.0
25.0
202.0
154.0
173.5
124.0
193.0
163.0
197.5
199.0
85.0
185.5
134.5
112.0
220.0
103.0
113.5
55.0
214.0
196.0
211.0
184.0
40.0
148.0
185.5
139.0
113.5
181.0
49.0
163.0
190.0
215.5
67.0
140.5
182.5
211.0
185.5
184.0
176.5
149.5
116.5
55.0
160.0
140.5
223.0
218.5
215.5
172.0
100.0
152.5
100.0
152.5
188.5
212.5
100.0
209.5
190.0
181.0
229.0
37.0
91.0
173.5
134.5
121.0
169.0
214.0
73.0
35.5
181.0
133.0
158.5
64.0
143.5
235.0
104.5
187.0
190.0
133.0
148.0
184.0
196.0
50.5
229.0
80.5
202.0
211.0
184.0
61.0
205.0
218.5
167.5
113.5
184.0
73.0
131.5
28.0
199.0
85.0
140.5
137.5
16.0
59.5
68.5
199.0
149.5
181.0
211.0
124.0
188.5
107.5
196.0
82.0
193.0
67.0
191.5
199.0
205.0
170.5
157.0
121.0
32.5
142.0
205.0
176.5
212.5
185.5
187.0
137.5
104.5
178.0
232.0
194.5
190.0
202.0
203.5
178.0
17.5
208.0
56.5
163.0
149.5
148.0
212.5
187.0
185.5
143.5
158.5
214.0
167.5
14.5
80.5
197.5
77.5
95.5
217.0
197.5
110.5
127.0
88.0
41.5
199.0
136.0
88.0
40.0
226.0
113.5
122.5
200.5
149.5
149.5
218.5
202.0
74.5
197.5
169.0
59.5
157.0
148.0
56.5
37.0
149.5
137.5
65.5
104.5
55.0
34.0
137.5
226.0
161.5
193.0
172.0
197.5
130.0
169.0
103.0
202.0
137.5
187.0
205.0
214.0
196.0
136.0
203.5
52.0
74.5
61.0
50.5
172.0
157.0
137.5
95.5
227.5
119.5
220.0
185.5
55.0
205.0
145.0
185.5
191.5
227.5
166.0
206.5
208.0
211.0
82.0
157.0
62.5
202.0
169.0
38.5
89.5
197.5
31.0
203.5
206.5
167.5
218.5
190.0
185.5
137.5
106.0
155.5
206.5
151.0
220.0
107.5
209.5
11.5
181.0
76.0
182.5
185.5
67.0
238.0
164.5
194.5
197.5
226.0
220.0
110.5
221.5
94.0
74.5
58.0
167.5
206.5
194.5
95.5
196.0
152.5
203.5
194.5
124.0
173.5
61.0
149.5
139.0
193.0
227.5
112.0
209.5
215.5
151.0
137.5
116.5
227.5
200.5
185.5
209.5
196.0
107.5
118.0
127.0
190.0
220.0
188.5
205.0
146.5
181.0
56.5
203.5
170.5
157.0
175.0
169.0
200.5
199.0
164.5
98.5
187.0
215.5
218.5
212.5
187.0
170.5
116.5
89.5
199.0
215.5
193.0
184.0
106.0
179.5
37.0
95.5
104.5
211.0
170.5
164.5
176.5
217.0
176.5
230.5
185.5
179.5
113.5
149.5
133.0
190.0
115.0
38.5
199.0
209.5
154.0
98.5
140.5
229.0
179.5
221.5
197.5
194.5
151.0
88.0
76.0
124.0
101.5
151.0
134.5
178.0
194.5
206.5
145.0
181.0
98.5
202.0
31.0
194.5
143.5
100.0
112.0
101.5
49.0
52.0
70.0
185.5
23.5
131.5
238.0
125.5
97.0
194.5
124.0
166.0
223.0
77.5
136.0
101.5
176.5
214.0
208.0
208.0
176.5
139.0
188.5
188.5
53.5
19.0
149.5
227.5
194.5
175.0
202.0
77.5
211.0
187.0
31.0
155.5
17.5
166.0
211.0
196.0
218.5
161.5
97.0
134.5
209.5
91.0
206.5
161.5
46.0
131.5
179.5
241.0
104.5
122.5
67.0
85.0
178.0
200.5
236.5
92.5
178.0
173.5
125.5
170.5
218.5
218.5
190.0
179.5
56.5
157.0
103.0
112.0
161.5
161.5
32.5
110.5
154.0
212.5
185.5
149.5
206.5
167.5
184.0
142.0
218.5
173.5
196.0
50.5
193.0
128.5
178.0
172.0
74.5
200.5
230.5
76.0
83.5
172.0
172.0
190.0
100.0
214.0
163.0
215.5
188.5
157.0
193.0
170.5
46.0
26.5
226.0
74.5
68.5
184.0
220.0
115.0
154.0
170.5
167.5
79.0
205.0
94.0
178.0
113.5
220.0
188.5
187.0
167.5
194.5
155.5
167.5
182.5
215.5
232.0
211.0
194.5
223.0
166.0
154.0
200.5
176.5
136.0
212.5
85.0
145.0
92.5
205.0
197.5
118.0
221.5
142.0
115.0
71.5
118.0
202.0
127.0
158.5
176.5
217.0
40.0
142.0
50.5
149.5
80.5
167.5
202.0
229.0
118.0
136.0
164.5
118.0
142.0
224.5
197.5
203.5
149.5
208.0
143.5
65.5
217.0
190.0
184.0
158.5
134.5
212.5
191.5
191.5
124.0
121.0
166.0
221.5
163.0
196.0
55.0
214.0
50.5
154.0
202.0
230.5
146.5
212.5
205.0
89.5
221.5
212.5
164.5
170.5
176.5
127.0
208.0
182.5
214.0
145.0
169.0
32.5
217.0
64.0
122.5
203.5
215.5
46.0
152.5
203.5
95.5
107.5
116.5
154.0
224.5
185.5
140.5
193.0
199.0
224.5
199.0
179.5
193.0
68.5
40.0
205.0
137.5
151.0
203.5
202.0
130.0
181.0
172.0
67.0
179.5
158.5
193.0
197.5
176.5
172.0
64.0
160.0
112.0
181.0
191.5
145.0
118.0
209.5
61.0
211.0
152.5
176.5
140.5
173.5
187.0
146.5
182.5
199.0
218.5
148.0
110.5
29.5
103.0
208.0
175.0
184.0
118.0
187.0
209.5
175.0
163.0
191.5
179.5
121.0
209.5
131.5
197.5
127.0
211.0
191.5
128.5
80.5
190.0
142.0
191.5
221.5
212.5
202.0
25.0
188.5
146.5
179.5
164.5
104.5
172.0
215.5
98.5
197.5
193.0
85.0
206.5
136.0
98.5
86.5
101.5
185.5
199.0
200.5
169.0
217.0
16.0
160.0
200.5
83.5
166.0
121.0
119.5
125.5
166.0
134.5
208.0
203.5
235.0
160.0
131.5
79.0
208.0
110.5
175.0
58.0
220.0
50.5
164.5
202.0
113.5
200.5
136.0
220.0
77.5
110.5
175.0
73.0
212.5
73.0
125.5
56.5
88.0
103.0
46.0
143.5
100.0
202.0
107.5
112.0
202.0
221.5
163.0
193.0
200.5
181.0
215.5
85.0
148.0
56.5
197.5
31.0
227.5
226.0
208.0
151.0
208.0
167.5
65.5
104.5
211.0
149.5
74.5
212.5
206.5
68.5
79.0
134.5
158.5
212.5
173.5
184.0
31.0
212.5
175.0
20.5
106.0
185.5
179.5
77.5
226.0
28.0
61.0
46.0
116.5
220.0
181.0
148.0
133.0
218.5
191.5
2.5
134.5
226.0
167.5
185.5
154.0
169.0
125.5
97.0
158.5
152.5
158.5
52.0
146.5
179.5
224.5
179.5
146.5
163.0
46.0
136.0
65.5
200.5
229.0
224.5
148.0
76.0
151.0
152.5
170.5
185.5
185.5
79.0
130.0
31.0
73.0
218.5
194.5
232.0
131.5
131.5
206.5
8.5
121.0
184.0
41.5
43.0
68.5
211.0
179.5
170.5
221.5
166.0
202.0
91.0
155.5
191.5
211.0
116.5
202.0
164.5
187.0
197.5
130.0
208.0
175.0
112.0
209.5
212.5
43.0
82.0
197.5
193.0
172.0
109.0
146.5
161.5
206.5
176.5
98.5
134.5
124.0
166.0
175.0
223.0
190.0
146.5
19.0
193.0
199.0
196.0
200.5
115.0
127.0
169.0
158.5
140.5
53.5
44.5
110.5
148.0
131.5
172.0
97.0
136.0
194.5
200.5
172.0
161.5
59.5
188.5
88.0
44.5
202.0
184.0
119.5
193.0
173.5
187.0
142.0
217.0
211.0
217.0
164.5
43.0
199.0
203.5
184.0
106.0
193.0
145.0
130.0
82.0
125.5
71.5
197.5
103.0
184.0
172.0
185.5
67.0
187.0
191.5
133.0
91.0
181.0
155.5
193.0
155.5
203.5
164.5
220.0
98.5
211.0
86.5
44.5
221.5
211.0
229.0
178.0
112.0
73.0
161.5
122.5
224.5
103.0
157.0
106.0
232.0
187.0
202.0
125.5
202.0
142.0
151.0
188.5
107.5
79.0
80.5
182.5
118.0
130.0
200.5
109.0
217.0
233.5
47.5
170.5
121.0
23.5
188.5
182.5
80.5
227.5
179.5
182.5
110.5
70.0
175.0
107.5
176.5
88.0
215.5
185.5
112.0
67.0
139.0
182.5
163.0
212.5
127.0
169.0
139.0
212.5
191.5
160.0
113.5
169.0
55.0
226.0
191.5
131.5
140.5
200.5
76.0
224.5
214.0
124.0
179.5
197.5
163.0
185.5
40.0
185.5
215.5
136.0
211.0
182.5
155.5
73.0
226.0
71.5
160.0
173.5
205.0
143.5
221.5
205.0
211.0
203.5
152.5
44.5
20.5
161.5
181.0
214.0
196.0
209.5
62.5
193.0
229.0
230.5
176.5
199.0
212.5
68.5
191.5
56.5
197.5
59.5
131.5
112.0
203.5
167.5
172.0
206.5
127.0
164.5
224.5
187.0
172.0
202.0
181.0
169.0
166.0
154.0
110.5
188.5
172.0
148.0
50.5
14.5
227.5
211.0
172.0
194.5
226.0
211.0
155.5
191.5
214.0
190.0
197.5
77.5
167.5
134.5
155.5
59.5
23.5
163.0
163.0
187.0
224.5
203.5
166.0
190.0
211.0
179.5
226.0
116.5
23.5
212.5
220.0
202.0
169.0
127.0
142.0
202.0
196.0
200.5
157.0
194.5
200.5
160.0
23.5
131.5
197.5
118.0
193.0
166.0
178.0
214.0
203.5
169.0
202.0
94.0
178.0
173.5
206.5
193.0
196.0
160.0
208.0
23.5
185.5
182.5
86.5
197.5
164.5
64.0
211.0
178.0
119.5
50.5
205.0
152.5
176.5
209.5
170.5
58.0
88.0
130.0
124.0
143.5
208.0
178.0
196.0
115.0
155.5
185.5
127.0
139.0
88.0
106.0
160.0
115.0
196.0
199.0
203.5
119.5
229.0
110.5
77.5
199.0
85.0
167.5
95.5
170.5
106.0
67.0
131.5
100.0
182.5
170.5
196.0
206.5
119.5
61.0
98.5
221.5
169.0
173.5
50.5
49.0
226.0
161.5
230.5
200.5
217.0
116.5
211.0
208.0
142.0
166.0
161.5
145.0
94.0
140.5
121.0
167.5
238.0
175.0
157.0
212.5
155.5
97.0
115.0
160.0
224.5
166.0
166.0
121.0
121.0
203.5
214.0
196.0
56.5
56.5
82.0
206.5
215.5
206.5
196.0
68.5
40.0
146.5
163.0
89.5
53.5
143.5
211.0
190.0
109.0
112.0
67.0
193.0
109.0
203.5
208.0
148.0
215.5
152.5
191.5
44.5
77.5
230.5
200.5
233.5
175.0
82.0
196.0
31.0
157.0
167.5
166.0
215.5
164.5
178.0
139.0
101.5
106.0
227.5
184.0
67.0
191.5
121.0
40.0
130.0
11.5
97.0
118.0
233.5
130.0
184.0
205.0
217.0
151.0
167.5
40.0
178.0
118.0
119.5
247.0
188.5
128.5
223.0
200.5
221.5
8.5
202.0
193.0
176.5
106.0
196.0
188.5
136.0
157.0
116.5
71.5
167.5
179.5
149.5
194.5
136.0
194.5
196.0
98.5
190.0
188.5
100.0
143.5
104.5
151.0
169.0
46.0
140.5
230.5
59.5
22.0
121.0
128.5
184.0
38.5
140.5
164.5
172.0
140.5
130.0
133.0
92.5
233.5
217.0
128.5
209.5
89.5
175.0
214.0
190.0
212.5
167.5
202.0
191.5
164.5
202.0
206.5
190.0
196.0
206.5
184.0
227.5
59.5
145.0
163.0
215.5
221.5
62.5
190.0
152.5
206.5
67.0
233.5
223.0
230.5
17.5
208.0
46.0
155.5
197.5
140.5
208.0
107.5
182.5
136.0
205.0
169.0
170.5
155.5
211.0
182.5
206.5
232.0
224.5
178.0
140.5
217.0
170.5
149.5
185.5
56.5
179.5
94.0
169.0
190.0
179.5
173.5
62.5
197.5
128.5
112.0
178.0
160.0
106.0
211.0
116.5
182.5
158.5
56.5
155.5
221.5
188.5
64.0
133.0
220.0
169.0
160.0
97.0
185.5
151.0
85.0
202.0
86.5
41.5
170.5
59.5
205.0
187.0
160.0
56.5
194.5
151.0
203.5
151.0
82.0
154.0
134.5
191.5
151.0
74.5
130.0
188.5
151.0
112.0
112.0
199.0
184.0
49.0
166.0
190.0
233.5
20.5
232.0
199.0
214.0
178.0
47.5
100.0
218.5
199.0
112.0
191.5
37.0
205.0
56.5
118.0
41.5
179.5
172.0
46.0
97.0
127.0
44.5
89.5
208.0
170.5
221.5
67.0
64.0
166.0
95.5
205.0
224.5
119.5
167.5
137.5
125.5
175.0
56.5
146.5
13.0
88.0
91.0
184.0
181.0
121.0
155.5
215.5
71.5
202.0
70.0
116.5
187.0
194.5
83.5
140.5
169.0
221.5
197.5
67.0
158.5
161.5
181.0
80.5
146.5
197.5
167.5
158.5
110.5
181.0
137.5
176.5
197.5
209.5
91.0
82.0
220.0
188.5
206.5
121.0
115.0
124.0
202.0
202.0
214.0
209.5
212.5
176.5
205.0
181.0
134.5
227.5
190.0
220.0
122.5
227.5
208.0
185.5
50.5
167.5
140.5
212.5
176.5
109.0
181.0
236.5
191.5
64.0
200.5
167.5
116.5
205.0
160.0
184.0
64.0
67.0
227.5
182.5
136.0
176.5
58.0
32.5
209.5
131.5
155.5
92.5
134.5
206.5
191.5
199.0
181.0
176.5
164.5
193.0
88.0
203.5
191.5
212.5
182.5
71.5
148.0
134.5
188.5
197.5
143.5
112.0
187.0
118.0
35.5
95.5
145.0
152.5
199.0
118.0
214.0
62.5
80.5
169.0
91.0
211.0
103.0
236.5
50.5
226.0
215.5
26.5
185.5
181.0
122.5
199.0
196.0
88.0
224.5
205.0
196.0
143.5
110.5
184.0
116.5
197.5
121.0
4.0
56.5
158.5
160.0
46.0
125.5
47.5
166.0
184.0
143.5
223.0
94.0
200.5
82.0
37.0
209.5
157.0
190.0
58.0
223.0
196.0
157.0
101.5
109.0
89.5
212.5
134.5
98.5
10.0
118.0
71.5
214.0
112.0
199.0
140.5
205.0
182.5
179.5
121.0
122.5
145.0
172.0
170.5
77.5
67.0
154.0
218.5
191.5
113.5
167.5
202.0
167.5
185.5
197.5
176.5
187.0
220.0
136.0
38.5
170.5
223.0
194.5
217.0
221.5
106.0
89.5
194.5
73.0
86.5
152.5
215.5
170.5
157.0
199.0
152.5
164.5
196.0
184.0
218.5
169.0
218.5
164.5
226.0
109.0
56.5
202.0
206.5
179.5
203.5
85.0
23.5
161.5
197.5
226.0
133.0
221.5
169.0
194.5
154.0
179.5
205.0
148.0
158.5
130.0
211.0
188.5
83.5
220.0
184.0
139.0
190.0
164.5
119.5
190.0
149.5
227.5
97.0
214.0
215.5
197.5
137.5
109.0
149.5
176.5
200.5
232.0
175.0
134.5
211.0
188.5
217.0
122.5
89.5
85.0
31.0
62.5
214.0
197.5
178.0
127.0
218.5
188.5
224.5
227.5
121.0
52.0
181.0
154.0
133.0
116.5
71.5
211.0
155.5
178.0
167.5
172.0
172.0
34.0
170.5
172.0
205.0
181.0
235.0
97.0
88.0
179.5
226.0
41.5
73.0
197.5
163.0
104.5
227.5
196.0
167.5
136.0
205.0
56.5
226.0
184.0
163.0
223.0
230.5
151.0
125.5
163.0
197.5
44.5
218.5
58.0
212.5
184.0
211.0
188.5
107.5
55.0
179.5
229.0
52.0
107.5
176.5
197.5
196.0
106.0
218.5
112.0
205.0
182.5
209.5
107.5
230.5
146.5
70.0
25.0
226.0
208.0
199.0
169.0
215.5
203.5
106.0
47.5
80.5
214.0
142.0
190.0
203.5
224.5
163.0
136.0
178.0
67.0
211.0
232.0
160.0
218.5
229.0
154.0
182.5
55.0
158.5
47.5
211.0
178.0
17.5
238.0
208.0
223.0
190.0
212.5
212.5
155.5
193.0
154.0
193.0
88.0
200.5
136.0
217.0
28.0
77.5
68.5
205.0
181.0
179.5
124.0
200.5
112.0
115.0
188.5
83.5
217.0
191.5
163.0
16.0
212.5
79.0
167.5
94.0
152.5
220.0
208.0
184.0
227.5
14.5
37.0
35.5
137.5
227.5
182.5
200.5
44.5
152.5
118.0
169.0
71.5
164.5
58.0
112.0
193.0
172.0
76.0
130.0
188.5
230.5
160.0
209.5
83.5
164.5
46.0
167.5
224.5
67.0
229.0
173.5
62.5
13.0
214.0
127.0
110.5
172.0
170.5
122.5
119.5
185.5
133.0
206.5
193.0
95.5
233.5
149.5
179.5
151.0
169.0
143.5
62.5
212.5
217.0
221.5
220.0
181.0
119.5
179.5
127.0
199.0
217.0
179.5
221.5
217.0
119.5
199.0
244.0
232.0
158.5
175.0
227.5
181.0
190.0
217.0
86.5
59.5
211.0
53.5
158.5
152.5
140.5
169.0
194.5
184.0
182.5
103.0
92.5
113.5
34.0
151.0
220.0
188.5
112.0
152.5
44.5
164.5
184.0
85.0
91.0
217.0
49.0
20.5
194.5
139.0
70.0
184.0
97.0
170.5
58.0
212.5
208.0
125.5
95.5
215.5
79.0
149.5
92.5
116.5
181.0
130.0
182.5
151.0
26.5
22.0
211.0
158.5
205.0
173.5
200.5
215.5
178.0
127.0
169.0
145.0
203.5
226.0
187.0
50.5
176.5
130.0
217.0
199.0
214.0
136.0
167.5
217.0
139.0
221.5
205.0
139.0
220.0
214.0
170.5
161.5
164.5
188.5
205.0
148.0
178.0
137.5
194.5
112.0
100.0
211.0
196.0
200.5
188.5
106.0
175.0
197.5
155.5
191.5
64.0
35.5
196.0
118.0
124.0
152.5
202.0
43.0
208.0
128.5
172.0
178.0
61.0
211.0
41.5
145.0
208.0
136.0
214.0
229.0
62.5
70.0
134.5
89.5
182.5
52.0
148.0
164.5
106.0
158.5
164.5
127.0
154.0
98.5
55.0
200.5
133.0
85.0
221.5
169.0
133.0
142.0
140.5
235.0
188.5
199.0
212.5
64.0
190.0
160.0
184.0
167.5
80.5
209.5
23.5
172.0
208.0
31.0
214.0
227.5
88.0
76.0
206.5
109.0
11.5
190.0
214.0
205.0
182.5
209.5
205.0
158.5
184.0
166.0
211.0
118.0
188.5
215.5
119.5
188.5
218.5
205.0
224.5
193.0
218.5
106.0
113.5
164.5
161.5
115.0
113.5
215.5
104.5
109.0
164.5
205.0
58.0
200.5
170.5
194.5
208.0
185.5
154.0
197.5
218.5
158.5
175.0
152.5
122.5
149.5
106.0
188.5
208.0
176.5
172.0
199.0
94.0
166.0
212.5
218.5
61.0
100.0
91.0
106.0
197.5
196.0
199.0
112.0
235.0
166.0
68.5
23.5
214.0
149.5
50.5
122.5
50.5
158.5
190.0
227.5
190.0
64.0
169.0
194.5
77.5
215.5
70.0
182.5
148.0
199.0
221.5
191.5
82.0
173.5
200.5
223.0
67.0
205.0
119.5
170.5
166.0
229.0
14.5
202.0
152.5
175.0
164.5
230.5
179.5
95.5
197.5
83.5
184.0
217.0
169.0
59.5
182.5
74.5
226.0
205.0
68.5
134.5
205.0
92.5
163.0
139.0
203.5
127.0
187.0
187.0
133.0
169.0
178.0
194.5
158.5
101.5
188.5
224.5
212.5
35.5
203.5
199.0
163.0
178.0
92.5
188.5
169.0
161.5
182.5
194.5
101.5
214.0
187.0
76.0
206.5
208.0
170.5
185.5
40.0
145.0
172.0
188.5
211.0
181.0
203.5
133.0
82.0
142.0
82.0
239.5
160.0
217.0
124.0
167.5
176.5
121.0
98.5
158.5
71.5
148.0
206.5
230.5
175.0
188.5
193.0
206.5
134.5
232.0
88.0
206.5
191.5
197.5
127.0
217.0
98.5
182.5
190.0
67.0
175.0
47.5
157.0
97.0
191.5
127.0
179.5
169.0
227.5
107.5
115.0
217.0
41.5
196.0
86.5
209.5
224.5
160.0
196.0
155.5
208.0
208.0
41.5
217.0
178.0
98.5
170.5
179.5
196.0
25.0
206.5
125.5
155.5
119.5
155.5
193.0
149.5
203.5
179.5
187.0
146.5
197.5
218.5
218.5
143.5
188.5
97.0
154.0
68.5
175.0
124.0
142.0
200.5
59.5
223.0
137.5
67.0
229.0
203.5
214.0
229.0
139.0
211.0
217.0
70.0
46.0
221.5
160.0
103.0
199.0
166.0
208.0
232.0
46.0
122.5
215.5
130.0
176.5
92.5
85.0
220.0
131.5
77.5
193.0
223.0
26.5
175.0
175.0
106.0
203.5
79.0
149.5
182.5
175.0
95.5
71.5
161.5
137.5
130.0
91.0
91.0
122.5
178.0
106.0
70.0
200.5
172.0
211.0
184.0
161.5
80.5
37.0
155.5
211.0
221.5
101.5
197.5
149.5
119.5
214.0
116.5
113.5
134.5
56.5
211.0
203.5
194.5
128.5
209.5
187.0
197.5
209.5
196.0
92.5
197.5
196.0
143.5
209.5
83.5
169.0
77.5
119.5
200.5
85.0
131.5
31.0
199.0
214.0
157.0
95.5
139.0
104.5
52.0
64.0
188.5
65.5
74.5
175.0
175.0
208.0
184.0
112.0
190.0
232.0
196.0
130.0
188.5
214.0
205.0
188.5
194.5
221.5
218.5
155.5
164.5
95.5
128.5
221.5
110.5
124.0
160.0
199.0
194.5
200.5
74.5
61.0
149.5
116.5
155.5
164.5
23.5
178.0
139.0
38.5
31.0
154.0
137.5
190.0
35.5
218.5
166.0
179.5
142.0
203.5
59.5
217.0
100.0
121.0
59.5
40.0
170.5
146.5
88.0
157.0
233.5
25.0
167.5
197.5
172.0
122.5
217.0
194.5
199.0
215.5
49.0
173.5
226.0
112.0
179.5
169.0
187.0
176.5
187.0
227.5
211.0
221.5
161.5
1.0
158.5
214.0
149.5
124.0
50.5
158.5
50.5
95.5
107.5
190.0
223.0
130.0
173.5
197.5
170.5
202.0
58.0
194.5
220.0
190.0
143.5
197.5
125.5
7.0
163.0
167.5
176.5
80.5
134.5
65.5
217.0
209.5
119.5
200.5
169.0
26.5
164.5
61.0
161.5
214.0
215.5
182.5
91.0
239.5
73.0
116.5
220.0
169.0
220.0
184.0
124.0
184.0
220.0
184.0
190.0
128.5
125.5
59.5
215.5
208.0
142.0
202.0
209.5
166.0
190.0
154.0
151.0
221.5
97.0
194.5
200.5
185.5
20.5
37.0
133.0
146.5
37.0
13.0
119.5
154.0
130.0
179.5
208.0
160.0
134.5
196.0
62.5
185.5
145.0
202.0
119.5
164.5
205.0
191.5
221.5
134.5
208.0
55.0
224.5
227.5
130.0
223.0
94.0
58.0
179.5
194.5
223.0
154.0
149.5
130.0
203.5
155.5
227.5
209.5
134.5
131.5
31.0
209.5
31.0
140.5
223.0
223.0
194.5
175.0
227.5
235.0
199.0
218.5
181.0
79.0
221.5
164.5
176.5
31.0
179.5
191.5
226.0
214.0
209.5
188.5
188.5
221.5
62.5
145.0
103.0
89.5
190.0
202.0
8.5
166.0
145.0
163.0
230.5
140.5
188.5
185.5
22.0
56.5
223.0
230.5
200.5
146.5
40.0
185.5
41.5
52.0
112.0
83.5
104.5
146.5
214.0
181.0
175.0
200.5
194.5
196.0
104.5
196.0
64.0
167.5
59.5
92.5
205.0
232.0
218.5
164.5
205.0
221.5
113.5
229.0
178.0
202.0
97.0
49.0
172.0
100.0
194.5
40.0
209.5
218.5
113.5
158.5
59.5
61.0
80.5
187.0
154.0
148.0
191.5
136.0
128.5
143.5
91.0
178.0
235.0
220.0
82.0
137.5
125.5
166.0
185.5
200.5
137.5
134.5
211.0
133.0
124.0
197.5
52.0
209.5
118.0
149.5
43.0
47.5
209.5
113.5
146.5
25.0
124.0
118.0
140.5
194.5
215.5
100.0
209.5
137.5
139.0
143.5
128.5
154.0
161.5
79.0
94.0
79.0
209.5
169.0
166.0
227.5
160.0
73.0
55.0
215.5
101.5
209.5
106.0
137.5
50.5
170.5
56.5
215.5
134.5
173.5
193.0
208.0
98.5
220.0
38.5
221.5
124.0
214.0
202.0
151.0
194.5
202.0
167.5
41.5
214.0
89.5
212.5
98.5
124.0
131.5
167.5
190.0
203.5
191.5
167.5
221.5
53.5
193.0
163.0
199.0
176.5
232.0
44.5
137.5
64.0
226.0
229.0
128.5
64.0
193.0
179.5
170.5
71.5
206.5
118.0
49.0
161.5
184.0
140.5
202.0
221.5
163.0
220.0
208.0
139.0
205.0
224.5
37.0
211.0
8.5
211.0
100.0
182.5
190.0
80.5
215.5
73.0
199.0
187.0
190.0
109.0
154.0
170.5
206.5
161.5
148.0
133.0
131.5
214.0
146.5
149.5
127.0
227.5
196.0
173.5
58.0
188.5
137.5
110.5
215.5
191.5
202.0
143.5
220.0
227.5
145.0
160.0
166.0
151.0
130.0
190.0
218.5
179.5
182.5
133.0
136.0
182.5
175.0
173.5
167.5
112.0
218.5
148.0
145.0
59.5
182.5
221.5
190.0
157.0
107.5
196.0
205.0
193.0
146.5
89.5
71.5
191.5
92.5
139.0
191.5
214.0
194.5
203.5
122.5
139.0
209.5
179.5
193.0
199.0
191.5
139.0
173.5
227.5
208.0
215.5
194.5
122.5
211.0
131.5
206.5
169.0
91.0
70.0
44.5
152.5
160.0
88.0
223.0
122.5
193.0
196.0
202.0
164.5
218.5
208.0
65.5
160.0
92.5
218.5
221.5
199.0
215.5
137.5
149.5
193.0
35.5
151.0
133.0
181.0
134.5
172.0
223.0
230.5
191.5
203.5
236.5
119.5
205.0
82.0
145.0
202.0
188.5
161.5
188.5
181.0
197.5
97.0
80.5
61.0
145.0
158.5
188.5
145.0
146.5
212.5
179.5
94.0
59.5
154.0
80.5
202.0
206.5
206.5
211.0
70.0
136.0
79.0
179.5
10.0
205.0
185.5
179.5
217.0
194.5
191.5
170.5
109.0
121.0
116.5
173.5
217.0
58.0
146.5
181.0
137.5
170.5
205.0
119.5
173.5
203.5
173.5
55.0
143.5
106.0
11.5
95.5
193.0
160.0
52.0
218.5
170.5
80.5
199.0
187.0
91.0
131.5
179.5
151.0
208.0
197.5
218.5
214.0
197.5
194.5
98.5
175.0
34.0
128.5
224.5
154.0
115.0
151.0
41.5
14.5
125.5
164.5
161.5
118.0
214.0
229.0
127.0
211.0
223.0
248.5
205.0
59.5
140.5
191.5
214.0
178.0
178.0
208.0
139.0
209.5
185.5
59.5
181.0
152.5
74.5
221.5
166.0
106.0
169.0
158.5
178.0
13.0
151.0
25.0
160.0
68.5
46.0
218.5
142.0
185.5
199.0
148.0
211.0
194.5
157.0
221.5
158.5
194.5
124.0
107.5
166.0
82.0
241.0
58.0
206.5
227.5
46.0
235.0
149.5
143.5
167.5
188.5
95.5
190.0
239.5
52.0
212.5
212.5
49.0
130.0
145.0
64.0
67.0
142.0
182.5
203.5
214.0
232.0
56.5
223.0
58.0
190.0
137.5
196.0
182.5
155.5
137.5
218.5
170.5
127.0
92.5
181.0
167.5
137.5
217.0
226.0
208.0
202.0
205.0
205.0
163.0
80.5
205.0
202.0
199.0
209.5
152.5
167.5
178.0
220.0
148.0
43.0
158.5
170.5
197.5
166.0
193.0
122.5
139.0
203.5
139.0
106.0
191.5
196.0
100.0
157.0
166.0
128.5
88.0
191.5
148.0
206.5
41.5
67.0
172.0
44.5
133.0
199.0
199.0
199.0
146.5
85.0
170.5
179.5
134.5
73.0
163.0
158.5
61.0
202.0
140.5
167.5
185.5
101.5
89.5
200.5
154.0
133.0
193.0
23.5
163.0
113.5
149.5
212.5
74.5
173.5
122.5
199.0
43.0
178.0
187.0
176.5
178.0
71.5
161.5
116.5
76.0
125.5
119.5
157.0
202.0
175.0
163.0
94.0
157.0
167.5
233.5
182.5
152.5
172.0
127.0
190.0
200.5
76.0
133.0
173.5
151.0
157.0
148.0
169.0
209.5
223.0
146.5
38.5
152.5
163.0
212.5
214.0
29.5
179.5
190.0
74.5
151.0
197.5
184.0
109.0
196.0
121.0
181.0
196.0
202.0
208.0
196.0
181.0
197.5
175.0
155.5
64.0
163.0
182.5
131.5
44.5
155.5
194.5
136.0
26.5
116.5
67.0
188.5
118.0
215.5
212.5
155.5
173.5
157.0
50.5
206.5
211.0
203.5
172.0
170.5
208.0
97.0
190.0
167.5
202.0
122.5
185.5
223.0
152.5
190.0
103.0
197.5
134.5
221.5
103.0
211.0
217.0
86.5
166.0
173.5
199.0
221.5
92.5
214.0
182.5
55.0
215.5
170.5
178.0
194.5
166.0
70.0
61.0
197.5
44.5
202.0
139.0
58.0
91.0
178.0
73.0
164.5
218.5
139.0
176.5
172.0
188.5
85.0
128.5
217.0
214.0
139.0
227.5
140.5
47.5
154.0
187.0
37.0
197.5
196.0
175.0
224.5
179.5
178.0
178.0
232.0
122.5
184.0
212.5
73.0
197.5
97.0
184.0
152.5
134.5
202.0
230.5
146.5
160.0
206.5
125.5
160.0
134.5
73.0
224.5
200.5
211.0
193.0
91.0
194.5
19.0
139.0
40.0
176.5
115.0
82.0
223.0
40.0
85.0
31.0
199.0
169.0
170.5
187.0
95.5
104.5
163.0
241.0
224.5
194.5
115.0
157.0
232.0
100.0
19.0
199.0
226.0
208.0
185.5
193.0
187.0
55.0
175.0
140.5
233.5
193.0
35.5
185.5
107.5
152.5
61.0
178.0
184.0
193.0
230.5
95.5
34.0
181.0
152.5
44.5
158.5
197.5
212.5
107.5
227.5
197.5
22.0
190.0
175.0
194.5
127.0
202.0
208.0
197.5
196.0
133.0
199.0
113.5
197.5
176.5
179.5
191.5
197.5
85.0
217.0
130.0
199.0
214.0
86.5
202.0
212.5
185.5
212.5
184.0
79.0
127.0
50.5
50.5
179.5
235.0
167.5
58.0
79.0
151.0
26.5
179.5
215.5
223.0
154.0
212.5
220.0
196.0
178.0
142.0
229.0
190.0
152.5
79.0
28.0
73.0
217.0
221.5
197.5
211.0
68.5
163.0
203.5
109.0
44.5
86.5
130.0
167.5
154.0
188.5
169.0
221.5
203.5
173.5
121.0
202.0
218.5
187.0
209.5
124.0
223.0
49.0
103.0
209.5
229.0
211.0
70.0
77.5
38.5
221.5
224.5
116.5
185.5
169.0
41.5
79.0
155.5
214.0
244.0
208.0
137.5
142.0
38.5
236.5
73.0
106.0
65.5
193.0
164.5
203.5
145.0
170.5
146.5
76.0
188.5
193.0
140.5
194.5
49.0
103.0
136.0
62.5
200.5
226.0
211.0
190.0
157.0
149.5
110.5
49.0
208.0
64.0
110.5
49.0
29.5
208.0
41.5
212.5
148.0
143.5
178.0
157.0
202.0
208.0
98.5
220.0
170.5
194.5
193.0
68.5
236.5
163.0
164.5
203.5
208.0
53.5
121.0
106.0
157.0
77.5
59.5
182.5
227.5
235.0
28.0
223.0
163.0
82.0
25.0
223.0
203.5
55.0
172.0
52.0
154.0
215.5
47.5
133.0
127.0
70.0
209.5
167.5
26.5
191.5
196.0
101.5
202.0
95.5
193.0
196.0
217.0
215.5
187.0
200.5
151.0
142.0
148.0
163.0
196.0
200.5
176.5
182.5
125.5
208.0
125.5
116.5
161.5
176.5
148.0
191.5
137.5
206.5
209.5
89.5
166.0
224.5
172.0
190.0
181.0
32.5
