199.0
209.5
86.5
77.5
61.0
178.0
67.0
115.0
137.5
49.0
145.0
56.5
206.5
109.0
62.5
160.0
70.0
193.0
179.5
148.0
182.5
176.5
224.5
227.5
142.0
116.5
37.0
17.5
86.5
199.0
166.0
88.0
56.5
176.5
35.5
184.0
169.0
199.0
178.0
161.5
88.0
164.5
202.0
106.0
94.0
203.5
193.0
122.5
184.0
73.0
115.0
146.5
203.5
92.5
134.5
188.5
29.5
211.0
170.5
187.0
31.0
167.5
47.5
217.0
43.0
232.0
29.5
88.0
194.5
185.5
46.0
110.5
119.5
19.0
148.0
179.5
80.5
50.5
92.5
92.5
199.0
158.5
109.0
115.0
223.0
122.5
137.5
169.0
163.0
220.0
67.0
110.5
121.0
55.0
206.5
142.0
176.5
104.5
152.5
88.0
179.5
155.5
107.5
151.0
182.5
116.5
197.5
178.0
169.0
149.5
46.0
178.0
220.0
64.0
149.5
94.0
215.5
223.0
91.0
115.0
193.0
137.5
92.5
205.0
167.5
137.5
74.5
188.5
194.5
131.5
211.0
70.0
179.5
173.5
169.0
214.0
124.0
161.5
163.0
175.0
211.0
148.0
211.0
202.0
50.5
200.5
154.0
35.5
110.5
91.0
134.5
16.0
152.5
172.0
47.5
226.0
130.0
178.0
208.0
208.0
194.5
182.5
122.5
175.0
170.5
11.5
224.5
206.5
98.5
50.5
164.5
59.5
68.5
158.5
173.5
94.0
125.5
220.0
160.0
121.0
218.5
64.0
112.0
205.0
160.0
95.5
47.5
220.0
197.5
131.5
64.0
203.5
59.5
167.5
197.5
1.0
128.5
229.0
197.5
199.0
188.5
34.0
134.5
79.0
199.0
161.5
197.5
50.5
193.0
200.5
196.0
172.0
199.0
191.5
92.5
172.0
148.0
116.5
197.5
52.0
89.5
191.5
146.5
50.5
116.5
244.0
209.5
188.5
71.5
122.5
218.5
148.0
208.0
226.0
215.5
161.5
187.0
88.0
194.5
194.5
194.5
191.5
56.5
200.5
106.0
137.5
191.5
224.5
161.5
128.5
193.0
206.5
8.5
175.0
188.5
221.5
212.5
61.0
182.5
149.5
169.0
49.0
187.0
245.5
109.0
119.5
70.0
184.0
163.0
103.0
175.0
176.5
209.5
163.0
166.0
59.5
170.5
119.5
163.0
155.5
169.0
50.5
187.0
172.0
68.5
215.5
130.0
200.5
176.5
188.5
86.5
151.0
221.5
121.0
7.0
185.5
166.0
196.0
67.0
127.0
208.0
104.5
223.0
193.0
41.5
184.0
208.0
68.5
104.5
172.0
83.5
154.0
64.0
191.5
209.5
212.5
181.0
158.5
233.5
154.0
122.5
170.5
227.5
86.5
190.0
29.5
145.0
197.5
211.0
167.5
136.0
196.0
49.0
214.0
173.5
196.0
139.0
209.5
65.5
152.5
80.5
38.5
127.0
200.5
128.5
179.5
190.0
155.5
215.5
223.0
185.5
134.5
53.5
149.5
95.5
193.0
154.0
136.0
140.5
182.5
203.5
158.5
22.0
142.0
145.0
122.5
196.0
85.0
119.5
170.5
86.5
143.5
127.0
98.5
152.5
235.0
151.0
43.0
103.0
209.5
170.5
83.5
172.0
188.5
188.5
98.5
196.0
67.0
112.0
151.0
142.0
83.5
196.0
113.5
101.5
220.0
34.0
143.5
101.5
223.0
35.5
184.0
196.0
172.0
178.0
208.0
128.5
187.0
179.5
107.5
62.5
208.0
196.0
137.5
146.5
226.0
49.0
226.0
125.5
190.0
88.0
76.0
170.5
136.0
56.5
79.0
203.5
160.0
163.0
148.0
124.0
128.5
92.5
155.5
134.5
166.0
215.5
79.0
211.0
146.5
197.5
17.5
212.5
212.5
158.5
203.5
166.0
100.0
202.0
185.5
82.0
127.0
164.5
55.0
19.0
107.5
100.0
43.0
130.0
182.5
100.0
13.0
115.0
193.0
34.0
131.5
169.0
101.5
106.0
160.0
101.5
142.0
221.5
85.0
211.0
194.5
200.5
187.0
83.5
88.0
83.5
121.0
133.0
212.5
154.0
158.5
157.0
64.0
214.0
40.0
197.5
158.5
197.5
169.0
89.5
143.5
70.0
163.0
182.5
142.0
127.0
77.5
154.0
142.0
43.0
157.0
74.5
197.5
163.0
100.0
92.5
208.0
151.0
200.5
197.5
139.0
101.5
214.0
35.5
166.0
56.5
182.5
65.5
193.0
116.5
125.5
211.0
227.5
221.5
140.5
185.5
191.5
110.5
187.0
94.0
178.0
196.0
206.5
133.0
187.0
175.0
173.5
220.0
206.5
172.0
182.5
145.0
197.5
160.0
77.5
233.5
182.5
202.0
121.0
152.5
107.5
199.0
214.0
169.0
34.0
86.5
161.5
197.5
53.5
196.0
151.0
143.5
118.0
191.5
205.0
26.5
170.5
223.0
137.5
103.0
127.0
28.0
209.5
79.0
170.5
196.0
139.0
179.5
89.5
28.0
97.0
20.5
95.5
187.0
206.5
187.0
100.0
184.0
203.5
206.5
65.5
112.0
211.0
169.0
97.0
127.0
73.0
214.0
202.0
176.5
188.5
157.0
139.0
79.0
191.5
224.5
44.5
154.0
125.5
203.5
217.0
37.0
172.0
82.0
199.0
170.5
85.0
158.5
130.0
190.0
217.0
149.5
58.0
122.5
194.5
148.0
164.5
35.5
145.0
185.5
221.5
59.5
164.5
125.5
200.5
134.5
82.0
155.5
131.5
197.5
184.0
190.0
179.5
65.5
77.5
82.0
140.5
203.5
215.5
161.5
203.5
136.0
215.5
175.0
68.5
143.5
220.0
212.5
161.5
130.0
241.0
160.0
197.5
182.5
193.0
226.0
191.5
52.0
100.0
178.0
212.5
116.5
206.5
179.5
112.0
134.5
61.0
68.5
139.0
128.5
155.5
146.5
164.5
206.5
82.0
220.0
137.5
125.5
149.5
169.0
202.0
137.5
194.5
101.5
43.0
64.0
160.0
190.0
128.5
154.0
221.5
184.0
206.5
25.0
214.0
142.0
200.5
47.5
122.5
181.0
220.0
199.0
158.5
226.0
49.0
148.0
127.0
179.5
191.5
130.0
157.0
166.0
44.5
61.0
223.0
218.5
20.5
127.0
173.5
203.5
182.5
202.0
182.5
136.0
187.0
161.5
181.0
187.0
200.5
193.0
28.0
80.5
152.5
166.0
28.0
221.5
145.0
47.5
179.5
167.5
197.5
184.0
208.0
76.0
182.5
52.0
95.5
68.5
103.0
92.5
130.0
109.0
194.5
230.5
173.5
205.0
124.0
47.5
86.5
190.0
118.0
176.5
134.5
233.5
188.5
17.5
98.5
218.5
190.0
80.5
203.5
34.0
85.0
217.0
52.0
161.5
221.5
74.5
163.0
184.0
209.5
64.0
77.5
172.0
149.5
59.5
205.0
152.5
52.0
128.5
55.0
190.0
199.0
158.5
178.0
79.0
196.0
175.0
224.5
130.0
98.5
191.5
218.5
169.0
61.0
82.0
157.0
119.5
155.5
121.0
67.0
104.5
110.5
193.0
58.0
64.0
185.5
154.0
128.5
89.5
47.5
196.0
67.0
164.5
166.0
175.0
61.0
95.5
35.5
86.5
52.0
139.0
215.5
149.5
203.5
208.0
35.5
221.5
56.5
128.5
160.0
167.5
194.5
172.0
208.0
239.5
163.0
169.0
170.5
7.0
92.5
209.5
157.0
110.5
107.5
185.5
148.0
163.0
161.5
136.0
205.0
154.0
70.0
169.0
131.5
76.0
206.5
157.0
176.5
160.0
65.5
128.5
77.5
152.5
191.5
187.0
77.5
211.0
203.5
83.5
194.5
197.5
218.5
136.0
98.5
37.0
151.0
43.0
32.5
16.0
175.0
139.0
121.0
209.5
166.0
95.5
116.5
58.0
143.5
175.0
233.5
74.5
188.5
194.5
115.0
176.5
61.0
211.0
133.0
119.5
139.0
187.0
221.5
62.5
113.5
212.5
131.5
203.5
184.0
223.0
52.0
167.5
139.0
164.5
179.5
188.5
53.5
146.5
160.0
127.0
44.5
79.0
178.0
185.5
212.5
38.5
194.5
107.5
133.0
217.0
214.0
5.5
227.5
202.0
91.0
76.0
178.0
184.0
49.0
152.5
70.0
67.0
187.0
71.5
128.5
103.0
229.0
35.5
77.5
116.5
178.0
14.5
139.0
68.5
128.5
169.0
193.0
92.5
151.0
193.0
221.5
197.5
190.0
137.5
98.5
203.5
200.5
139.0
206.5
130.0
79.0
218.5
119.5
98.5
146.5
76.0
223.0
167.5
154.0
13.0
187.0
76.0
121.0
172.0
97.0
185.5
125.5
209.5
94.0
188.5
125.5
196.0
191.5
218.5
127.0
124.0
173.5
194.5
209.5
31.0
142.0
226.0
98.5
122.5
181.0
196.0
227.5
179.5
142.0
182.5
182.5
187.0
37.0
187.0
34.0
185.5
49.0
88.0
23.5
214.0
196.0
194.5
193.0
172.0
98.5
220.0
47.5
170.5
158.5
226.0
125.5
107.5
179.5
206.5
160.0
128.5
94.0
52.0
154.0
86.5
94.0
56.5
68.5
40.0
83.5
202.0
191.5
236.5
208.0
218.5
190.0
104.5
220.0
224.5
101.5
103.0
217.0
152.5
116.5
56.5
191.5
215.5
82.0
205.0
154.0
98.5
172.0
173.5
136.0
43.0
71.5
160.0
184.0
191.5
112.0
170.5
173.5
203.5
101.5
131.5
74.5
92.5
47.5
52.0
206.5
74.5
106.0
122.5
205.0
154.0
200.5
230.5
182.5
28.0
158.5
115.0
149.5
67.0
172.0
227.5
184.0
127.0
62.5
203.5
158.5
119.5
182.5
167.5
92.5
101.5
196.0
76.0
128.5
155.5
95.5
149.5
215.5
194.5
227.5
98.5
170.5
140.5
167.5
190.0
205.0
65.5
76.0
214.0
134.5
146.5
53.5
104.5
35.5
104.5
223.0
97.0
158.5
160.0
113.5
125.5
116.5
73.0
191.5
193.0
89.5
154.0
230.5
173.5
98.5
52.0
164.5
89.5
80.5
217.0
112.0
128.5
197.5
172.0
193.0
178.0
211.0
170.5
223.0
139.0
196.0
104.5
224.5
185.5
188.5
202.0
206.5
70.0
206.5
206.5
193.0
100.0
148.0
199.0
212.5
89.5
215.5
185.5
157.0
137.5
158.5
62.5
17.5
160.0
70.0
119.5
37.0
167.5
103.0
214.0
154.0
38.5
122.5
226.0
190.0
164.5
136.0
101.5
187.0
62.5
206.5
119.5
98.5
178.0
220.0
34.0
235.0
88.0
158.5
145.0
184.0
199.0
142.0
178.0
152.5
215.5
83.5
179.5
157.0
155.5
218.5
184.0
151.0
230.5
173.5
122.5
41.5
205.0
169.0
109.0
226.0
140.5
203.5
224.5
214.0
173.5
199.0
166.0
196.0
58.0
140.5
205.0
158.5
137.5
55.0
122.5
200.5
64.0
176.5
56.5
179.5
53.5
199.0
217.0
76.0
98.5
136.0
187.0
205.0
190.0
65.5
85.0
173.5
197.5
77.5
191.5
170.5
190.0
29.5
88.0
160.0
140.5
185.5
136.0
83.5
143.5
52.0
37.0
125.5
169.0
124.0
35.5
169.0
209.5
217.0
164.5
203.5
41.5
202.0
163.0
143.5
142.0
205.0
97.0
74.5
37.0
103.0
98.5
109.0
124.0
97.0
116.5
182.5
158.5
184.0
184.0
115.0
92.5
170.5
157.0
209.5
170.5
178.0
182.5
146.5
145.0
194.5
143.5
137.5
53.5
194.5
28.0
184.0
164.5
172.0
145.0
149.5
160.0
184.0
148.0
128.5
158.5
134.5
203.5
182.5
73.0
125.5
193.0
199.0
196.0
140.5
160.0
172.0
212.5
220.0
203.5
121.0
160.0
136.0
170.5
190.0
70.0
20.5
73.0
194.5
151.0
191.5
178.0
139.0
224.5
110.5
172.0
179.5
127.0
203.5
202.0
202.0
182.5
218.5
163.0
143.5
235.0
193.0
142.0
112.0
190.0
179.5
182.5
181.0
152.5
178.0
194.5
140.5
49.0
194.5
130.0
101.5
112.0
89.5
202.0
196.0
227.5
146.5
196.0
190.0
166.0
164.5
116.5
187.0
224.5
67.0
179.5
25.0
79.0
29.5
89.5
110.5
130.0
187.0
167.5
155.5
188.5
197.5
47.5
194.5
184.0
182.5
184.0
175.0
235.0
98.5
163.0
197.5
187.0
167.5
155.5
223.0
209.5
215.5
121.0
124.0
71.5
205.0
149.5
74.5
190.0
145.0
197.5
187.0
115.0
191.5
200.5
199.0
199.0
38.5
38.5
232.0
223.0
206.5
188.5
199.0
163.0
145.0
55.0
160.0
205.0
190.0
214.0
124.0
113.5
43.0
196.0
68.5
154.0
187.0
85.0
184.0
145.0
208.0
131.5
158.5
221.5
167.5
133.0
89.5
145.0
214.0
211.0
155.5
176.5
35.5
37.0
59.5
82.0
112.0
115.0
169.0
107.5
136.0
131.5
100.0
206.5
154.0
155.5
211.0
52.0
173.5
163.0
175.0
155.5
217.0
200.5
221.5
179.5
155.5
194.5
224.5
164.5
223.0
209.5
155.5
35.5
80.5
53.5
194.5
44.5
200.5
218.5
187.0
188.5
52.0
197.5
170.5
56.5
164.5
164.5
68.5
28.0
200.5
205.0
40.0
127.0
98.5
70.0
160.0
92.5
29.5
68.5
58.0
89.5
52.0
164.5
184.0
65.5
118.0
109.0
152.5
55.0
157.0
218.5
197.5
200.5
89.5
134.5
176.5
79.0
115.0
137.5
112.0
218.5
175.0
55.0
154.0
187.0
193.0
68.5
163.0
205.0
52.0
194.5
226.0
176.5
44.5
206.5
164.5
235.0
197.5
55.0
176.5
214.0
116.5
232.0
209.5
50.5
202.0
67.0
136.0
103.0
37.0
194.5
178.0
49.0
125.5
139.0
122.5
97.0
121.0
152.5
85.0
206.5
142.0
167.5
217.0
170.5
155.5
95.5
155.5
223.0
14.5
154.0
37.0
218.5
191.5
98.5
209.5
184.0
148.0
188.5
133.0
220.0
47.5
220.0
179.5
152.5
203.5
160.0
190.0
59.5
58.0
46.0
218.5
40.0
166.0
218.5
142.0
205.0
56.5
205.0
202.0
212.5
202.0
203.5
226.0
215.5
53.5
167.5
209.5
122.5
146.5
124.0
110.5
91.0
154.0
46.0
88.0
193.0
178.0
62.5
53.5
115.0
205.0
145.0
106.0
38.5
55.0
199.0
218.5
95.5
32.5
212.5
127.0
85.0
181.0
43.0
133.0
26.5
215.5
49.0
215.5
143.5
196.0
119.5
134.5
130.0
71.5
155.5
185.5
140.5
152.5
113.5
112.0
208.0
149.5
223.0
173.5
160.0
55.0
71.5
121.0
182.5
173.5
190.0
188.5
208.0
89.5
151.0
202.0
211.0
112.0
161.5
43.0
161.5
166.0
133.0
196.0
146.5
175.0
80.5
100.0
217.0
124.0
7.0
217.0
179.5
154.0
185.5
158.5
58.0
160.0
127.0
116.5
203.5
190.0
175.0
179.5
188.5
176.5
137.5
53.5
184.0
196.0
184.0
95.5
163.0
82.0
26.5
167.5
133.0
197.5
97.0
29.5
203.5
67.0
193.0
73.0
86.5
49.0
151.0
163.0
184.0
217.0
122.5
212.5
220.0
212.5
91.0
214.0
73.0
182.5
107.5
160.0
136.0
182.5
197.5
97.0
188.5
167.5
206.5
149.5
160.0
215.5
190.0
106.0
124.0
203.5
214.0
154.0
46.0
128.5
67.0
220.0
173.5
98.5
226.0
44.5
179.5
133.0
133.0
196.0
98.5
100.0
191.5
158.5
227.5
94.0
113.5
238.0
106.0
184.0
127.0
148.0
22.0
155.5
145.0
125.5
47.5
4.0
35.5
79.0
203.5
151.0
40.0
110.5
16.0
130.0
194.5
187.0
146.5
47.5
230.5
191.5
77.5
152.5
124.0
160.0
128.5
62.5
139.0
160.0
38.5
59.5
164.5
227.5
43.0
193.0
182.5
188.5
61.0
193.0
224.5
134.5
187.0
137.5
187.0
131.5
158.5
181.0
34.0
191.5
151.0
196.0
145.0
22.0
184.0
58.0
199.0
221.5
157.0
154.0
13.0
212.5
203.5
166.0
40.0
46.0
161.5
197.5
127.0
179.5
76.0
154.0
5.5
62.5
199.0
121.0
76.0
88.0
209.5
29.5
53.5
80.5
163.0
52.0
125.5
206.5
139.0
172.0
43.0
157.0
199.0
79.0
185.5
50.5
200.5
173.5
82.0
211.0
194.5
226.0
229.0
181.0
202.0
181.0
23.5
137.5
38.5
130.0
194.5
206.5
122.5
178.0
152.5
146.5
179.5
176.5
224.5
175.0
220.0
107.5
82.0
136.0
77.5
103.0
217.0
74.5
154.0
203.5
197.5
218.5
211.0
40.0
125.5
95.5
226.0
68.5
224.5
190.0
197.5
181.0
214.0
61.0
55.0
235.0
199.0
182.5
161.5
178.0
173.5
104.5
113.5
94.0
161.5
50.5
140.5
97.0
124.0
82.0
43.0
83.5
116.5
130.0
235.0
161.5
206.5
110.5
167.5
113.5
230.5
191.5
182.5
220.0
172.0
79.0
176.5
187.0
200.5
169.0
133.0
82.0
196.0
148.0
62.5
181.0
194.5
109.0
115.0
163.0
211.0
143.5
157.0
211.0
181.0
20.5
215.5
121.0
134.5
133.0
214.0
31.0
103.0
188.5
110.5
101.5
118.0
199.0
122.5
140.5
67.0
172.0
100.0
52.0
70.0
188.5
7.0
115.0
55.0
154.0
107.5
65.5
170.5
215.5
170.5
130.0
134.5
166.0
152.5
25.0
95.5
154.0
133.0
157.0
97.0
182.5
59.5
122.5
178.0
182.5
122.5
193.0
124.0
217.0
70.0
215.5
97.0
79.0
191.5
124.0
49.0
131.5
149.5
107.5
158.5
194.5
40.0
179.5
202.0
185.5
196.0
190.0
44.5
190.0
175.0
181.0
188.5
142.0
44.5
193.0
68.5
130.0
203.5
17.5
109.0
98.5
205.0
197.5
188.5
175.0
128.5
209.5
88.0
35.5
184.0
217.0
176.5
188.5
220.0
200.5
148.0
170.5
137.5
125.5
196.0
136.0
40.0
247.0
136.0
142.0
208.0
115.0
178.0
197.5
130.0
215.5
134.5
10.0
70.0
26.5
196.0
179.5
160.0
193.0
74.5
53.5
188.5
23.5
170.5
82.0
25.0
140.5
139.0
199.0
214.0
182.5
143.5
130.0
80.5
203.5
211.0
226.0
194.5
139.0
149.5
233.5
151.0
119.5
193.0
97.0
74.5
103.0
193.0
89.5
109.0
176.5
167.5
206.5
151.0
182.5
61.0
62.5
52.0
199.0
191.5
95.5
212.5
151.0
130.0
175.0
92.5
179.5
208.0
139.0
200.5
151.0
128.5
146.5
86.5
161.5
164.5
55.0
179.5
128.5
191.5
38.5
160.0
230.5
194.5
142.0
172.0
157.0
175.0
112.0
166.0
160.0
218.5
106.0
137.5
200.5
173.5
209.5
194.5
202.0
133.0
178.0
58.0
191.5
175.0
194.5
97.0
217.0
170.5
197.5
110.5
214.0
146.5
124.0
185.5
110.5
188.5
148.0
134.5
188.5
119.5
205.0
205.0
25.0
104.5
10.0
83.5
203.5
53.5
218.5
136.0
86.5
23.5
76.0
182.5
100.0
200.5
47.5
133.0
155.5
164.5
224.5
197.5
130.0
46.0
80.5
190.0
170.5
218.5
197.5
95.5
215.5
170.5
208.0
173.5
169.0
182.5
83.5
181.0
68.5
235.0
137.5
152.5
140.5
136.0
25.0
194.5
112.0
157.0
193.0
223.0
134.5
194.5
202.0
188.5
215.5
110.5
175.0
152.5
152.5
224.5
205.0
208.0
103.0
44.5
116.5
211.0
131.5
206.5
157.0
209.5
205.0
185.5
161.5
67.0
176.5
247.0
166.0
49.0
71.5
155.5
65.5
191.5
187.0
128.5
187.0
59.5
58.0
113.5
218.5
73.0
151.0
113.5
40.0
184.0
116.5
68.5
95.5
179.5
103.0
158.5
125.5
176.5
122.5
175.0
137.5
128.5
200.5
200.5
238.0
191.5
22.0
190.0
194.5
41.5
166.0
47.5
173.5
217.0
191.5
214.0
71.5
17.5
188.5
205.0
44.5
14.5
161.5
191.5
167.5
199.0
161.5
88.0
167.5
152.5
14.5
221.5
83.5
79.0
154.0
133.0
128.5
203.5
208.0
146.5
227.5
46.0
142.0
182.5
34.0
184.0
175.0
185.5
182.5
176.5
221.5
62.5
67.0
211.0
169.0
83.5
185.5
103.0
49.0
137.5
97.0
104.5
181.0
145.0
88.0
200.5
59.5
70.0
179.5
110.5
215.5
122.5
32.5
91.0
152.5
29.5
142.0
223.0
50.5
77.5
68.5
184.0
208.0
23.5
191.5
113.5
169.0
164.5
187.0
142.0
190.0
208.0
181.0
158.5
202.0
101.5
184.0
71.5
92.5
223.0
59.5
143.5
106.0
193.0
133.0
209.5
67.0
74.5
199.0
161.5
23.5
181.0
169.0
193.0
134.5
163.0
137.5
65.5
113.5
163.0
155.5
200.5
229.0
179.5
208.0
185.5
202.0
182.5
80.5
89.5
172.0
65.5
172.0
124.0
155.5
188.5
167.5
70.0
151.0
128.5
134.5
41.5
206.5
37.0
13.0
157.0
154.0
166.0
83.5
199.0
191.5
233.5
53.5
200.5
172.0
218.5
200.5
152.5
182.5
223.0
188.5
47.5
197.5
127.0
140.5
206.5
181.0
196.0
142.0
38.5
167.5
157.0
175.0
49.0
224.5
65.5
65.5
53.5
134.5
175.0
19.0
62.5
23.5
185.5
187.0
77.5
77.5
187.0
71.5
142.0
161.5
167.5
22.0
173.5
157.0
152.5
230.5
188.5
226.0
191.5
125.5
131.5
67.0
172.0
223.0
95.5
80.5
152.5
227.5
155.5
40.0
113.5
163.0
170.5
155.5
89.5
44.5
173.5
179.5
107.5
89.5
38.5
223.0
107.5
109.0
97.0
200.5
146.5
175.0
220.0
145.0
211.0
202.0
142.0
71.5
193.0
220.0
169.0
167.5
38.5
56.5
38.5
32.5
202.0
182.5
31.0
67.0
25.0
28.0
37.0
74.5
179.5
161.5
176.5
182.5
154.0
143.5
187.0
176.5
199.0
170.5
82.0
212.5
149.5
169.0
70.0
76.0
76.0
188.5
136.0
164.5
97.0
97.0
65.5
31.0
155.5
190.0
214.0
82.0
190.0
62.5
80.5
149.5
127.0
124.0
223.0
170.5
188.5
215.5
173.5
179.5
29.5
10.0
187.0
220.0
178.0
152.5
212.5
62.5
202.0
94.0
67.0
233.5
160.0
19.0
185.5
221.5
113.5
172.0
190.0
139.0
203.5
154.0
173.5
125.5
55.0
62.5
55.0
82.0
151.0
70.0
65.5
163.0
188.5
152.5
161.5
209.5
35.5
197.5
146.5
169.0
209.5
121.0
122.5
175.0
122.5
166.0
100.0
167.5
196.0
59.5
139.0
26.5
179.5
157.0
28.0
190.0
161.5
130.0
148.0
188.5
218.5
97.0
205.0
199.0
146.5
61.0
187.0
86.5
157.0
65.5
71.5
215.5
61.0
145.0
203.5
172.0
85.0
49.0
131.5
73.0
52.0
88.0
91.0
164.5
200.5
160.0
118.0
190.0
74.5
92.5
163.0
107.5
139.0
100.0
101.5
209.5
181.0
236.5
74.5
158.5
194.5
206.5
94.0
133.0
158.5
133.0
167.5
149.5
173.5
71.5
146.5
185.5
218.5
158.5
226.0
227.5
58.0
121.0
175.0
98.5
178.0
218.5
119.5
95.5
37.0
118.0
202.0
179.5
82.0
169.0
226.0
172.0
202.0
46.0
214.0
161.5
206.5
185.5
229.0
167.5
40.0
200.5
136.0
106.0
161.5
190.0
62.5
119.5
56.5
161.5
2.5
146.5
32.5
125.5
181.0
119.5
193.0
52.0
163.0
209.5
100.0
178.0
154.0
101.5
152.5
244.0
188.5
140.5
82.0
188.5
221.5
206.5
185.5
191.5
218.5
113.5
68.5
100.0
184.0
41.5
149.5
211.0
205.0
209.5
136.0
215.5
188.5
188.5
103.0
127.0
127.0
145.0
218.5
187.0
161.5
215.5
77.5
182.5
88.0
191.5
221.5
205.0
95.5
211.0
107.5
157.0
49.0
178.0
191.5
118.0
92.5
134.5
152.5
197.5
157.0
200.5
209.5
199.0
179.5
215.5
34.0
71.5
206.5
202.0
139.0
89.5
130.0
200.5
200.5
206.5
73.0
185.5
187.0
149.5
178.0
200.5
67.0
134.5
167.5
128.5
64.0
140.5
143.5
139.0
73.0
182.5
148.0
158.5
194.5
188.5
76.0
106.0
41.5
112.0
122.5
113.5
170.5
107.5
140.5
109.0
79.0
139.0
184.0
155.5
182.5
226.0
128.5
214.0
145.0
157.0
224.5
200.5
196.0
220.0
172.0
91.0
74.5
47.5
95.5
95.5
109.0
166.0
91.0
209.5
202.0
124.0
193.0
146.5
182.5
176.5
160.0
26.5
149.5
52.0
83.5
122.5
70.0
76.0
163.0
71.5
181.0
152.5
199.0
182.5
215.5
223.0
154.0
229.0
37.0
128.5
211.0
190.0
4.0
191.5
187.0
182.5
196.0
205.0
125.5
209.5
203.5
164.5
37.0
2.5
137.5
155.5
176.5
164.5
232.0
236.5
170.5
134.5
182.5
56.5
100.0
35.5
95.5
28.0
35.5
125.5
142.0
59.5
190.0
155.5
178.0
38.5
230.5
211.0
97.0
193.0
232.0
113.5
43.0
218.5
188.5
56.5
74.5
43.0
194.5
166.0
164.5
101.5
190.0
137.5
61.0
155.5
161.5
181.0
133.0
197.5
151.0
233.5
164.5
214.0
107.5
143.5
170.5
200.5
187.0
127.0
124.0
19.0
83.5
23.5
172.0
181.0
85.0
92.5
29.5
182.5
173.5
182.5
182.5
161.5
152.5
52.0
146.5
119.5
203.5
133.0
67.0
224.5
206.5
187.0
194.5
115.0
43.0
118.0
128.5
169.0
97.0
148.0
119.5
115.0
196.0
160.0
140.5
127.0
71.5
185.5
124.0
173.5
109.0
200.5
214.0
187.0
212.5
178.0
179.5
223.0
100.0
212.5
178.0
160.0
103.0
221.5
173.5
188.5
64.0
212.5
217.0
148.0
167.5
190.0
139.0
211.0
193.0
209.5
172.0
56.5
194.5
226.0
199.0
221.5
70.0
178.0
178.0
136.0
220.0
202.0
212.5
200.5
212.5
25.0
185.5
220.0
47.5
200.5
196.0
212.5
137.5
173.5
221.5
137.5
124.0
161.5
131.5
206.5
163.0
172.0
155.5
61.0
88.0
71.5
115.0
203.5
155.5
155.5
164.5
143.5
218.5
38.5
112.0
134.5
197.5
92.5
169.0
164.5
179.5
53.5
77.5
194.5
107.5
191.5
175.0
220.0
113.5
176.5
58.0
142.0
136.0
101.5
55.0
164.5
202.0
223.0
179.5
179.5
179.5
160.0
223.0
59.5
128.5
82.0
215.5
212.5
79.0
167.5
61.0
203.5
68.5
208.0
61.0
122.5
167.5
76.0
92.5
182.5
158.5
215.5
58.0
185.5
179.5
217.0
169.0
214.0
197.5
208.0
233.5
145.0
43.0
103.0
107.5
206.5
209.5
226.0
211.0
196.0
68.5
185.5
208.0
17.5
182.5
173.5
160.0
181.0
178.0
212.5
176.5
73.0
221.5
128.5
79.0
124.0
173.5
206.5
40.0
73.0
80.5
202.0
113.5
212.5
164.5
104.5
137.5
160.0
187.0
196.0
50.5
83.5
157.0
83.5
62.5
64.0
208.0
173.5
149.5
194.5
181.0
49.0
179.5
209.5
136.0
190.0
71.5
119.5
170.5
161.5
163.0
115.0
206.5
88.0
163.0
215.5
146.5
190.0
160.0
179.5
202.0
187.0
59.5
206.5
197.5
97.0
148.0
203.5
59.5
113.5
148.0
181.0
59.5
83.5
77.5
221.5
55.0
196.0
182.5
169.0
161.5
128.5
193.0
193.0
220.0
124.0
67.0
134.5
49.0
178.0
142.0
212.5
191.5
82.0
197.5
125.5
137.5
218.5
227.5
203.5
209.5
73.0
67.0
115.0
110.5
188.5
200.5
212.5
233.5
76.0
223.0
197.5
160.0
203.5
70.0
151.0
182.5
70.0
136.0
188.5
196.0
199.0
131.5
50.5
146.5
100.0
220.0
53.5
188.5
205.0
70.0
202.0
25.0
55.0
97.0
67.0
215.5
155.5
13.0
212.5
166.0
98.5
76.0
158.5
71.5
215.5
121.0
152.5
170.5
118.0
200.5
28.0
151.0
143.5
169.0
127.0
89.5
193.0
31.0
160.0
97.0
199.0
202.0
127.0
187.0
137.5
133.0
22.0
202.0
214.0
61.0
121.0
122.5
173.5
104.5
143.5
128.5
200.5
190.0
188.5
191.5
86.5
50.5
29.5
187.0
206.5
40.0
194.5
187.0
221.5
122.5
50.5
94.0
113.5
209.5
185.5
100.0
158.5
136.0
86.5
157.0
176.5
163.0
185.5
164.5
194.5
226.0
122.5
101.5
185.5
203.5
173.5
215.5
61.0
85.0
86.5
226.0
202.0
182.5
58.0
173.5
220.0
211.0
61.0
74.5
169.0
38.5
179.5
214.0
179.5
190.0
200.5
127.0
175.0
74.5
175.0
146.5
86.5
206.5
151.0
133.0
200.5
170.5
50.5
109.0
112.0
161.5
70.0
125.5
187.0
173.5
175.0
178.0
202.0
182.5
136.0
49.0
7.0
155.5
59.5
133.0
221.5
38.5
173.5
10.0
194.5
29.5
140.5
155.5
208.0
154.0
170.5
208.0
113.5
26.5
136.0
197.5
173.5
194.5
44.5
107.5
143.5
125.5
98.5
170.5
199.0
218.5
136.0
64.0
88.0
130.0
166.0
190.0
55.0
196.0
122.5
154.0
125.5
182.5
190.0
127.0
175.0
190.0
185.5
146.5
194.5
119.5
197.5
91.0
64.0
79.0
188.5
50.5
52.0
98.5
76.0
202.0
83.5
190.0
172.0
80.5
62.5
206.5
229.0
190.0
154.0
47.5
145.0
140.5
215.5
167.5
128.5
187.0
181.0
55.0
161.5
119.5
142.0
158.5
223.0
91.0
205.0
163.0
125.5
206.5
203.5
143.5
64.0
94.0
152.5
158.5
164.5
94.0
140.5
121.0
103.0
58.0
44.5
26.5
206.5
101.5
113.5
200.5
181.0
122.5
184.0
193.0
200.5
221.5
41.5
71.5
200.5
67.0
164.5
101.5
94.0
79.0
40.0
185.5
220.0
191.5
95.5
49.0
197.5
31.0
181.0
98.5
128.5
122.5
193.0
193.0
151.0
85.0
68.5
215.5
142.0
182.5
124.0
197.5
170.5
67.0
187.0
176.5
151.0
188.5
211.0
128.5
46.0
212.5
58.0
175.0
37.0
46.0
179.5
98.5
107.5
139.0
160.0
49.0
74.5
203.5
196.0
26.5
173.5
68.5
185.5
233.5
172.0
173.5
230.5
58.0
163.0
214.0
65.5
134.5
179.5
181.0
208.0
160.0
181.0
82.0
190.0
208.0
172.0
145.0
211.0
197.5
173.5
191.5
62.5
197.5
199.0
212.5
115.0
154.0
212.5
91.0
140.5
169.0
212.5
137.5
188.5
115.0
155.5
103.0
26.5
175.0
221.5
148.0
181.0
199.0
122.5
139.0
191.5
50.5
109.0
191.5
107.5
218.5
191.5
196.0
116.5
173.5
202.0
175.0
161.5
116.5
16.0
178.0
67.0
95.5
82.0
211.0
227.5
184.0
125.5
157.0
208.0
109.0
134.5
218.5
161.5
169.0
169.0
205.0
130.0
181.0
221.5
43.0
157.0
175.0
142.0
125.5
152.5
73.0
232.0
173.5
91.0
122.5
128.5
214.0
206.5
157.0
104.5
229.0
47.5
110.5
224.5
178.0
134.5
206.5
140.5
58.0
74.5
155.5
190.0
128.5
16.0
173.5
169.0
70.0
220.0
61.0
146.5
155.5
166.0
13.0
215.5
124.0
173.5
202.0
91.0
127.0
127.0
193.0
206.5
164.5
196.0
154.0
202.0
79.0
203.5
121.0
206.5
56.5
100.0
214.0
145.0
53.5
152.5
58.0
106.0
140.5
88.0
233.5
56.5
79.0
199.0
196.0
146.5
47.5
136.0
229.0
211.0
115.0
140.5
143.5
220.0
62.5
52.0
109.0
170.5
80.5
166.0
152.5
130.0
217.0
101.5
233.5
124.0
157.0
118.0
52.0
196.0
182.5
200.5
161.5
142.0
170.5
58.0
160.0
137.5
137.5
187.0
61.0
199.0
40.0
98.5
98.5
151.0
76.0
110.5
106.0
173.5
38.5
227.5
118.0
148.0
190.0
143.5
158.5
223.0
190.0
206.5
190.0
61.0
41.5
215.5
217.0
64.0
149.5
197.5
115.0
133.0
212.5
196.0
128.5
190.0
74.5
175.0
181.0
73.0
206.5
181.0
184.0
130.0
185.5
104.5
193.0
181.0
176.5
221.5
199.0
226.0
217.0
122.5
149.5
46.0
209.5
140.5
91.0
137.5
200.5
169.0
170.5
199.0
224.5
211.0
187.0
140.5
218.5
166.0
206.5
136.0
194.5
140.5
89.5
191.5
83.5
140.5
218.5
176.5
131.5
221.5
179.5
208.0
62.5
68.5
64.0
160.0
74.5
220.0
121.0
157.0
127.0
145.0
223.0
22.0
227.5
184.0
166.0
185.5
182.5
172.0
139.0
209.5
203.5
142.0
205.0
209.5
182.5
155.5
199.0
190.0
170.5
46.0
155.5
68.5
74.5
136.0
179.5
209.5
167.5
76.0
46.0
163.0
124.0
86.5
169.0
70.0
158.5
209.5
205.0
25.0
148.0
124.0
218.5
116.5
185.5
50.5
187.0
67.0
178.0
161.5
182.5
14.5
175.0
173.5
58.0
112.0
205.0
97.0
80.5
151.0
10.0
178.0
173.5
121.0
100.0
71.5
10.0
197.5
80.5
7.0
170.5
164.5
95.5
38.5
32.5
145.0
118.0
32.5
187.0
143.5
212.5
167.5
113.5
193.0
106.0
203.5
140.5
224.5
130.0
44.5
170.5
197.5
38.5
71.5
146.5
199.0
218.5
35.5
164.5
116.5
188.5
151.0
137.5
124.0
161.5
230.5
211.0
77.5
140.5
80.5
118.0
166.0
166.0
202.0
128.5
31.0
82.0
76.0
214.0
103.0
110.5
214.0
205.0
70.0
157.0
140.5
188.5
83.5
55.0
202.0
128.5
173.5
139.0
158.5
208.0
190.0
173.5
191.5
146.5
181.0
118.0
128.5
193.0
34.0
214.0
107.5
128.5
196.0
214.0
34.0
143.5
73.0
53.5
164.5
188.5
209.5
188.5
176.5
151.0
70.0
104.5
94.0
160.0
185.5
110.5
184.0
187.0
80.5
149.5
155.5
79.0
205.0
179.5
145.0
188.5
218.5
173.5
149.5
88.0
221.5
95.5
122.5
158.5
104.5
173.5
184.0
146.5
91.0
46.0
143.5
209.5
196.0
86.5
146.5
56.5
64.0
110.5
190.0
163.0
29.5
194.5
118.0
164.5
184.0
211.0
67.0
130.0
154.0
136.0
160.0
109.0
80.5
181.0
20.5
122.5
139.0
143.5
211.0
191.5
161.5
163.0
188.5
32.5
179.5
121.0
115.0
170.5
220.0
142.0
157.0
67.0
211.0
94.0
74.5
115.0
199.0
113.5
128.5
226.0
209.5
184.0
73.0
155.5
196.0
142.0
215.5
188.5
151.0
59.5
173.5
215.5
227.5
98.5
8.5
212.5
190.0
230.5
188.5
223.0
70.0
107.5
98.5
175.0
182.5
74.5
169.0
199.0
185.5
193.0
68.5
181.0
118.0
29.5
37.0
136.0
116.5
74.5
193.0
106.0
209.5
130.0
118.0
221.5
85.0
196.0
157.0
211.0
67.0
160.0
146.5
166.0
46.0
187.0
160.0
233.5
170.5
193.0
172.0
68.5
19.0
184.0
142.0
193.0
212.5
205.0
61.0
118.0
175.0
148.0
166.0
224.5
28.0
155.5
203.5
64.0
98.5
89.5
92.5
52.0
145.0
146.5
37.0
185.5
116.5
82.0
214.0
208.0
217.0
169.0
148.0
92.5
139.0
157.0
41.5
139.0
188.5
43.0
211.0
190.0
139.0
184.0
148.0
172.0
77.5
130.0
77.5
167.5
64.0
77.5
151.0
157.0
71.5
212.5
104.5
181.0
61.0
56.5
214.0
188.5
76.0
202.0
229.0
217.0
112.0
164.5
145.0
184.0
82.0
43.0
208.0
209.5
122.5
128.5
218.5
88.0
145.0
131.5
79.0
92.5
115.0
215.5
217.0
161.5
226.0
155.5
152.5
106.0
19.0
181.0
187.0
160.0
155.5
106.0
121.0
134.5
155.5
161.5
13.0
4.0
86.5
191.5
203.5
200.5
181.0
218.5
224.5
194.5
187.0
214.0
143.5
103.0
124.0
196.0
173.5
163.0
143.5
80.5
106.0
206.5
172.0
194.5
32.5
170.5
67.0
206.5
205.0
79.0
121.0
209.5
175.0
179.5
152.5
194.5
154.0
52.0
106.0
194.5
148.0
62.5
202.0
209.5
118.0
233.5
158.5
166.0
35.5
158.5
65.5
65.5
184.0
230.5
118.0
152.5
194.5
76.0
143.5
97.0
218.5
203.5
37.0
182.5
152.5
163.0
190.0
115.0
187.0
202.0
86.5
133.0
109.0
163.0
181.0
76.0
173.5
56.5
218.5
145.0
160.0
197.5
220.0
70.0
196.0
137.5
151.0
209.5
83.5
160.0
182.5
229.0
200.5
170.5
145.0
181.0
106.0
217.0
202.0
64.0
128.5
131.5
82.0
169.0
170.5
164.5
127.0
25.0
209.5
214.0
182.5
206.5
140.5
209.5
173.5
148.0
130.0
170.5
68.5
145.0
226.0
190.0
43.0
173.5
185.5
143.5
205.0
140.5
23.5
158.5
58.0
199.0
202.0
164.5
85.0
88.0
163.0
211.0
172.0
161.5
52.0
163.0
85.0
179.5
160.0
130.0
193.0
230.5
206.5
35.5
113.5
212.5
136.0
232.0
160.0
209.5
185.5
202.0
31.0
113.5
205.0
118.0
218.5
182.5
205.0
187.0
115.0
139.0
136.0
226.0
196.0
157.0
173.5
67.0
181.0
158.5
158.5
205.0
118.0
142.0
169.0
109.0
128.5
178.0
157.0
172.0
212.5
35.5
172.0
184.0
131.5
178.0
205.0
161.5
157.0
98.5
176.5
56.5
202.0
35.5
197.5
74.5
179.5
205.0
173.5
118.0
230.5
214.0
206.5
37.0
181.0
118.0
184.0
193.0
76.0
187.0
214.0
158.5
56.5
191.5
182.5
166.0
167.5
122.5
193.0
199.0
121.0
205.0
224.5
97.0
217.0
224.5
118.0
74.5
128.5
131.5
62.5
188.5
205.0
104.5
196.0
143.5
67.0
160.0
146.5
128.5
43.0
104.5
215.5
209.5
214.0
137.5
112.0
184.0
142.0
127.0
157.0
127.0
184.0
190.0
145.0
220.0
172.0
202.0
199.0
77.5
136.0
196.0
133.0
133.0
215.5
170.5
40.0
146.5
106.0
52.0
116.5
239.5
187.0
97.0
86.5
115.0
176.5
167.5
53.5
188.5
193.0
103.0
149.5
98.5
184.0
190.0
187.0
143.5
40.0
164.5
206.5
184.0
139.0
196.0
127.0
196.0
122.5
200.5
88.0
211.0
199.0
59.5
154.0
140.5
152.5
61.0
202.0
113.5
29.5
152.5
158.5
166.0
115.0
56.5
49.0
187.0
194.5
166.0
224.5
173.5
101.5
130.0
151.0
97.0
194.5
22.0
61.0
142.0
170.5
169.0
208.0
230.5
152.5
146.5
202.0
50.5
202.0
154.0
95.5
217.0
85.0
155.5
40.0
205.0
175.0
41.5
161.5
4.0
23.5
83.5
139.0
188.5
205.0
148.0
145.0
203.5
41.5
194.5
188.5
187.0
193.0
149.5
124.0
88.0
220.0
211.0
157.0
179.5
167.5
68.5
91.0
103.0
235.0
28.0
229.0
199.0
38.5
212.5
206.5
70.0
223.0
97.0
70.0
172.0
139.0
73.0
208.0
109.0
170.5
50.5
130.0
95.5
44.5
26.5
215.5
176.5
215.5
187.0
38.5
86.5
127.0
161.5
43.0
194.5
197.5
200.5
20.5
182.5
161.5
161.5
112.0
95.5
217.0
209.5
155.5
26.5
182.5
112.0
130.0
178.0
124.0
149.5
157.0
184.0
182.5
211.0
202.0
184.0
53.5
209.5
115.0
182.5
67.0
181.0
164.5
187.0
173.5
190.0
35.5
221.5
167.5
137.5
176.5
116.5
26.5
203.5
172.0
41.5
175.0
107.5
179.5
166.0
164.5
91.0
218.5
232.0
157.0
197.5
32.5
155.5
140.5
215.5
100.0
218.5
185.5
76.0
130.0
187.0
137.5
136.0
184.0
164.5
86.5
158.5
82.0
134.5
214.0
101.5
199.0
154.0
19.0
56.5
89.5
161.5
215.5
185.5
190.0
77.5
124.0
187.0
119.5
149.5
203.5
56.5
139.0
91.0
131.5
169.0
173.5
188.5
148.0
127.0
23.5
205.0
191.5
115.0
205.0
89.5
119.5
137.5
86.5
40.0
146.5
43.0
82.0
65.5
161.5
118.0
50.5
182.5
193.0
122.5
205.0
107.5
152.5
62.5
127.0
61.0
62.5
56.5
205.0
226.0
188.5
218.5
121.0
179.5
119.5
50.5
118.0
199.0
116.5
128.5
103.0
130.0
166.0
113.5
112.0
97.0
229.0
160.0
143.5
142.0
161.5
151.0
161.5
221.5
40.0
145.0
181.0
199.0
227.5
194.5
194.5
203.5
145.0
134.5
20.5
202.0
151.0
211.0
217.0
163.0
206.5
82.0
121.0
205.0
61.0
160.0
88.0
194.5
200.5
164.5
199.0
157.0
170.5
226.0
64.0
116.5
77.5
77.5
188.5
224.5
229.0
115.0
11.5
133.0
85.0
163.0
166.0
52.0
155.5
206.5
209.5
209.5
104.5
139.0
121.0
206.5
172.0
218.5
221.5
211.0
56.5
88.0
158.5
103.0
190.0
161.5
131.5
199.0
187.0
122.5
167.5
206.5
170.5
52.0
233.5
214.0
155.5
85.0
128.5
31.0
196.0
152.5
82.0
158.5
215.5
103.0
31.0
86.5
206.5
227.5
161.5
38.5
158.5
220.0
223.0
80.5
61.0
143.5
134.5
208.0
13.0
184.0
232.0
139.0
187.0
221.5
119.5
127.0
199.0
32.5
158.5
203.5
65.5
175.0
214.0
124.0
203.5
97.0
176.5
85.0
133.0
67.0
125.5
203.5
119.5
190.0
172.0
196.0
203.5
166.0
80.5
194.5
46.0
124.0
80.5
68.5
41.5
