110.5
209.5
181.0
188.5
179.5
218.5
197.5
205.0
118.0
143.5
209.5
196.0
163.0
179.5
119.5
151.0
104.5
106.0
154.0
46.0
86.5
188.5
23.5
25.0
26.5
169.0
218.5
200.5
38.5
98.5
77.5
86.5
176.5
191.5
188.5
158.5
205.0
208.0
101.5
88.0
224.5
161.5
176.5
76.0
139.0
74.5
70.0
17.5
110.5
160.0
77.5
85.0
133.0
193.0
173.5
170.5
28.0
100.0
181.0
181.0
40.0
107.5
185.5
43.0
158.5
142.0
86.5
206.5
52.0
71.5
205.0
200.5
148.0
166.0
203.5
155.5
67.0
230.5
58.0
77.5
91.0
73.0
211.0
163.0
188.5
127.0
209.5
41.5
197.5
53.5
166.0
73.0
146.5
50.5
41.5
88.0
212.5
166.0
211.0
131.5
28.0
137.5
190.0
88.0
62.5
140.5
208.0
80.5
65.5
127.0
76.0
148.0
176.5
128.5
190.0
74.5
109.0
112.0
148.0
163.0
95.5
76.0
106.0
196.0
188.5
169.0
43.0
175.0
199.0
53.5
194.5
34.0
182.5
134.5
179.5
145.0
187.0
172.0
167.5
109.0
169.0
55.0
67.0
209.5
175.0
197.5
89.5
56.5
188.5
203.5
146.5
52.0
185.5
176.5
65.5
80.5
82.0
91.0
166.0
127.0
53.5
49.0
41.5
140.5
77.5
43.0
124.0
53.5
58.0
94.0
107.5
185.5
197.5
70.0
142.0
220.0
151.0
46.0
112.0
163.0
49.0
185.5
80.5
22.0
185.5
26.5
151.0
67.0
103.0
179.5
7.0
199.0
16.0
92.5
154.0
52.0
155.5
208.0
35.5
151.0
121.0
79.0
200.5
25.0
134.5
145.0
29.5
151.0
190.0
187.0
61.0
188.5
19.0
25.0
145.0
199.0
118.0
19.0
196.0
103.0
82.0
197.5
215.5
28.0
160.0
182.5
23.5
164.5
176.5
97.0
149.5
22.0
143.5
62.5
199.0
100.0
68.5
164.5
121.0
143.5
179.5
70.0
184.0
197.5
166.0
83.5
70.0
167.5
68.5
176.5
113.5
169.0
115.0
131.5
73.0
122.5
161.5
118.0
196.0
164.5
80.5
146.5
209.5
205.0
77.5
134.5
154.0
169.0
146.5
112.0
149.5
143.5
134.5
167.5
77.5
136.0
38.5
152.5
220.0
185.5
191.5
121.0
97.0
203.5
73.0
191.5
97.0
200.5
212.5
131.5
175.0
118.0
23.5
158.5
37.0
14.5
190.0
164.5
86.5
151.0
82.0
13.0
127.0
221.5
125.5
50.5
119.5
149.5
43.0
185.5
44.5
94.0
173.5
127.0
226.0
74.5
157.0
115.0
217.0
35.5
188.5
176.5
43.0
118.0
154.0
202.0
149.5
8.5
31.0
152.5
202.0
215.5
110.5
16.0
106.0
49.0
83.5
178.0
128.5
101.5
56.5
110.5
46.0
200.5
119.5
184.0
158.5
109.0
203.5
100.0
176.5
173.5
52.0
217.0
166.0
73.0
11.5
193.0
166.0
193.0
151.0
155.5
209.5
169.0
161.5
193.0
136.0
157.0
133.0
44.5
119.5
175.0
152.5
145.0
161.5
113.5
62.5
146.5
209.5
209.5
124.0
40.0
41.5
62.5
155.5
52.0
197.5
103.0
136.0
166.0
122.5
176.5
61.0
61.0
139.0
220.0
209.5
152.5
163.0
208.0
205.0
152.5
77.5
196.0
17.5
200.5
218.5
49.0
181.0
187.0
113.5
92.5
41.5
35.5
73.0
151.0
194.5
35.5
100.0
202.0
130.0
142.0
229.0
136.0
203.5
185.5
53.5
113.5
214.0
32.5
65.5
149.5
85.0
188.5
37.0
136.0
17.5
184.0
119.5
101.5
106.0
181.0
128.5
127.0
179.5
29.5
212.5
230.5
89.5
113.5
50.5
182.5
83.5
167.5
154.0
76.0
200.5
191.5
188.5
115.0
209.5
172.0
218.5
74.5
221.5
149.5
118.0
106.0
196.0
68.5
76.0
53.5
182.5
55.0
58.0
91.0
94.0
64.0
103.0
200.5
80.5
182.5
155.5
202.0
188.5
103.0
191.5
217.0
127.0
187.0
109.0
131.5
76.0
113.5
233.5
152.5
74.5
127.0
65.5
65.5
172.0
196.0
113.5
34.0
52.0
173.5
194.5
218.5
179.5
223.0
110.5
49.0
142.0
140.5
62.5
38.5
160.0
95.5
79.0
98.5
197.5
163.0
67.0
211.0
196.0
179.5
70.0
152.5
122.5
161.5
206.5
152.5
110.5
53.5
83.5
206.5
125.5
92.5
79.0
175.0
131.5
136.0
200.5
175.0
128.5
178.0
85.0
136.0
19.0
143.5
89.5
158.5
217.0
139.0
229.0
103.0
148.0
182.5
152.5
172.0
160.0
32.5
182.5
52.0
197.5
35.5
215.5
185.5
170.5
172.0
98.5
8.5
190.0
133.0
58.0
154.0
196.0
100.0
161.5
229.0
154.0
178.0
101.5
115.0
166.0
50.5
113.5
29.5
74.5
185.5
181.0
133.0
190.0
94.0
50.5
170.5
208.0
139.0
182.5
100.0
70.0
172.0
124.0
52.0
152.5
64.0
74.5
100.0
211.0
28.0
44.5
121.0
157.0
26.5
65.5
28.0
211.0
214.0
88.0
217.0
178.0
53.5
41.5
124.0
35.5
187.0
172.0
85.0
67.0
163.0
187.0
200.5
80.5
62.5
206.5
22.0
202.0
19.0
170.5
203.5
148.0
166.0
190.0
191.5
149.5
211.0
118.0
196.0
205.0
158.5
214.0
31.0
134.5
182.5
44.5
115.0
166.0
200.5
70.0
52.0
187.0
200.5
190.0
155.5
55.0
161.5
104.5
149.5
98.5
187.0
145.0
164.5
67.0
50.5
23.5
170.5
40.0
44.5
142.0
214.0
143.5
215.5
83.5
205.0
143.5
115.0
224.5
167.5
44.5
179.5
148.0
148.0
185.5
136.0
67.0
116.5
188.5
98.5
104.5
131.5
61.0
157.0
205.0
134.5
50.5
149.5
110.5
154.0
224.5
47.5
122.5
169.0
173.5
167.5
214.0
166.0
67.0
173.5
169.0
161.5
131.5
167.5
202.0
98.5
160.0
193.0
112.0
226.0
101.5
58.0
112.0
65.5
85.0
226.0
188.5
131.5
200.5
179.5
145.0
151.0
179.5
166.0
194.5
131.5
101.5
188.5
164.5
136.0
118.0
47.5
37.0
89.5
202.0
125.5
53.5
136.0
181.0
76.0
52.0
181.0
193.0
20.5
104.5
23.5
40.0
130.0
154.0
98.5
122.5
118.0
206.5
40.0
67.0
193.0
79.0
181.0
59.5
163.0
104.5
73.0
196.0
185.5
158.5
158.5
85.0
122.5
187.0
155.5
169.0
161.5
91.0
188.5
170.5
196.0
178.0
194.5
137.5
217.0
193.0
70.0
179.5
149.5
133.0
125.5
146.5
136.0
140.5
52.0
181.0
200.5
193.0
109.0
193.0
112.0
217.0
136.0
73.0
109.0
121.0
139.0
49.0
67.0
37.0
172.0
203.5
122.5
134.5
143.5
109.0
139.0
215.5
191.5
199.0
131.5
127.0
76.0
97.0
220.0
212.5
43.0
19.0
50.5
157.0
88.0
133.0
70.0
208.0
178.0
181.0
58.0
211.0
52.0
220.0
79.0
19.0
62.5
148.0
224.5
44.5
161.5
217.0
134.5
137.5
191.5
136.0
181.0
188.5
208.0
80.5
136.0
140.5
194.5
40.0
119.5
43.0
59.5
47.5
137.5
134.5
209.5
155.5
74.5
68.5
62.5
82.0
86.5
178.0
112.0
160.0
202.0
203.5
172.0
218.5
100.0
155.5
113.5
130.0
230.5
221.5
91.0
115.0
203.5
23.5
97.0
56.5
83.5
61.0
140.5
110.5
193.0
94.0
161.5
158.5
88.0
187.0
206.5
104.5
71.5
217.0
148.0
128.5
217.0
88.0
28.0
191.5
92.5
146.5
194.5
187.0
163.0
184.0
226.0
203.5
175.0
35.5
187.0
47.5
211.0
164.5
106.0
170.5
41.5
95.5
155.5
199.0
209.5
185.5
5.5
167.5
155.5
56.5
137.5
152.5
148.0
235.0
35.5
115.0
136.0
152.5
172.0
175.0
170.5
215.5
149.5
203.5
170.5
29.5
133.0
77.5
218.5
100.0
43.0
160.0
152.5
64.0
172.0
173.5
79.0
13.0
43.0
122.5
133.0
26.5
220.0
182.5
205.0
151.0
194.5
160.0
200.5
10.0
91.0
194.5
178.0
104.5
196.0
178.0
152.5
170.5
202.0
200.5
28.0
61.0
121.0
80.5
8.5
170.5
229.0
32.5
55.0
133.0
152.5
101.5
62.5
140.5
149.5
136.0
76.0
193.0
223.0
163.0
169.0
217.0
190.0
86.5
205.0
103.0
146.5
209.5
124.0
182.5
154.0
40.0
88.0
82.0
158.5
143.5
56.5
119.5
29.5
17.5
130.0
49.0
133.0
167.5
139.0
28.0
215.5
83.5
85.0
37.0
43.0
151.0
217.0
140.5
187.0
206.5
62.5
133.0
146.5
103.0
115.0
136.0
92.5
110.5
37.0
94.0
38.5
161.5
169.0
133.0
202.0
49.0
49.0
212.5
67.0
181.0
200.5
70.0
209.5
136.0
151.0
47.5
154.0
116.5
130.0
85.0
226.0
109.0
221.5
184.0
44.5
56.5
232.0
199.0
155.5
101.5
127.0
167.5
176.5
145.0
178.0
143.5
127.0
151.0
112.0
173.5
49.0
62.5
107.5
155.5
70.0
143.5
31.0
190.0
158.5
140.5
22.0
89.5
59.5
119.5
238.0
82.0
169.0
149.5
148.0
148.0
26.5
151.0
127.0
119.5
88.0
70.0
41.5
169.0
80.5
166.0
185.5
121.0
65.5
26.5
140.5
142.0
133.0
164.5
200.5
47.5
133.0
130.0
152.5
163.0
133.0
197.5
11.5
101.5
71.5
46.0
86.5
14.5
83.5
202.0
199.0
184.0
136.0
127.0
164.5
188.5
61.0
146.5
167.5
161.5
50.5
170.5
188.5
188.5
188.5
241.0
47.5
209.5
170.5
164.5
187.0
223.0
211.0
205.0
116.5
100.0
146.5
94.0
29.5
92.5
194.5
139.0
32.5
128.5
191.5
46.0
73.0
112.0
152.5
161.5
172.0
205.0
184.0
26.5
71.5
187.0
155.5
182.5
142.0
134.5
59.5
116.5
232.0
110.5
20.5
40.0
38.5
50.5
194.5
64.0
107.5
97.0
49.0
128.5
166.0
83.5
205.0
187.0
139.0
154.0
76.0
178.0
152.5
31.0
20.5
175.0
173.5
140.5
59.5
146.5
158.5
194.5
202.0
208.0
148.0
25.0
220.0
149.5
185.5
95.5
77.5
145.0
19.0
55.0
191.5
103.0
127.0
184.0
79.0
97.0
169.0
106.0
55.0
85.0
184.0
22.0
190.0
170.5
187.0
119.5
116.5
77.5
202.0
197.5
173.5
146.5
137.5
133.0
122.5
148.0
70.0
220.0
146.5
32.5
188.5
140.5
103.0
155.5
35.5
166.0
41.5
143.5
56.5
208.0
170.5
166.0
175.0
209.5
49.0
83.5
199.0
217.0
191.5
61.0
89.5
53.5
197.5
190.0
119.5
212.5
110.5
20.5
125.5
26.5
160.0
208.0
125.5
20.5
64.0
217.0
22.0
119.5
187.0
49.0
178.0
64.0
106.0
187.0
191.5
179.5
209.5
166.0
206.5
175.0
82.0
122.5
112.0
161.5
196.0
218.5
167.5
154.0
151.0
143.5
115.0
184.0
185.5
127.0
55.0
200.5
95.5
190.0
133.0
214.0
106.0
16.0
143.5
188.5
217.0
215.5
97.0
49.0
199.0
193.0
203.5
80.5
230.5
124.0
118.0
149.5
97.0
43.0
104.5
43.0
112.0
122.5
184.0
136.0
121.0
55.0
202.0
214.0
71.5
205.0
166.0
175.0
232.0
118.0
47.5
182.5
200.5
128.5
92.5
137.5
107.5
98.5
73.0
29.5
103.0
151.0
161.5
181.0
230.5
65.5
89.5
199.0
202.0
74.5
43.0
206.5
26.5
184.0
73.0
161.5
8.5
202.0
202.0
188.5
106.0
202.0
106.0
148.0
134.5
184.0
151.0
142.0
181.0
170.5
160.0
157.0
229.0
169.0
134.5
95.5
50.5
38.5
197.5
121.0
184.0
92.5
205.0
145.0
173.5
119.5
125.5
121.0
50.5
127.0
190.0
116.5
127.0
100.0
38.5
181.0
68.5
76.0
181.0
142.0
184.0
82.0
154.0
190.0
178.0
143.5
197.5
122.5
146.5
163.0
67.0
85.0
148.0
155.5
163.0
176.5
172.0
31.0
173.5
134.5
70.0
106.0
106.0
188.5
103.0
151.0
139.0
103.0
109.0
173.5
152.5
218.5
172.0
98.5
58.0
53.5
31.0
40.0
148.0
119.5
119.5
130.0
44.5
143.5
149.5
70.0
145.0
140.5
196.0
128.5
154.0
125.5
83.5
202.0
14.5
44.5
151.0
61.0
209.5
179.5
22.0
140.5
170.5
136.0
152.5
188.5
184.0
161.5
169.0
74.5
119.5
221.5
86.5
67.0
221.5
209.5
191.5
50.5
77.5
118.0
191.5
70.0
46.0
62.5
41.5
188.5
58.0
160.0
211.0
194.5
136.0
178.0
104.5
100.0
119.5
176.5
116.5
34.0
115.0
190.0
170.5
55.0
89.5
23.5
208.0
118.0
92.5
67.0
80.5
74.5
77.5
143.5
178.0
50.5
164.5
178.0
67.0
199.0
80.5
128.5
122.5
29.5
134.5
80.5
139.0
179.5
187.0
133.0
113.5
65.5
95.5
116.5
83.5
49.0
112.0
106.0
169.0
179.5
122.5
68.5
19.0
10.0
67.0
209.5
215.5
92.5
86.5
167.5
202.0
100.0
208.0
154.0
16.0
185.5
218.5
181.0
175.0
196.0
119.5
179.5
50.5
164.5
77.5
187.0
187.0
191.5
49.0
58.0
157.0
215.5
187.0
170.5
176.5
196.0
158.5
80.5
139.0
29.5
143.5
224.5
82.0
170.5
200.5
199.0
115.0
209.5
173.5
95.5
137.5
44.5
118.0
220.0
233.5
37.0
149.5
14.5
197.5
77.5
128.5
199.0
202.0
164.5
70.0
109.0
77.5
65.5
164.5
221.5
196.0
190.0
50.5
199.0
169.0
187.0
143.5
191.5
83.5
95.5
169.0
46.0
119.5
152.5
38.5
83.5
161.5
139.0
166.0
200.5
223.0
22.0
47.5
59.5
152.5
17.5
103.0
211.0
206.5
53.5
137.5
154.0
182.5
202.0
194.5
122.5
92.5
137.5
65.5
142.0
98.5
175.0
227.5
26.5
149.5
202.0
200.5
139.0
136.0
47.5
92.5
130.0
46.0
98.5
122.5
140.5
107.5
212.5
92.5
47.5
107.5
176.5
224.5
116.5
154.0
118.0
37.0
166.0
115.0
35.5
157.0
184.0
49.0
118.0
110.5
190.0
203.5
112.0
110.5
116.5
185.5
122.5
31.0
203.5
179.5
200.5
115.0
122.5
76.0
107.5
149.5
146.5
209.5
56.5
46.0
185.5
134.5
175.0
200.5
176.5
85.0
185.5
131.5
131.5
116.5
79.0
101.5
149.5
29.5
185.5
181.0
205.0
152.5
74.5
40.0
23.5
185.5
49.0
175.0
73.0
128.5
133.0
121.0
32.5
157.0
221.5
113.5
185.5
157.0
140.5
170.5
221.5
196.0
97.0
196.0
53.5
79.0
91.0
190.0
91.0
157.0
205.0
98.5
149.5
70.0
185.5
169.0
137.5
70.0
161.5
139.0
83.5
80.5
166.0
103.0
95.5
211.0
101.5
133.0
211.0
190.0
158.5
160.0
83.5
139.0
80.5
215.5
134.5
176.5
163.0
76.0
199.0
67.0
142.0
157.0
227.5
143.5
136.0
53.5
202.0
122.5
173.5
56.5
76.0
182.5
95.5
77.5
215.5
133.0
209.5
115.0
164.5
218.5
59.5
149.5
121.0
88.0
167.5
115.0
100.0
29.5
200.5
203.5
178.0
193.0
106.0
187.0
142.0
38.5
122.5
119.5
217.0
160.0
133.0
77.5
209.5
176.5
50.5
185.5
169.0
122.5
133.0
53.5
175.0
208.0
134.5
38.5
191.5
70.0
137.5
125.5
176.5
215.5
113.5
148.0
191.5
221.5
131.5
197.5
29.5
190.0
91.0
158.5
133.0
32.5
161.5
133.0
43.0
118.0
184.0
212.5
59.5
215.5
151.0
58.0
95.5
160.0
73.0
121.0
82.0
166.0
155.5
205.0
118.0
145.0
157.0
163.0
167.5
221.5
83.5
97.0
200.5
208.0
188.5
181.0
209.5
38.5
16.0
19.0
221.5
193.0
73.0
218.5
97.0
211.0
110.5
203.5
176.5
8.5
197.5
160.0
193.0
98.5
215.5
100.0
197.5
215.5
191.5
188.5
187.0
170.5
182.5
157.0
154.0
91.0
218.5
38.5
46.0
209.5
217.0
55.0
68.5
112.0
166.0
101.5
20.5
199.0
167.5
130.0
82.0
134.5
196.0
136.0
49.0
190.0
110.5
152.5
202.0
97.0
221.5
214.0
172.0
139.0
100.0
106.0
146.5
68.5
104.5
218.5
161.5
179.5
10.0
205.0
112.0
34.0
47.5
62.5
155.5
125.5
83.5
157.0
191.5
122.5
73.0
161.5
206.5
109.0
44.5
89.5
193.0
197.5
149.5
23.5
173.5
157.0
103.0
110.5
86.5
209.5
182.5
160.0
221.5
125.5
229.0
94.0
136.0
116.5
193.0
73.0
29.5
64.0
89.5
161.5
232.0
131.5
148.0
166.0
202.0
136.0
188.5
173.5
128.5
92.5
125.5
101.5
130.0
112.0
200.5
22.0
139.0
125.5
154.0
220.0
86.5
131.5
44.5
212.5
67.0
191.5
107.5
188.5
223.0
158.5
170.5
142.0
77.5
53.5
206.5
83.5
94.0
151.0
115.0
59.5
202.0
73.0
83.5
214.0
200.5
34.0
151.0
212.5
92.5
178.0
101.5
200.5
88.0
200.5
86.5
40.0
152.5
121.0
172.0
41.5
169.0
31.0
182.5
116.5
152.5
44.5
131.5
23.5
104.5
200.5
103.0
68.5
178.0
58.0
158.5
161.5
182.5
152.5
190.0
52.0
37.0
170.5
70.0
176.5
152.5
76.0
151.0
38.5
44.5
95.5
59.5
124.0
161.5
187.0
125.5
178.0
94.0
128.5
35.5
205.0
70.0
158.5
152.5
85.0
29.5
115.0
196.0
193.0
158.5
169.0
76.0
97.0
176.5
221.5
179.5
40.0
56.5
169.0
205.0
190.0
88.0
166.0
203.5
190.0
46.0
122.5
227.5
71.5
127.0
163.0
73.0
172.0
94.0
215.5
112.0
112.0
106.0
167.5
176.5
191.5
232.0
232.0
59.5
40.0
182.5
134.5
197.5
149.5
34.0
187.0
89.5
202.0
85.0
92.5
74.5
193.0
103.0
163.0
71.5
116.5
101.5
200.5
164.5
44.5
166.0
158.5
134.5
79.0
74.5
166.0
137.5
59.5
167.5
59.5
25.0
226.0
118.0
22.0
164.5
11.5
163.0
119.5
79.0
167.5
86.5
181.0
202.0
76.0
140.5
130.0
140.5
25.0
41.5
170.5
206.5
29.5
131.5
212.5
67.0
151.0
176.5
197.5
64.0
80.5
128.5
112.0
172.0
157.0
133.0
190.0
74.5
23.5
146.5
170.5
205.0
74.5
133.0
203.5
40.0
146.5
194.5
109.0
125.5
178.0
31.0
188.5
145.0
173.5
122.5
158.5
152.5
82.0
158.5
181.0
191.5
236.5
187.0
197.5
191.5
20.5
134.5
190.0
184.0
178.0
169.0
208.0
101.5
155.5
206.5
43.0
107.5
68.5
77.5
110.5
62.5
127.0
196.0
61.0
187.0
107.5
80.5
181.0
92.5
140.5
127.0
151.0
226.0
53.5
133.0
215.5
143.5
182.5
199.0
130.0
164.5
71.5
185.5
173.5
116.5
208.0
146.5
172.0
185.5
145.0
20.5
176.5
47.5
140.5
209.5
187.0
68.5
122.5
193.0
226.0
56.5
76.0
188.5
136.0
196.0
212.5
106.0
196.0
188.5
143.5
175.0
131.5
136.0
106.0
160.0
190.0
199.0
191.5
179.5
173.5
196.0
202.0
64.0
74.5
35.5
110.5
146.5
89.5
202.0
82.0
212.5
53.5
197.5
154.0
94.0
127.0
91.0
142.0
85.0
115.0
97.0
188.5
83.5
223.0
182.5
182.5
167.5
172.0
74.5
70.0
218.5
97.0
134.5
103.0
167.5
124.0
190.0
65.5
74.5
166.0
89.5
116.5
190.0
55.0
214.0
164.5
44.5
73.0
58.0
88.0
53.5
161.5
91.0
91.0
101.5
113.5
109.0
82.0
211.0
92.5
103.0
82.0
220.0
184.0
113.5
217.0
131.5
152.5
95.5
208.0
142.0
128.5
35.5
191.5
86.5
73.0
215.5
95.5
146.5
188.5
85.0
118.0
56.5
22.0
140.5
136.0
160.0
94.0
167.5
67.0
112.0
56.5
122.5
74.5
217.0
139.0
74.5
76.0
187.0
97.0
215.5
208.0
175.0
172.0
191.5
185.5
14.5
191.5
154.0
82.0
154.0
221.5
38.5
107.5
91.0
221.5
163.0
172.0
109.0
133.0
82.0
118.0
46.0
82.0
163.0
118.0
80.5
91.0
202.0
71.5
100.0
127.0
67.0
128.5
67.0
25.0
88.0
148.0
185.5
127.0
176.5
203.5
44.5
89.5
79.0
46.0
71.5
202.0
170.5
130.0
164.5
112.0
53.5
95.5
173.5
215.5
52.0
115.0
41.5
38.5
181.0
110.5
98.5
137.5
152.5
40.0
206.5
190.0
224.5
83.5
161.5
73.0
125.5
31.0
193.0
119.5
203.5
151.0
53.5
160.0
1.0
82.0
157.0
82.0
88.0
196.0
40.0
98.5
184.0
151.0
47.5
68.5
22.0
212.5
128.5
185.5
76.0
80.5
112.0
100.0
184.0
52.0
115.0
116.5
157.0
92.5
143.5
41.5
179.5
103.0
71.5
145.0
80.5
163.0
91.0
34.0
199.0
118.0
103.0
92.5
178.0
109.0
44.5
209.5
121.0
161.5
161.5
47.5
37.0
194.5
182.5
221.5
115.0
37.0
124.0
230.5
142.0
185.5
217.0
181.0
76.0
112.0
172.0
35.5
208.0
217.0
181.0
125.5
70.0
98.5
59.5
157.0
16.0
109.0
194.5
220.0
173.5
215.5
65.5
136.0
38.5
71.5
166.0
184.0
209.5
158.5
101.5
181.0
82.0
226.0
205.0
218.5
205.0
226.0
220.0
20.5
161.5
172.0
208.0
53.5
194.5
170.5
140.5
167.5
89.5
187.0
179.5
137.5
215.5
73.0
47.5
29.5
71.5
172.0
31.0
26.5
157.0
145.0
41.5
85.0
194.5
85.0
169.0
88.0
178.0
155.5
59.5
44.5
194.5
40.0
196.0
106.0
77.5
145.0
68.5
185.5
130.0
223.0
170.5
236.5
157.0
106.0
167.5
146.5
158.5
197.5
94.0
209.5
199.0
134.5
20.5
139.0
145.0
202.0
20.5
11.5
148.0
61.0
190.0
104.5
55.0
170.5
194.5
160.0
133.0
46.0
217.0
187.0
199.0
200.5
121.0
97.0
143.5
139.0
155.5
190.0
101.5
167.5
137.5
197.5
233.5
154.0
148.0
64.0
193.0
91.0
203.5
146.5
128.5
175.0
212.5
89.5
148.0
190.0
130.0
199.0
194.5
169.0
112.0
151.0
77.5
29.5
193.0
149.5
124.0
155.5
217.0
203.5
103.0
74.5
206.5
217.0
16.0
179.5
130.0
229.0
58.0
82.0
160.0
110.5
215.5
223.0
70.0
130.0
137.5
139.0
169.0
28.0
160.0
43.0
131.5
86.5
181.0
76.0
185.5
55.0
163.0
179.5
208.0
119.5
31.0
73.0
154.0
140.5
220.0
158.5
55.0
187.0
17.5
71.5
188.5
139.0
166.0
58.0
143.5
206.5
214.0
190.0
202.0
179.5
161.5
161.5
128.5
89.5
149.5
44.5
58.0
37.0
166.0
196.0
157.0
196.0
197.5
25.0
91.0
161.5
76.0
79.0
28.0
130.0
170.5
184.0
181.0
47.5
199.0
191.5
206.5
124.0
139.0
178.0
161.5
215.5
65.5
205.0
80.5
206.5
185.5
131.5
217.0
110.5
85.0
101.5
73.0
103.0
113.5
56.5
227.5
199.0
41.5
208.0
80.5
25.0
196.0
212.5
37.0
32.5
76.0
40.0
212.5
167.5
185.5
107.5
104.5
182.5
127.0
148.0
131.5
215.5
175.0
52.0
208.0
44.5
109.0
100.0
229.0
37.0
203.5
55.0
101.5
146.5
73.0
92.5
61.0
43.0
101.5
74.5
58.0
170.5
118.0
158.5
169.0
53.5
31.0
193.0
154.0
218.5
41.5
152.5
185.5
143.5
56.5
95.5
49.0
206.5
100.0
164.5
79.0
145.0
134.5
92.5
130.0
71.5
71.5
130.0
158.5
59.5
59.5
209.5
218.5
109.0
214.0
160.0
28.0
233.5
110.5
167.5
227.5
101.5
145.0
73.0
71.5
68.5
170.5
197.5
62.5
28.0
187.0
100.0
161.5
125.5
98.5
224.5
190.0
64.0
55.0
169.0
173.5
140.5
166.0
218.5
47.5
92.5
197.5
151.0
169.0
44.5
59.5
148.0
148.0
59.5
166.0
170.5
35.5
161.5
187.0
7.0
100.0
25.0
34.0
103.0
110.5
206.5
80.5
164.5
164.5
200.5
137.5
163.0
85.0
79.0
173.5
145.0
173.5
95.5
98.5
179.5
166.0
209.5
215.5
209.5
151.0
203.5
202.0
38.5
100.0
167.5
173.5
88.0
172.0
161.5
104.5
167.5
43.0
116.5
83.5
127.0
164.5
50.5
226.0
137.5
170.5
166.0
202.0
26.5
130.0
46.0
184.0
220.0
166.0
215.5
142.0
40.0
208.0
118.0
67.0
223.0
184.0
185.5
160.0
205.0
56.5
100.0
61.0
97.0
74.5
157.0
161.5
185.5
103.0
97.0
32.5
187.0
25.0
208.0
194.5
197.5
134.5
53.5
181.0
155.5
169.0
112.0
193.0
194.5
56.5
145.0
142.0
202.0
154.0
44.5
89.5
134.5
196.0
170.5
13.0
190.0
170.5
50.5
151.0
167.5
193.0
175.0
187.0
163.0
58.0
224.5
185.5
170.5
200.5
194.5
197.5
209.5
98.5
134.5
206.5
179.5
155.5
175.0
37.0
23.5
133.0
182.5
116.5
43.0
83.5
22.0
64.0
26.5
158.5
154.0
128.5
55.0
208.0
134.5
155.5
152.5
85.0
181.0
55.0
103.0
85.0
67.0
119.5
212.5
136.0
214.0
169.0
185.5
16.0
94.0
140.5
181.0
110.5
62.5
200.5
49.0
29.5
158.5
61.0
190.0
76.0
88.0
221.5
100.0
197.5
173.5
122.5
178.0
125.5
188.5
191.5
115.0
167.5
197.5
29.5
25.0
169.0
179.5
196.0
193.0
208.0
67.0
8.5
106.0
95.5
149.5
187.0
85.0
152.5
14.5
52.0
110.5
73.0
167.5
80.5
116.5
52.0
157.0
106.0
194.5
73.0
49.0
71.5
115.0
118.0
23.5
170.5
233.5
143.5
161.5
169.0
212.5
119.5
109.0
37.0
208.0
127.0
37.0
193.0
119.5
199.0
64.0
65.5
107.5
50.5
220.0
145.0
181.0
181.0
161.5
169.0
70.0
79.0
101.5
200.5
22.0
55.0
151.0
28.0
82.0
142.0
98.5
205.0
134.5
130.0
38.5
191.5
100.0
109.0
149.5
145.0
169.0
197.5
55.0
79.0
202.0
61.0
143.5
134.5
209.5
163.0
158.5
193.0
155.5
164.5
176.5
187.0
244.0
34.0
172.0
199.0
88.0
113.5
160.0
79.0
148.0
163.0
212.5
164.5
95.5
113.5
211.0
104.5
215.5
193.0
172.0
64.0
173.5
193.0
35.5
157.0
208.0
175.0
68.5
178.0
224.5
140.5
220.0
145.0
185.5
182.5
137.5
139.0
38.5
181.0
202.0
74.5
23.5
166.0
88.0
227.5
83.5
77.5
130.0
187.0
149.5
193.0
176.5
161.5
199.0
97.0
125.5
217.0
107.5
127.0
172.0
218.5
127.0
175.0
7.0
164.5
74.5
112.0
170.5
181.0
83.5
43.0
154.0
184.0
197.5
158.5
58.0
175.0
208.0
206.5
137.5
187.0
92.5
106.0
67.0
203.5
26.5
127.0
119.5
161.5
139.0
166.0
206.5
71.5
56.5
56.5
121.0
214.0
137.5
146.5
166.0
94.0
110.5
98.5
88.0
104.5
194.5
136.0
184.0
104.5
196.0
155.5
64.0
181.0
106.0
67.0
182.5
43.0
151.0
59.5
85.0
67.0
164.5
107.5
155.5
184.0
41.5
86.5
193.0
145.0
157.0
158.5
199.0
167.5
206.5
68.5
121.0
70.0
109.0
104.5
212.5
170.5
160.0
197.5
130.0
106.0
185.5
28.0
205.0
187.0
211.0
221.5
191.5
47.5
104.5
133.0
172.0
41.5
127.0
85.0
191.5
11.5
170.5
157.0
100.0
65.5
137.5
64.0
83.5
110.5
73.0
65.5
163.0
16.0
40.0
152.5
13.0
145.0
113.5
209.5
152.5
53.5
139.0
53.5
47.5
52.0
95.5
118.0
155.5
65.5
188.5
176.5
184.0
109.0
71.5
206.5
137.5
104.5
62.5
176.5
220.0
64.0
31.0
20.5
37.0
124.0
211.0
53.5
82.0
74.5
140.5
166.0
58.0
172.0
98.5
70.0
178.0
191.5
215.5
121.0
140.5
58.0
166.0
215.5
142.0
104.5
131.5
214.0
130.0
74.5
53.5
121.0
163.0
160.0
82.0
143.5
131.5
32.5
35.5
206.5
184.0
149.5
95.5
133.0
193.0
125.5
226.0
61.0
92.5
83.5
119.5
47.5
190.0
142.0
119.5
202.0
43.0
68.5
199.0
59.5
128.5
116.5
82.0
146.5
185.5
82.0
91.0
223.0
67.0
169.0
74.5
29.5
188.5
124.0
157.0
53.5
65.5
169.0
178.0
49.0
11.5
131.5
134.5
70.0
53.5
41.5
155.5
164.5
139.0
143.5
179.5
206.5
220.0
62.5
125.5
140.5
193.0
170.5
164.5
11.5
62.5
106.0
70.0
61.0
211.0
160.0
196.0
106.0
46.0
106.0
116.5
118.0
179.5
13.0
196.0
130.0
170.5
164.5
92.5
173.5
164.5
164.5
116.5
64.0
179.5
211.0
53.5
211.0
67.0
211.0
137.5
164.5
172.0
86.5
110.5
184.0
164.5
122.5
217.0
145.0
128.5
172.0
106.0
70.0
74.5
193.0
79.0
136.0
146.5
139.0
89.5
187.0
104.5
185.5
200.5
196.0
209.5
205.0
173.5
176.5
176.5
133.0
80.5
122.5
185.5
119.5
76.0
164.5
214.0
10.0
128.5
205.0
178.0
46.0
49.0
227.5
106.0
194.5
14.5
200.5
47.5
151.0
73.0
146.5
190.0
107.5
106.0
140.5
196.0
146.5
194.5
116.5
199.0
172.0
110.5
199.0
164.5
52.0
119.5
175.0
100.0
131.5
146.5
220.0
175.0
71.5
154.0
67.0
52.0
68.5
107.5
206.5
119.5
220.0
182.5
151.0
176.5
199.0
29.5
206.5
58.0
235.0
181.0
172.0
166.0
152.5
193.0
55.0
104.5
161.5
152.5
62.5
47.5
103.0
23.5
161.5
139.0
196.0
37.0
146.5
184.0
229.0
220.0
92.5
227.5
190.0
110.5
79.0
155.5
101.5
56.5
82.0
31.0
158.5
115.0
110.5
179.5
152.5
76.0
148.0
13.0
125.5
112.0
100.0
76.0
184.0
136.0
160.0
74.5
55.0
34.0
161.5
205.0
176.5
119.5
94.0
47.5
68.5
116.5
208.0
58.0
74.5
161.5
172.0
92.5
46.0
187.0
203.5
208.0
47.5
35.5
37.0
121.0
43.0
74.5
71.5
79.0
28.0
55.0
152.5
191.5
155.5
151.0
178.0
190.0
112.0
115.0
209.5
200.5
185.5
205.0
152.5
187.0
143.5
4.0
214.0
206.5
116.5
149.5
53.5
101.5
214.0
98.5
113.5
146.5
199.0
92.5
103.0
44.5
115.0
53.5
224.5
208.0
59.5
23.5
80.5
217.0
59.5
110.5
95.5
131.5
41.5
47.5
151.0
182.5
151.0
11.5
151.0
209.5
194.5
220.0
230.5
85.0
113.5
86.5
136.0
179.5
104.5
122.5
53.5
92.5
199.0
137.5
148.0
106.0
149.5
146.5
125.5
70.0
88.0
145.0
113.5
26.5
139.0
161.5
149.5
221.5
223.0
188.5
191.5
92.5
233.5
122.5
175.0
181.0
112.0
193.0
35.5
100.0
173.5
76.0
152.5
122.5
158.5
200.5
205.0
28.0
113.5
211.0
37.0
77.5
92.5
125.5
196.0
155.5
161.5
155.5
163.0
221.5
169.0
82.0
152.5
62.5
140.5
188.5
208.0
64.0
151.0
91.0
161.5
127.0
148.0
68.5
40.0
61.0
169.0
178.0
212.5
176.5
134.5
221.5
116.5
193.0
185.5
50.5
161.5
71.5
58.0
169.0
211.0
50.5
25.0
170.5
14.5
140.5
157.0
181.0
220.0
193.0
160.0
188.5
16.0
59.5
170.5
182.5
173.5
194.5
179.5
199.0
166.0
163.0
211.0
128.5
106.0
85.0
169.0
38.5
139.0
94.0
109.0
53.5
175.0
61.0
151.0
35.5
40.0
40.0
122.5
196.0
157.0
110.5
166.0
214.0
160.0
19.0
154.0
197.5
206.5
230.5
184.0
163.0
181.0
76.0
70.0
166.0
61.0
172.0
101.5
143.5
152.5
37.0
98.5
104.5
22.0
146.5
25.0
187.0
206.5
136.0
107.5
185.5
217.0
146.5
122.5
188.5
34.0
169.0
95.5
218.5
232.0
64.0
151.0
148.0
34.0
199.0
191.5
80.5
82.0
140.5
193.0
178.0
112.0
142.0
179.5
35.5
152.5
76.0
169.0
82.0
100.0
118.0
211.0
166.0
197.5
173.5
61.0
143.5
112.0
91.0
74.5
50.5
190.0
160.0
175.0
140.5
58.0
46.0
202.0
142.0
46.0
14.5
167.5
65.5
190.0
203.5
70.0
170.5
92.5
206.5
46.0
88.0
56.5
179.5
182.5
161.5
128.5
151.0
154.0
107.5
41.5
194.5
16.0
52.0
151.0
44.5
119.5
215.5
28.0
163.0
214.0
187.0
149.5
175.0
74.5
17.5
175.0
143.5
175.0
176.5
56.5
131.5
179.5
106.0
199.0
166.0
130.0
119.5
167.5
56.5
137.5
40.0
152.5
158.5
124.0
92.5
67.0
140.5
31.0
167.5
128.5
193.0
85.0
131.5
100.0
130.0
50.5
113.5
217.0
122.5
178.0
77.5
41.5
185.5
149.5
19.0
230.5
143.5
98.5
58.0
146.5
164.5
130.0
79.0
182.5
188.5
91.0
127.0
142.0
158.5
101.5
158.5
151.0
221.5
155.5
202.0
217.0
26.5
32.5
164.5
169.0
157.0
41.5
163.0
154.0
94.0
145.0
143.5
223.0
160.0
211.0
185.5
124.0
191.5
205.0
32.5
158.5
145.0
94.0
67.0
212.5
106.0
185.5
71.5
152.5
115.0
209.5
184.0
97.0
101.5
137.5
56.5
53.5
184.0
166.0
140.5
121.0
23.5
176.5
58.0
158.5
40.0
191.5
199.0
32.5
193.0
29.5
203.5
62.5
79.0
8.5
140.5
97.0
115.0
152.5
34.0
190.0
71.5
68.5
133.0
115.0
229.0
185.5
185.5
98.5
163.0
52.0
47.5
56.5
182.5
202.0
191.5
94.0
112.0
211.0
187.0
193.0
184.0
121.0
130.0
197.5
211.0
167.5
124.0
128.5
46.0
164.5
199.0
227.5
112.0
106.0
143.5
163.0
100.0
94.0
16.0
29.5
53.5
181.0
187.0
149.5
152.5
179.5
145.0
151.0
98.5
134.5
28.0
85.0
145.0
94.0
80.5
13.0
100.0
77.5
95.5
44.5
106.0
95.5
137.5
181.0
206.5
58.0
74.5
145.0
184.0
211.0
190.0
185.5
94.0
64.0
23.5
118.0
220.0
172.0
208.0
34.0
215.5
95.5
56.5
187.0
202.0
149.5
217.0
35.5
149.5
53.5
11.5
187.0
190.0
97.0
185.5
212.5
121.0
190.0
52.0
58.0
140.5
91.0
184.0
13.0
182.5
67.0
149.5
47.5
166.0
139.0
142.0
80.5
82.0
200.5
160.0
157.0
49.0
176.5
50.5
97.0
38.5
50.5
103.0
182.5
197.5
209.5
184.0
73.0
176.5
167.5
169.0
152.5
137.5
194.5
110.5
131.5
31.0
160.0
10.0
76.0
89.5
43.0
119.5
206.5
217.0
77.5
193.0
44.5
176.5
176.5
133.0
211.0
49.0
83.5
55.0
208.0
125.5
178.0
80.5
146.5
61.0
187.0
203.5
37.0
191.5
80.5
65.5
82.0
134.5
124.0
149.5
146.5
62.5
50.5
182.5
205.0
199.0
187.0
190.0
79.0
113.5
196.0
134.5
146.5
118.0
155.5
196.0
104.5
113.5
145.0
47.5
211.0
32.5
109.0
176.5
214.0
221.5
211.0
160.0
197.5
167.5
127.0
44.5
190.0
65.5
181.0
206.5
22.0
107.5
191.5
191.5
43.0
76.0
62.5
43.0
176.5
188.5
190.0
97.0
82.0
185.5
185.5
80.5
229.0
148.0
194.5
140.5
149.5
205.0
65.5
109.0
95.5
190.0
188.5
62.5
170.5
158.5
188.5
151.0
128.5
88.0
167.5
152.5
106.0
205.0
134.5
164.5
23.5
121.0
170.5
197.5
158.5
160.0
35.5
164.5
133.0
203.5
194.5
95.5
127.0
199.0
46.0
56.5
101.5
169.0
145.0
178.0
35.5
167.5
65.5
31.0
145.0
104.5
205.0
152.5
92.5
56.5
182.5
142.0
106.0
155.5
40.0
37.0
229.0
44.5
169.0
218.5
143.5
185.5
136.0
37.0
146.5
70.0
173.5
28.0
83.5
160.0
196.0
64.0
119.5
131.5
70.0
232.0
136.0
193.0
160.0
158.5
55.0
179.5
118.0
191.5
86.5
124.0
223.0
119.5
202.0
79.0
116.5
187.0
157.0
46.0
146.5
211.0
62.5
143.5
205.0
196.0
140.5
80.5
157.0
167.5
158.5
202.0
134.5
208.0
31.0
92.5
140.5
52.0
181.0
223.0
184.0
100.0
85.0
74.5
91.0
194.5
119.5
125.5
196.0
136.0
161.5
215.5
91.0
119.5
121.0
71.5
106.0
38.5
43.0
143.5
161.5
142.0
203.5
148.0
29.5
178.0
62.5
46.0
38.5
163.0
196.0
125.5
74.5
170.5
133.0
161.5
109.0
190.0
55.0
41.5
128.5
112.0
242.5
103.0
208.0
92.5
152.5
14.5
67.0
106.0
155.5
232.0
181.0
146.5
155.5
70.0
16.0
79.0
157.0
172.0
53.5
104.5
136.0
196.0
130.0
127.0
136.0
166.0
127.0
74.5
182.5
35.5
70.0
167.5
209.5
175.0
101.5
187.0
187.0
34.0
79.0
179.5
193.0
74.5
140.5
14.5
182.5
145.0
121.0
124.0
166.0
59.5
182.5
37.0
164.5
181.0
172.0
142.0
178.0
163.0
56.5
49.0
113.5
137.5
205.0
137.5
217.0
137.5
61.0
64.0
121.0
193.0
127.0
196.0
89.5
199.0
157.0
172.0
76.0
164.5
208.0
203.5
190.0
80.5
56.5
215.5
178.0
49.0
56.5
37.0
145.0
197.5
95.5
137.5
37.0
113.5
146.5
205.0
107.5
179.5
167.5
143.5
50.5
221.5
167.5
62.5
101.5
211.0
142.0
209.5
119.5
58.0
115.0
187.0
178.0
82.0
218.5
152.5
25.0
115.0
197.5
152.5
194.5
122.5
89.5
91.0
143.5
158.5
136.0
77.5
166.0
157.0
109.0
109.0
53.5
89.5
103.0
187.0
41.5
145.0
32.5
139.0
160.0
178.0
193.0
163.0
122.5
73.0
143.5
145.0
175.0
212.5
146.5
91.0
158.5
140.5
217.0
41.5
200.5
70.0
211.0
115.0
146.5
127.0
136.0
146.5
125.5
59.5
19.0
133.0
167.5
149.5
143.5
181.0
221.5
229.0
203.5
215.5
208.0
79.0
145.0
178.0
107.5
157.0
151.0
71.5
149.5
166.0
148.0
53.5
161.5
85.0
133.0
98.5
158.5
149.5
215.5
205.0
188.5
164.5
61.0
209.5
181.0
34.0
77.5
200.5
26.5
55.0
185.5
92.5
118.0
152.5
187.0
118.0
137.5
58.0
184.0
32.5
197.5
182.5
169.0
167.5
109.0
194.5
143.5
233.5
206.5
166.0
80.5
65.5
211.0
133.0
154.0
113.5
160.0
128.5
190.0
70.0
205.0
100.0
79.0
92.5
61.0
167.5
67.0
38.5
86.5
139.0
68.5
166.0
149.5
200.5
67.0
85.0
121.0
157.0
155.5
187.0
56.5
43.0
68.5
40.0
59.5
112.0
41.5
26.5
199.0
167.5
19.0
31.0
40.0
139.0
199.0
55.0
47.5
185.5
110.5
166.0
202.0
125.5
133.0
211.0
98.5
148.0
178.0
230.5
143.5
68.5
205.0
95.5
130.0
179.5
38.5
28.0
134.5
58.0
175.0
46.0
47.5
179.5
191.5
160.0
95.5
145.0
197.5
157.0
163.0
181.0
158.5
212.5
161.5
109.0
19.0
20.5
70.0
59.5
59.5
199.0
43.0
160.0
124.0
194.5
196.0
163.0
101.5
203.5
194.5
202.0
143.5
113.5
184.0
170.5
199.0
220.0
134.5
202.0
41.5
50.5
109.0
134.5
70.0
104.5
170.5
163.0
119.5
154.0
175.0
112.0
119.5
55.0
170.5
97.0
145.0
182.5
115.0
118.0
139.0
199.0
122.5
32.5
173.5
155.5
164.5
160.0
169.0
103.0
100.0
206.5
214.0
161.5
119.5
40.0
113.5
53.5
133.0
109.0
178.0
205.0
64.0
199.0
235.0
217.0
202.0
187.0
71.5
125.5
109.0
85.0
56.5
161.5
47.5
94.0
157.0
35.5
200.5
106.0
85.0
67.0
209.5
211.0
136.0
20.5
172.0
187.0
181.0
56.5
92.5
34.0
56.5
50.5
50.5
221.5
86.5
220.0
74.5
116.5
155.5
188.5
112.0
191.5
196.0
106.0
202.0
55.0
26.5
137.5
146.5
209.5
134.5
17.5
88.0
140.5
217.0
119.5
217.0
17.5
113.5
68.5
148.0
22.0
110.5
62.5
206.5
70.0
182.5
47.5
130.0
185.5
71.5
137.5
107.5
70.0
98.5
176.5
98.5
106.0
112.0
185.5
95.5
211.0
88.0
164.5
188.5
182.5
