101.5
44.5
94.0
41.5
44.5
49.0
58.0
40.0
71.5
43.0
62.5
11.5
140.5
44.5
62.5
46.0
88.0
145.0
43.0
121.0
58.0
19.0
49.0
49.0
41.5
26.5
49.0
29.5
148.0
71.5
17.5
146.5
8.5
43.0
101.5
106.0
137.5
46.0
145.0
25.0
20.5
86.5
38.5
100.0
125.5
55.0
37.0
122.5
59.5
86.5
41.5
143.5
44.5
74.5
2.5
20.5
71.5
70.0
11.5
67.0
41.5
37.0
16.0
98.5
28.0
17.5
20.5
71.5
106.0
50.5
67.0
16.0
43.0
65.5
13.0
115.0
77.5
31.0
19.0
98.5
73.0
91.0
14.5
61.0
68.5
20.5
67.0
47.5
8.5
140.5
143.5
11.5
82.0
19.0
58.0
109.0
28.0
172.0
100.0
62.5
22.0
20.5
79.0
52.0
163.0
38.5
61.0
22.0
148.0
17.5
13.0
68.5
40.0
32.5
56.5
25.0
23.5
76.0
41.5
88.0
110.5
56.5
26.5
59.5
163.0
116.5
74.5
46.0
73.0
89.5
143.5
80.5
95.5
50.5
31.0
67.0
88.0
22.0
44.5
82.0
101.5
23.5
50.5
40.0
11.5
37.0
68.5
79.0
20.5
31.0
86.5
34.0
4.0
112.0
101.5
106.0
116.5
167.5
71.5
65.5
76.0
133.0
86.5
86.5
16.0
77.5
28.0
44.5
31.0
20.5
116.5
109.0
38.5
58.0
50.5
47.5
38.5
95.5
59.5
23.5
61.0
91.0
128.5
64.0
49.0
29.5
109.0
202.0
52.0
34.0
46.0
73.0
41.5
113.5
91.0
17.5
28.0
50.5
175.0
86.5
70.0
23.5
25.0
38.5
64.0
65.5
23.5
77.5
38.5
14.5
128.5
50.5
19.0
62.5
118.0
112.0
38.5
47.5
104.5
28.0
73.0
131.5
23.5
46.0
52.0
58.0
82.0
34.0
103.0
20.5
77.5
28.0
50.5
55.0
34.0
26.5
85.0
137.5
101.5
46.0
70.0
34.0
20.5
26.5
46.0
7.0
46.0
52.0
16.0
176.5
34.0
62.5
89.5
71.5
143.5
58.0
34.0
61.0
46.0
37.0
2.5
35.5
83.5
13.0
50.5
98.5
29.5
136.0
59.5
26.5
43.0
119.5
92.5
8.5
65.5
58.0
35.5
103.0
53.5
53.5
106.0
31.0
115.0
59.5
31.0
76.0
37.0
61.0
53.5
68.5
55.0
77.5
53.5
143.5
49.0
119.5
41.5
46.0
23.5
107.5
113.5
50.5
17.5
8.5
49.0
67.0
32.5
49.0
37.0
70.0
119.5
101.5
14.5
41.5
59.5
110.5
125.5
50.5
110.5
82.0
83.5
62.5
40.0
148.0
151.0
139.0
13.0
80.5
29.5
28.0
34.0
34.0
89.5
47.5
71.5
107.5
67.0
85.0
43.0
82.0
70.0
145.0
28.0
68.5
16.0
59.5
13.0
56.5
103.0
172.0
44.5
67.0
58.0
40.0
56.5
40.0
25.0
62.5
58.0
70.0
175.0
56.5
52.0
40.0
92.5
34.0
32.5
74.5
92.5
47.5
20.5
91.0
127.0
115.0
79.0
110.5
107.5
125.5
40.0
37.0
38.5
110.5
74.5
64.0
79.0
53.5
115.0
71.5
58.0
64.0
83.5
97.0
164.5
20.5
2.5
148.0
10.0
82.0
20.5
17.5
136.0
26.5
34.0
100.0
52.0
71.5
77.5
26.5
17.5
55.0
92.5
19.0
10.0
25.0
61.0
23.5
158.5
124.0
55.0
88.0
31.0
101.5
65.5
61.0
47.5
31.0
109.0
28.0
97.0
139.0
161.5
77.5
101.5
88.0
101.5
143.5
100.0
28.0
113.5
34.0
16.0
94.0
101.5
46.0
29.5
22.0
41.5
4.0
149.5
88.0
31.0
35.5
44.5
20.5
62.5
142.0
22.0
41.5
107.5
55.0
64.0
50.5
71.5
52.0
61.0
115.0
86.5
35.5
136.0
118.0
70.0
109.0
82.0
52.0
134.5
92.5
85.0
44.5
65.5
88.0
109.0
71.5
76.0
103.0
17.5
92.5
128.5
95.5
68.5
104.5
118.0
19.0
40.0
65.5
38.5
73.0
49.0
77.5
56.5
64.0
10.0
115.0
98.5
140.5
41.5
82.0
29.5
62.5
121.0
185.5
112.0
73.0
70.0
20.5
35.5
20.5
110.5
49.0
28.0
65.5
31.0
77.5
76.0
35.5
73.0
94.0
59.5
32.5
46.0
35.5
49.0
185.5
85.0
43.0
131.5
52.0
41.5
143.5
52.0
19.0
55.0
14.5
13.0
40.0
82.0
103.0
97.0
2.5
52.0
86.5
106.0
104.5
109.0
79.0
55.0
25.0
128.5
43.0
73.0
97.0
94.0
52.0
119.5
49.0
38.5
35.5
38.5
41.5
58.0
137.5
35.5
73.0
88.0
55.0
17.5
58.0
46.0
11.5
77.5
32.5
113.5
41.5
79.0
23.5
49.0
97.0
40.0
67.0
8.5
26.5
173.5
38.5
53.5
86.5
20.5
11.5
46.0
44.5
115.0
7.0
41.5
14.5
37.0
107.5
23.5
32.5
56.5
110.5
40.0
53.5
44.5
68.5
13.0
56.5
44.5
34.0
65.5
70.0
65.5
19.0
41.5
154.0
55.0
64.0
26.5
46.0
46.0
44.5
26.5
107.5
8.5
80.5
62.5
43.0
71.5
32.5
29.5
116.5
46.0
83.5
47.5
52.0
64.0
70.0
97.0
92.5
28.0
25.0
61.0
20.5
37.0
104.5
31.0
16.0
10.0
94.0
19.0
142.0
56.5
61.0
113.5
56.5
38.5
55.0
58.0
44.5
13.0
40.0
43.0
53.5
17.5
112.0
94.0
121.0
91.0
140.5
116.5
16.0
95.5
142.0
79.0
61.0
80.5
37.0
101.5
35.5
122.5
34.0
86.5
46.0
160.0
89.5
62.5
65.5
16.0
10.0
19.0
95.5
32.5
55.0
82.0
22.0
13.0
17.5
68.5
106.0
34.0
38.5
64.0
55.0
119.5
88.0
56.5
56.5
34.0
38.5
37.0
98.5
47.5
19.0
37.0
35.5
44.5
44.5
94.0
101.5
65.5
29.5
92.5
25.0
101.5
64.0
79.0
101.5
53.5
29.5
55.0
77.5
71.5
74.5
53.5
14.5
43.0
41.5
56.5
22.0
40.0
38.5
64.0
95.5
86.5
34.0
44.5
65.5
35.5
35.5
53.5
44.5
26.5
50.5
160.0
37.0
25.0
41.5
35.5
34.0
55.0
32.5
22.0
38.5
7.0
68.5
62.5
41.5
163.0
43.0
103.0
40.0
34.0
106.0
59.5
73.0
106.0
77.5
143.5
67.0
47.5
32.5
97.0
26.5
44.5
92.5
32.5
92.5
58.0
40.0
47.5
113.5
25.0
43.0
8.5
41.5
56.5
41.5
83.5
7.0
47.5
113.5
62.5
58.0
19.0
34.0
40.0
128.5
41.5
26.5
59.5
14.5
97.0
53.5
50.5
53.5
58.0
67.0
28.0
119.5
49.0
47.5
52.0
22.0
131.5
14.5
101.5
73.0
8.5
95.5
11.5
38.5
26.5
71.5
59.5
40.0
122.5
104.5
47.5
133.0
50.5
37.0
98.5
83.5
64.0
14.5
11.5
77.5
91.0
46.0
1.0
28.0
74.5
62.5
64.0
59.5
10.0
49.0
73.0
82.0
22.0
35.5
46.0
88.0
49.0
22.0
55.0
68.5
91.0
34.0
23.5
65.5
50.5
67.0
95.5
119.5
11.5
88.0
79.0
13.0
31.0
173.5
49.0
13.0
49.0
56.5
50.5
130.0
112.0
94.0
25.0
85.0
167.5
107.5
67.0
65.5
103.0
133.0
59.5
29.5
82.0
37.0
142.0
145.0
76.0
71.5
23.5
91.0
157.0
25.0
53.5
122.5
89.5
55.0
53.5
71.5
88.0
50.5
112.0
62.5
82.0
106.0
65.5
53.5
20.5
43.0
31.0
131.5
31.0
10.0
14.5
29.5
50.5
19.0
124.0
17.5
25.0
46.0
67.0
125.5
40.0
71.5
83.5
53.5
104.5
145.0
148.0
92.5
56.5
4.0
67.0
43.0
43.0
151.0
44.5
155.5
64.0
64.0
32.5
107.5
29.5
31.0
169.0
8.5
142.0
38.5
53.5
16.0
20.5
47.5
131.5
29.5
28.0
62.5
73.0
130.0
44.5
31.0
68.5
44.5
29.5
47.5
29.5
122.5
79.0
92.5
31.0
41.5
19.0
53.5
95.5
79.0
100.0
122.5
133.0
137.5
40.0
116.5
8.5
55.0
37.0
31.0
112.0
64.0
100.0
106.0
43.0
104.5
40.0
29.5
43.0
61.0
154.0
70.0
22.0
23.5
23.5
116.5
8.5
20.5
59.5
67.0
95.5
68.5
25.0
16.0
28.0
43.0
38.5
68.5
67.0
50.5
68.5
28.0
49.0
40.0
85.0
44.5
55.0
106.0
73.0
53.5
149.5
43.0
34.0
61.0
32.5
71.5
158.5
37.0
23.5
25.0
71.5
46.0
83.5
26.5
91.0
17.5
118.0
61.0
59.5
58.0
71.5
25.0
178.0
71.5
41.5
59.5
38.5
50.5
100.0
71.5
113.5
55.0
29.5
110.5
47.5
19.0
13.0
2.5
49.0
74.5
127.0
73.0
52.0
110.5
155.5
14.5
47.5
62.5
187.0
40.0
100.0
70.0
17.5
136.0
23.5
35.5
5.5
62.5
88.0
122.5
80.5
112.0
194.5
44.5
19.0
28.0
20.5
58.0
22.0
46.0
104.5
109.0
44.5
193.0
80.5
65.5
82.0
101.5
52.0
109.0
11.5
136.0
38.5
28.0
110.5
35.5
95.5
115.0
85.0
2.5
22.0
71.5
62.5
113.5
26.5
16.0
77.5
25.0
50.5
10.0
47.5
20.5
74.5
70.0
29.5
47.5
112.0
56.5
143.5
26.5
41.5
16.0
10.0
53.5
47.5
181.0
28.0
68.5
55.0
59.5
68.5
67.0
65.5
71.5
32.5
44.5
59.5
76.0
53.5
137.5
73.0
19.0
119.5
16.0
106.0
38.5
34.0
8.5
29.5
43.0
100.0
119.5
80.5
89.5
97.0
83.5
65.5
77.5
178.0
97.0
59.5
62.5
94.0
38.5
53.5
35.5
41.5
29.5
49.0
89.5
56.5
88.0
97.0
31.0
52.0
47.5
127.0
8.5
44.5
77.5
7.0
8.5
23.5
71.5
55.0
56.5
38.5
52.0
47.5
25.0
44.5
110.5
76.0
32.5
70.0
10.0
62.5
26.5
181.0
64.0
34.0
52.0
22.0
31.0
17.5
83.5
134.5
50.5
61.0
100.0
47.5
101.5
112.0
13.0
98.5
73.0
112.0
23.5
49.0
44.5
32.5
82.0
107.5
155.5
10.0
97.0
73.0
53.5
97.0
134.5
175.0
46.0
104.5
86.5
83.5
56.5
40.0
119.5
56.5
70.0
26.5
22.0
74.5
70.0
73.0
55.0
43.0
40.0
16.0
82.0
113.5
59.5
17.5
37.0
148.0
28.0
31.0
59.5
25.0
95.5
35.5
37.0
190.0
35.5
89.5
11.5
40.0
13.0
76.0
58.0
110.5
86.5
155.5
46.0
34.0
44.5
79.0
26.5
35.5
10.0
62.5
28.0
31.0
98.5
119.5
100.0
65.5
61.0
77.5
50.5
77.5
32.5
22.0
62.5
37.0
16.0
107.5
104.5
154.0
70.0
22.0
56.5
62.5
28.0
13.0
26.5
44.5
46.0
23.5
28.0
136.0
37.0
29.5
17.5
34.0
40.0
52.0
41.5
104.5
35.5
46.0
70.0
85.0
43.0
10.0
113.5
49.0
22.0
95.5
119.5
101.5
46.0
17.5
148.0
55.0
118.0
80.5
149.5
46.0
37.0
29.5
40.0
8.5
145.0
31.0
92.5
127.0
122.5
37.0
52.0
80.5
64.0
25.0
44.5
74.5
116.5
26.5
110.5
53.5
80.5
61.0
37.0
68.5
127.0
44.5
50.5
62.5
71.5
71.5
119.5
70.0
109.0
82.0
59.5
94.0
28.0
47.5
88.0
62.5
35.5
131.5
97.0
70.0
65.5
23.5
4.0
166.0
25.0
32.5
53.5
103.0
11.5
5.5
41.5
43.0
68.5
14.5
91.0
124.0
73.0
19.0
50.5
68.5
106.0
64.0
26.5
31.0
41.5
106.0
26.5
22.0
131.5
46.0
38.5
34.0
17.5
53.5
139.0
35.5
52.0
113.5
64.0
92.5
46.0
118.0
50.5
98.5
34.0
58.0
31.0
11.5
62.5
56.5
67.0
26.5
88.0
58.0
115.0
52.0
65.5
85.0
50.5
22.0
56.5
40.0
88.0
70.0
76.0
52.0
38.5
76.0
53.5
52.0
34.0
46.0
43.0
28.0
62.5
46.0
20.5
35.5
55.0
131.5
85.0
34.0
56.5
40.0
59.5
178.0
169.0
94.0
50.5
37.0
74.5
86.5
5.5
31.0
52.0
146.5
56.5
97.0
118.0
61.0
109.0
80.5
107.5
22.0
115.0
74.5
73.0
44.5
68.5
56.5
71.5
77.5
142.0
23.5
88.0
83.5
26.5
113.5
26.5
67.0
88.0
127.0
56.5
94.0
71.5
77.5
106.0
46.0
55.0
59.5
127.0
37.0
41.5
104.5
19.0
38.5
37.0
37.0
55.0
31.0
82.0
83.5
77.5
23.5
20.5
41.5
91.0
91.0
115.0
44.5
101.5
70.0
35.5
116.5
50.5
58.0
73.0
67.0
44.5
35.5
23.5
29.5
80.5
73.0
35.5
95.5
83.5
152.5
46.0
131.5
80.5
50.5
35.5
59.5
19.0
25.0
25.0
65.5
56.5
65.5
49.0
92.5
103.0
77.5
94.0
44.5
38.5
107.5
98.5
44.5
82.0
77.5
62.5
95.5
40.0
86.5
112.0
76.0
26.5
137.5
40.0
31.0
41.5
52.0
65.5
26.5
188.5
28.0
44.5
107.5
71.5
158.5
118.0
79.0
50.5
124.0
110.5
29.5
37.0
100.0
104.5
98.5
55.0
68.5
41.5
49.0
31.0
47.5
26.5
25.0
19.0
107.5
62.5
116.5
53.5
28.0
79.0
46.0
121.0
143.5
55.0
112.0
68.5
76.0
44.5
109.0
53.5
119.5
50.5
38.5
121.0
92.5
65.5
59.5
91.0
53.5
34.0
23.5
85.0
62.5
47.5
100.0
49.0
92.5
29.5
29.5
85.0
61.0
124.0
115.0
89.5
14.5
55.0
44.5
47.5
56.5
64.0
79.0
43.0
68.5
52.0
25.0
107.5
145.0
47.5
71.5
34.0
37.0
31.0
22.0
20.5
91.0
32.5
35.5
79.0
59.5
76.0
50.5
25.0
25.0
41.5
98.5
35.5
167.5
47.5
68.5
79.0
73.0
25.0
47.5
110.5
59.5
46.0
44.5
76.0
62.5
67.0
5.5
16.0
40.0
91.0
76.0
16.0
31.0
47.5
92.5
74.5
52.0
91.0
29.5
134.5
32.5
91.0
41.5
46.0
23.5
85.0
17.5
182.5
40.0
74.5
53.5
155.5
32.5
64.0
43.0
115.0
25.0
139.0
26.5
61.0
47.5
71.5
134.5
122.5
55.0
134.5
47.5
97.0
62.5
28.0
16.0
56.5
44.5
62.5
74.5
34.0
88.0
40.0
49.0
46.0
5.5
94.0
178.0
28.0
26.5
2.5
103.0
127.0
92.5
149.5
29.5
94.0
50.5
82.0
122.5
50.5
10.0
17.5
52.0
103.0
154.0
34.0
82.0
56.5
29.5
67.0
38.5
34.0
134.5
11.5
50.5
74.5
34.0
62.5
133.0
49.0
50.5
112.0
70.0
73.0
68.5
62.5
86.5
107.5
131.5
34.0
101.5
31.0
61.0
122.5
110.5
46.0
56.5
32.5
152.5
85.0
32.5
58.0
85.0
41.5
71.5
85.0
104.5
50.5
26.5
68.5
109.0
121.0
61.0
17.5
8.5
44.5
38.5
91.0
56.5
131.5
20.5
61.0
77.5
103.0
19.0
20.5
37.0
32.5
49.0
37.0
71.5
32.5
77.5
34.0
19.0
4.0
71.5
109.0
112.0
110.5
58.0
53.5
47.5
20.5
70.0
107.5
152.5
19.0
55.0
151.0
73.0
17.5
77.5
77.5
68.5
16.0
47.5
155.5
32.5
121.0
31.0
74.5
58.0
23.5
13.0
52.0
41.5
49.0
10.0
68.5
44.5
38.5
47.5
37.0
100.0
43.0
38.5
41.5
97.0
34.0
41.5
26.5
92.5
101.5
16.0
65.5
50.5
25.0
128.5
95.5
26.5
152.5
107.5
37.0
37.0
55.0
125.5
25.0
37.0
64.0
169.0
41.5
52.0
11.5
92.5
28.0
20.5
38.5
89.5
32.5
50.5
92.5
65.5
49.0
17.5
32.5
43.0
101.5
34.0
80.5
17.5
70.0
92.5
73.0
191.5
67.0
77.5
106.0
19.0
148.0
59.5
53.5
22.0
20.5
34.0
70.0
59.5
83.5
107.5
146.5
28.0
74.5
97.0
29.5
82.0
61.0
94.0
43.0
59.5
130.0
43.0
37.0
29.5
148.0
37.0
62.5
113.5
8.5
89.5
83.5
46.0
16.0
133.0
70.0
112.0
44.5
26.5
37.0
20.5
47.5
50.5
80.5
22.0
5.5
76.0
76.0
59.5
13.0
29.5
191.5
59.5
23.5
41.5
38.5
46.0
62.5
88.0
5.5
40.0
77.5
25.0
85.0
31.0
26.5
137.5
121.0
47.5
151.0
41.5
158.5
43.0
23.5
68.5
98.5
68.5
166.0
163.0
31.0
73.0
31.0
142.0
34.0
52.0
77.5
65.5
20.5
41.5
152.5
71.5
91.0
40.0
35.5
73.0
80.5
104.5
46.0
76.0
80.5
79.0
149.5
100.0
124.0
32.5
146.5
28.0
26.5
166.0
100.0
20.5
161.5
86.5
115.0
62.5
101.5
44.5
53.5
61.0
56.5
77.5
157.0
29.5
80.5
17.5
43.0
35.5
196.0
160.0
52.0
61.0
19.0
38.5
92.5
77.5
19.0
44.5
41.5
104.5
59.5
7.0
80.5
34.0
68.5
110.5
59.5
35.5
50.5
104.5
34.0
88.0
71.5
32.5
62.5
64.0
128.5
35.5
179.5
76.0
50.5
73.0
85.0
178.0
73.0
178.0
71.5
107.5
70.0
112.0
41.5
11.5
38.5
53.5
194.5
127.0
103.0
53.5
52.0
85.0
55.0
68.5
43.0
56.5
26.5
65.5
55.0
49.0
38.5
68.5
26.5
151.0
112.0
25.0
34.0
64.0
46.0
161.5
101.5
44.5
34.0
92.5
140.5
83.5
13.0
65.5
28.0
112.0
53.5
19.0
70.0
98.5
22.0
29.5
67.0
29.5
52.0
38.5
82.0
56.5
92.5
88.0
34.0
53.5
92.5
20.5
88.0
71.5
121.0
62.5
38.5
49.0
38.5
13.0
98.5
146.5
35.5
70.0
67.0
34.0
154.0
52.0
79.0
94.0
61.0
53.5
23.5
104.5
77.5
22.0
22.0
107.5
56.5
83.5
55.0
10.0
46.0
32.5
106.0
73.0
74.5
167.5
56.5
28.0
121.0
64.0
35.5
55.0
29.5
59.5
20.5
32.5
34.0
50.5
130.0
25.0
55.0
53.5
44.5
40.0
139.0
23.5
46.0
121.0
35.5
58.0
152.5
97.0
70.0
92.5
13.0
16.0
176.5
28.0
61.0
29.5
68.5
56.5
88.0
44.5
118.0
44.5
73.0
70.0
50.5
97.0
49.0
86.5
107.5
109.0
32.5
67.0
32.5
58.0
55.0
25.0
89.5
64.0
64.0
70.0
97.0
32.5
55.0
29.5
77.5
44.5
127.0
43.0
80.5
43.0
128.5
97.0
136.0
50.5
58.0
19.0
17.5
59.5
61.0
169.0
28.0
85.0
73.0
29.5
91.0
40.0
71.5
167.5
23.5
32.5
80.5
52.0
55.0
26.5
76.0
73.0
101.5
40.0
79.0
68.5
61.0
62.5
11.5
26.5
86.5
146.5
10.0
47.5
65.5
88.0
47.5
20.5
5.5
82.0
16.0
140.5
98.5
19.0
29.5
11.5
94.0
28.0
52.0
77.5
61.0
82.0
74.5
23.5
32.5
55.0
110.5
62.5
16.0
23.5
131.5
17.5
67.0
26.5
31.0
37.0
40.0
62.5
50.5
46.0
23.5
98.5
140.5
89.5
112.0
101.5
55.0
52.0
97.0
58.0
80.5
29.5
23.5
67.0
116.5
85.0
94.0
73.0
29.5
32.5
35.5
35.5
76.0
58.0
46.0
80.5
25.0
82.0
32.5
29.5
55.0
22.0
52.0
118.0
95.5
128.5
80.5
85.0
52.0
107.5
52.0
26.5
158.5
106.0
74.5
11.5
134.5
122.5
170.5
34.0
5.5
127.0
115.0
58.0
41.5
50.5
38.5
29.5
32.5
107.5
29.5
53.5
88.0
47.5
32.5
152.5
26.5
20.5
49.0
35.5
74.5
154.0
19.0
65.5
19.0
32.5
44.5
79.0
23.5
20.5
142.0
11.5
46.0
23.5
40.0
92.5
49.0
71.5
142.0
32.5
14.5
10.0
31.0
124.0
53.5
124.0
73.0
34.0
160.0
95.5
88.0
59.5
22.0
35.5
98.5
44.5
28.0
124.0
167.5
157.0
86.5
74.5
170.5
83.5
52.0
2.5
82.0
196.0
79.0
67.0
88.0
58.0
19.0
13.0
55.0
79.0
98.5
22.0
35.5
28.0
94.0
49.0
109.0
71.5
19.0
11.5
44.5
50.5
68.5
116.5
40.0
43.0
59.5
52.0
131.5
77.5
148.0
40.0
53.5
8.5
92.5
70.0
58.0
56.5
50.5
58.0
89.5
65.5
62.5
61.0
70.0
68.5
50.5
25.0
61.0
29.5
56.5
131.5
82.0
62.5
61.0
11.5
92.5
143.5
77.5
64.0
38.5
146.5
83.5
77.5
22.0
50.5
40.0
136.0
124.0
23.5
29.5
136.0
101.5
49.0
52.0
71.5
22.0
89.5
55.0
77.5
14.5
116.5
26.5
64.0
47.5
26.5
59.5
52.0
118.0
91.0
38.5
11.5
19.0
88.0
28.0
26.5
91.0
107.5
115.0
53.5
61.0
104.5
46.0
49.0
82.0
73.0
31.0
65.5
41.5
100.0
13.0
86.5
130.0
67.0
196.0
77.5
61.0
71.5
157.0
154.0
143.5
119.5
76.0
22.0
179.5
59.5
89.5
56.5
31.0
124.0
89.5
28.0
148.0
116.5
35.5
109.0
43.0
65.5
52.0
166.0
13.0
110.5
118.0
58.0
17.5
38.5
62.5
134.5
83.5
125.5
49.0
62.5
119.5
70.0
77.5
86.5
59.5
70.0
88.0
62.5
109.0
35.5
14.5
37.0
22.0
80.5
64.0
67.0
74.5
40.0
61.0
121.0
80.5
71.5
41.5
49.0
86.5
58.0
91.0
26.5
50.5
131.5
62.5
65.5
74.5
68.5
47.5
10.0
50.5
70.0
26.5
58.0
83.5
55.0
73.0
47.5
68.5
125.5
61.0
47.5
37.0
196.0
50.5
46.0
74.5
40.0
32.5
58.0
101.5
29.5
55.0
71.5
70.0
16.0
92.5
41.5
52.0
56.5
173.5
88.0
76.0
32.5
80.5
115.0
92.5
86.5
58.0
115.0
98.5
74.5
82.0
46.0
64.0
52.0
32.5
41.5
55.0
58.0
94.0
103.0
4.0
67.0
34.0
52.0
65.5
71.5
91.0
65.5
82.0
74.5
59.5
29.5
34.0
109.0
113.5
106.0
52.0
145.0
41.5
79.0
29.5
140.5
23.5
29.5
133.0
85.0
98.5
31.0
59.5
26.5
97.0
7.0
115.0
82.0
31.0
64.0
94.0
56.5
109.0
92.5
17.5
19.0
116.5
19.0
34.0
83.5
71.5
52.0
110.5
136.0
133.0
82.0
74.5
47.5
163.0
88.0
100.0
10.0
86.5
41.5
47.5
74.5
103.0
52.0
58.0
34.0
106.0
19.0
97.0
13.0
50.5
46.0
47.5
40.0
79.0
76.0
35.5
97.0
55.0
11.5
118.0
49.0
109.0
40.0
124.0
37.0
41.5
61.0
68.5
55.0
53.5
34.0
49.0
134.5
4.0
58.0
152.5
43.0
58.0
32.5
91.0
47.5
32.5
28.0
113.5
11.5
68.5
98.5
143.5
50.5
71.5
20.5
38.5
146.5
92.5
97.0
19.0
71.5
58.0
56.5
37.0
109.0
53.5
56.5
50.5
79.0
82.0
43.0
67.0
71.5
19.0
38.5
82.0
55.0
50.5
34.0
76.0
131.5
62.5
20.5
38.5
68.5
28.0
91.0
32.5
56.5
59.5
74.5
16.0
53.5
76.0
38.5
29.5
103.0
23.5
29.5
38.5
52.0
14.5
38.5
112.0
40.0
178.0
43.0
115.0
52.0
92.5
101.5
40.0
61.0
8.5
73.0
161.5
71.5
103.0
101.5
88.0
11.5
61.0
8.5
35.5
178.0
73.0
170.5
95.5
94.0
65.5
2.5
22.0
40.0
118.0
40.0
64.0
34.0
61.0
35.5
20.5
37.0
62.5
16.0
17.5
97.0
28.0
109.0
112.0
49.0
19.0
62.5
70.0
29.5
173.5
56.5
40.0
50.5
44.5
31.0
91.0
44.5
65.5
2.5
217.0
92.5
40.0
61.0
25.0
13.0
47.5
88.0
85.0
49.0
124.0
20.5
83.5
83.5
52.0
85.0
61.0
19.0
80.5
64.0
113.5
91.0
26.5
139.0
62.5
49.0
119.5
64.0
116.5
53.5
47.5
74.5
34.0
56.5
55.0
16.0
109.0
38.5
130.0
44.5
50.5
53.5
101.5
32.5
31.0
79.0
107.5
70.0
41.5
38.5
61.0
50.5
32.5
80.5
52.0
109.0
76.0
46.0
49.0
50.5
146.5
134.5
41.5
58.0
56.5
22.0
25.0
85.0
95.5
97.0
88.0
65.5
17.5
71.5
47.5
49.0
100.0
58.0
112.0
89.5
28.0
41.5
23.5
38.5
19.0
133.0
20.5
89.5
37.0
14.5
160.0
146.5
31.0
7.0
35.5
32.5
122.5
91.0
82.0
101.5
115.0
70.0
83.5
98.5
86.5
40.0
41.5
61.0
55.0
106.0
32.5
58.0
119.5
74.5
199.0
49.0
37.0
25.0
130.0
19.0
79.0
53.5
106.0
56.5
68.5
101.5
40.0
38.5
130.0
40.0
14.5
13.0
65.5
55.0
82.0
16.0
14.5
10.0
65.5
43.0
56.5
91.0
64.0
49.0
52.0
67.0
53.5
23.5
119.5
104.5
61.0
31.0
13.0
34.0
7.0
76.0
17.5
38.5
37.0
13.0
20.5
47.5
127.0
65.5
28.0
68.5
53.5
43.0
52.0
53.5
77.5
86.5
155.5
91.0
103.0
53.5
136.0
68.5
113.5
71.5
67.0
43.0
88.0
50.5
56.5
91.0
46.0
68.5
43.0
11.5
79.0
71.5
64.0
49.0
109.0
145.0
23.5
31.0
11.5
127.0
46.0
20.5
49.0
16.0
67.0
50.5
22.0
31.0
31.0
44.5
32.5
64.0
49.0
16.0
38.5
86.5
74.5
61.0
31.0
40.0
34.0
115.0
92.5
56.5
22.0
58.0
97.0
131.5
52.0
25.0
55.0
28.0
26.5
47.5
58.0
20.5
58.0
19.0
70.0
59.5
98.5
29.5
44.5
19.0
55.0
47.5
38.5
35.5
95.5
53.5
59.5
52.0
47.5
40.0
26.5
44.5
148.0
32.5
41.5
65.5
68.5
79.0
44.5
44.5
58.0
28.0
29.5
88.0
122.5
76.0
46.0
19.0
128.5
50.5
67.0
68.5
97.0
106.0
8.5
106.0
115.0
37.0
86.5
151.0
74.5
49.0
86.5
44.5
100.0
128.5
58.0
25.0
64.0
64.0
38.5
52.0
14.5
88.0
8.5
40.0
53.5
58.0
25.0
94.0
55.0
11.5
47.5
62.5
20.5
32.5
98.5
92.5
134.5
13.0
26.5
70.0
37.0
52.0
115.0
7.0
62.5
38.5
7.0
50.5
8.5
95.5
41.5
157.0
92.5
61.0
53.5
106.0
41.5
50.5
46.0
73.0
19.0
94.0
64.0
61.0
28.0
67.0
29.5
28.0
71.5
35.5
103.0
25.0
118.0
13.0
49.0
44.5
29.5
128.5
26.5
95.5
94.0
91.0
71.5
130.0
82.0
2.5
43.0
151.0
122.5
85.0
70.0
50.5
47.5
67.0
130.0
163.0
113.5
73.0
151.0
44.5
95.5
61.0
25.0
43.0
7.0
23.5
50.5
32.5
74.5
91.0
59.5
82.0
85.0
80.5
65.5
59.5
71.5
52.0
23.5
131.5
37.0
109.0
80.5
86.5
53.5
50.5
37.0
56.5
67.0
32.5
98.5
46.0
19.0
32.5
95.5
28.0
112.0
32.5
10.0
64.0
43.0
100.0
155.5
20.5
92.5
20.5
56.5
8.5
184.0
23.5
23.5
85.0
34.0
37.0
29.5
7.0
55.0
91.0
52.0
83.5
46.0
157.0
40.0
68.5
86.5
169.0
47.5
88.0
38.5
44.5
74.5
85.0
41.5
104.5
31.0
74.5
103.0
17.5
73.0
74.5
29.5
47.5
103.0
46.0
130.0
88.0
17.5
37.0
50.5
58.0
40.0
37.0
47.5
67.0
14.5
64.0
23.5
23.5
50.5
50.5
23.5
16.0
119.5
56.5
40.0
55.0
26.5
91.0
38.5
28.0
89.5
23.5
88.0
44.5
79.0
64.0
101.5
58.0
77.5
76.0
101.5
19.0
67.0
43.0
38.5
64.0
67.0
25.0
71.5
127.0
35.5
98.5
70.0
89.5
34.0
14.5
19.0
92.5
43.0
112.0
103.0
37.0
49.0
49.0
101.5
46.0
31.0
89.5
107.5
82.0
44.5
74.5
140.5
79.0
52.0
130.0
107.5
73.0
82.0
83.5
85.0
34.0
83.5
17.5
70.0
53.5
125.5
92.5
121.0
82.0
35.5
22.0
122.5
86.5
158.5
170.5
67.0
19.0
109.0
44.5
118.0
76.0
10.0
191.5
41.5
40.0
17.5
136.0
157.0
53.5
59.5
46.0
49.0
32.5
34.0
50.5
25.0
4.0
77.5
83.5
19.0
5.5
55.0
83.5
62.5
98.5
38.5
34.0
49.0
43.0
88.0
58.0
55.0
28.0
38.5
17.5
106.0
67.0
110.5
5.5
34.0
67.0
47.5
68.5
35.5
16.0
43.0
23.5
7.0
26.5
29.5
56.5
37.0
43.0
77.5
35.5
50.5
29.5
143.5
23.5
25.0
122.5
82.0
49.0
67.0
26.5
43.0
55.0
85.0
22.0
112.0
164.5
61.0
85.0
79.0
82.0
44.5
52.0
73.0
88.0
52.0
35.5
148.0
38.5
50.5
53.5
5.5
92.5
80.5
50.5
19.0
34.0
58.0
47.5
83.5
139.0
35.5
14.5
122.5
83.5
83.5
35.5
43.0
94.0
77.5
85.0
58.0
104.5
4.0
25.0
101.5
17.5
86.5
122.5
58.0
41.5
40.0
55.0
32.5
62.5
76.0
115.0
28.0
116.5
52.0
68.5
119.5
38.5
29.5
106.0
110.5
104.5
58.0
146.5
50.5
71.5
83.5
76.0
70.0
137.5
71.5
41.5
44.5
113.5
65.5
40.0
101.5
118.0
46.0
43.0
158.5
65.5
112.0
61.0
37.0
14.5
151.0
49.0
47.5
25.0
22.0
29.5
22.0
79.0
85.0
62.5
37.0
86.5
70.0
56.5
40.0
163.0
121.0
56.5
46.0
94.0
20.5
85.0
29.5
80.5
121.0
85.0
50.5
64.0
103.0
94.0
25.0
52.0
130.0
98.5
22.0
46.0
47.5
103.0
22.0
38.5
22.0
16.0
86.5
23.5
20.5
68.5
92.5
97.0
19.0
43.0
79.0
14.5
53.5
80.5
61.0
112.0
173.5
31.0
77.5
133.0
118.0
8.5
19.0
97.0
103.0
11.5
64.0
110.5
28.0
16.0
62.5
28.0
31.0
82.0
101.5
35.5
23.5
88.0
143.5
106.0
133.0
85.0
11.5
50.5
100.0
47.5
38.5
22.0
85.0
22.0
95.5
91.0
40.0
61.0
29.5
64.0
14.5
79.0
67.0
10.0
8.5
28.0
35.5
19.0
34.0
155.5
74.5
7.0
41.5
77.5
79.0
74.5
7.0
14.5
79.0
65.5
86.5
25.0
38.5
73.0
32.5
103.0
25.0
41.5
43.0
41.5
44.5
46.0
70.0
25.0
34.0
83.5
94.0
74.5
65.5
95.5
56.5
34.0
20.5
28.0
118.0
77.5
67.0
32.5
140.5
50.5
20.5
8.5
199.0
76.0
82.0
79.0
59.5
31.0
131.5
17.5
41.5
46.0
41.5
103.0
62.5
25.0
65.5
71.5
131.5
98.5
14.5
70.0
67.0
32.5
128.5
61.0
26.5
19.0
23.5
119.5
41.5
50.5
145.0
55.0
89.5
20.5
43.0
58.0
52.0
22.0
71.5
85.0
110.5
14.5
10.0
34.0
70.0
89.5
64.0
11.5
23.5
32.5
154.0
31.0
32.5
95.5
59.5
85.0
88.0
11.5
53.5
31.0
52.0
149.5
106.0
37.0
62.5
31.0
13.0
29.5
26.5
32.5
110.5
77.5
148.0
95.5
34.0
20.5
71.5
116.5
44.5
148.0
98.5
74.5
131.5
73.0
50.5
154.0
65.5
2.5
139.0
166.0
59.5
100.0
47.5
98.5
76.0
85.0
83.5
56.5
115.0
53.5
88.0
73.0
34.0
20.5
89.5
59.5
80.5
73.0
85.0
49.0
14.5
134.5
92.5
26.5
80.5
1.0
58.0
65.5
61.0
70.0
101.5
58.0
128.5
110.5
146.5
50.5
55.0
53.5
56.5
104.5
19.0
52.0
62.5
85.0
67.0
20.5
58.0
32.5
59.5
37.0
43.0
49.0
137.5
28.0
125.5
94.0
38.5
77.5
32.5
107.5
2.5
16.0
68.5
151.0
86.5
136.0
10.0
71.5
19.0
59.5
89.5
65.5
47.5
56.5
40.0
43.0
56.5
40.0
11.5
86.5
26.5
74.5
26.5
116.5
43.0
17.5
79.0
44.5
119.5
103.0
23.5
73.0
22.0
52.0
40.0
80.5
31.0
41.5
124.0
82.0
17.5
8.5
65.5
107.5
110.5
91.0
67.0
85.0
34.0
52.0
53.5
47.5
76.0
8.5
70.0
76.0
52.0
49.0
19.0
73.0
103.0
74.5
20.5
68.5
61.0
41.5
73.0
80.5
85.0
37.0
25.0
40.0
115.0
34.0
97.0
59.5
46.0
26.5
31.0
20.5
65.5
38.5
52.0
76.0
128.5
40.0
28.0
43.0
68.5
38.5
76.0
52.0
49.0
44.5
76.0
74.5
56.5
43.0
85.0
76.0
59.5
88.0
22.0
121.0
19.0
19.0
56.5
20.5
62.5
86.5
68.5
100.0
38.5
26.5
133.0
43.0
55.0
26.5
20.5
104.5
41.5
118.0
47.5
38.5
100.0
34.0
5.5
47.5
47.5
40.0
35.5
146.5
85.0
62.5
130.0
142.0
25.0
4.0
29.5
89.5
98.5
17.5
58.0
46.0
128.5
23.5
14.5
89.5
26.5
74.5
4.0
65.5
52.0
40.0
58.0
44.5
113.5
86.5
17.5
79.0
97.0
59.5
31.0
46.0
61.0
107.5
26.5
49.0
128.5
127.0
16.0
80.5
35.5
92.5
38.5
65.5
50.5
26.5
25.0
17.5
70.0
62.5
71.5
76.0
88.0
44.5
113.5
97.0
38.5
61.0
26.5
76.0
109.0
55.0
61.0
37.0
11.5
40.0
68.5
53.5
38.5
142.0
82.0
46.0
62.5
26.5
41.5
50.5
10.0
110.5
29.5
19.0
112.0
62.5
29.5
44.5
62.5
52.0
47.5
49.0
40.0
74.5
53.5
46.0
50.5
100.0
65.5
85.0
82.0
83.5
101.5
103.0
59.5
74.5
79.0
53.5
89.5
8.5
28.0
31.0
41.5
23.5
28.0
62.5
17.5
85.0
10.0
28.0
112.0
50.5
133.0
106.0
122.5
38.5
74.5
49.0
7.0
131.5
65.5
89.5
55.0
145.0
38.5
28.0
41.5
61.0
38.5
83.5
137.5
103.0
23.5
34.0
29.5
145.0
35.5
68.5
82.0
4.0
131.5
44.5
53.5
11.5
164.5
55.0
94.0
23.5
47.5
20.5
41.5
59.5
65.5
23.5
59.5
29.5
86.5
157.0
50.5
53.5
17.5
35.5
61.0
37.0
71.5
56.5
19.0
86.5
44.5
28.0
20.5
91.0
59.5
83.5
47.5
59.5
59.5
1.0
64.0
79.0
59.5
47.5
113.5
91.0
71.5
26.5
133.0
49.0
47.5
40.0
169.0
131.5
46.0
29.5
115.0
85.0
104.5
22.0
41.5
95.5
50.5
46.0
8.5
70.0
23.5
13.0
67.0
73.0
37.0
5.5
112.0
82.0
7.0
50.5
13.0
55.0
71.5
14.5
22.0
16.0
148.0
167.5
82.0
74.5
92.5
65.5
32.5
109.0
8.5
29.5
50.5
68.5
121.0
67.0
140.5
107.5
74.5
95.5
80.5
127.0
47.5
151.0
61.0
58.0
19.0
76.0
71.5
35.5
77.5
25.0
110.5
41.5
106.0
88.0
95.5
65.5
149.5
65.5
14.5
67.0
80.5
10.0
73.0
80.5
110.5
70.0
124.0
106.0
59.5
97.0
53.5
10.0
92.5
83.5
124.0
11.5
104.5
124.0
137.5
28.0
34.0
32.5
115.0
136.0
31.0
89.5
98.5
52.0
73.0
140.5
91.0
77.5
62.5
38.5
43.0
41.5
11.5
97.0
65.5
59.5
16.0
122.5
104.5
16.0
101.5
32.5
11.5
8.5
100.0
88.0
13.0
62.5
86.5
67.0
145.0
86.5
61.0
29.5
47.5
16.0
95.5
26.5
74.5
85.0
56.5
5.5
29.5
59.5
64.0
71.5
46.0
29.5
77.5
58.0
67.0
107.5
55.0
25.0
47.5
31.0
23.5
29.5
122.5
28.0
37.0
40.0
35.5
56.5
28.0
91.0
34.0
32.5
35.5
13.0
8.5
143.5
115.0
58.0
136.0
20.5
76.0
73.0
10.0
32.5
149.5
80.5
151.0
73.0
124.0
88.0
34.0
113.5
83.5
77.5
85.0
47.5
65.5
67.0
86.5
20.5
43.0
49.0
8.5
28.0
74.5
128.5
47.5
41.5
85.0
55.0
49.0
43.0
20.5
59.5
64.0
70.0
32.5
170.5
29.5
47.5
109.0
34.0
152.5
53.5
98.5
116.5
118.0
118.0
32.5
133.0
101.5
49.0
79.0
89.5
82.0
37.0
62.5
164.5
26.5
7.0
8.5
139.0
49.0
25.0
82.0
130.0
128.5
104.5
37.0
68.5
32.5
11.5
34.0
53.5
65.5
62.5
103.0
80.5
182.5
34.0
110.5
58.0
13.0
56.5
175.0
59.5
62.5
17.5
46.0
151.0
83.5
121.0
40.0
67.0
17.5
91.0
76.0
44.5
47.5
100.0
94.0
44.5
71.5
68.5
32.5
13.0
163.0
38.5
4.0
32.5
70.0
64.0
31.0
59.5
128.5
64.0
34.0
112.0
125.5
106.0
40.0
28.0
32.5
43.0
68.5
43.0
50.5
7.0
13.0
145.0
49.0
88.0
26.5
109.0
65.5
58.0
38.5
38.5
112.0
26.5
148.0
14.5
64.0
101.5
68.5
49.0
29.5
59.5
52.0
95.5
107.5
47.5
61.0
49.0
109.0
80.5
38.5
34.0
125.5
58.0
26.5
50.5
32.5
38.5
97.0
35.5
121.0
76.0
31.0
40.0
49.0
43.0
13.0
71.5
28.0
38.5
85.0
35.5
16.0
35.5
107.5
38.5
23.5
38.5
94.0
11.5
46.0
56.5
92.5
103.0
131.5
71.5
53.5
73.0
35.5
83.5
56.5
47.5
55.0
77.5
16.0
46.0
35.5
50.5
11.5
67.0
44.5
196.0
49.0
32.5
52.0
23.5
76.0
40.0
67.0
44.5
55.0
134.5
148.0
41.5
124.0
20.5
20.5
73.0
46.0
175.0
161.5
26.5
40.0
44.5
55.0
70.0
50.5
67.0
28.0
19.0
38.5
44.5
35.5
106.0
47.5
34.0
65.5
53.5
89.5
43.0
31.0
79.0
38.5
8.5
61.0
103.0
103.0
25.0
62.5
41.5
35.5
115.0
109.0
88.0
41.5
62.5
35.5
23.5
46.0
34.0
34.0
62.5
43.0
52.0
40.0
19.0
56.5
46.0
80.5
47.5
40.0
119.5
22.0
49.0
88.0
34.0
46.0
76.0
68.5
88.0
103.0
130.0
88.0
109.0
13.0
67.0
74.5
133.0
7.0
55.0
80.5
41.5
143.5
55.0
53.5
47.5
122.5
82.0
26.5
65.5
80.5
40.0
26.5
29.5
119.5
29.5
98.5
41.5
43.0
28.0
46.0
46.0
13.0
49.0
67.0
113.5
116.5
68.5
76.0
115.0
85.0
20.5
55.0
32.5
26.5
55.0
61.0
23.5
95.5
25.0
61.0
53.5
73.0
31.0
47.5
131.5
34.0
40.0
70.0
43.0
148.0
4.0
148.0
187.0
26.5
53.5
53.5
43.0
19.0
38.5
101.5
133.0
76.0
34.0
49.0
106.0
110.5
68.5
53.5
92.5
4.0
140.5
25.0
26.5
104.5
170.5
65.5
47.5
166.0
109.0
113.5
131.5
43.0
16.0
41.5
23.5
46.0
55.0
154.0
34.0
38.5
8.5
124.0
55.0
95.5
98.5
61.0
38.5
73.0
32.5
95.5
41.5
44.5
134.5
88.0
52.0
26.5
79.0
164.5
116.5
77.5
59.5
59.5
76.0
11.5
41.5
34.0
64.0
40.0
13.0
28.0
146.5
40.0
137.5
89.5
49.0
14.5
67.0
77.5
26.5
167.5
46.0
79.0
44.5
49.0
46.0
55.0
37.0
61.0
50.5
52.0
11.5
11.5
32.5
130.0
74.5
115.0
25.0
143.5
43.0
44.5
23.5
40.0
167.5
86.5
53.5
70.0
157.0
38.5
104.5
31.0
29.5
59.5
56.5
47.5
56.5
17.5
79.0
179.5
19.0
43.0
107.5
35.5
16.0
103.0
88.0
113.5
83.5
110.5
92.5
29.5
53.5
44.5
40.0
7.0
32.5
109.0
157.0
53.5
95.5
34.0
61.0
46.0
19.0
58.0
8.5
10.0
97.0
122.5
136.0
55.0
62.5
19.0
80.5
56.5
29.5
38.5
22.0
56.5
116.5
98.5
118.0
122.5
110.5
28.0
68.5
128.5
98.5
83.5
64.0
49.0
178.0
25.0
56.5
122.5
65.5
52.0
106.0
101.5
56.5
50.5
139.0
94.0
49.0
26.5
98.5
68.5
169.0
125.5
38.5
47.5
