34.0
88.0
181.0
52.0
47.5
185.5
133.0
149.5
232.0
193.0
130.0
172.0
149.5
202.0
229.0
149.5
140.5
176.5
40.0
64.0
74.5
44.5
104.5
184.0
205.0
208.0
149.5
122.5
34.0
143.5
176.5
176.5
53.5
142.0
71.5
193.0
157.0
139.0
214.0
184.0
40.0
148.0
155.5
154.0
178.0
122.5
191.5
209.5
163.0
148.0
232.0
94.0
103.0
158.5
88.0
86.5
208.0
71.5
44.5
85.0
82.0
188.5
28.0
194.5
148.0
161.5
184.0
176.5
176.5
137.5
109.0
83.5
190.0
142.0
29.5
172.0
199.0
205.0
187.0
91.0
41.5
224.5
161.5
77.5
185.5
152.5
148.0
212.5
166.0
104.5
154.0
106.0
17.5
53.5
95.5
109.0
136.0
28.0
152.5
50.5
188.5
112.0
128.5
151.0
25.0
94.0
68.5
211.0
214.0
194.5
47.5
176.5
56.5
41.5
143.5
157.0
158.5
208.0
206.5
130.0
92.5
116.5
35.5
167.5
119.5
173.5
133.0
181.0
175.0
157.0
76.0
146.5
205.0
143.5
184.0
202.0
119.5
194.5
149.5
152.5
128.5
173.5
79.0
79.0
88.0
88.0
166.0
173.5
199.0
32.5
40.0
62.5
185.5
211.0
40.0
49.0
98.5
121.0
124.0
187.0
220.0
67.0
44.5
182.5
155.5
202.0
83.5
203.5
146.5
166.0
221.5
176.5
151.0
169.0
212.5
125.5
185.5
200.5
166.0
124.0
118.0
151.0
209.5
175.0
67.0
95.5
158.5
214.0
170.5
134.5
196.0
163.0
142.0
47.5
41.5
77.5
148.0
206.5
179.5
22.0
103.0
29.5
31.0
173.5
88.0
68.5
64.0
190.0
65.5
92.5
56.5
71.5
49.0
200.5
68.5
155.5
97.0
193.0
169.0
193.0
229.0
188.5
28.0
160.0
38.5
143.5
200.5
140.5
211.0
149.5
74.5
188.5
64.0
125.5
55.0
155.5
137.5
40.0
32.5
113.5
164.5
196.0
194.5
149.5
151.0
152.5
178.0
149.5
176.5
146.5
224.5
166.0
152.5
193.0
172.0
221.5
47.5
55.0
85.0
23.5
208.0
62.5
145.0
194.5
52.0
106.0
205.0
182.5
98.5
182.5
59.5
170.5
125.5
232.0
161.5
121.0
230.5
136.0
32.5
110.5
112.0
113.5
184.0
53.5
164.5
107.5
73.0
32.5
37.0
173.5
74.5
53.5
80.5
160.0
223.0
23.5
152.5
7.0
71.5
74.5
151.0
73.0
190.0
133.0
62.5
206.5
125.5
118.0
101.5
218.5
95.5
100.0
167.5
7.0
53.5
88.0
211.0
221.5
122.5
158.5
52.0
151.0
181.0
23.5
59.5
76.0
115.0
86.5
107.5
190.0
37.0
172.0
133.0
47.5
175.0
140.5
131.5
98.5
113.5
124.0
62.5
46.0
47.5
211.0
22.0
215.5
118.0
59.5
164.5
178.0
187.0
205.0
184.0
50.5
131.5
196.0
160.0
218.5
40.0
103.0
91.0
134.5
194.5
104.5
173.5
52.0
155.5
74.5
214.0
232.0
164.5
211.0
179.5
130.0
25.0
206.5
121.0
22.0
164.5
142.0
65.5
157.0
194.5
127.0
175.0
208.0
146.5
152.5
40.0
155.5
230.5
172.0
77.5
134.5
25.0
79.0
49.0
101.5
128.5
55.0
139.0
106.0
107.5
175.0
130.0
161.5
134.5
161.5
86.5
176.5
211.0
112.0
127.0
164.5
157.0
118.0
158.5
137.5
68.5
98.5
140.5
160.0
211.0
212.5
134.5
157.0
164.5
122.5
197.5
137.5
166.0
160.0
94.0
170.5
185.5
182.5
193.0
211.0
193.0
65.5
79.0
103.0
116.5
133.0
46.0
125.5
82.0
209.5
151.0
113.5
143.5
179.5
40.0
139.0
184.0
196.0
76.0
85.0
80.5
80.5
136.0
124.0
184.0
170.5
139.0
74.5
61.0
103.0
71.5
190.0
193.0
179.5
155.5
184.0
161.5
116.5
167.5
152.5
128.5
184.0
146.5
176.5
94.0
182.5
173.5
197.5
62.5
34.0
142.0
215.5
185.5
209.5
181.0
130.0
155.5
182.5
175.0
97.0
121.0
167.5
224.5
142.0
40.0
160.0
122.5
52.0
206.5
194.5
121.0
151.0
205.0
194.5
28.0
133.0
76.0
212.5
143.5
182.5
187.0
134.5
164.5
208.0
118.0
67.0
92.5
121.0
193.0
130.0
109.0
31.0
203.5
47.5
199.0
205.0
169.0
113.5
185.5
163.0
170.5
118.0
212.5
191.5
121.0
179.5
149.5
214.0
202.0
103.0
184.0
184.0
94.0
37.0
200.5
101.5
187.0
199.0
170.5
208.0
55.0
65.5
38.5
28.0
211.0
50.5
202.0
191.5
143.5
134.5
170.5
13.0
109.0
193.0
175.0
119.5
154.0
38.5
158.5
71.5
67.0
73.0
158.5
59.5
79.0
205.0
179.5
73.0
179.5
149.5
154.0
211.0
52.0
121.0
194.5
208.0
145.0
17.5
61.0
110.5
97.0
142.0
68.5
67.0
14.5
220.0
215.5
106.0
199.0
113.5
103.0
101.5
166.0
217.0
127.0
191.5
152.5
110.5
218.5
124.0
122.5
160.0
76.0
152.5
94.0
163.0
58.0
40.0
65.5
89.5
26.5
193.0
202.0
118.0
127.0
209.5
140.5
155.5
133.0
191.5
86.5
187.0
113.5
119.5
196.0
188.5
190.0
95.5
65.5
136.0
197.5
205.0
191.5
97.0
86.5
79.0
61.0
158.5
202.0
161.5
133.0
181.0
146.5
134.5
214.0
185.5
184.0
169.0
158.5
80.5
194.5
118.0
29.5
68.5
134.5
97.0
176.5
188.5
200.5
46.0
202.0
65.5
121.0
218.5
55.0
44.5
101.5
124.0
50.5
182.5
125.5
155.5
149.5
178.0
106.0
190.0
17.5
208.0
169.0
73.0
8.5
194.5
247.0
133.0
92.5
76.0
179.5
142.0
152.5
157.0
124.0
10.0
200.5
38.5
214.0
173.5
215.5
136.0
64.0
52.0
173.5
112.0
173.5
140.5
92.5
199.0
181.0
61.0
98.5
200.5
19.0
52.0
106.0
121.0
214.0
176.5
163.0
194.5
118.0
211.0
74.5
142.0
101.5
184.0
20.5
160.0
47.5
181.0
112.0
71.5
179.5
88.0
23.5
130.0
122.5
100.0
130.0
155.5
188.5
154.0
77.5
170.5
77.5
203.5
133.0
185.5
184.0
106.0
49.0
194.5
137.5
28.0
221.5
155.5
50.5
100.0
185.5
95.5
166.0
175.0
169.0
157.0
167.5
143.5
179.5
140.5
50.5
187.0
67.0
65.5
46.0
34.0
221.5
74.5
203.5
203.5
203.5
142.0
161.5
188.5
109.0
164.5
218.5
143.5
221.5
194.5
137.5
194.5
202.0
217.0
50.5
178.0
103.0
163.0
208.0
148.0
175.0
163.0
95.5
104.5
166.0
125.5
124.0
62.5
130.0
116.5
58.0
40.0
58.0
149.5
68.5
169.0
35.5
125.5
182.5
149.5
140.5
64.0
122.5
203.5
163.0
142.0
61.0
202.0
170.5
143.5
50.5
181.0
149.5
157.0
196.0
212.5
104.5
64.0
152.5
152.5
179.5
190.0
157.0
38.5
149.5
16.0
196.0
151.0
203.5
128.5
82.0
38.5
218.5
134.5
74.5
125.5
41.5
173.5
191.5
206.5
205.0
184.0
172.0
136.0
122.5
161.5
217.0
10.0
202.0
160.0
188.5
92.5
167.5
100.0
154.0
100.0
187.0
145.0
175.0
91.0
187.0
181.0
191.5
62.5
19.0
164.5
134.5
164.5
164.5
133.0
190.0
142.0
175.0
230.5
31.0
179.5
55.0
184.0
221.5
136.0
205.0
208.0
104.5
143.5
134.5
64.0
179.5
77.5
14.5
211.0
95.5
109.0
223.0
202.0
92.5
158.5
119.5
49.0
89.5
185.5
157.0
32.5
194.5
136.0
188.5
53.5
185.5
133.0
158.5
139.0
169.0
68.5
229.0
145.0
172.0
128.5
188.5
139.0
149.5
32.5
131.5
68.5
35.5
23.5
107.5
197.5
95.5
124.0
100.0
107.5
196.0
167.5
173.5
109.0
196.0
190.0
179.5
110.5
160.0
170.5
62.5
109.0
83.5
49.0
56.5
122.5
128.5
215.5
194.5
74.5
43.0
134.5
227.5
157.0
232.0
44.5
112.0
160.0
155.5
203.5
175.0
182.5
137.5
142.0
158.5
167.5
218.5
142.0
137.5
119.5
238.0
170.5
112.0
178.0
118.0
67.0
200.5
155.5
212.5
170.5
173.5
163.0
187.0
176.5
64.0
149.5
19.0
116.5
197.5
50.5
221.5
205.0
185.5
205.0
200.5
229.0
107.5
218.5
226.0
181.0
170.5
107.5
131.5
89.5
119.5
67.0
172.0
143.5
70.0
212.5
47.5
127.0
50.5
71.5
29.5
223.0
100.0
65.5
158.5
142.0
181.0
70.0
47.5
196.0
145.0
115.0
31.0
157.0
200.5
170.5
116.5
215.5
176.5
190.0
53.5
148.0
131.5
137.5
161.5
79.0
146.5
121.0
71.5
106.0
206.5
184.0
29.5
37.0
130.0
65.5
136.0
169.0
181.0
202.0
224.5
149.5
214.0
110.5
65.5
176.5
215.5
190.0
196.0
188.5
95.5
230.5
131.5
61.0
178.0
143.5
232.0
172.0
143.5
91.0
128.5
197.5
146.5
212.5
125.5
169.0
179.5
71.5
190.0
97.0
194.5
58.0
197.5
158.5
158.5
220.0
224.5
145.0
59.5
98.5
50.5
187.0
64.0
58.0
43.0
203.5
203.5
170.5
148.0
61.0
167.5
91.0
128.5
224.5
116.5
194.5
236.5
194.5
118.0
68.5
212.5
170.5
191.5
101.5
149.5
157.0
65.5
37.0
109.0
179.5
206.5
23.5
136.0
34.0
137.5
74.5
91.0
151.0
101.5
140.5
184.0
176.5
181.0
47.5
118.0
196.0
194.5
46.0
106.0
112.0
80.5
104.5
76.0
119.5
97.0
184.0
181.0
100.0
163.0
175.0
71.5
182.5
47.5
145.0
200.5
184.0
188.5
172.0
101.5
158.5
110.5
116.5
149.5
178.0
83.5
172.0
163.0
142.0
49.0
209.5
91.0
188.5
47.5
217.0
184.0
109.0
178.0
136.0
118.0
140.5
202.0
205.0
136.0
89.5
178.0
137.5
146.5
94.0
211.0
212.5
46.0
205.0
188.5
151.0
104.5
59.5
233.5
109.0
130.0
74.5
161.5
80.5
187.0
154.0
173.5
196.0
47.5
65.5
140.5
64.0
139.0
119.5
103.0
167.5
62.5
116.5
184.0
101.5
182.5
206.5
167.5
110.5
170.5
116.5
152.5
185.5
71.5
181.0
58.0
148.0
23.5
187.0
101.5
121.0
124.0
59.5
136.0
31.0
56.5
173.5
218.5
142.0
197.5
34.0
145.0
169.0
229.0
62.5
65.5
151.0
178.0
98.5
214.0
176.5
191.5
181.0
22.0
206.5
20.5
170.5
103.0
164.5
179.5
97.0
146.5
194.5
62.5
101.5
35.5
59.5
44.5
115.0
38.5
65.5
146.5
142.0
100.0
196.0
128.5
169.0
35.5
128.5
130.0
32.5
184.0
50.5
67.0
185.5
65.5
202.0
169.0
175.0
125.5
169.0
218.5
158.5
131.5
77.5
53.5
169.0
88.0
203.5
95.5
203.5
142.0
202.0
188.5
97.0
158.5
199.0
205.0
164.5
77.5
223.0
212.5
110.5
25.0
179.5
203.5
188.5
133.0
230.5
122.5
155.5
116.5
70.0
137.5
226.0
178.0
113.5
164.5
55.0
73.0
37.0
143.5
230.5
86.5
199.0
212.5
166.0
56.5
166.0
212.5
203.5
134.5
130.0
167.5
134.5
203.5
167.5
199.0
94.0
50.5
218.5
146.5
85.0
41.5
98.5
206.5
184.0
173.5
128.5
191.5
184.0
107.5
101.5
112.0
190.0
56.5
22.0
98.5
197.5
169.0
137.5
202.0
191.5
161.5
194.5
70.0
160.0
113.5
32.5
176.5
152.5
47.5
218.5
163.0
44.5
94.0
223.0
106.0
200.5
104.5
178.0
194.5
70.0
176.5
196.0
167.5
122.5
158.5
226.0
145.0
161.5
155.5
62.5
62.5
206.5
20.5
100.0
49.0
128.5
56.5
58.0
56.5
217.0
160.0
184.0
77.5
206.5
185.5
71.5
55.0
95.5
218.5
175.0
167.5
25.0
58.0
94.0
169.0
40.0
200.5
172.0
148.0
139.0
163.0
98.5
106.0
196.0
181.0
169.0
110.5
226.0
116.5
46.0
52.0
128.5
154.0
197.5
182.5
221.5
118.0
155.5
22.0
190.0
230.5
188.5
160.0
175.0
136.0
26.5
32.5
65.5
190.0
49.0
56.5
181.0
202.0
170.5
169.0
137.5
148.0
199.0
82.0
226.0
230.5
91.0
161.5
173.5
98.5
146.5
170.5
139.0
107.5
71.5
103.0
209.5
169.0
41.5
110.5
121.0
175.0
187.0
103.0
155.5
163.0
214.0
170.5
178.0
178.0
167.5
173.5
139.0
197.5
163.0
206.5
91.0
100.0
89.5
202.0
35.5
47.5
50.5
70.0
139.0
173.5
110.5
50.5
7.0
37.0
137.5
182.5
41.5
95.5
125.5
40.0
160.0
194.5
22.0
113.5
52.0
170.5
88.0
220.0
233.5
61.0
202.0
188.5
230.5
173.5
193.0
152.5
182.5
7.0
154.0
199.0
146.5
83.5
148.0
205.0
113.5
71.5
56.5
89.5
154.0
82.0
176.5
187.0
118.0
166.0
125.5
121.0
133.0
148.0
142.0
158.5
64.0
149.5
184.0
100.0
28.0
160.0
130.0
109.0
185.5
136.0
110.5
118.0
181.0
179.5
154.0
145.0
94.0
214.0
104.5
164.5
125.5
94.0
44.5
134.5
125.5
218.5
166.0
145.0
86.5
46.0
89.5
158.5
82.0
170.5
64.0
178.0
131.5
136.0
79.0
161.5
55.0
169.0
169.0
107.5
49.0
194.5
185.5
121.0
47.5
194.5
41.5
95.5
119.5
143.5
205.0
157.0
182.5
88.0
79.0
112.0
191.5
157.0
214.0
127.0
131.5
55.0
124.0
202.0
149.5
112.0
190.0
142.0
199.0
155.5
73.0
190.0
214.0
181.0
49.0
62.5
107.5
100.0
136.0
200.5
179.5
218.5
116.5
31.0
139.0
202.0
200.5
208.0
41.5
169.0
106.0
74.5
110.5
100.0
79.0
130.0
188.5
203.5
184.0
199.0
155.5
199.0
128.5
169.0
115.0
152.5
112.0
143.5
221.5
215.5
88.0
53.5
220.0
79.0
202.0
211.0
25.0
17.5
169.0
113.5
116.5
122.5
82.0
196.0
47.5
113.5
128.5
80.5
199.0
206.5
179.5
140.5
157.0
19.0
146.5
53.5
196.0
206.5
145.0
215.5
94.0
122.5
38.5
70.0
155.5
131.5
214.0
158.5
125.5
74.5
50.5
169.0
146.5
170.5
152.5
191.5
61.0
89.5
187.0
179.5
28.0
176.5
185.5
194.5
167.5
98.5
203.5
184.0
110.5
107.5
196.0
188.5
206.5
83.5
91.0
59.5
91.0
133.0
148.0
31.0
139.0
233.5
127.0
184.0
191.5
178.0
215.5
194.5
181.0
139.0
148.0
58.0
37.0
194.5
74.5
182.5
203.5
187.0
166.0
214.0
167.5
118.0
89.5
206.5
178.0
193.0
169.0
206.5
232.0
89.5
211.0
49.0
157.0
179.5
32.5
206.5
203.5
35.5
19.0
182.5
68.5
148.0
229.0
88.0
79.0
61.0
128.5
136.0
62.5
151.0
103.0
67.0
142.0
101.5
47.5
119.5
140.5
26.5
184.0
142.0
73.0
196.0
125.5
206.5
112.0
146.5
89.5
155.5
152.5
145.0
208.0
188.5
184.0
52.0
187.0
28.0
169.0
199.0
98.5
98.5
179.5
194.5
82.0
80.5
175.0
104.5
85.0
196.0
44.5
112.0
95.5
77.5
121.0
157.0
46.0
29.5
122.5
130.0
179.5
205.0
131.5
167.5
130.0
167.5
148.0
143.5
158.5
206.5
175.0
137.5
184.0
52.0
140.5
55.0
119.5
101.5
214.0
49.0
160.0
134.5
208.0
97.0
184.0
88.0
49.0
190.0
95.5
95.5
152.5
130.0
73.0
35.5
109.0
55.0
232.0
169.0
128.5
185.5
37.0
70.0
172.0
181.0
118.0
197.5
152.5
124.0
55.0
163.0
155.5
128.5
121.0
103.0
101.5
166.0
170.5
175.0
184.0
181.0
205.0
196.0
61.0
194.5
154.0
170.5
205.0
217.0
191.5
200.5
59.5
203.5
211.0
121.0
77.5
176.5
116.5
68.5
118.0
169.0
55.0
38.5
188.5
112.0
187.0
194.5
218.5
193.0
122.5
103.0
16.0
193.0
166.0
139.0
61.0
71.5
182.5
214.0
145.0
137.5
151.0
155.5
131.5
118.0
53.5
148.0
44.5
161.5
95.5
206.5
130.0
76.0
142.0
65.5
160.0
154.0
74.5
50.5
193.0
149.5
77.5
31.0
82.0
215.5
41.5
95.5
118.0
92.5
56.5
151.0
139.0
191.5
124.0
52.0
11.5
185.5
122.5
139.0
137.5
49.0
140.5
166.0
166.0
220.0
137.5
182.5
95.5
11.5
163.0
44.5
113.5
23.5
199.0
167.5
136.0
56.5
113.5
71.5
100.0
179.5
103.0
104.5
32.5
25.0
139.0
122.5
143.5
158.5
22.0
146.5
76.0
121.0
14.5
74.5
199.0
217.0
172.0
194.5
122.5
194.5
140.5
50.5
206.5
179.5
14.5
154.0
172.0
131.5
71.5
166.0
118.0
31.0
191.5
145.0
100.0
55.0
200.5
200.5
196.0
29.5
167.5
85.0
103.0
109.0
154.0
178.0
97.0
190.0
137.5
139.0
77.5
187.0
122.5
70.0
92.5
106.0
205.0
169.0
218.5
175.0
205.0
131.5
202.0
128.5
23.5
172.0
46.0
140.5
220.0
56.5
160.0
94.0
137.5
98.5
166.0
52.0
73.0
55.0
107.5
170.5
97.0
173.5
199.0
169.0
175.0
137.5
233.5
167.5
170.5
223.0
112.0
169.0
110.5
227.5
38.5
167.5
112.0
137.5
223.0
68.5
137.5
166.0
155.5
182.5
101.5
197.5
167.5
128.5
188.5
181.0
56.5
112.0
50.5
103.0
166.0
97.0
215.5
17.5
197.5
182.5
116.5
61.0
182.5
70.0
14.5
116.5
77.5
157.0
181.0
124.0
77.5
205.0
91.0
53.5
184.0
16.0
143.5
163.0
100.0
83.5
205.0
109.0
199.0
194.5
212.5
194.5
146.5
116.5
142.0
92.5
182.5
128.5
202.0
77.5
157.0
182.5
83.5
73.0
41.5
191.5
61.0
148.0
149.5
65.5
89.5
151.0
205.0
206.5
202.0
202.0
163.0
119.5
70.0
83.5
152.5
178.0
92.5
100.0
200.5
91.0
44.5
155.5
59.5
155.5
214.0
191.5
182.5
134.5
142.0
91.0
154.0
101.5
166.0
164.5
149.5
131.5
139.0
137.5
206.5
184.0
187.0
232.0
187.0
101.5
194.5
16.0
188.5
145.0
209.5
37.0
103.0
127.0
215.5
173.5
212.5
121.0
82.0
155.5
152.5
58.0
83.5
196.0
206.5
125.5
158.5
58.0
38.5
139.0
79.0
167.5
34.0
193.0
212.5
128.5
145.0
196.0
82.0
50.5
197.5
28.0
203.5
73.0
211.0
59.5
50.5
146.5
212.5
163.0
178.0
47.5
176.5
148.0
137.5
205.0
172.0
218.5
106.0
146.5
221.5
194.5
124.0
178.0
16.0
103.0
205.0
157.0
191.5
152.5
166.0
71.5
191.5
187.0
181.0
26.5
148.0
13.0
161.5
220.0
89.5
38.5
179.5
50.5
188.5
17.5
97.0
173.5
88.0
212.5
94.0
106.0
158.5
80.5
23.5
149.5
103.0
175.0
185.5
224.5
136.0
113.5
202.0
173.5
172.0
173.5
106.0
142.0
85.0
188.5
142.0
86.5
103.0
181.0
166.0
37.0
64.0
163.0
140.5
26.5
104.5
193.0
109.0
214.0
190.0
110.5
157.0
206.5
161.5
175.0
211.0
209.5
71.5
208.0
61.0
149.5
209.5
38.5
88.0
172.0
200.5
220.0
41.5
106.0
155.5
53.5
196.0
74.5
100.0
139.0
41.5
133.0
211.0
218.5
67.0
50.5
184.0
74.5
179.5
173.5
73.0
212.5
19.0
116.5
95.5
196.0
32.5
125.5
101.5
91.0
32.5
116.5
170.5
196.0
181.0
170.5
178.0
101.5
128.5
41.5
113.5
164.5
194.5
191.5
206.5
203.5
161.5
155.5
185.5
182.5
167.5
172.0
86.5
20.5
103.0
68.5
41.5
53.5
188.5
136.0
34.0
181.0
58.0
181.0
187.0
25.0
182.5
92.5
157.0
148.0
238.0
38.5
98.5
20.5
193.0
178.0
212.5
86.5
221.5
179.5
77.5
209.5
176.5
103.0
217.0
224.5
208.0
41.5
25.0
139.0
173.5
223.0
122.5
182.5
221.5
136.0
157.0
151.0
131.5
44.5
107.5
136.0
221.5
83.5
184.0
106.0
149.5
161.5
127.0
55.0
182.5
106.0
67.0
211.0
5.5
187.0
182.5
139.0
226.0
62.5
178.0
206.5
77.5
134.5
220.0
185.5
142.0
40.0
191.5
235.0
43.0
161.5
187.0
41.5
53.5
31.0
178.0
104.5
31.0
109.0
128.5
127.0
103.0
202.0
122.5
157.0
160.0
82.0
112.0
154.0
142.0
151.0
119.5
182.5
182.5
43.0
185.5
38.5
145.0
175.0
92.5
41.5
160.0
71.5
215.5
119.5
38.5
170.5
176.5
226.0
145.0
113.5
53.5
170.5
13.0
107.5
47.5
211.0
202.0
134.5
43.0
161.5
122.5
68.5
166.0
79.0
158.5
17.5
133.0
205.0
214.0
160.0
190.0
182.5
218.5
82.0
154.0
56.5
86.5
202.0
190.0
167.5
71.5
236.5
202.0
79.0
70.0
205.0
31.0
143.5
203.5
193.0
148.0
205.0
58.0
154.0
44.5
170.5
137.5
173.5
7.0
29.5
107.5
173.5
121.0
187.0
212.5
101.5
56.5
142.0
86.5
203.5
208.0
98.5
67.0
196.0
98.5
100.0
49.0
127.0
113.5
143.5
175.0
167.5
212.5
215.5
179.5
223.0
88.0
73.0
62.5
86.5
194.5
146.5
184.0
133.0
85.0
226.0
161.5
40.0
73.0
112.0
98.5
50.5
202.0
181.0
151.0
175.0
161.5
193.0
34.0
68.5
127.0
53.5
193.0
124.0
149.5
122.5
41.5
98.5
193.0
185.5
166.0
74.5
157.0
113.5
98.5
86.5
211.0
211.0
149.5
121.0
152.5
218.5
185.5
31.0
122.5
200.5
197.5
59.5
154.0
82.0
214.0
161.5
208.0
134.5
146.5
35.5
191.5
7.0
145.0
184.0
188.5
98.5
170.5
179.5
127.0
85.0
184.0
145.0
56.5
196.0
182.5
217.0
157.0
200.5
100.0
160.0
139.0
25.0
152.5
31.0
163.0
196.0
143.5
118.0
95.5
199.0
202.0
157.0
88.0
176.5
26.5
28.0
49.0
121.0
166.0
154.0
131.5
202.0
155.5
77.5
178.0
121.0
187.0
70.0
107.5
70.0
193.0
205.0
46.0
190.0
62.5
145.0
110.5
109.0
209.5
73.0
61.0
224.5
161.5
83.5
124.0
185.5
131.5
181.0
79.0
224.5
181.0
142.0
130.0
68.5
218.5
50.5
41.5
95.5
161.5
193.0
62.5
88.0
52.0
191.5
199.0
88.0
104.5
68.5
218.5
79.0
194.5
190.0
178.0
68.5
34.0
71.5
137.5
188.5
214.0
92.5
124.0
31.0
193.0
145.0
205.0
37.0
70.0
223.0
107.5
151.0
38.5
170.5
110.5
163.0
112.0
196.0
178.0
23.5
217.0
127.0
79.0
206.5
74.5
55.0
173.5
154.0
163.0
221.5
155.5
203.5
196.0
188.5
47.5
68.5
76.0
223.0
101.5
184.0
127.0
208.0
58.0
73.0
182.5
127.0
176.5
188.5
140.5
193.0
151.0
175.0
166.0
64.0
203.5
124.0
140.5
100.0
137.5
215.5
214.0
224.5
152.5
109.0
41.5
209.5
194.5
95.5
170.5
178.0
172.0
197.5
152.5
173.5
184.0
118.0
46.0
122.5
223.0
83.5
20.5
67.0
184.0
172.0
53.5
173.5
38.5
188.5
86.5
220.0
149.5
178.0
65.5
194.5
122.5
149.5
160.0
181.0
89.5
179.5
77.5
185.5
137.5
146.5
173.5
179.5
92.5
161.5
205.0
43.0
68.5
29.5
119.5
214.0
128.5
226.0
32.5
191.5
200.5
73.0
127.0
203.5
157.0
43.0
190.0
179.5
182.5
40.0
139.0
92.5
115.0
98.5
167.5
178.0
19.0
214.0
169.0
179.5
86.5
199.0
182.5
208.0
37.0
101.5
178.0
160.0
167.5
115.0
193.0
122.5
40.0
43.0
166.0
194.5
152.5
115.0
82.0
184.0
13.0
184.0
143.5
172.0
184.0
19.0
187.0
74.5
157.0
100.0
172.0
52.0
137.5
119.5
218.5
85.0
136.0
172.0
68.5
166.0
89.5
70.0
148.0
176.5
176.5
184.0
97.0
50.5
199.0
32.5
194.5
218.5
100.0
236.5
74.5
188.5
196.0
211.0
55.0
170.5
226.0
161.5
49.0
161.5
56.5
70.0
133.0
172.0
185.5
95.5
142.0
41.5
151.0
148.0
98.5
100.0
68.5
88.0
167.5
181.0
116.5
115.0
71.5
157.0
226.0
115.0
196.0
101.5
193.0
26.5
143.5
166.0
79.0
167.5
205.0
119.5
188.5
215.5
155.5
47.5
92.5
94.0
53.5
109.0
160.0
140.5
190.0
167.5
167.5
79.0
143.5
115.0
113.5
115.0
46.0
169.0
163.0
65.5
199.0
154.0
205.0
128.5
20.5
92.5
49.0
65.5
182.5
166.0
215.5
197.5
43.0
182.5
169.0
41.5
46.0
25.0
149.5
64.0
197.5
31.0
188.5
173.5
65.5
152.5
131.5
172.0
209.5
46.0
25.0
136.0
43.0
125.5
170.5
185.5
208.0
89.5
58.0
167.5
61.0
86.5
182.5
119.5
179.5
112.0
208.0
104.5
161.5
80.5
203.5
199.0
188.5
182.5
131.5
29.5
133.0
167.5
11.5
22.0
133.0
115.0
161.5
173.5
103.0
125.5
199.0
197.5
127.0
101.5
178.0
46.0
199.0
113.5
157.0
53.5
44.5
185.5
209.5
49.0
157.0
61.0
158.5
76.0
217.0
62.5
82.0
179.5
160.0
169.0
214.0
221.5
130.0
146.5
187.0
82.0
70.0
49.0
199.0
142.0
154.0
71.5
173.5
175.0
46.0
68.5
191.5
49.0
101.5
194.5
46.0
74.5
62.5
47.5
97.0
223.0
196.0
172.0
206.5
119.5
176.5
197.5
92.5
43.0
163.0
209.5
169.0
50.5
178.0
44.5
160.0
185.5
185.5
47.5
200.5
151.0
89.5
220.0
107.5
59.5
10.0
176.5
8.5
16.0
13.0
181.0
181.0
125.5
70.0
184.0
155.5
11.5
202.0
151.0
128.5
65.5
191.5
110.5
52.0
191.5
184.0
136.0
199.0
149.5
71.5
95.5
113.5
203.5
209.5
167.5
209.5
157.0
104.5
50.5
155.5
109.0
218.5
158.5
40.0
191.5
110.5
97.0
142.0
200.5
41.5
182.5
239.5
182.5
197.5
47.5
97.0
103.0
136.0
134.5
199.0
55.0
95.5
64.0
200.5
136.0
211.0
169.0
41.5
172.0
193.0
131.5
106.0
224.5
199.0
175.0
185.5
191.5
127.0
175.0
94.0
149.5
191.5
73.0
182.5
59.5
173.5
151.0
184.0
74.5
46.0
197.5
154.0
233.5
223.0
146.5
202.0
161.5
170.5
145.0
199.0
22.0
88.0
115.0
145.0
64.0
151.0
74.5
196.0
193.0
64.0
139.0
151.0
137.5
100.0
139.0
203.5
145.0
7.0
109.0
94.0
83.5
41.5
38.5
101.5
37.0
173.5
200.5
136.0
158.5
172.0
160.0
164.5
134.5
97.0
223.0
209.5
163.0
131.5
95.5
151.0
62.5
188.5
53.5
196.0
77.5
47.5
166.0
157.0
185.5
83.5
35.5
101.5
88.0
206.5
71.5
152.5
95.5
83.5
46.0
71.5
137.5
205.0
169.0
38.5
40.0
53.5
65.5
181.0
236.5
116.5
127.0
163.0
76.0
151.0
163.0
235.0
158.5
197.5
160.0
154.0
47.5
107.5
185.5
176.5
10.0
179.5
197.5
163.0
140.5
164.5
53.5
46.0
226.0
218.5
112.0
77.5
136.0
161.5
107.5
164.5
95.5
193.0
205.0
164.5
172.0
166.0
125.5
175.0
55.0
202.0
64.0
211.0
181.0
188.5
199.0
214.0
65.5
19.0
37.0
133.0
200.5
61.0
26.5
104.5
26.5
149.5
140.5
187.0
187.0
116.5
97.0
205.0
80.5
88.0
217.0
157.0
17.5
161.5
113.5
190.0
41.5
100.0
211.0
142.0
127.0
121.0
178.0
148.0
206.5
65.5
197.5
179.5
184.0
217.0
152.5
73.0
106.0
158.5
214.0
214.0
107.5
127.0
50.5
167.5
74.5
80.5
112.0
140.5
140.5
185.5
53.5
199.0
139.0
163.0
164.5
134.5
193.0
14.5
175.0
139.0
56.5
163.0
29.5
31.0
128.5
59.5
95.5
167.5
37.0
86.5
130.0
154.0
185.5
202.0
26.5
26.5
173.5
188.5
38.5
110.5
190.0
50.5
187.0
181.0
106.0
169.0
181.0
185.5
118.0
185.5
227.5
62.5
175.0
100.0
55.0
128.5
211.0
170.5
131.5
88.0
52.0
131.5
215.5
37.0
206.5
187.0
13.0
170.5
124.0
187.0
170.5
122.5
166.0
127.0
194.5
154.0
80.5
154.0
197.5
190.0
76.0
65.5
185.5
116.5
62.5
19.0
130.0
182.5
236.5
112.0
53.5
73.0
98.5
119.5
104.5
110.5
101.5
53.5
157.0
92.5
185.5
163.0
227.5
119.5
98.5
215.5
113.5
37.0
118.0
119.5
145.0
187.0
101.5
197.5
56.5
163.0
233.5
61.0
211.0
227.5
169.0
121.0
149.5
166.0
157.0
25.0
143.5
49.0
31.0
193.0
124.0
133.0
109.0
172.0
20.5
86.5
217.0
232.0
185.5
152.5
104.5
199.0
194.5
151.0
103.0
172.0
215.5
61.0
175.0
131.5
145.0
142.0
146.5
116.5
131.5
233.5
148.0
157.0
118.0
44.5
176.5
74.5
130.0
151.0
100.0
83.5
74.5
214.0
188.5
58.0
35.5
89.5
118.0
65.5
67.0
25.0
53.5
149.5
227.5
142.0
116.5
92.5
50.5
167.5
136.0
58.0
146.5
206.5
118.0
1.0
37.0
115.0
71.5
169.0
68.5
43.0
95.5
226.0
170.5
71.5
118.0
41.5
59.5
202.0
8.5
166.0
175.0
185.5
152.5
127.0
121.0
59.5
179.5
176.5
233.5
200.5
40.0
154.0
155.5
139.0
178.0
116.5
65.5
206.5
100.0
127.0
178.0
115.0
140.5
166.0
131.5
130.0
121.0
104.5
97.0
71.5
41.5
58.0
119.5
82.0
151.0
200.5
142.0
200.5
52.0
163.0
172.0
52.0
170.5
89.5
82.0
151.0
226.0
196.0
145.0
220.0
52.0
215.5
10.0
101.5
181.0
137.5
184.0
121.0
211.0
103.0
176.5
103.0
181.0
100.0
191.5
149.5
131.5
200.5
124.0
203.5
169.0
29.5
28.0
211.0
190.0
140.5
52.0
221.5
194.5
205.0
103.0
113.5
157.0
142.0
70.0
124.0
95.5
62.5
212.5
182.5
92.5
185.5
193.0
164.5
176.5
139.0
47.5
184.0
127.0
173.5
202.0
82.0
79.0
173.5
59.5
197.5
43.0
178.0
119.5
202.0
62.5
86.5
161.5
41.5
37.0
209.5
181.0
185.5
23.5
52.0
137.5
190.0
164.5
163.0
197.5
112.0
73.0
71.5
154.0
16.0
131.5
164.5
187.0
125.5
179.5
107.5
203.5
197.5
139.0
62.5
226.0
130.0
115.0
218.5
215.5
61.0
166.0
79.0
163.0
65.5
221.5
122.5
88.0
104.5
197.5
218.5
166.0
176.5
49.0
154.0
46.0
130.0
167.5
130.0
163.0
137.5
131.5
46.0
191.5
178.0
113.5
197.5
205.0
202.0
197.5
224.5
160.0
127.0
112.0
127.0
130.0
143.5
212.5
182.5
92.5
121.0
118.0
220.0
179.5
74.5
179.5
110.5
70.0
157.0
52.0
145.0
200.5
98.5
121.0
235.0
85.0
59.5
98.5
83.5
206.5
209.5
58.0
151.0
188.5
151.0
103.0
34.0
142.0
46.0
82.0
202.0
124.0
125.5
208.0
194.5
187.0
155.5
100.0
100.0
206.5
184.0
145.0
125.5
193.0
89.5
196.0
166.0
104.5
188.5
215.5
19.0
37.0
92.5
76.0
208.0
151.0
163.0
133.0
220.0
226.0
235.0
40.0
188.5
52.0
59.5
139.0
193.0
145.0
125.5
131.5
172.0
194.5
68.5
35.5
88.0
47.5
184.0
53.5
64.0
197.5
187.0
176.5
163.0
103.0
221.5
121.0
194.5
187.0
197.5
169.0
91.0
88.0
163.0
17.5
94.0
116.5
134.5
185.5
133.0
205.0
130.0
182.5
194.5
191.5
101.5
196.0
124.0
200.5
80.5
173.5
40.0
44.5
92.5
70.0
187.0
131.5
106.0
157.0
187.0
79.0
182.5
136.0
91.0
182.5
161.5
175.0
112.0
122.5
163.0
107.5
178.0
218.5
49.0
173.5
158.5
209.5
146.5
116.5
230.5
40.0
100.0
166.0
82.0
187.0
145.0
181.0
173.5
110.5
56.5
149.5
110.5
206.5
172.0
136.0
202.0
185.5
175.0
47.5
179.5
227.5
89.5
188.5
214.0
115.0
125.5
152.5
50.5
167.5
166.0
83.5
203.5
46.0
80.5
146.5
190.0
149.5
113.5
136.0
194.5
148.0
116.5
86.5
205.0
121.0
133.0
32.5
187.0
137.5
8.5
235.0
101.5
157.0
205.0
76.0
83.5
137.5
118.0
53.5
154.0
98.5
22.0
44.5
139.0
218.5
158.5
211.0
193.0
184.0
179.5
56.5
214.0
134.5
142.0
56.5
47.5
76.0
46.0
47.5
112.0
178.0
172.0
83.5
125.5
185.5
158.5
106.0
92.5
64.0
193.0
158.5
190.0
173.5
209.5
86.5
74.5
73.0
194.5
200.5
121.0
226.0
136.0
37.0
170.5
187.0
59.5
59.5
176.5
155.5
88.0
149.5
136.0
55.0
100.0
16.0
118.0
202.0
140.5
61.0
68.5
209.5
125.5
143.5
161.5
193.0
107.5
217.0
164.5
212.5
205.0
143.5
178.0
158.5
139.0
178.0
209.5
215.5
170.5
145.0
197.5
92.5
88.0
173.5
148.0
191.5
91.0
82.0
124.0
76.0
173.5
122.5
19.0
113.5
170.5
107.5
98.5
199.0
200.5
200.5
185.5
172.0
157.0
119.5
214.0
220.0
142.0
196.0
203.5
29.5
73.0
43.0
137.5
50.5
226.0
196.0
196.0
154.0
107.5
220.0
125.5
133.0
157.0
217.0
80.5
227.5
28.0
199.0
89.5
206.5
103.0
64.0
92.5
211.0
169.0
109.0
188.5
106.0
202.0
124.0
71.5
182.5
92.5
167.5
52.0
110.5
193.0
164.5
133.0
100.0
46.0
209.5
143.5
127.0
197.5
209.5
70.0
166.0
161.5
190.0
200.5
44.5
103.0
143.5
214.0
190.0
181.0
26.5
53.5
130.0
164.5
212.5
133.0
217.0
62.5
158.5
161.5
205.0
200.5
55.0
113.5
205.0
178.0
43.0
115.0
37.0
158.5
175.0
226.0
109.0
146.5
197.5
196.0
212.5
113.5
188.5
101.5
181.0
188.5
151.0
160.0
118.0
140.5
214.0
128.5
220.0
101.5
47.5
164.5
143.5
148.0
131.5
197.5
196.0
116.5
95.5
77.5
52.0
152.5
95.5
199.0
31.0
154.0
100.0
65.5
178.0
232.0
160.0
155.5
112.0
61.0
134.5
46.0
217.0
206.5
107.5
131.5
67.0
71.5
187.0
92.5
173.5
148.0
196.0
44.5
97.0
151.0
146.5
200.5
68.5
173.5
121.0
112.0
190.0
46.0
194.5
193.0
193.0
115.0
182.5
176.5
176.5
38.5
211.0
196.0
32.5
109.0
55.0
164.5
184.0
116.5
136.0
125.5
91.0
166.0
197.5
67.0
136.0
82.0
151.0
107.5
124.0
208.0
178.0
67.0
185.5
101.5
61.0
89.5
199.0
122.5
29.5
143.5
31.0
83.5
23.5
158.5
125.5
143.5
182.5
74.5
31.0
62.5
179.5
190.0
115.0
226.0
208.0
11.5
82.0
205.0
56.5
196.0
164.5
20.5
205.0
223.0
139.0
206.5
59.5
157.0
146.5
155.5
206.5
217.0
37.0
16.0
185.5
164.5
191.5
128.5
115.0
122.5
61.0
206.5
158.5
167.5
232.0
94.0
55.0
167.5
76.0
95.5
178.0
130.0
131.5
202.0
188.5
97.0
152.5
49.0
89.5
206.5
67.0
205.0
110.5
137.5
220.0
101.5
107.5
211.0
56.5
128.5
188.5
217.0
221.5
149.5
185.5
181.0
128.5
182.5
211.0
179.5
20.5
29.5
28.0
178.0
164.5
200.5
196.0
35.5
221.5
97.0
157.0
151.0
118.0
110.5
182.5
164.5
97.0
203.5
202.0
109.0
193.0
175.0
88.0
193.0
29.5
218.5
163.0
185.5
23.5
160.0
127.0
94.0
124.0
101.5
158.5
37.0
182.5
110.5
196.0
34.0
133.0
68.5
124.0
197.5
142.0
76.0
172.0
83.5
122.5
124.0
103.0
116.5
10.0
160.0
154.0
137.5
175.0
160.0
67.0
98.5
43.0
56.5
55.0
161.5
220.0
214.0
191.5
80.5
181.0
202.0
107.5
179.5
197.5
190.0
49.0
97.0
74.5
77.5
61.0
79.0
167.5
121.0
85.0
149.5
134.5
154.0
163.0
136.0
88.0
208.0
77.5
38.5
133.0
130.0
107.5
178.0
43.0
65.5
197.5
55.0
158.5
49.0
155.5
137.5
85.0
92.5
104.5
143.5
151.0
208.0
163.0
163.0
8.5
59.5
169.0
172.0
197.5
193.0
202.0
80.5
118.0
85.0
34.0
29.5
161.5
146.5
202.0
116.5
71.5
131.5
79.0
112.0
200.5
140.5
20.5
109.0
190.0
217.0
92.5
109.0
41.5
137.5
187.0
133.0
145.0
145.0
77.5
176.5
34.0
40.0
221.5
140.5
212.5
151.0
154.0
197.5
134.5
98.5
172.0
67.0
196.0
128.5
209.5
104.5
97.0
154.0
97.0
28.0
170.5
80.5
70.0
86.5
151.0
158.5
113.5
55.0
73.0
218.5
85.0
178.0
79.0
91.0
115.0
128.5
166.0
185.5
107.5
121.0
62.5
82.0
236.5
122.5
196.0
173.5
194.5
55.0
137.5
179.5
212.5
175.0
43.0
41.5
206.5
181.0
149.5
76.0
199.0
26.5
106.0
134.5
101.5
112.0
139.0
110.5
208.0
128.5
134.5
203.5
59.5
103.0
208.0
50.5
184.0
197.5
191.5
136.0
200.5
127.0
127.0
172.0
176.5
40.0
187.0
194.5
130.0
185.5
71.5
185.5
160.0
76.0
154.0
104.5
47.5
187.0
19.0
188.5
152.5
50.5
107.5
128.5
95.5
62.5
179.5
74.5
79.0
145.0
223.0
61.0
166.0
163.0
80.5
97.0
158.5
146.5
49.0
89.5
40.0
227.5
206.5
49.0
121.0
97.0
176.5
88.0
127.0
218.5
155.5
52.0
215.5
70.0
71.5
169.0
164.5
175.0
223.0
226.0
127.0
41.5
74.5
172.0
94.0
86.5
142.0
163.0
140.5
185.5
143.5
80.5
40.0
88.0
205.0
98.5
71.5
134.5
199.0
188.5
71.5
116.5
188.5
208.0
121.0
164.5
169.0
67.0
146.5
211.0
143.5
62.5
206.5
238.0
61.0
172.0
190.0
218.5
200.5
176.5
193.0
127.0
143.5
71.5
173.5
104.5
62.5
94.0
203.5
46.0
64.0
160.0
134.5
116.5
196.0
191.5
104.5
193.0
199.0
143.5
203.5
203.5
37.0
121.0
223.0
40.0
127.0
163.0
122.5
184.0
184.0
136.0
220.0
32.5
107.5
218.5
134.5
211.0
31.0
202.0
8.5
14.5
194.5
100.0
136.0
23.5
178.0
188.5
110.5
206.5
47.5
13.0
55.0
172.0
100.0
206.5
206.5
74.5
224.5
182.5
59.5
52.0
107.5
160.0
50.5
190.0
185.5
106.0
91.0
215.5
131.5
187.0
149.5
79.0
154.0
175.0
166.0
217.0
206.5
152.5
200.5
128.5
73.0
104.5
200.5
142.0
113.5
112.0
175.0
172.0
67.0
179.5
8.5
191.5
122.5
154.0
166.0
197.5
167.5
92.5
88.0
109.0
124.0
179.5
125.5
194.5
107.5
85.0
145.0
142.0
200.5
115.0
209.5
88.0
187.0
160.0
188.5
163.0
142.0
194.5
158.5
181.0
31.0
229.0
58.0
38.5
211.0
131.5
154.0
211.0
194.5
109.0
95.5
83.5
101.5
121.0
151.0
68.5
115.0
188.5
178.0
104.5
145.0
125.5
92.5
131.5
70.0
197.5
197.5
179.5
95.5
118.0
202.0
49.0
97.0
184.0
145.0
40.0
131.5
83.5
211.0
211.0
164.5
13.0
136.0
110.5
106.0
205.0
196.0
53.5
190.0
47.5
56.5
79.0
166.0
167.5
83.5
79.0
226.0
152.5
77.5
32.5
217.0
143.5
55.0
188.5
238.0
166.0
199.0
142.0
55.0
211.0
95.5
187.0
125.5
151.0
121.0
76.0
104.5
116.5
67.0
31.0
37.0
202.0
172.0
220.0
142.0
142.0
181.0
49.0
155.5
128.5
95.5
128.5
43.0
56.5
73.0
203.5
152.5
38.5
70.0
122.5
98.5
19.0
149.5
184.0
178.0
52.0
109.0
118.0
80.5
80.5
194.5
106.0
154.0
35.5
190.0
136.0
215.5
226.0
91.0
146.5
152.5
184.0
190.0
223.0
91.0
85.0
164.5
214.0
58.0
167.5
178.0
161.5
62.5
179.5
115.0
28.0
212.5
158.5
127.0
152.5
152.5
202.0
184.0
188.5
152.5
109.0
146.5
98.5
