155.5
209.5
202.0
146.5
203.5
173.5
221.5
230.5
160.0
125.5
166.0
215.5
164.5
131.5
212.5
217.0
28.0
182.5
227.5
208.0
149.5
224.5
206.5
178.0
244.0
233.5
89.5
229.0
212.5
167.5
220.0
188.5
56.5
116.5
157.0
190.0
160.0
196.0
181.0
217.0
227.5
158.5
199.0
131.5
215.5
206.5
170.5
71.5
181.0
178.0
130.0
85.0
121.0
155.5
232.0
223.0
106.0
190.0
208.0
182.5
71.5
134.5
220.0
232.0
184.0
44.5
170.5
200.5
139.0
193.0
98.5
77.5
122.5
205.0
221.5
95.5
155.5
187.0
209.5
115.0
91.0
124.0
145.0
79.0
155.5
145.0
176.5
83.5
215.5
233.5
164.5
179.5
221.5
209.5
230.5
194.5
220.0
149.5
50.5
115.0
200.5
53.5
208.0
226.0
191.5
196.0
124.0
203.5
178.0
218.5
223.0
163.0
224.5
184.0
205.0
200.5
182.5
95.5
214.0
218.5
191.5
163.0
152.5
215.5
214.0
34.0
155.5
43.0
62.5
179.5
173.5
52.0
226.0
98.5
191.5
196.0
176.5
55.0
223.0
205.0
164.5
235.0
182.5
170.5
151.0
164.5
211.0
26.5
184.0
182.5
211.0
170.5
193.0
226.0
83.5
169.0
196.0
175.0
197.5
160.0
224.5
80.5
146.5
185.5
163.0
208.0
197.5
208.0
226.0
217.0
137.5
208.0
224.5
154.0
106.0
166.0
190.0
220.0
182.5
197.5
214.0
208.0
188.5
46.0
187.0
184.0
179.5
154.0
211.0
226.0
194.5
209.5
184.0
203.5
218.5
221.5
82.0
194.5
49.0
224.5
218.5
160.0
196.0
223.0
115.0
74.5
212.5
227.5
232.0
184.0
214.0
226.0
218.5
175.0
131.5
205.0
191.5
197.5
215.5
232.0
197.5
184.0
109.0
77.5
190.0
194.5
137.5
208.0
97.0
202.0
47.5
191.5
188.5
119.5
127.0
185.5
175.0
50.5
176.5
82.0
209.5
62.5
148.0
178.0
206.5
218.5
218.5
211.0
214.0
154.0
206.5
193.0
143.5
223.0
169.0
43.0
151.0
80.5
149.5
155.5
188.5
145.0
176.5
203.5
197.5
211.0
199.0
193.0
197.5
64.0
235.0
220.0
79.0
211.0
175.0
214.0
119.5
139.0
163.0
157.0
91.0
190.0
170.5
236.5
119.5
163.0
214.0
158.5
155.5
182.5
199.0
61.0
199.0
235.0
224.5
211.0
229.0
152.5
197.5
229.0
187.0
203.5
218.5
227.5
206.5
238.0
191.5
191.5
88.0
161.5
169.0
212.5
212.5
184.0
179.5
221.5
100.0
197.5
224.5
197.5
173.5
214.0
196.0
199.0
202.0
206.5
196.0
22.0
79.0
199.0
178.0
146.5
167.5
187.0
119.5
176.5
208.0
178.0
184.0
76.0
212.5
202.0
200.5
185.5
97.0
116.5
199.0
194.5
190.0
215.5
202.0
188.5
124.0
178.0
169.0
194.5
163.0
217.0
74.5
211.0
191.5
73.0
212.5
155.5
118.0
80.5
172.0
155.5
118.0
199.0
202.0
127.0
152.5
196.0
100.0
155.5
197.5
212.5
67.0
122.5
166.0
170.5
178.0
193.0
199.0
80.5
49.0
191.5
160.0
227.5
158.5
148.0
229.0
175.0
178.0
146.5
208.0
106.0
199.0
121.0
149.5
134.5
205.0
149.5
202.0
226.0
199.0
182.5
217.0
214.0
217.0
200.5
203.5
119.5
47.5
206.5
215.5
176.5
11.5
194.5
142.0
173.5
79.0
164.5
115.0
157.0
236.5
158.5
209.5
206.5
226.0
179.5
142.0
208.0
226.0
235.0
148.0
187.0
209.5
151.0
118.0
34.0
212.5
205.0
71.5
212.5
194.5
208.0
68.5
70.0
205.0
127.0
161.5
175.0
188.5
181.0
38.5
212.5
194.5
173.5
250.0
32.5
199.0
86.5
194.5
178.0
136.0
173.5
100.0
227.5
188.5
200.5
221.5
217.0
130.0
25.0
193.0
215.5
155.5
223.0
220.0
206.5
203.5
185.5
197.5
214.0
101.5
215.5
112.0
229.0
190.0
148.0
88.0
182.5
197.5
217.0
140.5
187.0
202.0
143.5
176.5
38.5
194.5
212.5
200.5
167.5
220.0
214.0
223.0
233.5
92.5
128.5
121.0
175.0
224.5
50.5
199.0
113.5
131.5
212.5
238.0
215.5
110.5
208.0
187.0
196.0
223.0
137.5
160.0
146.5
226.0
202.0
163.0
116.5
34.0
190.0
205.0
239.5
224.5
173.5
187.0
154.0
100.0
155.5
199.0
86.5
142.0
184.0
181.0
224.5
208.0
191.5
230.5
199.0
232.0
188.5
220.0
181.0
206.5
68.5
182.5
190.0
28.0
133.0
212.5
172.0
122.5
194.5
206.5
40.0
136.0
160.0
194.5
188.5
155.5
76.0
196.0
178.0
164.5
218.5
208.0
166.0
173.5
146.5
208.0
226.0
221.5
226.0
61.0
226.0
203.5
190.0
134.5
215.5
215.5
167.5
155.5
178.0
205.0
104.5
112.0
172.0
205.0
184.0
155.5
119.5
226.0
125.5
199.0
224.5
218.5
169.0
181.0
193.0
188.5
191.5
160.0
164.5
145.0
106.0
224.5
203.5
217.0
214.0
154.0
76.0
199.0
185.5
199.0
182.5
206.5
212.5
46.0
161.5
166.0
205.0
53.5
206.5
229.0
220.0
217.0
221.5
68.5
214.0
202.0
160.0
203.5
80.5
209.5
173.5
182.5
77.5
238.0
200.5
61.0
101.5
190.0
161.5
211.0
187.0
202.0
215.5
227.5
197.5
223.0
203.5
133.0
137.5
92.5
206.5
212.5
181.0
191.5
179.5
215.5
196.0
173.5
193.0
193.0
217.0
185.5
226.0
142.0
32.5
218.5
91.0
205.0
218.5
113.5
40.0
214.0
47.5
166.0
215.5
206.5
131.5
211.0
164.5
158.5
187.0
157.0
205.0
73.0
221.5
221.5
203.5
233.5
218.5
196.0
193.0
218.5
214.0
238.0
161.5
70.0
211.0
191.5
197.5
178.0
217.0
167.5
202.0
166.0
205.0
158.5
70.0
148.0
196.0
215.5
223.0
208.0
146.5
205.0
161.5
26.5
215.5
233.5
115.0
197.5
40.0
83.5
179.5
223.0
155.5
221.5
229.0
152.5
214.0
140.5
187.0
227.5
220.0
151.0
218.5
173.5
170.5
224.5
208.0
229.0
44.5
74.5
139.0
218.5
145.0
199.0
178.0
157.0
230.5
226.0
200.5
130.0
121.0
190.0
223.0
203.5
223.0
206.5
151.0
205.0
226.0
209.5
119.5
94.0
250.0
193.0
190.0
241.0
182.5
145.0
143.5
194.5
179.5
124.0
191.5
206.5
236.5
211.0
130.0
212.5
49.0
172.0
199.0
229.0
181.0
193.0
140.5
208.0
163.0
176.5
191.5
220.0
71.5
224.5
173.5
116.5
140.5
218.5
212.5
145.0
205.0
230.5
224.5
184.0
137.5
209.5
80.5
215.5
181.0
194.5
200.5
182.5
158.5
107.5
190.0
202.0
160.0
214.0
194.5
194.5
59.5
172.0
235.0
152.5
157.0
206.5
224.5
161.5
176.5
143.5
221.5
155.5
182.5
17.5
227.5
209.5
157.0
50.5
173.5
209.5
52.0
223.0
197.5
169.0
92.5
217.0
151.0
188.5
128.5
175.0
98.5
220.0
122.5
173.5
163.0
157.0
155.5
214.0
86.5
149.5
83.5
214.0
152.5
211.0
179.5
170.5
136.0
214.0
49.0
229.0
218.5
157.0
227.5
131.5
134.5
149.5
236.5
139.0
181.0
86.5
179.5
184.0
217.0
182.5
211.0
154.0
206.5
191.5
154.0
199.0
221.5
109.0
98.5
214.0
122.5
190.0
103.0
196.0
211.0
227.5
209.5
145.0
88.0
202.0
179.5
196.0
226.0
224.5
205.0
61.0
109.0
223.0
166.0
226.0
79.0
157.0
197.5
200.5
146.5
137.5
116.5
209.5
217.0
149.5
118.0
163.0
202.0
235.0
50.5
208.0
196.0
73.0
163.0
194.5
200.5
131.5
227.5
238.0
196.0
67.0
220.0
215.5
215.5
215.5
133.0
46.0
218.5
181.0
184.0
163.0
175.0
191.5
223.0
197.5
182.5
218.5
128.5
185.5
97.0
244.0
94.0
140.5
145.0
59.5
184.0
22.0
187.0
134.5
172.0
191.5
196.0
205.0
196.0
200.5
10.0
223.0
203.5
167.5
76.0
167.5
220.0
188.5
229.0
199.0
197.5
196.0
203.5
64.0
209.5
146.5
220.0
125.5
197.5
199.0
229.0
202.0
214.0
223.0
11.5
55.0
163.0
161.5
133.0
170.5
149.5
209.5
73.0
194.5
197.5
38.5
224.5
203.5
226.0
185.5
197.5
194.5
28.0
190.0
232.0
107.5
67.0
101.5
223.0
224.5
209.5
134.5
166.0
137.5
113.5
79.0
127.0
194.5
157.0
149.5
181.0
194.5
230.5
245.5
208.0
185.5
182.5
137.5
209.5
181.0
197.5
104.5
206.5
59.5
199.0
224.5
161.5
215.5
176.5
218.5
197.5
61.0
124.0
215.5
65.5
196.0
152.5
134.5
80.5
98.5
203.5
182.5
124.0
226.0
223.0
188.5
214.0
161.5
224.5
200.5
239.5
151.0
214.0
128.5
148.0
224.5
193.0
179.5
209.5
215.5
151.0
200.5
104.5
175.0
188.5
62.5
104.5
137.5
226.0
208.0
218.5
226.0
199.0
95.5
223.0
167.5
152.5
173.5
154.0
212.5
97.0
184.0
190.0
146.5
211.0
176.5
182.5
124.0
176.5
82.0
220.0
191.5
227.5
218.5
217.0
217.0
199.0
164.5
134.5
193.0
74.5
82.0
173.5
200.5
152.5
199.0
136.0
202.0
206.5
215.5
125.5
190.0
214.0
203.5
197.5
164.5
224.5
154.0
227.5
143.5
149.5
50.5
125.5
185.5
229.0
208.0
173.5
217.0
70.0
200.5
152.5
226.0
187.0
211.0
184.0
218.5
190.0
200.5
196.0
223.0
70.0
112.0
130.0
248.5
170.5
241.0
221.5
83.5
170.5
62.5
212.5
203.5
164.5
209.5
155.5
199.0
157.0
175.0
176.5
227.5
70.0
197.5
209.5
167.5
214.0
133.0
217.0
115.0
193.0
229.0
101.5
197.5
104.5
139.0
214.0
169.0
97.0
95.5
217.0
182.5
218.5
218.5
205.0
220.0
113.5
175.0
148.0
197.5
211.0
167.5
215.5
217.0
181.0
208.0
218.5
199.0
209.5
211.0
188.5
194.5
118.0
226.0
154.0
229.0
127.0
128.5
227.5
167.5
193.0
137.5
199.0
91.0
202.0
214.0
109.0
115.0
73.0
115.0
92.5
202.0
209.5
104.5
209.5
199.0
211.0
167.5
206.5
28.0
104.5
190.0
211.0
173.5
196.0
227.5
104.5
173.5
170.5
200.5
184.0
190.0
209.5
95.5
175.0
203.5
223.0
112.0
212.5
214.0
85.0
61.0
163.0
206.5
193.0
223.0
190.0
188.5
233.5
142.0
229.0
212.5
68.5
220.0
205.0
179.5
118.0
143.5
205.0
229.0
154.0
224.5
173.5
202.0
182.5
107.5
187.0
181.0
134.5
196.0
134.5
169.0
218.5
200.5
227.5
227.5
119.5
97.0
101.5
194.5
224.5
185.5
179.5
152.5
178.0
64.0
211.0
110.5
233.5
170.5
244.0
176.5
80.5
236.5
115.0
200.5
206.5
217.0
125.5
143.5
181.0
122.5
200.5
64.0
140.5
146.5
185.5
199.0
212.5
197.5
191.5
76.0
221.5
184.0
178.0
188.5
169.0
118.0
191.5
151.0
161.5
74.5
173.5
200.5
217.0
188.5
175.0
62.5
206.5
199.0
209.5
232.0
188.5
215.5
134.5
187.0
101.5
185.5
160.0
85.0
157.0
214.0
154.0
38.5
134.5
103.0
200.5
218.5
155.5
221.5
217.0
59.5
208.0
200.5
149.5
37.0
176.5
181.0
164.5
49.0
134.5
181.0
221.5
116.5
158.5
206.5
161.5
215.5
184.0
118.0
217.0
167.5
155.5
227.5
196.0
223.0
154.0
190.0
182.5
181.0
164.5
152.5
125.5
194.5
205.0
236.5
190.0
223.0
190.0
169.0
208.0
38.5
166.0
157.0
125.5
202.0
107.5
184.0
230.5
148.0
172.0
161.5
98.5
221.5
158.5
194.5
199.0
220.0
71.5
181.0
149.5
196.0
148.0
179.5
104.5
73.0
104.5
35.5
199.0
181.0
215.5
215.5
155.5
92.5
208.0
185.5
193.0
154.0
214.0
188.5
199.0
238.0
148.0
83.5
160.0
206.5
161.5
209.5
211.0
235.0
176.5
151.0
178.0
199.0
233.5
158.5
175.0
140.5
218.5
49.0
158.5
176.5
170.5
194.5
194.5
202.0
209.5
49.0
206.5
191.5
94.0
220.0
76.0
224.5
220.0
191.5
206.5
116.5
197.5
193.0
208.0
146.5
179.5
209.5
137.5
200.5
53.5
211.0
184.0
98.5
194.5
205.0
188.5
151.0
179.5
196.0
211.0
197.5
179.5
212.5
214.0
209.5
191.5
163.0
199.0
155.5
220.0
236.5
88.0
230.5
127.0
232.0
178.0
173.5
145.0
169.0
229.0
170.5
200.5
182.5
181.0
65.5
215.5
224.5
140.5
227.5
190.0
185.5
221.5
218.5
74.5
154.0
185.5
193.0
194.5
172.0
58.0
107.5
179.5
193.0
199.0
121.0
184.0
184.0
172.0
31.0
217.0
50.5
176.5
146.5
97.0
205.0
94.0
206.5
59.5
194.5
203.5
178.0
176.5
233.5
205.0
179.5
173.5
197.5
200.5
133.0
188.5
53.5
173.5
199.0
145.0
164.5
214.0
206.5
182.5
235.0
214.0
221.5
212.5
197.5
167.5
145.0
191.5
208.0
205.0
227.5
169.0
215.5
197.5
197.5
220.0
220.0
215.5
163.0
175.0
211.0
205.0
199.0
115.0
194.5
218.5
118.0
217.0
214.0
173.5
88.0
226.0
152.5
212.5
245.5
122.5
194.5
178.0
178.0
101.5
200.5
161.5
116.5
167.5
187.0
154.0
136.0
107.5
113.5
184.0
206.5
173.5
203.5
205.0
221.5
223.0
181.0
224.5
83.5
55.0
161.5
199.0
209.5
194.5
124.0
194.5
67.0
190.0
223.0
164.5
190.0
188.5
175.0
194.5
56.5
41.5
164.5
212.5
202.0
196.0
220.0
199.0
176.5
122.5
203.5
196.0
113.5
176.5
242.5
199.0
211.0
214.0
202.0
203.5
125.5
191.5
176.5
199.0
182.5
199.0
223.0
142.0
169.0
221.5
179.5
179.5
184.0
205.0
97.0
181.0
212.5
163.0
143.5
203.5
226.0
194.5
101.5
137.5
176.5
194.5
182.5
130.0
223.0
193.0
179.5
134.5
191.5
208.0
209.5
193.0
199.0
193.0
197.5
163.0
70.0
236.5
206.5
166.0
184.0
121.0
224.5
194.5
224.5
130.0
124.0
209.5
202.0
190.0
100.0
107.5
176.5
218.5
190.0
205.0
227.5
233.5
164.5
127.0
191.5
194.5
103.0
161.5
223.0
199.0
172.0
152.5
217.0
191.5
217.0
206.5
206.5
221.5
101.5
109.0
200.5
56.5
113.5
146.5
157.0
214.0
209.5
176.5
166.0
187.0
205.0
188.5
35.5
181.0
152.5
221.5
212.5
193.0
155.5
223.0
230.5
196.0
181.0
187.0
86.5
199.0
146.5
77.5
194.5
205.0
215.5
212.5
74.5
193.0
98.5
146.5
76.0
67.0
70.0
181.0
215.5
149.5
190.0
217.0
127.0
140.5
157.0
175.0
83.5
185.5
191.5
230.5
200.5
173.5
175.0
178.0
157.0
227.5
134.5
191.5
20.5
139.0
52.0
202.0
193.0
235.0
157.0
95.5
209.5
148.0
161.5
217.0
170.5
193.0
190.0
181.0
239.5
193.0
220.0
212.5
208.0
188.5
182.5
202.0
205.0
166.0
209.5
136.0
160.0
173.5
91.0
91.0
215.5
175.0
220.0
50.5
130.0
142.0
212.5
164.5
172.0
235.0
203.5
190.0
130.0
124.0
218.5
194.5
194.5
38.5
197.5
220.0
115.0
212.5
169.0
152.5
196.0
193.0
182.5
191.5
202.0
217.0
230.5
208.0
100.0
173.5
106.0
200.5
209.5
215.5
226.0
220.0
187.0
173.5
196.0
220.0
175.0
206.5
241.0
182.5
196.0
218.5
175.0
47.5
233.5
182.5
112.0
160.0
101.5
145.0
190.0
209.5
188.5
197.5
167.5
121.0
97.0
217.0
209.5
200.5
58.0
190.0
224.5
185.5
118.0
211.0
22.0
223.0
188.5
181.0
59.5
194.5
206.5
161.5
103.0
187.0
194.5
175.0
125.5
128.5
70.0
131.5
208.0
182.5
221.5
221.5
157.0
197.5
188.5
209.5
190.0
175.0
232.0
46.0
221.5
119.5
187.0
85.0
232.0
190.0
226.0
143.5
220.0
170.5
29.5
191.5
161.5
68.5
163.0
166.0
142.0
161.5
223.0
197.5
212.5
74.5
181.0
136.0
208.0
241.0
226.0
184.0
148.0
83.5
142.0
200.5
25.0
218.5
157.0
211.0
191.5
107.5
169.0
149.5
197.5
116.5
179.5
232.0
214.0
221.5
218.5
185.5
119.5
154.0
121.0
206.5
155.5
223.0
181.0
124.0
113.5
133.0
224.5
130.0
140.5
214.0
35.5
233.5
217.0
223.0
202.0
131.5
224.5
43.0
134.5
131.5
202.0
59.5
22.0
146.5
221.5
220.0
196.0
167.5
206.5
104.5
173.5
136.0
31.0
173.5
208.0
224.5
224.5
79.0
148.0
227.5
202.0
97.0
28.0
205.0
224.5
38.5
53.5
116.5
76.0
70.0
137.5
235.0
182.5
68.5
185.5
161.5
215.5
217.0
241.0
190.0
140.5
220.0
170.5
187.0
203.5
179.5
188.5
169.0
205.0
140.5
227.5
185.5
97.0
191.5
209.5
211.0
173.5
202.0
229.0
211.0
172.0
98.5
101.5
98.5
217.0
238.0
176.5
229.0
227.5
221.5
217.0
221.5
62.5
221.5
227.5
166.0
214.0
218.5
134.5
86.5
146.5
223.0
211.0
226.0
218.5
184.0
196.0
169.0
191.5
59.5
205.0
188.5
235.0
181.0
212.5
172.0
32.5
148.0
214.0
170.5
110.5
197.5
223.0
41.5
79.0
163.0
221.5
188.5
38.5
209.5
188.5
101.5
65.5
187.0
221.5
188.5
188.5
94.0
170.5
223.0
193.0
230.5
157.0
218.5
193.0
203.5
134.5
133.0
166.0
214.0
212.5
167.5
209.5
152.5
230.5
182.5
211.0
38.5
223.0
128.5
155.5
196.0
190.0
227.5
176.5
130.0
224.5
160.0
217.0
203.5
41.5
224.5
230.5
214.0
233.5
191.5
155.5
202.0
223.0
109.0
64.0
214.0
232.0
197.5
152.5
185.5
197.5
197.5
26.5
215.5
212.5
38.5
193.0
220.0
119.5
203.5
182.5
101.5
230.5
170.5
148.0
149.5
203.5
83.5
202.0
217.0
109.0
206.5
230.5
220.0
185.5
206.5
71.5
140.5
80.5
50.5
59.5
131.5
187.0
163.0
205.0
157.0
232.0
188.5
76.0
101.5
205.0
172.0
217.0
196.0
163.0
58.0
224.5
128.5
199.0
224.5
184.0
202.0
176.5
80.5
218.5
197.5
206.5
104.5
146.5
166.0
143.5
217.0
199.0
203.5
166.0
194.5
184.0
224.5
214.0
16.0
236.5
98.5
200.5
158.5
88.0
197.5
176.5
209.5
184.0
73.0
199.0
218.5
227.5
175.0
121.0
221.5
35.5
211.0
154.0
212.5
188.5
229.0
208.0
191.5
229.0
67.0
71.5
202.0
199.0
181.0
77.5
124.0
146.5
214.0
223.0
203.5
164.5
112.0
199.0
193.0
223.0
227.5
56.5
185.5
224.5
182.5
209.5
31.0
218.5
205.0
223.0
208.0
212.5
31.0
197.5
136.0
197.5
44.5
173.5
149.5
188.5
154.0
121.0
49.0
227.5
197.5
149.5
49.0
173.5
169.0
158.5
169.0
121.0
107.5
163.0
196.0
221.5
223.0
128.5
203.5
236.5
127.0
125.5
137.5
143.5
182.5
185.5
221.5
211.0
191.5
163.0
68.5
185.5
107.5
166.0
214.0
199.0
188.5
205.0
64.0
188.5
169.0
214.0
97.0
224.5
212.5
212.5
226.0
224.5
224.5
91.0
202.0
100.0
209.5
209.5
164.5
185.5
155.5
220.0
190.0
100.0
136.0
211.0
188.5
203.5
103.0
82.0
217.0
193.0
8.5
136.0
53.5
221.5
134.5
214.0
229.0
217.0
89.5
98.5
187.0
200.5
197.5
161.5
206.5
142.0
82.0
191.5
149.5
179.5
116.5
224.5
200.5
211.0
181.0
130.0
188.5
232.0
172.0
199.0
94.0
134.5
200.5
203.5
175.0
197.5
209.5
212.5
184.0
224.5
209.5
212.5
107.5
142.0
223.0
47.5
109.0
94.0
143.5
184.0
232.0
155.5
140.5
173.5
148.0
175.0
178.0
200.5
52.0
52.0
184.0
212.5
188.5
166.0
223.0
110.5
203.5
196.0
157.0
148.0
218.5
182.5
190.0
121.0
155.5
133.0
130.0
227.5
233.5
34.0
239.5
113.5
193.0
50.5
50.5
212.5
206.5
184.0
151.0
223.0
25.0
221.5
155.5
218.5
212.5
118.0
154.0
175.0
212.5
151.0
214.0
101.5
164.5
187.0
125.5
152.5
223.0
193.0
239.5
109.0
86.5
217.0
193.0
221.5
202.0
209.5
215.5
139.0
155.5
164.5
184.0
40.0
212.5
164.5
166.0
149.5
227.5
109.0
200.5
208.0
160.0
64.0
209.5
190.0
208.0
215.5
218.5
181.0
200.5
142.0
172.0
202.0
214.0
43.0
214.0
223.0
218.5
131.5
107.5
95.5
181.0
157.0
107.5
136.0
127.0
80.5
172.0
194.5
184.0
119.5
235.0
206.5
173.5
200.5
182.5
214.0
182.5
55.0
196.0
215.5
151.0
221.5
184.0
215.5
215.5
62.5
80.5
22.0
190.0
220.0
221.5
175.0
181.0
203.5
155.5
226.0
196.0
197.5
205.0
29.5
179.5
217.0
191.5
220.0
209.5
208.0
172.0
125.5
200.5
220.0
176.5
56.5
161.5
212.5
194.5
214.0
160.0
82.0
226.0
194.5
202.0
83.5
182.5
229.0
206.5
187.0
208.0
184.0
146.5
188.5
160.0
181.0
154.0
235.0
100.0
206.5
146.5
226.0
220.0
164.5
95.5
140.5
220.0
221.5
212.5
191.5
218.5
208.0
179.5
190.0
199.0
221.5
226.0
164.5
224.5
208.0
95.5
205.0
184.0
218.5
50.5
212.5
17.5
178.0
110.5
221.5
119.5
163.0
176.5
109.0
131.5
146.5
205.0
220.0
194.5
194.5
205.0
203.5
206.5
103.0
112.0
182.5
187.0
202.0
178.0
230.5
199.0
211.0
221.5
245.5
199.0
155.5
94.0
200.5
187.0
151.0
143.5
188.5
224.5
218.5
187.0
158.5
211.0
211.0
215.5
182.5
173.5
125.5
167.5
169.0
221.5
173.5
209.5
199.0
209.5
166.0
203.5
23.5
175.0
88.0
146.5
187.0
161.5
193.0
215.5
238.0
196.0
184.0
154.0
202.0
203.5
137.5
209.5
206.5
200.5
178.0
43.0
202.0
128.5
136.0
221.5
146.5
62.5
161.5
38.5
85.0
142.0
184.0
122.5
181.0
227.5
137.5
83.5
166.0
209.5
173.5
104.5
97.0
158.5
205.0
227.5
4.0
187.0
230.5
68.5
193.0
223.0
218.5
236.5
157.0
221.5
187.0
161.5
200.5
95.5
244.0
109.0
43.0
101.5
196.0
199.0
200.5
112.0
208.0
169.0
218.5
139.0
157.0
203.5
209.5
214.0
166.0
187.0
214.0
110.5
5.5
214.0
182.5
199.0
41.5
130.0
218.5
203.5
220.0
184.0
82.0
197.5
205.0
55.0
179.5
170.5
199.0
181.0
157.0
169.0
227.5
163.0
205.0
242.5
227.5
187.0
157.0
235.0
197.5
154.0
77.5
164.5
107.5
199.0
224.5
193.0
208.0
217.0
199.0
173.5
223.0
130.0
200.5
197.5
200.5
151.0
31.0
13.0
172.0
208.0
205.0
215.5
142.0
190.0
44.5
218.5
173.5
203.5
164.5
62.5
178.0
128.5
124.0
232.0
112.0
167.5
223.0
82.0
146.5
127.0
220.0
203.5
223.0
125.5
173.5
149.5
151.0
235.0
127.0
131.5
224.5
220.0
203.5
221.5
229.0
197.5
86.5
191.5
145.0
97.0
200.5
154.0
217.0
218.5
187.0
212.5
223.0
137.5
199.0
152.5
52.0
224.5
184.0
95.5
175.0
230.5
223.0
203.5
233.5
209.5
115.0
8.5
221.5
208.0
232.0
193.0
173.5
31.0
55.0
224.5
133.0
146.5
185.5
217.0
182.5
173.5
205.0
67.0
44.5
148.0
56.5
190.0
227.5
203.5
205.0
37.0
116.5
92.5
208.0
124.0
193.0
185.5
167.5
209.5
232.0
179.5
106.0
101.5
139.0
194.5
193.0
34.0
200.5
223.0
103.0
167.5
155.5
218.5
190.0
217.0
71.5
233.5
224.5
232.0
127.0
226.0
194.5
188.5
203.5
170.5
70.0
170.5
136.0
181.0
217.0
212.5
173.5
146.5
136.0
218.5
215.5
113.5
218.5
184.0
166.0
164.5
203.5
155.5
233.5
215.5
74.5
197.5
188.5
173.5
238.0
185.5
158.5
160.0
181.0
122.5
184.0
193.0
128.5
209.5
205.0
163.0
100.0
58.0
89.5
170.5
203.5
173.5
227.5
74.5
208.0
157.0
209.5
185.5
196.0
206.5
164.5
230.5
119.5
163.0
208.0
121.0
185.5
184.0
188.5
218.5
211.0
190.0
223.0
181.0
193.0
167.5
215.5
221.5
232.0
155.5
181.0
239.5
218.5
197.5
134.5
202.0
121.0
173.5
233.5
181.0
109.0
196.0
224.5
184.0
193.0
130.0
143.5
178.0
185.5
184.0
220.0
205.0
76.0
127.0
197.5
197.5
191.5
196.0
101.5
242.5
79.0
205.0
202.0
166.0
212.5
146.5
182.5
226.0
154.0
211.0
178.0
184.0
194.5
217.0
197.5
200.5
209.5
208.0
104.5
223.0
179.5
26.5
149.5
169.0
191.5
217.0
224.5
154.0
208.0
178.0
193.0
184.0
218.5
161.5
227.5
214.0
52.0
223.0
167.5
124.0
14.5
160.0
226.0
161.5
229.0
232.0
109.0
76.0
211.0
128.5
191.5
176.5
97.0
164.5
119.5
166.0
188.5
196.0
235.0
214.0
170.5
229.0
215.5
26.5
178.0
200.5
172.0
169.0
217.0
158.5
214.0
215.5
229.0
193.0
233.5
181.0
236.5
197.5
218.5
166.0
125.5
196.0
187.0
226.0
221.5
209.5
164.5
214.0
152.5
194.5
218.5
185.5
166.0
217.0
5.5
86.5
205.0
196.0
200.5
182.5
200.5
79.0
233.5
109.0
128.5
182.5
199.0
214.0
230.5
71.5
128.5
215.5
161.5
193.0
227.5
215.5
212.5
59.5
209.5
218.5
112.0
152.5
110.5
181.0
94.0
218.5
52.0
223.0
230.5
199.0
220.0
208.0
188.5
208.0
158.5
181.0
224.5
173.5
185.5
128.5
161.5
214.0
202.0
236.5
223.0
77.5
187.0
217.0
212.5
164.5
203.5
212.5
202.0
215.5
214.0
221.5
212.5
88.0
155.5
209.5
118.0
59.5
227.5
164.5
200.5
161.5
223.0
214.0
175.0
164.5
190.0
199.0
202.0
188.5
146.5
199.0
217.0
88.0
221.5
169.0
58.0
154.0
233.5
227.5
205.0
169.0
215.5
167.5
220.0
149.5
224.5
194.5
197.5
166.0
220.0
199.0
194.5
91.0
205.0
232.0
209.5
158.5
206.5
218.5
85.0
203.5
203.5
188.5
97.0
184.0
109.0
10.0
181.0
212.5
188.5
193.0
169.0
200.5
200.5
224.5
188.5
163.0
103.0
163.0
193.0
245.5
185.5
181.0
182.5
226.0
193.0
194.5
172.0
205.0
209.5
194.5
163.0
194.5
139.0
196.0
196.0
118.0
220.0
205.0
166.0
217.0
196.0
235.0
214.0
202.0
193.0
224.5
172.0
169.0
232.0
182.5
137.5
223.0
191.5
206.5
191.5
79.0
193.0
193.0
211.0
227.5
64.0
223.0
142.0
26.5
184.0
164.5
229.0
233.5
184.0
220.0
73.0
203.5
197.5
185.5
109.0
169.0
235.0
74.5
211.0
94.0
182.5
202.0
161.5
199.0
161.5
76.0
181.0
142.0
172.0
197.5
205.0
190.0
71.5
173.5
163.0
85.0
170.5
118.0
151.0
163.0
152.5
212.5
173.5
200.5
205.0
130.0
104.5
178.0
181.0
137.5
208.0
34.0
214.0
236.5
206.5
239.5
85.0
191.5
181.0
193.0
215.5
23.5
173.5
122.5
163.0
178.0
173.5
206.5
155.5
34.0
196.0
37.0
170.5
191.5
214.0
172.0
140.5
106.0
206.5
179.5
83.5
205.0
158.5
172.0
151.0
212.5
193.0
203.5
190.0
97.0
218.5
224.5
74.5
52.0
221.5
229.0
191.5
166.0
38.5
95.5
128.5
145.0
209.5
196.0
49.0
142.0
50.5
215.5
236.5
173.5
149.5
107.5
166.0
224.5
124.0
194.5
191.5
226.0
182.5
74.5
194.5
56.5
196.0
143.5
200.5
199.0
76.0
202.0
218.5
217.0
238.0
182.5
190.0
212.5
149.5
232.0
193.0
178.0
134.5
220.0
161.5
184.0
194.5
176.5
214.0
221.5
205.0
175.0
229.0
227.5
122.5
88.0
37.0
209.5
26.5
184.0
218.5
241.0
169.0
196.0
137.5
149.5
209.5
217.0
221.5
160.0
59.5
208.0
230.5
218.5
202.0
209.5
220.0
211.0
79.0
233.5
167.5
193.0
68.5
197.5
190.0
202.0
194.5
217.0
191.5
106.0
160.0
173.5
232.0
173.5
29.5
197.5
64.0
203.5
185.5
191.5
184.0
44.5
182.5
79.0
176.5
154.0
200.5
20.5
161.5
194.5
203.5
172.0
229.0
157.0
197.5
170.5
223.0
218.5
82.0
206.5
220.0
47.5
203.5
214.0
178.0
214.0
197.5
152.5
178.0
106.0
157.0
203.5
20.5
178.0
209.5
191.5
194.5
188.5
224.5
209.5
43.0
205.0
218.5
170.5
205.0
143.5
220.0
227.5
233.5
226.0
145.0
137.5
206.5
197.5
187.0
137.5
211.0
199.0
178.0
229.0
208.0
221.5
200.5
169.0
193.0
203.5
217.0
200.5
175.0
215.5
196.0
224.5
223.0
181.0
224.5
163.0
184.0
188.5
185.5
220.0
92.5
217.0
221.5
203.5
208.0
220.0
182.5
194.5
179.5
194.5
209.5
181.0
214.0
202.0
79.0
184.0
155.5
242.5
50.5
215.5
206.5
220.0
188.5
190.0
91.0
223.0
211.0
130.0
71.5
220.0
239.5
211.0
179.5
205.0
98.5
191.5
209.5
178.0
220.0
206.5
205.0
208.0
211.0
167.5
188.5
203.5
214.0
161.5
104.5
227.5
226.0
206.5
251.5
178.0
203.5
191.5
128.5
229.0
152.5
209.5
134.5
203.5
32.5
175.0
142.0
97.0
203.5
169.0
218.5
209.5
224.5
224.5
221.5
137.5
175.0
140.5
124.0
191.5
187.0
193.0
116.5
140.5
214.0
211.0
161.5
103.0
149.5
233.5
232.0
182.5
181.0
220.0
164.5
214.0
170.5
236.5
121.0
227.5
173.5
241.0
197.5
169.0
221.5
154.0
163.0
215.5
107.5
215.5
166.0
215.5
217.0
215.5
224.5
202.0
103.0
184.0
193.0
155.5
38.5
158.5
202.0
110.5
175.0
230.5
193.0
224.5
191.5
187.0
179.5
119.5
121.0
224.5
211.0
149.5
103.0
236.5
167.5
133.0
98.5
40.0
112.0
214.0
199.0
182.5
199.0
227.5
233.5
166.0
92.5
250.0
14.5
229.0
233.5
55.0
52.0
187.0
232.0
235.0
182.5
230.5
167.5
122.5
218.5
211.0
191.5
197.5
230.5
136.0
83.5
58.0
77.5
82.0
152.5
62.5
217.0
208.0
163.0
236.5
170.5
133.0
62.5
211.0
173.5
118.0
226.0
179.5
74.5
182.5
133.0
187.0
83.5
212.5
236.5
187.0
158.5
166.0
178.0
107.5
203.5
220.0
145.0
226.0
154.0
83.5
151.0
184.0
137.5
176.5
196.0
122.5
196.0
136.0
116.5
53.5
97.0
224.5
64.0
169.0
197.5
211.0
221.5
206.5
140.5
115.0
79.0
241.0
190.0
95.5
196.0
181.0
214.0
187.0
209.5
238.0
55.0
134.5
206.5
196.0
133.0
191.5
194.5
49.0
229.0
151.0
106.0
176.5
145.0
191.5
31.0
206.5
170.5
169.0
182.5
229.0
209.5
217.0
215.5
217.0
92.5
224.5
170.5
238.0
199.0
106.0
164.5
203.5
173.5
230.5
89.5
20.5
226.0
214.0
185.5
230.5
160.0
92.5
224.5
232.0
200.5
166.0
103.0
236.5
77.5
163.0
203.5
223.0
43.0
197.5
203.5
199.0
199.0
163.0
229.0
181.0
122.5
38.5
205.0
182.5
191.5
80.5
202.0
182.5
133.0
176.5
136.0
238.0
56.5
104.5
200.5
188.5
35.5
226.0
188.5
209.5
229.0
160.0
170.5
215.5
199.0
191.5
185.5
209.5
134.5
223.0
163.0
44.5
205.0
230.5
187.0
134.5
46.0
221.5
214.0
182.5
202.0
29.5
170.5
95.5
167.5
223.0
112.0
178.0
233.5
190.0
32.5
146.5
221.5
41.5
218.5
206.5
203.5
97.0
190.0
175.0
215.5
200.5
197.5
218.5
200.5
203.5
173.5
142.0
209.5
163.0
47.5
133.0
149.5
197.5
136.0
202.0
191.5
202.0
170.5
202.0
206.5
223.0
218.5
223.0
151.0
140.5
68.5
190.0
169.0
115.0
202.0
205.0
226.0
166.0
148.0
22.0
203.5
205.0
79.0
236.5
68.5
181.0
92.5
211.0
220.0
179.5
175.0
197.5
211.0
233.5
194.5
202.0
205.0
199.0
218.5
211.0
97.0
230.5
67.0
242.5
196.0
185.5
83.5
212.5
172.0
221.5
11.5
218.5
184.0
167.5
211.0
208.0
175.0
136.0
179.5
152.5
200.5
188.5
215.5
94.0
187.0
208.0
230.5
184.0
205.0
218.5
220.0
163.0
139.0
152.5
185.5
197.5
194.5
143.5
221.5
113.5
191.5
227.5
205.0
166.0
92.5
142.0
200.5
241.0
227.5
154.0
181.0
139.0
223.0
82.0
203.5
211.0
223.0
217.0
59.5
226.0
197.5
97.0
142.0
220.0
200.5
196.0
101.5
199.0
197.5
214.0
208.0
191.5
145.0
196.0
181.0
169.0
166.0
148.0
92.5
160.0
110.5
130.0
196.0
190.0
179.5
191.5
76.0
230.5
160.0
160.0
208.0
185.5
13.0
220.0
170.5
149.5
226.0
139.0
196.0
167.5
41.5
182.5
94.0
142.0
146.5
199.0
188.5
55.0
134.5
181.0
163.0
163.0
19.0
152.5
166.0
49.0
67.0
206.5
164.5
119.5
184.0
188.5
190.0
76.0
203.5
208.0
178.0
160.0
193.0
176.5
121.0
208.0
169.0
130.0
173.5
178.0
74.5
124.0
208.0
145.0
74.5
128.5
190.0
130.0
209.5
184.0
223.0
220.0
149.5
139.0
77.5
148.0
220.0
175.0
121.0
113.5
55.0
164.5
109.0
217.0
238.0
202.0
184.0
209.5
221.5
145.0
178.0
197.5
226.0
190.0
157.0
200.5
175.0
197.5
200.5
200.5
179.5
82.0
128.5
215.5
221.5
127.0
95.5
191.5
184.0
166.0
208.0
128.5
227.5
152.5
148.0
196.0
68.5
148.0
208.0
194.5
199.0
140.5
188.5
113.5
170.5
158.5
160.0
116.5
157.0
212.5
100.0
224.5
185.5
226.0
215.5
196.0
182.5
154.0
220.0
125.5
191.5
154.0
88.0
167.5
170.5
172.0
170.5
217.0
226.0
178.0
185.5
185.5
206.5
188.5
193.0
95.5
176.5
205.0
161.5
206.5
217.0
215.5
116.5
190.0
209.5
233.5
146.5
202.0
233.5
209.5
182.5
8.5
203.5
196.0
220.0
197.5
199.0
98.5
220.0
187.0
148.0
175.0
226.0
227.5
197.5
185.5
86.5
194.5
149.5
140.5
55.0
218.5
212.5
235.0
190.0
166.0
224.5
214.0
224.5
187.0
197.5
211.0
224.5
194.5
146.5
160.0
176.5
89.5
202.0
176.5
95.5
185.5
157.0
190.0
202.0
200.5
224.5
101.5
221.5
230.5
200.5
145.0
160.0
212.5
152.5
167.5
181.0
142.0
110.5
179.5
104.5
226.0
170.5
164.5
121.0
199.0
215.5
200.5
149.5
169.0
172.0
223.0
40.0
128.5
173.5
209.5
92.5
193.0
37.0
221.5
109.0
223.0
184.0
142.0
209.5
148.0
121.0
236.5
221.5
208.0
172.0
134.5
184.0
190.0
157.0
176.5
205.0
167.5
181.0
212.5
191.5
197.5
136.0
140.5
127.0
173.5
134.5
220.0
206.5
181.0
182.5
82.0
175.0
86.5
149.5
229.0
220.0
238.0
199.0
173.5
148.0
206.5
103.0
64.0
155.5
193.0
224.5
139.0
217.0
55.0
155.5
188.5
194.5
155.5
197.5
217.0
229.0
104.5
194.5
209.5
190.0
217.0
184.0
215.5
50.5
185.5
208.0
47.5
34.0
215.5
196.0
62.5
152.5
160.0
197.5
73.0
164.5
199.0
185.5
215.5
221.5
143.5
170.5
175.0
142.0
98.5
155.5
166.0
194.5
230.5
190.0
166.0
106.0
221.5
197.5
122.5
215.5
218.5
211.0
133.0
167.5
130.0
194.5
107.5
197.5
197.5
92.5
202.0
149.5
143.5
215.5
208.0
223.0
205.0
221.5
155.5
214.0
170.5
239.5
203.5
47.5
187.0
194.5
181.0
230.5
214.0
244.0
58.0
190.0
154.0
184.0
107.5
74.5
196.0
187.0
221.5
214.0
116.5
202.0
191.5
151.0
206.5
215.5
238.0
149.5
113.5
227.5
233.5
208.0
175.0
172.0
208.0
128.5
220.0
112.0
193.0
92.5
184.0
185.5
178.0
203.5
206.5
149.5
142.0
221.5
131.5
188.5
196.0
203.5
161.5
208.0
187.0
176.5
181.0
169.0
146.5
202.0
169.0
200.5
145.0
203.5
92.5
218.5
115.0
221.5
82.0
202.0
139.0
203.5
203.5
146.5
161.5
152.5
196.0
139.0
209.5
190.0
236.5
220.0
34.0
199.0
124.0
187.0
163.0
215.5
127.0
209.5
211.0
116.5
25.0
62.5
62.5
191.5
152.5
101.5
214.0
209.5
206.5
112.0
107.5
178.0
188.5
112.0
218.5
197.5
221.5
158.5
104.5
217.0
146.5
211.0
136.0
169.0
218.5
52.0
110.5
202.0
221.5
160.0
206.5
226.0
214.0
145.0
181.0
166.0
232.0
175.0
193.0
188.5
211.0
158.5
208.0
196.0
7.0
227.5
173.5
140.5
185.5
125.5
218.5
146.5
185.5
170.5
223.0
205.0
106.0
176.5
206.5
110.5
229.0
211.0
161.5
154.0
100.0
223.0
181.0
193.0
214.0
197.5
208.0
176.5
49.0
200.5
215.5
152.5
205.0
109.0
190.0
109.0
103.0
211.0
226.0
199.0
224.5
212.5
139.0
179.5
148.0
188.5
197.5
205.0
178.0
125.5
227.5
80.5
191.5
157.0
155.5
202.0
167.5
209.5
137.5
35.5
55.0
164.5
211.0
187.0
209.5
121.0
193.0
206.5
214.0
179.5
161.5
191.5
202.0
91.0
217.0
197.5
143.5
37.0
215.5
98.5
71.5
187.0
151.0
182.5
158.5
209.5
110.5
202.0
175.0
98.5
154.0
137.5
163.0
214.0
136.0
227.5
121.0
184.0
134.5
199.0
181.0
208.0
164.5
224.5
179.5
191.5
194.5
155.5
193.0
214.0
224.5
41.5
217.0
136.0
200.5
218.5
208.0
73.0
196.0
226.0
206.5
170.5
125.5
35.5
182.5
205.0
46.0
31.0
190.0
182.5
215.5
37.0
211.0
226.0
220.0
185.5
149.5
205.0
229.0
212.5
161.5
26.5
172.0
233.5
179.5
224.5
220.0
206.5
154.0
197.5
218.5
206.5
110.5
181.0
167.5
220.0
194.5
74.5
229.0
182.5
152.5
188.5
157.0
184.0
220.0
226.0
196.0
212.5
193.0
206.5
200.5
193.0
194.5
220.0
176.5
227.5
203.5
187.0
154.0
227.5
181.0
170.5
167.5
202.0
196.0
196.0
220.0
226.0
230.5
167.5
134.5
182.5
179.5
206.5
154.0
185.5
205.0
199.0
190.0
203.5
68.5
220.0
236.5
85.0
187.0
148.0
134.5
188.5
202.0
220.0
203.5
214.0
172.0
140.5
146.5
140.5
202.0
199.0
95.5
188.5
160.0
217.0
178.0
193.0
143.5
208.0
230.5
200.5
211.0
182.5
182.5
80.5
167.5
170.5
187.0
233.5
203.5
139.0
23.5
149.5
175.0
187.0
151.0
164.5
226.0
224.5
175.0
224.5
230.5
163.0
175.0
184.0
197.5
218.5
221.5
178.0
176.5
182.5
149.5
49.0
203.5
197.5
238.0
194.5
64.0
193.0
206.5
229.0
200.5
202.0
223.0
232.0
157.0
211.0
121.0
106.0
53.5
191.5
217.0
107.5
202.0
232.0
169.0
185.5
164.5
224.5
136.0
125.5
83.5
209.5
188.5
131.5
184.0
49.0
209.5
196.0
200.5
161.5
170.5
223.0
205.0
91.0
43.0
206.5
133.0
209.5
158.5
200.5
44.5
220.0
229.0
170.5
217.0
164.5
188.5
208.0
148.0
205.0
220.0
215.5
221.5
187.0
217.0
209.5
104.5
191.5
56.5
176.5
227.5
203.5
68.5
202.0
89.5
190.0
209.5
173.5
152.5
209.5
155.5
79.0
193.0
143.5
223.0
194.5
47.5
196.0
218.5
200.5
131.5
196.0
149.5
194.5
185.5
175.0
208.0
161.5
181.0
104.5
152.5
193.0
197.5
95.5
161.5
211.0
197.5
214.0
178.0
118.0
221.5
149.5
44.5
86.5
187.0
188.5
235.0
85.0
197.5
185.5
220.0
206.5
203.5
175.0
161.5
223.0
151.0
157.0
89.5
208.0
181.0
97.0
118.0
217.0
202.0
