145.0
197.5
25.0
56.5
115.0
200.5
152.5
179.5
205.0
109.0
13.0
217.0
224.5
115.0
127.0
124.0
145.0
208.0
151.0
61.0
181.0
209.5
218.5
235.0
152.5
227.5
233.5
149.5
220.0
197.5
146.5
197.5
116.5
220.0
214.0
209.5
152.5
170.5
55.0
118.0
194.5
202.0
83.5
164.5
202.0
26.5
109.0
131.5
55.0
188.5
220.0
86.5
134.5
187.0
91.0
188.5
206.5
176.5
124.0
194.5
146.5
217.0
170.5
206.5
208.0
220.0
178.0
197.5
50.5
185.5
151.0
220.0
230.5
65.5
97.0
160.0
98.5
128.5
209.5
190.0
98.5
172.0
43.0
142.0
227.5
148.0
187.0
184.0
209.5
178.0
187.0
214.0
202.0
196.0
200.5
200.5
41.5
212.5
205.0
217.0
191.5
119.5
214.0
32.5
182.5
226.0
77.5
188.5
163.0
190.0
164.5
194.5
184.0
44.5
178.0
193.0
188.5
161.5
187.0
152.5
227.5
221.5
169.0
175.0
220.0
209.5
163.0
193.0
203.5
130.0
128.5
232.0
58.0
152.5
190.0
203.5
74.5
208.0
107.5
170.5
191.5
200.5
185.5
181.0
218.5
229.0
160.0
143.5
211.0
77.5
235.0
218.5
155.5
140.5
26.5
199.0
196.0
70.0
133.0
205.0
80.5
209.5
197.5
233.5
209.5
137.5
191.5
218.5
202.0
187.0
181.0
193.0
217.0
170.5
214.0
214.0
217.0
223.0
181.0
34.0
137.5
211.0
55.0
83.5
116.5
176.5
131.5
182.5
215.5
137.5
61.0
109.0
170.5
193.0
68.5
164.5
238.0
181.0
185.5
221.5
226.0
103.0
146.5
127.0
106.0
55.0
98.5
161.5
179.5
22.0
208.0
98.5
221.5
215.5
161.5
163.0
224.5
206.5
139.0
220.0
184.0
124.0
169.0
16.0
188.5
94.0
163.0
73.0
232.0
190.0
212.5
98.5
184.0
185.5
182.5
98.5
211.0
194.5
218.5
166.0
235.0
62.5
197.5
197.5
212.5
169.0
196.0
221.5
152.5
131.5
190.0
212.5
169.0
197.5
101.5
179.5
191.5
136.0
203.5
199.0
43.0
211.0
202.0
233.5
43.0
214.0
178.0
181.0
221.5
233.5
211.0
71.5
194.5
223.0
223.0
139.0
184.0
233.5
49.0
211.0
175.0
41.5
224.5
34.0
188.5
76.0
158.5
149.5
155.5
209.5
197.5
224.5
50.5
172.0
182.5
145.0
95.5
230.5
220.0
182.5
122.5
188.5
239.5
208.0
211.0
209.5
179.5
86.5
187.0
215.5
226.0
164.5
163.0
130.0
124.0
148.0
67.0
202.0
178.0
215.5
136.0
188.5
181.0
163.0
64.0
212.5
223.0
223.0
197.5
70.0
62.5
166.0
112.0
149.5
206.5
194.5
214.0
199.0
76.0
191.5
131.5
232.0
50.5
55.0
149.5
35.5
172.0
188.5
191.5
157.0
194.5
31.0
152.5
155.5
223.0
37.0
224.5
115.0
197.5
77.5
211.0
152.5
145.0
208.0
182.5
211.0
187.0
182.5
179.5
160.0
167.5
206.5
125.5
235.0
209.5
211.0
205.0
28.0
152.5
190.0
202.0
197.5
220.0
44.5
196.0
193.0
157.0
176.5
173.5
202.0
188.5
205.0
175.0
190.0
107.5
196.0
179.5
191.5
170.5
205.0
172.0
134.5
223.0
194.5
181.0
196.0
124.0
79.0
215.5
146.5
169.0
125.5
157.0
205.0
175.0
181.0
91.0
203.5
146.5
194.5
188.5
61.0
173.5
229.0
203.5
155.5
62.5
214.0
220.0
77.5
230.5
181.0
193.0
116.5
205.0
224.5
193.0
223.0
193.0
197.5
116.5
137.5
196.0
230.5
158.5
137.5
187.0
212.5
160.0
224.5
70.0
112.0
205.0
145.0
211.0
194.5
161.5
139.0
185.5
181.0
107.5
128.5
34.0
233.5
211.0
184.0
203.5
124.0
193.0
208.0
109.0
167.5
193.0
83.5
107.5
104.5
65.5
208.0
151.0
203.5
175.0
218.5
151.0
205.0
175.0
61.0
223.0
131.5
148.0
199.0
109.0
151.0
163.0
214.0
241.0
184.0
118.0
182.5
215.5
169.0
185.5
223.0
224.5
41.5
94.0
80.5
157.0
191.5
211.0
218.5
118.0
176.5
196.0
163.0
208.0
128.5
176.5
199.0
176.5
217.0
46.0
211.0
223.0
221.5
187.0
137.5
151.0
115.0
212.5
193.0
223.0
217.0
220.0
206.5
184.0
193.0
139.0
76.0
142.0
218.5
191.5
178.0
184.0
173.5
218.5
212.5
230.5
206.5
85.0
100.0
214.0
212.5
208.0
181.0
38.5
197.5
176.5
173.5
122.5
223.0
229.0
182.5
161.5
55.0
65.5
139.0
190.0
187.0
212.5
182.5
145.0
181.0
149.5
238.0
205.0
202.0
74.5
202.0
187.0
220.0
232.0
197.5
208.0
212.5
164.5
211.0
173.5
82.0
185.5
149.5
187.0
149.5
194.5
181.0
190.0
128.5
160.0
119.5
232.0
211.0
68.5
125.5
35.5
142.0
208.0
194.5
134.5
193.0
163.0
32.5
160.0
143.5
226.0
160.0
214.0
181.0
136.0
167.5
74.5
172.0
209.5
62.5
229.0
137.5
188.5
212.5
182.5
214.0
184.0
179.5
137.5
160.0
203.5
112.0
221.5
188.5
163.0
34.0
200.5
218.5
227.5
196.0
211.0
131.5
101.5
214.0
181.0
232.0
217.0
188.5
116.5
182.5
167.5
241.0
211.0
166.0
212.5
34.0
151.0
86.5
83.5
88.0
194.5
173.5
206.5
229.0
76.0
77.5
184.0
194.5
55.0
206.5
221.5
196.0
137.5
227.5
161.5
166.0
214.0
148.0
148.0
49.0
61.0
182.5
166.0
172.0
214.0
197.5
208.0
109.0
238.0
143.5
202.0
196.0
209.5
227.5
151.0
157.0
182.5
77.5
199.0
29.5
46.0
200.5
139.0
101.5
232.0
227.5
104.5
130.0
200.5
197.5
146.5
125.5
178.0
166.0
166.0
217.0
218.5
68.5
223.0
146.5
127.0
194.5
164.5
179.5
146.5
59.5
166.0
164.5
140.5
47.5
242.5
221.5
191.5
200.5
224.5
160.0
166.0
218.5
202.0
61.0
191.5
121.0
157.0
134.5
214.0
218.5
163.0
214.0
184.0
145.0
136.0
221.5
172.0
215.5
115.0
191.5
193.0
176.5
110.5
193.0
23.5
184.0
217.0
200.5
206.5
190.0
209.5
187.0
103.0
196.0
193.0
193.0
167.5
208.0
200.5
184.0
211.0
160.0
191.5
167.5
146.5
119.5
76.0
173.5
22.0
196.0
223.0
146.5
193.0
178.0
79.0
35.5
206.5
218.5
203.5
187.0
221.5
202.0
190.0
145.0
64.0
190.0
196.0
221.5
133.0
217.0
221.5
199.0
193.0
40.0
59.5
50.5
188.5
131.5
79.0
119.5
176.5
190.0
227.5
223.0
71.5
211.0
178.0
127.0
206.5
209.5
215.5
221.5
185.5
145.0
53.5
196.0
58.0
184.0
197.5
166.0
208.0
82.0
227.5
166.0
211.0
4.0
194.5
98.5
217.0
203.5
56.5
215.5
196.0
187.0
182.5
32.5
44.5
115.0
74.5
181.0
223.0
182.5
202.0
217.0
199.0
215.5
155.5
142.0
223.0
194.5
52.0
175.0
149.5
52.0
121.0
191.5
112.0
199.0
187.0
137.5
203.5
151.0
196.0
149.5
143.5
152.5
203.5
187.0
220.0
194.5
85.0
212.5
208.0
220.0
218.5
119.5
176.5
127.0
139.0
200.5
91.0
215.5
164.5
199.0
181.0
178.0
232.0
221.5
125.5
217.0
122.5
53.5
128.5
221.5
89.5
187.0
161.5
155.5
134.5
218.5
203.5
202.0
217.0
119.5
121.0
122.5
191.5
152.5
172.0
194.5
232.0
92.5
196.0
173.5
176.5
215.5
86.5
103.0
206.5
217.0
166.0
214.0
152.5
203.5
149.5
185.5
217.0
94.0
214.0
10.0
208.0
223.0
199.0
49.0
140.5
178.0
182.5
133.0
230.5
154.0
211.0
230.5
190.0
215.5
175.0
193.0
182.5
194.5
211.0
64.0
170.5
199.0
190.0
194.5
178.0
175.0
203.5
158.5
230.5
232.0
175.0
74.5
221.5
136.0
176.5
218.5
200.5
188.5
215.5
151.0
164.5
73.0
214.0
214.0
215.5
136.0
178.0
220.0
221.5
190.0
94.0
221.5
212.5
176.5
223.0
209.5
185.5
146.5
200.5
74.5
212.5
181.0
206.5
131.5
212.5
43.0
136.0
140.5
97.0
154.0
233.5
184.0
197.5
160.0
187.0
214.0
190.0
146.5
203.5
203.5
215.5
41.5
109.0
152.5
115.0
182.5
185.5
175.0
217.0
205.0
194.5
182.5
203.5
127.0
169.0
166.0
169.0
197.5
209.5
170.5
188.5
167.5
205.0
235.0
214.0
223.0
160.0
184.0
170.5
106.0
194.5
215.5
127.0
218.5
212.5
196.0
154.0
208.0
233.5
104.5
152.5
119.5
112.0
212.5
197.5
115.0
121.0
199.0
203.5
53.5
89.5
187.0
178.0
110.5
211.0
191.5
191.5
202.0
163.0
89.5
217.0
71.5
164.5
155.5
157.0
188.5
208.0
200.5
202.0
205.0
215.5
187.0
211.0
172.0
148.0
41.5
188.5
146.5
190.0
158.5
124.0
187.0
161.5
170.5
211.0
166.0
217.0
64.0
227.5
178.0
214.0
161.5
130.0
97.0
181.0
211.0
173.5
218.5
142.0
227.5
149.5
146.5
170.5
154.0
202.0
167.5
223.0
137.5
128.5
52.0
97.0
176.5
200.5
122.5
158.5
125.5
205.0
170.5
227.5
211.0
205.0
170.5
118.0
220.0
82.0
181.0
209.5
205.0
220.0
194.5
179.5
200.5
139.0
218.5
160.0
197.5
145.0
155.5
187.0
137.5
206.5
202.0
218.5
163.0
160.0
64.0
215.5
125.5
88.0
94.0
214.0
214.0
161.5
212.5
205.0
203.5
190.0
89.5
146.5
101.5
128.5
227.5
182.5
110.5
104.5
196.0
194.5
170.5
217.0
206.5
152.5
212.5
170.5
190.0
46.0
220.0
154.0
205.0
133.0
194.5
203.5
26.5
146.5
206.5
223.0
100.0
62.5
85.0
212.5
188.5
170.5
196.0
200.5
220.0
227.5
197.5
154.0
184.0
178.0
194.5
199.0
164.5
178.0
187.0
238.0
145.0
226.0
89.5
88.0
209.5
191.5
50.5
112.0
215.5
188.5
41.5
94.0
178.0
122.5
229.0
173.5
190.0
202.0
218.5
173.5
200.5
190.0
76.0
202.0
68.5
215.5
199.0
215.5
211.0
131.5
58.0
178.0
175.0
166.0
182.5
121.0
197.5
224.5
217.0
208.0
166.0
181.0
97.0
101.5
62.5
209.5
155.5
206.5
167.5
184.0
208.0
223.0
118.0
59.5
50.5
202.0
20.5
226.0
74.5
209.5
110.5
182.5
226.0
122.5
178.0
89.5
218.5
184.0
154.0
212.5
164.5
205.0
140.5
178.0
206.5
205.0
221.5
62.5
130.0
104.5
173.5
107.5
46.0
85.0
218.5
235.0
151.0
152.5
190.0
160.0
131.5
211.0
197.5
199.0
202.0
62.5
122.5
206.5
208.0
68.5
142.0
211.0
167.5
221.5
97.0
188.5
188.5
178.0
208.0
223.0
127.0
149.5
163.0
188.5
196.0
229.0
167.5
106.0
209.5
23.5
59.5
212.5
50.5
152.5
184.0
184.0
200.5
25.0
181.0
200.5
68.5
170.5
113.5
122.5
209.5
134.5
55.0
212.5
212.5
173.5
184.0
218.5
23.5
134.5
220.0
209.5
67.0
83.5
194.5
199.0
212.5
157.0
226.0
94.0
203.5
158.5
193.0
221.5
188.5
232.0
205.0
235.0
179.5
100.0
215.5
131.5
142.0
82.0
212.5
182.5
196.0
179.5
106.0
160.0
185.5
203.5
179.5
122.5
52.0
206.5
239.5
176.5
233.5
58.0
193.0
148.0
74.5
188.5
160.0
122.5
134.5
127.0
208.0
191.5
143.5
199.0
223.0
185.5
206.5
235.0
217.0
137.5
172.0
211.0
211.0
83.5
211.0
107.5
211.0
143.5
208.0
176.5
187.0
199.0
176.5
101.5
43.0
115.0
163.0
182.5
98.5
44.5
163.0
217.0
227.5
158.5
206.5
161.5
229.0
43.0
203.5
137.5
179.5
131.5
223.0
224.5
194.5
233.5
191.5
80.5
142.0
212.5
218.5
220.0
215.5
224.5
140.5
154.0
161.5
214.0
176.5
209.5
179.5
173.5
197.5
220.0
170.5
218.5
212.5
182.5
211.0
70.0
173.5
127.0
227.5
176.5
101.5
140.5
199.0
77.5
169.0
148.0
224.5
170.5
185.5
196.0
70.0
215.5
209.5
134.5
178.0
146.5
49.0
200.5
43.0
224.5
223.0
203.5
229.0
175.0
119.5
64.0
152.5
175.0
157.0
193.0
188.5
199.0
208.0
211.0
136.0
106.0
230.5
218.5
214.0
230.5
71.5
200.5
227.5
109.0
224.5
202.0
134.5
233.5
152.5
230.5
194.5
217.0
167.5
191.5
232.0
223.0
167.5
221.5
202.0
199.0
74.5
143.5
143.5
169.0
188.5
218.5
118.0
128.5
170.5
229.0
184.0
100.0
145.0
148.0
140.5
65.5
217.0
74.5
103.0
74.5
188.5
235.0
224.5
203.5
49.0
190.0
197.5
176.5
203.5
61.0
197.5
73.0
194.5
56.5
205.0
202.0
227.5
235.0
182.5
83.5
196.0
37.0
172.0
88.0
224.5
187.0
169.0
221.5
185.5
94.0
188.5
226.0
166.0
188.5
217.0
34.0
185.5
217.0
68.5
5.5
233.5
173.5
155.5
127.0
158.5
206.5
190.0
182.5
95.5
194.5
172.0
131.5
196.0
209.5
158.5
157.0
241.0
208.0
194.5
64.0
161.5
206.5
239.5
134.5
178.0
217.0
110.5
196.0
178.0
173.5
76.0
236.5
232.0
202.0
41.5
181.0
124.0
170.5
211.0
203.5
200.5
235.0
199.0
209.5
203.5
217.0
208.0
169.0
148.0
140.5
223.0
151.0
208.0
215.5
110.5
64.0
196.0
205.0
164.5
76.0
199.0
122.5
215.5
178.0
179.5
176.5
137.5
58.0
148.0
121.0
140.5
200.5
166.0
28.0
5.5
136.0
182.5
182.5
68.5
188.5
190.0
79.0
188.5
232.0
203.5
191.5
43.0
187.0
158.5
212.5
196.0
161.5
154.0
209.5
47.5
212.5
185.5
214.0
179.5
92.5
143.5
185.5
215.5
214.0
178.0
202.0
130.0
206.5
215.5
164.5
184.0
208.0
137.5
107.5
211.0
215.5
106.0
187.0
175.0
110.5
65.5
161.5
227.5
191.5
35.5
46.0
131.5
197.5
58.0
230.5
187.0
175.0
229.0
244.0
131.5
128.5
152.5
202.0
119.5
187.0
178.0
155.5
199.0
196.0
127.0
218.5
203.5
211.0
169.0
232.0
55.0
185.5
224.5
79.0
215.5
82.0
124.0
191.5
175.0
190.0
157.0
128.5
190.0
158.5
49.0
119.5
200.5
91.0
224.5
28.0
211.0
179.5
193.0
125.5
164.5
166.0
167.5
134.5
49.0
62.5
155.5
200.5
166.0
160.0
188.5
95.5
223.0
91.0
169.0
208.0
202.0
184.0
194.5
194.5
134.5
169.0
220.0
233.5
158.5
197.5
194.5
217.0
151.0
227.5
220.0
167.5
220.0
223.0
181.0
157.0
209.5
115.0
175.0
217.0
56.5
202.0
188.5
148.0
230.5
98.5
103.0
116.5
238.0
185.5
181.0
215.5
226.0
214.0
229.0
53.5
121.0
112.0
190.0
166.0
157.0
188.5
173.5
221.5
178.0
95.5
184.0
166.0
83.5
98.5
142.0
179.5
215.5
191.5
223.0
169.0
170.5
218.5
230.5
164.5
22.0
223.0
158.5
178.0
119.5
157.0
79.0
113.5
229.0
196.0
161.5
161.5
211.0
170.5
196.0
188.5
175.0
127.0
218.5
182.5
118.0
175.0
164.5
28.0
238.0
199.0
58.0
209.5
160.0
170.5
184.0
173.5
221.5
185.5
91.0
145.0
44.5
173.5
208.0
193.0
133.0
209.5
209.5
149.5
95.5
218.5
229.0
169.0
200.5
68.5
151.0
157.0
208.0
131.5
217.0
190.0
193.0
238.0
107.5
214.0
197.5
49.0
229.0
196.0
200.5
217.0
134.5
74.5
71.5
119.5
155.5
44.5
202.0
160.0
184.0
115.0
8.5
206.5
196.0
109.0
133.0
155.5
200.5
98.5
119.5
154.0
163.0
155.5
185.5
209.5
184.0
172.0
200.5
157.0
206.5
169.0
185.5
206.5
220.0
142.0
214.0
157.0
217.0
200.5
200.5
94.0
172.0
101.5
166.0
73.0
97.0
172.0
218.5
197.5
61.0
62.5
214.0
70.0
110.5
212.5
157.0
143.5
70.0
221.5
206.5
190.0
197.5
190.0
200.5
182.5
166.0
175.0
218.5
218.5
86.5
94.0
203.5
97.0
215.5
190.0
230.5
215.5
146.5
148.0
227.5
233.5
182.5
175.0
161.5
176.5
112.0
176.5
191.5
230.5
223.0
118.0
224.5
223.0
206.5
224.5
206.5
197.5
200.5
80.5
161.5
131.5
214.0
190.0
199.0
179.5
23.5
220.0
64.0
196.0
148.0
143.5
53.5
197.5
178.0
215.5
146.5
161.5
163.0
215.5
211.0
44.5
206.5
199.0
205.0
50.5
113.5
196.0
218.5
82.0
160.0
110.5
173.5
103.0
100.0
67.0
196.0
160.0
131.5
28.0
71.5
35.5
191.5
200.5
203.5
139.0
197.5
85.0
158.5
143.5
172.0
53.5
103.0
122.5
208.0
115.0
223.0
175.0
130.0
107.5
214.0
92.5
230.5
188.5
172.0
209.5
145.0
32.5
86.5
118.0
197.5
179.5
139.0
160.0
203.5
232.0
220.0
64.0
143.5
197.5
190.0
160.0
220.0
149.5
175.0
47.5
58.0
185.5
214.0
127.0
187.0
202.0
98.5
188.5
146.5
154.0
217.0
139.0
236.5
64.0
157.0
203.5
193.0
158.5
20.5
145.0
136.0
196.0
167.5
145.0
134.5
215.5
197.5
164.5
166.0
161.5
140.5
196.0
71.5
185.5
191.5
139.0
209.5
206.5
145.0
160.0
224.5
215.5
173.5
203.5
113.5
218.5
205.0
164.5
191.5
179.5
113.5
176.5
197.5
170.5
167.5
214.0
220.0
188.5
25.0
188.5
176.5
193.0
187.0
199.0
163.0
145.0
56.5
164.5
166.0
101.5
224.5
169.0
193.0
206.5
181.0
211.0
140.5
97.0
106.0
203.5
8.5
191.5
185.5
68.5
226.0
149.5
175.0
181.0
29.5
163.0
217.0
139.0
140.5
217.0
37.0
226.0
232.0
121.0
179.5
191.5
221.5
178.0
208.0
155.5
166.0
223.0
67.0
38.5
169.0
146.5
95.5
214.0
131.5
50.5
196.0
226.0
185.5
230.5
161.5
85.0
133.0
154.0
167.5
13.0
208.0
212.5
38.5
178.0
76.0
83.5
206.5
50.5
173.5
173.5
166.0
239.5
187.0
23.5
94.0
197.5
230.5
199.0
121.0
166.0
179.5
212.5
116.5
172.0
131.5
223.0
131.5
56.5
59.5
83.5
71.5
95.5
208.0
211.0
137.5
212.5
173.5
179.5
220.0
146.5
191.5
194.5
206.5
163.0
181.0
185.5
71.5
136.0
218.5
94.0
187.0
238.0
176.5
194.5
131.5
194.5
212.5
76.0
184.0
160.0
188.5
163.0
232.0
196.0
205.0
154.0
193.0
206.5
163.0
208.0
215.5
181.0
193.0
205.0
68.5
233.5
226.0
196.0
148.0
50.5
221.5
179.5
200.5
194.5
190.0
92.5
179.5
220.0
107.5
218.5
172.0
169.0
208.0
190.0
158.5
226.0
194.5
161.5
113.5
170.5
151.0
232.0
194.5
194.5
208.0
223.0
226.0
113.5
197.5
221.5
113.5
211.0
166.0
178.0
209.5
181.0
193.0
29.5
20.5
193.0
187.0
32.5
187.0
188.5
212.5
184.0
160.0
197.5
98.5
218.5
206.5
56.5
164.5
98.5
73.0
172.0
187.0
191.5
230.5
215.5
238.0
169.0
157.0
187.0
230.5
44.5
106.0
215.5
220.0
167.5
172.0
179.5
175.0
139.0
211.0
199.0
193.0
182.5
226.0
196.0
85.0
155.5
205.0
179.5
194.5
181.0
35.5
212.5
220.0
149.5
80.5
181.0
184.0
197.5
196.0
122.5
167.5
229.0
152.5
58.0
193.0
136.0
215.5
58.0
44.5
95.5
221.5
157.0
176.5
16.0
43.0
185.5
181.0
202.0
212.5
145.0
172.0
218.5
119.5
203.5
215.5
172.0
215.5
184.0
203.5
202.0
238.0
217.0
203.5
121.0
175.0
191.5
184.0
179.5
128.5
197.5
190.0
164.5
181.0
190.0
190.0
205.0
181.0
185.5
113.5
187.0
52.0
157.0
176.5
158.5
146.5
206.5
140.5
134.5
77.5
139.0
115.0
205.0
179.5
209.5
205.0
115.0
229.0
202.0
203.5
53.5
151.0
178.0
194.5
101.5
226.0
214.0
80.5
206.5
68.5
229.0
148.0
190.0
55.0
181.0
107.5
160.0
176.5
128.5
226.0
149.5
178.0
104.5
134.5
8.5
169.0
127.0
193.0
130.0
139.0
136.0
224.5
202.0
199.0
94.0
227.5
203.5
74.5
227.5
203.5
172.0
35.5
176.5
170.5
163.0
151.0
121.0
194.5
194.5
175.0
205.0
166.0
206.5
227.5
214.0
104.5
206.5
199.0
166.0
181.0
190.0
199.0
188.5
190.0
194.5
206.5
194.5
64.0
212.5
226.0
215.5
214.0
149.5
209.5
8.5
206.5
194.5
187.0
205.0
209.5
158.5
19.0
190.0
41.5
191.5
205.0
178.0
218.5
169.0
53.5
214.0
154.0
148.0
206.5
176.5
197.5
95.5
211.0
158.5
235.0
223.0
226.0
37.0
209.5
127.0
193.0
191.5
79.0
73.0
58.0
227.5
112.0
199.0
163.0
146.5
199.0
226.0
17.5
190.0
181.0
79.0
217.0
217.0
205.0
40.0
131.5
140.5
212.5
104.5
200.5
200.5
220.0
205.0
209.5
157.0
62.5
200.5
197.5
163.0
124.0
212.5
100.0
191.5
190.0
202.0
170.5
109.0
196.0
191.5
160.0
184.0
235.0
167.5
184.0
131.5
208.0
179.5
209.5
155.5
59.5
151.0
218.5
56.5
205.0
154.0
226.0
226.0
73.0
148.0
197.5
227.5
181.0
220.0
190.0
52.0
140.5
193.0
121.0
215.5
203.5
229.0
208.0
169.0
218.5
211.0
37.0
148.0
208.0
233.5
116.5
212.5
172.0
202.0
149.5
158.5
190.0
229.0
217.0
215.5
146.5
203.5
74.5
151.0
185.5
193.0
233.5
238.0
107.5
194.5
200.5
29.5
79.0
229.0
220.0
205.0
137.5
212.5
73.0
104.5
218.5
101.5
85.0
215.5
94.0
190.0
217.0
146.5
205.0
223.0
170.5
206.5
146.5
23.5
137.5
155.5
71.5
199.0
44.5
176.5
193.0
176.5
188.5
217.0
61.0
227.5
205.0
164.5
191.5
227.5
179.5
224.5
229.0
179.5
172.0
134.5
157.0
199.0
200.5
230.5
190.0
173.5
184.0
125.5
220.0
124.0
143.5
206.5
214.0
197.5
202.0
133.0
223.0
32.5
80.5
179.5
218.5
181.0
65.5
97.0
160.0
158.5
76.0
236.5
217.0
200.5
100.0
80.5
203.5
172.0
205.0
193.0
157.0
190.0
206.5
212.5
227.5
178.0
191.5
208.0
221.5
164.5
158.5
181.0
226.0
41.5
56.5
202.0
163.0
55.0
200.5
167.5
55.0
199.0
187.0
191.5
52.0
56.5
232.0
224.5
200.5
215.5
229.0
140.5
17.5
226.0
184.0
220.0
70.0
178.0
214.0
172.0
92.5
50.5
199.0
200.5
184.0
154.0
218.5
185.5
167.5
214.0
176.5
94.0
184.0
212.5
137.5
202.0
179.5
47.5
208.0
230.5
212.5
37.0
221.5
200.5
95.5
106.0
71.5
104.5
197.5
86.5
139.0
223.0
26.5
199.0
226.0
229.0
236.5
92.5
113.5
152.5
152.5
224.5
200.5
64.0
235.0
187.0
52.0
203.5
205.0
161.5
211.0
194.5
155.5
172.0
173.5
161.5
73.0
73.0
239.5
176.5
173.5
205.0
68.5
89.5
220.0
94.0
217.0
212.5
130.0
71.5
197.5
167.5
166.0
143.5
218.5
85.0
226.0
163.0
130.0
23.5
136.0
136.0
182.5
136.0
212.5
203.5
175.0
113.5
40.0
145.0
137.5
184.0
215.5
182.5
166.0
161.5
163.0
209.5
179.5
190.0
193.0
157.0
193.0
199.0
218.5
206.5
187.0
203.5
119.5
220.0
124.0
140.5
211.0
203.5
80.5
101.5
215.5
208.0
185.5
223.0
169.0
88.0
203.5
200.5
62.5
223.0
188.5
172.0
125.5
224.5
98.5
227.5
169.0
197.5
86.5
151.0
137.5
157.0
196.0
214.0
205.0
167.5
199.0
167.5
202.0
176.5
202.0
82.0
200.5
205.0
113.5
223.0
218.5
191.5
244.0
212.5
133.0
86.5
88.0
148.0
127.0
205.0
137.5
158.5
200.5
184.0
217.0
167.5
34.0
169.0
215.5
178.0
166.0
214.0
196.0
224.5
107.5
196.0
203.5
212.5
223.0
223.0
224.5
167.5
199.0
148.0
80.5
188.5
97.0
211.0
161.5
178.0
145.0
160.0
89.5
133.0
82.0
220.0
217.0
145.0
208.0
184.0
185.5
40.0
115.0
190.0
55.0
157.0
44.5
154.0
185.5
149.5
185.5
148.0
200.5
34.0
170.5
229.0
208.0
215.5
218.5
176.5
205.0
166.0
206.5
86.5
118.0
187.0
92.5
230.5
172.0
137.5
206.5
16.0
194.5
160.0
185.5
149.5
199.0
112.0
158.5
91.0
200.5
169.0
245.5
212.5
188.5
179.5
115.0
109.0
185.5
176.5
170.5
199.0
193.0
221.5
169.0
100.0
101.5
158.5
208.0
208.0
182.5
157.0
172.0
221.5
212.5
95.5
35.5
187.0
206.5
115.0
115.0
224.5
209.5
214.0
190.0
218.5
193.0
193.0
134.5
88.0
199.0
188.5
158.5
43.0
205.0
220.0
155.5
212.5
205.0
134.5
226.0
208.0
191.5
146.5
209.5
191.5
229.0
134.5
196.0
149.5
88.0
80.5
74.5
199.0
227.5
226.0
215.5
212.5
230.5
143.5
208.0
212.5
154.0
172.0
167.5
148.0
232.0
191.5
215.5
181.0
179.5
127.0
131.5
53.5
158.5
230.5
97.0
169.0
185.5
56.5
115.0
92.5
206.5
97.0
208.0
173.5
163.0
122.5
133.0
242.5
208.0
202.0
206.5
205.0
139.0
221.5
181.0
98.5
163.0
157.0
220.0
211.0
191.5
220.0
101.5
202.0
190.0
194.5
142.0
163.0
206.5
230.5
29.5
215.5
212.5
232.0
221.5
65.5
215.5
149.5
193.0
211.0
148.0
151.0
157.0
208.0
185.5
188.5
110.5
35.5
95.5
226.0
209.5
55.0
197.5
100.0
191.5
226.0
167.5
140.5
209.5
178.0
151.0
155.5
169.0
38.5
83.5
176.5
197.5
139.0
124.0
220.0
61.0
215.5
211.0
103.0
62.5
178.0
149.5
155.5
113.5
194.5
208.0
217.0
107.5
203.5
217.0
205.0
89.5
191.5
187.0
161.5
226.0
143.5
208.0
122.5
224.5
193.0
217.0
217.0
166.0
215.5
203.5
125.5
214.0
170.5
173.5
176.5
155.5
223.0
137.5
208.0
76.0
197.5
220.0
188.5
154.0
209.5
170.5
200.5
196.0
109.0
203.5
178.0
239.5
178.0
200.5
235.0
167.5
59.5
197.5
215.5
70.0
200.5
122.5
169.0
218.5
217.0
176.5
187.0
173.5
187.0
208.0
193.0
221.5
224.5
209.5
185.5
230.5
38.5
145.0
58.0
157.0
202.0
190.0
208.0
149.5
167.5
199.0
121.0
70.0
103.0
131.5
112.0
179.5
215.5
170.5
196.0
56.5
208.0
217.0
155.5
128.5
217.0
142.0
200.5
205.0
175.0
62.5
164.5
179.5
223.0
217.0
44.5
203.5
23.5
209.5
68.5
169.0
155.5
70.0
200.5
179.5
226.0
32.5
98.5
184.0
139.0
125.5
217.0
229.0
53.5
185.5
221.5
206.5
185.5
139.0
190.0
229.0
116.5
101.5
221.5
187.0
191.5
184.0
196.0
115.0
218.5
190.0
202.0
151.0
190.0
212.5
100.0
221.5
125.5
184.0
193.0
193.0
40.0
215.5
212.5
194.5
148.0
26.5
220.0
178.0
199.0
187.0
221.5
218.5
152.5
196.0
200.5
173.5
161.5
191.5
200.5
196.0
157.0
163.0
40.0
137.5
190.0
209.5
199.0
160.0
205.0
217.0
190.0
233.5
194.5
140.5
170.5
148.0
200.5
152.5
211.0
212.5
91.0
149.5
107.5
140.5
211.0
215.5
206.5
160.0
95.5
205.0
133.0
187.0
179.5
167.5
25.0
226.0
215.5
134.5
203.5
202.0
208.0
227.5
59.5
220.0
196.0
143.5
196.0
20.5
62.5
218.5
80.5
22.0
26.5
154.0
178.0
212.5
209.5
143.5
176.5
154.0
194.5
196.0
160.0
187.0
179.5
88.0
209.5
199.0
221.5
116.5
181.0
164.5
224.5
191.5
191.5
154.0
218.5
154.0
116.5
134.5
76.0
190.0
170.5
178.0
221.5
115.0
128.5
149.5
115.0
185.5
136.0
188.5
104.5
151.0
49.0
199.0
116.5
131.5
223.0
179.5
226.0
158.5
151.0
94.0
175.0
127.0
158.5
191.5
209.5
205.0
116.5
233.5
193.0
124.0
166.0
169.0
211.0
193.0
188.5
235.0
148.0
139.0
106.0
227.5
196.0
121.0
214.0
181.0
206.5
200.5
220.0
103.0
119.5
200.5
163.0
157.0
172.0
193.0
233.5
190.0
103.0
197.5
184.0
209.5
176.5
211.0
73.0
227.5
154.0
172.0
226.0
122.5
19.0
199.0
148.0
218.5
157.0
103.0
167.5
218.5
211.0
161.5
203.5
226.0
166.0
197.5
215.5
218.5
82.0
119.5
160.0
223.0
220.0
220.0
202.0
185.5
212.5
131.5
32.5
161.5
31.0
59.5
139.0
193.0
125.5
212.5
187.0
202.0
214.0
181.0
215.5
164.5
128.5
62.5
167.5
218.5
100.0
163.0
214.0
154.0
50.5
211.0
158.5
230.5
101.5
121.0
206.5
214.0
160.0
172.0
131.5
170.5
232.0
158.5
199.0
206.5
208.0
223.0
157.0
193.0
130.0
184.0
202.0
235.0
199.0
157.0
196.0
214.0
178.0
233.5
233.5
172.0
212.5
212.5
145.0
173.5
169.0
212.5
208.0
187.0
193.0
176.5
125.5
196.0
137.5
211.0
91.0
160.0
194.5
188.5
232.0
235.0
220.0
223.0
217.0
103.0
181.0
163.0
218.5
239.5
199.0
218.5
193.0
131.5
208.0
230.5
202.0
203.5
182.5
167.5
134.5
224.5
238.0
133.0
86.5
196.0
175.0
113.5
178.0
190.0
223.0
181.0
190.0
229.0
181.0
160.0
107.5
178.0
41.5
227.5
226.0
218.5
206.5
178.0
181.0
220.0
205.0
214.0
166.0
199.0
83.5
106.0
133.0
209.5
202.0
61.0
176.5
239.5
116.5
160.0
56.5
224.5
31.0
100.0
107.5
233.5
209.5
193.0
170.5
203.5
199.0
194.5
178.0
217.0
214.0
184.0
155.5
191.5
208.0
128.5
223.0
119.5
130.0
212.5
182.5
200.5
217.0
149.5
220.0
53.5
178.0
116.5
161.5
121.0
196.0
29.5
206.5
220.0
217.0
241.0
118.0
178.0
200.5
197.5
199.0
220.0
122.5
212.5
182.5
212.5
185.5
88.0
199.0
158.5
233.5
191.5
74.5
211.0
187.0
221.5
212.5
235.0
35.5
194.5
227.5
139.0
128.5
193.0
205.0
173.5
136.0
128.5
65.5
175.0
53.5
41.5
212.5
184.0
211.0
131.5
106.0
215.5
212.5
157.0
169.0
221.5
136.0
155.5
224.5
103.0
223.0
196.0
208.0
236.5
232.0
211.0
187.0
223.0
206.5
55.0
209.5
221.5
40.0
229.0
202.0
190.0
43.0
197.5
190.0
218.5
32.5
215.5
194.5
221.5
163.0
128.5
182.5
118.0
191.5
149.5
31.0
203.5
160.0
184.0
137.5
223.0
110.5
191.5
200.5
206.5
211.0
211.0
137.5
194.5
115.0
172.0
127.0
134.5
188.5
226.0
203.5
226.0
160.0
214.0
179.5
53.5
194.5
158.5
188.5
173.5
59.5
217.0
86.5
121.0
34.0
203.5
205.0
187.0
142.0
61.0
176.5
176.5
226.0
184.0
31.0
124.0
215.5
104.5
215.5
208.0
236.5
175.0
145.0
224.5
199.0
217.0
208.0
227.5
115.0
115.0
79.0
215.5
172.0
187.0
190.0
128.5
190.0
184.0
226.0
107.5
142.0
208.0
206.5
175.0
227.5
202.0
28.0
188.5
182.5
218.5
74.5
229.0
214.0
191.5
208.0
79.0
158.5
188.5
206.5
62.5
169.0
91.0
200.5
212.5
167.5
221.5
115.0
163.0
46.0
182.5
34.0
151.0
176.5
188.5
163.0
149.5
65.5
187.0
214.0
220.0
218.5
202.0
74.5
212.5
217.0
194.5
67.0
187.0
196.0
163.0
229.0
160.0
164.5
214.0
175.0
181.0
58.0
191.5
200.5
151.0
200.5
190.0
82.0
188.5
193.0
206.5
212.5
151.0
137.5
70.0
71.5
121.0
211.0
161.5
173.5
203.5
97.0
211.0
221.5
235.0
209.5
208.0
76.0
220.0
211.0
221.5
157.0
166.0
217.0
133.0
181.0
236.5
215.5
92.5
193.0
193.0
206.5
172.0
205.0
170.5
173.5
160.0
215.5
184.0
185.5
212.5
184.0
199.0
181.0
185.5
113.5
203.5
191.5
173.5
56.5
94.0
202.0
194.5
158.5
175.0
115.0
166.0
205.0
155.5
61.0
194.5
211.0
163.0
209.5
62.5
52.0
220.0
166.0
212.5
227.5
130.0
214.0
185.5
181.0
214.0
151.0
8.5
172.0
142.0
115.0
211.0
125.5
232.0
139.0
176.5
185.5
158.5
157.0
164.5
136.0
217.0
176.5
34.0
68.5
202.0
160.0
91.0
134.5
148.0
182.5
184.0
173.5
106.0
190.0
181.0
211.0
239.5
88.0
158.5
44.5
223.0
193.0
221.5
170.5
55.0
131.5
103.0
208.0
238.0
188.5
118.0
14.5
74.5
79.0
217.0
83.5
224.5
217.0
101.5
176.5
20.5
232.0
82.0
205.0
232.0
208.0
149.5
224.5
74.5
98.5
175.0
169.0
41.5
218.5
137.5
146.5
235.0
176.5
190.0
49.0
139.0
206.5
124.0
170.5
79.0
179.5
196.0
214.0
196.0
205.0
161.5
109.0
190.0
94.0
209.5
161.5
155.5
32.5
107.5
149.5
193.0
110.5
160.0
215.5
208.0
83.5
142.0
227.5
175.0
218.5
221.5
157.0
127.0
185.5
197.5
176.5
199.0
203.5
94.0
218.5
49.0
164.5
173.5
161.5
214.0
146.5
194.5
31.0
206.5
217.0
200.5
172.0
217.0
176.5
173.5
151.0
196.0
235.0
217.0
176.5
56.5
56.5
167.5
203.5
178.0
227.5
137.5
172.0
226.0
229.0
218.5
193.0
217.0
88.0
181.0
182.5
161.5
44.5
227.5
77.5
197.5
191.5
194.5
172.0
227.5
235.0
82.0
229.0
137.5
152.5
211.0
73.0
106.0
197.5
157.0
184.0
208.0
233.5
208.0
166.0
214.0
236.5
166.0
136.0
166.0
190.0
203.5
134.5
148.0
103.0
229.0
203.5
212.5
22.0
152.5
149.5
194.5
197.5
196.0
169.0
194.5
128.5
76.0
193.0
70.0
146.5
176.5
205.0
169.0
163.0
67.0
217.0
65.5
175.0
184.0
110.5
83.5
218.5
169.0
164.5
88.0
202.0
205.0
115.0
197.5
119.5
239.5
142.0
164.5
196.0
58.0
160.0
176.5
170.5
151.0
233.5
224.5
104.5
143.5
140.5
164.5
52.0
215.5
101.5
208.0
173.5
209.5
34.0
145.0
218.5
193.0
199.0
199.0
205.0
190.0
217.0
140.5
133.0
160.0
209.5
175.0
137.5
187.0
218.5
199.0
167.5
166.0
176.5
197.5
184.0
227.5
206.5
160.0
185.5
106.0
194.5
214.0
190.0
161.5
170.5
208.0
113.5
185.5
94.0
124.0
226.0
178.0
149.5
37.0
206.5
77.5
194.5
37.0
157.0
194.5
188.5
209.5
175.0
214.0
155.5
178.0
191.5
151.0
206.5
235.0
241.0
215.5
131.5
172.0
151.0
157.0
122.5
215.5
28.0
161.5
158.5
134.5
173.5
202.0
224.5
191.5
160.0
175.0
199.0
77.5
149.5
230.5
157.0
50.5
233.5
109.0
164.5
128.5
157.0
200.5
203.5
169.0
137.5
53.5
203.5
193.0
97.0
215.5
179.5
178.0
187.0
152.5
221.5
79.0
125.5
224.5
196.0
139.0
20.5
215.5
140.5
230.5
161.5
199.0
23.5
29.5
95.5
199.0
217.0
118.0
217.0
215.5
206.5
227.5
215.5
67.0
181.0
53.5
97.0
155.5
182.5
143.5
200.5
80.5
136.0
59.5
146.5
200.5
49.0
224.5
151.0
230.5
232.0
200.5
241.0
161.5
76.0
202.0
127.0
193.0
130.0
124.0
233.5
157.0
25.0
133.0
206.5
179.5
178.0
191.5
130.0
173.5
184.0
227.5
208.0
208.0
142.0
211.0
191.5
211.0
182.5
98.5
85.0
97.0
65.5
224.5
212.5
31.0
211.0
226.0
134.5
137.5
137.5
175.0
169.0
220.0
121.0
188.5
139.0
217.0
215.5
194.5
217.0
145.0
181.0
233.5
158.5
226.0
128.5
214.0
158.5
215.5
155.5
209.5
215.5
61.0
230.5
91.0
212.5
221.5
163.0
220.0
151.0
160.0
10.0
91.0
193.0
211.0
91.0
209.5
161.5
149.5
34.0
154.0
170.5
181.0
197.5
223.0
191.5
226.0
229.0
166.0
121.0
190.0
140.5
112.0
83.5
187.0
194.5
88.0
214.0
104.5
191.5
172.0
182.5
193.0
143.5
146.5
229.0
94.0
214.0
58.0
197.5
182.5
163.0
181.0
217.0
98.5
100.0
94.0
226.0
194.5
182.5
143.5
91.0
176.5
188.5
166.0
250.0
199.0
166.0
229.0
98.5
100.0
194.5
208.0
176.5
217.0
212.5
104.5
172.0
25.0
194.5
185.5
196.0
182.5
181.0
236.5
224.5
203.5
181.0
127.0
187.0
197.5
157.0
197.5
175.0
184.0
164.5
125.5
218.5
229.0
200.5
97.0
179.5
202.0
206.5
229.0
170.5
194.5
211.0
200.5
223.0
37.0
230.5
190.0
218.5
203.5
200.5
193.0
197.5
230.5
154.0
194.5
134.5
193.0
164.5
221.5
220.0
224.5
220.0
56.5
178.0
163.0
206.5
208.0
229.0
46.0
229.0
202.0
97.0
80.5
179.5
47.5
193.0
59.5
160.0
205.0
139.0
85.0
145.0
226.0
199.0
202.0
166.0
215.5
215.5
191.5
208.0
217.0
124.0
205.0
226.0
158.5
191.5
226.0
224.5
65.5
112.0
221.5
182.5
206.5
208.0
74.5
97.0
167.5
70.0
197.5
74.5
146.5
128.5
188.5
167.5
143.5
200.5
160.0
202.0
223.0
35.5
233.5
191.5
142.0
166.0
187.0
118.0
188.5
86.5
209.5
208.0
172.0
109.0
188.5
178.0
121.0
26.5
214.0
95.5
139.0
226.0
133.0
137.5
164.5
221.5
221.5
206.5
179.5
223.0
40.0
232.0
221.5
200.5
155.5
193.0
197.5
46.0
154.0
170.5
239.5
193.0
167.5
188.5
97.0
175.0
155.5
110.5
220.0
194.5
145.0
190.0
217.0
191.5
200.5
92.5
104.5
193.0
181.0
209.5
211.0
188.5
232.0
212.5
194.5
220.0
170.5
116.5
71.5
112.0
187.0
227.5
161.5
197.5
185.5
232.0
172.0
47.5
202.0
155.5
170.5
107.5
211.0
197.5
212.5
203.5
173.5
37.0
95.5
212.5
139.0
173.5
62.5
205.0
220.0
178.0
169.0
229.0
133.0
85.0
145.0
202.0
185.5
109.0
220.0
148.0
134.5
187.0
118.0
185.5
182.5
227.5
92.5
101.5
164.5
157.0
214.0
202.0
139.0
218.5
205.0
203.5
218.5
209.5
104.5
217.0
211.0
220.0
172.0
200.5
164.5
203.5
43.0
73.0
131.5
197.5
109.0
214.0
205.0
194.5
197.5
220.0
223.0
178.0
202.0
229.0
191.5
70.0
193.0
143.5
230.5
146.5
152.5
199.0
199.0
188.5
185.5
203.5
223.0
199.0
152.5
131.5
194.5
151.0
208.0
161.5
130.0
205.0
176.5
175.0
50.5
203.5
178.0
31.0
140.5
70.0
10.0
197.5
179.5
223.0
134.5
211.0
188.5
158.5
202.0
163.0
85.0
133.0
139.0
149.5
10.0
188.5
209.5
206.5
197.5
142.0
94.0
214.0
194.5
232.0
209.5
161.5
122.5
205.0
184.0
163.0
205.0
218.5
169.0
146.5
142.0
241.0
202.0
209.5
145.0
82.0
227.5
175.0
220.0
155.5
182.5
187.0
160.0
185.5
181.0
211.0
173.5
232.0
169.0
184.0
227.5
214.0
128.5
223.0
149.5
187.0
200.5
176.5
229.0
94.0
214.0
55.0
202.0
161.5
140.5
221.5
43.0
124.0
110.5
197.5
206.5
157.0
134.5
214.0
146.5
53.5
217.0
172.0
209.5
158.5
203.5
194.5
137.5
52.0
91.0
227.5
194.5
155.5
137.5
179.5
178.0
191.5
169.0
47.5
215.5
170.5
197.5
176.5
178.0
122.5
202.0
196.0
229.0
217.0
191.5
106.0
56.5
196.0
119.5
119.5
209.5
140.5
193.0
232.0
71.5
131.5
169.0
187.0
169.0
208.0
85.0
172.0
118.0
194.5
223.0
211.0
173.5
134.5
199.0
176.5
130.0
139.0
200.5
199.0
79.0
196.0
203.5
181.0
211.0
121.0
214.0
116.5
38.5
127.0
179.5
193.0
175.0
209.5
157.0
