217.0
206.5
200.5
184.0
160.0
218.5
202.0
176.5
154.0
134.5
223.0
230.5
211.0
88.0
91.0
161.5
218.5
172.0
103.0
124.0
142.0
28.0
134.5
202.0
68.5
200.5
35.5
206.5
196.0
58.0
145.0
149.5
181.0
214.0
2.5
235.0
187.0
106.0
223.0
226.0
211.0
163.0
140.5
211.0
176.5
184.0
179.5
244.0
236.5
211.0
157.0
193.0
199.0
199.0
197.5
56.5
178.0
146.5
235.0
140.5
116.5
205.0
188.5
50.5
152.5
208.0
172.0
184.0
139.0
116.5
146.5
163.0
160.0
221.5
22.0
160.0
208.0
104.5
224.5
194.5
193.0
221.5
76.0
209.5
52.0
241.0
208.0
161.5
134.5
101.5
169.0
233.5
223.0
157.0
136.0
217.0
161.5
100.0
77.5
179.5
187.0
82.0
193.0
209.5
197.5
173.5
158.5
197.5
176.5
209.5
203.5
112.0
172.0
116.5
217.0
46.0
215.5
158.5
190.0
185.5
178.0
184.0
188.5
188.5
199.0
91.0
190.0
44.5
202.0
227.5
184.0
176.5
130.0
61.0
221.5
184.0
121.0
170.5
209.5
118.0
226.0
181.0
103.0
46.0
218.5
185.5
193.0
221.5
155.5
85.0
182.5
214.0
173.5
214.0
185.5
76.0
59.5
82.0
212.5
134.5
179.5
179.5
215.5
179.5
136.0
212.5
212.5
83.5
59.5
209.5
221.5
200.5
173.5
115.0
238.0
148.0
188.5
91.0
215.5
113.5
229.0
205.0
163.0
112.0
205.0
116.5
184.0
155.5
184.0
208.0
74.5
212.5
104.5
85.0
173.5
206.5
212.5
142.0
227.5
131.5
83.5
50.5
187.0
169.0
175.0
212.5
170.5
182.5
167.5
179.5
190.0
41.5
232.0
14.5
145.0
211.0
181.0
214.0
97.0
88.0
49.0
172.0
164.5
208.0
167.5
218.5
211.0
97.0
38.5
113.5
223.0
25.0
199.0
124.0
118.0
67.0
52.0
83.5
140.5
178.0
61.0
209.5
70.0
74.5
185.5
106.0
119.5
137.5
115.0
188.5
211.0
215.5
176.5
154.0
227.5
200.5
71.5
196.0
160.0
203.5
104.5
107.5
163.0
218.5
89.5
152.5
121.0
212.5
218.5
101.5
107.5
226.0
212.5
161.5
172.0
196.0
221.5
163.0
124.0
53.5
196.0
106.0
46.0
164.5
128.5
214.0
70.0
184.0
101.5
130.0
208.0
211.0
166.0
221.5
239.5
184.0
112.0
226.0
167.5
175.0
200.5
190.0
209.5
136.0
62.5
187.0
206.5
160.0
122.5
161.5
202.0
178.0
203.5
179.5
197.5
212.5
152.5
194.5
211.0
188.5
184.0
188.5
179.5
196.0
187.0
107.5
188.5
176.5
203.5
130.0
146.5
152.5
136.0
83.5
26.5
182.5
130.0
142.0
173.5
175.0
227.5
164.5
157.0
232.0
197.5
166.0
167.5
157.0
196.0
161.5
178.0
205.0
239.5
98.5
194.5
187.0
175.0
209.5
217.0
149.5
227.5
148.0
181.0
203.5
131.5
5.5
43.0
211.0
133.0
218.5
104.5
121.0
178.0
203.5
166.0
118.0
190.0
155.5
64.0
55.0
202.0
209.5
227.5
184.0
176.5
167.5
50.5
205.0
149.5
166.0
148.0
176.5
80.5
121.0
196.0
203.5
128.5
86.5
197.5
35.5
40.0
229.0
188.5
157.0
227.5
164.5
196.0
62.5
172.0
25.0
214.0
179.5
77.5
4.0
64.0
221.5
214.0
182.5
232.0
161.5
212.5
148.0
191.5
133.0
62.5
64.0
178.0
182.5
173.5
103.0
208.0
175.0
203.5
170.5
179.5
181.0
188.5
172.0
22.0
116.5
77.5
212.5
202.0
202.0
185.5
214.0
196.0
194.5
169.0
209.5
134.5
199.0
169.0
185.5
217.0
53.5
196.0
155.5
214.0
223.0
181.0
61.0
217.0
197.5
176.5
197.5
208.0
173.5
167.5
185.5
206.5
14.5
190.0
113.5
43.0
154.0
211.0
190.0
221.5
23.5
32.5
217.0
56.5
181.0
218.5
155.5
199.0
206.5
182.5
182.5
208.0
199.0
143.5
193.0
182.5
79.0
191.5
223.0
203.5
59.5
151.0
167.5
170.5
194.5
179.5
206.5
169.0
31.0
187.0
191.5
106.0
23.5
106.0
208.0
124.0
170.5
218.5
185.5
205.0
46.0
206.5
230.5
167.5
44.5
26.5
199.0
215.5
205.0
164.5
212.5
160.0
214.0
137.5
86.5
191.5
215.5
203.5
88.0
187.0
223.0
154.0
55.0
203.5
184.0
170.5
197.5
119.5
172.0
155.5
166.0
227.5
145.0
92.5
169.0
178.0
203.5
199.0
166.0
220.0
193.0
226.0
227.5
119.5
112.0
185.5
151.0
50.5
209.5
187.0
167.5
91.0
202.0
136.0
203.5
167.5
205.0
70.0
188.5
121.0
197.5
233.5
58.0
185.5
65.5
160.0
209.5
112.0
137.5
62.5
58.0
145.0
116.5
116.5
119.5
130.0
199.0
154.0
118.0
127.0
191.5
214.0
199.0
227.5
203.5
59.5
200.5
124.0
181.0
94.0
209.5
215.5
196.0
208.0
199.0
212.5
190.0
188.5
209.5
46.0
185.5
115.0
191.5
161.5
181.0
191.5
182.5
233.5
191.5
215.5
169.0
169.0
209.5
115.0
191.5
194.5
203.5
209.5
197.5
187.0
187.0
158.5
92.5
194.5
241.0
136.0
194.5
143.5
212.5
218.5
208.0
173.5
169.0
230.5
115.0
47.5
199.0
185.5
196.0
142.0
124.0
70.0
181.0
233.5
151.0
191.5
206.5
71.5
148.0
176.5
76.0
86.5
181.0
151.0
214.0
196.0
115.0
76.0
128.5
16.0
70.0
167.5
215.5
190.0
229.0
112.0
160.0
193.0
206.5
86.5
227.5
220.0
209.5
203.5
200.5
56.5
173.5
239.5
122.5
106.0
194.5
206.5
169.0
214.0
181.0
176.5
149.5
217.0
211.0
184.0
184.0
185.5
154.0
161.5
130.0
212.5
158.5
47.5
217.0
71.5
196.0
157.0
136.0
194.5
199.0
206.5
116.5
200.5
220.0
83.5
127.0
215.5
91.0
166.0
161.5
145.0
175.0
71.5
214.0
211.0
151.0
215.5
76.0
127.0
155.5
16.0
181.0
68.5
206.5
122.5
211.0
221.5
191.5
127.0
209.5
137.5
199.0
200.5
91.0
35.5
217.0
172.0
148.0
217.0
188.5
187.0
229.0
194.5
194.5
142.0
155.5
107.5
181.0
128.5
149.5
148.0
82.0
184.0
22.0
194.5
224.5
182.5
190.0
149.5
140.5
199.0
218.5
16.0
40.0
154.0
151.0
163.0
148.0
95.5
200.5
164.5
176.5
151.0
200.5
226.0
137.5
175.0
194.5
136.0
227.5
212.5
220.0
196.0
151.0
176.5
194.5
164.5
193.0
209.5
80.5
137.5
182.5
209.5
190.0
200.5
109.0
206.5
89.5
205.0
134.5
133.0
181.0
134.5
217.0
49.0
191.5
218.5
209.5
202.0
41.5
110.5
29.5
137.5
112.0
103.0
169.0
220.0
224.5
197.5
190.0
145.0
208.0
206.5
145.0
65.5
127.0
169.0
125.5
193.0
101.5
200.5
193.0
194.5
167.5
217.0
133.0
62.5
221.5
149.5
91.0
191.5
197.5
92.5
49.0
214.0
167.5
169.0
161.5
212.5
185.5
187.0
196.0
205.0
109.0
200.5
223.0
196.0
214.0
92.5
154.0
170.5
43.0
146.5
182.5
236.5
170.5
196.0
214.0
211.0
133.0
55.0
31.0
227.5
140.5
50.5
199.0
190.0
145.0
157.0
134.5
214.0
188.5
143.5
110.5
65.5
62.5
229.0
199.0
52.0
215.5
208.0
199.0
70.0
211.0
172.0
142.0
152.5
130.0
205.0
227.5
214.0
121.0
13.0
227.5
44.5
220.0
134.5
181.0
98.5
214.0
184.0
217.0
227.5
206.5
88.0
193.0
71.5
46.0
131.5
212.5
218.5
157.0
62.5
136.0
196.0
197.5
208.0
221.5
193.0
223.0
86.5
211.0
230.5
205.0
200.5
194.5
175.0
140.5
160.0
224.5
173.5
167.5
203.5
185.5
176.5
158.5
52.0
110.5
229.0
160.0
203.5
136.0
64.0
49.0
224.5
200.5
124.0
197.5
194.5
184.0
161.5
190.0
236.5
194.5
160.0
191.5
193.0
194.5
211.0
214.0
190.0
104.5
164.5
125.5
104.5
164.5
121.0
190.0
178.0
86.5
185.5
220.0
220.0
122.5
214.0
163.0
221.5
202.0
170.5
176.5
149.5
194.5
178.0
194.5
199.0
184.0
43.0
193.0
188.5
64.0
235.0
163.0
140.5
152.5
89.5
203.5
100.0
136.0
163.0
44.5
209.5
166.0
140.5
221.5
182.5
101.5
161.5
170.5
214.0
211.0
170.5
38.5
152.5
145.0
220.0
194.5
167.5
82.0
164.5
161.5
202.0
166.0
139.0
197.5
199.0
170.5
226.0
140.5
199.0
76.0
22.0
106.0
221.5
184.0
196.0
167.5
160.0
209.5
181.0
100.0
185.5
199.0
221.5
230.5
236.5
154.0
199.0
211.0
106.0
179.5
175.0
107.5
194.5
113.5
140.5
214.0
109.0
239.5
176.5
179.5
149.5
169.0
203.5
178.0
181.0
205.0
143.5
172.0
38.5
155.5
119.5
196.0
193.0
160.0
227.5
133.0
137.5
70.0
74.5
185.5
184.0
47.5
212.5
164.5
218.5
208.0
148.0
158.5
220.0
199.0
124.0
181.0
73.0
185.5
125.5
181.0
203.5
196.0
194.5
215.5
209.5
208.0
211.0
110.5
170.5
194.5
187.0
167.5
160.0
181.0
145.0
191.5
176.5
214.0
205.0
226.0
187.0
193.0
176.5
55.0
70.0
152.5
203.5
133.0
128.5
190.0
227.5
173.5
149.5
124.0
191.5
149.5
149.5
61.0
170.5
214.0
79.0
209.5
62.5
113.5
203.5
34.0
193.0
220.0
170.5
58.0
106.0
106.0
157.0
206.5
175.0
86.5
80.5
200.5
214.0
205.0
206.5
185.5
176.5
52.0
136.0
208.0
161.5
211.0
193.0
49.0
224.5
205.0
169.0
202.0
217.0
206.5
122.5
200.5
208.0
196.0
173.5
52.0
179.5
164.5
209.5
200.5
220.0
224.5
224.5
200.5
169.0
224.5
221.5
199.0
167.5
194.5
86.5
151.0
107.5
224.5
46.0
206.5
55.0
70.0
13.0
212.5
154.0
208.0
202.0
229.0
193.0
202.0
217.0
179.5
191.5
206.5
175.0
214.0
200.5
208.0
223.0
176.5
74.5
170.5
154.0
151.0
209.5
115.0
214.0
175.0
196.0
65.5
101.5
130.0
70.0
59.5
178.0
164.5
94.0
142.0
172.0
184.0
149.5
166.0
100.0
155.5
148.0
143.5
91.0
62.5
136.0
224.5
25.0
203.5
179.5
86.5
214.0
91.0
169.0
211.0
143.5
217.0
176.5
127.0
199.0
100.0
76.0
209.5
188.5
103.0
184.0
101.5
235.0
214.0
212.5
35.5
181.0
134.5
179.5
181.0
106.0
137.5
244.0
224.5
137.5
211.0
68.5
224.5
233.5
200.5
47.5
35.5
209.5
47.5
194.5
170.5
193.0
224.5
188.5
214.0
167.5
215.5
211.0
205.0
215.5
197.5
61.0
173.5
176.5
221.5
208.0
154.0
166.0
193.0
203.5
170.5
217.0
197.5
103.0
173.5
142.0
175.0
172.0
173.5
157.0
143.5
149.5
169.0
140.5
217.0
158.5
209.5
149.5
134.5
145.0
146.5
59.5
124.0
169.0
238.0
215.5
127.0
112.0
65.5
203.5
205.0
155.5
191.5
206.5
217.0
203.5
139.0
206.5
200.5
211.0
140.5
194.5
118.0
187.0
119.5
200.5
220.0
181.0
209.5
206.5
142.0
218.5
76.0
203.5
218.5
110.5
212.5
184.0
158.5
109.0
208.0
97.0
133.0
173.5
98.5
140.5
197.5
143.5
143.5
127.0
122.5
215.5
167.5
47.5
214.0
188.5
224.5
82.0
196.0
214.0
214.0
137.5
158.5
155.5
203.5
149.5
226.0
133.0
137.5
167.5
211.0
158.5
218.5
217.0
208.0
226.0
188.5
208.0
182.5
32.5
170.5
179.5
199.0
38.5
178.0
205.0
212.5
190.0
179.5
197.5
217.0
188.5
94.0
212.5
188.5
221.5
125.5
232.0
184.0
176.5
221.5
202.0
146.5
160.0
191.5
215.5
157.0
215.5
164.5
194.5
131.5
196.0
188.5
224.5
226.0
134.5
211.0
218.5
122.5
191.5
208.0
214.0
233.5
193.0
220.0
115.0
194.5
211.0
187.0
155.5
139.0
197.5
67.0
47.5
121.0
181.0
203.5
151.0
218.5
188.5
89.5
146.5
182.5
166.0
106.0
224.5
62.5
224.5
97.0
220.0
134.5
143.5
214.0
148.0
128.5
193.0
179.5
182.5
103.0
170.5
191.5
191.5
214.0
62.5
142.0
202.0
221.5
127.0
62.5
197.5
208.0
181.0
181.0
230.5
229.0
169.0
176.5
115.0
67.0
190.0
190.0
190.0
175.0
160.0
191.5
182.5
118.0
182.5
139.0
199.0
53.5
190.0
109.0
236.5
160.0
175.0
188.5
104.5
139.0
215.5
224.5
227.5
188.5
178.0
203.5
116.5
139.0
178.0
224.5
95.5
164.5
205.0
218.5
179.5
40.0
205.0
173.5
206.5
209.5
164.5
164.5
184.0
220.0
73.0
215.5
70.0
155.5
227.5
145.0
212.5
229.0
20.5
200.5
185.5
169.0
179.5
199.0
202.0
98.5
83.5
137.5
193.0
173.5
187.0
115.0
116.5
107.5
70.0
206.5
164.5
137.5
190.0
157.0
145.0
152.5
176.5
224.5
148.0
91.0
97.0
214.0
209.5
161.5
182.5
211.0
161.5
209.5
199.0
181.0
76.0
11.5
190.0
170.5
155.5
203.5
178.0
109.0
215.5
199.0
206.5
97.0
92.5
134.5
170.5
100.0
125.5
130.0
152.5
191.5
160.0
173.5
175.0
206.5
197.5
224.5
208.0
206.5
184.0
131.5
166.0
202.0
185.5
217.0
218.5
73.0
139.0
73.0
157.0
206.5
139.0
218.5
104.5
154.0
175.0
188.5
76.0
202.0
193.0
77.5
188.5
145.0
221.5
88.0
98.5
221.5
196.0
190.0
179.5
202.0
173.5
190.0
139.0
179.5
74.5
226.0
140.5
209.5
190.0
79.0
118.0
167.5
152.5
205.0
166.0
182.5
220.0
160.0
193.0
109.0
43.0
143.5
91.0
146.5
215.5
131.5
188.5
166.0
37.0
199.0
191.5
163.0
170.5
151.0
85.0
224.5
82.0
143.5
40.0
212.5
62.5
107.5
172.0
200.5
166.0
155.5
172.0
134.5
196.0
88.0
194.5
226.0
161.5
208.0
85.0
151.0
208.0
211.0
196.0
158.5
106.0
47.5
217.0
94.0
214.0
50.5
145.0
118.0
115.0
182.5
209.5
214.0
194.5
187.0
154.0
173.5
29.5
68.5
176.5
161.5
206.5
67.0
200.5
200.5
43.0
143.5
160.0
200.5
211.0
182.5
140.5
164.5
230.5
235.0
86.5
218.5
211.0
140.5
103.0
92.5
130.0
218.5
181.0
50.5
178.0
95.5
197.5
200.5
179.5
101.5
97.0
91.0
175.0
218.5
202.0
211.0
188.5
202.0
49.0
220.0
152.5
167.5
166.0
224.5
155.5
44.5
107.5
199.0
185.5
188.5
202.0
152.5
146.5
241.0
76.0
130.0
163.0
182.5
200.5
46.0
208.0
214.0
172.0
226.0
214.0
49.0
68.5
230.5
107.5
217.0
161.5
172.0
214.0
212.5
181.0
205.0
223.0
203.5
217.0
8.5
185.5
203.5
206.5
229.0
209.5
160.0
185.5
70.0
151.0
197.5
209.5
211.0
238.0
182.5
194.5
170.5
190.0
170.5
154.0
202.0
151.0
184.0
103.0
70.0
217.0
193.0
161.5
221.5
221.5
116.5
218.5
128.5
164.5
227.5
226.0
188.5
151.0
185.5
137.5
121.0
202.0
190.0
188.5
221.5
140.5
202.0
29.5
217.0
203.5
214.0
184.0
157.0
196.0
220.0
56.5
229.0
106.0
211.0
229.0
152.5
232.0
206.5
145.0
131.5
29.5
203.5
91.0
119.5
215.5
206.5
44.5
203.5
170.5
70.0
106.0
209.5
229.0
181.0
206.5
122.5
169.0
205.0
211.0
175.0
182.5
193.0
194.5
59.5
206.5
136.0
164.5
187.0
56.5
178.0
197.5
95.5
34.0
187.0
176.5
184.0
134.5
200.5
206.5
217.0
133.0
199.0
110.5
205.0
107.5
167.5
215.5
221.5
173.5
229.0
107.5
95.5
137.5
136.0
163.0
62.5
98.5
226.0
209.5
118.0
152.5
203.5
152.5
71.5
178.0
193.0
139.0
178.0
209.5
199.0
190.0
214.0
178.0
212.5
160.0
74.5
229.0
181.0
131.5
17.5
176.5
209.5
184.0
217.0
155.5
196.0
62.5
163.0
157.0
211.0
203.5
188.5
160.0
220.0
188.5
154.0
82.0
187.0
217.0
182.5
232.0
122.5
122.5
143.5
175.0
149.5
205.0
200.5
208.0
212.5
224.5
116.5
137.5
38.5
152.5
232.0
215.5
124.0
95.5
194.5
200.5
119.5
107.5
68.5
130.0
169.0
166.0
235.0
152.5
118.0
173.5
238.0
146.5
131.5
227.5
202.0
145.0
193.0
185.5
49.0
148.0
163.0
202.0
208.0
140.5
134.5
199.0
211.0
70.0
172.0
155.5
179.5
119.5
206.5
190.0
175.0
49.0
185.5
193.0
22.0
145.0
19.0
68.5
176.5
220.0
199.0
242.5
4.0
238.0
56.5
61.0
166.0
103.0
194.5
197.5
140.5
116.5
185.5
35.5
194.5
203.5
176.5
49.0
164.5
221.5
190.0
179.5
71.5
200.5
196.0
91.0
49.0
104.5
199.0
167.5
199.0
190.0
215.5
179.5
196.0
145.0
220.0
203.5
89.5
161.5
131.5
178.0
190.0
227.5
173.5
202.0
182.5
161.5
182.5
220.0
197.5
157.0
187.0
223.0
226.0
202.0
169.0
52.0
202.0
148.0
76.0
226.0
152.5
230.5
110.5
220.0
49.0
125.5
224.5
221.5
34.0
77.5
109.0
188.5
95.5
191.5
230.5
217.0
212.5
178.0
203.5
179.5
152.5
232.0
179.5
46.0
139.0
196.0
86.5
19.0
91.0
190.0
170.5
25.0
176.5
73.0
94.0
154.0
191.5
34.0
223.0
217.0
119.5
116.5
184.0
137.5
187.0
239.5
188.5
202.0
94.0
52.0
125.5
197.5
143.5
46.0
208.0
172.0
178.0
44.5
164.5
82.0
200.5
125.5
206.5
163.0
205.0
176.5
193.0
227.5
191.5
196.0
200.5
191.5
125.5
134.5
133.0
221.5
224.5
188.5
88.0
224.5
229.0
194.5
194.5
151.0
203.5
205.0
59.5
103.0
190.0
197.5
245.5
163.0
196.0
206.5
193.0
205.0
211.0
193.0
167.5
229.0
127.0
182.5
200.5
214.0
182.5
79.0
209.5
124.0
77.5
113.5
136.0
227.5
199.0
211.0
100.0
64.0
224.5
64.0
83.5
73.0
197.5
188.5
188.5
44.5
199.0
188.5
73.0
61.0
211.0
43.0
52.0
191.5
89.5
43.0
208.0
34.0
88.0
152.5
185.5
119.5
128.5
232.0
166.0
137.5
134.5
190.0
205.0
68.5
185.5
227.5
83.5
185.5
152.5
26.5
62.5
218.5
88.0
185.5
148.0
103.0
155.5
208.0
238.0
211.0
193.0
194.5
217.0
185.5
169.0
170.5
236.5
218.5
134.5
236.5
151.0
212.5
194.5
137.5
202.0
164.5
175.0
83.5
200.5
97.0
106.0
226.0
119.5
190.0
185.5
70.0
112.0
206.5
214.0
106.0
160.0
229.0
215.5
203.5
203.5
224.5
220.0
116.5
206.5
92.5
181.0
26.5
161.5
181.0
239.5
190.0
116.5
220.0
191.5
232.0
212.5
173.5
223.0
166.0
227.5
95.5
25.0
140.5
19.0
184.0
203.5
215.5
100.0
181.0
209.5
170.5
202.0
130.0
232.0
76.0
226.0
196.0
226.0
197.5
227.5
188.5
155.5
208.0
185.5
215.5
190.0
197.5
74.5
70.0
230.5
184.0
239.5
181.0
220.0
188.5
61.0
214.0
181.0
155.5
214.0
52.0
185.5
103.0
199.0
215.5
221.5
190.0
224.5
127.0
208.0
197.5
226.0
209.5
184.0
199.0
161.5
191.5
140.5
158.5
200.5
68.5
202.0
194.5
67.0
229.0
154.0
172.0
175.0
221.5
100.0
220.0
224.5
95.5
200.5
214.0
112.0
217.0
218.5
187.0
212.5
121.0
65.5
179.5
224.5
205.0
206.5
101.5
154.0
157.0
115.0
184.0
193.0
203.5
215.5
212.5
109.0
172.0
77.5
152.5
173.5
181.0
226.0
172.0
203.5
166.0
67.0
191.5
127.0
203.5
184.0
176.5
97.0
232.0
175.0
73.0
209.5
184.0
203.5
182.5
227.5
185.5
146.5
226.0
92.5
151.0
211.0
76.0
178.0
55.0
131.5
202.0
130.0
146.5
211.0
103.0
125.5
188.5
155.5
205.0
230.5
119.5
187.0
113.5
119.5
77.5
230.5
181.0
205.0
179.5
233.5
196.0
206.5
215.5
167.5
119.5
190.0
154.0
125.5
202.0
215.5
43.0
187.0
131.5
196.0
161.5
185.5
229.0
194.5
154.0
188.5
164.5
227.5
221.5
232.0
235.0
184.0
172.0
113.5
217.0
209.5
221.5
199.0
178.0
163.0
187.0
184.0
173.5
211.0
146.5
200.5
214.0
176.5
115.0
95.5
169.0
128.5
184.0
212.5
124.0
185.5
182.5
89.5
199.0
200.5
212.5
181.0
107.5
214.0
110.5
208.0
163.0
187.0
10.0
101.5
185.5
221.5
191.5
113.5
182.5
232.0
211.0
208.0
169.0
203.5
202.0
187.0
206.5
226.0
131.5
179.5
200.5
191.5
185.5
178.0
196.0
127.0
62.5
92.5
211.0
182.5
184.0
155.5
205.0
172.0
107.5
158.5
158.5
220.0
38.5
97.0
166.0
155.5
164.5
172.0
229.0
143.5
17.5
181.0
169.0
161.5
73.0
43.0
152.5
203.5
214.0
202.0
227.5
58.0
232.0
221.5
175.0
157.0
47.5
58.0
166.0
175.0
166.0
133.0
157.0
179.5
203.5
217.0
191.5
112.0
65.5
43.0
77.5
221.5
215.5
212.5
205.0
191.5
187.0
143.5
122.5
221.5
238.0
236.5
209.5
200.5
190.0
236.5
137.5
80.5
215.5
215.5
182.5
124.0
193.0
200.5
169.0
154.0
170.5
215.5
161.5
211.0
208.0
49.0
224.5
68.5
217.0
217.0
194.5
223.0
122.5
112.0
209.5
73.0
181.0
74.5
109.0
188.5
172.0
97.0
74.5
221.5
215.5
203.5
194.5
188.5
173.5
187.0
203.5
34.0
23.5
59.5
202.0
184.0
209.5
214.0
97.0
110.5
187.0
200.5
209.5
107.5
226.0
194.5
188.5
85.0
188.5
211.0
208.0
172.0
227.5
149.5
169.0
218.5
200.5
203.5
125.5
104.5
103.0
211.0
85.0
119.5
125.5
191.5
206.5
181.0
184.0
197.5
26.5
205.0
193.0
178.0
185.5
203.5
131.5
218.5
203.5
209.5
145.0
197.5
224.5
211.0
178.0
200.5
151.0
125.5
92.5
103.0
29.5
166.0
233.5
130.0
161.5
197.5
176.5
179.5
203.5
200.5
139.0
148.0
152.5
43.0
209.5
214.0
94.0
169.0
167.5
218.5
206.5
163.0
175.0
185.5
53.5
146.5
223.0
223.0
143.5
224.5
202.0
211.0
88.0
154.0
200.5
140.5
193.0
175.0
191.5
206.5
55.0
182.5
211.0
226.0
224.5
163.0
229.0
164.5
208.0
227.5
94.0
182.5
19.0
124.0
199.0
211.0
209.5
226.0
209.5
223.0
173.5
197.5
194.5
74.5
185.5
154.0
214.0
214.0
206.5
157.0
173.5
205.0
199.0
218.5
172.0
229.0
224.5
194.5
76.0
157.0
205.0
200.5
200.5
185.5
89.5
127.0
193.0
193.0
119.5
125.5
199.0
145.0
142.0
214.0
151.0
193.0
223.0
194.5
217.0
197.5
184.0
82.0
167.5
13.0
82.0
151.0
230.5
143.5
217.0
145.0
211.0
203.5
154.0
119.5
158.5
184.0
56.5
214.0
76.0
211.0
203.5
214.0
161.5
125.5
221.5
163.0
203.5
194.5
196.0
206.5
221.5
175.0
223.0
199.0
136.0
142.0
136.0
100.0
179.5
74.5
145.0
220.0
200.5
128.5
212.5
139.0
136.0
163.0
119.5
121.0
166.0
197.5
202.0
194.5
208.0
125.5
211.0
65.5
209.5
200.5
199.0
224.5
134.5
187.0
203.5
173.5
215.5
203.5
145.0
59.5
151.0
173.5
224.5
184.0
211.0
145.0
191.5
32.5
163.0
188.5
227.5
229.0
188.5
106.0
53.5
199.0
230.5
212.5
212.5
218.5
131.5
62.5
169.0
38.5
197.5
202.0
227.5
202.0
163.0
119.5
70.0
205.0
59.5
116.5
215.5
202.0
67.0
211.0
58.0
197.5
194.5
65.5
206.5
178.0
74.5
184.0
154.0
196.0
149.5
77.5
161.5
154.0
208.0
136.0
89.5
161.5
109.0
164.5
121.0
224.5
176.5
178.0
164.5
187.0
145.0
8.5
65.5
191.5
134.5
178.0
139.0
208.0
208.0
154.0
181.0
31.0
157.0
149.5
193.0
100.0
230.5
167.5
155.5
85.0
212.5
146.5
196.0
196.0
217.0
203.5
221.5
7.0
53.5
215.5
142.0
238.0
193.0
74.5
208.0
161.5
226.0
157.0
160.0
157.0
160.0
46.0
193.0
173.5
206.5
218.5
23.5
32.5
184.0
217.0
190.0
163.0
188.5
136.0
208.0
95.5
91.0
217.0
55.0
191.5
214.0
203.5
181.0
203.5
206.5
155.5
170.5
148.0
227.5
200.5
173.5
137.5
193.0
166.0
194.5
104.5
227.5
139.0
118.0
208.0
125.5
233.5
209.5
163.0
151.0
191.5
224.5
187.0
169.0
101.5
214.0
236.5
203.5
236.5
86.5
190.0
127.0
245.5
196.0
172.0
196.0
215.5
67.0
196.0
184.0
176.5
118.0
184.0
169.0
182.5
211.0
179.5
199.0
206.5
217.0
241.0
94.0
155.5
194.5
196.0
197.5
158.5
92.5
206.5
196.0
193.0
173.5
94.0
221.5
223.0
26.5
134.5
80.5
161.5
142.0
185.5
139.0
167.5
206.5
131.5
160.0
104.5
194.5
169.0
181.0
184.0
56.5
179.5
188.5
125.5
185.5
151.0
134.5
190.0
196.0
233.5
181.0
205.0
172.0
124.0
232.0
73.0
214.0
203.5
112.0
181.0
179.5
193.0
178.0
188.5
148.0
193.0
178.0
73.0
121.0
122.5
164.5
197.5
220.0
124.0
179.5
79.0
193.0
221.5
61.0
191.5
187.0
173.5
137.5
179.5
158.5
205.0
175.0
181.0
46.0
103.0
109.0
209.5
197.5
182.5
119.5
191.5
146.5
215.5
214.0
203.5
158.5
100.0
169.0
223.0
188.5
167.5
130.0
184.0
155.5
203.5
205.0
214.0
68.5
197.5
208.0
158.5
184.0
173.5
209.5
64.0
14.5
227.5
217.0
10.0
214.0
217.0
166.0
214.0
143.5
172.0
175.0
233.5
113.5
221.5
166.0
95.5
71.5
206.5
187.0
109.0
164.5
29.5
230.5
208.0
167.5
44.5
19.0
172.0
176.5
109.0
65.5
169.0
80.5
169.0
197.5
218.5
161.5
196.0
145.0
163.0
82.0
190.0
41.5
188.5
185.5
203.5
172.0
104.5
200.5
122.5
202.0
205.0
221.5
235.0
199.0
191.5
166.0
200.5
187.0
172.0
35.5
173.5
224.5
59.5
79.0
220.0
103.0
122.5
173.5
104.5
220.0
187.0
68.5
110.5
205.0
194.5
179.5
137.5
190.0
169.0
83.5
190.0
52.0
62.5
196.0
184.0
205.0
130.0
172.0
220.0
175.0
128.5
160.0
67.0
191.5
188.5
224.5
223.0
214.0
203.5
107.5
172.0
175.0
197.5
172.0
239.5
140.5
230.5
62.5
172.0
49.0
34.0
106.0
176.5
214.0
230.5
53.5
212.5
157.0
113.5
209.5
209.5
157.0
214.0
158.5
214.0
136.0
118.0
23.5
217.0
169.0
166.0
175.0
194.5
196.0
145.0
113.5
88.0
190.0
134.5
169.0
218.5
185.5
164.5
202.0
71.5
181.0
205.0
179.5
211.0
86.5
190.0
202.0
221.5
106.0
232.0
224.5
176.5
220.0
152.5
62.5
199.0
208.0
133.0
163.0
200.5
139.0
46.0
163.0
170.5
202.0
199.0
179.5
199.0
170.5
136.0
175.0
208.0
221.5
178.0
38.5
235.0
50.5
172.0
139.0
101.5
166.0
214.0
220.0
199.0
190.0
149.5
212.5
26.5
199.0
182.5
17.5
193.0
215.5
161.5
86.5
95.5
79.0
154.0
208.0
188.5
227.5
155.5
154.0
155.5
181.0
199.0
193.0
95.5
182.5
65.5
167.5
163.0
202.0
49.0
167.5
182.5
169.0
191.5
142.0
139.0
221.5
43.0
97.0
188.5
179.5
233.5
178.0
113.5
190.0
110.5
113.5
127.0
187.0
119.5
35.5
196.0
215.5
175.0
182.5
47.5
200.5
220.0
94.0
221.5
154.0
67.0
163.0
157.0
143.5
199.0
11.5
238.0
232.0
187.0
211.0
221.5
133.0
164.5
232.0
44.5
175.0
193.0
232.0
115.0
203.5
209.5
227.5
191.5
152.5
224.5
79.0
218.5
209.5
167.5
62.5
94.0
169.0
148.0
193.0
101.5
194.5
230.5
175.0
121.0
226.0
73.0
176.5
175.0
212.5
109.0
218.5
34.0
175.0
218.5
220.0
214.0
116.5
199.0
131.5
211.0
151.0
218.5
143.5
53.5
106.0
226.0
154.0
215.5
74.5
211.0
83.5
92.5
77.5
179.5
112.0
41.5
209.5
86.5
70.0
86.5
230.5
173.5
182.5
149.5
230.5
166.0
169.0
221.5
221.5
143.5
191.5
223.0
173.5
209.5
176.5
202.0
200.5
214.0
233.5
214.0
205.0
157.0
79.0
148.0
38.5
85.0
157.0
211.0
134.5
200.5
56.5
196.0
74.5
155.5
172.0
184.0
121.0
197.5
58.0
202.0
11.5
191.5
187.0
214.0
167.5
194.5
74.5
230.5
196.0
133.0
206.5
221.5
86.5
26.5
184.0
149.5
221.5
175.0
62.5
152.5
205.0
146.5
199.0
211.0
203.5
202.0
70.0
119.5
110.5
205.0
193.0
154.0
214.0
233.5
203.5
190.0
199.0
100.0
211.0
197.5
52.0
178.0
146.5
92.5
133.0
248.5
206.5
182.5
86.5
223.0
200.5
205.0
142.0
235.0
182.5
206.5
148.0
188.5
52.0
169.0
131.5
215.5
151.0
190.0
191.5
206.5
89.5
29.5
31.0
74.5
85.0
215.5
209.5
145.0
53.5
25.0
26.5
73.0
56.5
212.5
43.0
194.5
128.5
161.5
155.5
137.5
220.0
199.0
208.0
227.5
179.5
196.0
176.5
179.5
112.0
221.5
173.5
160.0
191.5
173.5
121.0
223.0
91.0
88.0
149.5
199.0
125.5
167.5
176.5
139.0
19.0
167.5
152.5
169.0
64.0
166.0
203.5
235.0
77.5
220.0
190.0
152.5
206.5
67.0
128.5
181.0
205.0
136.0
115.0
179.5
205.0
86.5
206.5
151.0
233.5
62.5
212.5
151.0
197.5
232.0
116.5
142.0
158.5
112.0
208.0
139.0
194.5
179.5
226.0
215.5
218.5
212.5
166.0
200.5
197.5
134.5
212.5
194.5
181.0
203.5
214.0
136.0
11.5
206.5
130.0
193.0
184.0
218.5
170.5
104.5
112.0
140.5
176.5
170.5
91.0
104.5
112.0
127.0
206.5
88.0
203.5
202.0
121.0
209.5
224.5
140.5
179.5
161.5
176.5
127.0
202.0
181.0
139.0
95.5
188.5
88.0
202.0
182.5
82.0
199.0
212.5
137.5
208.0
205.0
173.5
214.0
89.5
179.5
193.0
121.0
230.5
86.5
200.5
157.0
199.0
128.5
221.5
220.0
149.5
179.5
203.5
104.5
248.5
191.5
185.5
65.5
218.5
185.5
115.0
140.5
220.0
203.5
196.0
133.0
190.0
181.0
88.0
214.0
203.5
155.5
206.5
143.5
197.5
92.5
205.0
199.0
211.0
137.5
203.5
181.0
47.5
52.0
220.0
208.0
241.0
89.5
148.0
113.5
173.5
233.5
113.5
190.0
148.0
214.0
196.0
206.5
110.5
235.0
179.5
152.5
157.0
107.5
136.0
191.5
154.0
110.5
175.0
239.5
190.0
212.5
17.5
197.5
187.0
206.5
202.0
95.5
199.0
59.5
221.5
227.5
125.5
154.0
187.0
187.0
88.0
142.0
70.0
164.5
215.5
121.0
196.0
224.5
211.0
118.0
205.0
187.0
220.0
221.5
89.5
100.0
193.0
188.5
166.0
146.5
179.5
193.0
200.5
230.5
157.0
221.5
185.5
184.0
107.5
194.5
155.5
131.5
172.0
158.5
154.0
116.5
107.5
200.5
199.0
179.5
169.0
214.0
181.0
148.0
79.0
179.5
184.0
31.0
194.5
203.5
157.0
179.5
149.5
232.0
190.0
199.0
190.0
176.5
217.0
77.5
190.0
220.0
224.5
103.0
172.0
142.0
166.0
200.5
233.5
74.5
167.5
224.5
218.5
172.0
211.0
224.5
214.0
205.0
167.5
31.0
221.5
190.0
176.5
205.0
205.0
209.5
94.0
203.5
175.0
172.0
184.0
199.0
134.5
182.5
170.5
73.0
205.0
110.5
179.5
227.5
191.5
203.5
169.0
190.0
86.5
236.5
145.0
212.5
194.5
212.5
151.0
160.0
223.0
212.5
182.5
181.0
167.5
157.0
163.0
149.5
193.0
58.0
32.5
59.5
194.5
68.5
206.5
185.5
209.5
113.5
193.0
140.5
182.5
208.0
206.5
203.5
200.5
188.5
82.0
229.0
73.0
155.5
140.5
181.0
104.5
160.0
163.0
170.5
172.0
220.0
209.5
212.5
124.0
212.5
233.5
211.0
200.5
212.5
104.5
118.0
55.0
187.0
151.0
203.5
143.5
145.0
188.5
188.5
86.5
223.0
203.5
211.0
199.0
181.0
74.5
163.0
70.0
49.0
232.0
164.5
191.5
50.5
157.0
218.5
217.0
175.0
116.5
182.5
112.0
208.0
200.5
76.0
178.0
196.0
169.0
203.5
89.5
175.0
211.0
154.0
65.5
214.0
31.0
109.0
227.5
139.0
131.5
218.5
154.0
52.0
172.0
197.5
193.0
211.0
226.0
235.0
176.5
173.5
223.0
67.0
205.0
145.0
95.5
184.0
73.0
217.0
209.5
214.0
89.5
157.0
97.0
220.0
130.0
145.0
83.5
151.0
151.0
202.0
190.0
203.5
218.5
143.5
157.0
227.5
172.0
208.0
164.5
146.5
37.0
91.0
151.0
202.0
149.5
232.0
226.0
146.5
173.5
187.0
242.5
203.5
203.5
215.5
137.5
227.5
205.0
209.5
137.5
200.5
160.0
226.0
220.0
209.5
212.5
176.5
143.5
175.0
176.5
226.0
181.0
187.0
217.0
152.5
14.5
161.5
209.5
185.5
91.0
215.5
194.5
203.5
178.0
98.5
209.5
208.0
124.0
149.5
233.5
179.5
148.0
164.5
194.5
109.0
185.5
215.5
83.5
200.5
208.0
121.0
196.0
41.5
215.5
131.5
200.5
58.0
208.0
146.5
119.5
205.0
88.0
179.5
184.0
199.0
89.5
184.0
64.0
221.5
181.0
136.0
217.0
187.0
125.5
44.5
214.0
214.0
208.0
190.0
32.5
208.0
226.0
176.5
184.0
89.5
152.5
67.0
140.5
220.0
182.5
191.5
233.5
113.5
233.5
92.5
200.5
184.0
59.5
161.5
208.0
55.0
212.5
196.0
182.5
220.0
226.0
182.5
214.0
91.0
214.0
209.5
196.0
203.5
208.0
214.0
214.0
28.0
217.0
182.5
218.5
206.5
193.0
139.0
187.0
134.5
151.0
41.5
107.5
196.0
203.5
217.0
59.5
199.0
229.0
179.5
188.5
148.0
221.5
185.5
124.0
218.5
232.0
217.0
176.5
173.5
179.5
167.5
206.5
200.5
23.5
61.0
43.0
112.0
88.0
221.5
208.0
170.5
169.0
208.0
181.0
208.0
229.0
214.0
178.0
161.5
214.0
164.5
214.0
191.5
121.0
212.5
229.0
184.0
173.5
175.0
187.0
124.0
227.5
170.5
134.5
178.0
176.5
212.5
226.0
218.5
223.0
182.5
175.0
187.0
116.5
137.5
212.5
121.0
205.0
206.5
217.0
221.5
178.0
196.0
175.0
200.5
197.5
137.5
176.5
236.5
88.0
200.5
172.0
197.5
178.0
178.0
217.0
188.5
154.0
52.0
182.5
88.0
224.5
217.0
211.0
107.5
130.0
209.5
169.0
212.5
122.5
206.5
148.0
154.0
155.5
203.5
191.5
199.0
208.0
214.0
224.5
169.0
202.0
137.5
140.5
188.5
28.0
176.5
41.5
197.5
181.0
227.5
172.0
223.0
164.5
193.0
220.0
221.5
197.5
163.0
223.0
73.0
211.0
149.5
211.0
211.0
179.5
166.0
214.0
184.0
71.5
220.0
205.0
86.5
205.0
157.0
188.5
241.0
226.0
121.0
139.0
226.0
128.5
154.0
140.5
119.5
169.0
184.0
235.0
194.5
214.0
221.5
43.0
137.5
208.0
182.5
181.0
160.0
241.0
95.5
142.0
188.5
140.5
196.0
205.0
163.0
203.5
137.5
203.5
220.0
190.0
119.5
154.0
22.0
190.0
211.0
211.0
181.0
190.0
203.5
146.5
94.0
112.0
178.0
164.5
223.0
7.0
224.5
188.5
167.5
206.5
59.5
58.0
154.0
65.5
194.5
110.5
124.0
169.0
203.5
77.5
202.0
209.5
146.5
226.0
190.0
194.5
155.5
151.0
100.0
155.5
50.5
202.0
223.0
167.5
166.0
131.5
235.0
214.0
76.0
137.5
218.5
116.5
128.5
197.5
22.0
206.5
148.0
164.5
145.0
154.0
194.5
173.5
161.5
130.0
97.0
227.5
139.0
209.5
221.5
110.5
175.0
212.5
194.5
73.0
197.5
43.0
112.0
229.0
205.0
191.5
226.0
169.0
160.0
167.5
221.5
97.0
203.5
205.0
131.5
164.5
212.5
124.0
205.0
221.5
121.0
205.0
227.5
53.5
83.5
170.5
194.5
182.5
59.5
188.5
41.5
199.0
185.5
53.5
157.0
74.5
200.5
214.0
194.5
212.5
137.5
152.5
187.0
193.0
206.5
58.0
161.5
206.5
178.0
149.5
104.5
119.5
85.0
236.5
200.5
149.5
119.5
119.5
175.0
217.0
217.0
199.0
184.0
73.0
206.5
161.5
233.5
98.5
203.5
119.5
149.5
197.5
122.5
101.5
218.5
103.0
188.5
212.5
217.0
127.0
224.5
202.0
211.0
158.5
175.0
169.0
161.5
125.5
139.0
193.0
151.0
208.0
205.0
184.0
151.0
80.5
224.5
149.5
212.5
221.5
188.5
157.0
214.0
185.5
203.5
182.5
43.0
229.0
205.0
215.5
202.0
131.5
193.0
166.0
131.5
214.0
155.5
187.0
130.0
170.5
61.0
208.0
203.5
178.0
214.0
154.0
206.5
220.0
211.0
200.5
143.5
172.0
194.5
184.0
239.5
220.0
205.0
190.0
209.5
65.5
82.0
202.0
221.5
79.0
199.0
193.0
152.5
196.0
157.0
230.5
151.0
226.0
169.0
206.5
145.0
214.0
134.5
208.0
190.0
89.5
77.5
206.5
175.0
220.0
190.0
169.0
62.5
49.0
187.0
214.0
209.5
206.5
214.0
145.0
208.0
212.5
206.5
197.5
223.0
227.5
208.0
131.5
194.5
190.0
155.5
158.5
149.5
16.0
194.5
179.5
119.5
218.5
146.5
58.0
44.5
178.0
62.5
77.5
208.0
175.0
212.5
203.5
208.0
214.0
170.5
98.5
193.0
226.0
202.0
22.0
119.5
191.5
181.0
163.0
212.5
152.5
31.0
223.0
187.0
173.5
89.5
212.5
214.0
88.0
184.0
137.5
16.0
134.5
38.5
155.5
223.0
146.5
137.5
235.0
235.0
139.0
136.0
163.0
169.0
187.0
194.5
227.5
200.5
170.5
227.5
182.5
215.5
170.5
205.0
74.5
212.5
232.0
157.0
145.0
191.5
86.5
79.0
227.5
40.0
202.0
214.0
139.0
178.0
158.5
46.0
214.0
194.5
161.5
179.5
59.5
215.5
184.0
182.5
88.0
190.0
106.0
188.5
163.0
221.5
158.5
223.0
221.5
161.5
176.5
160.0
185.5
173.5
143.5
181.0
187.0
151.0
157.0
98.5
212.5
203.5
140.5
215.5
164.5
238.0
199.0
224.5
221.5
43.0
187.0
226.0
161.5
134.5
181.0
38.5
154.0
104.5
122.5
208.0
163.0
185.5
32.5
107.5
139.0
112.0
209.5
200.5
203.5
218.5
184.0
182.5
218.5
172.0
20.5
47.5
229.0
200.5
61.0
184.0
176.5
88.0
206.5
188.5
193.0
176.5
161.5
131.5
173.5
229.0
211.0
170.5
65.5
73.0
76.0
221.5
157.0
187.0
77.5
230.5
208.0
197.5
92.5
202.0
148.0
157.0
187.0
155.5
230.5
218.5
179.5
137.5
221.5
155.5
56.5
185.5
202.0
127.0
55.0
235.0
217.0
205.0
233.5
179.5
163.0
121.0
212.5
146.5
166.0
187.0
47.5
160.0
112.0
182.5
50.5
215.5
191.5
214.0
164.5
232.0
182.5
101.5
73.0
1.0
152.5
200.5
169.0
227.5
115.0
130.0
188.5
220.0
182.5
58.0
56.5
128.5
220.0
190.0
62.5
13.0
208.0
185.5
205.0
163.0
221.5
179.5
181.0
41.5
61.0
221.5
230.5
100.0
98.5
61.0
157.0
217.0
233.5
224.5
164.5
221.5
187.0
218.5
190.0
214.0
17.5
125.5
179.5
164.5
173.5
151.0
214.0
67.0
209.5
233.5
119.5
128.5
94.0
76.0
190.0
199.0
179.5
203.5
50.5
227.5
160.0
88.0
146.5
170.5
59.5
215.5
197.5
154.0
193.0
167.5
181.0
185.5
203.5
26.5
224.5
134.5
137.5
187.0
179.5
196.0
