92.5
169.0
188.5
112.0
125.5
206.5
212.5
182.5
157.0
100.0
214.0
188.5
181.0
203.5
194.5
205.0
176.5
86.5
106.0
230.5
181.0
208.0
56.5
217.0
206.5
56.5
46.0
110.5
137.5
203.5
100.0
100.0
154.0
200.5
58.0
160.0
109.0
95.5
152.5
44.5
122.5
218.5
214.0
227.5
191.5
191.5
193.0
58.0
191.5
178.0
218.5
199.0
139.0
175.0
76.0
188.5
215.5
160.0
176.5
175.0
32.5
202.0
58.0
173.5
44.5
223.0
197.5
28.0
215.5
191.5
128.5
190.0
221.5
154.0
86.5
143.5
202.0
124.0
61.0
139.0
104.5
179.5
178.0
215.5
199.0
173.5
206.5
155.5
178.0
104.5
221.5
65.5
155.5
80.5
46.0
167.5
43.0
151.0
179.5
221.5
199.0
53.5
65.5
32.5
55.0
151.0
194.5
41.5
203.5
175.0
190.0
196.0
176.5
178.0
35.5
91.0
152.5
94.0
167.5
173.5
137.5
209.5
173.5
110.5
215.5
208.0
109.0
40.0
115.0
112.0
214.0
118.0
37.0
128.5
80.5
140.5
179.5
211.0
125.5
196.0
215.5
73.0
197.5
188.5
89.5
178.0
196.0
169.0
227.5
223.0
104.5
166.0
64.0
118.0
200.5
196.0
214.0
235.0
191.5
197.5
131.5
172.0
152.5
137.5
157.0
220.0
119.5
80.5
229.0
133.0
134.5
122.5
224.5
140.5
187.0
163.0
139.0
134.5
199.0
128.5
163.0
116.5
163.0
196.0
103.0
214.0
196.0
203.5
95.5
244.0
173.5
118.0
137.5
206.5
86.5
232.0
209.5
134.5
224.5
173.5
218.5
211.0
224.5
41.5
163.0
194.5
232.0
92.5
170.5
203.5
149.5
58.0
137.5
116.5
79.0
200.5
62.5
193.0
91.0
197.5
178.0
221.5
179.5
134.5
143.5
200.5
71.5
211.0
137.5
152.5
127.0
190.0
5.5
113.5
155.5
208.0
215.5
184.0
194.5
206.5
202.0
119.5
211.0
124.0
197.5
149.5
164.5
206.5
62.5
185.5
205.0
218.5
97.0
154.0
182.5
194.5
188.5
97.0
187.0
197.5
149.5
200.5
199.0
136.0
169.0
196.0
158.5
98.5
221.5
172.0
121.0
166.0
223.0
235.0
182.5
157.0
34.0
215.5
212.5
160.0
179.5
167.5
185.5
181.0
148.0
206.5
64.0
118.0
196.0
64.0
142.0
131.5
211.0
146.5
164.5
224.5
194.5
194.5
80.5
64.0
182.5
214.0
151.0
107.5
110.5
116.5
218.5
202.0
217.0
97.0
154.0
226.0
221.5
226.0
181.0
109.0
218.5
178.0
203.5
164.5
208.0
211.0
61.0
173.5
35.5
211.0
197.5
211.0
161.5
176.5
203.5
175.0
188.5
161.5
217.0
151.0
175.0
65.5
223.0
101.5
205.0
115.0
197.5
145.0
190.0
143.5
178.0
52.0
178.0
175.0
187.0
193.0
124.0
215.5
103.0
172.0
59.5
55.0
182.5
220.0
208.0
115.0
155.5
179.5
214.0
128.5
199.0
209.5
94.0
206.5
203.5
221.5
172.0
181.0
190.0
130.0
197.5
158.5
67.0
187.0
88.0
167.5
103.0
164.5
83.5
176.5
191.5
194.5
176.5
209.5
118.0
194.5
56.5
160.0
20.5
220.0
109.0
226.0
232.0
209.5
154.0
161.5
175.0
181.0
122.5
49.0
199.0
173.5
20.5
190.0
220.0
176.5
85.0
217.0
148.0
211.0
146.5
163.0
154.0
232.0
199.0
230.5
170.5
160.0
185.5
185.5
196.0
121.0
206.5
197.5
206.5
157.0
185.5
143.5
197.5
52.0
179.5
200.5
220.0
214.0
212.5
28.0
149.5
61.0
200.5
166.0
140.5
229.0
197.5
187.0
125.5
185.5
38.5
200.5
191.5
166.0
199.0
197.5
200.5
179.5
190.0
136.0
212.5
185.5
161.5
217.0
124.0
146.5
224.5
208.0
193.0
125.5
215.5
217.0
170.5
100.0
158.5
178.0
100.0
142.0
209.5
194.5
167.5
185.5
170.5
124.0
169.0
149.5
224.5
178.0
148.0
193.0
115.0
190.0
208.0
164.5
184.0
107.5
176.5
209.5
187.0
175.0
220.0
196.0
229.0
206.5
164.5
182.5
187.0
212.5
28.0
227.5
208.0
121.0
124.0
101.5
200.5
179.5
224.5
199.0
172.0
56.5
212.5
181.0
173.5
143.5
136.0
151.0
220.0
211.0
83.5
145.0
161.5
190.0
137.5
229.0
185.5
172.0
191.5
229.0
196.0
148.0
181.0
226.0
22.0
215.5
182.5
187.0
127.0
124.0
185.5
215.5
151.0
155.5
196.0
55.0
112.0
215.5
106.0
217.0
170.5
106.0
16.0
184.0
43.0
146.5
148.0
118.0
161.5
79.0
44.5
98.5
164.5
160.0
134.5
121.0
104.5
235.0
191.5
178.0
118.0
136.0
113.5
194.5
179.5
193.0
56.5
200.5
227.5
185.5
160.0
124.0
166.0
127.0
178.0
185.5
157.0
16.0
17.5
154.0
112.0
194.5
154.0
190.0
206.5
215.5
199.0
161.5
136.0
119.5
128.5
205.0
91.0
206.5
223.0
148.0
241.0
170.5
182.5
194.5
85.0
205.0
199.0
205.0
196.0
191.5
178.0
41.5
212.5
205.0
218.5
197.5
143.5
187.0
110.5
188.5
215.5
143.5
224.5
202.0
134.5
83.5
169.0
76.0
71.5
82.0
164.5
221.5
182.5
158.5
76.0
206.5
179.5
214.0
220.0
179.5
197.5
136.0
169.0
206.5
212.5
128.5
160.0
212.5
155.5
116.5
178.0
112.0
215.5
154.0
155.5
212.5
205.0
166.0
139.0
178.0
157.0
199.0
190.0
185.5
167.5
131.5
209.5
215.5
215.5
128.5
164.5
154.0
97.0
152.5
185.5
157.0
194.5
185.5
68.5
125.5
62.5
110.5
217.0
127.0
158.5
176.5
110.5
221.5
212.5
73.0
194.5
140.5
101.5
203.5
83.5
73.0
151.0
142.0
211.0
58.0
178.0
122.5
119.5
182.5
193.0
109.0
221.5
164.5
104.5
109.0
221.5
197.5
110.5
167.5
151.0
196.0
124.0
211.0
85.0
74.5
212.5
193.0
100.0
104.5
97.0
169.0
212.5
164.5
136.0
196.0
163.0
142.0
169.0
49.0
232.0
40.0
107.5
149.5
142.0
196.0
109.0
197.5
209.5
160.0
187.0
214.0
208.0
86.5
148.0
155.5
218.5
203.5
166.0
164.5
202.0
170.5
37.0
71.5
208.0
214.0
137.5
200.5
67.0
206.5
134.5
74.5
205.0
187.0
206.5
196.0
230.5
121.0
100.0
181.0
232.0
221.5
187.0
166.0
205.0
169.0
221.5
149.5
196.0
221.5
127.0
187.0
191.5
205.0
166.0
184.0
28.0
40.0
184.0
148.0
37.0
116.5
163.0
143.5
187.0
161.5
55.0
212.5
196.0
127.0
212.5
185.5
64.0
19.0
65.5
82.0
71.5
82.0
169.0
199.0
65.5
68.5
200.5
227.5
197.5
212.5
227.5
212.5
22.0
191.5
224.5
173.5
181.0
190.0
71.5
158.5
208.0
194.5
205.0
209.5
206.5
142.0
191.5
220.0
196.0
175.0
64.0
19.0
196.0
187.0
215.5
220.0
169.0
193.0
191.5
29.5
208.0
115.0
191.5
187.0
203.5
215.5
164.5
217.0
172.0
226.0
215.5
155.5
155.5
158.5
190.0
188.5
109.0
215.5
82.0
91.0
221.5
148.0
241.0
151.0
218.5
221.5
227.5
79.0
206.5
199.0
214.0
152.5
199.0
184.0
91.0
146.5
67.0
193.0
46.0
58.0
154.0
59.5
206.5
112.0
224.5
212.5
149.5
52.0
172.0
161.5
191.5
245.5
197.5
142.0
215.5
184.0
217.0
157.0
172.0
167.5
215.5
151.0
175.0
74.5
179.5
149.5
173.5
107.5
220.0
178.0
92.5
206.5
148.0
220.0
209.5
146.5
196.0
202.0
214.0
154.0
59.5
193.0
86.5
200.5
160.0
197.5
136.0
89.5
218.5
197.5
146.5
104.5
170.5
124.0
119.5
209.5
119.5
241.0
221.5
137.5
170.5
188.5
68.5
125.5
146.5
230.5
58.0
218.5
196.0
191.5
181.0
190.0
122.5
190.0
205.0
175.0
107.5
206.5
235.0
191.5
236.5
187.0
199.0
178.0
221.5
158.5
203.5
92.5
133.0
169.0
164.5
110.5
134.5
154.0
187.0
185.5
185.5
227.5
208.0
172.0
205.0
233.5
187.0
173.5
28.0
197.5
199.0
178.0
203.5
208.0
212.5
244.0
172.0
181.0
88.0
226.0
194.5
116.5
145.0
227.5
218.5
157.0
148.0
230.5
191.5
178.0
196.0
176.5
188.5
197.5
14.5
166.0
181.0
128.5
191.5
136.0
218.5
169.0
91.0
113.5
113.5
212.5
214.0
226.0
199.0
133.0
56.5
118.0
211.0
226.0
185.5
190.0
217.0
236.5
193.0
212.5
196.0
161.5
176.5
173.5
125.5
229.0
205.0
11.5
124.0
100.0
229.0
188.5
128.5
185.5
217.0
196.0
131.5
202.0
184.0
191.5
88.0
188.5
160.0
55.0
59.5
92.5
107.5
100.0
209.5
190.0
200.5
223.0
221.5
172.0
197.5
185.5
199.0
223.0
125.5
125.5
235.0
127.0
32.5
205.0
142.0
164.5
151.0
184.0
188.5
104.5
47.5
194.5
178.0
233.5
223.0
106.0
115.0
128.5
155.5
178.0
133.0
214.0
215.5
179.5
142.0
209.5
22.0
145.0
218.5
91.0
218.5
232.0
220.0
203.5
221.5
209.5
55.0
170.5
152.5
53.5
218.5
152.5
208.0
212.5
169.0
212.5
47.5
166.0
190.0
163.0
133.0
235.0
212.5
173.5
149.5
175.0
226.0
122.5
121.0
214.0
163.0
154.0
170.5
167.5
220.0
194.5
235.0
202.0
76.0
131.5
179.5
196.0
164.5
163.0
109.0
218.5
98.5
197.5
221.5
170.5
158.5
208.0
187.0
74.5
158.5
142.0
194.5
176.5
218.5
211.0
170.5
32.5
220.0
208.0
203.5
118.0
127.0
209.5
202.0
196.0
190.0
157.0
202.0
185.5
211.0
229.0
220.0
223.0
208.0
205.0
196.0
124.0
205.0
211.0
215.5
43.0
83.5
104.5
29.5
163.0
136.0
200.5
172.0
176.5
46.0
175.0
176.5
122.5
47.5
211.0
154.0
58.0
196.0
239.5
62.5
211.0
184.0
170.5
100.0
11.5
29.5
229.0
215.5
82.0
176.5
28.0
59.5
154.0
185.5
208.0
202.0
193.0
133.0
176.5
181.0
170.5
139.0
197.5
92.5
212.5
194.5
205.0
113.5
154.0
148.0
233.5
32.5
61.0
34.0
131.5
59.5
199.0
154.0
164.5
172.0
110.5
203.5
95.5
115.0
208.0
59.5
166.0
104.5
68.5
211.0
119.5
68.5
232.0
215.5
182.5
184.0
215.5
212.5
164.5
106.0
191.5
193.0
179.5
214.0
194.5
221.5
203.5
179.5
232.0
100.0
119.5
200.5
152.5
148.0
185.5
149.5
181.0
146.5
107.5
155.5
182.5
209.5
106.0
218.5
115.0
185.5
100.0
146.5
206.5
209.5
208.0
187.0
190.0
28.0
205.0
154.0
146.5
193.0
181.0
128.5
187.0
157.0
107.5
215.5
131.5
166.0
224.5
173.5
221.5
89.5
178.0
170.5
110.5
223.0
181.0
179.5
199.0
88.0
203.5
164.5
26.5
212.5
152.5
230.5
53.5
143.5
178.0
196.0
56.5
220.0
170.5
200.5
203.5
196.0
206.5
131.5
149.5
193.0
200.5
149.5
221.5
166.0
212.5
169.0
100.0
169.0
118.0
139.0
170.5
131.5
143.5
52.0
76.0
169.0
185.5
76.0
134.5
211.0
151.0
200.5
214.0
200.5
190.0
241.0
79.0
193.0
217.0
224.5
197.5
125.5
157.0
128.5
217.0
158.5
136.0
191.5
217.0
74.5
127.0
161.5
82.0
208.0
173.5
202.0
212.5
200.5
116.5
202.0
209.5
218.5
122.5
181.0
179.5
124.0
194.5
166.0
199.0
194.5
229.0
179.5
196.0
197.5
142.0
178.0
190.0
166.0
236.5
215.5
143.5
208.0
155.5
221.5
202.0
193.0
215.5
106.0
157.0
14.5
221.5
212.5
34.0
31.0
161.5
211.0
155.5
145.0
215.5
113.5
185.5
142.0
128.5
26.5
173.5
137.5
223.0
199.0
179.5
173.5
133.0
161.5
118.0
166.0
224.5
91.0
173.5
215.5
217.0
221.5
185.5
220.0
67.0
175.0
131.5
173.5
212.5
221.5
146.5
178.0
136.0
208.0
191.5
190.0
202.0
32.5
199.0
221.5
146.5
197.5
220.0
209.5
208.0
218.5
35.5
206.5
187.0
193.0
176.5
79.0
140.5
182.5
182.5
229.0
220.0
38.5
88.0
179.5
137.5
58.0
203.5
221.5
131.5
218.5
194.5
53.5
136.0
40.0
199.0
191.5
190.0
101.5
179.5
220.0
149.5
194.5
212.5
158.5
239.5
101.5
227.5
128.5
187.0
215.5
199.0
82.0
223.0
143.5
137.5
158.5
230.5
187.0
220.0
95.5
191.5
41.5
152.5
197.5
188.5
191.5
56.5
169.0
199.0
196.0
50.5
202.0
245.5
221.5
191.5
206.5
154.0
161.5
184.0
221.5
61.0
191.5
179.5
172.0
161.5
209.5
205.0
185.5
29.5
95.5
26.5
89.5
175.0
230.5
148.0
178.0
35.5
212.5
218.5
170.5
185.5
149.5
197.5
71.5
179.5
151.0
188.5
190.0
199.0
161.5
212.5
208.0
143.5
152.5
202.0
118.0
214.0
188.5
91.0
224.5
233.5
46.0
193.0
133.0
62.5
101.5
214.0
101.5
106.0
166.0
160.0
130.0
200.5
175.0
146.5
127.0
157.0
163.0
232.0
217.0
212.5
11.5
37.0
179.5
205.0
185.5
124.0
206.5
200.5
202.0
209.5
199.0
178.0
77.5
197.5
62.5
178.0
101.5
170.5
233.5
43.0
55.0
214.0
152.5
142.0
130.0
25.0
86.5
235.0
155.5
164.5
163.0
220.0
179.5
151.0
38.5
215.5
163.0
197.5
185.5
64.0
217.0
73.0
182.5
218.5
163.0
97.0
197.5
83.5
116.5
193.0
239.5
196.0
190.0
172.0
172.0
127.0
205.0
229.0
112.0
196.0
158.5
212.5
182.5
202.0
199.0
140.5
200.5
14.5
229.0
64.0
176.5
175.0
86.5
224.5
218.5
184.0
95.5
200.5
167.5
145.0
200.5
64.0
56.5
199.0
101.5
167.5
50.5
101.5
19.0
49.0
79.0
236.5
214.0
179.5
61.0
179.5
52.0
142.0
130.0
160.0
68.5
166.0
109.0
118.0
148.0
209.5
196.0
13.0
155.5
208.0
58.0
217.0
227.5
182.5
193.0
214.0
200.5
85.0
169.0
212.5
116.5
184.0
176.5
214.0
187.0
185.5
149.5
202.0
76.0
187.0
205.0
179.5
209.5
160.0
154.0
223.0
91.0
176.5
77.5
179.5
194.5
185.5
163.0
154.0
176.5
220.0
164.5
149.5
139.0
154.0
155.5
212.5
227.5
214.0
227.5
178.0
176.5
148.0
224.5
190.0
215.5
206.5
158.5
197.5
203.5
194.5
170.5
118.0
229.0
217.0
193.0
182.5
179.5
118.0
190.0
199.0
124.0
128.5
53.5
178.0
184.0
127.0
127.0
230.5
86.5
209.5
104.5
208.0
175.0
203.5
133.0
185.5
212.5
119.5
146.5
169.0
110.5
209.5
200.5
163.0
185.5
139.0
190.0
205.0
188.5
227.5
193.0
169.0
214.0
224.5
197.5
113.5
194.5
152.5
182.5
181.0
152.5
128.5
110.5
223.0
167.5
218.5
160.0
208.0
215.5
167.5
191.5
194.5
193.0
179.5
194.5
65.5
187.0
121.0
215.5
197.5
203.5
104.5
125.5
89.5
214.0
56.5
154.0
226.0
220.0
76.0
88.0
136.0
29.5
122.5
190.0
145.0
217.0
65.5
128.5
148.0
172.0
133.0
205.0
194.5
235.0
7.0
143.5
86.5
182.5
181.0
199.0
193.0
218.5
161.5
218.5
184.0
133.0
172.0
184.0
214.0
188.5
215.5
196.0
170.5
209.5
110.5
178.0
166.0
95.5
179.5
214.0
208.0
151.0
203.5
97.0
31.0
46.0
208.0
172.0
131.5
151.0
122.5
202.0
220.0
136.0
202.0
151.0
190.0
187.0
175.0
203.5
167.5
191.5
200.5
151.0
118.0
121.0
179.5
151.0
140.5
152.5
217.0
31.0
98.5
194.5
128.5
68.5
148.0
226.0
128.5
157.0
212.5
130.0
178.0
119.5
32.5
53.5
61.0
64.0
202.0
23.5
152.5
157.0
184.0
160.0
121.0
191.5
191.5
148.0
230.5
197.5
140.5
197.5
203.5
223.0
197.5
109.0
40.0
61.0
193.0
176.5
170.5
218.5
119.5
229.0
205.0
220.0
62.5
175.0
106.0
23.5
64.0
211.0
200.5
212.5
190.0
23.5
155.5
74.5
163.0
155.5
122.5
182.5
190.0
190.0
188.5
38.5
154.0
100.0
85.0
218.5
217.0
140.5
191.5
211.0
175.0
205.0
170.5
226.0
209.5
160.0
199.0
227.5
224.5
161.5
194.5
37.0
67.0
227.5
194.5
187.0
196.0
128.5
179.5
116.5
218.5
163.0
208.0
50.5
170.5
79.0
206.5
221.5
107.5
121.0
191.5
109.0
164.5
127.0
128.5
181.0
185.5
187.0
107.5
221.5
65.5
145.0
112.0
164.5
107.5
157.0
125.5
211.0
200.5
190.0
61.0
143.5
182.5
122.5
235.0
148.0
235.0
41.5
196.0
176.5
187.0
22.0
208.0
199.0
200.5
199.0
29.5
163.0
220.0
55.0
164.5
155.5
179.5
221.5
17.5
98.5
103.0
199.0
155.5
94.0
218.5
112.0
230.5
202.0
151.0
128.5
40.0
139.0
173.5
128.5
218.5
157.0
184.0
190.0
214.0
184.0
205.0
182.5
215.5
196.0
200.5
143.5
167.5
212.5
235.0
62.5
169.0
203.5
211.0
25.0
235.0
176.5
221.5
199.0
223.0
211.0
208.0
170.5
203.5
188.5
226.0
229.0
169.0
62.5
116.5
187.0
242.5
13.0
226.0
208.0
214.0
209.5
157.0
118.0
182.5
163.0
118.0
191.5
206.5
175.0
230.5
185.5
133.0
74.5
238.0
218.5
80.5
112.0
199.0
190.0
194.5
191.5
212.5
179.5
115.0
181.0
20.5
208.0
193.0
203.5
190.0
212.5
74.5
125.5
53.5
214.0
26.5
220.0
38.5
146.5
122.5
136.0
206.5
199.0
220.0
191.5
221.5
47.5
74.5
109.0
32.5
140.5
188.5
208.0
199.0
104.5
133.0
197.5
85.0
178.0
40.0
80.5
34.0
196.0
193.0
205.0
44.5
178.0
233.5
146.5
211.0
77.5
5.5
187.0
146.5
181.0
187.0
157.0
208.0
220.0
206.5
191.5
185.5
220.0
184.0
182.5
49.0
226.0
155.5
217.0
85.0
190.0
158.5
142.0
65.5
209.5
212.5
187.0
124.0
29.5
203.5
188.5
196.0
194.5
113.5
208.0
206.5
182.5
91.0
206.5
236.5
202.0
151.0
146.5
215.5
136.0
137.5
223.0
155.5
196.0
206.5
215.5
179.5
151.0
172.0
203.5
206.5
185.5
205.0
212.5
56.5
203.5
196.0
85.0
190.0
202.0
187.0
109.0
196.0
221.5
172.0
223.0
101.5
209.5
175.0
199.0
212.5
71.5
193.0
64.0
221.5
131.5
221.5
166.0
206.5
62.5
82.0
184.0
43.0
209.5
220.0
206.5
19.0
26.5
214.0
64.0
155.5
188.5
182.5
152.5
77.5
217.0
35.5
211.0
197.5
200.5
187.0
80.5
205.0
38.5
196.0
134.5
211.0
79.0
190.0
88.0
229.0
92.5
181.0
200.5
179.5
197.5
184.0
31.0
145.0
157.0
128.5
130.0
80.5
49.0
178.0
196.0
205.0
88.0
121.0
179.5
134.5
206.5
196.0
127.0
173.5
133.0
149.5
70.0
217.0
100.0
74.5
98.5
233.5
130.0
89.5
161.5
227.5
194.5
91.0
97.0
127.0
227.5
91.0
214.0
91.0
196.0
148.0
164.5
214.0
166.0
25.0
208.0
91.0
205.0
181.0
185.5
157.0
208.0
223.0
134.5
232.0
188.5
182.5
176.5
134.5
188.5
70.0
197.5
104.5
166.0
74.5
190.0
115.0
215.5
193.0
55.0
214.0
202.0
194.5
82.0
163.0
188.5
203.5
31.0
223.0
194.5
128.5
191.5
215.5
131.5
20.5
169.0
91.0
134.5
197.5
173.5
83.5
185.5
181.0
190.0
155.5
130.0
202.0
224.5
185.5
181.0
206.5
178.0
185.5
229.0
89.5
76.0
199.0
181.0
232.0
206.5
88.0
209.5
196.0
97.0
188.5
218.5
85.0
215.5
208.0
28.0
212.5
202.0
172.0
154.0
209.5
70.0
167.5
197.5
209.5
209.5
151.0
68.5
172.0
59.5
128.5
95.5
22.0
184.0
193.0
55.0
67.0
215.5
209.5
40.0
226.0
227.5
229.0
65.5
49.0
211.0
181.0
199.0
125.5
208.0
142.0
125.5
214.0
194.5
199.0
221.5
202.0
185.5
106.0
200.5
184.0
151.0
190.0
209.5
133.0
83.5
223.0
152.5
167.5
196.0
188.5
220.0
212.5
149.5
172.0
229.0
172.0
182.5
179.5
215.5
188.5
79.0
154.0
145.0
226.0
226.0
148.0
197.5
197.5
200.5
137.5
140.5
211.0
188.5
182.5
175.0
227.5
208.0
161.5
104.5
110.5
68.5
230.5
74.5
193.0
191.5
65.5
64.0
211.0
95.5
208.0
218.5
194.5
173.5
64.0
221.5
155.5
200.5
188.5
199.0
167.5
215.5
221.5
121.0
149.5
67.0
73.0
143.5
155.5
122.5
205.0
220.0
226.0
191.5
149.5
124.0
98.5
146.5
181.0
136.0
188.5
196.0
226.0
118.0
56.5
29.5
85.0
176.5
215.5
172.0
166.0
113.5
223.0
94.0
188.5
46.0
85.0
95.5
61.0
196.0
95.5
208.0
94.0
215.5
154.0
178.0
176.5
217.0
215.5
80.5
175.0
116.5
154.0
215.5
50.5
145.0
143.5
223.0
188.5
175.0
145.0
79.0
182.5
64.0
169.0
187.0
193.0
199.0
223.0
125.5
205.0
178.0
212.5
221.5
148.0
209.5
41.5
133.0
202.0
118.0
208.0
151.0
224.5
191.5
94.0
125.5
227.5
175.0
148.0
196.0
151.0
202.0
125.5
169.0
62.5
121.0
223.0
197.5
191.5
203.5
181.0
187.0
211.0
223.0
109.0
89.5
154.0
205.0
154.0
215.5
166.0
205.0
190.0
118.0
184.0
55.0
181.0
215.5
173.5
200.5
218.5
148.0
191.5
193.0
164.5
130.0
163.0
148.0
196.0
74.5
190.0
83.5
173.5
196.0
188.5
188.5
166.0
218.5
142.0
214.0
196.0
152.5
190.0
176.5
106.0
203.5
205.0
62.5
190.0
214.0
208.0
166.0
212.5
172.0
220.0
167.5
94.0
193.0
158.5
244.0
103.0
85.0
223.0
155.5
145.0
205.0
175.0
175.0
188.5
155.5
190.0
62.5
110.5
238.0
232.0
206.5
106.0
235.0
239.5
209.5
173.5
175.0
143.5
218.5
193.0
214.0
202.0
184.0
209.5
214.0
125.5
133.0
157.0
124.0
184.0
62.5
127.0
125.5
101.5
187.0
181.0
128.5
91.0
151.0
113.5
203.5
191.5
221.5
122.5
188.5
128.5
56.5
179.5
46.0
137.5
38.5
160.0
185.5
121.0
178.0
220.0
193.0
170.5
52.0
199.0
127.0
179.5
199.0
242.5
194.5
148.0
190.0
82.0
134.5
215.5
220.0
85.0
193.0
85.0
155.5
73.0
178.0
218.5
178.0
203.5
226.0
223.0
154.0
187.0
119.5
83.5
158.5
113.5
209.5
220.0
199.0
209.5
187.0
22.0
196.0
142.0
178.0
97.0
181.0
161.5
209.5
194.5
157.0
97.0
199.0
139.0
190.0
184.0
215.5
215.5
238.0
209.5
41.5
179.5
196.0
46.0
229.0
190.0
146.5
128.5
172.0
203.5
181.0
166.0
170.5
209.5
229.0
200.5
223.0
151.0
97.0
202.0
130.0
167.5
205.0
197.5
94.0
197.5
199.0
184.0
82.0
233.5
125.5
137.5
208.0
128.5
121.0
217.0
110.5
178.0
170.5
218.5
196.0
200.5
52.0
194.5
172.0
202.0
185.5
62.5
203.5
173.5
158.5
89.5
58.0
184.0
79.0
197.5
31.0
121.0
173.5
227.5
184.0
97.0
227.5
170.5
182.5
47.5
178.0
221.5
98.5
191.5
209.5
173.5
194.5
224.5
175.0
206.5
224.5
179.5
227.5
217.0
160.0
221.5
64.0
167.5
218.5
115.0
184.0
188.5
136.0
209.5
218.5
67.0
62.5
164.5
191.5
190.0
52.0
13.0
110.5
107.5
106.0
82.0
178.0
38.5
97.0
146.5
181.0
188.5
200.5
221.5
184.0
212.5
214.0
148.0
100.0
247.0
41.5
61.0
166.0
125.5
137.5
220.0
187.0
145.0
154.0
182.5
76.0
182.5
220.0
205.0
200.5
233.5
209.5
103.0
167.5
209.5
203.5
175.0
227.5
203.5
190.0
74.5
121.0
110.5
208.0
146.5
190.0
157.0
131.5
115.0
172.0
152.5
223.0
172.0
152.5
175.0
43.0
88.0
178.0
194.5
166.0
56.5
217.0
224.5
217.0
190.0
97.0
131.5
53.5
158.5
191.5
164.5
149.5
208.0
122.5
98.5
179.5
176.5
179.5
145.0
175.0
83.5
191.5
163.0
178.0
92.5
208.0
170.5
65.5
82.0
83.5
62.5
167.5
215.5
196.0
215.5
190.0
223.0
49.0
215.5
152.5
154.0
146.5
182.5
152.5
175.0
76.0
203.5
197.5
212.5
181.0
125.5
182.5
65.5
176.5
106.0
206.5
70.0
211.0
53.5
178.0
181.0
229.0
160.0
143.5
226.0
211.0
173.5
224.5
193.0
199.0
154.0
206.5
203.5
118.0
182.5
175.0
188.5
182.5
212.5
182.5
64.0
145.0
169.0
173.5
155.5
125.5
143.5
88.0
128.5
46.0
217.0
196.0
109.0
106.0
175.0
164.5
217.0
89.5
190.0
220.0
83.5
218.5
229.0
185.5
191.5
94.0
169.0
161.5
161.5
212.5
182.5
212.5
214.0
218.5
181.0
217.0
155.5
193.0
56.5
214.0
191.5
104.5
203.5
151.0
220.0
190.0
16.0
199.0
205.0
148.0
191.5
163.0
230.5
236.5
166.0
55.0
172.0
38.5
163.0
115.0
40.0
106.0
82.0
143.5
82.0
166.0
202.0
44.5
220.0
110.5
215.5
20.5
163.0
239.5
50.5
217.0
131.5
206.5
199.0
188.5
47.5
92.5
229.0
131.5
199.0
101.5
164.5
185.5
196.0
143.5
41.5
26.5
88.0
35.5
197.5
43.0
164.5
164.5
203.5
194.5
70.0
199.0
172.0
197.5
187.0
19.0
131.5
202.0
206.5
230.5
208.0
209.5
86.5
11.5
184.0
139.0
208.0
157.0
97.0
197.5
160.0
49.0
115.0
185.5
218.5
68.5
112.0
151.0
113.5
184.0
29.5
79.0
205.0
209.5
14.5
190.0
214.0
182.5
64.0
107.5
136.0
211.0
188.5
40.0
71.5
139.0
172.0
158.5
100.0
185.5
223.0
191.5
206.5
206.5
185.5
118.0
208.0
68.5
127.0
212.5
43.0
209.5
86.5
187.0
175.0
50.5
212.5
220.0
133.0
163.0
119.5
230.5
103.0
190.0
167.5
172.0
221.5
184.0
82.0
197.5
206.5
55.0
181.0
152.5
161.5
115.0
179.5
127.0
200.5
212.5
193.0
214.0
158.5
140.5
197.5
202.0
91.0
97.0
199.0
214.0
148.0
214.0
53.5
137.5
221.5
166.0
148.0
86.5
226.0
172.0
229.0
115.0
184.0
146.5
224.5
203.5
149.5
197.5
127.0
178.0
197.5
212.5
206.5
188.5
197.5
139.0
179.5
223.0
103.0
190.0
157.0
229.0
209.5
203.5
176.5
16.0
112.0
176.5
103.0
211.0
157.0
188.5
205.0
148.0
187.0
43.0
220.0
175.0
197.5
194.5
188.5
196.0
197.5
194.5
31.0
26.5
187.0
205.0
113.5
145.0
148.0
89.5
224.5
143.5
187.0
188.5
154.0
214.0
109.0
172.0
202.0
178.0
199.0
149.5
175.0
214.0
232.0
179.5
167.5
166.0
193.0
131.5
170.5
149.5
190.0
188.5
67.0
218.5
206.5
202.0
37.0
197.5
157.0
94.0
185.5
94.0
230.5
172.0
193.0
77.5
214.0
190.0
76.0
151.0
187.0
163.0
179.5
158.5
154.0
41.5
190.0
163.0
118.0
215.5
133.0
146.5
215.5
62.5
205.0
121.0
206.5
169.0
173.5
227.5
202.0
172.0
199.0
214.0
158.5
199.0
194.5
64.0
118.0
214.0
67.0
200.5
146.5
230.5
193.0
214.0
160.0
47.5
14.5
163.0
134.5
202.0
74.5
161.5
182.5
217.0
139.0
187.0
118.0
218.5
97.0
178.0
47.5
188.5
199.0
128.5
164.5
224.5
85.0
202.0
137.5
194.5
175.0
188.5
179.5
92.5
202.0
164.5
190.0
124.0
193.0
224.5
25.0
179.5
227.5
191.5
53.5
94.0
197.5
94.0
158.5
205.0
163.0
32.5
143.5
152.5
209.5
47.5
221.5
154.0
163.0
175.0
184.0
214.0
211.0
187.0
98.5
209.5
68.5
181.0
200.5
173.5
217.0
179.5
229.0
173.5
139.0
115.0
176.5
76.0
154.0
13.0
221.5
155.5
163.0
173.5
208.0
134.5
157.0
185.5
142.0
214.0
148.0
149.5
79.0
214.0
179.5
188.5
194.5
178.0
206.5
211.0
128.5
194.5
185.5
94.0
220.0
163.0
157.0
13.0
214.0
224.5
227.5
220.0
139.0
7.0
215.5
193.0
178.0
185.5
217.0
89.5
178.0
49.0
203.5
133.0
134.5
200.5
86.5
88.0
218.5
205.0
200.5
215.5
173.5
220.0
203.5
176.5
125.5
224.5
203.5
215.5
4.0
218.5
185.5
112.0
212.5
187.0
94.0
214.0
215.5
68.5
143.5
64.0
217.0
212.5
233.5
224.5
169.0
202.0
122.5
137.5
157.0
167.5
161.5
166.0
190.0
167.5
173.5
158.5
188.5
224.5
91.0
139.0
205.0
17.5
218.5
217.0
140.5
179.5
88.0
229.0
206.5
124.0
169.0
136.0
226.0
46.0
224.5
193.0
160.0
130.0
185.5
181.0
181.0
130.0
211.0
35.5
187.0
220.0
200.5
202.0
206.5
26.5
169.0
170.5
139.0
37.0
116.5
98.5
172.0
209.5
176.5
179.5
208.0
214.0
221.5
190.0
80.5
16.0
191.5
119.5
169.0
59.5
124.0
29.5
190.0
133.0
101.5
197.5
182.5
26.5
73.0
107.5
208.0
41.5
190.0
175.0
196.0
187.0
173.5
163.0
136.0
82.0
205.0
128.5
199.0
191.5
68.5
175.0
101.5
113.5
47.5
179.5
167.5
116.5
122.5
77.5
43.0
179.5
80.5
217.0
205.0
197.5
161.5
217.0
236.5
97.0
38.5
86.5
196.0
191.5
181.0
187.0
157.0
185.5
193.0
193.0
148.0
233.5
86.5
79.0
184.0
65.5
218.5
169.0
98.5
148.0
146.5
206.5
31.0
4.0
23.5
190.0
200.5
166.0
221.5
172.0
220.0
184.0
160.0
112.0
143.5
226.0
181.0
202.0
104.5
193.0
208.0
170.5
187.0
149.5
182.5
205.0
211.0
170.5
154.0
194.5
25.0
221.5
223.0
155.5
148.0
212.5
158.5
223.0
212.5
137.5
205.0
166.0
157.0
79.0
214.0
224.5
151.0
185.5
193.0
175.0
116.5
178.0
17.5
143.5
197.5
170.5
149.5
202.0
217.0
214.0
203.5
227.5
212.5
43.0
53.5
62.5
61.0
92.5
100.0
158.5
25.0
196.0
214.0
122.5
181.0
206.5
176.5
176.5
31.0
127.0
202.0
193.0
202.0
181.0
227.5
97.0
203.5
5.5
178.0
224.5
46.0
208.0
229.0
184.0
169.0
224.5
157.0
190.0
136.0
188.5
161.5
169.0
25.0
203.5
161.5
167.5
136.0
184.0
206.5
191.5
191.5
187.0
218.5
56.5
157.0
173.5
205.0
85.0
125.5
227.5
34.0
121.0
196.0
149.5
71.5
181.0
109.0
196.0
193.0
202.0
83.5
224.5
212.5
226.0
233.5
175.0
217.0
191.5
62.5
130.0
38.5
167.5
158.5
233.5
205.0
143.5
199.0
169.0
68.5
71.5
157.0
125.5
155.5
152.5
190.0
143.5
233.5
52.0
106.0
143.5
7.0
169.0
182.5
185.5
160.0
58.0
199.0
44.5
230.5
221.5
218.5
217.0
157.0
206.5
85.0
166.0
58.0
184.0
194.5
220.0
196.0
227.5
178.0
230.5
191.5
206.5
118.0
202.0
146.5
134.5
95.5
176.5
103.0
172.0
163.0
173.5
202.0
35.5
173.5
176.5
227.5
148.0
94.0
197.5
164.5
46.0
178.0
196.0
182.5
206.5
178.0
167.5
218.5
239.5
89.5
188.5
127.0
175.0
178.0
91.0
125.5
166.0
146.5
115.0
152.5
184.0
103.0
152.5
122.5
209.5
167.5
172.0
206.5
206.5
233.5
196.0
140.5
178.0
14.5
185.5
179.5
155.5
172.0
166.0
46.0
205.0
89.5
209.5
220.0
226.0
83.5
221.5
211.0
203.5
224.5
35.5
143.5
181.0
83.5
149.5
37.0
128.5
214.0
85.0
113.5
106.0
220.0
238.0
188.5
161.5
187.0
145.0
67.0
134.5
163.0
200.5
191.5
217.0
217.0
136.0
161.5
188.5
193.0
221.5
85.0
122.5
58.0
82.0
212.5
211.0
80.5
115.0
91.0
146.5
46.0
178.0
148.0
116.5
218.5
184.0
167.5
205.0
203.5
145.0
232.0
178.0
163.0
221.5
163.0
202.0
212.5
164.5
133.0
91.0
124.0
56.5
94.0
221.5
157.0
205.0
185.5
181.0
209.5
227.5
208.0
184.0
211.0
55.0
224.5
142.0
200.5
112.0
209.5
220.0
194.5
218.5
164.5
179.5
221.5
106.0
97.0
164.5
170.5
146.5
185.5
179.5
208.0
232.0
76.0
173.5
196.0
190.0
125.5
170.5
83.5
127.0
229.0
221.5
220.0
181.0
196.0
70.0
145.0
194.5
164.5
214.0
173.5
46.0
157.0
167.5
74.5
212.5
38.5
128.5
37.0
176.5
184.0
157.0
182.5
232.0
175.0
188.5
190.0
172.0
196.0
211.0
172.0
136.0
175.0
199.0
239.5
208.0
202.0
107.5
221.5
227.5
52.0
20.5
229.0
181.0
190.0
58.0
217.0
163.0
124.0
208.0
137.5
203.5
188.5
208.0
173.5
79.0
166.0
146.5
196.0
169.0
98.5
200.5
161.5
203.5
214.0
187.0
178.0
202.0
221.5
205.0
221.5
206.5
182.5
223.0
133.0
158.5
131.5
140.5
155.5
187.0
11.5
109.0
221.5
115.0
139.0
194.5
130.0
152.5
100.0
239.5
43.0
182.5
58.0
196.0
161.5
211.0
209.5
194.5
92.5
79.0
44.5
128.5
211.0
115.0
80.5
151.0
161.5
236.5
229.0
164.5
79.0
91.0
125.5
245.5
196.0
217.0
134.5
157.0
29.5
116.5
208.0
187.0
190.0
208.0
194.5
148.0
176.5
188.5
152.5
176.5
65.5
179.5
212.5
203.5
26.5
202.0
149.5
64.0
149.5
97.0
175.0
173.5
200.5
209.5
49.0
143.5
80.5
184.0
229.0
208.0
100.0
52.0
227.5
71.5
133.0
35.5
85.0
220.0
199.0
208.0
131.5
187.0
145.0
182.5
214.0
145.0
140.5
188.5
58.0
176.5
119.5
229.0
128.5
52.0
212.5
98.5
157.0
187.0
173.5
190.0
151.0
73.0
227.5
148.0
206.5
143.5
212.5
170.5
149.5
164.5
227.5
208.0
191.5
155.5
142.0
217.0
146.5
203.5
166.0
188.5
196.0
160.0
167.5
35.5
56.5
226.0
20.5
220.0
130.0
17.5
133.0
29.5
68.5
182.5
205.0
85.0
203.5
230.5
178.0
109.0
95.5
193.0
211.0
178.0
229.0
92.5
113.5
176.5
223.0
128.5
131.5
218.5
175.0
37.0
214.0
206.5
230.5
197.5
83.5
160.0
208.0
182.5
187.0
217.0
191.5
203.5
164.5
40.0
200.5
25.0
208.0
155.5
46.0
139.0
160.0
196.0
205.0
167.5
161.5
176.5
173.5
209.5
38.5
211.0
154.0
200.5
41.5
151.0
130.0
202.0
55.0
164.5
199.0
50.5
89.5
160.0
47.5
196.0
10.0
164.5
184.0
224.5
211.0
80.5
139.0
37.0
203.5
160.0
232.0
175.0
61.0
92.5
223.0
95.5
193.0
181.0
146.5
164.5
224.5
197.5
86.5
73.0
194.5
230.5
200.5
173.5
34.0
202.0
202.0
122.5
148.0
182.5
214.0
220.0
199.0
154.0
151.0
188.5
223.0
209.5
167.5
181.0
121.0
217.0
202.0
218.5
197.5
133.0
169.0
38.5
160.0
52.0
211.0
233.5
170.5
91.0
193.0
200.5
196.0
38.5
197.5
205.0
202.0
224.5
73.0
184.0
164.5
206.5
49.0
191.5
220.0
175.0
217.0
173.5
137.5
128.5
233.5
211.0
140.5
50.5
122.5
224.5
209.5
194.5
205.0
175.0
176.5
97.0
44.5
178.0
140.5
214.0
215.5
205.0
217.0
209.5
203.5
188.5
166.0
137.5
136.0
202.0
191.5
157.0
185.5
115.0
170.5
199.0
221.5
176.5
211.0
197.5
202.0
118.0
212.5
5.5
118.0
107.5
125.5
157.0
218.5
35.5
178.0
151.0
178.0
223.0
163.0
190.0
190.0
178.0
64.0
85.0
61.0
196.0
185.5
148.0
194.5
227.5
215.5
172.0
223.0
101.5
167.5
121.0
191.5
163.0
154.0
71.5
62.5
217.0
224.5
199.0
212.5
199.0
134.5
227.5
137.5
104.5
149.5
40.0
146.5
221.5
179.5
148.0
226.0
118.0
170.5
169.0
172.0
116.5
208.0
212.5
53.5
197.5
221.5
241.0
11.5
136.0
211.0
218.5
62.5
193.0
208.0
209.5
109.0
221.5
41.5
47.5
176.5
157.0
179.5
235.0
176.5
197.5
181.0
148.0
166.0
211.0
140.5
206.5
118.0
220.0
208.0
212.5
44.5
209.5
206.5
64.0
187.0
182.5
124.0
208.0
221.5
236.5
91.0
119.5
194.5
223.0
61.0
203.5
203.5
142.0
134.5
131.5
200.5
154.0
181.0
221.5
191.5
160.0
127.0
136.0
149.5
134.5
52.0
169.0
200.5
133.0
124.0
167.5
164.5
166.0
169.0
29.5
74.5
197.5
41.5
137.5
232.0
172.0
143.5
199.0
167.5
46.0
211.0
199.0
136.0
215.5
209.5
80.5
140.5
203.5
221.5
220.0
140.5
193.0
143.5
173.5
109.0
62.5
188.5
170.5
208.0
209.5
206.5
224.5
88.0
205.0
221.5
83.5
154.0
22.0
178.0
170.5
46.0
88.0
218.5
91.0
227.5
199.0
188.5
38.5
163.0
187.0
113.5
200.5
49.0
188.5
53.5
110.5
146.5
154.0
124.0
233.5
115.0
52.0
95.5
232.0
145.0
31.0
139.0
200.5
163.0
133.0
185.5
224.5
172.0
131.5
121.0
124.0
29.5
196.0
215.5
112.0
32.5
188.5
160.0
115.0
194.5
217.0
169.0
166.0
85.0
214.0
215.5
194.5
178.0
206.5
229.0
179.5
173.5
191.5
118.0
188.5
179.5
211.0
113.5
209.5
157.0
176.5
164.5
211.0
196.0
236.5
148.0
176.5
151.0
137.5
115.0
100.0
106.0
158.5
170.5
214.0
188.5
173.5
223.0
140.5
130.0
220.0
230.5
124.0
62.5
103.0
215.5
220.0
227.5
203.5
217.0
94.0
152.5
172.0
203.5
128.5
179.5
175.0
193.0
194.5
25.0
202.0
187.0
116.5
166.0
218.5
229.0
229.0
211.0
209.5
79.0
214.0
193.0
181.0
47.5
220.0
53.5
65.5
203.5
149.5
206.5
119.5
65.5
89.5
193.0
121.0
176.5
185.5
193.0
197.5
199.0
200.5
232.0
212.5
149.5
191.5
185.5
215.5
91.0
211.0
137.5
98.5
221.5
118.0
184.0
220.0
136.0
170.5
137.5
145.0
110.5
74.5
85.0
49.0
152.5
217.0
154.0
58.0
182.5
134.5
176.5
197.5
196.0
110.5
179.5
83.5
176.5
77.5
173.5
77.5
176.5
230.5
226.0
158.5
184.0
199.0
187.0
166.0
203.5
230.5
209.5
206.5
212.5
208.0
92.5
131.5
208.0
194.5
166.0
182.5
194.5
200.5
127.0
212.5
196.0
154.0
176.5
181.0
215.5
107.5
103.0
101.5
104.5
173.5
154.0
196.0
74.5
229.0
200.5
199.0
226.0
214.0
226.0
139.0
227.5
209.5
130.0
182.5
56.5
224.5
227.5
56.5
85.0
167.5
182.5
215.5
154.0
181.0
212.5
116.5
91.0
181.0
226.0
200.5
203.5
208.0
200.5
221.5
175.0
32.5
214.0
184.0
41.5
218.5
172.0
55.0
50.5
209.5
107.5
152.5
161.5
134.5
209.5
98.5
203.5
91.0
164.5
152.5
184.0
226.0
218.5
124.0
179.5
218.5
176.5
206.5
238.0
226.0
184.0
227.5
134.5
140.5
191.5
227.5
208.0
166.0
223.0
146.5
206.5
245.5
163.0
176.5
190.0
59.5
218.5
152.5
112.0
97.0
182.5
224.5
209.5
217.0
221.5
142.0
218.5
170.5
130.0
209.5
211.0
17.5
166.0
149.5
161.5
217.0
176.5
158.5
217.0
92.5
194.5
76.0
199.0
188.5
64.0
32.5
76.0
187.0
92.5
206.5
206.5
179.5
226.0
149.5
164.5
157.0
44.5
178.0
134.5
161.5
163.0
200.5
119.5
194.5
83.5
200.5
233.5
163.0
202.0
109.0
125.5
178.0
142.0
220.0
190.0
161.5
37.0
166.0
175.0
217.0
154.0
104.5
37.0
176.5
206.5
151.0
184.0
190.0
154.0
136.0
128.5
