193.0
208.0
86.5
136.0
197.5
181.0
109.0
82.0
190.0
118.0
193.0
196.0
212.5
142.0
224.5
181.0
208.0
200.5
224.5
179.5
169.0
167.5
35.5
217.0
233.5
221.5
200.5
157.0
226.0
185.5
193.0
148.0
212.5
113.5
175.0
155.5
214.0
208.0
218.5
116.5
103.0
233.5
224.5
185.5
55.0
220.0
164.5
46.0
190.0
214.0
226.0
191.5
217.0
124.0
166.0
124.0
143.5
196.0
212.5
179.5
137.5
95.5
188.5
122.5
184.0
152.5
146.5
224.5
236.5
193.0
208.0
163.0
136.0
218.5
215.5
230.5
119.5
47.5
202.0
211.0
220.0
194.5
214.0
122.5
202.0
167.5
149.5
184.0
196.0
173.5
220.0
233.5
137.5
124.0
200.5
197.5
202.0
182.5
224.5
167.5
151.0
160.0
188.5
154.0
172.0
131.5
190.0
58.0
209.5
242.5
236.5
139.0
221.5
158.5
73.0
124.0
209.5
209.5
227.5
128.5
197.5
136.0
203.5
124.0
214.0
212.5
160.0
224.5
209.5
181.0
176.5
190.0
167.5
52.0
145.0
199.0
202.0
176.5
61.0
179.5
25.0
179.5
116.5
145.0
164.5
227.5
176.5
134.5
47.5
226.0
199.0
202.0
175.0
208.0
79.0
218.5
67.0
229.0
196.0
224.5
167.5
223.0
175.0
227.5
193.0
203.5
169.0
220.0
152.5
214.0
137.5
211.0
203.5
209.5
227.5
191.5
211.0
128.5
215.5
160.0
82.0
193.0
56.5
178.0
224.5
41.5
86.5
187.0
232.0
199.0
148.0
124.0
211.0
215.5
214.0
157.0
190.0
208.0
169.0
143.5
142.0
215.5
133.0
109.0
202.0
214.0
107.5
175.0
232.0
191.5
188.5
200.5
236.5
197.5
176.5
221.5
116.5
188.5
170.5
143.5
173.5
199.0
37.0
134.5
202.0
124.0
224.5
211.0
191.5
185.5
185.5
218.5
212.5
178.0
203.5
164.5
184.0
188.5
214.0
217.0
200.5
205.0
172.0
163.0
166.0
221.5
214.0
77.5
167.5
185.5
172.0
230.5
190.0
178.0
230.5
52.0
218.5
202.0
185.5
226.0
229.0
229.0
194.5
119.5
143.5
221.5
31.0
143.5
191.5
157.0
236.5
152.5
212.5
205.0
209.5
190.0
206.5
218.5
203.5
163.0
239.5
74.5
119.5
58.0
230.5
193.0
185.5
185.5
208.0
116.5
212.5
209.5
151.0
169.0
214.0
155.5
145.0
238.0
113.5
221.5
112.0
223.0
236.5
206.5
161.5
193.0
100.0
190.0
163.0
211.0
217.0
190.0
76.0
121.0
194.5
58.0
188.5
190.0
224.5
197.5
217.0
133.0
202.0
107.5
227.5
112.0
217.0
71.5
158.5
52.0
79.0
193.0
145.0
235.0
190.0
182.5
205.0
215.5
208.0
14.5
194.5
194.5
218.5
158.5
197.5
236.5
131.5
170.5
187.0
214.0
202.0
101.5
203.5
160.0
232.0
220.0
218.5
232.0
152.5
143.5
185.5
40.0
130.0
170.5
199.0
113.5
188.5
188.5
202.0
229.0
149.5
218.5
130.0
229.0
194.5
238.0
145.0
214.0
146.5
116.5
221.5
118.0
173.5
203.5
215.5
157.0
169.0
223.0
14.5
106.0
97.0
226.0
143.5
158.5
188.5
94.0
181.0
212.5
185.5
205.0
86.5
223.0
175.0
182.5
199.0
232.0
194.5
185.5
160.0
218.5
199.0
221.5
209.5
176.5
224.5
233.5
146.5
215.5
175.0
167.5
181.0
226.0
173.5
218.5
187.0
104.5
133.0
209.5
173.5
115.0
212.5
127.0
191.5
137.5
226.0
185.5
196.0
227.5
224.5
136.0
227.5
227.5
218.5
146.5
40.0
85.0
227.5
127.0
155.5
215.5
215.5
163.0
89.5
226.0
181.0
56.5
115.0
196.0
220.0
139.0
245.5
121.0
92.5
106.0
146.5
232.0
205.0
185.5
199.0
176.5
218.5
113.5
227.5
158.5
202.0
232.0
212.5
206.5
238.0
77.5
101.5
200.5
170.5
223.0
178.0
155.5
229.0
157.0
223.0
127.0
205.0
206.5
166.0
104.5
34.0
239.5
161.5
157.0
220.0
209.5
160.0
122.5
128.5
208.0
179.5
214.0
196.0
173.5
190.0
202.0
212.5
217.0
215.5
200.5
233.5
226.0
145.0
83.5
224.5
223.0
233.5
176.5
98.5
151.0
215.5
193.0
95.5
214.0
214.0
205.0
224.5
226.0
197.5
226.0
185.5
239.5
92.5
197.5
163.0
205.0
188.5
196.0
193.0
142.0
220.0
14.5
134.5
140.5
224.5
83.5
212.5
217.0
143.5
89.5
104.5
175.0
184.0
142.0
178.0
227.5
155.5
203.5
155.5
205.0
197.5
176.5
178.0
160.0
220.0
185.5
187.0
191.5
170.5
172.0
217.0
17.5
200.5
166.0
224.5
218.5
124.0
94.0
215.5
217.0
199.0
230.5
128.5
208.0
121.0
221.5
166.0
221.5
167.5
214.0
226.0
130.0
178.0
103.0
229.0
73.0
221.5
196.0
197.5
133.0
199.0
214.0
179.5
188.5
175.0
203.5
44.5
212.5
182.5
218.5
227.5
223.0
203.5
194.5
206.5
193.0
194.5
217.0
188.5
182.5
187.0
221.5
166.0
122.5
190.0
110.5
196.0
220.0
214.0
202.0
31.0
110.5
161.5
217.0
215.5
220.0
199.0
143.5
170.5
214.0
203.5
211.0
229.0
190.0
184.0
172.0
215.5
200.5
46.0
218.5
172.0
131.5
95.5
128.5
142.0
191.5
208.0
223.0
124.0
221.5
217.0
193.0
211.0
83.5
175.0
199.0
224.5
215.5
77.5
176.5
226.0
169.0
188.5
227.5
145.0
214.0
211.0
191.5
106.0
232.0
208.0
191.5
202.0
68.5
178.0
218.5
133.0
197.5
220.0
157.0
214.0
118.0
163.0
175.0
157.0
223.0
200.5
208.0
158.5
169.0
143.5
202.0
178.0
214.0
221.5
224.5
148.0
122.5
230.5
226.0
211.0
95.5
178.0
190.0
218.5
220.0
203.5
121.0
67.0
203.5
236.5
191.5
217.0
95.5
188.5
203.5
223.0
143.5
106.0
211.0
209.5
104.5
209.5
212.5
125.5
169.0
181.0
218.5
229.0
164.5
211.0
235.0
83.5
101.5
95.5
224.5
91.0
196.0
166.0
158.5
187.0
199.0
221.5
211.0
194.5
209.5
179.5
209.5
178.0
172.0
191.5
181.0
208.0
226.0
161.5
217.0
163.0
203.5
212.5
187.0
229.0
226.0
215.5
137.5
121.0
43.0
31.0
172.0
194.5
190.0
175.0
145.0
236.5
197.5
88.0
220.0
115.0
43.0
187.0
221.5
187.0
164.5
182.5
143.5
80.5
154.0
206.5
205.0
220.0
109.0
223.0
226.0
113.5
139.0
148.0
232.0
173.5
229.0
97.0
151.0
208.0
148.0
217.0
211.0
220.0
203.5
227.5
139.0
130.0
175.0
217.0
100.0
214.0
164.5
121.0
221.5
197.5
212.5
215.5
218.5
203.5
176.5
203.5
169.0
170.5
146.5
223.0
196.0
229.0
175.0
70.0
212.5
208.0
131.5
164.5
200.5
98.5
121.0
184.0
190.0
148.0
238.0
200.5
157.0
175.0
91.0
202.0
194.5
190.0
187.0
244.0
142.0
86.5
197.5
182.5
197.5
187.0
52.0
230.5
227.5
55.0
215.5
190.0
217.0
23.5
170.5
158.5
223.0
214.0
136.0
203.5
208.0
184.0
187.0
164.5
214.0
47.5
188.5
187.0
154.0
215.5
185.5
140.5
182.5
217.0
221.5
161.5
218.5
208.0
203.5
206.5
173.5
67.0
181.0
221.5
154.0
217.0
182.5
179.5
106.0
115.0
200.5
203.5
97.0
199.0
233.5
62.5
217.0
223.0
157.0
154.0
217.0
181.0
211.0
197.5
200.5
226.0
218.5
76.0
202.0
223.0
229.0
112.0
94.0
209.5
148.0
178.0
181.0
139.0
37.0
146.5
233.5
149.5
131.5
238.0
190.0
160.0
191.5
125.5
214.0
125.5
125.5
215.5
230.5
221.5
205.0
49.0
158.5
154.0
155.5
173.5
182.5
167.5
211.0
235.0
226.0
242.5
193.0
232.0
38.5
79.0
175.0
179.5
73.0
53.5
167.5
206.5
175.0
220.0
220.0
212.5
151.0
62.5
187.0
220.0
214.0
107.5
134.5
137.5
190.0
155.5
214.0
182.5
176.5
112.0
121.0
229.0
190.0
181.0
116.5
173.5
200.5
200.5
199.0
118.0
82.0
205.0
193.0
232.0
188.5
53.5
79.0
148.0
98.5
130.0
215.5
205.0
43.0
73.0
176.5
119.5
178.0
176.5
223.0
218.5
107.5
236.5
121.0
137.5
215.5
160.0
232.0
236.5
65.5
233.5
221.5
217.0
215.5
184.0
236.5
188.5
221.5
214.0
157.0
205.0
148.0
232.0
133.0
217.0
169.0
191.5
227.5
28.0
181.0
181.0
206.5
191.5
160.0
233.5
217.0
80.5
173.5
202.0
145.0
76.0
203.5
202.0
200.5
218.5
208.0
184.0
220.0
211.0
143.5
158.5
205.0
194.5
202.0
232.0
158.5
218.5
187.0
203.5
164.5
223.0
161.5
218.5
184.0
133.0
211.0
206.5
214.0
181.0
202.0
224.5
208.0
79.0
179.5
224.5
190.0
164.5
196.0
65.5
227.5
146.5
170.5
179.5
65.5
217.0
233.5
212.5
163.0
104.5
170.5
133.0
101.5
97.0
164.5
239.5
55.0
211.0
193.0
211.0
229.0
85.0
188.5
157.0
206.5
161.5
197.5
187.0
215.5
169.0
185.5
179.5
164.5
241.0
193.0
152.5
205.0
200.5
161.5
224.5
199.0
230.5
188.5
223.0
178.0
211.0
74.5
158.5
167.5
196.0
161.5
191.5
223.0
154.0
218.5
52.0
214.0
218.5
170.5
191.5
109.0
107.5
200.5
239.5
212.5
163.0
100.0
142.0
178.0
191.5
67.0
121.0
178.0
191.5
220.0
196.0
218.5
97.0
191.5
103.0
145.0
103.0
208.0
109.0
187.0
193.0
242.5
215.5
178.0
217.0
179.5
191.5
194.5
211.0
211.0
206.5
116.5
205.0
206.5
212.5
187.0
187.0
218.5
89.5
121.0
77.5
103.0
197.5
215.5
215.5
62.5
200.5
173.5
206.5
133.0
170.5
178.0
127.0
182.5
191.5
202.0
161.5
142.0
223.0
4.0
134.5
176.5
223.0
106.0
215.5
185.5
176.5
172.0
185.5
179.5
218.5
223.0
191.5
206.5
166.0
193.0
194.5
157.0
139.0
121.0
176.5
218.5
202.0
200.5
230.5
98.5
223.0
176.5
190.0
79.0
211.0
208.0
46.0
193.0
140.5
241.0
181.0
205.0
130.0
200.5
179.5
221.5
193.0
197.5
206.5
133.0
154.0
199.0
203.5
227.5
167.5
73.0
103.0
152.5
130.0
224.5
178.0
224.5
214.0
185.5
157.0
167.5
124.0
67.0
220.0
208.0
172.0
221.5
109.0
215.5
217.0
221.5
118.0
199.0
79.0
233.5
200.5
202.0
230.5
178.0
193.0
160.0
224.5
73.0
239.5
173.5
65.5
212.5
149.5
115.0
161.5
209.5
194.5
178.0
215.5
208.0
227.5
217.0
230.5
202.0
191.5
143.5
224.5
220.0
202.0
226.0
103.0
220.0
151.0
157.0
188.5
89.5
196.0
176.5
199.0
164.5
218.5
203.5
206.5
163.0
134.5
121.0
178.0
82.0
206.5
220.0
127.0
184.0
154.0
170.5
196.0
175.0
223.0
203.5
166.0
205.0
199.0
196.0
154.0
175.0
179.5
217.0
193.0
184.0
232.0
163.0
200.5
128.5
106.0
199.0
122.5
218.5
163.0
185.5
238.0
197.5
203.5
211.0
218.5
82.0
202.0
197.5
220.0
221.5
226.0
139.0
212.5
149.5
202.0
217.0
212.5
155.5
214.0
199.0
182.5
176.5
158.5
206.5
193.0
221.5
218.5
211.0
89.5
218.5
137.5
121.0
199.0
85.0
101.5
167.5
197.5
184.0
215.5
218.5
164.5
154.0
209.5
212.5
217.0
218.5
217.0
179.5
232.0
188.5
67.0
223.0
121.0
188.5
163.0
115.0
190.0
185.5
205.0
199.0
169.0
223.0
145.0
175.0
160.0
208.0
211.0
215.5
143.5
190.0
185.5
224.5
49.0
76.0
226.0
220.0
88.0
175.0
217.0
190.0
154.0
218.5
148.0
215.5
214.0
223.0
215.5
101.5
193.0
203.5
208.0
149.5
208.0
179.5
167.5
217.0
53.5
152.5
206.5
214.0
220.0
170.5
160.0
205.0
212.5
200.5
79.0
218.5
164.5
164.5
205.0
176.5
197.5
79.0
230.5
163.0
164.5
169.0
202.0
134.5
181.0
187.0
85.0
200.5
182.5
211.0
214.0
206.5
149.5
202.0
202.0
179.5
185.5
190.0
230.5
167.5
181.0
200.5
190.0
100.0
221.5
223.0
239.5
221.5
67.0
223.0
179.5
170.5
217.0
214.0
220.0
188.5
125.5
149.5
212.5
223.0
181.0
143.5
212.5
190.0
218.5
191.5
140.5
205.0
215.5
200.5
193.0
191.5
149.5
206.5
172.0
203.5
211.0
221.5
86.5
140.5
229.0
155.5
92.5
202.0
100.0
200.5
158.5
52.0
202.0
200.5
38.5
140.5
188.5
175.0
173.5
200.5
205.0
199.0
188.5
220.0
179.5
191.5
196.0
188.5
65.5
191.5
241.0
61.0
95.5
133.0
169.0
137.5
229.0
53.5
209.5
185.5
215.5
116.5
104.5
202.0
233.5
164.5
226.0
176.5
98.5
221.5
235.0
196.0
191.5
161.5
158.5
154.0
193.0
119.5
97.0
212.5
193.0
211.0
220.0
209.5
194.5
64.0
178.0
95.5
131.5
200.5
182.5
163.0
209.5
199.0
151.0
208.0
80.5
202.0
215.5
200.5
176.5
214.0
80.5
82.0
212.5
176.5
209.5
163.0
118.0
233.5
196.0
167.5
218.5
122.5
77.5
194.5
196.0
160.0
166.0
182.5
206.5
211.0
200.5
182.5
76.0
188.5
181.0
236.5
91.0
232.0
203.5
95.5
196.0
208.0
139.0
235.0
34.0
236.5
220.0
158.5
88.0
139.0
211.0
223.0
205.0
145.0
212.5
214.0
193.0
218.5
215.5
187.0
200.5
140.5
208.0
196.0
209.5
209.5
229.0
217.0
169.0
188.5
194.5
241.0
221.5
208.0
233.5
137.5
160.0
164.5
203.5
199.0
167.5
224.5
38.5
227.5
206.5
125.5
220.0
112.0
209.5
185.5
209.5
185.5
185.5
218.5
200.5
205.0
182.5
160.0
113.5
221.5
197.5
208.0
167.5
212.5
181.0
229.0
142.0
221.5
175.0
230.5
218.5
232.0
196.0
55.0
205.0
196.0
206.5
188.5
199.0
179.5
128.5
217.0
80.5
119.5
49.0
107.5
205.0
163.0
179.5
208.0
190.0
37.0
124.0
170.5
109.0
212.5
212.5
128.5
163.0
217.0
137.5
128.5
52.0
53.5
232.0
79.0
194.5
115.0
187.0
214.0
203.5
167.5
188.5
70.0
185.5
215.5
226.0
209.5
164.5
161.5
112.0
211.0
163.0
182.5
76.0
197.5
176.5
80.5
166.0
95.5
182.5
218.5
140.5
196.0
172.0
203.5
214.0
208.0
230.5
205.0
155.5
157.0
161.5
221.5
34.0
176.5
181.0
185.5
220.0
146.5
49.0
166.0
197.5
208.0
196.0
179.5
233.5
91.0
178.0
149.5
211.0
223.0
185.5
181.0
161.5
227.5
220.0
223.0
148.0
176.5
169.0
226.0
74.5
133.0
208.0
229.0
197.5
67.0
197.5
44.5
221.5
167.5
202.0
190.0
185.5
205.0
139.0
140.5
232.0
217.0
185.5
217.0
229.0
179.5
107.5
203.5
221.5
197.5
181.0
64.0
170.5
154.0
218.5
200.5
142.0
203.5
182.5
118.0
203.5
86.5
211.0
125.5
176.5
215.5
199.0
205.0
172.0
211.0
220.0
209.5
238.0
226.0
32.5
206.5
199.0
176.5
95.5
209.5
211.0
211.0
140.5
155.5
229.0
203.5
112.0
202.0
197.5
209.5
199.0
223.0
205.0
160.0
161.5
181.0
115.0
209.5
232.0
173.5
206.5
191.5
224.5
188.5
190.0
124.0
217.0
212.5
155.5
109.0
233.5
131.5
211.0
56.5
37.0
203.5
197.5
170.5
157.0
182.5
194.5
218.5
232.0
182.5
178.0
56.5
194.5
214.0
169.0
178.0
172.0
218.5
172.0
193.0
232.0
152.5
194.5
200.5
199.0
167.5
187.0
208.0
140.5
218.5
181.0
214.0
202.0
188.5
178.0
164.5
218.5
124.0
212.5
16.0
191.5
88.0
160.0
191.5
215.5
163.0
175.0
160.0
221.5
212.5
209.5
212.5
41.5
224.5
163.0
179.5
194.5
206.5
193.0
134.5
202.0
199.0
94.0
190.0
221.5
166.0
97.0
109.0
224.5
185.5
184.0
79.0
167.5
161.5
221.5
167.5
188.5
215.5
143.5
236.5
133.0
217.0
154.0
145.0
218.5
154.0
188.5
197.5
182.5
214.0
226.0
190.0
26.5
223.0
203.5
214.0
184.0
140.5
197.5
158.5
119.5
169.0
176.5
92.5
200.5
208.0
191.5
151.0
106.0
196.0
76.0
119.5
142.0
188.5
199.0
128.5
199.0
230.5
218.5
188.5
160.0
209.5
158.5
197.5
95.5
200.5
185.5
209.5
166.0
214.0
230.5
199.0
227.5
224.5
127.0
67.0
196.0
184.0
49.0
227.5
197.5
209.5
223.0
50.5
124.0
23.5
158.5
200.5
182.5
191.5
163.0
184.0
226.0
209.5
215.5
179.5
224.5
217.0
85.0
223.0
61.0
28.0
73.0
191.5
179.5
203.5
187.0
200.5
236.5
196.0
164.5
149.5
229.0
212.5
190.0
167.5
191.5
214.0
179.5
137.5
158.5
73.0
221.5
158.5
191.5
199.0
158.5
197.5
145.0
209.5
136.0
223.0
245.5
178.0
140.5
232.0
106.0
211.0
193.0
181.0
224.5
179.5
226.0
211.0
82.0
214.0
220.0
197.5
47.5
178.0
217.0
212.5
217.0
95.5
188.5
80.5
185.5
68.5
206.5
217.0
203.5
236.5
214.0
208.0
179.5
136.0
139.0
193.0
226.0
205.0
173.5
235.0
197.5
217.0
230.5
172.0
193.0
227.5
202.0
100.0
175.0
221.5
155.5
209.5
206.5
179.5
136.0
194.5
181.0
128.5
212.5
100.0
181.0
164.5
200.5
214.0
203.5
220.0
121.0
200.5
182.5
106.0
67.0
172.0
166.0
173.5
238.0
224.5
221.5
86.5
38.5
133.0
227.5
205.0
224.5
175.0
157.0
223.0
221.5
191.5
208.0
190.0
197.5
218.5
184.0
95.5
37.0
158.5
194.5
211.0
215.5
46.0
221.5
178.0
152.5
188.5
121.0
94.0
220.0
140.5
236.5
110.5
176.5
178.0
194.5
187.0
229.0
110.5
211.0
208.0
203.5
214.0
181.0
220.0
28.0
134.5
218.5
217.0
214.0
160.0
167.5
187.0
194.5
166.0
215.5
211.0
241.0
146.5
149.5
226.0
217.0
212.5
164.5
134.5
200.5
100.0
161.5
229.0
226.0
193.0
227.5
175.0
148.0
185.5
133.0
124.0
233.5
218.5
230.5
86.5
166.0
196.0
232.0
232.0
224.5
169.0
203.5
152.5
67.0
209.5
221.5
181.0
158.5
217.0
151.0
209.5
158.5
80.5
220.0
160.0
140.5
226.0
223.0
127.0
181.0
200.5
194.5
220.0
212.5
176.5
232.0
74.5
134.5
41.5
139.0
206.5
230.5
79.0
133.0
34.0
160.0
197.5
107.5
217.0
140.5
187.0
176.5
232.0
220.0
184.0
199.0
77.5
148.0
220.0
203.5
175.0
182.5
185.5
224.5
154.0
127.0
202.0
199.0
121.0
145.0
208.0
208.0
214.0
131.5
59.5
62.5
175.0
53.5
211.0
157.0
230.5
214.0
191.5
235.0
233.5
218.5
176.5
122.5
68.5
202.0
220.0
167.5
158.5
227.5
151.0
227.5
196.0
116.5
220.0
212.5
206.5
170.5
104.5
212.5
175.0
134.5
214.0
212.5
170.5
176.5
209.5
187.0
145.0
136.0
221.5
218.5
241.0
235.0
103.0
169.0
214.0
226.0
218.5
187.0
89.5
113.5
188.5
79.0
182.5
191.5
79.0
157.0
194.5
176.5
209.5
194.5
34.0
200.5
35.5
197.5
182.5
56.5
148.0
235.0
145.0
193.0
211.0
208.0
221.5
194.5
140.5
205.0
193.0
182.5
73.0
154.0
161.5
113.5
23.5
232.0
221.5
184.0
206.5
229.0
188.5
172.0
214.0
199.0
163.0
226.0
151.0
203.5
211.0
196.0
211.0
136.0
173.5
206.5
154.0
221.5
215.5
224.5
157.0
130.0
202.0
226.0
220.0
196.0
209.5
218.5
166.0
196.0
188.5
191.5
194.5
194.5
193.0
187.0
215.5
157.0
169.0
215.5
176.5
229.0
190.0
163.0
241.0
175.0
211.0
221.5
217.0
34.0
175.0
214.0
38.5
209.5
214.0
128.5
227.5
218.5
227.5
211.0
86.5
145.0
169.0
152.5
163.0
205.0
209.5
112.0
200.5
235.0
125.5
164.5
235.0
160.0
152.5
218.5
98.5
112.0
148.0
215.5
142.0
196.0
146.5
229.0
217.0
20.5
133.0
212.5
95.5
182.5
200.5
175.0
208.0
220.0
209.5
218.5
86.5
200.5
68.5
169.0
227.5
184.0
197.5
191.5
178.0
190.0
134.5
218.5
215.5
185.5
193.0
53.5
77.5
188.5
152.5
130.0
58.0
184.0
139.0
218.5
139.0
214.0
178.0
218.5
224.5
200.5
121.0
208.0
85.0
211.0
227.5
227.5
193.0
110.5
215.5
124.0
190.0
214.0
164.5
71.5
115.0
220.0
196.0
221.5
158.5
67.0
235.0
218.5
233.5
209.5
139.0
193.0
202.0
196.0
202.0
145.0
205.0
155.5
155.5
124.0
205.0
128.5
236.5
187.0
188.5
142.0
217.0
197.5
223.0
209.5
185.5
166.0
220.0
187.0
206.5
128.5
223.0
100.0
182.5
194.5
193.0
205.0
211.0
188.5
88.0
214.0
172.0
223.0
211.0
172.0
179.5
190.0
170.5
161.5
202.0
191.5
203.5
212.5
89.5
109.0
202.0
217.0
211.0
179.5
221.5
163.0
199.0
181.0
211.0
211.0
221.5
127.0
193.0
196.0
161.5
203.5
214.0
212.5
191.5
205.0
227.5
101.5
158.5
223.0
169.0
112.0
35.5
157.0
194.5
227.5
166.0
217.0
223.0
146.5
202.0
188.5
158.5
221.5
35.5
217.0
119.5
209.5
170.5
203.5
202.0
212.5
91.0
163.0
196.0
203.5
224.5
130.0
193.0
179.5
221.5
179.5
200.5
149.5
176.5
214.0
130.0
172.0
205.0
194.5
232.0
212.5
205.0
227.5
196.0
182.5
218.5
188.5
197.5
217.0
146.5
212.5
220.0
151.0
230.5
200.5
196.0
208.0
68.5
151.0
154.0
224.5
197.5
221.5
181.0
17.5
166.0
127.0
227.5
179.5
49.0
211.0
194.5
214.0
208.0
160.0
187.0
190.0
232.0
184.0
137.5
77.5
164.5
130.0
127.0
200.5
211.0
205.0
218.5
158.5
100.0
139.0
211.0
199.0
221.5
116.5
235.0
34.0
110.5
185.5
212.5
206.5
199.0
58.0
130.0
40.0
152.5
37.0
80.5
191.5
98.5
152.5
218.5
221.5
61.0
178.0
214.0
206.5
160.0
226.0
97.0
208.0
148.0
191.5
163.0
232.0
74.5
175.0
212.5
106.0
209.5
190.0
173.5
197.5
154.0
205.0
244.0
209.5
227.5
181.0
203.5
188.5
140.5
226.0
188.5
208.0
190.0
146.5
212.5
122.5
92.5
179.5
158.5
229.0
197.5
44.5
187.0
217.0
194.5
65.5
220.0
148.0
134.5
194.5
167.5
82.0
205.0
226.0
172.0
133.0
175.0
182.5
212.5
184.0
130.0
224.5
236.5
233.5
187.0
224.5
139.0
173.5
233.5
224.5
62.5
220.0
229.0
172.0
151.0
196.0
155.5
181.0
218.5
217.0
188.5
100.0
170.5
14.5
206.5
59.5
194.5
59.5
196.0
190.0
179.5
116.5
214.0
175.0
143.5
184.0
181.0
206.5
208.0
139.0
220.0
224.5
232.0
196.0
194.5
212.5
205.0
215.5
188.5
56.5
206.5
206.5
197.5
154.0
101.5
205.0
94.0
197.5
80.5
230.5
161.5
203.5
163.0
142.0
205.0
223.0
185.5
182.5
208.0
215.5
184.0
238.0
179.5
98.5
205.0
217.0
209.5
214.0
122.5
187.0
136.0
202.0
184.0
226.0
200.5
212.5
223.0
166.0
127.0
220.0
218.5
193.0
191.5
175.0
137.5
167.5
188.5
148.0
223.0
166.0
170.5
236.5
131.5
160.0
106.0
194.5
136.0
194.5
109.0
124.0
151.0
182.5
187.0
161.5
131.5
73.0
127.0
139.0
158.5
220.0
179.5
187.0
188.5
227.5
190.0
223.0
217.0
154.0
205.0
214.0
143.5
235.0
199.0
230.5
184.0
220.0
112.0
116.5
215.5
184.0
214.0
221.5
124.0
221.5
98.5
194.5
131.5
197.5
188.5
148.0
179.5
209.5
197.5
178.0
175.0
184.0
133.0
184.0
196.0
178.0
86.5
194.5
193.0
184.0
224.5
127.0
232.0
203.5
164.5
176.5
229.0
73.0
205.0
158.5
212.5
223.0
161.5
203.5
209.5
215.5
220.0
151.0
40.0
214.0
167.5
146.5
134.5
209.5
173.5
169.0
193.0
200.5
53.5
211.0
218.5
193.0
179.5
220.0
94.0
200.5
184.0
217.0
173.5
182.5
188.5
230.5
200.5
220.0
143.5
77.5
211.0
217.0
187.0
157.0
236.5
157.0
209.5
143.5
187.0
238.0
200.5
217.0
167.5
71.5
62.5
193.0
233.5
137.5
86.5
113.5
211.0
185.5
133.0
79.0
197.5
196.0
80.5
172.0
157.0
154.0
121.0
200.5
232.0
160.0
214.0
190.0
197.5
157.0
233.5
179.5
154.0
40.0
148.0
211.0
196.0
49.0
167.5
166.0
161.5
97.0
212.5
218.5
113.5
124.0
107.5
211.0
187.0
190.0
170.5
172.0
226.0
199.0
229.0
164.5
124.0
194.5
80.5
220.0
122.5
91.0
200.5
127.0
139.0
220.0
197.5
152.5
238.0
202.0
224.5
220.0
194.5
202.0
206.5
175.0
80.5
203.5
193.0
206.5
208.0
68.5
218.5
178.0
203.5
149.5
40.0
235.0
214.0
224.5
125.5
136.0
82.0
125.5
230.5
158.5
187.0
220.0
233.5
158.5
185.5
193.0
203.5
148.0
67.0
214.0
104.5
206.5
191.5
158.5
143.5
217.0
227.5
217.0
215.5
175.0
133.0
227.5
139.0
74.5
185.5
226.0
70.0
230.5
208.0
46.0
235.0
176.5
206.5
170.5
143.5
59.5
223.0
100.0
178.0
74.5
182.5
151.0
209.5
82.0
206.5
103.0
197.5
242.5
208.0
191.5
61.0
208.0
191.5
182.5
229.0
208.0
194.5
230.5
208.0
185.5
179.5
199.0
118.0
188.5
109.0
167.5
67.0
215.5
181.0
157.0
62.5
167.5
56.5
164.5
157.0
106.0
172.0
44.5
164.5
172.0
196.0
121.0
199.0
233.5
190.0
34.0
187.0
146.5
205.0
196.0
122.5
223.0
130.0
197.5
145.0
146.5
166.0
247.0
184.0
161.5
167.5
197.5
214.0
124.0
190.0
187.0
227.5
212.5
178.0
197.5
220.0
166.0
227.5
145.0
211.0
194.5
196.0
206.5
197.5
199.0
151.0
179.5
208.0
226.0
44.5
221.5
127.0
73.0
139.0
52.0
164.5
131.5
220.0
50.5
188.5
185.5
215.5
173.5
26.5
194.5
241.0
209.5
121.0
169.0
167.5
169.0
218.5
169.0
182.5
199.0
166.0
187.0
212.5
149.5
214.0
163.0
223.0
196.0
163.0
157.0
175.0
146.5
212.5
185.5
244.0
122.5
200.5
215.5
163.0
179.5
223.0
221.5
106.0
190.0
233.5
125.5
220.0
17.5
133.0
130.0
197.5
49.0
182.5
188.5
217.0
208.0
205.0
169.0
209.5
206.5
185.5
244.0
220.0
199.0
217.0
173.5
146.5
211.0
143.5
121.0
52.0
169.0
182.5
209.5
217.0
83.5
212.5
208.0
211.0
178.0
58.0
223.0
220.0
64.0
224.5
193.0
199.0
191.5
179.5
191.5
53.5
160.0
200.5
191.5
142.0
128.5
194.5
56.5
221.5
223.0
44.5
205.0
145.0
122.5
133.0
151.0
203.5
215.5
152.5
194.5
211.0
101.5
211.0
166.0
199.0
169.0
122.5
200.5
217.0
142.0
139.0
232.0
215.5
88.0
149.5
179.5
104.5
131.5
226.0
199.0
46.0
113.5
146.5
188.5
200.5
202.0
163.0
206.5
220.0
181.0
157.0
148.0
194.5
197.5
161.5
64.0
191.5
202.0
112.0
206.5
173.5
113.5
212.5
77.5
74.5
182.5
208.0
154.0
235.0
86.5
185.5
220.0
218.5
119.5
191.5
169.0
161.5
229.0
119.5
199.0
215.5
137.5
155.5
163.0
172.0
191.5
188.5
232.0
161.5
176.5
200.5
116.5
227.5
191.5
193.0
214.0
133.0
185.5
161.5
85.0
233.5
205.0
224.5
214.0
193.0
98.5
17.5
203.5
77.5
205.0
220.0
50.5
109.0
226.0
206.5
220.0
188.5
194.5
209.5
184.0
181.0
196.0
196.0
122.5
52.0
34.0
175.0
121.0
208.0
184.0
188.5
151.0
217.0
124.0
206.5
170.5
236.5
185.5
191.5
197.5
151.0
178.0
227.5
190.0
158.5
214.0
229.0
187.0
169.0
196.0
233.5
209.5
230.5
115.0
148.0
191.5
200.5
209.5
226.0
158.5
217.0
49.0
205.0
206.5
166.0
214.0
52.0
169.0
169.0
205.0
191.5
227.5
223.0
203.5
212.5
221.5
233.5
206.5
59.5
197.5
137.5
98.5
193.0
217.0
188.5
172.0
194.5
218.5
125.5
197.5
55.0
133.0
169.0
67.0
134.5
217.0
142.0
86.5
212.5
41.5
209.5
95.5
224.5
209.5
103.0
145.0
200.5
182.5
179.5
25.0
185.5
227.5
154.0
221.5
233.5
206.5
209.5
166.0
193.0
224.5
104.5
226.0
178.0
140.5
124.0
218.5
215.5
199.0
205.0
188.5
208.0
217.0
92.5
175.0
223.0
185.5
200.5
173.5
160.0
212.5
176.5
205.0
118.0
217.0
229.0
170.5
181.0
100.0
151.0
239.5
202.0
196.0
175.0
182.5
212.5
214.0
212.5
140.5
203.5
160.0
22.0
223.0
196.0
173.5
221.5
223.0
194.5
161.5
182.5
101.5
197.5
146.5
143.5
215.5
205.0
203.5
181.0
194.5
200.5
212.5
94.0
203.5
154.0
179.5
175.0
224.5
206.5
221.5
56.5
176.5
230.5
167.5
178.0
241.0
244.0
65.5
206.5
125.5
110.5
136.0
176.5
175.0
20.5
94.0
40.0
238.0
194.5
200.5
226.0
211.0
178.0
199.0
104.5
47.5
77.5
176.5
38.5
91.0
218.5
244.0
224.5
218.5
154.0
184.0
215.5
14.5
223.0
196.0
212.5
167.5
205.0
220.0
184.0
121.0
221.5
202.0
233.5
217.0
191.5
154.0
164.5
29.5
224.5
80.5
190.0
176.5
170.5
184.0
32.5
217.0
206.5
205.0
158.5
122.5
197.5
229.0
127.0
97.0
239.5
160.0
220.0
212.5
220.0
166.0
205.0
122.5
44.5
191.5
230.5
188.5
209.5
191.5
221.5
160.0
172.0
239.5
202.0
143.5
169.0
154.0
146.5
131.5
112.0
172.0
215.5
199.0
125.5
218.5
224.5
142.0
226.0
128.5
208.0
242.5
167.5
134.5
151.0
227.5
218.5
89.5
194.5
224.5
218.5
218.5
224.5
121.0
163.0
112.0
142.0
188.5
232.0
142.0
214.0
166.0
172.0
211.0
112.0
139.0
214.0
202.0
214.0
47.5
217.0
203.5
143.5
214.0
227.5
199.0
239.5
121.0
196.0
116.5
26.5
232.0
166.0
196.0
100.0
173.5
233.5
118.0
119.5
160.0
196.0
211.0
190.0
241.0
199.0
88.0
97.0
220.0
223.0
154.0
220.0
53.5
166.0
83.5
212.5
223.0
179.5
103.0
239.5
193.0
106.0
169.0
203.5
161.5
155.5
200.5
214.0
224.5
164.5
209.5
136.0
167.5
190.0
226.0
194.5
200.5
223.0
214.0
176.5
220.0
227.5
187.0
49.0
167.5
184.0
239.5
161.5
223.0
218.5
188.5
214.0
59.5
205.0
212.5
214.0
236.5
139.0
148.0
55.0
202.0
31.0
158.5
200.5
205.0
226.0
215.5
223.0
163.0
152.5
181.0
220.0
49.0
223.0
209.5
184.0
223.0
187.0
191.5
217.0
143.5
197.5
175.0
226.0
227.5
181.0
166.0
197.5
197.5
194.5
214.0
130.0
191.5
230.5
215.5
184.0
187.0
205.0
115.0
176.5
209.5
214.0
71.5
196.0
194.5
217.0
226.0
166.0
80.5
218.5
187.0
127.0
146.5
169.0
205.0
193.0
233.5
191.5
83.5
214.0
221.5
190.0
229.0
215.5
182.5
191.5
200.5
176.5
214.0
218.5
121.0
184.0
218.5
160.0
26.5
202.0
191.5
124.0
194.5
202.0
181.0
157.0
226.0
196.0
206.5
223.0
124.0
220.0
187.0
221.5
229.0
221.5
116.5
229.0
148.0
157.0
182.5
184.0
197.5
193.0
65.5
208.0
218.5
208.0
46.0
224.5
221.5
187.0
179.5
157.0
206.5
182.5
233.5
197.5
163.0
218.5
112.0
209.5
187.0
196.0
179.5
208.0
184.0
131.5
194.5
82.0
212.5
223.0
227.5
208.0
191.5
197.5
199.0
169.0
202.0
122.5
211.0
233.5
151.0
67.0
46.0
52.0
224.5
85.0
187.0
91.0
188.5
101.5
217.0
188.5
220.0
239.5
200.5
209.5
43.0
206.5
154.0
209.5
214.0
167.5
100.0
200.5
152.5
185.5
197.5
227.5
188.5
191.5
211.0
229.0
196.0
49.0
202.0
221.5
151.0
169.0
175.0
131.5
203.5
173.5
194.5
214.0
209.5
175.0
220.0
217.0
170.5
133.0
227.5
173.5
187.0
223.0
163.0
217.0
227.5
182.5
212.5
193.0
95.5
182.5
223.0
164.5
53.5
215.5
188.5
200.5
245.5
46.0
200.5
196.0
52.0
173.5
83.5
229.0
176.5
50.5
164.5
229.0
197.5
161.5
151.0
169.0
148.0
184.0
131.5
221.5
212.5
55.0
181.0
229.0
205.0
58.0
137.5
217.0
220.0
175.0
223.0
113.5
158.5
34.0
209.5
215.5
194.5
52.0
220.0
191.5
229.0
173.5
187.0
232.0
106.0
94.0
242.5
232.0
227.5
172.0
175.0
169.0
109.0
152.5
232.0
113.5
68.5
176.5
220.0
229.0
152.5
223.0
176.5
59.5
188.5
214.0
115.0
110.5
197.5
182.5
139.0
152.5
115.0
217.0
229.0
185.5
140.5
205.0
194.5
97.0
139.0
86.5
58.0
218.5
136.0
140.5
190.0
229.0
218.5
224.5
226.0
208.0
187.0
215.5
224.5
185.5
206.5
188.5
67.0
82.0
206.5
227.5
191.5
134.5
134.5
166.0
28.0
107.5
220.0
211.0
185.5
203.5
65.5
218.5
224.5
223.0
217.0
230.5
184.0
187.0
238.0
59.5
133.0
161.5
50.5
217.0
185.5
142.0
136.0
169.0
242.5
172.0
170.5
194.5
50.5
218.5
226.0
163.0
107.5
109.0
194.5
211.0
169.0
218.5
193.0
110.5
142.0
233.5
214.0
169.0
173.5
67.0
137.5
112.0
212.5
83.5
157.0
202.0
223.0
191.5
178.0
173.5
220.0
76.0
208.0
200.5
104.5
121.0
230.5
215.5
214.0
197.5
149.5
199.0
173.5
202.0
152.5
206.5
133.0
239.5
209.5
181.0
191.5
230.5
152.5
223.0
200.5
127.0
148.0
184.0
218.5
151.0
47.5
166.0
206.5
151.0
188.5
158.5
164.5
202.0
175.0
199.0
22.0
190.0
215.5
206.5
218.5
235.0
217.0
209.5
199.0
220.0
175.0
184.0
214.0
128.5
184.0
154.0
223.0
176.5
119.5
215.5
197.5
221.5
206.5
179.5
164.5
160.0
158.5
223.0
187.0
184.0
202.0
197.5
241.0
236.5
197.5
232.0
176.5
205.0
212.5
182.5
104.5
151.0
178.0
227.5
194.5
211.0
206.5
208.0
202.0
215.5
212.5
199.0
221.5
65.5
226.0
146.5
187.0
194.5
209.5
172.0
199.0
212.5
193.0
185.5
202.0
76.0
205.0
224.5
202.0
154.0
178.0
190.0
44.5
154.0
73.0
136.0
164.5
157.0
196.0
142.0
25.0
173.5
158.5
203.5
166.0
187.0
155.5
209.5
188.5
157.0
224.5
106.0
113.5
185.5
185.5
131.5
176.5
229.0
161.5
100.0
209.5
83.5
187.0
32.5
152.5
49.0
232.0
191.5
196.0
203.5
176.5
196.0
86.5
146.5
103.0
176.5
164.5
226.0
217.0
50.5
149.5
215.5
170.5
95.5
212.5
206.5
155.5
122.5
190.0
62.5
200.5
179.5
88.0
227.5
119.5
152.5
208.0
200.5
65.5
73.0
49.0
185.5
197.5
233.5
103.0
215.5
170.5
217.0
223.0
131.5
113.5
176.5
194.5
88.0
229.0
212.5
179.5
223.0
235.0
196.0
155.5
214.0
175.0
130.0
202.0
158.5
226.0
139.0
205.0
139.0
205.0
218.5
59.5
200.5
74.5
205.0
221.5
191.5
202.0
217.0
196.0
166.0
211.0
200.5
197.5
182.5
170.5
181.0
112.0
197.5
169.0
170.5
115.0
100.0
190.0
229.0
115.0
134.5
197.5
65.5
223.0
145.0
208.0
196.0
172.0
134.5
38.5
235.0
185.5
209.5
50.5
200.5
227.5
206.5
233.5
223.0
220.0
215.5
176.5
175.0
205.0
166.0
109.0
151.0
181.0
226.0
182.5
122.5
214.0
158.5
230.5
157.0
154.0
158.5
164.5
214.0
232.0
164.5
232.0
170.5
163.0
214.0
145.0
190.0
188.5
200.5
188.5
202.0
146.5
203.5
205.0
227.5
53.5
106.0
239.5
185.5
220.0
199.0
215.5
227.5
235.0
190.0
214.0
155.5
211.0
233.5
214.0
142.0
199.0
79.0
227.5
197.5
238.0
209.5
148.0
95.5
190.0
221.5
178.0
224.5
203.5
190.0
158.5
190.0
217.0
226.0
202.0
112.0
167.5
140.5
202.0
203.5
175.0
227.5
190.0
152.5
170.5
149.5
232.0
230.5
200.5
215.5
196.0
200.5
113.5
158.5
236.5
197.5
199.0
164.5
202.0
232.0
28.0
232.0
199.0
113.5
44.5
193.0
85.0
215.5
220.0
139.0
194.5
235.0
220.0
188.5
47.5
152.5
181.0
127.0
100.0
191.5
206.5
212.5
202.0
146.5
217.0
35.5
49.0
182.5
158.5
179.5
226.0
197.5
212.5
37.0
161.5
178.0
215.5
227.5
145.0
11.5
193.0
214.0
163.0
223.0
158.5
208.0
211.0
208.0
187.0
110.5
58.0
199.0
211.0
223.0
202.0
202.0
215.5
190.0
179.5
227.5
212.5
227.5
230.5
175.0
98.5
187.0
145.0
118.0
203.5
80.5
152.5
128.5
146.5
176.5
217.0
227.5
205.0
148.0
148.0
64.0
215.5
125.5
130.0
178.0
152.5
229.0
188.5
200.5
217.0
136.0
137.5
191.5
209.5
58.0
77.5
35.5
191.5
197.5
193.0
226.0
88.0
194.5
188.5
214.0
110.5
226.0
155.5
154.0
179.5
227.5
209.5
98.5
208.0
217.0
244.0
142.0
217.0
230.5
220.0
94.0
241.0
190.0
218.5
76.0
203.5
217.0
202.0
103.0
68.5
52.0
164.5
221.5
217.0
158.5
155.5
137.5
203.5
232.0
217.0
196.0
212.5
163.0
224.5
212.5
80.5
170.5
208.0
196.0
214.0
224.5
188.5
203.5
226.0
205.0
200.5
224.5
86.5
106.0
239.5
182.5
220.0
41.5
226.0
176.5
128.5
82.0
215.5
199.0
218.5
116.5
163.0
77.5
115.0
104.5
170.5
211.0
220.0
154.0
194.5
193.0
221.5
238.0
191.5
49.0
238.0
143.5
199.0
209.5
202.0
215.5
218.5
124.0
161.5
161.5
172.0
122.5
38.5
203.5
13.0
230.5
148.0
197.5
211.0
146.5
209.5
205.0
71.5
100.0
83.5
199.0
211.0
220.0
209.5
55.0
205.0
182.5
181.0
203.5
149.5
125.5
142.0
209.5
167.5
185.5
160.0
212.5
145.0
220.0
166.0
190.0
224.5
185.5
176.5
212.5
194.5
142.0
82.0
211.0
133.0
206.5
130.0
223.0
56.5
194.5
190.0
184.0
229.0
227.5
170.5
53.5
77.5
53.5
113.5
224.5
188.5
77.5
211.0
203.5
200.5
130.0
184.0
224.5
59.5
233.5
119.5
226.0
170.5
128.5
100.0
184.0
157.0
196.0
209.5
218.5
202.0
205.0
200.5
190.0
203.5
80.5
152.5
74.5
38.5
208.0
205.0
140.5
205.0
194.5
176.5
202.0
212.5
139.0
214.0
205.0
190.0
119.5
214.0
151.0
152.5
59.5
235.0
188.5
206.5
107.5
218.5
47.5
203.5
200.5
80.5
50.5
176.5
88.0
181.0
239.5
215.5
166.0
214.0
49.0
221.5
145.0
175.0
131.5
34.0
226.0
193.0
148.0
200.5
220.0
175.0
100.0
109.0
229.0
101.5
161.5
131.5
236.5
223.0
197.5
100.0
199.0
109.0
184.0
209.5
215.5
167.5
209.5
214.0
224.5
175.0
196.0
184.0
209.5
197.5
163.0
199.0
209.5
233.5
175.0
127.0
119.5
38.5
200.5
26.5
202.0
170.5
187.0
152.5
118.0
217.0
197.5
190.0
202.0
181.0
223.0
151.0
80.5
212.5
188.5
76.0
208.0
211.0
197.5
130.0
43.0
134.5
130.0
188.5
86.5
202.0
155.5
230.5
83.5
224.5
239.5
125.5
191.5
190.0
227.5
164.5
91.0
209.5
215.5
190.0
224.5
176.5
209.5
185.5
212.5
