152.5
220.0
181.0
205.0
163.0
172.0
91.0
130.0
218.5
49.0
160.0
215.5
202.0
229.0
187.0
199.0
178.0
197.5
208.0
172.0
209.5
197.5
227.5
164.5
160.0
194.5
181.0
184.0
61.0
152.5
140.5
149.5
131.5
193.0
167.5
205.0
11.5
62.5
202.0
181.0
127.0
14.5
122.5
172.0
157.0
161.5
167.5
92.5
182.5
208.0
224.5
92.5
209.5
158.5
35.5
205.0
128.5
136.0
175.0
118.0
181.0
215.5
20.5
176.5
182.5
199.0
179.5
190.0
160.0
142.0
208.0
238.0
230.5
212.5
167.5
214.0
118.0
218.5
161.5
55.0
193.0
118.0
71.5
203.5
175.0
239.5
217.0
175.0
163.0
154.0
227.5
203.5
187.0
214.0
143.5
157.0
118.0
197.5
178.0
199.0
44.5
230.5
196.0
176.5
206.5
224.5
116.5
193.0
56.5
160.0
215.5
151.0
193.0
211.0
191.5
133.0
158.5
221.5
158.5
115.0
181.0
191.5
28.0
202.0
158.5
29.5
185.5
202.0
173.5
112.0
215.5
136.0
200.5
197.5
185.5
184.0
226.0
188.5
212.5
140.5
154.0
58.0
179.5
56.5
239.5
211.0
145.0
218.5
232.0
200.5
209.5
220.0
203.5
161.5
97.0
154.0
193.0
194.5
226.0
77.5
196.0
209.5
203.5
232.0
77.5
178.0
37.0
217.0
233.5
221.5
25.0
136.0
205.0
193.0
203.5
211.0
176.5
224.5
179.5
221.5
188.5
223.0
136.0
200.5
244.0
206.5
65.5
185.5
227.5
223.0
199.0
230.5
149.5
139.0
160.0
209.5
137.5
61.0
197.5
208.0
175.0
82.0
205.0
218.5
176.5
133.0
230.5
205.0
197.5
133.0
167.5
193.0
229.0
191.5
56.5
50.5
134.5
214.0
40.0
224.5
194.5
29.5
73.0
238.0
203.5
196.0
178.0
179.5
104.5
113.5
190.0
182.5
188.5
50.5
205.0
224.5
218.5
187.0
176.5
83.5
146.5
196.0
130.0
200.5
145.0
128.5
172.0
214.0
194.5
152.5
191.5
227.5
52.0
178.0
17.5
220.0
226.0
220.0
205.0
178.0
127.0
197.5
185.5
220.0
109.0
233.5
98.5
130.0
208.0
16.0
220.0
217.0
172.0
175.0
119.5
158.5
170.5
206.5
226.0
227.5
230.5
193.0
92.5
211.0
176.5
38.5
121.0
89.5
221.5
226.0
199.0
91.0
160.0
169.0
154.0
107.5
82.0
127.0
208.0
109.0
235.0
203.5
179.5
220.0
169.0
211.0
226.0
238.0
208.0
14.5
196.0
35.5
173.5
73.0
109.0
172.0
187.0
220.0
209.5
176.5
203.5
205.0
232.0
152.5
151.0
200.5
190.0
109.0
133.0
205.0
223.0
187.0
157.0
169.0
247.0
229.0
212.5
203.5
196.0
157.0
34.0
197.5
178.0
193.0
220.0
182.5
158.5
173.5
185.5
172.0
211.0
196.0
206.5
130.0
178.0
229.0
205.0
223.0
217.0
209.5
64.0
149.5
197.5
227.5
139.0
176.5
113.5
208.0
164.5
119.5
50.5
98.5
220.0
182.5
161.5
215.5
211.0
191.5
238.0
55.0
130.0
175.0
211.0
46.0
91.0
202.0
130.0
121.0
157.0
110.5
232.0
142.0
35.5
164.5
145.0
223.0
236.5
223.0
160.0
224.5
235.0
154.0
199.0
32.5
191.5
208.0
164.5
217.0
50.5
158.5
215.5
185.5
161.5
152.5
142.0
212.5
205.0
157.0
220.0
113.5
221.5
187.0
163.0
178.0
97.0
68.5
209.5
181.0
212.5
212.5
209.5
232.0
196.0
170.5
187.0
130.0
209.5
221.5
167.5
218.5
40.0
160.0
200.5
193.0
109.0
28.0
112.0
199.0
178.0
202.0
235.0
74.5
227.5
203.5
56.5
217.0
98.5
149.5
116.5
110.5
232.0
50.5
214.0
166.0
214.0
74.5
154.0
140.5
188.5
109.0
172.0
50.5
215.5
188.5
191.5
136.0
67.0
157.0
235.0
142.0
167.5
193.0
227.5
229.0
220.0
119.5
217.0
194.5
91.0
203.5
208.0
196.0
212.5
182.5
124.0
113.5
160.0
205.0
136.0
170.5
221.5
176.5
230.5
220.0
166.0
121.0
167.5
227.5
220.0
200.5
227.5
163.0
119.5
179.5
200.5
154.0
142.0
187.0
199.0
203.5
218.5
227.5
190.0
134.5
205.0
215.5
206.5
226.0
224.5
155.5
223.0
238.0
203.5
136.0
82.0
125.5
194.5
91.0
217.0
152.5
145.0
200.5
125.5
214.0
173.5
199.0
170.5
196.0
182.5
130.0
143.5
106.0
233.5
181.0
212.5
184.0
229.0
127.0
215.5
80.5
127.0
191.5
139.0
164.5
191.5
196.0
211.0
191.5
149.5
214.0
227.5
191.5
65.5
212.5
191.5
158.5
163.0
191.5
160.0
232.0
211.0
208.0
232.0
179.5
199.0
170.5
205.0
226.0
220.0
128.5
200.5
137.5
95.5
178.0
209.5
158.5
205.0
214.0
115.0
169.0
193.0
50.5
76.0
185.5
46.0
160.0
212.5
125.5
166.0
223.0
154.0
92.5
196.0
151.0
214.0
149.5
184.0
199.0
112.0
131.5
194.5
86.5
175.0
220.0
112.0
205.0
191.5
134.5
214.0
104.5
185.5
202.0
205.0
163.0
149.5
157.0
187.0
203.5
205.0
109.0
190.0
211.0
206.5
212.5
68.5
190.0
223.0
197.5
205.0
199.0
208.0
175.0
209.5
208.0
149.5
116.5
209.5
80.5
208.0
83.5
196.0
43.0
187.0
194.5
154.0
181.0
172.0
196.0
163.0
136.0
202.0
176.5
217.0
223.0
217.0
173.5
238.0
181.0
214.0
143.5
196.0
223.0
163.0
61.0
137.5
199.0
223.0
214.0
193.0
89.5
143.5
217.0
187.0
218.5
208.0
202.0
223.0
67.0
212.5
40.0
205.0
196.0
176.5
235.0
202.0
181.0
190.0
116.5
151.0
77.5
179.5
206.5
191.5
196.0
199.0
209.5
19.0
149.5
68.5
206.5
152.5
217.0
103.0
124.0
220.0
76.0
172.0
190.0
116.5
187.0
182.5
127.0
173.5
115.0
65.5
178.0
214.0
25.0
200.5
232.0
181.0
88.0
121.0
133.0
203.5
179.5
194.5
166.0
203.5
208.0
113.5
179.5
197.5
191.5
125.5
212.5
89.5
205.0
50.5
50.5
167.5
106.0
202.0
226.0
140.5
193.0
221.5
212.5
143.5
184.0
203.5
208.0
76.0
131.5
194.5
76.0
214.0
151.0
241.0
109.0
206.5
178.0
211.0
152.5
185.5
169.0
211.0
208.0
157.0
223.0
206.5
206.5
215.5
116.5
182.5
89.5
140.5
215.5
199.0
182.5
199.0
140.5
217.0
220.0
187.0
199.0
200.5
215.5
202.0
190.0
212.5
190.0
191.5
22.0
214.0
167.5
218.5
230.5
227.5
175.0
155.5
202.0
164.5
38.5
209.5
59.5
208.0
184.0
143.5
191.5
196.0
181.0
203.5
56.5
185.5
232.0
169.0
227.5
182.5
67.0
194.5
212.5
133.0
193.0
220.0
245.5
154.0
220.0
179.5
181.0
212.5
215.5
125.5
83.5
140.5
176.5
125.5
211.0
196.0
191.5
202.0
131.5
113.5
182.5
187.0
76.0
193.0
191.5
209.5
76.0
146.5
148.0
214.0
221.5
197.5
134.5
179.5
155.5
83.5
199.0
226.0
137.5
143.5
125.5
148.0
140.5
223.0
166.0
34.0
145.0
200.5
226.0
200.5
50.5
166.0
211.0
229.0
208.0
202.0
62.5
134.5
163.0
175.0
35.5
220.0
158.5
194.5
194.5
223.0
220.0
85.0
223.0
208.0
211.0
91.0
202.0
59.5
116.5
230.5
149.5
169.0
206.5
158.5
170.5
130.0
208.0
187.0
178.0
200.5
166.0
86.5
206.5
113.5
190.0
179.5
163.0
215.5
151.0
199.0
155.5
209.5
175.0
203.5
187.0
143.5
145.0
196.0
202.0
218.5
53.5
196.0
223.0
209.5
137.5
191.5
122.5
202.0
107.5
211.0
130.0
115.0
208.0
179.5
145.0
16.0
188.5
190.0
197.5
190.0
175.0
217.0
157.0
196.0
155.5
205.0
196.0
154.0
64.0
76.0
70.0
223.0
175.0
196.0
160.0
161.5
190.0
223.0
121.0
214.0
197.5
188.5
217.0
106.0
149.5
188.5
193.0
211.0
163.0
178.0
175.0
146.5
233.5
229.0
160.0
229.0
220.0
64.0
215.5
223.0
200.5
157.0
190.0
208.0
187.0
200.5
223.0
194.5
163.0
232.0
203.5
29.5
211.0
145.0
167.5
212.5
161.5
221.5
86.5
118.0
142.0
226.0
209.5
115.0
212.5
202.0
67.0
121.0
197.5
208.0
226.0
55.0
164.5
217.0
178.0
193.0
227.5
172.0
110.5
202.0
196.0
146.5
188.5
200.5
169.0
217.0
203.5
221.5
115.0
203.5
140.5
206.5
188.5
218.5
205.0
211.0
181.0
236.5
178.0
199.0
206.5
68.5
184.0
215.5
230.5
175.0
124.0
193.0
185.5
212.5
221.5
34.0
236.5
188.5
121.0
232.0
224.5
119.5
38.5
161.5
200.5
202.0
184.0
199.0
166.0
220.0
112.0
148.0
230.5
223.0
137.5
194.5
152.5
226.0
158.5
181.0
97.0
191.5
154.0
211.0
200.5
95.5
167.5
236.5
53.5
40.0
221.5
182.5
113.5
118.0
242.5
220.0
199.0
154.0
196.0
220.0
169.0
181.0
173.5
176.5
229.0
205.0
197.5
164.5
116.5
140.5
190.0
218.5
221.5
211.0
208.0
173.5
209.5
226.0
58.0
194.5
166.0
133.0
199.0
64.0
230.5
212.5
218.5
164.5
226.0
158.5
134.5
106.0
158.5
202.0
235.0
182.5
232.0
205.0
205.0
190.0
205.0
203.5
151.0
106.0
61.0
151.0
209.5
205.0
208.0
227.5
221.5
74.5
215.5
172.0
191.5
193.0
212.5
164.5
154.0
172.0
223.0
233.5
212.5
232.0
208.0
197.5
229.0
200.5
194.5
128.5
88.0
187.0
146.5
223.0
29.5
203.5
31.0
155.5
208.0
187.0
220.0
149.5
187.0
197.5
235.0
140.5
233.5
62.5
235.0
185.5
125.5
136.0
199.0
232.0
107.5
34.0
161.5
232.0
203.5
169.0
199.0
28.0
193.0
194.5
115.0
208.0
164.5
211.0
82.0
184.0
35.5
160.0
122.5
203.5
208.0
175.0
179.5
209.5
77.5
188.5
191.5
215.5
197.5
217.0
160.0
181.0
187.0
131.5
50.5
151.0
67.0
133.0
235.0
62.5
131.5
211.0
215.5
214.0
170.5
190.0
190.0
206.5
172.0
67.0
130.0
233.5
43.0
172.0
199.0
212.5
196.0
79.0
179.5
77.5
226.0
191.5
143.5
212.5
199.0
139.0
203.5
248.5
74.5
191.5
92.5
226.0
206.5
226.0
215.5
151.0
70.0
83.5
202.0
184.0
92.5
145.0
199.0
164.5
65.5
203.5
208.0
23.5
190.0
188.5
167.5
203.5
176.5
178.0
85.0
220.0
148.0
220.0
166.0
76.0
163.0
214.0
199.0
223.0
131.5
154.0
92.5
83.5
236.5
223.0
58.0
160.0
242.5
158.5
187.0
203.5
211.0
203.5
214.0
109.0
218.5
17.5
122.5
200.5
173.5
200.5
122.5
199.0
224.5
218.5
214.0
140.5
211.0
185.5
209.5
184.0
199.0
199.0
193.0
211.0
197.5
166.0
224.5
185.5
185.5
56.5
233.5
224.5
191.5
218.5
211.0
134.5
215.5
224.5
209.5
182.5
170.5
233.5
167.5
230.5
185.5
155.5
59.5
148.0
209.5
202.0
58.0
197.5
157.0
194.5
212.5
205.0
208.0
149.5
223.0
166.0
203.5
203.5
223.0
178.0
85.0
181.0
194.5
143.5
233.5
205.0
206.5
202.0
200.5
194.5
40.0
214.0
139.0
83.5
223.0
205.0
227.5
125.5
107.5
208.0
208.0
193.0
202.0
188.5
148.0
200.5
191.5
236.5
200.5
137.5
191.5
205.0
170.5
199.0
193.0
160.0
100.0
112.0
232.0
164.5
184.0
170.5
134.5
74.5
212.5
200.5
190.0
208.0
113.5
65.5
202.0
158.5
172.0
179.5
185.5
214.0
205.0
223.0
104.5
197.5
193.0
206.5
227.5
170.5
196.0
218.5
146.5
182.5
200.5
143.5
149.5
181.0
209.5
215.5
221.5
22.0
197.5
218.5
184.0
124.0
173.5
79.0
173.5
83.5
209.5
136.0
104.5
206.5
206.5
193.0
224.5
170.5
178.0
188.5
98.5
187.0
161.5
160.0
190.0
181.0
136.0
83.5
155.5
221.5
80.5
190.0
179.5
164.5
202.0
128.5
43.0
167.5
202.0
218.5
205.0
83.5
20.5
202.0
227.5
182.5
19.0
47.5
191.5
112.0
206.5
139.0
167.5
110.5
176.5
191.5
218.5
220.0
236.5
220.0
58.0
191.5
52.0
232.0
214.0
175.0
184.0
178.0
67.0
53.5
82.0
91.0
199.0
113.5
73.0
29.5
62.5
226.0
202.0
157.0
193.0
227.5
197.5
169.0
241.0
16.0
29.5
182.5
221.5
100.0
232.0
122.5
73.0
217.0
26.5
221.5
46.0
191.5
140.5
211.0
221.5
137.5
176.5
118.0
221.5
232.0
200.5
154.0
181.0
164.5
88.0
188.5
184.0
181.0
181.0
214.0
199.0
220.0
202.0
190.0
101.5
182.5
152.5
37.0
185.5
184.0
109.0
209.5
158.5
155.5
38.5
193.0
76.0
221.5
170.5
218.5
224.5
29.5
211.0
200.5
155.5
205.0
218.5
181.0
175.0
188.5
122.5
224.5
104.5
64.0
190.0
173.5
209.5
86.5
157.0
227.5
76.0
151.0
37.0
178.0
211.0
193.0
194.5
232.0
95.5
68.5
208.0
130.0
191.5
212.5
7.0
200.5
226.0
208.0
175.0
149.5
199.0
179.5
184.0
190.0
218.5
197.5
157.0
206.5
203.5
178.0
188.5
169.0
37.0
205.0
215.5
143.5
230.5
140.5
220.0
143.5
199.0
217.0
167.5
161.5
212.5
164.5
229.0
85.0
160.0
200.5
217.0
166.0
128.5
223.0
215.5
175.0
112.0
214.0
221.5
181.0
85.0
70.0
136.0
221.5
211.0
158.5
227.5
155.5
215.5
50.5
80.5
182.5
215.5
160.0
208.0
154.0
221.5
224.5
41.5
215.5
169.0
209.5
100.0
188.5
181.0
175.0
77.5
101.5
196.0
196.0
155.5
200.5
175.0
85.0
92.5
232.0
187.0
166.0
182.5
182.5
193.0
185.5
202.0
157.0
71.5
215.5
145.0
185.5
80.5
131.5
131.5
203.5
191.5
190.0
217.0
193.0
191.5
188.5
115.0
232.0
160.0
230.5
137.5
214.0
230.5
190.0
200.5
160.0
178.0
197.5
169.0
230.5
175.0
194.5
217.0
211.0
211.0
217.0
199.0
218.5
187.0
83.5
227.5
167.5
230.5
80.5
205.0
169.0
190.0
194.5
190.0
73.0
220.0
157.0
100.0
157.0
178.0
188.5
185.5
208.0
91.0
40.0
212.5
200.5
199.0
173.5
226.0
83.5
149.5
170.5
178.0
200.5
160.0
74.5
139.0
203.5
197.5
212.5
100.0
185.5
181.0
218.5
187.0
205.0
71.5
92.5
43.0
232.0
142.0
208.0
166.0
133.0
172.0
205.0
142.0
224.5
181.0
218.5
193.0
86.5
76.0
190.0
227.5
44.5
2.5
14.5
166.0
227.5
28.0
101.5
209.5
209.5
76.0
121.0
37.0
160.0
164.5
224.5
44.5
205.0
224.5
133.0
181.0
172.0
214.0
155.5
226.0
38.5
58.0
92.5
140.5
142.0
209.5
181.0
184.0
218.5
154.0
158.5
203.5
209.5
34.0
221.5
149.5
223.0
160.0
167.5
142.0
202.0
160.0
128.5
221.5
164.5
160.0
190.0
163.0
226.0
95.5
170.5
203.5
224.5
115.0
170.5
137.5
211.0
53.5
209.5
124.0
191.5
187.0
118.0
203.5
224.5
137.5
163.0
175.0
232.0
194.5
43.0
128.5
220.0
190.0
145.0
116.5
199.0
124.0
202.0
181.0
187.0
199.0
140.5
137.5
104.5
145.0
199.0
176.5
217.0
227.5
202.0
191.5
233.5
143.5
185.5
167.5
179.5
22.0
154.0
181.0
145.0
140.5
160.0
34.0
115.0
202.0
202.0
223.0
143.5
140.5
157.0
200.5
190.0
23.5
221.5
223.0
203.5
80.5
112.0
217.0
145.0
182.5
131.5
190.0
151.0
214.0
110.5
109.0
202.0
196.0
190.0
199.0
124.0
209.5
220.0
191.5
98.5
113.5
188.5
163.0
206.5
205.0
116.5
179.5
223.0
25.0
170.5
182.5
209.5
227.5
160.0
199.0
193.0
161.5
152.5
221.5
202.0
142.0
71.5
229.0
169.0
139.0
209.5
86.5
197.5
182.5
151.0
52.0
215.5
173.5
227.5
154.0
193.0
170.5
199.0
205.0
182.5
107.5
122.5
182.5
64.0
22.0
227.5
50.5
188.5
164.5
226.0
185.5
22.0
127.0
184.0
160.0
83.5
164.5
104.5
208.0
83.5
47.5
193.0
218.5
218.5
218.5
197.5
197.5
169.0
188.5
209.5
167.5
188.5
205.0
145.0
142.0
202.0
209.5
205.0
235.0
214.0
121.0
203.5
169.0
209.5
152.5
223.0
64.0
206.5
226.0
205.0
206.5
229.0
34.0
206.5
217.0
160.0
209.5
208.0
206.5
154.0
205.0
175.0
154.0
200.5
224.5
155.5
197.5
157.0
221.5
71.5
215.5
113.5
221.5
181.0
208.0
79.0
143.5
211.0
155.5
193.0
224.5
227.5
169.0
134.5
178.0
140.5
191.5
167.5
161.5
193.0
214.0
215.5
181.0
157.0
35.5
194.5
223.0
233.5
220.0
140.5
206.5
242.5
196.0
206.5
160.0
176.5
173.5
139.0
241.0
92.5
95.5
218.5
200.5
218.5
91.0
214.0
172.0
238.0
182.5
158.5
173.5
184.0
215.5
173.5
199.0
179.5
137.5
152.5
185.5
122.5
98.5
187.0
70.0
62.5
145.0
197.5
205.0
166.0
184.0
184.0
143.5
206.5
191.5
194.5
100.0
185.5
172.0
79.0
209.5
220.0
137.5
178.0
196.0
170.5
134.5
221.5
211.0
146.5
143.5
95.5
181.0
220.0
190.0
209.5
235.0
196.0
151.0
164.5
181.0
194.5
178.0
239.5
230.5
124.0
188.5
173.5
187.0
187.0
176.5
218.5
206.5
200.5
193.0
149.5
194.5
86.5
221.5
211.0
145.0
125.5
167.5
236.5
67.0
200.5
65.5
196.0
227.5
230.5
97.0
191.5
169.0
230.5
197.5
214.0
167.5
220.0
179.5
188.5
199.0
217.0
179.5
113.5
119.5
176.5
146.5
182.5
131.5
157.0
178.0
121.0
127.0
200.5
149.5
206.5
227.5
110.5
139.0
94.0
193.0
184.0
232.0
229.0
172.0
205.0
187.0
223.0
218.5
199.0
199.0
152.5
197.5
235.0
67.0
155.5
227.5
181.0
5.5
173.5
220.0
140.5
206.5
196.0
179.5
209.5
227.5
98.5
199.0
215.5
209.5
221.5
82.0
158.5
217.0
74.5
230.5
139.0
226.0
137.5
233.5
94.0
211.0
199.0
197.5
161.5
233.5
194.5
167.5
164.5
127.0
86.5
226.0
148.0
200.5
88.0
151.0
239.5
194.5
211.0
190.0
161.5
71.5
181.0
40.0
205.0
223.0
196.0
88.0
227.5
148.0
70.0
163.0
194.5
184.0
146.5
11.5
166.0
142.0
188.5
184.0
166.0
92.5
118.0
176.5
206.5
224.5
197.5
67.0
163.0
172.0
209.5
68.5
152.5
226.0
187.0
190.0
103.0
205.0
196.0
137.5
226.0
155.5
166.0
95.5
49.0
181.0
169.0
59.5
214.0
31.0
98.5
226.0
184.0
185.5
208.0
125.5
79.0
76.0
191.5
181.0
190.0
52.0
155.5
184.0
164.5
209.5
178.0
158.5
188.5
136.0
19.0
118.0
118.0
170.5
140.5
203.5
190.0
133.0
227.5
70.0
212.5
203.5
92.5
107.5
185.5
206.5
188.5
157.0
215.5
170.5
61.0
223.0
199.0
215.5
200.5
235.0
187.0
178.0
71.5
121.0
220.0
184.0
97.0
136.0
194.5
190.0
176.5
127.0
43.0
191.5
124.0
236.5
193.0
215.5
80.5
160.0
193.0
178.0
86.5
190.0
236.5
52.0
196.0
163.0
205.0
196.0
218.5
143.5
55.0
232.0
215.5
185.5
223.0
166.0
145.0
233.5
190.0
227.5
167.5
163.0
212.5
199.0
139.0
137.5
211.0
148.0
232.0
194.5
179.5
182.5
166.0
230.5
197.5
94.0
158.5
217.0
164.5
220.0
182.5
245.5
226.0
40.0
215.5
112.0
169.0
119.5
230.5
196.0
40.0
173.5
191.5
191.5
187.0
164.5
32.5
227.5
236.5
200.5
224.5
161.5
238.0
157.0
58.0
136.0
212.5
217.0
211.0
233.5
236.5
118.0
215.5
65.5
227.5
217.0
205.0
149.5
181.0
133.0
119.5
217.0
199.0
125.5
154.0
188.5
166.0
175.0
86.5
179.5
179.5
173.5
164.5
200.5
127.0
62.5
188.5
209.5
115.0
203.5
208.0
211.0
178.0
220.0
146.5
158.5
196.0
197.5
187.0
55.0
170.5
230.5
163.0
161.5
100.0
208.0
190.0
202.0
95.5
176.5
179.5
214.0
211.0
25.0
184.0
220.0
127.0
185.5
226.0
218.5
193.0
220.0
172.0
205.0
179.5
134.5
190.0
85.0
71.5
179.5
148.0
163.0
128.5
118.0
193.0
178.0
188.5
202.0
212.5
224.5
200.5
205.0
115.0
100.0
215.5
175.0
197.5
17.5
134.5
164.5
217.0
157.0
221.5
185.5
232.0
185.5
209.5
184.0
157.0
217.0
181.0
214.0
214.0
104.5
187.0
157.0
236.5
229.0
176.5
181.0
182.5
62.5
206.5
220.0
226.0
157.0
220.0
167.5
199.0
211.0
214.0
70.0
176.5
20.5
68.5
193.0
175.0
197.5
166.0
202.0
202.0
182.5
158.5
97.0
203.5
215.5
203.5
179.5
128.5
134.5
80.5
230.5
194.5
206.5
226.0
197.5
215.5
107.5
62.5
226.0
110.5
89.5
187.0
194.5
202.0
190.0
188.5
197.5
179.5
173.5
191.5
236.5
140.5
194.5
164.5
221.5
203.5
133.0
128.5
92.5
229.0
212.5
14.5
212.5
224.5
194.5
205.0
148.0
221.5
55.0
193.0
224.5
158.5
217.0
221.5
149.5
221.5
178.0
154.0
176.5
70.0
205.0
218.5
220.0
220.0
188.5
185.5
167.5
212.5
241.0
196.0
83.5
53.5
154.0
193.0
169.0
53.5
200.5
208.0
197.5
157.0
214.0
155.5
110.5
166.0
175.0
223.0
49.0
154.0
224.5
71.5
196.0
200.5
100.0
206.5
211.0
214.0
188.5
164.5
29.5
215.5
136.0
14.5
194.5
233.5
233.5
115.0
34.0
25.0
104.5
116.5
149.5
211.0
109.0
101.5
208.0
227.5
58.0
211.0
196.0
188.5
167.5
158.5
208.0
173.5
190.0
232.0
194.5
212.5
179.5
17.5
211.0
134.5
214.0
76.0
106.0
223.0
142.0
175.0
109.0
79.0
184.0
205.0
236.5
226.0
173.5
233.5
94.0
145.0
220.0
206.5
178.0
173.5
146.5
226.0
118.0
163.0
130.0
221.5
47.5
209.5
188.5
229.0
226.0
112.0
212.5
217.0
119.5
181.0
185.5
62.5
119.5
224.5
194.5
215.5
200.5
203.5
143.5
217.0
223.0
200.5
221.5
209.5
149.5
206.5
176.5
223.0
169.0
185.5
133.0
226.0
187.0
218.5
128.5
194.5
146.5
214.0
107.5
173.5
244.0
163.0
35.5
158.5
221.5
179.5
218.5
191.5
155.5
214.0
44.5
137.5
221.5
172.0
203.5
187.0
217.0
223.0
43.0
160.0
215.5
205.0
193.0
181.0
217.0
218.5
190.0
197.5
196.0
161.5
169.0
83.5
196.0
55.0
149.5
52.0
146.5
185.5
50.5
235.0
179.5
197.5
193.0
157.0
160.0
202.0
160.0
106.0
206.5
182.5
218.5
208.0
203.5
211.0
92.5
181.0
179.5
221.5
169.0
226.0
77.5
188.5
182.5
74.5
113.5
151.0
176.5
205.0
190.0
218.5
212.5
155.5
83.5
64.0
197.5
13.0
140.5
185.5
56.5
199.0
139.0
184.0
134.5
124.0
239.5
139.0
148.0
118.0
31.0
215.5
98.5
214.0
166.0
67.0
194.5
220.0
209.5
152.5
172.0
184.0
214.0
229.0
85.0
136.0
163.0
53.5
95.5
188.5
205.0
233.5
214.0
161.5
130.0
229.0
125.5
97.0
170.5
209.5
205.0
208.0
179.5
199.0
73.0
223.0
80.5
179.5
212.5
71.5
215.5
206.5
179.5
188.5
43.0
194.5
182.5
218.5
184.0
212.5
196.0
52.0
215.5
203.5
95.5
184.0
206.5
208.0
46.0
181.0
217.0
232.0
50.5
118.0
157.0
221.5
203.5
71.5
82.0
238.0
196.0
206.5
184.0
151.0
176.5
172.0
41.5
211.0
89.5
203.5
196.0
116.5
170.5
209.5
190.0
16.0
101.5
151.0
86.5
214.0
170.5
227.5
190.0
182.5
112.0
151.0
172.0
206.5
203.5
242.5
31.0
230.5
187.0
226.0
241.0
172.0
224.5
224.5
230.5
163.0
113.5
109.0
92.5
134.5
32.5
215.5
83.5
190.0
211.0
176.5
191.5
152.5
187.0
221.5
224.5
220.0
193.0
190.0
166.0
215.5
133.0
175.0
182.5
58.0
175.0
224.5
176.5
218.5
179.5
184.0
224.5
56.5
40.0
206.5
229.0
185.5
241.0
136.0
188.5
76.0
196.0
221.5
139.0
161.5
178.0
193.0
223.0
160.0
164.5
206.5
148.0
170.5
175.0
205.0
209.5
19.0
92.5
179.5
187.0
191.5
233.5
169.0
166.0
200.5
151.0
136.0
65.5
112.0
143.5
215.5
197.5
100.0
176.5
233.5
226.0
197.5
103.0
142.0
218.5
152.5
157.0
143.5
215.5
211.0
221.5
46.0
182.5
185.5
226.0
197.5
214.0
112.0
43.0
43.0
185.5
196.0
167.5
176.5
151.0
158.5
104.5
40.0
73.0
175.0
209.5
224.5
215.5
190.0
113.5
131.5
202.0
169.0
184.0
188.5
106.0
176.5
53.5
131.5
179.5
224.5
115.0
167.5
220.0
190.0
209.5
212.5
170.5
199.0
191.5
184.0
190.0
143.5
223.0
172.0
185.5
119.5
187.0
107.5
193.0
98.5
130.0
23.5
208.0
119.5
83.5
119.5
76.0
157.0
214.0
175.0
73.0
206.5
223.0
124.0
227.5
14.5
145.0
205.0
185.5
161.5
182.5
164.5
185.5
158.5
28.0
154.0
205.0
206.5
236.5
191.5
203.5
170.5
187.0
173.5
190.0
214.0
113.5
118.0
160.0
187.0
209.5
223.0
202.0
170.5
223.0
167.5
182.5
43.0
166.0
148.0
164.5
118.0
109.0
191.5
164.5
208.0
202.0
137.5
184.0
233.5
56.5
191.5
133.0
239.5
145.0
190.0
170.5
47.5
169.0
215.5
20.5
173.5
190.0
173.5
206.5
181.0
97.0
229.0
199.0
116.5
227.5
229.0
238.0
167.5
230.5
173.5
220.0
233.5
217.0
214.0
202.0
103.0
121.0
179.5
223.0
181.0
110.5
118.0
155.5
194.5
52.0
232.0
170.5
185.5
229.0
205.0
187.0
217.0
128.5
187.0
134.5
221.5
109.0
175.0
140.5
176.5
148.0
163.0
223.0
199.0
187.0
121.0
233.5
215.5
214.0
205.0
68.5
106.0
208.0
103.0
200.5
142.0
205.0
230.5
181.0
211.0
184.0
202.0
74.5
179.5
176.5
221.5
235.0
229.0
181.0
89.5
157.0
160.0
178.0
175.0
110.5
175.0
220.0
221.5
196.0
221.5
227.5
143.5
221.5
118.0
200.5
187.0
157.0
211.0
233.5
196.0
95.5
124.0
197.5
223.0
178.0
202.0
209.5
92.5
217.0
128.5
217.0
136.0
152.5
236.5
205.0
185.5
82.0
209.5
170.5
226.0
223.0
125.5
119.5
163.0
101.5
179.5
205.0
202.0
170.5
136.0
220.0
29.5
50.5
23.5
49.0
193.0
203.5
112.0
148.0
43.0
194.5
149.5
229.0
121.0
202.0
191.5
182.5
220.0
55.0
164.5
214.0
232.0
221.5
170.5
220.0
52.0
145.0
226.0
211.0
223.0
206.5
206.5
128.5
211.0
209.5
118.0
64.0
173.5
196.0
212.5
217.0
217.0
173.5
130.0
202.0
169.0
212.5
212.5
184.0
160.0
79.0
190.0
218.5
173.5
202.0
134.5
185.5
143.5
178.0
205.0
130.0
206.5
125.5
178.0
124.0
205.0
73.0
181.0
181.0
200.5
226.0
217.0
215.5
203.5
142.0
167.5
113.5
155.5
113.5
224.5
124.0
206.5
208.0
91.0
202.0
148.0
194.5
206.5
187.0
140.5
218.5
226.0
221.5
179.5
208.0
190.0
59.5
220.0
152.5
169.0
106.0
103.0
181.0
166.0
217.0
179.5
176.5
229.0
229.0
211.0
238.0
167.5
224.5
209.5
152.5
182.5
208.0
217.0
182.5
215.5
206.5
119.5
176.5
187.0
223.0
125.5
172.0
169.0
179.5
134.5
197.5
169.0
244.0
223.0
242.5
167.5
166.0
170.5
173.5
190.0
184.0
215.5
206.5
82.0
185.5
211.0
124.0
151.0
154.0
236.5
194.5
212.5
209.5
73.0
101.5
185.5
20.5
203.5
157.0
145.0
172.0
91.0
107.5
212.5
236.5
92.5
179.5
188.5
148.0
175.0
229.0
208.0
200.5
193.0
139.0
218.5
154.0
206.5
232.0
77.5
130.0
140.5
203.5
199.0
218.5
230.5
170.5
124.0
212.5
178.0
173.5
40.0
200.5
170.5
217.0
169.0
238.0
43.0
211.0
181.0
227.5
89.5
164.5
127.0
76.0
184.0
209.5
193.0
137.5
202.0
215.5
172.0
101.5
50.5
188.5
182.5
163.0
218.5
167.5
182.5
163.0
214.0
188.5
178.0
179.5
178.0
154.0
209.5
68.5
194.5
200.5
167.5
94.0
110.5
47.5
149.5
196.0
194.5
59.5
128.5
218.5
208.0
170.5
179.5
182.5
205.0
175.0
197.5
185.5
184.0
221.5
191.5
199.0
187.0
185.5
122.5
149.5
236.5
157.0
136.0
208.0
185.5
236.5
88.0
142.0
239.5
202.0
187.0
200.5
83.5
197.5
100.0
130.0
140.5
209.5
199.0
209.5
218.5
166.0
46.0
211.0
103.0
169.0
115.0
125.5
133.0
191.5
203.5
158.5
193.0
182.5
100.0
223.0
217.0
197.5
56.5
181.0
155.5
236.5
104.5
232.0
92.5
182.5
214.0
196.0
118.0
101.5
220.0
212.5
145.0
211.0
205.0
188.5
217.0
182.5
172.0
94.0
203.5
226.0
187.0
200.5
166.0
143.5
136.0
167.5
106.0
220.0
217.0
226.0
61.0
143.5
161.5
232.0
221.5
215.5
214.0
191.5
61.0
149.5
41.5
143.5
224.5
146.5
196.0
176.5
184.0
187.0
224.5
206.5
214.0
220.0
227.5
128.5
182.5
103.0
179.5
31.0
188.5
191.5
65.5
226.0
218.5
226.0
190.0
88.0
214.0
184.0
161.5
206.5
64.0
197.5
182.5
151.0
182.5
200.5
170.5
205.0
173.5
56.5
176.5
103.0
188.5
187.0
97.0
164.5
77.5
206.5
229.0
203.5
146.5
119.5
229.0
70.0
112.0
211.0
211.0
215.5
197.5
187.0
80.5
200.5
133.0
55.0
229.0
190.0
149.5
95.5
223.0
59.5
220.0
178.0
64.0
230.5
223.0
220.0
218.5
226.0
61.0
220.0
97.0
224.5
200.5
157.0
77.5
223.0
151.0
112.0
209.5
137.5
187.0
188.5
212.5
59.5
244.0
220.0
196.0
193.0
233.5
46.0
185.5
67.0
221.5
197.5
152.5
205.0
142.0
194.5
79.0
190.0
218.5
208.0
167.5
205.0
142.0
200.5
203.5
211.0
187.0
203.5
211.0
191.5
224.5
185.5
238.0
113.5
116.5
211.0
230.5
206.5
155.5
209.5
190.0
149.5
131.5
143.5
136.0
202.0
208.0
224.5
100.0
176.5
179.5
215.5
190.0
226.0
200.5
65.5
125.5
116.5
179.5
55.0
176.5
53.5
164.5
194.5
194.5
178.0
100.0
109.0
80.5
206.5
197.5
188.5
209.5
133.0
205.0
124.0
230.5
193.0
175.0
193.0
206.5
220.0
185.5
113.5
50.5
145.0
205.0
191.5
221.5
139.0
107.5
175.0
110.5
194.5
202.0
200.5
214.0
206.5
37.0
191.5
152.5
194.5
188.5
236.5
175.0
197.5
56.5
50.5
214.0
197.5
199.0
160.0
49.0
215.5
28.0
130.0
211.0
122.5
223.0
202.0
193.0
179.5
209.5
181.0
133.0
194.5
208.0
184.0
205.0
197.5
209.5
208.0
172.0
212.5
209.5
79.0
187.0
214.0
142.0
217.0
206.5
185.5
197.5
209.5
145.0
82.0
146.5
230.5
170.5
131.5
128.5
188.5
176.5
193.0
157.0
203.5
179.5
158.5
214.0
214.0
217.0
197.5
127.0
236.5
157.0
203.5
202.0
163.0
206.5
83.5
46.0
209.5
188.5
101.5
215.5
146.5
193.0
130.0
190.0
154.0
218.5
215.5
112.0
146.5
184.0
197.5
166.0
217.0
217.0
121.0
194.5
199.0
166.0
79.0
197.5
149.5
230.5
181.0
125.5
227.5
182.5
229.0
196.0
211.0
226.0
86.5
173.5
202.0
209.5
106.0
160.0
236.5
185.5
116.5
65.5
203.5
200.5
196.0
239.5
235.0
214.0
208.0
206.5
67.0
220.0
247.0
185.5
220.0
196.0
176.5
218.5
227.5
166.0
226.0
214.0
145.0
223.0
145.0
211.0
202.0
229.0
199.0
188.5
7.0
185.5
113.5
149.5
134.5
185.5
194.5
164.5
62.5
169.0
179.5
215.5
112.0
160.0
226.0
164.5
161.5
181.0
239.5
191.5
217.0
220.0
155.5
235.0
199.0
206.5
166.0
170.5
181.0
52.0
161.5
217.0
119.5
206.5
199.0
193.0
206.5
100.0
118.0
203.5
169.0
205.0
233.5
73.0
83.5
157.0
206.5
179.5
214.0
166.0
241.0
224.5
158.5
166.0
196.0
124.0
179.5
134.5
107.5
166.0
38.5
167.5
205.0
208.0
127.0
88.0
167.5
175.0
202.0
229.0
155.5
229.0
95.5
155.5
211.0
172.0
128.5
167.5
92.5
226.0
232.0
212.5
196.0
221.5
220.0
233.5
202.0
194.5
176.5
179.5
212.5
40.0
184.0
71.5
128.5
233.5
190.0
88.0
142.0
112.0
145.0
182.5
43.0
221.5
112.0
71.5
103.0
170.5
181.0
223.0
206.5
175.0
157.0
130.0
202.0
188.5
178.0
10.0
112.0
151.0
155.5
199.0
191.5
160.0
197.5
212.5
218.5
211.0
166.0
184.0
160.0
152.5
146.5
134.5
227.5
220.0
161.5
134.5
176.5
224.5
140.5
203.5
149.5
32.5
199.0
199.0
148.0
178.0
200.5
173.5
178.0
206.5
184.0
55.0
197.5
212.5
193.0
220.0
118.0
221.5
154.0
200.5
227.5
220.0
199.0
194.5
233.5
160.0
79.0
221.5
151.0
17.5
34.0
217.0
202.0
157.0
47.5
199.0
232.0
119.5
194.5
202.0
203.5
202.0
136.0
110.5
139.0
152.5
104.5
152.5
155.5
184.0
109.0
226.0
181.0
226.0
187.0
143.5
172.0
64.0
107.5
203.5
149.5
175.0
157.0
109.0
116.5
235.0
137.5
212.5
146.5
238.0
172.0
125.5
34.0
208.0
161.5
181.0
223.0
82.0
176.5
193.0
185.5
209.5
164.5
160.0
155.5
50.5
178.0
202.0
220.0
44.5
239.5
199.0
134.5
190.0
172.0
221.5
106.0
121.0
166.0
29.5
92.5
208.0
199.0
181.0
169.0
227.5
220.0
142.0
137.5
94.0
205.0
218.5
169.0
32.5
74.5
154.0
193.0
86.5
209.5
94.0
208.0
110.5
152.5
182.5
110.5
163.0
185.5
179.5
158.5
173.5
131.5
232.0
221.5
199.0
89.5
224.5
161.5
140.5
203.5
230.5
184.0
196.0
211.0
152.5
128.5
224.5
40.0
188.5
206.5
202.0
236.5
215.5
166.0
178.0
194.5
170.5
161.5
44.5
208.0
199.0
218.5
53.5
212.5
206.5
185.5
179.5
152.5
220.0
197.5
155.5
154.0
202.0
158.5
146.5
182.5
239.5
215.5
149.5
167.5
199.0
227.5
187.0
199.0
202.0
184.0
209.5
127.0
215.5
182.5
218.5
152.5
214.0
215.5
155.5
43.0
166.0
86.5
110.5
164.5
101.5
59.5
149.5
155.5
221.5
170.5
166.0
131.5
127.0
187.0
166.0
71.5
170.5
173.5
181.0
61.0
140.5
226.0
196.0
212.5
197.5
220.0
41.5
172.0
176.5
212.5
136.0
217.0
206.5
185.5
113.5
224.5
232.0
98.5
191.5
217.0
194.5
172.0
148.0
214.0
182.5
199.0
118.0
184.0
215.5
178.0
163.0
152.5
211.0
98.5
196.0
140.5
179.5
128.5
218.5
161.5
107.5
128.5
178.0
199.0
167.5
190.0
214.0
124.0
175.0
221.5
83.5
227.5
212.5
211.0
190.0
205.0
50.5
190.0
227.5
232.0
161.5
197.5
197.5
233.5
166.0
208.0
152.5
127.0
25.0
196.0
224.5
166.0
178.0
211.0
167.5
185.5
128.5
185.5
50.5
106.0
107.5
194.5
136.0
199.0
112.0
220.0
182.5
53.5
172.0
127.0
167.5
116.5
202.0
103.0
214.0
131.5
206.5
73.0
100.0
223.0
97.0
154.0
193.0
236.5
197.5
130.0
206.5
199.0
166.0
55.0
218.5
127.0
214.0
214.0
184.0
193.0
220.0
214.0
79.0
125.5
205.0
169.0
193.0
205.0
190.0
85.0
191.5
196.0
196.0
112.0
197.5
187.0
173.5
173.5
37.0
80.5
221.5
211.0
184.0
202.0
199.0
185.5
214.0
61.0
233.5
226.0
125.5
179.5
194.5
143.5
217.0
212.5
170.5
212.5
211.0
215.5
194.5
101.5
200.5
182.5
215.5
182.5
175.0
236.5
191.5
79.0
182.5
205.0
209.5
221.5
218.5
167.5
227.5
223.0
166.0
179.5
187.0
88.0
49.0
238.0
101.5
44.5
224.5
209.5
203.5
199.0
227.5
89.5
218.5
43.0
188.5
184.0
173.5
91.0
224.5
148.0
127.0
73.0
20.5
49.0
182.5
178.0
176.5
112.0
145.0
226.0
82.0
185.5
136.0
176.5
217.0
125.5
199.0
218.5
197.5
236.5
212.5
206.5
200.5
197.5
104.5
200.5
196.0
227.5
226.0
166.0
178.0
202.0
185.5
173.5
217.0
203.5
212.5
179.5
158.5
185.5
190.0
218.5
223.0
232.0
185.5
20.5
221.5
181.0
196.0
100.0
175.0
217.0
214.0
205.0
233.5
25.0
125.5
175.0
167.5
205.0
62.5
206.5
173.5
115.0
173.5
175.0
175.0
199.0
220.0
178.0
14.5
178.0
26.5
212.5
124.0
193.0
233.5
202.0
155.5
214.0
143.5
139.0
65.5
176.5
173.5
166.0
176.5
202.0
221.5
58.0
206.5
179.5
217.0
221.5
155.5
178.0
122.5
215.5
169.0
211.0
46.0
103.0
223.0
178.0
200.5
232.0
152.5
206.5
146.5
155.5
232.0
203.5
178.0
187.0
82.0
194.5
166.0
175.0
206.5
206.5
236.5
215.5
208.0
178.0
206.5
217.0
212.5
206.5
112.0
217.0
160.0
205.0
202.0
101.5
235.0
125.5
203.5
68.5
133.0
38.5
178.0
8.5
202.0
58.0
154.0
218.5
223.0
152.5
182.5
202.0
206.5
161.5
65.5
205.0
184.0
74.5
152.5
91.0
191.5
185.5
172.0
224.5
217.0
202.0
221.5
218.5
226.0
226.0
196.0
112.0
197.5
218.5
211.0
218.5
217.0
140.5
208.0
155.5
230.5
149.5
202.0
124.0
220.0
152.5
173.5
220.0
203.5
187.0
178.0
214.0
203.5
242.5
158.5
167.5
163.0
176.5
208.0
32.5
77.5
127.0
187.0
199.0
230.5
187.0
146.5
169.0
218.5
227.5
29.5
232.0
127.0
133.0
206.5
143.5
200.5
220.0
188.5
37.0
200.5
194.5
235.0
217.0
203.5
149.5
154.0
14.5
181.0
158.5
107.5
149.5
92.5
155.5
197.5
206.5
152.5
233.5
178.0
205.0
217.0
160.0
202.0
194.5
190.0
187.0
214.0
190.0
211.0
200.5
199.0
146.5
212.5
196.0
221.5
133.0
160.0
161.5
100.0
184.0
194.5
74.5
130.0
179.5
230.5
65.5
224.5
166.0
227.5
221.5
190.0
208.0
197.5
206.5
92.5
23.5
49.0
178.0
124.0
164.5
199.0
200.5
206.5
163.0
119.5
218.5
211.0
181.0
188.5
173.5
218.5
196.0
208.0
106.0
80.5
211.0
173.5
146.5
193.0
221.5
140.5
152.5
190.0
202.0
17.5
170.5
239.5
124.0
202.0
181.0
31.0
178.0
74.5
140.5
170.5
217.0
161.5
214.0
142.0
161.5
145.0
173.5
37.0
196.0
151.0
205.0
137.5
209.5
28.0
208.0
217.0
194.5
110.5
214.0
209.5
215.5
196.0
182.5
214.0
223.0
227.5
169.0
154.0
194.5
212.5
41.5
136.0
170.5
166.0
221.5
194.5
179.5
17.5
64.0
158.5
148.0
202.0
35.5
110.5
83.5
125.5
197.5
178.0
185.5
230.5
170.5
149.5
160.0
160.0
157.0
190.0
194.5
98.5
100.0
167.5
239.5
182.5
194.5
208.0
203.5
107.5
139.0
169.0
226.0
188.5
62.5
64.0
229.0
197.5
200.5
172.0
151.0
151.0
206.5
206.5
52.0
191.5
215.5
125.5
203.5
52.0
98.5
143.5
184.0
187.0
223.0
218.5
178.0
229.0
205.0
202.0
191.5
154.0
175.0
172.0
139.0
145.0
199.0
215.5
85.0
97.0
211.0
