169.0
185.5
119.5
50.5
178.0
178.0
161.5
185.5
178.0
184.0
31.0
223.0
133.0
46.0
173.5
104.5
184.0
170.5
116.5
115.0
193.0
196.0
100.0
194.5
206.5
211.0
80.5
209.5
70.0
55.0
179.5
226.0
203.5
160.0
83.5
89.5
200.5
40.0
172.0
106.0
155.5
110.5
137.5
160.0
26.5
200.5
236.5
163.0
181.0
80.5
149.5
68.5
187.0
62.5
190.0
61.0
191.5
94.0
145.0
199.0
113.5
80.5
185.5
157.0
175.0
170.5
71.5
172.0
145.0
125.5
64.0
136.0
190.0
211.0
187.0
221.5
200.5
212.5
137.5
160.0
113.5
203.5
124.0
203.5
25.0
92.5
214.0
89.5
70.0
76.0
187.0
91.0
157.0
50.5
170.5
133.0
116.5
130.0
182.5
68.5
227.5
184.0
88.0
25.0
4.0
32.5
163.0
194.5
182.5
47.5
206.5
64.0
164.5
37.0
229.0
170.5
191.5
71.5
143.5
43.0
220.0
172.0
182.5
200.5
187.0
166.0
97.0
164.5
116.5
134.5
169.0
214.0
149.5
173.5
193.0
58.0
137.5
97.0
139.0
110.5
98.5
128.5
158.5
154.0
217.0
232.0
146.5
50.5
151.0
155.5
194.5
190.0
97.0
190.0
131.5
176.5
67.0
223.0
220.0
212.5
91.0
194.5
205.0
187.0
190.0
137.5
151.0
131.5
145.0
161.5
158.5
176.5
167.5
194.5
155.5
227.5
160.0
71.5
221.5
47.5
130.0
139.0
190.0
98.5
169.0
185.5
157.0
160.0
212.5
167.5
218.5
187.0
230.5
194.5
175.0
145.0
137.5
86.5
34.0
95.5
164.5
154.0
70.0
196.0
149.5
197.5
134.5
182.5
56.5
88.0
212.5
181.0
209.5
125.5
188.5
136.0
119.5
185.5
196.0
146.5
71.5
199.0
92.5
106.0
26.5
73.0
194.5
184.0
88.0
214.0
215.5
130.0
92.5
101.5
199.0
137.5
143.5
151.0
128.5
32.5
220.0
205.0
169.0
190.0
67.0
187.0
106.0
113.5
217.0
92.5
116.5
64.0
157.0
206.5
146.5
61.0
199.0
164.5
202.0
40.0
152.5
37.0
160.0
107.5
89.5
215.5
211.0
167.5
209.5
95.5
106.0
137.5
208.0
197.5
127.0
116.5
212.5
146.5
185.5
221.5
98.5
140.5
34.0
212.5
209.5
122.5
121.0
212.5
182.5
140.5
64.0
106.0
31.0
182.5
152.5
187.0
191.5
58.0
127.0
122.5
104.5
149.5
187.0
211.0
188.5
82.0
224.5
115.0
163.0
185.5
220.0
91.0
145.0
140.5
170.5
121.0
215.5
173.5
164.5
127.0
160.0
178.0
104.5
50.5
188.5
28.0
217.0
193.0
205.0
223.0
95.5
169.0
208.0
145.0
181.0
215.5
155.5
139.0
146.5
124.0
197.5
67.0
112.0
91.0
214.0
143.5
134.5
190.0
188.5
211.0
169.0
229.0
205.0
176.5
157.0
152.5
94.0
109.0
193.0
52.0
175.0
10.0
142.0
193.0
172.0
88.0
161.5
211.0
65.5
149.5
208.0
161.5
82.0
173.5
193.0
163.0
161.5
52.0
148.0
49.0
149.5
203.5
221.5
139.0
85.0
158.5
181.0
31.0
73.0
233.5
197.5
155.5
67.0
176.5
196.0
98.5
160.0
197.5
136.0
173.5
217.0
155.5
172.0
175.0
191.5
158.5
191.5
152.5
133.0
136.0
127.0
119.5
229.0
185.5
145.0
155.5
194.5
209.5
205.0
146.5
121.0
185.5
196.0
202.0
187.0
172.0
170.5
184.0
89.5
203.5
85.0
94.0
131.5
98.5
181.0
218.5
29.5
46.0
7.0
121.0
190.0
175.0
226.0
70.0
104.5
197.5
83.5
98.5
94.0
217.0
155.5
202.0
193.0
197.5
91.0
104.5
233.5
113.5
142.0
193.0
110.5
91.0
61.0
53.5
182.5
113.5
113.5
223.0
109.0
59.5
196.0
196.0
116.5
217.0
38.5
41.5
95.5
143.5
173.5
214.0
91.0
88.0
49.0
217.0
218.5
172.0
131.5
109.0
130.0
94.0
122.5
148.0
170.5
197.5
139.0
169.0
106.0
188.5
143.5
67.0
131.5
136.0
211.0
184.0
217.0
209.5
212.5
31.0
82.0
71.5
164.5
131.5
199.0
41.5
32.5
70.0
199.0
127.0
212.5
179.5
184.0
197.5
77.5
38.5
188.5
203.5
115.0
218.5
217.0
196.0
163.0
134.5
209.5
146.5
214.0
167.5
49.0
46.0
130.0
196.0
200.5
220.0
209.5
218.5
133.0
193.0
200.5
164.5
37.0
140.5
188.5
166.0
136.0
122.5
182.5
136.0
157.0
83.5
136.0
43.0
112.0
196.0
134.5
122.5
107.5
187.0
215.5
187.0
221.5
221.5
193.0
46.0
202.0
131.5
184.0
191.5
121.0
161.5
76.0
161.5
82.0
193.0
148.0
64.0
176.5
191.5
197.5
188.5
161.5
133.0
59.5
38.5
137.5
49.0
214.0
193.0
203.5
187.0
215.5
170.5
166.0
68.5
86.5
163.0
74.5
109.0
133.0
181.0
206.5
10.0
145.0
220.0
124.0
136.0
116.5
182.5
37.0
205.0
137.5
196.0
109.0
167.5
244.0
196.0
205.0
175.0
149.5
106.0
124.0
215.5
85.0
166.0
134.5
53.5
202.0
184.0
163.0
128.5
221.5
163.0
187.0
151.0
191.5
136.0
170.5
163.0
197.5
56.5
68.5
203.5
130.0
217.0
185.5
70.0
176.5
94.0
191.5
181.0
166.0
8.5
121.0
196.0
163.0
199.0
56.5
179.5
206.5
229.0
64.0
43.0
211.0
65.5
196.0
115.0
193.0
199.0
5.5
206.5
115.0
185.5
205.0
200.5
142.0
95.5
226.0
209.5
148.0
179.5
208.0
118.0
190.0
77.5
77.5
106.0
61.0
98.5
145.0
211.0
166.0
217.0
139.0
85.0
217.0
188.5
38.5
167.5
172.0
167.5
122.5
188.5
49.0
145.0
202.0
119.5
83.5
203.5
161.5
100.0
190.0
38.5
130.0
182.5
139.0
200.5
196.0
121.0
191.5
215.5
223.0
199.0
173.5
160.0
182.5
43.0
197.5
188.5
136.0
184.0
88.0
155.5
242.5
64.0
121.0
214.0
233.5
184.0
107.5
193.0
218.5
137.5
68.5
50.5
154.0
154.0
175.0
98.5
176.5
229.0
205.0
218.5
194.5
167.5
197.5
185.5
184.0
125.5
106.0
170.5
161.5
155.5
217.0
221.5
206.5
194.5
185.5
77.5
79.0
188.5
199.0
178.0
158.5
142.0
221.5
149.5
200.5
202.0
209.5
113.5
32.5
70.0
179.5
143.5
91.0
227.5
172.0
188.5
227.5
193.0
113.5
199.0
197.5
58.0
98.5
194.5
46.0
197.5
181.0
38.5
73.0
203.5
86.5
197.5
161.5
34.0
209.5
145.0
116.5
50.5
224.5
223.0
194.5
89.5
89.5
43.0
50.5
232.0
122.5
109.0
74.5
179.5
103.0
178.0
43.0
191.5
169.0
203.5
154.0
62.5
86.5
167.5
170.5
208.0
91.0
190.0
214.0
200.5
118.0
158.5
119.5
167.5
82.0
197.5
137.5
223.0
172.0
68.5
50.5
179.5
190.0
155.5
167.5
193.0
106.0
121.0
50.5
98.5
179.5
34.0
142.0
158.5
101.5
124.0
167.5
197.5
190.0
133.0
56.5
107.5
160.0
202.0
76.0
167.5
187.0
196.0
125.5
173.5
179.5
65.5
169.0
241.0
211.0
118.0
122.5
56.5
107.5
115.0
223.0
46.0
224.5
161.5
76.0
137.5
181.0
160.0
175.0
224.5
74.5
80.5
175.0
167.5
109.0
199.0
77.5
116.5
131.5
154.0
68.5
176.5
124.0
41.5
181.0
163.0
136.0
155.5
58.0
220.0
194.5
199.0
118.0
196.0
133.0
58.0
185.5
208.0
46.0
134.5
214.0
31.0
134.5
194.5
155.5
215.5
221.5
154.0
71.5
70.0
194.5
205.0
149.5
178.0
187.0
130.0
103.0
82.0
134.5
139.0
215.5
155.5
107.5
59.5
59.5
188.5
101.5
88.0
196.0
35.5
188.5
200.5
172.0
218.5
142.0
170.5
142.0
217.0
190.0
122.5
184.0
203.5
160.0
193.0
125.5
202.0
196.0
79.0
107.5
40.0
196.0
106.0
155.5
118.0
236.5
37.0
151.0
182.5
131.5
199.0
160.0
200.5
215.5
31.0
193.0
178.0
199.0
76.0
190.0
193.0
194.5
179.5
221.5
197.5
139.0
97.0
176.5
215.5
73.0
28.0
182.5
152.5
55.0
223.0
158.5
185.5
92.5
181.0
173.5
178.0
172.0
133.0
176.5
182.5
199.0
166.0
64.0
164.5
184.0
130.0
190.0
200.5
181.0
106.0
227.5
53.5
223.0
164.5
103.0
182.5
206.5
217.0
113.5
185.5
88.0
94.0
209.5
170.5
211.0
145.0
203.5
221.5
187.0
74.5
157.0
140.5
191.5
190.0
67.0
113.5
209.5
125.5
179.5
128.5
148.0
206.5
187.0
163.0
182.5
143.5
193.0
160.0
202.0
242.5
151.0
121.0
124.0
188.5
101.5
214.0
218.5
197.5
191.5
143.5
79.0
148.0
217.0
163.0
196.0
142.0
56.5
220.0
161.5
119.5
205.0
217.0
185.5
194.5
148.0
74.5
109.0
197.5
170.5
181.0
218.5
176.5
155.5
154.0
214.0
151.0
200.5
214.0
164.5
205.0
160.0
184.0
46.0
208.0
203.5
119.5
206.5
50.5
34.0
61.0
115.0
148.0
127.0
161.5
205.0
211.0
121.0
67.0
169.0
157.0
155.5
98.5
110.5
149.5
37.0
188.5
100.0
175.0
212.5
211.0
185.5
139.0
176.5
116.5
142.0
107.5
205.0
229.0
151.0
214.0
199.0
122.5
73.0
134.5
43.0
196.0
121.0
190.0
119.5
47.5
191.5
185.5
178.0
97.0
185.5
200.5
167.5
98.5
170.5
106.0
215.5
148.0
119.5
202.0
164.5
173.5
17.5
128.5
167.5
191.5
62.5
88.0
214.0
92.5
34.0
215.5
196.0
49.0
44.5
115.0
215.5
203.5
103.0
179.5
206.5
223.0
95.5
211.0
146.5
14.5
218.5
73.0
104.5
167.5
172.0
208.0
125.5
161.5
23.5
226.0
40.0
211.0
50.5
125.5
116.5
184.0
229.0
178.0
65.5
5.5
77.5
191.5
206.5
115.0
191.5
154.0
215.5
164.5
200.5
176.5
26.5
223.0
218.5
40.0
127.0
28.0
194.5
211.0
14.5
55.0
95.5
130.0
56.5
68.5
122.5
83.5
34.0
104.5
199.0
116.5
205.0
220.0
194.5
112.0
113.5
148.0
32.5
164.5
131.5
215.5
206.5
52.0
160.0
148.0
161.5
176.5
61.0
184.0
13.0
130.0
142.0
227.5
164.5
184.0
215.5
152.5
206.5
205.0
203.5
92.5
154.0
218.5
94.0
157.0
169.0
146.5
185.5
119.5
173.5
169.0
170.5
185.5
88.0
167.5
47.5
182.5
91.0
203.5
172.0
115.0
157.0
31.0
194.5
161.5
158.5
196.0
80.5
14.5
157.0
68.5
214.0
203.5
217.0
179.5
151.0
146.5
221.5
161.5
176.5
86.5
52.0
239.5
181.0
217.0
176.5
203.5
208.0
130.0
139.0
149.5
209.5
176.5
107.5
184.0
136.0
25.0
47.5
137.5
188.5
154.0
218.5
223.0
191.5
187.0
184.0
160.0
185.5
20.5
101.5
202.0
83.5
199.0
94.0
137.5
136.0
38.5
218.5
80.5
193.0
172.0
142.0
139.0
151.0
224.5
44.5
215.5
212.5
194.5
41.5
46.0
157.0
32.5
218.5
158.5
208.0
49.0
181.0
115.0
151.0
175.0
50.5
224.5
181.0
146.5
190.0
67.0
169.0
218.5
130.0
41.5
91.0
80.5
182.5
182.5
211.0
77.5
223.0
197.5
185.5
139.0
134.5
91.0
179.5
125.5
238.0
199.0
98.5
55.0
112.0
197.5
169.0
211.0
175.0
97.0
116.5
230.5
209.5
226.0
157.0
178.0
158.5
170.5
68.5
115.0
166.0
202.0
149.5
127.0
187.0
187.0
200.5
179.5
224.5
43.0
136.0
191.5
235.0
26.5
164.5
196.0
193.0
179.5
88.0
200.5
205.0
127.0
16.0
14.5
170.5
47.5
220.0
160.0
124.0
214.0
205.0
97.0
179.5
173.5
149.5
68.5
169.0
224.5
209.5
44.5
101.5
182.5
206.5
97.0
109.0
136.0
196.0
158.5
185.5
178.0
149.5
53.5
41.5
179.5
178.0
56.5
167.5
199.0
29.5
221.5
130.0
158.5
104.5
170.5
155.5
128.5
146.5
191.5
119.5
55.0
188.5
34.0
121.0
209.5
128.5
203.5
211.0
134.5
95.5
188.5
47.5
164.5
229.0
226.0
202.0
187.0
55.0
221.5
176.5
163.0
52.0
193.0
74.5
172.0
206.5
188.5
104.5
122.5
169.0
148.0
124.0
125.5
76.0
205.0
133.0
77.5
79.0
53.5
88.0
178.0
185.5
28.0
154.0
139.0
38.5
52.0
89.5
188.5
202.0
188.5
200.5
154.0
107.5
193.0
65.5
32.5
214.0
182.5
127.0
187.0
205.0
161.5
170.5
71.5
124.0
34.0
230.5
169.0
124.0
152.5
173.5
158.5
179.5
119.5
143.5
173.5
226.0
22.0
178.0
190.0
148.0
211.0
134.5
113.5
203.5
151.0
212.5
181.0
107.5
215.5
74.5
163.0
196.0
190.0
31.0
40.0
199.0
169.0
157.0
193.0
178.0
182.5
106.0
127.0
46.0
46.0
220.0
40.0
167.5
112.0
227.5
227.5
184.0
206.5
140.5
154.0
98.5
71.5
149.5
151.0
154.0
197.5
122.5
212.5
107.5
65.5
56.5
139.0
35.5
154.0
176.5
176.5
113.5
167.5
46.0
41.5
182.5
106.0
85.0
82.0
209.5
191.5
202.0
188.5
241.0
187.0
151.0
161.5
221.5
164.5
148.0
206.5
158.5
209.5
172.0
163.0
164.5
151.0
37.0
170.5
124.0
100.0
59.5
176.5
118.0
221.5
235.0
109.0
64.0
97.0
152.5
200.5
209.5
146.5
185.5
97.0
164.5
137.5
82.0
38.5
163.0
106.0
188.5
182.5
203.5
82.0
181.0
113.5
41.5
118.0
43.0
203.5
68.5
44.5
167.5
199.0
176.5
211.0
185.5
154.0
35.5
202.0
202.0
16.0
164.5
203.5
191.5
205.0
118.0
197.5
40.0
146.5
115.0
187.0
13.0
68.5
211.0
208.0
28.0
197.5
124.0
154.0
125.5
188.5
217.0
188.5
194.5
106.0
179.5
137.5
182.5
199.0
85.0
194.5
164.5
52.0
224.5
142.0
32.5
55.0
122.5
80.5
83.5
116.5
134.5
169.0
67.0
191.5
52.0
149.5
76.0
73.0
131.5
206.5
200.5
185.5
79.0
173.5
188.5
32.5
88.0
76.0
200.5
115.0
107.5
44.5
170.5
205.0
136.0
116.5
179.5
176.5
166.0
142.0
128.5
64.0
145.0
179.5
194.5
209.5
203.5
103.0
127.0
62.5
127.0
130.0
181.0
149.5
152.5
127.0
160.0
154.0
104.5
112.0
10.0
200.5
145.0
56.5
175.0
229.0
155.5
143.5
200.5
176.5
196.0
143.5
226.0
131.5
200.5
233.5
199.0
80.5
172.0
28.0
158.5
218.5
16.0
181.0
155.5
29.5
119.5
191.5
131.5
131.5
179.5
178.0
8.5
230.5
131.5
205.0
182.5
200.5
130.0
146.5
215.5
143.5
205.0
185.5
166.0
164.5
89.5
179.5
64.0
61.0
212.5
214.0
200.5
142.0
128.5
223.0
56.5
209.5
151.0
169.0
140.5
64.0
19.0
136.0
185.5
149.5
133.0
185.5
146.5
34.0
29.5
226.0
178.0
110.5
158.5
178.0
181.0
203.5
34.0
133.0
103.0
182.5
169.0
197.5
155.5
172.0
205.0
157.0
170.5
169.0
161.5
134.5
214.0
221.5
143.5
167.5
100.0
107.5
155.5
217.0
64.0
173.5
226.0
209.5
77.5
179.5
193.0
166.0
143.5
34.0
205.0
116.5
158.5
104.5
116.5
187.0
200.5
11.5
112.0
161.5
203.5
223.0
65.5
143.5
49.0
178.0
149.5
16.0
40.0
59.5
71.5
203.5
208.0
167.5
221.5
34.0
214.0
91.0
203.5
146.5
199.0
151.0
109.0
196.0
134.5
49.0
221.5
148.0
67.0
149.5
173.5
169.0
134.5
62.5
98.5
151.0
127.0
128.5
181.0
71.5
173.5
205.0
88.0
25.0
122.5
130.0
163.0
136.0
82.0
71.5
110.5
116.5
194.5
196.0
97.0
182.5
128.5
227.5
128.5
197.5
133.0
199.0
122.5
137.5
140.5
85.0
92.5
184.0
202.0
40.0
223.0
194.5
22.0
185.5
142.0
41.5
146.5
233.5
145.0
233.5
226.0
200.5
208.0
181.0
179.5
181.0
133.0
220.0
154.0
224.5
194.5
194.5
212.5
172.0
211.0
164.5
76.0
187.0
191.5
47.5
62.5
164.5
167.5
79.0
181.0
161.5
115.0
217.0
130.0
124.0
88.0
53.5
163.0
154.0
152.5
173.5
218.5
25.0
64.0
125.5
89.5
212.5
179.5
202.0
118.0
79.0
155.5
158.5
155.5
145.0
176.5
151.0
167.5
154.0
166.0
85.0
38.5
197.5
88.0
44.5
196.0
205.0
161.5
128.5
17.5
152.5
199.0
52.0
215.5
31.0
194.5
158.5
59.5
115.0
206.5
208.0
235.0
109.0
140.5
136.0
170.5
85.0
53.5
155.5
128.5
166.0
134.5
140.5
139.0
214.0
58.0
154.0
14.5
212.5
70.0
160.0
209.5
185.5
208.0
113.5
199.0
221.5
196.0
167.5
133.0
113.5
175.0
110.5
166.0
127.0
176.5
80.5
107.5
61.0
212.5
148.0
103.0
202.0
208.0
127.0
187.0
194.5
208.0
116.5
178.0
175.0
169.0
215.5
124.0
208.0
28.0
227.5
125.5
155.5
173.5
110.5
131.5
209.5
40.0
160.0
181.0
166.0
169.0
151.0
115.0
125.5
212.5
187.0
19.0
200.5
152.5
226.0
158.5
218.5
184.0
182.5
139.0
193.0
86.5
154.0
163.0
71.5
55.0
22.0
175.0
82.0
220.0
161.5
104.5
161.5
64.0
241.0
134.5
125.5
163.0
206.5
190.0
43.0
176.5
170.5
31.0
208.0
128.5
223.0
155.5
155.5
194.5
70.0
134.5
200.5
176.5
160.0
170.5
235.0
154.0
200.5
181.0
124.0
205.0
214.0
190.0
187.0
197.5
179.5
190.0
184.0
212.5
152.5
163.0
208.0
227.5
163.0
184.0
82.0
194.5
215.5
56.5
194.5
70.0
194.5
185.5
113.5
221.5
100.0
203.5
59.5
199.0
196.0
202.0
176.5
200.5
46.0
209.5
67.0
172.0
133.0
185.5
179.5
154.0
137.5
80.5
203.5
175.0
235.0
155.5
203.5
26.5
47.5
197.5
208.0
137.5
200.5
128.5
202.0
70.0
109.0
191.5
232.0
122.5
220.0
166.0
223.0
22.0
167.5
217.0
179.5
151.0
197.5
41.5
193.0
211.0
142.0
238.0
193.0
205.0
179.5
71.5
101.5
148.0
209.5
178.0
152.5
155.5
182.5
206.5
107.5
149.5
76.0
100.0
139.0
149.5
185.5
101.5
206.5
37.0
143.5
47.5
197.5
197.5
175.0
122.5
130.0
146.5
203.5
152.5
224.5
26.5
49.0
164.5
101.5
206.5
236.5
88.0
200.5
163.0
173.5
151.0
235.0
155.5
68.5
215.5
211.0
202.0
175.0
169.0
148.0
164.5
211.0
158.5
28.0
178.0
173.5
43.0
77.5
188.5
160.0
166.0
79.0
73.0
191.5
196.0
164.5
179.5
145.0
142.0
61.0
89.5
203.5
103.0
163.0
193.0
128.5
65.5
205.0
199.0
115.0
71.5
176.5
124.0
25.0
113.5
191.5
211.0
151.0
44.5
218.5
118.0
161.5
86.5
172.0
110.5
209.5
203.5
179.5
59.5
61.0
161.5
229.0
206.5
202.0
202.0
100.0
164.5
197.5
188.5
136.0
196.0
151.0
199.0
164.5
20.5
167.5
184.0
170.5
194.5
212.5
77.5
209.5
200.5
55.0
79.0
85.0
76.0
152.5
130.0
221.5
199.0
127.0
181.0
22.0
161.5
5.5
148.0
209.5
37.0
223.0
220.0
232.0
124.0
100.0
149.5
179.5
170.5
166.0
83.5
137.5
178.0
38.5
206.5
29.5
100.0
40.0
47.5
143.5
26.5
206.5
109.0
158.5
182.5
76.0
184.0
88.0
166.0
212.5
172.0
83.5
187.0
214.0
85.0
173.5
196.0
50.5
200.5
53.5
44.5
20.5
155.5
208.0
172.0
212.5
169.0
161.5
118.0
184.0
176.5
199.0
220.0
121.0
71.5
178.0
193.0
211.0
215.5
205.0
112.0
151.0
175.0
26.5
187.0
214.0
206.5
217.0
100.0
106.0
203.5
85.0
194.5
200.5
43.0
71.5
151.0
157.0
41.5
101.5
190.0
215.5
127.0
181.0
55.0
175.0
181.0
193.0
121.0
86.5
211.0
68.5
119.5
209.5
181.0
103.0
187.0
202.0
161.5
196.0
67.0
41.5
86.5
202.0
131.5
20.5
161.5
134.5
170.5
131.5
109.0
173.5
205.0
37.0
167.5
130.0
52.0
167.5
113.5
215.5
214.0
193.0
152.5
74.5
182.5
62.5
65.5
169.0
181.0
191.5
182.5
223.0
203.5
197.5
220.0
206.5
148.0
152.5
152.5
97.0
212.5
98.5
146.5
196.0
208.0
131.5
202.0
134.5
167.5
173.5
164.5
212.5
157.0
118.0
227.5
188.5
196.0
125.5
71.5
140.5
56.5
148.0
49.0
55.0
61.0
170.5
127.0
86.5
181.0
235.0
143.5
208.0
94.0
185.5
232.0
106.0
233.5
224.5
85.0
197.5
145.0
226.0
161.5
133.0
188.5
85.0
184.0
206.5
154.0
79.0
200.5
199.0
161.5
64.0
38.5
175.0
193.0
190.0
125.5
205.0
235.0
233.5
181.0
238.0
56.5
226.0
56.5
238.0
130.0
188.5
103.0
68.5
190.0
92.5
133.0
169.0
167.5
170.5
59.5
202.0
232.0
200.5
127.0
172.0
20.5
209.5
112.0
157.0
71.5
172.0
160.0
193.0
43.0
25.0
154.0
131.5
43.0
212.5
194.5
196.0
185.5
209.5
209.5
146.5
71.5
128.5
223.0
191.5
206.5
209.5
172.0
208.0
190.0
197.5
197.5
67.0
184.0
74.5
97.0
107.5
217.0
38.5
205.0
125.5
158.5
97.0
119.5
130.0
229.0
149.5
178.0
148.0
124.0
130.0
187.0
208.0
193.0
62.5
104.5
193.0
196.0
79.0
40.0
119.5
221.5
203.5
218.5
181.0
59.5
187.0
184.0
148.0
227.5
220.0
28.0
119.5
193.0
187.0
157.0
130.0
170.5
206.5
104.5
85.0
182.5
19.0
115.0
148.0
167.5
97.0
212.5
208.0
208.0
127.0
128.5
169.0
83.5
73.0
142.0
145.0
152.5
166.0
146.5
50.5
193.0
40.0
203.5
208.0
61.0
202.0
191.5
82.0
178.0
83.5
211.0
134.5
178.0
230.5
89.5
220.0
187.0
50.5
64.0
178.0
164.5
109.0
115.0
193.0
172.0
50.5
103.0
80.5
220.0
88.0
88.0
83.5
176.5
59.5
160.0
109.0
46.0
214.0
169.0
175.0
116.5
218.5
149.5
62.5
160.0
43.0
221.5
158.5
175.0
196.0
220.0
200.5
64.0
211.0
149.5
34.0
190.0
140.5
169.0
236.5
188.5
217.0
167.5
92.5
100.0
53.5
215.5
151.0
59.5
161.5
106.0
64.0
211.0
38.5
94.0
143.5
125.5
194.5
151.0
104.5
200.5
113.5
161.5
209.5
98.5
92.5
179.5
173.5
17.5
118.0
196.0
59.5
131.5
178.0
214.0
223.0
157.0
85.0
146.5
116.5
175.0
187.0
211.0
212.5
65.5
197.5
55.0
194.5
172.0
221.5
143.5
40.0
58.0
133.0
40.0
181.0
158.5
205.0
221.5
175.0
181.0
74.5
116.5
76.0
211.0
179.5
190.0
152.5
184.0
31.0
197.5
187.0
98.5
154.0
227.5
196.0
146.5
218.5
169.0
13.0
184.0
173.5
175.0
56.5
208.0
164.5
58.0
19.0
155.5
169.0
77.5
214.0
167.5
124.0
122.5
20.5
73.0
32.5
136.0
169.0
185.5
184.0
172.0
166.0
40.0
199.0
185.5
181.0
32.5
71.5
35.5
197.5
68.5
199.0
223.0
197.5
130.0
199.0
154.0
173.5
200.5
131.5
37.0
8.5
217.0
133.0
208.0
181.0
119.5
169.0
91.0
74.5
106.0
47.5
113.5
83.5
79.0
164.5
158.5
226.0
196.0
116.5
134.5
193.0
179.5
163.0
215.5
205.0
164.5
152.5
109.0
46.0
173.5
215.5
149.5
10.0
175.0
65.5
59.5
217.0
133.0
110.5
173.5
64.0
86.5
49.0
196.0
205.0
100.0
208.0
202.0
143.5
32.5
209.5
166.0
107.5
101.5
46.0
218.5
215.5
46.0
166.0
224.5
76.0
145.0
112.0
73.0
41.5
169.0
176.5
62.5
191.5
101.5
197.5
142.0
221.5
187.0
164.5
68.5
74.5
43.0
190.0
79.0
76.0
121.0
188.5
179.5
127.0
215.5
148.0
212.5
77.5
220.0
137.5
125.5
94.0
191.5
224.5
194.5
166.0
128.5
94.0
110.5
173.5
178.0
125.5
176.5
43.0
176.5
188.5
151.0
166.0
64.0
193.0
208.0
214.0
121.0
215.5
70.0
214.0
202.0
158.5
71.5
115.0
230.5
191.5
146.5
217.0
74.5
26.5
88.0
86.5
197.5
224.5
43.0
238.0
203.5
172.0
199.0
164.5
149.5
41.5
119.5
200.5
230.5
196.0
158.5
116.5
175.0
80.5
41.5
25.0
190.0
137.5
166.0
167.5
101.5
131.5
52.0
199.0
187.0
202.0
212.5
113.5
202.0
178.0
116.5
10.0
52.0
202.0
176.5
155.5
23.5
131.5
73.0
188.5
185.5
104.5
160.0
178.0
181.0
209.5
107.5
176.5
173.5
220.0
125.5
56.5
38.5
161.5
125.5
149.5
151.0
196.0
62.5
158.5
56.5
113.5
196.0
127.0
205.0
131.5
148.0
175.0
119.5
215.5
67.0
77.5
160.0
185.5
226.0
181.0
74.5
169.0
209.5
47.5
199.0
220.0
166.0
52.0
112.0
157.0
41.5
142.0
164.5
161.5
209.5
194.5
178.0
211.0
221.5
191.5
94.0
74.5
170.5
145.0
73.0
175.0
62.5
113.5
61.0
184.0
190.0
136.0
109.0
217.0
200.5
80.5
128.5
218.5
206.5
217.0
169.0
92.5
124.0
173.5
214.0
169.0
194.5
173.5
170.5
41.5
211.0
164.5
193.0
107.5
179.5
116.5
65.5
122.5
197.5
58.0
59.5
47.5
145.0
226.0
50.5
182.5
160.0
88.0
218.5
190.0
70.0
74.5
214.0
161.5
197.5
184.0
137.5
142.0
101.5
44.5
196.0
35.5
58.0
148.0
227.5
152.5
71.5
227.5
176.5
158.5
191.5
181.0
139.0
85.0
55.0
214.0
149.5
149.5
32.5
71.5
220.0
127.0
152.5
85.0
104.5
214.0
217.0
41.5
67.0
209.5
140.5
44.5
161.5
37.0
166.0
226.0
142.0
86.5
40.0
70.0
92.5
173.5
169.0
166.0
62.5
212.5
122.5
83.5
205.0
148.0
152.5
203.5
167.5
23.5
212.5
28.0
212.5
112.0
128.5
167.5
163.0
212.5
152.5
193.0
112.0
167.5
91.0
179.5
191.5
79.0
176.5
202.0
167.5
196.0
130.0
199.0
124.0
209.5
149.5
125.5
199.0
110.5
214.0
29.5
74.5
83.5
137.5
209.5
175.0
230.5
205.0
223.0
167.5
62.5
193.0
211.0
158.5
62.5
73.0
218.5
197.5
131.5
178.0
175.0
226.0
16.0
163.0
148.0
224.5
131.5
113.5
173.5
173.5
121.0
68.5
118.0
109.0
178.0
95.5
95.5
148.0
113.5
148.0
122.5
218.5
128.5
25.0
151.0
218.5
154.0
146.5
182.5
223.0
119.5
145.0
187.0
106.0
230.5
89.5
19.0
196.0
200.5
200.5
211.0
164.5
176.5
142.0
121.0
88.0
200.5
47.5
185.5
229.0
41.5
146.5
160.0
175.0
178.0
160.0
160.0
182.5
175.0
200.5
155.5
176.5
199.0
139.0
101.5
199.0
145.0
212.5
110.5
157.0
160.0
74.5
47.5
164.5
217.0
158.5
151.0
218.5
125.5
86.5
197.5
136.0
68.5
148.0
100.0
74.5
104.5
202.0
145.0
188.5
112.0
211.0
79.0
88.0
175.0
221.5
148.0
91.0
209.5
145.0
88.0
158.5
62.5
172.0
203.5
230.5
166.0
194.5
185.5
197.5
199.0
142.0
196.0
176.5
109.0
185.5
202.0
160.0
142.0
85.0
64.0
70.0
22.0
169.0
203.5
70.0
41.5
184.0
25.0
223.0
116.5
68.5
86.5
86.5
136.0
196.0
116.5
200.5
146.5
80.5
127.0
187.0
128.5
142.0
166.0
19.0
152.5
163.0
218.5
211.0
181.0
131.5
100.0
122.5
67.0
92.5
206.5
205.0
44.5
55.0
38.5
172.0
158.5
187.0
145.0
130.0
46.0
208.0
80.5
199.0
205.0
29.5
55.0
190.0
167.5
152.5
158.5
31.0
125.5
172.0
229.0
185.5
205.0
172.0
187.0
242.5
25.0
142.0
170.5
206.5
145.0
220.0
23.5
43.0
179.5
206.5
172.0
55.0
200.5
188.5
223.0
178.0
16.0
227.5
172.0
188.5
22.0
172.0
131.5
194.5
130.0
149.5
163.0
182.5
112.0
184.0
197.5
121.0
44.5
136.0
202.0
97.0
121.0
190.0
74.5
53.5
154.0
203.5
62.5
148.0
205.0
214.0
221.5
232.0
202.0
85.0
62.5
115.0
131.5
58.0
224.5
130.0
182.5
82.0
188.5
73.0
146.5
182.5
190.0
103.0
181.0
217.0
203.5
16.0
193.0
110.5
76.0
41.5
179.5
182.5
190.0
146.5
169.0
152.5
196.0
125.5
68.5
164.5
80.5
205.0
161.5
46.0
62.5
194.5
178.0
35.5
185.5
194.5
205.0
187.0
227.5
194.5
31.0
118.0
163.0
112.0
112.0
116.5
121.0
206.5
209.5
131.5
182.5
133.0
164.5
236.5
130.0
31.0
160.0
65.5
112.0
43.0
136.0
184.0
181.0
191.5
113.5
125.5
61.0
85.0
223.0
61.0
79.0
193.0
185.5
61.0
124.0
130.0
74.5
209.5
191.5
59.5
179.5
89.5
169.0
37.0
128.5
197.5
79.0
160.0
149.5
170.5
203.5
214.0
103.0
73.0
140.5
172.0
151.0
95.5
148.0
218.5
145.0
187.0
188.5
160.0
211.0
176.5
206.5
124.0
128.5
215.5
158.5
119.5
188.5
70.0
221.5
166.0
199.0
217.0
197.5
86.5
202.0
88.0
49.0
83.5
31.0
31.0
182.5
185.5
194.5
172.0
218.5
71.5
95.5
187.0
223.0
71.5
221.5
220.0
200.5
142.0
161.5
218.5
148.0
142.0
148.0
178.0
202.0
142.0
41.5
196.0
227.5
65.5
212.5
206.5
167.5
221.5
61.0
182.5
199.0
221.5
179.5
197.5
35.5
145.0
178.0
143.5
128.5
40.0
184.0
13.0
133.0
179.5
104.5
217.0
143.5
139.0
146.5
107.5
203.5
50.5
197.5
22.0
169.0
221.5
137.5
178.0
154.0
137.5
209.5
157.0
112.0
94.0
107.5
217.0
188.5
82.0
200.5
179.5
203.5
157.0
179.5
196.0
184.0
209.5
221.5
179.5
143.5
55.0
118.0
218.5
68.5
193.0
205.0
107.5
146.5
77.5
178.0
154.0
160.0
118.0
107.5
73.0
140.5
181.0
44.5
128.5
187.0
134.5
208.0
110.5
218.5
157.0
98.5
160.0
199.0
121.0
13.0
194.5
50.5
223.0
181.0
158.5
44.5
146.5
205.0
166.0
146.5
203.5
112.0
104.5
28.0
184.0
76.0
170.5
53.5
136.0
185.5
124.0
55.0
151.0
142.0
130.0
197.5
187.0
125.5
176.5
199.0
142.0
190.0
148.0
223.0
214.0
232.0
101.5
194.5
140.5
209.5
125.5
178.0
205.0
187.0
70.0
187.0
173.5
46.0
80.5
226.0
136.0
155.5
124.0
152.5
190.0
190.0
98.5
187.0
239.5
209.5
101.5
116.5
221.5
70.0
169.0
220.0
52.0
217.0
227.5
140.5
91.0
124.0
146.5
208.0
167.5
125.5
218.5
101.5
136.0
175.0
28.0
191.5
161.5
188.5
14.5
157.0
151.0
214.0
194.5
214.0
212.5
191.5
193.0
46.0
82.0
191.5
217.0
163.0
53.5
130.0
73.0
196.0
20.5
197.5
68.5
143.5
185.5
97.0
194.5
203.5
176.5
202.0
166.0
230.5
65.5
154.0
145.0
173.5
104.5
128.5
232.0
190.0
82.0
101.5
208.0
112.0
43.0
232.0
212.5
110.5
103.0
166.0
182.5
214.0
133.0
95.5
160.0
121.0
160.0
146.5
85.0
37.0
20.5
122.5
185.5
139.0
188.5
97.0
191.5
149.5
194.5
187.0
166.0
167.5
157.0
149.5
85.0
124.0
200.5
31.0
158.5
181.0
161.5
187.0
52.0
121.0
115.0
220.0
103.0
169.0
31.0
82.0
61.0
214.0
148.0
160.0
197.5
116.5
181.0
124.0
155.5
233.5
215.5
196.0
172.0
167.5
26.5
85.0
167.5
209.5
92.5
86.5
194.5
182.5
139.0
137.5
46.0
142.0
109.0
232.0
188.5
61.0
38.5
56.5
167.5
82.0
211.0
119.5
197.5
215.5
142.0
79.0
127.0
214.0
55.0
151.0
209.5
181.0
169.0
188.5
211.0
206.5
220.0
95.5
163.0
143.5
182.5
224.5
190.0
83.5
61.0
166.0
22.0
205.0
217.0
53.5
118.0
167.5
139.0
214.0
167.5
202.0
224.5
181.0
170.5
221.5
137.5
226.0
173.5
167.5
58.0
160.0
161.5
179.5
178.0
208.0
136.0
230.5
95.5
151.0
64.0
220.0
92.5
163.0
211.0
212.5
154.0
55.0
97.0
163.0
52.0
131.5
170.5
194.5
203.5
100.0
139.0
145.0
167.5
205.0
206.5
8.5
164.5
97.0
226.0
107.5
86.5
124.0
188.5
53.5
103.0
137.5
74.5
187.0
169.0
209.5
151.0
214.0
173.5
28.0
226.0
85.0
146.5
193.0
200.5
172.0
182.5
166.0
205.0
185.5
182.5
214.0
97.0
154.0
221.5
139.0
70.0
227.5
160.0
224.5
230.5
161.5
85.0
224.5
124.0
227.5
202.0
170.5
67.0
88.0
197.5
208.0
121.0
113.5
208.0
173.5
202.0
176.5
59.5
197.5
118.0
193.0
67.0
220.0
125.5
175.0
190.0
139.0
85.0
31.0
32.5
61.0
140.5
142.0
44.5
28.0
110.5
208.0
46.0
206.5
206.5
176.5
197.5
157.0
170.5
106.0
217.0
172.0
85.0
80.5
182.5
181.0
25.0
133.0
149.5
218.5
205.0
154.0
169.0
154.0
70.0
157.0
40.0
206.5
194.5
151.0
154.0
113.5
196.0
137.5
43.0
206.5
160.0
190.0
121.0
35.5
64.0
58.0
221.5
179.5
220.0
191.5
158.5
70.0
191.5
25.0
236.5
37.0
187.0
170.5
197.5
221.5
220.0
199.0
211.0
202.0
53.5
160.0
97.0
142.0
149.5
187.0
163.0
95.5
209.5
175.0
203.5
184.0
200.5
224.5
100.0
233.5
134.5
193.0
146.5
44.5
184.0
80.5
152.5
121.0
17.5
64.0
53.5
190.0
160.0
193.0
128.5
127.0
172.0
179.5
70.0
166.0
94.0
130.0
164.5
197.5
148.0
205.0
196.0
127.0
220.0
40.0
166.0
157.0
95.5
143.5
202.0
35.5
194.5
116.5
94.0
181.0
76.0
217.0
86.5
92.5
55.0
173.5
94.0
76.0
217.0
167.5
233.5
35.5
181.0
226.0
127.0
223.0
67.0
92.5
163.0
223.0
206.5
163.0
208.0
202.0
182.5
203.5
139.0
143.5
142.0
178.0
173.5
182.5
134.5
206.5
107.5
106.0
137.5
191.5
77.5
191.5
182.5
64.0
80.5
221.5
113.5
136.0
227.5
61.0
191.5
188.5
136.0
143.5
161.5
172.0
38.5
97.0
86.5
220.0
104.5
194.5
184.0
185.5
118.0
188.5
170.5
175.0
94.0
193.0
116.5
56.5
23.5
133.0
53.5
89.5
190.0
160.0
65.5
124.0
176.5
191.5
37.0
136.0
191.5
170.5
65.5
68.5
104.5
200.5
164.5
76.0
221.5
131.5
197.5
202.0
131.5
211.0
82.0
70.0
125.5
178.0
193.0
193.0
106.0
86.5
143.5
86.5
143.5
163.0
113.5
161.5
157.0
155.5
205.0
127.0
188.5
55.0
194.5
68.5
17.5
154.0
67.0
68.5
119.5
215.5
131.5
208.0
173.5
217.0
193.0
205.0
208.0
122.5
194.5
23.5
206.5
50.5
202.0
148.0
130.0
179.5
146.5
133.0
206.5
214.0
169.0
227.5
179.5
92.5
14.5
187.0
103.0
196.0
47.5
176.5
208.0
113.5
202.0
172.0
203.5
131.5
52.0
74.5
197.5
112.0
154.0
107.5
185.5
161.5
181.0
206.5
53.5
181.0
79.0
166.0
230.5
125.5
53.5
70.0
190.0
191.5
140.5
220.0
29.5
118.0
214.0
224.5
196.0
160.0
193.0
166.0
182.5
40.0
221.5
193.0
191.5
215.5
218.5
188.5
113.5
215.5
71.5
85.0
130.0
103.0
151.0
50.5
172.0
134.5
232.0
127.0
236.5
164.5
64.0
82.0
224.5
149.5
226.0
112.0
53.5
166.0
70.0
229.0
212.5
223.0
139.0
230.5
155.5
128.5
130.0
194.5
145.0
200.5
166.0
145.0
70.0
142.0
89.5
203.5
131.5
140.5
82.0
178.0
157.0
232.0
25.0
181.0
128.5
83.5
164.5
191.5
173.5
55.0
164.5
154.0
193.0
145.0
140.5
184.0
43.0
61.0
70.0
197.5
142.0
176.5
149.5
164.5
160.0
61.0
229.0
103.0
74.5
161.5
167.5
110.5
184.0
77.5
149.5
214.0
119.5
203.5
193.0
157.0
203.5
194.5
160.0
215.5
92.5
41.5
203.5
199.0
188.5
206.5
185.5
184.0
235.0
112.0
76.0
194.5
215.5
98.5
61.0
209.5
236.5
203.5
149.5
200.5
230.5
101.5
184.0
179.5
127.0
205.0
160.0
149.5
212.5
175.0
232.0
56.5
145.0
167.5
173.5
211.0
206.5
23.5
185.5
157.0
185.5
166.0
85.0
34.0
139.0
181.0
26.5
167.5
68.5
146.5
203.5
155.5
88.0
205.0
86.5
119.5
197.5
206.5
136.0
56.5
149.5
197.5
218.5
160.0
137.5
196.0
173.5
118.0
206.5
19.0
194.5
200.5
181.0
182.5
92.5
220.0
136.0
218.5
211.0
107.5
94.0
58.0
133.0
205.0
65.5
73.0
176.5
143.5
196.0
95.5
55.0
200.5
149.5
229.0
44.5
22.0
160.0
203.5
209.5
196.0
91.0
211.0
44.5
149.5
202.0
214.0
199.0
203.5
47.5
122.5
157.0
133.0
91.0
167.5
160.0
59.5
148.0
191.5
59.5
98.5
148.0
199.0
20.5
89.5
179.5
161.5
196.0
149.5
212.5
217.0
206.5
190.0
185.5
167.5
85.0
164.5
194.5
233.5
176.5
166.0
29.5
100.0
47.5
136.0
53.5
125.5
191.5
193.0
212.5
169.0
185.5
217.0
28.0
191.5
49.0
140.5
94.0
136.0
148.0
212.5
32.5
91.0
118.0
38.5
202.0
107.5
187.0
205.0
163.0
199.0
220.0
230.5
145.0
166.0
94.0
193.0
176.5
169.0
161.5
139.0
169.0
121.0
122.5
119.5
176.5
221.5
128.5
179.5
184.0
214.0
136.0
74.5
148.0
160.0
161.5
196.0
163.0
167.5
169.0
65.5
52.0
238.0
158.5
175.0
56.5
173.5
175.0
211.0
218.5
179.5
190.0
178.0
76.0
104.5
211.0
202.0
229.0
193.0
46.0
46.0
199.0
191.5
130.0
185.5
139.0
155.5
109.0
71.5
79.0
202.0
209.5
97.0
212.5
229.0
16.0
143.5
206.5
137.5
142.0
130.0
68.5
194.5
164.5
175.0
130.0
86.5
202.0
182.5
229.0
193.0
62.5
43.0
188.5
149.5
211.0
185.5
184.0
184.0
164.5
227.5
113.5
169.0
77.5
181.0
52.0
179.5
59.5
193.0
217.0
214.0
158.5
172.0
134.5
166.0
28.0
176.5
85.0
143.5
164.5
146.5
202.0
73.0
79.0
146.5
119.5
202.0
106.0
119.5
211.0
167.5
202.0
212.5
146.5
188.5
55.0
145.0
40.0
164.5
184.0
203.5
202.0
191.5
173.5
71.5
185.5
52.0
182.5
106.0
118.0
169.0
148.0
209.5
184.0
214.0
38.5
164.5
70.0
94.0
113.5
127.0
166.0
136.0
184.0
203.5
194.5
202.0
187.0
88.0
71.5
169.0
74.5
181.0
28.0
139.0
211.0
221.5
103.0
92.5
145.0
38.5
38.5
199.0
187.0
224.5
223.0
149.5
160.0
106.0
109.0
133.0
166.0
184.0
200.5
82.0
179.5
145.0
73.0
215.5
49.0
56.5
217.0
220.0
122.5
119.5
161.5
217.0
49.0
86.5
149.5
149.5
112.0
203.5
152.5
61.0
170.5
209.5
202.0
170.5
133.0
185.5
29.5
154.0
163.0
211.0
10.0
55.0
206.5
124.0
98.5
164.5
224.5
166.0
22.0
205.0
121.0
217.0
170.5
152.5
172.0
97.0
211.0
166.0
92.5
227.5
43.0
169.0
158.5
179.5
209.5
77.5
142.0
127.0
215.5
166.0
110.5
203.5
184.0
145.0
139.0
64.0
179.5
184.0
211.0
157.0
86.5
133.0
184.0
229.0
58.0
112.0
67.0
218.5
224.5
220.0
124.0
89.5
121.0
127.0
143.5
212.5
118.0
209.5
82.0
112.0
184.0
139.0
94.0
37.0
37.0
218.5
167.5
92.5
