178.0
97.0
188.5
229.0
70.0
44.5
112.0
56.5
170.5
119.5
172.0
166.0
220.0
175.0
142.0
14.5
94.0
101.5
115.0
145.0
187.0
118.0
206.5
22.0
49.0
109.0
155.5
188.5
86.5
100.0
176.5
124.0
109.0
146.5
194.5
130.0
167.5
199.0
158.5
209.5
155.5
119.5
196.0
32.5
157.0
62.5
101.5
146.5
173.5
82.0
92.5
152.5
79.0
182.5
40.0
100.0
43.0
146.5
83.5
38.5
10.0
100.0
122.5
43.0
124.0
223.0
76.0
77.5
218.5
175.0
103.0
125.5
56.5
214.0
67.0
169.0
136.0
221.5
124.0
161.5
25.0
79.0
100.0
46.0
209.5
86.5
71.5
89.5
80.5
85.0
146.5
190.0
74.5
29.5
202.0
125.5
101.5
26.5
208.0
206.5
172.0
136.0
97.0
47.5
124.0
185.5
176.5
160.0
160.0
221.5
101.5
124.0
152.5
64.0
28.0
191.5
91.0
128.5
167.5
127.0
224.5
47.5
158.5
62.5
124.0
187.0
181.0
190.0
131.5
61.0
49.0
79.0
145.0
82.0
178.0
164.5
169.0
214.0
70.0
68.5
190.0
172.0
92.5
200.5
187.0
163.0
160.0
188.5
112.0
157.0
74.5
179.5
35.5
184.0
101.5
112.0
160.0
227.5
107.5
203.5
152.5
91.0
85.0
181.0
181.0
32.5
176.5
190.0
161.5
197.5
59.5
181.0
155.5
194.5
149.5
181.0
170.5
167.5
76.0
194.5
221.5
158.5
50.5
196.0
160.0
187.0
200.5
163.0
241.0
139.0
190.0
41.5
160.0
194.5
157.0
65.5
170.5
172.0
182.5
196.0
128.5
17.5
172.0
61.0
151.0
98.5
151.0
113.5
151.0
188.5
164.5
47.5
29.5
199.0
109.0
146.5
187.0
217.0
197.5
44.5
202.0
133.0
56.5
149.5
34.0
167.5
88.0
149.5
172.0
181.0
193.0
118.0
160.0
73.0
119.5
116.5
170.5
214.0
92.5
103.0
44.5
190.0
187.0
32.5
44.5
40.0
154.0
128.5
89.5
220.0
37.0
223.0
146.5
109.0
98.5
43.0
175.0
146.5
71.5
200.5
215.5
80.5
131.5
143.5
113.5
91.0
116.5
29.5
61.0
119.5
70.0
79.0
58.0
163.0
176.5
68.5
184.0
23.5
212.5
80.5
100.0
34.0
190.0
160.0
50.5
215.5
116.5
133.0
202.0
112.0
136.0
92.5
205.0
109.0
187.0
50.5
94.0
37.0
58.0
194.5
170.5
155.5
79.0
187.0
64.0
47.5
119.5
13.0
101.5
173.5
91.0
26.5
188.5
167.5
124.0
103.0
25.0
128.5
157.0
211.0
17.5
161.5
26.5
182.5
196.0
88.0
71.5
199.0
53.5
160.0
14.5
49.0
62.5
173.5
97.0
2.5
71.5
82.0
50.5
151.0
146.5
173.5
52.0
140.5
103.0
175.0
34.0
22.0
140.5
20.5
157.0
184.0
187.0
82.0
151.0
110.5
149.5
106.0
164.5
176.5
224.5
137.5
190.0
151.0
29.5
139.0
233.5
197.5
142.0
47.5
127.0
76.0
23.5
131.5
110.5
122.5
74.5
116.5
98.5
160.0
187.0
85.0
169.0
130.0
49.0
10.0
77.5
157.0
86.5
194.5
146.5
134.5
28.0
220.0
218.5
191.5
113.5
131.5
107.5
178.0
145.0
79.0
134.5
28.0
80.5
203.5
31.0
203.5
214.0
152.5
103.0
187.0
55.0
206.5
217.0
127.0
160.0
193.0
116.5
64.0
191.5
145.0
83.5
212.5
88.0
164.5
101.5
19.0
118.0
193.0
172.0
209.5
125.5
170.5
184.0
56.5
137.5
47.5
182.5
152.5
71.5
127.0
118.0
118.0
139.0
155.5
62.5
119.5
130.0
130.0
158.5
188.5
49.0
35.5
169.0
227.5
179.5
47.5
77.5
142.0
193.0
92.5
217.0
128.5
101.5
197.5
130.0
193.0
190.0
34.0
13.0
143.5
76.0
64.0
214.0
121.0
140.5
125.5
109.0
190.0
154.0
163.0
116.5
106.0
133.0
199.0
49.0
128.5
163.0
175.0
161.5
140.5
148.0
76.0
76.0
160.0
79.0
155.5
224.5
182.5
217.0
209.5
187.0
86.5
181.0
182.5
206.5
218.5
157.0
106.0
7.0
203.5
50.5
46.0
175.0
208.0
178.0
112.0
65.5
35.5
83.5
19.0
37.0
218.5
142.0
157.0
62.5
173.5
122.5
43.0
74.5
130.0
164.5
52.0
172.0
188.5
86.5
22.0
128.5
151.0
146.5
169.0
47.5
226.0
226.0
170.5
205.0
212.5
214.0
53.5
110.5
137.5
227.5
107.5
145.0
158.5
50.5
103.0
157.0
122.5
37.0
155.5
119.5
217.0
202.0
130.0
176.5
41.5
125.5
179.5
202.0
158.5
139.0
97.0
137.5
170.5
131.5
190.0
70.0
164.5
113.5
131.5
137.5
194.5
169.0
71.5
88.0
151.0
13.0
160.0
76.0
40.0
205.0
194.5
143.5
152.5
215.5
202.0
134.5
160.0
166.0
31.0
7.0
148.0
41.5
188.5
125.5
55.0
110.5
230.5
142.0
130.0
7.0
110.5
142.0
221.5
103.0
101.5
190.0
145.0
167.5
88.0
151.0
31.0
100.0
40.0
58.0
226.0
53.5
214.0
175.0
64.0
112.0
188.5
191.5
118.0
181.0
127.0
167.5
176.5
109.0
19.0
140.5
185.5
227.5
40.0
124.0
88.0
143.5
194.5
176.5
127.0
178.0
25.0
14.5
211.0
110.5
199.0
142.0
173.5
41.5
199.0
35.5
109.0
131.5
86.5
199.0
125.5
203.5
62.5
136.0
220.0
176.5
137.5
70.0
103.0
136.0
169.0
73.0
79.0
182.5
214.0
56.5
203.5
52.0
14.5
161.5
229.0
10.0
206.5
91.0
128.5
67.0
191.5
170.5
136.0
122.5
68.5
146.5
59.5
133.0
151.0
92.5
206.5
223.0
101.5
65.5
173.5
94.0
11.5
46.0
77.5
44.5
224.5
191.5
65.5
166.0
119.5
187.0
164.5
203.5
170.5
109.0
161.5
136.0
128.5
46.0
188.5
40.0
62.5
151.0
155.5
82.0
128.5
158.5
190.0
118.0
161.5
160.0
188.5
40.0
49.0
55.0
112.0
145.0
92.5
61.0
137.5
32.5
50.5
86.5
92.5
124.0
179.5
166.0
193.0
77.5
100.0
94.0
145.0
197.5
209.5
173.5
169.0
154.0
107.5
190.0
43.0
101.5
182.5
38.5
184.0
203.5
223.0
94.0
145.0
59.5
209.5
206.5
34.0
28.0
20.5
56.5
55.0
10.0
52.0
112.0
176.5
187.0
187.0
151.0
151.0
77.5
118.0
88.0
125.5
160.0
128.5
38.5
59.5
139.0
160.0
131.5
194.5
28.0
134.5
115.0
142.0
128.5
80.5
100.0
140.5
161.5
79.0
181.0
137.5
13.0
32.5
34.0
62.5
154.0
58.0
145.0
209.5
155.5
58.0
170.5
131.5
127.0
122.5
145.0
164.5
77.5
88.0
182.5
208.0
125.5
176.5
127.0
79.0
202.0
110.5
79.0
83.5
131.5
77.5
76.0
121.0
34.0
200.5
175.0
224.5
143.5
146.5
202.0
140.5
182.5
217.0
197.5
148.0
199.0
178.0
151.0
71.5
182.5
184.0
179.5
125.5
196.0
175.0
193.0
203.5
172.0
121.0
167.5
110.5
206.5
152.5
41.5
194.5
52.0
53.5
145.0
142.0
167.5
152.5
46.0
220.0
155.5
154.0
61.0
146.5
94.0
148.0
32.5
62.5
167.5
103.0
131.5
95.5
101.5
182.5
52.0
119.5
169.0
73.0
157.0
211.0
115.0
143.5
127.0
34.0
154.0
196.0
137.5
62.5
184.0
164.5
188.5
89.5
142.0
172.0
197.5
152.5
77.5
152.5
188.5
53.5
80.5
158.5
155.5
100.0
169.0
139.0
215.5
44.5
142.0
109.0
188.5
55.0
158.5
158.5
109.0
203.5
59.5
172.0
119.5
110.5
128.5
34.0
91.0
184.0
182.5
11.5
209.5
55.0
73.0
187.0
74.5
97.0
47.5
43.0
122.5
187.0
109.0
151.0
110.5
106.0
170.5
35.5
202.0
76.0
136.0
47.5
223.0
122.5
82.0
89.5
41.5
139.0
40.0
136.0
49.0
101.5
148.0
119.5
152.5
56.5
151.0
112.0
167.5
173.5
211.0
217.0
37.0
34.0
128.5
154.0
10.0
106.0
154.0
29.5
73.0
74.5
151.0
106.0
185.5
217.0
199.0
164.5
41.5
188.5
139.0
199.0
98.5
217.0
139.0
100.0
188.5
64.0
223.0
209.5
73.0
92.5
119.5
176.5
38.5
136.0
112.0
178.0
44.5
137.5
146.5
28.0
161.5
148.0
206.5
209.5
74.5
179.5
200.5
191.5
4.0
151.0
52.0
166.0
157.0
154.0
193.0
182.5
83.5
133.0
173.5
38.5
58.0
185.5
170.5
182.5
89.5
110.5
92.5
16.0
212.5
58.0
206.5
227.5
122.5
118.0
173.5
169.0
127.0
209.5
211.0
131.5
17.5
200.5
121.0
151.0
220.0
46.0
97.0
155.5
178.0
56.5
53.5
146.5
178.0
212.5
209.5
82.0
115.0
202.0
178.0
97.0
178.0
175.0
104.5
82.0
44.5
82.0
173.5
194.5
61.0
29.5
188.5
77.5
200.5
152.5
65.5
218.5
104.5
214.0
41.5
163.0
184.0
100.0
197.5
74.5
167.5
128.5
179.5
157.0
161.5
95.5
133.0
28.0
112.0
205.0
163.0
196.0
80.5
203.5
35.5
182.5
176.5
137.5
178.0
196.0
61.0
86.5
37.0
148.0
79.0
92.5
116.5
137.5
94.0
146.5
56.5
196.0
212.5
163.0
32.5
137.5
83.5
77.5
71.5
115.0
56.5
166.0
136.0
208.0
148.0
119.5
58.0
89.5
172.0
137.5
77.5
64.0
89.5
176.5
86.5
35.5
95.5
172.0
230.5
136.0
76.0
215.5
170.5
128.5
62.5
182.5
115.0
148.0
149.5
95.5
230.5
157.0
61.0
19.0
184.0
133.0
217.0
47.5
157.0
44.5
88.0
74.5
131.5
170.5
154.0
82.0
191.5
109.0
74.5
58.0
157.0
70.0
208.0
94.0
203.5
223.0
112.0
128.5
98.5
98.5
52.0
62.5
112.0
131.5
146.5
17.5
61.0
34.0
92.5
49.0
62.5
157.0
214.0
154.0
34.0
49.0
82.0
151.0
133.0
70.0
107.5
59.5
128.5
232.0
151.0
76.0
47.5
224.5
172.0
202.0
121.0
137.5
46.0
163.0
92.5
208.0
158.5
13.0
197.5
40.0
212.5
61.0
124.0
85.0
101.5
227.5
169.0
206.5
41.5
226.0
44.5
223.0
181.0
181.0
206.5
76.0
34.0
79.0
215.5
79.0
101.5
83.5
149.5
65.5
50.5
52.0
71.5
170.5
197.5
59.5
181.0
47.5
155.5
119.5
161.5
130.0
133.0
164.5
56.5
41.5
113.5
149.5
55.0
188.5
197.5
154.0
145.0
140.5
119.5
185.5
38.5
91.0
152.5
35.5
83.5
208.0
11.5
169.0
47.5
169.0
166.0
46.0
148.0
77.5
128.5
14.5
190.0
116.5
71.5
173.5
125.5
190.0
202.0
43.0
164.5
157.0
92.5
28.0
44.5
5.5
212.5
206.5
164.5
184.0
211.0
164.5
47.5
194.5
67.0
142.0
125.5
119.5
43.0
73.0
196.0
64.0
203.5
65.5
73.0
131.5
163.0
97.0
146.5
122.5
203.5
185.5
23.5
137.5
116.5
158.5
59.5
121.0
122.5
172.0
103.0
29.5
175.0
47.5
188.5
181.0
203.5
44.5
200.5
230.5
112.0
130.0
169.0
170.5
206.5
91.0
125.5
128.5
119.5
94.0
161.5
206.5
62.5
169.0
184.0
40.0
142.0
92.5
200.5
227.5
118.0
193.0
104.5
146.5
208.0
82.0
116.5
226.0
38.5
106.0
46.0
233.5
179.5
22.0
140.5
179.5
121.0
139.0
172.0
184.0
124.0
116.5
113.5
14.5
218.5
65.5
104.5
208.0
175.0
116.5
169.0
23.5
176.5
74.5
191.5
152.5
125.5
160.0
107.5
215.5
4.0
188.5
98.5
218.5
227.5
97.0
197.5
50.5
185.5
200.5
182.5
191.5
137.5
119.5
68.5
191.5
38.5
76.0
157.0
202.0
104.5
68.5
104.5
140.5
188.5
95.5
221.5
179.5
38.5
91.0
164.5
71.5
92.5
167.5
139.0
221.5
113.5
193.0
179.5
92.5
154.0
97.0
25.0
224.5
194.5
110.5
107.5
151.0
196.0
37.0
206.5
43.0
158.5
95.5
101.5
43.0
77.5
131.5
103.0
118.0
163.0
130.0
184.0
149.5
146.5
167.5
110.5
110.5
31.0
35.5
196.0
137.5
181.0
91.0
158.5
110.5
79.0
179.5
196.0
46.0
163.0
170.5
133.0
200.5
112.0
101.5
190.0
184.0
140.5
86.5
29.5
148.0
155.5
133.0
121.0
179.5
202.0
97.0
200.5
85.0
202.0
142.0
71.5
86.5
148.0
56.5
52.0
172.0
190.0
112.0
208.0
184.0
65.5
160.0
176.5
71.5
136.0
194.5
203.5
158.5
173.5
145.0
215.5
29.5
203.5
145.0
191.5
44.5
124.0
121.0
143.5
83.5
193.0
184.0
205.0
119.5
106.0
94.0
80.5
160.0
71.5
205.0
203.5
185.5
157.0
179.5
167.5
205.0
85.0
49.0
70.0
62.5
106.0
163.0
146.5
142.0
118.0
64.0
56.5
211.0
41.5
100.0
136.0
197.5
100.0
95.5
121.0
145.0
26.5
161.5
223.0
154.0
53.5
26.5
103.0
44.5
169.0
200.5
193.0
103.0
55.0
151.0
146.5
98.5
80.5
142.0
208.0
112.0
211.0
145.0
62.5
184.0
112.0
158.5
77.5
185.5
211.0
71.5
73.0
71.5
179.5
179.5
68.5
61.0
142.0
67.0
142.0
71.5
37.0
128.5
199.0
185.5
149.5
217.0
193.0
7.0
155.5
157.0
29.5
124.0
170.5
181.0
71.5
137.5
100.0
46.0
143.5
170.5
80.5
62.5
115.0
88.0
215.5
188.5
169.0
46.0
163.0
151.0
178.0
53.5
109.0
146.5
146.5
77.5
229.0
173.5
62.5
202.0
179.5
163.0
92.5
187.0
163.0
226.0
187.0
158.5
65.5
133.0
73.0
211.0
125.5
142.0
20.5
158.5
229.0
107.5
178.0
151.0
122.5
110.5
149.5
74.5
136.0
197.5
124.0
62.5
160.0
86.5
157.0
89.5
149.5
65.5
161.5
97.0
160.0
170.5
182.5
56.5
119.5
124.0
178.0
158.5
191.5
208.0
74.5
121.0
95.5
154.0
179.5
44.5
196.0
163.0
52.0
44.5
76.0
28.0
88.0
52.0
25.0
133.0
137.5
89.5
38.5
65.5
229.0
74.5
67.0
97.0
140.5
62.5
170.5
25.0
131.5
211.0
163.0
193.0
173.5
95.5
127.0
55.0
65.5
131.5
41.5
170.5
29.5
134.5
137.5
149.5
76.0
167.5
38.5
88.0
193.0
89.5
125.5
148.0
197.5
130.0
212.5
26.5
214.0
95.5
176.5
106.0
161.5
193.0
70.0
121.0
235.0
175.0
98.5
148.0
65.5
67.0
64.0
202.0
41.5
64.0
71.5
103.0
64.0
115.0
133.0
125.5
49.0
142.0
181.0
119.5
130.0
179.5
172.0
17.5
152.5
55.0
154.0
187.0
151.0
77.5
88.0
187.0
131.5
85.0
164.5
167.5
29.5
32.5
161.5
167.5
197.5
215.5
200.5
158.5
98.5
103.0
193.0
37.0
25.0
146.5
149.5
185.5
175.0
160.0
140.5
143.5
157.0
71.5
212.5
232.0
91.0
178.0
146.5
208.0
46.0
55.0
185.5
166.0
211.0
65.5
214.0
47.5
140.5
229.0
139.0
49.0
194.5
155.5
145.0
145.0
167.5
176.5
25.0
28.0
187.0
43.0
185.5
106.0
137.5
91.0
224.5
194.5
164.5
97.0
145.0
61.0
203.5
52.0
35.5
191.5
97.0
71.5
194.5
163.0
110.5
49.0
176.5
200.5
68.5
206.5
65.5
172.0
166.0
139.0
106.0
2.5
190.0
130.0
16.0
143.5
164.5
95.5
167.5
38.5
230.5
136.0
89.5
80.5
205.0
181.0
127.0
53.5
76.0
53.5
167.5
212.5
70.0
58.0
145.0
110.5
188.5
125.5
190.0
61.0
175.0
112.0
8.5
185.5
142.0
173.5
214.0
113.5
188.5
163.0
49.0
88.0
31.0
139.0
191.5
88.0
128.5
58.0
151.0
61.0
71.5
185.5
38.5
205.0
223.0
175.0
194.5
32.5
173.5
46.0
55.0
130.0
67.0
26.5
130.0
167.5
55.0
224.5
151.0
185.5
109.0
145.0
98.5
215.5
166.0
208.0
178.0
212.5
211.0
55.0
203.5
91.0
154.0
98.5
58.0
152.5
61.0
74.5
146.5
59.5
29.5
43.0
151.0
218.5
167.5
71.5
208.0
200.5
208.0
131.5
160.0
118.0
220.0
65.5
160.0
118.0
163.0
52.0
89.5
71.5
101.5
124.0
209.5
80.5
134.5
182.5
208.0
184.0
197.5
98.5
209.5
199.0
58.0
98.5
115.0
206.5
26.5
112.0
127.0
58.0
88.0
25.0
89.5
83.5
118.0
74.5
134.5
163.0
122.5
229.0
40.0
208.0
200.5
74.5
220.0
88.0
224.5
170.5
220.0
172.0
158.5
199.0
151.0
58.0
137.5
49.0
164.5
20.5
170.5
220.0
184.0
29.5
80.5
191.5
65.5
134.5
26.5
86.5
214.0
202.0
70.0
175.0
151.0
137.5
38.5
164.5
176.5
143.5
187.0
179.5
19.0
151.0
176.5
143.5
200.5
53.5
109.0
91.0
200.5
121.0
202.0
140.5
212.5
131.5
29.5
181.0
158.5
151.0
49.0
50.5
188.5
161.5
124.0
163.0
158.5
209.5
199.0
172.0
191.5
218.5
200.5
181.0
143.5
146.5
131.5
61.0
164.5
212.5
226.0
119.5
104.5
212.5
38.5
161.5
158.5
200.5
110.5
155.5
121.0
56.5
188.5
178.0
130.0
197.5
179.5
115.0
205.0
203.5
44.5
115.0
76.0
200.5
88.0
26.5
155.5
226.0
134.5
143.5
77.5
223.0
100.0
158.5
34.0
205.0
191.5
178.0
124.0
227.5
164.5
167.5
116.5
59.5
179.5
95.5
38.5
149.5
193.0
115.0
179.5
50.5
211.0
187.0
116.5
41.5
184.0
152.5
220.0
32.5
173.5
8.5
25.0
109.0
101.5
143.5
163.0
133.0
32.5
89.5
47.5
173.5
193.0
29.5
89.5
85.0
149.5
184.0
197.5
203.5
169.0
169.0
31.0
52.0
145.0
133.0
167.5
206.5
199.0
145.0
158.5
143.5
199.0
140.5
160.0
175.0
161.5
184.0
118.0
181.0
173.5
193.0
83.5
194.5
128.5
160.0
143.5
91.0
119.5
71.5
110.5
164.5
95.5
68.5
68.5
166.0
184.0
169.0
182.5
88.0
152.5
94.0
142.0
121.0
122.5
65.5
187.0
59.5
118.0
158.5
65.5
173.5
82.0
100.0
89.5
118.0
220.0
73.0
200.5
17.5
65.5
47.5
212.5
182.5
68.5
98.5
143.5
49.0
163.0
104.5
199.0
170.5
157.0
31.0
166.0
56.5
65.5
92.5
155.5
173.5
214.0
38.5
128.5
110.5
80.5
86.5
121.0
28.0
29.5
167.5
163.0
88.0
169.0
88.0
131.5
82.0
20.5
173.5
82.0
80.5
139.0
98.5
119.5
166.0
119.5
211.0
163.0
161.5
167.5
11.5
95.5
167.5
46.0
215.5
214.0
89.5
91.0
74.5
67.0
157.0
146.5
97.0
187.0
100.0
157.0
236.5
157.0
182.5
200.5
184.0
212.5
133.0
137.5
80.5
214.0
68.5
62.5
154.0
185.5
166.0
86.5
190.0
58.0
193.0
122.5
161.5
32.5
166.0
173.5
154.0
68.5
206.5
173.5
61.0
118.0
89.5
187.0
217.0
217.0
173.5
56.5
118.0
166.0
163.0
52.0
229.0
86.5
151.0
217.0
34.0
118.0
208.0
59.5
161.5
175.0
122.5
202.0
161.5
164.5
31.0
236.5
206.5
173.5
125.5
112.0
65.5
224.5
173.5
215.5
59.5
74.5
85.0
226.0
160.0
155.5
40.0
149.5
113.5
89.5
172.0
197.5
110.5
193.0
185.5
110.5
148.0
64.0
179.5
89.5
53.5
214.0
217.0
169.0
208.0
203.5
185.5
206.5
50.5
152.5
194.5
194.5
151.0
152.5
74.5
236.5
106.0
73.0
40.0
13.0
164.5
50.5
175.0
86.5
71.5
92.5
40.0
100.0
116.5
140.5
88.0
31.0
188.5
113.5
103.0
113.5
20.5
88.0
188.5
157.0
94.0
82.0
140.5
44.5
172.0
76.0
142.0
131.5
133.0
149.5
193.0
197.5
38.5
43.0
146.5
175.0
121.0
127.0
221.5
121.0
133.0
196.0
178.0
158.5
98.5
44.5
92.5
214.0
196.0
166.0
67.0
172.0
176.5
185.5
71.5
109.0
59.5
157.0
83.5
124.0
119.5
101.5
218.5
124.0
203.5
110.5
130.0
197.5
185.5
172.0
155.5
80.5
92.5
118.0
134.5
103.0
98.5
173.5
140.5
65.5
44.5
181.0
182.5
68.5
44.5
226.0
178.0
14.5
136.0
53.5
94.0
44.5
211.0
70.0
167.5
197.5
64.0
118.0
160.0
190.0
127.0
235.0
136.0
161.5
208.0
148.0
187.0
65.5
131.5
203.5
59.5
179.5
110.5
13.0
190.0
197.5
187.0
151.0
77.5
209.5
91.0
73.0
142.0
190.0
109.0
208.0
187.0
194.5
151.0
151.0
176.5
178.0
80.5
65.5
188.5
43.0
164.5
191.5
83.5
121.0
202.0
97.0
44.5
77.5
208.0
130.0
103.0
164.5
20.5
88.0
160.0
197.5
64.0
137.5
122.5
158.5
200.5
170.5
134.5
65.5
161.5
115.0
131.5
166.0
200.5
77.5
49.0
134.5
178.0
85.0
26.5
32.5
190.0
166.0
169.0
64.0
62.5
187.0
143.5
107.5
44.5
232.0
80.5
212.5
65.5
146.5
119.5
64.0
16.0
131.5
133.0
115.0
37.0
188.5
82.0
212.5
157.0
56.5
194.5
119.5
164.5
205.0
133.0
158.5
209.5
139.0
107.5
155.5
158.5
197.5
113.5
56.5
88.0
212.5
173.5
199.0
46.0
154.0
142.0
32.5
209.5
119.5
179.5
200.5
212.5
226.0
86.5
142.0
151.0
26.5
206.5
67.0
82.0
143.5
206.5
101.5
52.0
31.0
205.0
181.0
121.0
50.5
146.5
110.5
199.0
223.0
122.5
101.5
50.5
178.0
61.0
112.0
40.0
191.5
53.5
160.0
152.5
145.0
175.0
161.5
11.5
127.0
104.5
221.5
194.5
64.0
217.0
140.5
121.0
110.5
148.0
215.5
104.5
194.5
131.5
38.5
35.5
65.5
188.5
211.0
181.0
175.0
236.5
62.5
86.5
101.5
106.0
172.0
110.5
152.5
176.5
169.0
191.5
79.0
149.5
131.5
140.5
130.0
184.0
19.0
41.5
157.0
197.5
164.5
106.0
173.5
146.5
226.0
173.5
65.5
203.5
164.5
148.0
145.0
200.5
35.5
163.0
40.0
181.0
208.0
89.5
68.5
145.0
173.5
169.0
146.5
61.0
137.5
98.5
17.5
149.5
212.5
224.5
161.5
208.0
92.5
62.5
208.0
13.0
80.5
136.0
178.0
97.0
70.0
215.5
170.5
133.0
202.0
151.0
143.5
17.5
202.0
146.5
160.0
104.5
64.0
221.5
104.5
52.0
145.0
155.5
7.0
91.0
193.0
133.0
46.0
65.5
68.5
59.5
178.0
169.0
68.5
53.5
226.0
44.5
179.5
163.0
139.0
20.5
125.5
79.0
188.5
122.5
149.5
179.5
110.5
91.0
122.5
229.0
56.5
151.0
35.5
136.0
205.0
178.0
113.5
209.5
137.5
85.0
142.0
146.5
127.0
173.5
59.5
37.0
71.5
170.5
179.5
221.5
205.0
41.5
71.5
125.5
85.0
233.5
112.0
196.0
164.5
61.0
160.0
230.5
187.0
199.0
152.5
173.5
190.0
169.0
92.5
142.0
199.0
190.0
82.0
157.0
209.5
173.5
128.5
131.5
209.5
229.0
163.0
58.0
91.0
143.5
175.0
133.0
64.0
161.5
82.0
52.0
97.0
167.5
157.0
196.0
31.0
97.0
122.5
44.5
206.5
223.0
187.0
209.5
211.0
40.0
124.0
80.5
53.5
89.5
134.5
197.5
167.5
206.5
112.0
190.0
68.5
119.5
44.5
164.5
68.5
128.5
179.5
167.5
32.5
58.0
62.5
115.0
178.0
188.5
176.5
31.0
44.5
70.0
20.5
146.5
47.5
206.5
89.5
235.0
85.0
206.5
208.0
200.5
130.0
172.0
185.5
182.5
199.0
208.0
101.5
61.0
125.5
124.0
58.0
35.5
58.0
133.0
184.0
92.5
98.5
98.5
74.5
53.5
167.5
164.5
184.0
146.5
76.0
152.5
35.5
187.0
112.0
119.5
112.0
125.5
70.0
56.5
170.5
44.5
184.0
130.0
197.5
100.0
163.0
40.0
193.0
143.5
134.5
43.0
176.5
167.5
32.5
89.5
172.0
56.5
59.5
134.5
131.5
133.0
115.0
164.5
128.5
215.5
115.0
107.5
176.5
109.0
47.5
40.0
112.0
43.0
184.0
220.0
190.0
107.5
187.0
134.5
166.0
50.5
125.5
55.0
52.0
149.5
88.0
184.0
70.0
167.5
139.0
172.0
157.0
197.5
187.0
115.0
22.0
77.5
152.5
154.0
127.0
46.0
38.5
185.5
197.5
134.5
184.0
121.0
49.0
47.5
181.0
146.5
175.0
157.0
98.5
85.0
62.5
62.5
157.0
187.0
206.5
218.5
73.0
97.0
110.5
215.5
184.0
190.0
197.5
194.5
125.5
155.5
67.0
161.5
35.5
92.5
95.5
169.0
140.5
214.0
172.0
223.0
37.0
89.5
214.0
220.0
178.0
208.0
16.0
148.0
41.5
83.5
197.5
224.5
122.5
221.5
173.5
34.0
229.0
49.0
194.5
77.5
100.0
211.0
214.0
191.5
91.0
217.0
125.5
176.5
148.0
68.5
154.0
103.0
115.0
206.5
199.0
44.5
157.0
208.0
178.0
157.0
95.5
218.5
122.5
46.0
157.0
187.0
191.5
143.5
133.0
116.5
163.0
70.0
203.5
199.0
88.0
160.0
115.0
157.0
214.0
64.0
77.5
46.0
136.0
116.5
202.0
173.5
88.0
158.5
161.5
184.0
143.5
136.0
175.0
67.0
83.5
181.0
110.5
175.0
118.0
125.5
130.0
142.0
224.5
112.0
79.0
200.5
73.0
140.5
86.5
32.5
95.5
187.0
187.0
74.5
184.0
80.5
148.0
214.0
187.0
94.0
134.5
67.0
164.5
79.0
170.5
194.5
199.0
172.0
137.5
182.5
191.5
43.0
71.5
62.5
130.0
215.5
56.5
130.0
112.0
37.0
103.0
200.5
104.5
202.0
136.0
133.0
185.5
94.0
184.0
82.0
199.0
181.0
74.5
83.5
217.0
148.0
137.5
106.0
181.0
38.5
97.0
142.0
148.0
67.0
163.0
134.5
119.5
170.5
109.0
184.0
55.0
65.5
113.5
151.0
64.0
164.5
103.0
221.5
169.0
178.0
181.0
95.5
10.0
118.0
46.0
164.5
191.5
130.0
73.0
170.5
23.5
158.5
188.5
226.0
103.0
116.5
236.5
160.0
226.0
86.5
88.0
149.5
149.5
47.5
199.0
172.0
160.0
151.0
145.0
181.0
76.0
151.0
169.0
205.0
194.5
121.0
226.0
197.5
151.0
143.5
182.5
211.0
85.0
194.5
172.0
31.0
94.0
194.5
89.5
161.5
185.5
220.0
160.0
209.5
179.5
214.0
151.0
194.5
142.0
203.5
149.5
193.0
205.0
61.0
107.5
161.5
61.0
202.0
175.0
212.5
34.0
196.0
118.0
50.5
128.5
125.5
130.0
94.0
206.5
67.0
223.0
118.0
68.5
56.5
145.0
95.5
133.0
154.0
160.0
182.5
137.5
202.0
151.0
83.5
122.5
19.0
125.5
61.0
146.5
79.0
107.5
155.5
199.0
89.5
86.5
194.5
73.0
190.0
25.0
109.0
194.5
175.0
88.0
71.5
107.5
166.0
187.0
134.5
218.5
163.0
173.5
221.5
82.0
106.0
202.0
176.5
206.5
113.5
137.5
127.0
89.5
152.5
154.0
187.0
199.0
185.5
131.5
64.0
212.5
152.5
130.0
40.0
56.5
148.0
130.0
107.5
173.5
50.5
172.0
223.0
178.0
44.5
200.5
83.5
140.5
103.0
134.5
101.5
139.0
148.0
211.0
170.5
31.0
44.5
37.0
187.0
211.0
65.5
59.5
91.0
116.5
170.5
206.5
145.0
163.0
17.5
58.0
100.0
131.5
148.0
70.0
172.0
38.5
182.5
40.0
130.0
61.0
178.0
154.0
161.5
164.5
173.5
116.5
134.5
77.5
175.0
205.0
122.5
104.5
133.0
220.0
107.5
85.0
67.0
116.5
109.0
122.5
148.0
67.0
110.5
176.5
139.0
130.0
130.0
178.0
107.5
58.0
71.5
52.0
86.5
59.5
160.0
58.0
53.5
166.0
202.0
196.0
128.5
142.0
176.5
221.5
107.5
146.5
154.0
206.5
98.5
136.0
220.0
161.5
185.5
194.5
179.5
199.0
175.0
139.0
175.0
152.5
65.5
94.0
193.0
151.0
10.0
70.0
218.5
193.0
214.0
179.5
109.0
209.5
164.5
175.0
71.5
110.5
115.0
188.5
100.0
79.0
82.0
133.0
175.0
44.5
200.5
14.5
175.0
64.0
157.0
205.0
107.5
25.0
242.5
68.5
20.5
19.0
62.5
133.0
61.0
154.0
206.5
98.5
128.5
97.0
148.0
221.5
79.0
142.0
122.5
158.5
46.0
122.5
164.5
178.0
205.0
197.5
211.0
94.0
176.5
80.5
142.0
176.5
176.5
226.0
65.5
194.5
79.0
122.5
70.0
46.0
119.5
47.5
68.5
65.5
161.5
110.5
238.0
100.0
32.5
67.0
203.5
179.5
44.5
115.0
50.5
160.0
163.0
143.5
139.0
131.5
56.5
145.0
208.0
140.5
215.5
160.0
217.0
83.5
170.5
97.0
206.5
52.0
152.5
115.0
55.0
107.5
100.0
175.0
32.5
97.0
101.5
173.5
229.0
136.0
71.5
85.0
17.5
47.5
32.5
67.0
25.0
64.0
167.5
157.0
58.0
145.0
118.0
131.5
205.0
191.5
97.0
16.0
182.5
119.5
133.0
89.5
58.0
215.5
31.0
7.0
206.5
179.5
50.5
100.0
223.0
79.0
115.0
40.0
25.0
91.0
206.5
149.5
185.5
142.0
64.0
203.5
44.5
184.0
95.5
65.5
142.0
166.0
163.0
64.0
215.5
139.0
107.5
130.0
214.0
89.5
127.0
134.5
73.0
209.5
218.5
58.0
44.5
184.0
193.0
199.0
80.5
64.0
205.0
193.0
140.5
74.5
167.5
202.0
131.5
178.0
220.0
202.0
106.0
92.5
190.0
109.0
154.0
55.0
64.0
80.5
49.0
163.0
104.5
142.0
194.5
98.5
203.5
119.5
134.5
190.0
106.0
148.0
185.5
224.5
65.5
155.5
95.5
152.5
142.0
46.0
55.0
169.0
74.5
176.5
128.5
170.5
152.5
103.0
70.0
76.0
128.5
34.0
77.5
121.0
85.0
170.5
92.5
104.5
74.5
85.0
193.0
88.0
148.0
160.0
116.5
16.0
215.5
109.0
224.5
169.0
44.5
34.0
34.0
184.0
127.0
83.5
125.5
164.5
71.5
92.5
139.0
40.0
71.5
211.0
187.0
205.0
116.5
28.0
97.0
62.5
133.0
163.0
22.0
88.0
127.0
170.5
200.5
125.5
145.0
62.5
116.5
143.5
134.5
64.0
85.0
205.0
157.0
109.0
76.0
184.0
217.0
29.5
148.0
74.5
137.5
220.0
188.5
85.0
50.5
127.0
112.0
133.0
172.0
203.5
59.5
209.5
191.5
97.0
34.0
178.0
170.5
220.0
202.0
202.0
106.0
131.5
133.0
100.0
44.5
146.5
205.0
143.5
197.5
64.0
107.5
226.0
125.5
188.5
83.5
140.5
49.0
40.0
188.5
170.5
176.5
137.5
193.0
199.0
212.5
19.0
34.0
76.0
200.5
133.0
119.5
110.5
89.5
121.0
215.5
134.5
65.5
151.0
172.0
175.0
95.5
173.5
80.5
25.0
112.0
187.0
91.0
131.5
173.5
131.5
145.0
101.5
151.0
97.0
194.5
170.5
22.0
131.5
44.5
161.5
119.5
176.5
88.0
94.0
38.5
217.0
175.0
95.5
43.0
187.0
130.0
214.0
157.0
191.5
58.0
70.0
151.0
97.0
194.5
212.5
130.0
131.5
94.0
155.5
98.5
185.5
149.5
110.5
235.0
95.5
166.0
193.0
118.0
152.5
178.0
152.5
52.0
86.5
158.5
157.0
92.5
106.0
35.5
100.0
200.5
196.0
91.0
188.5
85.0
187.0
104.5
137.5
49.0
172.0
127.0
193.0
71.5
157.0
59.5
121.0
205.0
107.5
164.5
188.5
62.5
205.0
61.0
226.0
182.5
197.5
157.0
76.0
110.5
65.5
89.5
178.0
49.0
148.0
199.0
148.0
184.0
212.5
161.5
100.0
107.5
187.0
28.0
40.0
119.5
125.5
124.0
79.0
140.5
187.0
119.5
193.0
86.5
178.0
160.0
94.0
148.0
128.5
103.0
193.0
83.5
173.5
152.5
46.0
103.0
121.0
103.0
205.0
95.5
67.0
148.0
200.5
44.5
7.0
101.5
55.0
133.0
31.0
145.0
190.0
100.0
34.0
116.5
197.5
142.0
137.5
113.5
67.0
188.5
31.0
61.0
161.5
98.5
53.5
179.5
35.5
116.5
197.5
176.5
64.0
43.0
181.0
220.0
31.0
49.0
65.5
86.5
190.0
83.5
223.0
92.5
37.0
43.0
125.5
191.5
191.5
52.0
65.5
88.0
173.5
76.0
184.0
155.5
74.5
202.0
170.5
182.5
193.0
89.5
220.0
77.5
131.5
148.0
86.5
184.0
67.0
163.0
38.5
52.0
31.0
193.0
35.5
47.5
121.0
191.5
86.5
49.0
49.0
199.0
91.0
82.0
119.5
152.5
178.0
167.5
119.5
196.0
149.5
110.5
190.0
46.0
73.0
146.5
56.5
214.0
190.0
182.5
181.0
92.5
110.5
113.5
187.0
61.0
175.0
157.0
92.5
158.5
172.0
119.5
121.0
38.5
175.0
202.0
221.5
185.5
172.0
176.5
53.5
139.0
188.5
227.5
44.5
77.5
124.0
74.5
154.0
80.5
133.0
184.0
233.5
29.5
164.5
163.0
136.0
94.0
205.0
158.5
221.5
196.0
163.0
209.5
158.5
239.5
175.0
140.5
223.0
158.5
22.0
161.5
203.5
95.5
31.0
146.5
194.5
148.0
169.0
106.0
107.5
200.5
140.5
38.5
68.5
19.0
176.5
143.5
215.5
83.5
197.5
223.0
127.0
211.0
125.5
146.5
89.5
97.0
172.0
187.0
74.5
103.0
143.5
85.0
149.5
166.0
179.5
160.0
8.5
158.5
199.0
151.0
203.5
44.5
163.0
124.0
119.5
100.0
169.0
64.0
37.0
188.5
167.5
175.0
65.5
137.5
113.5
196.0
167.5
86.5
121.0
37.0
160.0
127.0
121.0
146.5
17.5
31.0
170.5
203.5
122.5
83.5
199.0
151.0
221.5
179.5
76.0
143.5
151.0
116.5
221.5
163.0
167.5
151.0
205.0
206.5
142.0
169.0
197.5
22.0
41.5
44.5
95.5
212.5
151.0
47.5
121.0
131.5
62.5
133.0
194.5
151.0
119.5
214.0
170.5
77.5
116.5
14.5
97.0
43.0
182.5
94.0
184.0
89.5
124.0
115.0
124.0
215.5
44.5
109.0
86.5
142.0
145.0
140.5
193.0
59.5
170.5
82.0
89.5
80.5
43.0
110.5
55.0
181.0
61.0
151.0
154.0
211.0
175.0
38.5
91.0
59.5
61.0
34.0
143.5
35.5
152.5
205.0
194.5
200.5
43.0
121.0
29.5
179.5
149.5
35.5
197.5
154.0
92.5
44.5
176.5
227.5
58.0
58.0
145.0
182.5
178.0
82.0
122.5
146.5
202.0
115.0
224.5
55.0
103.0
74.5
56.5
175.0
229.0
115.0
29.5
149.5
191.5
146.5
95.5
29.5
190.0
175.0
145.0
58.0
43.0
184.0
197.5
92.5
124.0
101.5
124.0
173.5
149.5
193.0
214.0
59.5
71.5
170.5
1.0
200.5
104.5
88.0
158.5
77.5
176.5
220.0
67.0
124.0
49.0
115.0
35.5
34.0
161.5
157.0
182.5
59.5
82.0
148.0
145.0
118.0
173.5
158.5
127.0
149.5
214.0
172.0
136.0
32.5
83.5
149.5
92.5
65.5
172.0
232.0
184.0
170.5
158.5
217.0
158.5
5.5
202.0
113.5
166.0
193.0
34.0
146.5
191.5
133.0
194.5
134.5
76.0
91.0
181.0
220.0
176.5
194.5
47.5
172.0
100.0
193.0
68.5
187.0
88.0
80.5
179.5
107.5
176.5
19.0
166.0
116.5
104.5
209.5
110.5
59.5
149.5
25.0
50.5
23.5
92.5
179.5
230.5
154.0
109.0
169.0
71.5
68.5
220.0
34.0
49.0
134.5
140.5
22.0
74.5
43.0
139.0
178.0
50.5
80.5
50.5
34.0
161.5
179.5
134.5
220.0
154.0
194.5
56.5
193.0
184.0
121.0
209.5
22.0
173.5
190.0
184.0
149.5
124.0
172.0
17.5
196.0
157.0
185.5
79.0
166.0
211.0
233.5
179.5
146.5
137.5
214.0
119.5
50.5
115.0
77.5
76.0
67.0
31.0
169.0
176.5
62.5
122.5
38.5
191.5
127.0
103.0
55.0
34.0
98.5
202.0
218.5
167.5
154.0
131.5
125.5
202.0
194.5
13.0
137.5
145.0
13.0
80.5
148.0
193.0
86.5
131.5
185.5
185.5
145.0
86.5
41.5
184.0
181.0
205.0
74.5
208.0
11.5
142.0
170.5
86.5
199.0
139.0
59.5
217.0
173.5
217.0
128.5
151.0
79.0
136.0
17.5
82.0
110.5
193.0
109.0
101.5
187.0
38.5
133.0
59.5
128.5
53.5
116.5
148.0
152.5
218.5
190.0
212.5
223.0
155.5
110.5
175.0
176.5
142.0
139.0
170.5
125.5
95.5
214.0
125.5
133.0
79.0
43.0
52.0
7.0
107.5
94.0
29.5
182.5
161.5
73.0
56.5
29.5
142.0
76.0
167.5
175.0
44.5
149.5
89.5
190.0
46.0
205.0
149.5
134.5
157.0
26.5
199.0
34.0
59.5
26.5
41.5
32.5
128.5
206.5
68.5
79.0
65.5
206.5
164.5
209.5
161.5
46.0
89.5
64.0
65.5
14.5
209.5
113.5
167.5
205.0
94.0
98.5
205.0
170.5
191.5
172.0
163.0
82.0
122.5
133.0
14.5
74.5
190.0
217.0
140.5
104.5
35.5
188.5
143.5
50.5
82.0
31.0
82.0
43.0
80.5
44.5
190.0
158.5
167.5
22.0
142.0
160.0
74.5
43.0
23.5
104.5
223.0
185.5
185.5
130.0
181.0
187.0
46.0
122.5
145.0
212.5
163.0
41.5
68.5
178.0
158.5
139.0
196.0
136.0
190.0
173.5
110.5
221.5
79.0
196.0
233.5
145.0
121.0
185.5
191.5
130.0
35.5
133.0
85.0
217.0
169.0
113.5
173.5
211.0
203.5
80.5
142.0
139.0
125.5
88.0
53.5
143.5
91.0
188.5
58.0
64.0
142.0
31.0
74.5
209.5
149.5
107.5
125.5
176.5
43.0
34.0
134.5
65.5
175.0
118.0
47.5
143.5
184.0
146.5
67.0
136.0
52.0
59.5
133.0
185.5
143.5
124.0
46.0
76.0
112.0
109.0
193.0
149.5
206.5
106.0
115.0
88.0
139.0
49.0
91.0
127.0
184.0
151.0
181.0
50.5
215.5
217.0
50.5
185.5
49.0
202.0
118.0
100.0
37.0
73.0
191.5
139.0
88.0
68.5
217.0
130.0
172.0
208.0
64.0
73.0
44.5
191.5
190.0
187.0
56.5
100.0
80.5
25.0
130.0
172.0
232.0
38.5
50.5
169.0
158.5
136.0
191.5
35.5
31.0
73.0
181.0
212.5
127.0
184.0
169.0
181.0
53.5
83.5
194.5
61.0
49.0
140.5
94.0
59.5
86.5
130.0
62.5
209.5
232.0
80.5
163.0
44.5
142.0
148.0
77.5
97.0
220.0
190.0
164.5
209.5
37.0
58.0
38.5
214.0
185.5
166.0
16.0
116.5
179.5
178.0
28.0
139.0
112.0
191.5
23.5
113.5
194.5
194.5
127.0
28.0
122.5
88.0
113.5
187.0
190.0
71.5
161.5
77.5
131.5
140.5
167.5
103.0
86.5
181.0
175.0
191.5
118.0
184.0
155.5
199.0
208.0
148.0
152.5
32.5
185.5
55.0
119.5
205.0
32.5
127.0
40.0
154.0
115.0
191.5
110.5
190.0
25.0
46.0
142.0
155.5
35.5
157.0
155.5
46.0
185.5
187.0
155.5
134.5
146.5
169.0
52.0
142.0
196.0
169.0
143.5
226.0
29.5
80.5
53.5
83.5
71.5
146.5
79.0
214.0
149.5
158.5
176.5
13.0
194.5
166.0
220.0
40.0
212.5
203.5
158.5
79.0
182.5
206.5
112.0
83.5
100.0
227.5
184.0
77.5
109.0
217.0
178.0
163.0
218.5
46.0
190.0
44.5
188.5
34.0
119.5
131.5
23.5
76.0
124.0
58.0
137.5
113.5
56.5
187.0
203.5
107.5
116.5
178.0
127.0
104.5
151.0
101.5
155.5
152.5
148.0
11.5
116.5
133.0
49.0
161.5
181.0
202.0
139.0
19.0
70.0
178.0
100.0
101.5
184.0
116.5
67.0
179.5
121.0
137.5
112.0
209.5
181.0
106.0
53.5
53.5
154.0
83.5
89.5
26.5
82.0
226.0
128.5
227.5
29.5
53.5
197.5
185.5
200.5
187.0
103.0
214.0
215.5
202.0
77.5
76.0
163.0
44.5
142.0
31.0
31.0
185.5
49.0
164.5
70.0
11.5
232.0
166.0
58.0
17.5
103.0
197.5
238.0
68.5
130.0
95.5
175.0
169.0
62.5
170.5
