224.5
55.0
200.5
106.0
203.5
221.5
193.0
232.0
152.5
161.5
218.5
175.0
103.0
200.5
184.0
238.0
152.5
154.0
151.0
233.5
229.0
214.0
157.0
208.0
185.5
194.5
115.0
235.0
80.5
212.5
145.0
20.5
193.0
242.5
140.5
205.0
188.5
214.0
226.0
194.5
224.5
218.5
151.0
128.5
148.0
133.0
154.0
233.5
188.5
176.5
197.5
193.0
173.5
212.5
224.5
229.0
217.0
194.5
182.5
196.0
208.0
211.0
209.5
200.5
211.0
215.5
62.5
230.5
197.5
227.5
206.5
146.5
212.5
221.5
175.0
218.5
232.0
229.0
224.5
239.5
224.5
143.5
214.0
103.0
238.0
191.5
94.0
212.5
154.0
142.0
215.5
193.0
187.0
181.0
194.5
170.5
179.5
44.5
229.0
158.5
238.0
145.0
217.0
178.0
220.0
214.0
166.0
194.5
202.0
215.5
242.5
220.0
155.5
139.0
200.5
209.5
239.5
205.0
40.0
130.0
206.5
226.0
188.5
191.5
103.0
193.0
106.0
220.0
196.0
232.0
200.5
208.0
215.5
214.0
233.5
224.5
203.5
197.5
178.0
212.5
209.5
184.0
82.0
227.5
167.5
203.5
157.0
242.5
118.0
122.5
215.5
91.0
77.5
218.5
187.0
217.0
217.0
197.5
229.0
226.0
227.5
203.5
182.5
110.5
137.5
203.5
223.0
223.0
206.5
215.5
226.0
194.5
161.5
232.0
218.5
110.5
205.0
152.5
214.0
211.0
179.5
179.5
188.5
157.0
170.5
214.0
211.0
214.0
199.0
226.0
142.0
214.0
220.0
191.5
139.0
25.0
101.5
163.0
223.0
233.5
197.5
106.0
202.0
208.0
223.0
217.0
227.5
208.0
197.5
205.0
194.5
220.0
203.5
158.5
202.0
209.5
226.0
214.0
212.5
214.0
178.0
176.5
226.0
182.5
220.0
34.0
235.0
232.0
208.0
158.5
175.0
185.5
209.5
209.5
170.5
200.5
179.5
203.5
151.0
206.5
209.5
202.0
175.0
179.5
62.5
226.0
212.5
203.5
154.0
227.5
194.5
200.5
220.0
182.5
164.5
199.0
158.5
199.0
196.0
196.0
226.0
187.0
176.5
208.0
158.5
215.5
167.5
206.5
179.5
140.5
217.0
236.5
206.5
182.5
200.5
136.0
191.5
143.5
193.0
238.0
208.0
229.0
215.5
223.0
200.5
161.5
223.0
215.5
218.5
223.0
197.5
104.5
142.0
178.0
199.0
161.5
224.5
134.5
155.5
62.5
205.0
182.5
187.0
151.0
229.0
215.5
140.5
187.0
169.0
221.5
224.5
202.0
194.5
160.0
217.0
200.5
166.0
121.0
227.5
49.0
227.5
220.0
40.0
178.0
202.0
215.5
187.0
233.5
217.0
205.0
206.5
161.5
190.0
217.0
212.5
133.0
226.0
136.0
214.0
116.5
197.5
130.0
235.0
227.5
230.5
200.5
184.0
170.5
230.5
169.0
182.5
211.0
139.0
233.5
130.0
163.0
163.0
221.5
197.5
209.5
235.0
179.5
196.0
205.0
205.0
170.5
193.0
220.0
224.5
206.5
118.0
146.5
230.5
196.0
224.5
202.0
92.5
106.0
200.5
188.5
101.5
125.5
236.5
197.5
137.5
214.0
205.0
182.5
218.5
169.0
223.0
214.0
232.0
230.5
220.0
178.0
224.5
245.5
212.5
190.0
197.5
131.5
220.0
199.0
215.5
182.5
233.5
169.0
176.5
214.0
185.5
215.5
157.0
215.5
212.5
73.0
175.0
184.0
121.0
118.0
181.0
209.5
184.0
203.5
184.0
124.0
196.0
206.5
167.5
230.5
196.0
169.0
221.5
191.5
218.5
212.5
160.0
169.0
148.0
205.0
239.5
220.0
200.5
191.5
214.0
214.0
160.0
211.0
178.0
224.5
221.5
209.5
200.5
185.5
235.0
215.5
202.0
232.0
215.5
217.0
232.0
119.5
235.0
220.0
217.0
215.5
209.5
244.0
190.0
125.5
200.5
176.5
214.0
181.0
205.0
214.0
118.0
70.0
224.5
139.0
118.0
226.0
106.0
212.5
61.0
173.5
220.0
160.0
190.0
206.5
191.5
212.5
176.5
202.0
230.5
109.0
55.0
148.0
217.0
184.0
200.5
140.5
169.0
211.0
185.5
196.0
230.5
229.0
205.0
230.5
167.5
185.5
223.0
205.0
131.5
221.5
203.5
196.0
223.0
191.5
202.0
215.5
215.5
229.0
110.5
194.5
142.0
215.5
185.5
190.0
232.0
185.5
217.0
221.5
232.0
170.5
218.5
239.5
178.0
176.5
65.5
194.5
209.5
218.5
223.0
226.0
127.0
200.5
193.0
221.5
233.5
221.5
232.0
155.5
37.0
134.5
44.5
217.0
191.5
169.0
211.0
178.0
184.0
202.0
112.0
118.0
233.5
46.0
76.0
137.5
178.0
212.5
68.5
193.0
155.5
41.5
217.0
35.5
158.5
161.5
208.0
224.5
101.5
179.5
205.0
157.0
155.5
214.0
176.5
200.5
242.5
206.5
193.0
199.0
118.0
175.0
211.0
232.0
202.0
76.0
208.0
185.5
220.0
172.0
199.0
206.5
212.5
137.5
214.0
215.5
181.0
208.0
202.0
187.0
202.0
164.5
166.0
211.0
152.5
88.0
224.5
235.0
197.5
109.0
232.0
223.0
178.0
38.5
149.5
209.5
199.0
236.5
167.5
244.0
220.0
19.0
115.0
197.5
184.0
199.0
218.5
137.5
47.5
172.0
176.5
41.5
209.5
181.0
203.5
161.5
187.0
46.0
80.5
232.0
169.0
191.5
130.0
79.0
176.5
215.5
173.5
232.0
200.5
182.5
208.0
208.0
193.0
241.0
136.0
200.5
170.5
184.0
199.0
212.5
133.0
173.5
227.5
175.0
188.5
229.0
226.0
209.5
181.0
169.0
187.0
208.0
184.0
221.5
200.5
215.5
211.0
187.0
184.0
172.0
160.0
224.5
148.0
223.0
187.0
152.5
220.0
176.5
230.5
173.5
199.0
205.0
223.0
239.5
163.0
220.0
196.0
146.5
184.0
209.5
232.0
181.0
149.5
224.5
182.5
206.5
145.0
215.5
206.5
203.5
218.5
206.5
202.0
109.0
161.5
238.0
224.5
157.0
214.0
226.0
203.5
229.0
220.0
227.5
217.0
202.0
226.0
235.0
197.5
217.0
212.5
212.5
170.5
220.0
188.5
205.0
212.5
94.0
143.5
196.0
200.5
208.0
199.0
236.5
203.5
140.5
145.0
226.0
220.0
221.5
146.5
221.5
215.5
215.5
182.5
236.5
226.0
229.0
229.0
218.5
209.5
199.0
217.0
214.0
184.0
178.0
215.5
229.0
220.0
223.0
209.5
208.0
206.5
227.5
212.5
232.0
164.5
205.0
230.5
224.5
215.5
214.0
218.5
130.0
161.5
218.5
226.0
223.0
170.5
182.5
169.0
224.5
227.5
220.0
227.5
209.5
157.0
206.5
232.0
175.0
226.0
182.5
221.5
179.5
205.0
193.0
188.5
235.0
164.5
151.0
215.5
214.0
82.0
190.0
203.5
152.5
191.5
215.5
226.0
236.5
197.5
173.5
181.0
209.5
230.5
172.0
169.0
107.5
200.5
121.0
199.0
164.5
205.0
190.0
203.5
224.5
172.0
94.0
227.5
203.5
199.0
187.0
140.5
149.5
221.5
103.0
58.0
101.5
176.5
208.0
196.0
220.0
203.5
179.5
193.0
182.5
191.5
220.0
175.0
235.0
199.0
187.0
236.5
200.5
208.0
224.5
194.5
142.0
166.0
211.0
224.5
205.0
155.5
155.5
218.5
230.5
190.0
170.5
184.0
229.0
214.0
44.5
167.5
140.5
214.0
236.5
145.0
209.5
226.0
211.0
218.5
211.0
217.0
208.0
191.5
100.0
175.0
200.5
220.0
194.5
154.0
184.0
136.0
125.5
161.5
95.5
182.5
178.0
227.5
223.0
229.0
221.5
175.0
194.5
226.0
197.5
230.5
214.0
188.5
46.0
212.5
190.0
169.0
209.5
170.5
227.5
224.5
152.5
212.5
221.5
220.0
211.0
152.5
122.5
182.5
176.5
193.0
224.5
169.0
142.0
226.0
178.0
190.0
158.5
200.5
175.0
194.5
214.0
164.5
205.0
218.5
115.0
233.5
34.0
164.5
169.0
176.5
175.0
220.0
212.5
91.0
230.5
73.0
100.0
209.5
196.0
206.5
61.0
214.0
214.0
221.5
205.0
161.5
154.0
227.5
227.5
179.5
185.5
211.0
226.0
167.5
196.0
215.5
223.0
152.5
173.5
134.5
217.0
229.0
190.0
163.0
208.0
202.0
166.0
38.5
184.0
184.0
220.0
199.0
199.0
188.5
220.0
83.5
118.0
224.5
202.0
133.0
206.5
178.0
49.0
29.5
217.0
230.5
169.0
196.0
229.0
218.5
208.0
209.5
139.0
221.5
224.5
227.5
232.0
221.5
217.0
44.5
205.0
206.5
233.5
173.5
179.5
211.0
187.0
122.5
211.0
229.0
217.0
152.5
206.5
215.5
199.0
223.0
208.0
221.5
122.5
142.0
163.0
208.0
226.0
226.0
164.5
206.5
208.0
203.5
220.0
235.0
220.0
191.5
71.5
167.5
164.5
203.5
244.0
127.0
197.5
229.0
238.0
166.0
211.0
233.5
154.0
197.5
191.5
221.5
199.0
182.5
37.0
197.5
215.5
167.5
230.5
232.0
242.5
205.0
226.0
41.5
175.0
233.5
196.0
218.5
58.0
197.5
220.0
238.0
178.0
236.5
100.0
167.5
206.5
197.5
221.5
205.0
220.0
175.0
217.0
238.0
193.0
190.0
226.0
232.0
140.5
229.0
224.5
211.0
212.5
206.5
215.5
200.5
139.0
220.0
136.0
217.0
199.0
178.0
169.0
229.0
175.0
197.5
224.5
185.5
233.5
226.0
221.5
226.0
220.0
194.5
170.5
226.0
151.0
187.0
173.5
197.5
136.0
197.5
209.5
209.5
238.0
20.5
179.5
206.5
209.5
172.0
203.5
205.0
233.5
208.0
77.5
217.0
190.0
142.0
221.5
220.0
230.5
76.0
199.0
40.0
178.0
226.0
176.5
217.0
218.5
224.5
224.5
199.0
208.0
232.0
208.0
170.5
223.0
199.0
221.5
200.5
170.5
142.0
97.0
157.0
217.0
181.0
181.0
88.0
146.5
65.5
154.0
185.5
230.5
173.5
220.0
194.5
226.0
217.0
200.5
226.0
209.5
151.0
203.5
208.0
166.0
178.0
236.5
211.0
199.0
202.0
203.5
223.0
203.5
223.0
202.0
236.5
194.5
173.5
110.5
73.0
167.5
220.0
197.5
64.0
202.0
188.5
215.5
206.5
109.0
230.5
217.0
191.5
169.0
65.5
44.5
217.0
218.5
182.5
224.5
220.0
232.0
241.0
182.5
181.0
143.5
208.0
182.5
191.5
173.5
236.5
167.5
232.0
212.5
206.5
223.0
122.5
236.5
194.5
130.0
209.5
221.5
169.0
226.0
131.5
223.0
202.0
191.5
226.0
209.5
227.5
235.0
215.5
196.0
178.0
233.5
203.5
229.0
182.5
215.5
212.5
149.5
224.5
227.5
77.5
208.0
202.0
74.5
232.0
196.0
181.0
193.0
218.5
182.5
230.5
188.5
199.0
209.5
163.0
230.5
74.5
175.0
79.0
98.5
163.0
182.5
226.0
133.0
113.5
149.5
169.0
47.5
200.5
247.0
194.5
166.0
157.0
139.0
122.5
173.5
176.5
113.5
157.0
218.5
218.5
193.0
193.0
151.0
239.5
184.0
176.5
223.0
151.0
194.5
146.5
217.0
218.5
218.5
224.5
214.0
235.0
184.0
224.5
149.5
220.0
193.0
230.5
212.5
137.5
217.0
233.5
191.5
181.0
212.5
205.0
226.0
167.5
221.5
224.5
226.0
205.0
86.5
182.5
224.5
200.5
62.5
215.5
203.5
172.0
206.5
194.5
133.0
155.5
220.0
44.5
206.5
103.0
188.5
226.0
86.5
227.5
170.5
170.5
224.5
212.5
218.5
167.5
217.0
226.0
206.5
160.0
173.5
211.0
224.5
190.0
113.5
202.0
125.5
185.5
205.0
221.5
211.0
215.5
200.5
193.0
214.0
203.5
226.0
197.5
214.0
211.0
199.0
167.5
202.0
217.0
194.5
212.5
233.5
226.0
196.0
203.5
167.5
202.0
95.5
142.0
134.5
223.0
218.5
203.5
218.5
227.5
161.5
161.5
218.5
193.0
110.5
203.5
227.5
164.5
214.0
196.0
200.5
211.0
38.5
215.5
196.0
160.0
190.0
175.0
196.0
244.0
160.0
196.0
137.5
212.5
211.0
71.5
185.5
209.5
187.0
181.0
232.0
49.0
191.5
92.5
212.5
229.0
230.5
155.5
184.0
221.5
107.5
200.5
220.0
160.0
194.5
118.0
199.0
187.0
233.5
239.5
206.5
188.5
151.0
214.0
241.0
223.0
235.0
221.5
122.5
184.0
190.0
194.5
227.5
152.5
194.5
175.0
221.5
188.5
208.0
85.0
181.0
230.5
145.0
211.0
209.5
202.0
227.5
221.5
227.5
185.5
203.5
197.5
127.0
224.5
226.0
221.5
220.0
178.0
217.0
191.5
236.5
179.5
241.0
170.5
214.0
205.0
215.5
226.0
137.5
226.0
209.5
203.5
170.5
190.0
37.0
227.5
181.0
185.5
194.5
236.5
76.0
217.0
209.5
185.5
221.5
211.0
118.0
152.5
176.5
236.5
215.5
193.0
223.0
140.5
215.5
179.5
130.0
70.0
193.0
164.5
50.5
205.0
215.5
161.5
205.0
212.5
191.5
157.0
32.5
217.0
94.0
214.0
196.0
163.0
179.5
203.5
191.5
212.5
145.0
208.0
220.0
43.0
170.5
86.5
200.5
56.5
235.0
202.0
172.0
220.0
149.5
130.0
203.5
226.0
229.0
119.5
167.5
214.0
158.5
200.5
241.0
221.5
137.5
197.5
230.5
166.0
230.5
206.5
230.5
202.0
211.0
223.0
209.5
140.5
224.5
151.0
190.0
226.0
223.0
215.5
229.0
142.0
190.0
38.5
161.5
200.5
181.0
218.5
185.5
202.0
208.0
212.5
185.5
202.0
176.5
226.0
46.0
220.0
245.5
232.0
161.5
98.5
203.5
220.0
173.5
226.0
214.0
38.5
157.0
127.0
175.0
154.0
182.5
202.0
209.5
218.5
65.5
190.0
172.0
184.0
175.0
191.5
223.0
214.0
211.0
211.0
184.0
230.5
232.0
194.5
227.5
215.5
217.0
218.5
245.5
145.0
235.0
214.0
236.5
227.5
167.5
229.0
169.0
224.5
227.5
221.5
214.0
214.0
209.5
200.5
209.5
217.0
34.0
95.5
221.5
205.0
194.5
205.0
184.0
223.0
182.5
212.5
185.5
178.0
88.0
172.0
110.5
217.0
191.5
118.0
227.5
221.5
226.0
161.5
235.0
184.0
148.0
62.5
26.5
59.5
127.0
208.0
217.0
205.0
212.5
220.0
157.0
169.0
208.0
229.0
209.5
223.0
178.0
220.0
197.5
184.0
202.0
217.0
176.5
115.0
128.5
188.5
191.5
209.5
193.0
152.5
208.0
215.5
208.0
178.0
172.0
110.5
203.5
199.0
227.5
194.5
163.0
241.0
106.0
218.5
218.5
128.5
170.5
188.5
212.5
223.0
209.5
232.0
170.5
227.5
218.5
236.5
211.0
208.0
224.5
236.5
164.5
206.5
88.0
209.5
214.0
166.0
203.5
211.0
103.0
151.0
182.5
220.0
223.0
218.5
184.0
236.5
188.5
160.0
215.5
211.0
209.5
229.0
202.0
152.5
167.5
226.0
169.0
221.5
152.5
215.5
209.5
217.0
217.0
170.5
218.5
212.5
223.0
146.5
196.0
217.0
220.0
230.5
241.0
229.0
226.0
223.0
203.5
26.5
209.5
148.0
202.0
221.5
34.0
205.0
241.0
184.0
196.0
221.5
220.0
203.5
172.0
115.0
146.5
179.5
224.5
197.5
170.5
199.0
221.5
236.5
143.5
179.5
221.5
161.5
221.5
115.0
208.0
200.5
218.5
235.0
215.5
226.0
197.5
181.0
89.5
197.5
218.5
34.0
76.0
82.0
161.5
196.0
218.5
226.0
235.0
197.5
44.5
154.0
107.5
211.0
212.5
206.5
179.5
179.5
200.5
196.0
127.0
103.0
163.0
205.0
98.5
232.0
170.5
179.5
133.0
194.5
145.0
218.5
227.5
214.0
200.5
227.5
208.0
200.5
232.0
206.5
247.0
127.0
170.5
220.0
181.0
241.0
188.5
50.5
218.5
199.0
229.0
211.0
244.0
208.0
206.5
56.5
236.5
172.0
232.0
220.0
218.5
205.0
202.0
100.0
188.5
181.0
214.0
218.5
197.5
187.0
194.5
197.5
193.0
43.0
130.0
80.5
181.0
203.5
200.5
131.5
190.0
188.5
220.0
215.5
227.5
160.0
142.0
80.5
170.5
206.5
190.0
221.5
229.0
209.5
116.5
155.5
202.0
206.5
230.5
191.5
199.0
229.0
23.5
233.5
170.5
185.5
68.5
220.0
188.5
214.0
205.0
203.5
208.0
151.0
197.5
179.5
181.0
203.5
200.5
164.5
229.0
208.0
154.0
215.5
233.5
208.0
193.0
232.0
185.5
184.0
196.0
175.0
202.0
197.5
212.5
191.5
157.0
181.0
167.5
205.0
214.0
190.0
196.0
215.5
163.0
175.0
245.5
203.5
217.0
179.5
214.0
197.5
217.0
208.0
176.5
215.5
206.5
187.0
167.5
214.0
137.5
166.0
221.5
152.5
217.0
227.5
187.0
184.0
223.0
28.0
199.0
218.5
211.0
236.5
197.5
221.5
241.0
82.0
178.0
155.5
182.5
199.0
175.0
152.5
185.5
86.5
184.0
199.0
230.5
215.5
64.0
217.0
164.5
182.5
227.5
190.0
223.0
173.5
181.0
55.0
142.0
227.5
226.0
221.5
73.0
196.0
103.0
202.0
229.0
223.0
167.5
173.5
235.0
125.5
221.5
164.5
239.5
223.0
224.5
172.0
233.5
215.5
151.0
223.0
179.5
229.0
244.0
169.0
206.5
190.0
209.5
202.0
158.5
200.5
217.0
160.0
167.5
220.0
221.5
208.0
169.0
217.0
211.0
215.5
164.5
187.0
221.5
224.5
155.5
32.5
194.5
188.5
130.0
223.0
56.5
190.0
80.5
175.0
196.0
224.5
212.5
202.0
178.0
200.5
176.5
226.0
230.5
221.5
184.0
206.5
223.0
236.5
209.5
185.5
200.5
212.5
176.5
215.5
205.0
202.0
221.5
170.5
209.5
136.0
221.5
205.0
146.5
220.0
182.5
212.5
169.0
238.0
208.0
202.0
236.5
220.0
226.0
49.0
199.0
148.0
233.5
218.5
217.0
229.0
187.0
217.0
202.0
236.5
119.5
187.0
214.0
167.5
188.5
212.5
236.5
227.5
218.5
215.5
59.5
98.5
188.5
235.0
182.5
64.0
155.5
221.5
218.5
178.0
199.0
74.5
188.5
194.5
209.5
223.0
230.5
206.5
130.0
196.0
202.0
235.0
227.5
46.0
214.0
176.5
209.5
224.5
134.5
212.5
104.5
125.5
215.5
215.5
199.0
185.5
184.0
197.5
89.5
164.5
211.0
160.0
179.5
187.0
194.5
146.5
191.5
176.5
233.5
155.5
227.5
227.5
196.0
211.0
172.0
101.5
194.5
200.5
212.5
224.5
161.5
124.0
184.0
194.5
203.5
221.5
217.0
194.5
226.0
214.0
155.5
164.5
217.0
131.5
224.5
230.5
104.5
211.0
218.5
217.0
215.5
217.0
212.5
190.0
208.0
176.5
202.0
199.0
220.0
223.0
184.0
221.5
209.5
223.0
214.0
226.0
212.5
128.5
212.5
235.0
95.5
227.5
235.0
193.0
152.5
212.5
178.0
235.0
4.0
202.0
161.5
161.5
226.0
205.0
214.0
170.5
193.0
215.5
238.0
175.0
211.0
209.5
220.0
188.5
205.0
218.5
193.0
205.0
157.0
202.0
157.0
196.0
233.5
235.0
220.0
176.5
205.0
175.0
197.5
187.0
184.0
233.5
223.0
217.0
191.5
179.5
176.5
203.5
202.0
185.5
125.5
139.0
212.5
173.5
124.0
121.0
224.5
220.0
232.0
229.0
187.0
214.0
224.5
158.5
11.5
190.0
214.0
179.5
176.5
143.5
191.5
203.5
191.5
221.5
184.0
160.0
193.0
215.5
154.0
161.5
221.5
227.5
224.5
202.0
127.0
244.0
175.0
53.5
236.5
176.5
194.5
175.0
188.5
221.5
211.0
211.0
79.0
148.0
202.0
157.0
190.0
230.5
202.0
188.5
214.0
227.5
226.0
196.0
212.5
236.5
157.0
116.5
227.5
221.5
211.0
208.0
118.0
227.5
232.0
134.5
62.5
221.5
205.0
221.5
236.5
184.0
94.0
232.0
217.0
197.5
200.5
217.0
217.0
203.5
172.0
139.0
208.0
155.5
217.0
227.5
224.5
83.5
208.0
187.0
112.0
167.5
200.5
229.0
152.5
208.0
200.5
214.0
155.5
184.0
224.5
221.5
179.5
151.0
163.0
158.5
233.5
238.0
178.0
206.5
178.0
209.5
215.5
119.5
196.0
170.5
227.5
197.5
196.0
205.0
136.0
169.0
167.5
209.5
164.5
11.5
200.5
214.0
200.5
227.5
166.0
220.0
229.0
172.0
214.0
191.5
161.5
179.5
205.0
212.5
220.0
220.0
172.0
205.0
158.5
164.5
190.0
212.5
230.5
127.0
221.5
223.0
193.0
220.0
187.0
98.5
217.0
218.5
211.0
181.0
118.0
224.5
226.0
22.0
212.5
208.0
196.0
160.0
182.5
31.0
74.5
193.0
208.0
182.5
124.0
214.0
194.5
203.5
176.5
179.5
215.5
169.0
169.0
103.0
197.5
239.5
178.0
185.5
202.0
206.5
206.5
214.0
176.5
229.0
167.5
217.0
110.5
203.5
202.0
59.5
169.0
214.0
185.5
218.5
200.5
197.5
164.5
221.5
217.0
242.5
200.5
107.5
224.5
217.0
206.5
217.0
196.0
203.5
212.5
199.0
206.5
182.5
157.0
208.0
218.5
226.0
176.5
227.5
230.5
137.5
214.0
194.5
169.0
209.5
199.0
167.5
61.0
214.0
224.5
65.5
190.0
202.0
176.5
199.0
238.0
196.0
214.0
191.5
215.5
175.0
206.5
127.0
223.0
157.0
221.5
199.0
221.5
232.0
176.5
212.5
218.5
170.5
178.0
166.0
236.5
202.0
170.5
221.5
55.0
229.0
196.0
199.0
163.0
110.5
196.0
218.5
161.5
229.0
208.0
193.0
170.5
212.5
220.0
196.0
215.5
100.0
103.0
112.0
190.0
70.0
205.0
241.0
140.5
182.5
188.5
200.5
200.5
121.0
148.0
230.5
182.5
212.5
232.0
217.0
230.5
223.0
103.0
157.0
121.0
76.0
47.5
236.5
229.0
193.0
142.0
221.5
214.0
163.0
193.0
224.5
202.0
146.5
211.0
170.5
212.5
188.5
154.0
217.0
218.5
176.5
227.5
215.5
185.5
200.5
178.0
217.0
224.5
226.0
209.5
190.0
157.0
125.5
178.0
236.5
184.0
209.5
221.5
236.5
208.0
142.0
86.5
188.5
181.0
188.5
221.5
151.0
155.5
160.0
209.5
85.0
194.5
223.0
170.5
164.5
223.0
176.5
200.5
149.5
184.0
217.0
172.0
77.5
190.0
241.0
167.5
163.0
197.5
169.0
169.0
68.5
142.0
199.0
224.5
145.0
217.0
193.0
199.0
226.0
196.0
59.5
154.0
190.0
235.0
218.5
220.0
220.0
202.0
221.5
181.0
181.0
148.0
172.0
196.0
230.5
241.0
235.0
197.5
173.5
211.0
94.0
221.5
202.0
206.5
215.5
185.5
167.5
104.5
218.5
113.5
166.0
193.0
194.5
196.0
218.5
139.0
212.5
218.5
214.0
176.5
236.5
161.5
172.0
170.5
190.0
209.5
182.5
221.5
139.0
71.5
196.0
185.5
223.0
224.5
205.0
197.5
178.0
190.0
214.0
178.0
209.5
137.5
227.5
214.0
224.5
208.0
158.5
173.5
208.0
224.5
199.0
175.0
209.5
212.5
203.5
214.0
155.5
212.5
188.5
236.5
212.5
226.0
203.5
236.5
164.5
199.0
220.0
229.0
211.0
205.0
46.0
143.5
205.0
68.5
200.5
223.0
130.0
233.5
187.0
97.0
133.0
40.0
202.0
35.5
232.0
229.0
148.0
239.5
209.5
52.0
209.5
202.0
184.0
220.0
131.5
167.5
188.5
124.0
221.5
208.0
172.0
224.5
131.5
193.0
116.5
200.5
229.0
202.0
197.5
196.0
193.0
194.5
170.5
205.0
58.0
52.0
230.5
175.0
101.5
206.5
227.5
194.5
196.0
73.0
209.5
94.0
208.0
85.0
148.0
220.0
223.0
197.5
181.0
101.5
206.5
209.5
212.5
47.5
194.5
187.0
223.0
241.0
239.5
169.0
158.5
202.0
203.5
179.5
226.0
170.5
203.5
197.5
98.5
221.5
230.5
212.5
197.5
206.5
188.5
191.5
185.5
121.0
235.0
197.5
193.0
224.5
200.5
220.0
188.5
227.5
62.5
221.5
197.5
226.0
235.0
202.0
208.0
167.5
229.0
188.5
130.0
127.0
190.0
136.0
212.5
179.5
223.0
86.5
224.5
220.0
205.0
202.0
226.0
224.5
211.0
206.5
211.0
202.0
235.0
227.5
223.0
197.5
146.5
214.0
172.0
163.0
182.5
209.5
71.5
194.5
226.0
203.5
212.5
194.5
200.5
212.5
227.5
221.5
211.0
220.0
185.5
199.0
218.5
214.0
181.0
133.0
215.5
175.0
199.0
235.0
179.5
226.0
226.0
214.0
202.0
191.5
161.5
181.0
226.0
62.5
208.0
232.0
211.0
209.5
50.5
202.0
179.5
196.0
172.0
139.0
151.0
32.5
185.5
161.5
169.0
190.0
154.0
212.5
178.0
233.5
209.5
182.5
176.5
157.0
208.0
217.0
181.0
194.5
196.0
167.5
205.0
208.0
106.0
203.5
229.0
215.5
227.5
190.0
230.5
119.5
224.5
206.5
197.5
214.0
214.0
143.5
206.5
194.5
169.0
226.0
218.5
233.5
227.5
208.0
235.0
212.5
208.0
191.5
89.5
242.5
188.5
191.5
212.5
227.5
197.5
226.0
217.0
202.0
220.0
100.0
149.5
223.0
215.5
230.5
170.5
191.5
244.0
185.5
223.0
212.5
145.0
92.5
232.0
110.5
164.5
197.5
209.5
224.5
218.5
209.5
185.5
190.0
199.0
238.0
218.5
181.0
202.0
214.0
214.0
155.5
191.5
184.0
214.0
136.0
166.0
52.0
169.0
218.5
215.5
220.0
131.5
208.0
239.5
211.0
209.5
196.0
203.5
227.5
148.0
212.5
232.0
212.5
163.0
227.5
191.5
16.0
172.0
209.5
166.0
218.5
193.0
140.5
188.5
173.5
169.0
187.0
223.0
238.0
212.5
230.5
182.5
211.0
158.5
220.0
200.5
211.0
194.5
217.0
178.0
143.5
196.0
185.5
179.5
220.0
242.5
158.5
166.0
190.0
187.0
118.0
173.5
236.5
91.0
203.5
214.0
202.0
224.5
188.5
188.5
202.0
229.0
152.5
188.5
223.0
209.5
214.0
235.0
143.5
190.0
223.0
233.5
130.0
193.0
244.0
217.0
221.5
196.0
232.0
145.0
31.0
215.5
235.0
229.0
217.0
164.5
179.5
203.5
230.5
223.0
220.0
155.5
58.0
128.5
211.0
238.0
220.0
206.5
182.5
224.5
217.0
191.5
208.0
199.0
59.5
185.5
170.5
167.5
221.5
223.0
146.5
211.0
229.0
152.5
193.0
203.5
233.5
25.0
205.0
214.0
140.5
221.5
232.0
185.5
136.0
122.5
143.5
200.5
205.0
224.5
103.0
170.5
133.0
199.0
188.5
212.5
79.0
214.0
185.5
173.5
176.5
193.0
230.5
185.5
220.0
233.5
203.5
203.5
98.5
172.0
236.5
212.5
229.0
227.5
226.0
212.5
236.5
194.5
203.5
133.0
137.5
211.0
227.5
191.5
229.0
142.0
199.0
224.5
182.5
209.5
187.0
154.0
205.0
131.5
113.5
164.5
193.0
203.5
185.5
29.5
211.0
100.0
172.0
190.0
158.5
179.5
238.0
190.0
184.0
130.0
173.5
218.5
212.5
196.0
199.0
217.0
220.0
206.5
181.0
196.0
178.0
16.0
224.5
196.0
221.5
185.5
224.5
224.5
202.0
193.0
64.0
202.0
218.5
209.5
175.0
229.0
223.0
209.5
206.5
220.0
155.5
163.0
235.0
115.0
223.0
233.5
148.0
140.5
202.0
242.5
232.0
193.0
155.5
64.0
176.5
155.5
224.5
142.0
149.5
44.5
124.0
226.0
146.5
199.0
49.0
125.5
191.5
94.0
229.0
194.5
176.5
86.5
215.5
199.0
74.5
169.0
203.5
229.0
194.5
100.0
194.5
212.5
233.5
191.5
223.0
218.5
209.5
55.0
223.0
229.0
122.5
182.5
143.5
151.0
230.5
206.5
215.5
221.5
175.0
113.5
230.5
238.0
142.0
218.5
172.0
185.5
82.0
178.0
179.5
145.0
193.0
190.0
214.0
160.0
209.5
214.0
221.5
182.5
199.0
220.0
241.0
169.0
208.0
98.5
241.0
194.5
223.0
112.0
131.5
187.0
215.5
220.0
169.0
74.5
212.5
91.0
212.5
226.0
188.5
230.5
227.5
194.5
136.0
181.0
215.5
166.0
160.0
211.0
43.0
226.0
82.0
203.5
185.5
194.5
176.5
170.5
208.0
169.0
220.0
205.0
239.5
214.0
203.5
218.5
229.0
211.0
224.5
179.5
35.5
179.5
194.5
215.5
209.5
217.0
226.0
209.5
221.5
224.5
235.0
206.5
208.0
196.0
137.5
179.5
211.0
209.5
227.5
199.0
193.0
137.5
196.0
194.5
224.5
169.0
214.0
182.5
205.0
164.5
103.0
127.0
217.0
194.5
206.5
158.5
169.0
217.0
190.0
212.5
83.5
157.0
206.5
173.5
220.0
223.0
223.0
193.0
218.5
164.5
178.0
214.0
238.0
223.0
217.0
164.5
208.0
224.5
223.0
202.0
199.0
58.0
235.0
197.5
161.5
214.0
158.5
212.5
197.5
212.5
217.0
157.0
166.0
191.5
220.0
188.5
208.0
229.0
230.5
208.0
199.0
218.5
242.5
215.5
217.0
184.0
206.5
220.0
220.0
217.0
196.0
227.5
205.0
164.5
215.5
232.0
205.0
206.5
200.5
184.0
196.0
196.0
197.5
175.0
143.5
203.5
172.0
215.5
227.5
199.0
194.5
170.5
176.5
239.5
241.0
223.0
215.5
212.5
40.0
242.5
184.0
203.5
142.0
223.0
208.0
238.0
220.0
176.5
193.0
175.0
38.5
217.0
122.5
211.0
206.5
208.0
166.0
217.0
209.5
220.0
76.0
211.0
197.5
179.5
217.0
184.0
205.0
176.5
155.5
221.5
154.0
217.0
221.5
208.0
178.0
217.0
196.0
163.0
238.0
173.5
181.0
233.5
199.0
202.0
139.0
238.0
211.0
190.0
205.0
205.0
235.0
221.5
134.5
164.5
155.5
208.0
158.5
190.0
205.0
233.5
172.0
155.5
233.5
139.0
172.0
73.0
139.0
200.5
139.0
38.5
98.5
197.5
145.0
194.5
149.5
215.5
167.5
55.0
200.5
152.5
218.5
163.0
100.0
190.0
223.0
176.5
221.5
218.5
214.0
232.0
76.0
214.0
119.5
194.5
182.5
235.0
77.5
227.5
182.5
209.5
155.5
190.0
170.5
188.5
232.0
95.5
202.0
202.0
188.5
221.5
212.5
205.0
206.5
203.5
244.0
208.0
226.0
212.5
175.0
241.0
221.5
220.0
85.0
185.5
181.0
227.5
223.0
208.0
167.5
185.5
199.0
209.5
218.5
136.0
217.0
197.5
194.5
224.5
227.5
106.0
230.5
77.5
215.5
215.5
200.5
187.0
221.5
181.0
191.5
104.5
152.5
206.5
187.0
148.0
185.5
101.5
229.0
197.5
181.0
140.5
89.5
200.5
199.0
199.0
103.0
40.0
181.0
212.5
226.0
221.5
206.5
25.0
172.0
196.0
194.5
212.5
227.5
230.5
119.5
95.5
206.5
61.0
208.0
220.0
217.0
214.0
193.0
184.0
218.5
215.5
163.0
155.5
226.0
158.5
224.5
149.5
227.5
199.0
176.5
226.0
184.0
217.0
200.5
215.5
199.0
44.5
199.0
208.0
211.0
217.0
175.0
202.0
229.0
185.5
185.5
155.5
203.5
229.0
127.0
202.0
215.5
121.0
220.0
230.5
211.0
226.0
191.5
208.0
211.0
121.0
205.0
215.5
205.0
223.0
223.0
161.5
208.0
149.5
136.0
224.5
233.5
206.5
136.0
200.5
146.5
209.5
158.5
176.5
166.0
194.5
203.5
182.5
229.0
217.0
227.5
217.0
233.5
212.5
203.5
220.0
220.0
167.5
230.5
211.0
161.5
134.5
223.0
227.5
223.0
205.0
131.5
211.0
227.5
224.5
218.5
227.5
236.5
104.5
31.0
223.0
232.0
77.5
50.5
205.0
175.0
232.0
215.5
212.5
212.5
83.5
122.5
236.5
220.0
217.0
212.5
149.5
200.5
163.0
232.0
224.5
226.0
160.0
191.5
224.5
211.0
175.0
223.0
221.5
187.0
208.0
182.5
172.0
223.0
187.0
223.0
164.5
149.5
227.5
197.5
209.5
212.5
44.5
179.5
185.5
224.5
136.0
223.0
230.5
223.0
191.5
214.0
211.0
190.0
194.5
214.0
199.0
191.5
199.0
182.5
59.5
202.0
226.0
194.5
223.0
205.0
176.5
109.0
137.5
149.5
211.0
199.0
130.0
209.5
217.0
173.5
226.0
161.5
191.5
190.0
161.5
194.5
169.0
215.5
202.0
116.5
236.5
214.0
236.5
187.0
224.5
206.5
71.5
131.5
223.0
227.5
214.0
112.0
223.0
211.0
229.0
188.5
211.0
185.5
161.5
143.5
215.5
166.0
233.5
196.0
187.0
127.0
134.5
187.0
212.5
193.0
181.0
221.5
214.0
89.5
220.0
206.5
37.0
244.0
188.5
241.0
218.5
205.0
125.5
124.0
233.5
190.0
166.0
194.5
196.0
184.0
86.5
179.5
235.0
220.0
197.5
203.5
224.5
137.5
115.0
115.0
205.0
199.0
161.5
128.5
194.5
197.5
233.5
221.5
226.0
164.5
110.5
212.5
203.5
68.5
206.5
188.5
200.5
220.0
131.5
229.0
206.5
133.0
239.5
146.5
199.0
205.0
221.5
215.5
133.0
142.0
203.5
191.5
215.5
172.0
224.5
200.5
197.5
236.5
194.5
220.0
148.0
191.5
140.5
167.5
196.0
202.0
197.5
209.5
62.5
203.5
187.0
208.0
212.5
61.0
89.5
209.5
229.0
182.5
232.0
214.0
206.5
176.5
155.5
223.0
233.5
218.5
143.5
227.5
221.5
202.0
224.5
202.0
98.5
218.5
191.5
124.0
175.0
218.5
226.0
206.5
211.0
100.0
134.5
223.0
160.0
128.5
199.0
134.5
109.0
233.5
220.0
218.5
239.5
191.5
232.0
227.5
217.0
164.5
202.0
217.0
134.5
197.5
188.5
8.5
226.0
170.5
179.5
224.5
236.5
217.0
220.0
217.0
211.0
142.0
119.5
166.0
208.0
218.5
196.0
233.5
178.0
223.0
215.5
38.5
200.5
218.5
104.5
124.0
232.0
157.0
178.0
232.0
166.0
214.0
185.5
211.0
209.5
197.5
215.5
173.5
215.5
199.0
233.5
146.5
218.5
218.5
155.5
206.5
220.0
172.0
133.0
227.5
146.5
23.5
224.5
220.0
179.5
185.5
223.0
220.0
220.0
197.5
208.0
191.5
230.5
197.5
181.0
229.0
182.5
143.5
212.5
164.5
143.5
221.5
160.0
151.0
113.5
206.5
184.0
70.0
226.0
134.5
209.5
221.5
221.5
188.5
202.0
236.5
188.5
161.5
224.5
211.0
227.5
214.0
208.0
185.5
86.5
220.0
211.0
191.5
212.5
203.5
193.0
170.5
220.0
206.5
71.5
227.5
220.0
161.5
223.0
212.5
229.0
206.5
199.0
89.5
23.5
203.5
151.0
137.5
227.5
214.0
173.5
193.0
203.5
235.0
211.0
215.5
68.5
188.5
113.5
179.5
224.5
220.0
217.0
229.0
208.0
139.0
191.5
193.0
191.5
229.0
92.5
205.0
209.5
217.0
197.5
206.5
115.0
209.5
224.5
50.5
235.0
154.0
206.5
241.0
232.0
74.5
166.0
241.0
182.5
188.5
229.0
160.0
191.5
233.5
224.5
188.5
206.5
196.0
208.0
232.0
29.5
215.5
211.0
226.0
161.5
223.0
190.0
176.5
181.0
187.0
202.0
169.0
214.0
196.0
88.0
161.5
230.5
238.0
209.5
233.5
163.0
109.0
221.5
205.0
227.5
200.5
199.0
184.0
224.5
217.0
194.5
202.0
166.0
241.0
191.5
211.0
202.0
67.0
221.5
214.0
203.5
223.0
211.0
235.0
184.0
226.0
218.5
194.5
221.5
206.5
245.5
223.0
236.5
211.0
163.0
212.5
211.0
196.0
223.0
223.0
200.5
215.5
203.5
190.0
214.0
242.5
164.5
139.0
181.0
140.5
176.5
212.5
172.0
178.0
191.5
221.5
209.5
214.0
220.0
208.0
232.0
185.5
226.0
197.5
208.0
220.0
211.0
211.0
191.5
188.5
47.5
212.5
217.0
217.0
202.0
196.0
170.5
223.0
193.0
149.5
221.5
172.0
214.0
148.0
115.0
214.0
70.0
160.0
182.5
197.5
188.5
217.0
146.5
176.5
211.0
224.5
161.5
224.5
238.0
151.0
236.5
220.0
208.0
166.0
238.0
181.0
221.5
232.0
194.5
176.5
118.0
190.0
154.0
214.0
161.5
179.5
197.5
230.5
235.0
221.5
206.5
223.0
137.5
227.5
91.0
176.5
209.5
181.0
179.5
230.5
203.5
197.5
146.5
211.0
226.0
175.0
233.5
158.5
223.0
167.5
220.0
230.5
107.5
224.5
218.5
190.0
211.0
220.0
220.0
187.0
221.5
91.0
190.0
218.5
208.0
163.0
182.5
152.5
175.0
223.0
214.0
158.5
211.0
226.0
224.5
118.0
200.5
209.5
244.0
133.0
230.5
212.5
203.5
208.0
185.5
206.5
86.5
217.0
203.5
206.5
239.5
218.5
163.0
235.0
101.5
214.0
163.0
218.5
227.5
203.5
220.0
223.0
218.5
230.5
178.0
206.5
236.5
137.5
202.0
214.0
73.0
190.0
217.0
188.5
209.5
193.0
238.0
190.0
217.0
211.0
230.5
167.5
227.5
217.0
202.0
244.0
62.5
70.0
221.5
214.0
176.5
176.5
148.0
179.5
184.0
199.0
71.5
208.0
187.0
197.5
82.0
199.0
199.0
218.5
118.0
193.0
184.0
152.5
218.5
199.0
179.5
212.5
140.5
212.5
218.5
208.0
154.0
235.0
233.5
221.5
215.5
220.0
233.5
229.0
212.5
200.5
226.0
190.0
212.5
229.0
208.0
190.0
196.0
211.0
125.5
140.5
59.5
167.5
197.5
157.0
206.5
202.0
155.5
239.5
197.5
188.5
58.0
151.0
157.0
224.5
200.5
80.5
166.0
212.5
173.5
211.0
200.5
203.5
226.0
217.0
220.0
211.0
218.5
26.5
19.0
202.0
223.0
205.0
196.0
161.5
76.0
179.5
199.0
181.0
196.0
106.0
211.0
49.0
215.5
190.0
200.5
121.0
205.0
202.0
221.5
215.5
200.5
179.5
233.5
203.5
202.0
47.5
202.0
155.5
200.5
221.5
151.0
82.0
175.0
179.5
215.5
184.0
137.5
185.5
197.5
214.0
215.5
181.0
209.5
206.5
167.5
181.0
227.5
151.0
179.5
220.0
211.0
175.0
205.0
146.5
194.5
163.0
220.0
169.0
206.5
214.0
202.0
200.5
226.0
202.0
218.5
233.5
203.5
88.0
89.5
191.5
188.5
134.5
211.0
217.0
202.0
107.5
203.5
109.0
226.0
226.0
248.5
211.0
194.5
238.0
212.5
233.5
91.0
220.0
232.0
187.0
206.5
160.0
215.5
196.0
182.5
227.5
212.5
151.0
211.0
137.5
169.0
218.5
206.5
220.0
52.0
199.0
70.0
194.5
199.0
221.5
208.0
233.5
224.5
203.5
226.0
215.5
226.0
191.5
190.0
172.0
194.5
170.5
214.0
238.0
203.5
200.5
184.0
215.5
142.0
151.0
202.0
217.0
202.0
220.0
133.0
200.5
199.0
200.5
163.0
172.0
208.0
215.5
208.0
178.0
161.5
233.5
227.5
152.5
176.5
118.0
235.0
190.0
47.5
200.5
193.0
211.0
128.5
124.0
184.0
203.5
200.5
233.5
173.5
143.5
227.5
116.5
176.5
119.5
209.5
221.5
181.0
190.0
208.0
217.0
161.5
163.0
178.0
239.5
203.5
209.5
139.0
221.5
230.5
232.0
218.5
116.5
58.0
200.5
212.5
209.5
202.0
200.5
239.5
200.5
182.5
209.5
202.0
214.0
196.0
218.5
227.5
143.5
209.5
71.5
197.5
113.5
191.5
223.0
223.0
140.5
197.5
230.5
152.5
179.5
232.0
203.5
163.0
202.0
205.0
188.5
221.5
229.0
134.5
218.5
229.0
169.0
203.5
176.5
149.5
200.5
97.0
182.5
217.0
227.5
172.0
214.0
110.5
115.0
125.5
193.0
122.5
185.5
208.0
176.5
224.5
107.5
233.5
194.5
197.5
218.5
197.5
143.5
211.0
169.0
226.0
199.0
200.5
188.5
209.5
151.0
199.0
122.5
220.0
184.0
121.0
197.5
199.0
212.5
218.5
193.0
221.5
245.5
71.5
172.0
226.0
220.0
224.5
80.5
239.5
212.5
223.0
163.0
221.5
188.5
214.0
241.0
208.0
202.0
224.5
196.0
233.5
224.5
206.5
169.0
154.0
193.0
220.0
206.5
169.0
211.0
211.0
34.0
212.5
217.0
148.0
211.0
187.0
205.0
197.5
194.5
221.5
205.0
214.0
221.5
218.5
212.5
226.0
148.0
118.0
212.5
218.5
89.5
167.5
50.5
206.5
221.5
239.5
202.0
212.5
202.0
205.0
194.5
169.0
170.5
203.5
167.5
209.5
220.0
205.0
220.0
145.0
187.0
239.5
203.5
193.0
121.0
193.0
203.5
176.5
172.0
194.5
221.5
128.5
226.0
179.5
206.5
205.0
122.5
170.5
170.5
136.0
158.5
214.0
229.0
166.0
233.5
212.5
220.0
190.0
181.0
200.5
221.5
194.5
220.0
169.0
223.0
209.5
157.0
95.5
7.0
185.5
206.5
173.5
199.0
233.5
158.5
148.0
157.0
211.0
172.0
169.0
187.0
184.0
233.5
185.5
214.0
241.0
206.5
229.0
226.0
85.0
199.0
214.0
232.0
214.0
224.5
161.5
218.5
157.0
196.0
