406.5
300.0
108.0
751.5
231.0
108.0
544.5
909.0
360.0
709.5
577.5
570.0
729.0
315.0
607.5
849.0
357.0
300.0
90.0
93.0
127.5
516.0
298.5
516.0
847.5
1203.0
454.5
519.0
345.0
378.0
162.0
138.0
1014.0
345.0
405.0
942.0
897.0
282.0
69.0
166.5
942.0
382.5
352.5
787.5
567.0
543.0
807.0
543.0
624.0
1083.0
487.5
480.0
580.5
564.0
433.5
940.5
178.5
454.5
136.5
246.0
295.5
337.5
1404.0
676.5
570.0
408.0
958.5
612.0
127.5
472.5
1335.0
691.5
633.0
646.5
79.5
931.5
336.0
736.5
1065.0
63.0
531.0
691.5
349.5
513.0
687.0
574.5
388.5
586.5
904.5
433.5
442.5
787.5
541.5
846.0
907.5
652.5
663.0
100.5
204.0
873.0
943.5
769.5
340.5
552.0
328.5
508.5
1171.5
286.5
1482.0
265.5
124.5
291.0
700.5
79.5
424.5
454.5
1075.5
369.0
261.0
643.5
138.0
540.0
190.5
936.0
600.0
361.5
612.0
1273.5
502.5
163.5
169.5
388.5
1318.5
231.0
718.5
561.0
43.5
619.5
468.0
346.5
564.0
352.5
919.5
1237.5
156.0
769.5
630.0
300.0
618.0
75.0
270.0
1195.5
348.0
309.0
202.5
282.0
193.5
595.5
334.5
385.5
217.5
208.5
736.5
510.0
1039.5
1219.5
651.0
279.0
97.5
711.0
502.5
243.0
837.0
417.0
223.5
393.0
462.0
1179.0
544.5
421.5
432.0
456.0
252.0
307.5
582.0
499.5
513.0
214.5
271.5
72.0
918.0
513.0
1018.5
525.0
106.5
1153.5
400.5
715.5
273.0
169.5
400.5
952.5
96.0
520.5
859.5
225.0
100.5
1536.0
144.0
739.5
636.0
114.0
148.5
811.5
379.5
351.0
382.5
498.0
370.5
339.0
528.0
169.5
715.5
345.0
633.0
597.0
241.5
136.5
460.5
426.0
313.5
390.0
829.5
202.5
388.5
519.0
864.0
745.5
331.5
447.0
165.0
453.0
1395.0
960.0
537.0
681.0
360.0
261.0
130.5
255.0
63.0
612.0
811.5
147.0
850.5
336.0
486.0
571.5
397.5
792.0
679.5
327.0
246.0
771.0
423.0
259.5
13.5
391.5
454.5
444.0
427.5
612.0
726.0
261.0
1669.5
418.5
735.0
639.0
406.5
816.0
628.5
310.5
778.5
502.5
322.5
570.0
357.0
193.5
406.5
319.5
991.5
255.0
319.5
109.5
76.5
189.0
772.5
225.0
825.0
157.5
685.5
522.0
343.5
642.0
120.0
145.5
430.5
873.0
432.0
538.5
1281.0
259.5
873.0
495.0
375.0
634.5
286.5
231.0
490.5
483.0
960.0
918.0
345.0
643.5
201.0
228.0
288.0
805.5
331.5
672.0
244.5
607.5
735.0
222.0
232.5
399.0
490.5
486.0
613.5
132.0
331.5
397.5
340.5
1023.0
501.0
879.0
451.5
757.5
15.0
603.0
481.5
312.0
1030.5
363.0
327.0
219.0
216.0
556.5
802.5
987.0
258.0
453.0
162.0
21.0
367.5
592.5
115.5
165.0
312.0
432.0
144.0
252.0
661.5
453.0
501.0
190.5
607.5
328.5
766.5
348.0
658.5
288.0
190.5
1326.0
78.0
226.5
540.0
738.0
406.5
691.5
97.5
507.0
501.0
295.5
460.5
709.5
385.5
690.0
453.0
721.5
393.0
378.0
411.0
807.0
1395.0
555.0
343.5
1111.5
238.5
397.5
715.5
696.0
253.5
469.5
883.5
856.5
183.0
562.5
201.0
558.0
142.5
1017.0
403.5
675.0
831.0
583.5
529.5
501.0
978.0
93.0
349.5
973.5
123.0
390.0
930.0
496.5
489.0
645.0
955.5
307.5
426.0
603.0
163.5
544.5
187.5
372.0
235.5
471.0
333.0
564.0
39.0
1063.5
1278.0
291.0
102.0
1032.0
1045.5
270.0
676.5
282.0
271.5
808.5
393.0
424.5
855.0
1026.0
897.0
144.0
288.0
1315.5
772.5
438.0
499.5
508.5
366.0
471.0
1246.5
580.5
303.0
211.5
372.0
160.5
268.5
408.0
495.0
732.0
294.0
544.5
1077.0
64.5
394.5
916.5
504.0
444.0
1132.5
361.5
286.5
427.5
993.0
325.5
324.0
451.5
234.0
520.5
879.0
106.5
1000.5
202.5
337.5
444.0
609.0
439.5
556.5
249.0
505.5
495.0
784.5
1132.5
55.5
436.5
207.0
165.0
420.0
772.5
484.5
436.5
645.0
810.0
183.0
990.0
582.0
115.5
811.5
304.5
618.0
867.0
909.0
189.0
91.5
93.0
532.5
592.5
217.5
948.0
175.5
96.0
282.0
345.0
880.5
427.5
621.0
528.0
430.5
210.0
177.0
303.0
372.0
559.5
232.5
649.5
849.0
748.5
294.0
213.0
331.5
721.5
250.5
640.5
105.0
360.0
213.0
1284.0
525.0
216.0
1051.5
466.5
346.5
379.5
1359.0
435.0
942.0
58.5
295.5
250.5
616.5
834.0
1144.5
624.0
802.5
315.0
478.5
532.5
268.5
687.0
118.5
574.5
504.0
351.0
234.0
724.5
202.5
745.5
264.0
754.5
744.0
54.0
636.0
418.5
141.0
535.5
582.0
939.0
1527.0
214.5
972.0
163.5
495.0
169.5
1377.0
1143.0
1411.5
1477.5
279.0
1183.5
586.5
220.5
501.0
76.5
660.0
589.5
732.0
241.5
364.5
450.0
364.5
309.0
381.0
661.5
262.5
1324.5
114.0
175.5
270.0
660.0
765.0
174.0
874.5
343.5
294.0
210.0
130.5
313.5
345.0
271.5
678.0
465.0
981.0
766.5
684.0
300.0
559.5
717.0
591.0
1036.5
274.5
1141.5
1500.0
79.5
159.0
496.5
520.5
453.0
418.5
351.0
154.5
1281.0
138.0
510.0
756.0
879.0
102.0
939.0
643.5
162.0
637.5
760.5
100.5
9.0
252.0
280.5
1038.0
643.5
474.0
964.5
495.0
570.0
384.0
162.0
876.0
177.0
1006.5
919.5
700.5
295.5
601.5
687.0
1384.5
225.0
1110.0
831.0
634.5
747.0
460.5
492.0
510.0
603.0
79.5
142.5
1069.5
18.0
378.0
165.0
418.5
309.0
898.5
798.0
1141.5
1051.5
514.5
684.0
162.0
331.5
826.5
975.0
984.0
124.5
519.0
753.0
217.5
234.0
1228.5
369.0
211.5
328.5
837.0
150.0
151.5
195.0
240.0
525.0
300.0
685.5
351.0
1069.5
492.0
250.5
996.0
370.5
165.0
66.0
510.0
370.5
507.0
1249.5
970.5
685.5
909.0
1489.5
940.5
609.0
186.0
213.0
789.0
586.5
393.0
330.0
595.5
300.0
336.0
793.5
270.0
126.0
648.0
247.5
1386.0
741.0
148.5
394.5
552.0
289.5
139.5
400.5
630.0
84.0
336.0
924.0
946.5
600.0
853.5
360.0
772.5
204.0
567.0
313.5
685.5
409.5
1006.5
877.5
561.0
291.0
699.0
259.5
196.5
763.5
160.5
276.0
181.5
766.5
244.5
352.5
138.0
204.0
1276.5
1057.5
264.0
1035.0
373.5
132.0
229.5
901.5
759.0
534.0
363.0
679.5
1386.0
331.5
646.5
640.5
199.5
288.0
646.5
735.0
621.0
769.5
282.0
525.0
724.5
345.0
1017.0
997.5
285.0
520.5
640.5
430.5
751.5
112.5
186.0
276.0
301.5
640.5
319.5
508.5
408.0
822.0
708.0
130.5
79.5
196.5
49.5
162.0
559.5
349.5
318.0
612.0
379.5
343.5
663.0
357.0
303.0
1045.5
147.0
76.5
190.5
339.0
568.5
307.5
310.5
552.0
184.5
796.5
394.5
540.0
418.5
289.5
474.0
934.5
588.0
531.0
519.0
222.0
633.0
1068.0
211.5
751.5
166.5
477.0
1030.5
115.5
262.5
651.0
1036.5
66.0
93.0
387.0
156.0
352.5
247.5
1138.5
688.5
502.5
660.0
567.0
583.5
597.0
1032.0
682.5
241.5
295.5
934.5
528.0
226.5
613.5
150.0
474.0
307.5
526.5
502.5
1032.0
198.0
336.0
916.5
388.5
202.5
571.5
109.5
321.0
187.5
1146.0
321.0
327.0
166.5
838.5
301.5
796.5
337.5
348.0
606.0
520.5
673.5
57.0
217.5
162.0
1191.0
738.0
541.5
886.5
870.0
336.0
403.5
621.0
99.0
984.0
681.0
171.0
279.0
277.5
340.5
576.0
198.0
868.5
820.5
622.5
1240.5
135.0
168.0
193.5
178.5
324.0
531.0
601.5
139.5
651.0
660.0
504.0
66.0
246.0
552.0
588.0
1161.0
510.0
213.0
754.5
591.0
489.0
378.0
354.0
466.5
361.5
483.0
262.5
972.0
282.0
208.5
94.5
1227.0
1180.5
879.0
199.5
498.0
225.0
727.5
462.0
886.5
391.5
1008.0
399.0
888.0
531.0
453.0
745.5
373.5
73.5
1242.0
816.0
160.5
196.5
433.5
1041.0
948.0
987.0
270.0
274.5
117.0
309.0
48.0
229.5
481.5
399.0
94.5
546.0
772.5
217.5
117.0
252.0
829.5
139.5
147.0
1000.5
357.0
1114.5
144.0
414.0
786.0
453.0
423.0
121.5
202.5
261.0
181.5
379.5
462.0
541.5
118.5
241.5
508.5
126.0
555.0
1440.0
463.5
610.5
796.5
849.0
253.5
447.0
639.0
291.0
544.5
994.5
240.0
423.0
705.0
573.0
259.5
642.0
63.0
949.5
322.5
993.0
391.5
1080.0
303.0
1024.5
423.0
712.5
130.5
298.5
240.0
729.0
939.0
313.5
343.5
364.5
348.0
696.0
693.0
795.0
421.5
109.5
595.5
277.5
351.0
750.0
382.5
1068.0
507.0
249.0
474.0
1042.5
267.0
1068.0
289.5
775.5
724.5
969.0
330.0
1129.5
592.5
370.5
816.0
685.5
1003.5
658.5
280.5
222.0
1041.0
226.5
757.5
1129.5
342.0
343.5
1233.0
681.0
160.5
87.0
1113.0
447.0
232.5
1275.0
268.5
370.5
463.5
297.0
663.0
252.0
511.5
192.0
1042.5
345.0
255.0
178.5
10.5
1491.0
1006.5
72.0
534.0
520.5
609.0
532.5
540.0
315.0
804.0
331.5
118.5
1125.0
363.0
508.5
930.0
283.5
292.5
292.5
873.0
1068.0
337.5
850.5
276.0
807.0
480.0
624.0
1041.0
546.0
373.5
174.0
271.5
328.5
958.5
585.0
367.5
421.5
540.0
267.0
669.0
292.5
571.5
421.5
264.0
510.0
1300.5
808.5
999.0
184.5
1021.5
132.0
916.5
432.0
271.5
201.0
186.0
499.5
250.5
580.5
588.0
207.0
786.0
102.0
360.0
184.5
373.5
691.5
279.0
942.0
801.0
289.5
408.0
126.0
381.0
813.0
574.5
489.0
513.0
307.5
196.5
819.0
750.0
547.5
1467.0
717.0
681.0
489.0
1099.5
289.5
418.5
969.0
292.5
666.0
174.0
522.0
303.0
372.0
462.0
846.0
129.0
423.0
1143.0
801.0
273.0
559.5
1123.5
703.5
282.0
621.0
484.5
54.0
675.0
253.5
30.0
463.5
229.5
159.0
369.0
168.0
381.0
141.0
222.0
955.5
549.0
262.5
666.0
936.0
996.0
340.5
210.0
270.0
1321.5
660.0
829.5
261.0
621.0
102.0
1168.5
450.0
664.5
276.0
1363.5
523.5
1131.0
522.0
307.5
69.0
139.5
364.5
1008.0
781.5
991.5
388.5
246.0
376.5
325.5
700.5
177.0
756.0
306.0
66.0
700.5
273.0
1060.5
174.0
304.5
415.5
211.5
438.0
102.0
471.0
220.5
373.5
403.5
549.0
303.0
640.5
85.5
127.5
252.0
555.0
942.0
229.5
1048.5
193.5
1125.0
865.5
324.0
376.5
808.5
429.0
234.0
244.5
567.0
1344.0
454.5
427.5
609.0
379.5
453.0
1465.5
163.5
1179.0
286.5
61.5
361.5
141.0
1062.0
118.5
679.5
711.0
339.0
366.0
1143.0
349.5
139.5
724.5
438.0
172.5
321.0
772.5
811.5
916.5
1369.5
379.5
183.0
651.0
825.0
618.0
304.5
447.0
709.5
262.5
1057.5
472.5
300.0
216.0
226.5
729.0
760.5
784.5
606.0
328.5
208.5
462.0
459.0
1018.5
948.0
231.0
1209.0
519.0
703.5
277.5
454.5
730.5
406.5
585.0
813.0
340.5
762.0
861.0
424.5
165.0
301.5
148.5
867.0
343.5
327.0
469.5
453.0
205.5
502.5
498.0
154.5
493.5
181.5
472.5
586.5
415.5
262.5
103.5
652.5
222.0
367.5
322.5
940.5
1290.0
289.5
429.0
483.0
708.0
115.5
237.0
963.0
235.5
88.5
202.5
343.5
493.5
949.5
1234.5
27.0
750.0
148.5
331.5
645.0
489.0
639.0
319.5
826.5
496.5
489.0
259.5
256.5
445.5
493.5
687.0
237.0
477.0
430.5
105.0
709.5
796.5
1111.5
478.5
438.0
370.5
808.5
297.0
163.5
322.5
114.0
418.5
1284.0
576.0
273.0
715.5
297.0
399.0
778.5
738.0
240.0
480.0
1606.5
685.5
831.0
574.5
520.5
472.5
273.0
403.5
355.5
406.5
1419.0
189.0
276.0
673.5
177.0
820.5
172.5
406.5
825.0
348.0
520.5
400.5
52.5
331.5
340.5
250.5
1042.5
571.5
483.0
504.0
967.5
234.0
214.5
885.0
300.0
478.5
286.5
1084.5
372.0
508.5
244.5
1305.0
259.5
780.0
660.0
373.5
930.0
423.0
351.0
556.5
177.0
70.5
873.0
466.5
285.0
454.5
493.5
234.0
904.5
181.5
507.0
882.0
981.0
394.5
1488.0
940.5
250.5
153.0
898.5
256.5
298.5
919.5
255.0
1377.0
673.5
822.0
325.5
228.0
292.5
274.5
243.0
327.0
297.0
568.5
270.0
48.0
463.5
589.5
363.0
1017.0
489.0
396.0
85.5
57.0
307.5
592.5
163.5
225.0
238.5
841.5
783.0
111.0
879.0
708.0
169.5
306.0
399.0
433.5
804.0
240.0
627.0
295.5
259.5
558.0
730.5
901.5
603.0
1003.5
445.5
592.5
826.5
522.0
640.5
478.5
195.0
829.5
1042.5
909.0
115.5
636.0
604.5
360.0
220.5
322.5
994.5
739.5
307.5
391.5
1021.5
847.5
169.5
127.5
690.0
151.5
606.0
852.0
277.5
177.0
1158.0
159.0
580.5
307.5
351.0
162.0
276.0
495.0
667.5
138.0
100.5
924.0
429.0
616.5
169.5
490.5
531.0
453.0
427.5
157.5
576.0
115.5
654.0
1051.5
1360.5
705.0
682.5
495.0
384.0
238.5
792.0
127.5
427.5
130.5
70.5
354.0
384.0
924.0
430.5
318.0
310.5
751.5
181.5
432.0
481.5
526.5
466.5
196.5
760.5
660.0
562.5
406.5
520.5
933.0
616.5
475.5
579.0
304.5
1293.0
105.0
598.5
1264.5
1015.5
246.0
43.5
295.5
612.0
1030.5
280.5
286.5
522.0
888.0
201.0
1018.5
478.5
348.0
502.5
195.0
439.5
1066.5
436.5
190.5
64.5
124.5
865.5
318.0
118.5
207.0
208.5
418.5
249.0
319.5
640.5
823.5
847.5
127.5
241.5
1116.0
211.5
595.5
825.0
370.5
567.0
1078.5
516.0
390.0
928.5
621.0
877.5
804.0
753.0
340.5
243.0
297.0
549.0
274.5
562.5
738.0
721.5
231.0
439.5
313.5
618.0
358.5
498.0
196.5
918.0
549.0
358.5
226.5
1066.5
718.5
1296.0
828.0
211.5
559.5
117.0
1261.5
183.0
1114.5
360.0
190.5
253.5
325.5
39.0
438.0
34.5
132.0
489.0
73.5
619.5
334.5
772.5
151.5
550.5
459.0
207.0
682.5
1032.0
696.0
334.5
565.5
921.0
346.5
228.0
148.5
804.0
429.0
505.5
351.0
612.0
502.5
930.0
300.0
622.5
862.5
640.5
729.0
792.0
853.5
118.5
382.5
322.5
546.0
750.0
889.5
730.5
184.5
276.0
556.5
190.5
114.0
235.5
1252.5
303.0
856.5
328.5
198.0
127.5
108.0
274.5
439.5
189.0
538.5
921.0
1107.0
681.0
673.5
793.5
781.5
277.5
415.5
1038.0
763.5
514.5
706.5
991.5
294.0
261.0
586.5
570.0
271.5
756.0
475.5
573.0
342.0
664.5
435.0
354.0
496.5
387.0
1029.0
996.0
265.5
630.0
625.5
126.0
292.5
169.5
589.5
433.5
244.5
241.5
271.5
591.0
916.5
382.5
849.0
180.0
45.0
213.0
1020.0
615.0
855.0
592.5
841.5
852.0
474.0
462.0
12.0
240.0
246.0
379.5
1350.0
730.5
507.0
672.0
637.5
511.5
666.0
360.0
636.0
402.0
510.0
234.0
246.0
342.0
688.5
552.0
597.0
211.5
724.5
535.5
1152.0
211.5
127.5
513.0
439.5
753.0
783.0
784.5
252.0
568.5
624.0
1366.5
609.0
865.5
1030.5
373.5
453.0
844.5
984.0
280.5
1197.0
247.5
372.0
444.0
142.5
528.0
259.5
205.5
124.5
141.0
303.0
681.0
397.5
951.0
783.0
172.5
675.0
160.5
643.5
363.0
136.5
312.0
937.5
247.5
801.0
87.0
718.5
174.0
771.0
541.5
649.5
780.0
382.5
63.0
450.0
388.5
1048.5
1021.5
171.0
835.5
855.0
330.0
246.0
283.5
243.0
316.5
1099.5
261.0
295.5
702.0
240.0
280.5
75.0
214.5
549.0
304.5
462.0
1053.0
271.5
501.0
447.0
693.0
357.0
183.0
861.0
406.5
268.5
922.5
262.5
1021.5
312.0
937.5
559.5
123.0
547.5
669.0
357.0
423.0
504.0
666.0
579.0
568.5
829.5
411.0
787.5
183.0
516.0
876.0
672.0
1203.0
175.5
894.0
757.5
691.5
1162.5
1027.5
177.0
729.0
349.5
64.5
292.5
541.5
330.0
987.0
513.0
550.5
537.0
247.5
150.0
1306.5
150.0
732.0
378.0
718.5
541.5
930.0
880.5
555.0
178.5
343.5
1135.5
468.0
517.5
201.0
813.0
448.5
1426.5
43.5
78.0
117.0
1182.0
771.0
297.0
256.5
529.5
390.0
436.5
133.5
468.0
1084.5
208.5
805.5
739.5
112.5
1176.0
663.0
453.0
766.5
360.0
699.0
634.5
886.5
258.0
132.0
289.5
303.0
727.5
153.0
1033.5
810.0
205.5
588.0
648.0
210.0
442.5
189.0
258.0
1281.0
906.0
174.0
1584.0
925.5
510.0
811.5
846.0
619.5
322.5
232.5
354.0
397.5
783.0
1002.0
369.0
394.5
120.0
481.5
559.5
597.0
252.0
589.5
355.5
508.5
312.0
691.5
196.5
279.0
193.5
822.0
688.5
249.0
256.5
778.5
832.5
168.0
786.0
595.5
573.0
217.5
349.5
336.0
508.5
609.0
762.0
957.0
1330.5
565.5
268.5
670.5
271.5
841.5
159.0
75.0
792.0
849.0
168.0
418.5
378.0
291.0
438.0
307.5
433.5
457.5
615.0
774.0
618.0
742.5
418.5
246.0
235.5
444.0
418.5
255.0
555.0
238.5
739.5
897.0
1012.5
561.0
850.5
552.0
562.5
351.0
1285.5
204.0
783.0
1066.5
316.5
859.5
259.5
430.5
163.5
256.5
703.5
582.0
166.5
238.5
318.0
138.0
121.5
204.0
811.5
279.0
244.5
180.0
57.0
220.5
304.5
1155.0
210.0
199.5
315.0
411.0
670.5
649.5
546.0
654.0
180.0
549.0
259.5
229.5
505.5
907.5
1182.0
727.5
240.0
972.0
1260.0
621.0
705.0
870.0
604.5
993.0
504.0
606.0
385.5
714.0
603.0
790.5
829.5
309.0
1074.0
291.0
87.0
546.0
759.0
423.0
525.0
340.5
301.5
238.5
1018.5
390.0
1056.0
1162.5
172.5
228.0
271.5
306.0
210.0
244.5
367.5
454.5
1116.0
1434.0
634.5
760.5
589.5
802.5
481.5
84.0
226.5
204.0
247.5
532.5
1029.0
240.0
256.5
418.5
277.5
450.0
136.5
279.0
601.5
441.0
408.0
183.0
1089.0
646.5
996.0
202.5
292.5
415.5
130.5
306.0
247.5
474.0
336.0
303.0
751.5
543.0
1095.0
391.5
306.0
240.0
144.0
688.5
270.0
1476.0
322.5
898.5
136.5
214.5
708.0
847.5
765.0
318.0
130.5
277.5
424.5
178.5
82.5
67.5
372.0
58.5
237.0
951.0
613.5
586.5
147.0
753.0
529.5
1047.0
456.0
363.0
91.5
1036.5
244.5
495.0
468.0
142.5
1033.5
556.5
424.5
679.5
189.0
502.5
400.5
51.0
283.5
444.0
462.0
199.5
444.0
487.5
166.5
568.5
1186.5
564.0
354.0
136.5
318.0
318.0
255.0
142.5
1114.5
732.0
997.5
639.0
703.5
672.0
642.0
49.5
448.5
627.0
1302.0
414.0
366.0
913.5
361.5
744.0
537.0
264.0
327.0
627.0
207.0
181.5
414.0
780.0
361.5
1206.0
171.0
189.0
360.0
162.0
162.0
1029.0
1194.0
172.5
60.0
378.0
102.0
240.0
142.5
136.5
514.5
798.0
1188.0
732.0
1176.0
55.5
550.5
111.0
237.0
222.0
522.0
166.5
217.5
532.5
420.0
616.5
106.5
147.0
538.5
94.5
594.0
1056.0
453.0
126.0
906.0
156.0
868.5
1225.5
792.0
352.5
501.0
441.0
612.0
1048.5
709.5
597.0
277.5
426.0
669.0
352.5
652.5
325.5
136.5
861.0
274.5
669.0
528.0
496.5
351.0
564.0
925.5
381.0
316.5
532.5
106.5
847.5
1126.5
196.5
688.5
135.0
475.5
949.5
106.5
514.5
175.5
249.0
465.0
733.5
373.5
319.5
507.0
955.5
1476.0
850.5
1125.0
109.5
64.5
448.5
720.0
528.0
721.5
241.5
825.0
208.5
1063.5
669.0
252.0
213.0
165.0
474.0
453.0
753.0
1474.5
1093.5
711.0
756.0
192.0
757.5
544.5
297.0
556.5
367.5
58.5
370.5
399.0
700.5
168.0
246.0
178.5
358.5
456.0
616.5
859.5
1074.0
553.5
408.0
601.5
466.5
303.0
229.5
253.5
1075.5
648.0
597.0
240.0
582.0
333.0
67.5
402.0
147.0
469.5
364.5
888.0
660.0
1171.5
168.0
360.0
493.5
912.0
942.0
292.5
141.0
835.5
708.0
849.0
816.0
579.0
871.5
736.5
363.0
87.0
478.5
924.0
754.5
222.0
1017.0
646.5
751.5
531.0
297.0
240.0
265.5
259.5
238.5
1245.0
225.0
1324.5
81.0
69.0
570.0
919.5
106.5
379.5
703.5
196.5
727.5
394.5
130.5
274.5
288.0
58.5
411.0
478.5
43.5
928.5
78.0
1003.5
792.0
793.5
472.5
408.0
75.0
282.0
727.5
520.5
687.0
648.0
231.0
928.5
577.5
357.0
1383.0
753.0
1107.0
543.0
196.5
373.5
297.0
495.0
606.0
208.5
81.0
160.5
175.5
1153.5
597.0
483.0
306.0
78.0
513.0
753.0
394.5
817.5
330.0
313.5
1015.5
516.0
958.5
243.0
178.5
129.0
409.5
814.5
297.0
292.5
846.0
448.5
517.5
418.5
736.5
259.5
516.0
907.5
1188.0
564.0
592.5
246.0
529.5
1140.0
838.5
1122.0
373.5
52.5
106.5
477.0
688.5
820.5
832.5
1050.0
211.5
298.5
210.0
366.0
276.0
276.0
607.5
651.0
489.0
277.5
684.0
447.0
427.5
237.0
1068.0
786.0
166.5
499.5
634.5
390.0
270.0
693.0
801.0
319.5
420.0
361.5
133.5
546.0
508.5
316.5
708.0
318.0
580.5
388.5
1260.0
376.5
232.5
916.5
387.0
91.5
459.0
94.5
207.0
205.5
634.5
309.0
291.0
274.5
436.5
334.5
243.0
144.0
627.0
321.0
280.5
222.0
232.5
747.0
694.5
267.0
1341.0
244.5
1002.0
1014.0
262.5
993.0
340.5
187.5
513.0
618.0
1057.5
793.5
370.5
1449.0
840.0
1183.5
408.0
411.0
762.0
279.0
1194.0
679.5
640.5
646.5
78.0
529.5
421.5
733.5
805.5
99.0
1014.0
357.0
517.5
253.5
141.0
541.5
339.0
172.5
225.0
295.5
196.5
129.0
676.5
294.0
1345.5
922.5
1138.5
711.0
915.0
337.5
348.0
282.0
702.0
618.0
268.5
375.0
277.5
58.5
247.5
547.5
279.0
310.5
478.5
139.5
805.5
270.0
627.0
261.0
1266.0
322.5
534.0
978.0
160.5
319.5
552.0
175.5
819.0
339.0
520.5
517.5
721.5
322.5
1312.5
129.0
705.0
397.5
732.0
1047.0
706.5
373.5
237.0
588.0
286.5
294.0
703.5
345.0
918.0
582.0
712.5
600.0
321.0
364.5
114.0
438.0
648.0
147.0
72.0
250.5
970.5
1201.5
1350.0
183.0
901.5
394.5
235.5
171.0
406.5
1188.0
709.5
888.0
282.0
570.0
342.0
916.5
259.5
802.5
1276.5
72.0
696.0
181.5
429.0
63.0
774.0
445.5
310.5
684.0
667.5
342.0
412.5
237.0
783.0
1324.5
186.0
201.0
511.5
675.0
166.5
598.5
508.5
244.5
373.5
469.5
958.5
294.0
535.5
442.5
216.0
313.5
102.0
448.5
334.5
963.0
313.5
582.0
438.0
559.5
151.5
831.0
670.5
492.0
747.0
394.5
690.0
163.5
802.5
529.5
789.0
439.5
622.5
348.0
928.5
1386.0
208.5
733.5
1122.0
279.0
265.5
342.0
442.5
334.5
574.5
595.5
165.0
306.0
240.0
307.5
63.0
112.5
556.5
229.5
247.5
1258.5
784.5
187.5
364.5
772.5
847.5
276.0
160.5
502.5
120.0
204.0
265.5
220.5
430.5
262.5
328.5
358.5
381.0
787.5
795.0
618.0
942.0
376.5
286.5
937.5
313.5
295.5
297.0
292.5
421.5
460.5
471.0
1158.0
403.5
160.5
1023.0
189.0
145.5
600.0
381.0
414.0
220.5
369.0
769.5
1249.5
763.5
1228.5
313.5
642.0
621.0
1018.5
130.5
993.0
726.0
180.0
561.0
1207.5
264.0
523.5
382.5
562.5
1017.0
288.0
207.0
637.5
90.0
265.5
370.5
636.0
333.0
351.0
360.0
298.5
504.0
475.5
216.0
795.0
334.5
493.5
297.0
138.0
297.0
867.0
540.0
462.0
735.0
174.0
612.0
1153.5
441.0
393.0
1056.0
336.0
300.0
618.0
100.5
537.0
964.5
658.5
501.0
1323.0
99.0
513.0
483.0
456.0
309.0
531.0
187.5
405.0
1225.5
247.5
390.0
543.0
825.0
747.0
103.5
1096.5
351.0
1116.0
687.0
702.0
444.0
639.0
1092.0
282.0
250.5
348.0
199.5
523.5
427.5
321.0
48.0
639.0
520.5
688.5
360.0
1110.0
1137.0
1144.5
270.0
78.0
328.5
321.0
43.5
1092.0
264.0
435.0
370.5
454.5
100.5
271.5
643.5
484.5
270.0
756.0
169.5
385.5
762.0
124.5
567.0
427.5
286.5
711.0
334.5
1158.0
253.5
99.0
409.5
562.5
214.5
598.5
1267.5
327.0
298.5
228.0
676.5
463.5
394.5
385.5
232.5
942.0
250.5
627.0
423.0
375.0
105.0
1135.5
258.0
262.5
382.5
36.0
280.5
994.5
159.0
421.5
511.5
333.0
1053.0
343.5
1051.5
1129.5
936.0
151.5
216.0
853.5
1113.0
247.5
129.0
679.5
351.0
973.5
525.0
549.0
595.5
132.0
874.5
540.0
603.0
913.5
480.0
180.0
478.5
555.0
867.0
837.0
1422.0
778.5
325.5
166.5
355.5
69.0
346.5
352.5
558.0
832.5
69.0
709.5
222.0
658.5
907.5
204.0
615.0
1120.5
280.5
837.0
517.5
438.0
277.5
85.5
739.5
421.5
355.5
844.5
301.5
739.5
694.5
310.5
432.0
1059.0
51.0
394.5
346.5
370.5
583.5
394.5
618.0
700.5
229.5
156.0
412.5
361.5
192.0
433.5
706.5
138.0
340.5
1149.0
736.5
1095.0
51.0
532.5
57.0
151.5
549.0
925.5
1096.5
202.5
571.5
246.0
144.0
73.5
948.0
424.5
37.5
625.5
933.0
207.0
813.0
525.0
462.0
777.0
558.0
757.5
277.5
394.5
556.5
532.5
565.5
487.5
928.5
328.5
157.5
361.5
472.5
537.0
279.0
486.0
279.0
1221.0
279.0
1510.5
487.5
946.5
613.5
1438.5
279.0
555.0
1242.0
177.0
1042.5
264.0
369.0
267.0
603.0
297.0
42.0
492.0
213.0
435.0
417.0
208.5
397.5
381.0
370.5
363.0
904.5
454.5
75.0
549.0
127.5
241.5
972.0
439.5
136.5
1528.5
507.0
195.0
82.5
429.0
474.0
987.0
409.5
627.0
1113.0
244.5
457.5
267.0
373.5
115.5
1159.5
541.5
625.5
603.0
150.0
343.5
828.0
685.5
333.0
88.5
57.0
981.0
673.5
927.0
720.0
445.5
397.5
592.5
340.5
751.5
534.0
865.5
526.5
640.5
226.5
262.5
1224.0
1006.5
316.5
835.5
421.5
207.0
256.5
486.0
177.0
855.0
756.0
229.5
547.5
1104.0
498.0
777.0
984.0
325.5
670.5
528.0
823.5
139.5
369.0
42.0
396.0
276.0
567.0
241.5
804.0
76.5
547.5
535.5
427.5
663.0
762.0
84.0
844.5
414.0
331.5
340.5
171.0
600.0
207.0
565.5
405.0
646.5
336.0
241.5
1305.0
699.0
145.5
298.5
136.5
211.5
721.5
295.5
1426.5
775.5
538.5
178.5
447.0
18.0
148.5
865.5
274.5
735.0
201.0
438.0
385.5
195.0
546.0
964.5
358.5
58.5
522.0
435.0
246.0
577.5
1248.0
393.0
132.0
166.5
285.0
792.0
703.5
952.5
310.5
276.0
373.5
358.5
328.5
679.5
1315.5
210.0
139.5
540.0
189.0
345.0
882.0
550.5
234.0
256.5
309.0
636.0
328.5
381.0
469.5
96.0
781.5
379.5
321.0
198.0
420.0
529.5
187.5
589.5
1066.5
411.0
477.0
207.0
466.5
760.5
189.0
1281.0
643.5
172.5
154.5
784.5
267.0
388.5
787.5
375.0
828.0
346.5
592.5
66.0
394.5
739.5
549.0
322.5
552.0
990.0
1195.5
1095.0
22.5
414.0
652.5
265.5
1216.5
306.0
180.0
1332.0
759.0
949.5
150.0
750.0
144.0
475.5
726.0
444.0
265.5
423.0
454.5
255.0
372.0
268.5
531.0
283.5
304.5
1134.0
324.0
456.0
102.0
411.0
573.0
418.5
147.0
217.5
1239.0
402.0
1182.0
577.5
439.5
741.0
267.0
345.0
654.0
777.0
450.0
439.5
175.5
85.5
1057.5
124.5
619.5
348.0
324.0
652.5
534.0
189.0
327.0
1128.0
252.0
580.5
852.0
585.0
118.5
1152.0
1171.5
346.5
406.5
712.5
765.0
604.5
421.5
819.0
483.0
391.5
144.0
181.5
363.0
376.5
379.5
580.5
799.5
205.5
388.5
400.5
1339.5
762.0
499.5
190.5
378.0
1209.0
846.0
774.0
309.0
753.0
822.0
472.5
228.0
613.5
529.5
973.5
679.5
162.0
310.5
117.0
201.0
322.5
241.5
940.5
1096.5
316.5
1083.0
283.5
139.5
1342.5
1038.0
433.5
162.0
123.0
172.5
529.5
918.0
265.5
217.5
532.5
421.5
640.5
535.5
318.0
696.0
1209.0
517.5
492.0
430.5
204.0
246.0
517.5
301.5
430.5
624.0
220.5
340.5
175.5
945.0
240.0
832.5
427.5
723.0
466.5
352.5
505.5
1189.5
258.0
349.5
666.0
1252.5
580.5
252.0
283.5
813.0
579.0
568.5
160.5
802.5
379.5
691.5
1222.5
712.5
226.5
570.0
699.0
1069.5
366.0
943.5
600.0
361.5
696.0
441.0
397.5
570.0
208.5
379.5
240.0
937.5
604.5
1048.5
249.0
360.0
1114.5
964.5
394.5
481.5
694.5
181.5
306.0
319.5
387.0
279.0
375.0
828.0
450.0
646.5
534.0
883.5
240.0
336.0
163.5
28.5
460.5
351.0
487.5
253.5
429.0
166.5
714.0
306.0
445.5
609.0
700.5
319.5
1206.0
810.0
282.0
1003.5
952.5
670.5
456.0
78.0
391.5
784.5
669.0
1183.5
331.5
150.0
204.0
442.5
907.5
594.0
306.0
49.5
184.5
118.5
478.5
339.0
970.5
213.0
546.0
225.0
481.5
787.5
1072.5
589.5
333.0
102.0
892.5
582.0
180.0
741.0
184.5
561.0
637.5
94.5
1063.5
148.5
579.0
102.0
235.5
151.5
573.0
328.5
462.0
276.0
189.0
504.0
595.5
204.0
280.5
888.0
484.5
490.5
391.5
31.5
411.0
808.5
309.0
1011.0
169.5
448.5
336.0
55.5
351.0
280.5
282.0
480.0
1008.0
337.5
640.5
246.0
504.0
723.0
259.5
388.5
675.0
1084.5
190.5
232.5
399.0
1081.5
409.5
951.0
648.0
589.5
709.5
126.0
159.0
589.5
1122.0
397.5
373.5
1170.0
325.5
72.0
270.0
109.5
292.5
496.5
729.0
811.5
478.5
772.5
1044.0
300.0
1113.0
372.0
664.5
376.5
208.5
621.0
577.5
180.0
616.5
180.0
228.0
94.5
544.5
684.0
493.5
859.5
1132.5
232.5
151.5
612.0
421.5
313.5
768.0
274.5
1137.0
418.5
147.0
207.0
345.0
264.0
397.5
358.5
319.5
1093.5
478.5
130.5
339.0
282.0
237.0
628.5
1002.0
945.0
1573.5
439.5
651.0
460.5
382.5
145.5
442.5
580.5
811.5
169.5
139.5
124.5
867.0
814.5
460.5
555.0
756.0
120.0
156.0
855.0
714.0
606.0
1531.5
54.0
316.5
246.0
232.5
562.5
649.5
345.0
99.0
459.0
193.5
1255.5
270.0
130.5
304.5
327.0
391.5
472.5
373.5
363.0
321.0
499.5
45.0
265.5
379.5
649.5
174.0
465.0
454.5
258.0
742.5
355.5
1227.0
168.0
336.0
282.0
303.0
408.0
459.0
342.0
357.0
1066.5
424.5
919.5
289.5
904.5
616.5
318.0
1458.0
1309.5
205.5
330.0
1264.5
180.0
543.0
699.0
670.5
1216.5
1203.0
1377.0
312.0
216.0
432.0
738.0
79.5
991.5
174.0
207.0
639.0
351.0
970.5
477.0
267.0
900.0
1087.5
382.5
307.5
226.5
759.0
591.0
909.0
964.5
468.0
148.5
258.0
813.0
591.0
348.0
193.5
507.0
417.0
493.5
477.0
396.0
1011.0
966.0
783.0
468.0
805.5
93.0
685.5
316.5
1186.5
423.0
555.0
810.0
243.0
370.5
276.0
543.0
442.5
630.0
361.5
1161.0
511.5
247.5
726.0
592.5
1233.0
163.5
114.0
228.0
775.5
490.5
498.0
456.0
736.5
208.5
204.0
414.0
321.0
939.0
442.5
265.5
156.0
370.5
513.0
327.0
735.0
339.0
970.5
327.0
631.5
528.0
358.5
540.0
523.5
151.5
474.0
450.0
262.5
120.0
60.0
1165.5
880.5
472.5
247.5
786.0
1026.0
130.5
754.5
33.0
514.5
552.0
1183.5
1180.5
85.5
153.0
162.0
511.5
270.0
177.0
439.5
235.5
648.0
832.5
349.5
87.0
493.5
423.0
57.0
679.5
376.5
961.5
126.0
766.5
340.5
553.5
274.5
396.0
942.0
421.5
94.5
624.0
361.5
201.0
619.5
1318.5
736.5
138.0
600.0
703.5
847.5
141.0
150.0
369.0
951.0
648.0
148.5
421.5
1623.0
612.0
888.0
238.5
265.5
873.0
694.5
390.0
487.5
580.5
348.0
403.5
739.5
745.5
304.5
985.5
288.0
252.0
403.5
274.5
318.0
120.0
235.5
669.0
162.0
780.0
399.0
882.0
213.0
642.0
462.0
231.0
289.5
145.5
460.5
663.0
684.0
793.5
510.0
324.0
177.0
549.0
403.5
655.5
399.0
412.5
894.0
280.5
141.0
786.0
1243.5
283.5
1231.5
447.0
180.0
477.0
747.0
864.0
174.0
877.5
171.0
583.5
268.5
168.0
273.0
636.0
711.0
702.0
498.0
577.5
990.0
274.5
1275.0
838.5
279.0
1399.5
292.5
607.5
402.0
370.5
168.0
798.0
793.5
826.5
495.0
831.0
345.0
1009.5
429.0
564.0
738.0
1002.0
538.5
633.0
579.0
307.5
1293.0
1305.0
588.0
1006.5
433.5
496.5
669.0
645.0
573.0
567.0
871.5
267.0
1104.0
817.5
63.0
352.5
375.0
393.0
288.0
138.0
111.0
459.0
313.5
442.5
196.5
244.5
169.5
402.0
249.0
672.0
172.5
462.0
235.5
913.5
454.5
246.0
724.5
471.0
99.0
879.0
625.5
1273.5
573.0
385.5
456.0
196.5
321.0
598.5
759.0
583.5
523.5
561.0
52.5
546.0
1563.0
387.0
570.0
702.0
1132.5
768.0
321.0
789.0
235.5
267.0
175.5
649.5
177.0
630.0
939.0
81.0
498.0
805.5
643.5
666.0
412.5
364.5
297.0
628.5
472.5
168.0
555.0
652.5
327.0
660.0
456.0
595.5
786.0
352.5
208.5
418.5
574.5
675.0
1066.5
730.5
633.0
51.0
346.5
279.0
301.5
1068.0
262.5
651.0
1146.0
133.5
714.0
256.5
84.0
210.0
121.5
25.5
384.0
412.5
766.5
420.0
1083.0
234.0
412.5
382.5
304.5
540.0
240.0
135.0
85.5
942.0
366.0
732.0
646.5
120.0
334.5
828.0
810.0
225.0
1044.0
606.0
364.5
438.0
345.0
732.0
201.0
637.5
1269.0
940.5
631.5
217.5
552.0
1020.0
331.5
900.0
1261.5
369.0
253.5
231.0
364.5
955.5
754.5
298.5
99.0
286.5
133.5
1635.0
433.5
417.0
556.5
1018.5
496.5
163.5
688.5
789.0
519.0
214.5
441.0
516.0
147.0
1113.0
267.0
639.0
174.0
67.5
150.0
346.5
438.0
234.0
753.0
495.0
952.5
250.5
499.5
538.5
1054.5
705.0
135.0
693.0
1185.0
217.5
348.0
796.5
334.5
256.5
586.5
448.5
399.0
294.0
229.5
366.0
364.5
714.0
459.0
582.0
1042.5
1270.5
16.5
942.0
481.5
339.0
159.0
55.5
535.5
775.5
525.0
570.0
454.5
61.5
805.5
414.0
1197.0
501.0
349.5
607.5
1269.0
916.5
631.5
316.5
297.0
369.0
784.5
577.5
600.0
519.0
283.5
963.0
330.0
150.0
291.0
234.0
513.0
345.0
81.0
343.5
1012.5
858.0
600.0
1144.5
814.5
475.5
244.5
334.5
190.5
801.0
505.5
598.5
888.0
955.5
357.0
369.0
523.5
555.0
145.5
66.0
396.0
543.0
631.5
214.5
823.5
580.5
579.0
1263.0
652.5
415.5
105.0
486.0
1191.0
886.5
135.0
619.5
189.0
466.5
334.5
621.0
181.5
495.0
471.0
781.5
298.5
265.5
657.0
250.5
190.5
40.5
1041.0
273.0
645.0
196.5
288.0
541.5
564.0
727.5
372.0
84.0
355.5
340.5
249.0
487.5
681.0
148.5
126.0
1311.0
579.0
904.5
103.5
193.5
1053.0
853.5
411.0
505.5
499.5
363.0
430.5
187.5
270.0
226.5
514.5
588.0
114.0
348.0
241.5
657.0
267.0
888.0
787.5
487.5
1009.5
663.0
1152.0
592.5
504.0
1135.5
781.5
277.5
714.0
295.5
541.5
592.5
366.0
124.5
421.5
270.0
948.0
279.0
127.5
648.0
496.5
321.0
163.5
223.5
1378.5
958.5
517.5
258.0
294.0
906.0
471.0
117.0
574.5
381.0
79.5
1060.5
970.5
1107.0
502.5
706.5
1308.0
351.0
463.5
687.0
541.5
589.5
564.0
600.0
285.0
454.5
1020.0
621.0
732.0
616.5
307.5
289.5
238.5
232.5
246.0
1297.5
706.5
528.0
261.0
543.0
165.0
331.5
625.5
168.0
484.5
310.5
220.5
669.0
144.0
340.5
1176.0
87.0
363.0
273.0
207.0
972.0
1182.0
430.5
187.5
313.5
979.5
433.5
291.0
394.5
990.0
631.5
360.0
438.0
517.5
292.5
430.5
282.0
483.0
295.5
21.0
1056.0
727.5
357.0
249.0
720.0
810.0
549.0
1293.0
115.5
105.0
136.5
774.0
379.5
213.0
1047.0
141.0
621.0
361.5
793.5
220.5
118.5
1158.0
352.5
289.5
570.0
399.0
451.5
82.5
1071.0
954.0
319.5
451.5
139.5
315.0
274.5
160.5
390.0
391.5
712.5
103.5
549.0
1288.5
327.0
682.5
1041.0
394.5
382.5
828.0
739.5
264.0
229.5
288.0
318.0
219.0
573.0
439.5
751.5
979.5
336.0
559.5
1089.0
564.0
223.5
331.5
306.0
174.0
426.0
433.5
114.0
1242.0
688.5
153.0
531.0
685.5
450.0
375.0
634.5
145.5
447.0
193.5
451.5
415.5
846.0
381.0
163.5
799.5
636.0
613.5
243.0
246.0
421.5
505.5
148.5
1164.0
328.5
1114.5
289.5
169.5
345.0
148.5
556.5
463.5
333.0
433.5
510.0
408.0
1186.5
37.5
474.0
240.0
445.5
861.0
291.0
84.0
357.0
190.5
625.5
213.0
94.5
999.0
931.5
264.0
312.0
690.0
768.0
666.0
579.0
360.0
1326.0
871.5
198.0
601.5
189.0
558.0
885.0
450.0
766.5
852.0
438.0
501.0
297.0
669.0
774.0
676.5
102.0
756.0
1242.0
12.0
316.5
418.5
453.0
720.0
829.5
288.0
657.0
880.5
222.0
640.5
915.0
657.0
315.0
363.0
784.5
1227.0
124.5
552.0
543.0
568.5
613.5
115.5
549.0
229.5
673.5
550.5
757.5
382.5
1603.5
1273.5
549.0
381.0
174.0
577.5
330.0
160.5
435.0
795.0
226.5
531.0
457.5
513.0
636.0
1158.0
702.0
855.0
1222.5
370.5
519.0
687.0
1066.5
384.0
91.5
324.0
511.5
1330.5
333.0
615.0
660.0
1321.5
802.5
168.0
547.5
1047.0
394.5
1071.0
316.5
790.5
118.5
664.5
558.0
441.0
498.0
517.5
819.0
1050.0
520.5
516.0
261.0
805.5
1245.0
1455.0
456.0
640.5
502.5
190.5
442.5
276.0
552.0
226.5
436.5
600.0
238.5
484.5
505.5
907.5
300.0
343.5
1201.5
588.0
147.0
99.0
969.0
1162.5
1114.5
343.5
112.5
340.5
223.5
615.0
433.5
121.5
405.0
250.5
262.5
306.0
372.0
684.0
181.5
139.5
123.0
394.5
429.0
618.0
366.0
1375.5
1308.0
48.0
507.0
1039.5
832.5
550.5
609.0
285.0
658.5
108.0
921.0
346.5
474.0
1284.0
214.5
843.0
510.0
942.0
261.0
537.0
471.0
708.0
1213.5
418.5
397.5
130.5
610.5
348.0
249.0
451.5
1461.0
949.5
345.0
1243.5
673.5
115.5
297.0
1383.0
898.5
1462.5
216.0
279.0
522.0
1077.0
108.0
226.5
424.5
1062.0
240.0
534.0
1012.5
1441.5
543.0
633.0
519.0
108.0
379.5
331.5
483.0
334.5
217.5
360.0
120.0
571.5
489.0
441.0
604.5
333.0
987.0
630.0
303.0
352.5
1003.5
708.0
531.0
213.0
141.0
196.5
1479.0
108.0
162.0
336.0
934.5
720.0
456.0
399.0
367.5
477.0
