1144.5
687.0
238.5
147.0
136.5
271.5
399.0
621.0
823.5
520.5
1101.0
472.5
720.0
448.5
214.5
1032.0
315.0
222.0
967.5
211.5
447.0
849.0
313.5
351.0
289.5
267.0
754.5
42.0
1084.5
496.5
511.5
1066.5
105.0
558.0
600.0
502.5
165.0
472.5
387.0
472.5
315.0
717.0
646.5
886.5
483.0
594.0
895.5
417.0
1204.5
217.5
297.0
318.0
369.0
306.0
567.0
193.5
687.0
267.0
604.5
678.0
208.5
810.0
1182.0
379.5
93.0
355.5
1069.5
1002.0
621.0
1195.5
27.0
502.5
895.5
531.0
774.0
351.0
735.0
526.5
699.0
568.5
403.5
1047.0
235.5
1353.0
505.5
562.5
409.5
499.5
274.5
667.5
807.0
342.0
127.5
244.5
420.0
313.5
756.0
780.0
411.0
430.5
1158.0
309.0
462.0
280.5
388.5
184.5
417.0
451.5
367.5
451.5
147.0
409.5
1092.0
247.5
93.0
628.5
853.5
561.0
592.5
228.0
1155.0
781.5
910.5
855.0
205.5
825.0
645.0
189.0
532.5
538.5
898.5
387.0
354.0
258.0
309.0
322.5
354.0
138.0
702.0
466.5
388.5
744.0
294.0
720.0
126.0
436.5
975.0
573.0
186.0
1195.5
154.5
163.5
378.0
195.0
207.0
294.0
352.5
811.5
762.0
106.5
1113.0
690.0
438.0
816.0
1633.5
871.5
297.0
807.0
618.0
90.0
762.0
418.5
759.0
72.0
286.5
438.0
733.5
1233.0
544.5
300.0
256.5
154.5
471.0
687.0
811.5
994.5
597.0
885.0
253.5
511.5
315.0
43.5
148.5
637.5
123.0
87.0
517.5
1107.0
744.0
748.5
403.5
103.5
684.0
142.5
219.0
363.0
358.5
280.5
693.0
387.0
1311.0
313.5
481.5
418.5
769.5
817.5
1302.0
300.0
688.5
1431.0
975.0
177.0
217.5
246.0
882.0
207.0
796.5
507.0
975.0
394.5
186.0
481.5
217.5
172.5
111.0
252.0
180.0
463.5
558.0
111.0
589.5
94.5
562.5
1356.0
496.5
409.5
525.0
1393.5
409.5
460.5
1201.5
279.0
393.0
208.5
364.5
222.0
883.5
361.5
990.0
1006.5
394.5
331.5
840.0
714.0
168.0
354.0
171.0
408.0
174.0
633.0
366.0
453.0
202.5
279.0
726.0
355.5
610.5
213.0
490.5
346.5
94.5
154.5
264.0
627.0
396.0
543.0
394.5
387.0
313.5
253.5
157.5
1477.5
745.5
414.0
693.0
111.0
687.0
1230.0
303.0
615.0
162.0
661.5
253.5
183.0
685.5
618.0
1020.0
376.5
1078.5
283.5
1180.5
421.5
1014.0
885.0
697.5
411.0
186.0
424.5
418.5
358.5
214.5
751.5
255.0
381.0
750.0
661.5
901.5
628.5
571.5
520.5
1197.0
499.5
544.5
108.0
744.0
187.5
297.0
55.5
739.5
934.5
862.5
481.5
688.5
745.5
202.5
648.0
1243.5
867.0
960.0
399.0
792.0
867.0
249.0
564.0
333.0
646.5
658.5
550.5
595.5
1354.5
655.5
916.5
459.0
1212.0
273.0
585.0
993.0
1011.0
1371.0
1243.5
669.0
489.0
309.0
1326.0
774.0
280.5
475.5
358.5
820.5
624.0
630.0
565.5
381.0
754.5
169.5
690.0
402.0
567.0
262.5
465.0
109.5
25.5
517.5
409.5
214.5
1257.0
528.0
379.5
166.5
850.5
835.5
114.0
571.5
1396.5
1002.0
555.0
993.0
171.0
378.0
526.5
514.5
889.5
339.0
469.5
304.5
288.0
244.5
745.5
406.5
948.0
1264.5
577.5
265.5
285.0
213.0
790.5
1176.0
943.5
351.0
649.5
208.5
79.5
276.0
1096.5
214.5
978.0
378.0
1072.5
237.0
807.0
312.0
969.0
1020.0
1393.5
868.5
1153.5
166.5
778.5
813.0
360.0
357.0
450.0
165.0
187.5
546.0
853.5
645.0
151.5
739.5
159.0
1225.5
346.5
433.5
465.0
705.0
1164.0
645.0
585.0
322.5
274.5
1303.5
370.5
156.0
207.0
762.0
172.5
453.0
528.0
237.0
147.0
406.5
477.0
117.0
504.0
363.0
1350.0
547.5
367.5
439.5
351.0
840.0
55.5
598.5
840.0
108.0
739.5
135.0
331.5
246.0
199.5
945.0
676.5
897.0
327.0
310.5
249.0
820.5
339.0
931.5
154.5
376.5
718.5
829.5
199.5
844.5
1075.5
142.5
736.5
286.5
325.5
1215.0
367.5
247.5
141.0
214.5
984.0
267.0
94.5
435.0
64.5
360.0
852.0
1254.0
315.0
781.5
534.0
1117.5
1399.5
615.0
613.5
597.0
532.5
840.0
1056.0
1075.5
132.0
841.5
306.0
529.5
243.0
517.5
532.5
174.0
654.0
369.0
357.0
763.5
322.5
423.0
745.5
543.0
645.0
64.5
741.0
273.0
429.0
433.5
400.5
115.5
622.5
1050.0
624.0
1053.0
28.5
397.5
153.0
967.5
319.5
555.0
459.0
190.5
696.0
262.5
78.0
486.0
99.0
352.5
951.0
925.5
390.0
688.5
907.5
444.0
1548.0
1258.5
298.5
550.5
406.5
450.0
73.5
948.0
721.5
1278.0
990.0
799.5
675.0
217.5
1035.0
334.5
483.0
400.5
393.0
1090.5
700.5
234.0
822.0
747.0
621.0
436.5
546.0
181.5
507.0
1470.0
250.5
733.5
819.0
175.5
187.5
1015.5
429.0
328.5
979.5
652.5
673.5
331.5
244.5
465.0
1242.0
667.5
280.5
955.5
291.0
334.5
325.5
75.0
918.0
307.5
427.5
510.0
1075.5
456.0
177.0
420.0
547.5
1095.0
94.5
843.0
747.0
895.5
745.5
1006.5
382.5
615.0
708.0
513.0
676.5
1215.0
273.0
1194.0
1089.0
594.0
708.0
291.0
1164.0
1038.0
792.0
378.0
919.5
1351.5
414.0
777.0
372.0
115.5
246.0
708.0
379.5
214.5
202.5
63.0
448.5
375.0
88.5
477.0
600.0
661.5
361.5
400.5
942.0
1095.0
618.0
508.5
1020.0
267.0
531.0
213.0
481.5
315.0
876.0
1255.5
193.5
145.5
651.0
171.0
1320.0
1444.5
300.0
808.5
459.0
646.5
502.5
171.0
591.0
238.5
718.5
265.5
883.5
232.5
799.5
220.5
1068.0
151.5
472.5
471.0
471.0
600.0
1056.0
118.5
138.0
825.0
792.0
376.5
765.0
1431.0
780.0
771.0
1093.5
321.0
478.5
238.5
814.5
472.5
547.5
457.5
195.0
381.0
183.0
466.5
208.5
499.5
400.5
157.5
258.0
178.5
246.0
67.5
246.0
751.5
345.0
336.0
331.5
423.0
421.5
190.5
442.5
477.0
472.5
459.0
942.0
511.5
858.0
568.5
1656.0
1203.0
40.5
886.5
1369.5
1176.0
621.0
373.5
660.0
355.5
130.5
591.0
238.5
1131.0
207.0
1003.5
1003.5
715.5
190.5
361.5
544.5
936.0
331.5
760.5
1315.5
316.5
553.5
1224.0
595.5
412.5
508.5
406.5
106.5
216.0
324.0
139.5
154.5
73.5
249.0
439.5
555.0
748.5
256.5
846.0
393.0
406.5
244.5
456.0
21.0
748.5
439.5
1051.5
172.5
703.5
1402.5
415.5
327.0
285.0
15.0
661.5
954.0
82.5
477.0
373.5
267.0
540.0
549.0
411.0
822.0
568.5
913.5
289.5
321.0
348.0
601.5
76.5
676.5
525.0
370.5
63.0
390.0
220.5
394.5
850.5
283.5
733.5
277.5
265.5
349.5
174.0
618.0
432.0
760.5
397.5
415.5
330.0
642.0
237.0
993.0
136.5
100.5
240.0
439.5
945.0
262.5
988.5
985.5
322.5
352.5
496.5
625.5
718.5
414.0
850.5
117.0
1149.0
669.0
762.0
760.5
327.0
658.5
630.0
202.5
123.0
553.5
366.0
664.5
1078.5
82.5
294.0
568.5
408.0
562.5
819.0
252.0
756.0
496.5
807.0
369.0
526.5
325.5
379.5
1098.0
688.5
601.5
244.5
684.0
714.0
195.0
339.0
661.5
904.5
1314.0
283.5
202.5
615.0
327.0
1029.0
273.0
61.5
403.5
157.5
550.5
1116.0
457.5
1038.0
645.0
493.5
279.0
1054.5
376.5
490.5
952.5
294.0
216.0
382.5
222.0
282.0
697.5
904.5
930.0
418.5
280.5
39.0
994.5
807.0
904.5
564.0
283.5
139.5
516.0
84.0
492.0
520.5
435.0
361.5
259.5
291.0
351.0
313.5
463.5
273.0
418.5
319.5
222.0
136.5
301.5
270.0
94.5
474.0
924.0
333.0
1119.0
684.0
70.5
211.5
376.5
76.5
517.5
538.5
984.0
723.0
463.5
157.5
226.5
400.5
879.0
1642.5
427.5
661.5
757.5
645.0
220.5
696.0
264.0
172.5
429.0
297.0
214.5
282.0
636.0
216.0
1174.5
670.5
496.5
196.5
51.0
198.0
1023.0
1035.0
687.0
426.0
1365.0
976.5
990.0
1281.0
529.5
187.5
528.0
468.0
585.0
684.0
325.5
879.0
453.0
306.0
1528.5
580.5
450.0
1075.5
349.5
142.5
663.0
469.5
148.5
936.0
535.5
565.5
157.5
369.0
604.5
280.5
825.0
82.5
468.0
1140.0
678.0
772.5
1396.5
607.5
700.5
114.0
490.5
1393.5
1197.0
264.0
873.0
711.0
1089.0
100.5
1060.5
618.0
777.0
835.5
1068.0
721.5
193.5
381.0
286.5
1396.5
237.0
231.0
142.5
327.0
420.0
985.5
96.0
991.5
373.5
60.0
1542.0
424.5
270.0
1275.0
477.0
603.0
373.5
205.5
541.5
106.5
516.0
511.5
285.0
351.0
682.5
243.0
493.5
958.5
205.5
963.0
513.0
582.0
1248.0
829.5
285.0
844.5
753.0
196.5
346.5
279.0
436.5
912.0
177.0
172.5
804.0
931.5
1125.0
801.0
450.0
451.5
352.5
513.0
201.0
598.5
1143.0
433.5
747.0
480.0
435.0
379.5
898.5
501.0
901.5
597.0
463.5
675.0
283.5
327.0
484.5
676.5
336.0
1185.0
394.5
493.5
451.5
519.0
786.0
225.0
351.0
924.0
199.5
811.5
604.5
334.5
310.5
249.0
1140.0
1021.5
96.0
1414.5
477.0
217.5
391.5
457.5
118.5
901.5
343.5
1215.0
540.0
793.5
466.5
1546.5
706.5
1480.5
439.5
649.5
121.5
1035.0
439.5
415.5
442.5
346.5
570.0
673.5
568.5
430.5
160.5
607.5
925.5
885.0
300.0
543.0
312.0
51.0
445.5
810.0
859.5
582.0
267.0
361.5
619.5
213.0
183.0
175.5
1257.0
633.0
70.5
450.0
381.0
169.5
415.5
66.0
1408.5
139.5
700.5
97.5
258.0
639.0
235.5
304.5
499.5
372.0
718.5
285.0
1183.5
745.5
922.5
900.0
906.0
760.5
513.0
348.0
1116.0
784.5
391.5
205.5
732.0
300.0
484.5
414.0
504.0
417.0
681.0
468.0
1111.5
586.5
391.5
961.5
660.0
361.5
615.0
283.5
298.5
364.5
90.0
318.0
229.5
502.5
486.0
1102.5
534.0
744.0
1035.0
1117.5
601.5
141.0
1059.0
508.5
163.5
792.0
1356.0
246.0
112.5
474.0
357.0
630.0
396.0
747.0
549.0
717.0
312.0
697.5
387.0
340.5
36.0
1038.0
903.0
925.5
382.5
1336.5
796.5
438.0
687.0
331.5
645.0
576.0
678.0
547.5
385.5
444.0
1111.5
505.5
18.0
244.5
1254.0
1287.0
328.5
612.0
523.5
613.5
232.5
906.0
258.0
412.5
292.5
316.5
1024.5
1045.5
493.5
577.5
1350.0
177.0
283.5
877.5
559.5
1243.5
1141.5
589.5
996.0
991.5
715.5
363.0
531.0
975.0
148.5
642.0
1128.0
649.5
820.5
780.0
864.0
57.0
652.5
627.0
250.5
796.5
135.0
171.0
529.5
600.0
966.0
463.5
327.0
271.5
603.0
72.0
408.0
868.5
762.0
193.5
427.5
181.5
967.5
685.5
763.5
495.0
261.0
552.0
160.5
574.5
307.5
177.0
901.5
969.0
243.0
345.0
111.0
481.5
162.0
334.5
1128.0
234.0
243.0
958.5
1051.5
255.0
954.0
454.5
726.0
388.5
649.5
385.5
856.5
279.0
82.5
156.0
636.0
369.0
264.0
805.5
67.5
459.0
676.5
97.5
898.5
967.5
754.5
1260.0
1048.5
376.5
540.0
172.5
307.5
511.5
925.5
339.0
147.0
378.0
289.5
69.0
55.5
271.5
1212.0
682.5
463.5
279.0
540.0
1011.0
229.5
256.5
537.0
315.0
501.0
933.0
955.5
127.5
294.0
250.5
414.0
304.5
163.5
982.5
630.0
522.0
517.5
970.5
948.0
585.0
804.0
390.0
393.0
91.5
210.0
330.0
351.0
310.5
612.0
253.5
381.0
169.5
355.5
192.0
117.0
303.0
507.0
288.0
853.5
538.5
331.5
1194.0
301.5
831.0
588.0
525.0
508.5
934.5
982.5
94.5
840.0
303.0
438.0
924.0
396.0
315.0
132.0
156.0
1062.0
1416.0
246.0
103.5
553.5
223.5
543.0
654.0
1501.5
1033.5
1096.5
381.0
568.5
232.5
330.0
358.5
288.0
459.0
256.5
370.5
393.0
187.5
366.0
339.0
475.5
408.0
634.5
580.5
438.0
786.0
441.0
690.0
840.0
658.5
1228.5
505.5
84.0
1050.0
130.5
742.5
544.5
339.0
276.0
222.0
942.0
573.0
183.0
999.0
877.5
571.5
759.0
600.0
553.5
171.0
441.0
486.0
96.0
1170.0
1008.0
649.5
715.5
582.0
93.0
735.0
1410.0
168.0
427.5
468.0
543.0
853.5
42.0
132.0
289.5
294.0
792.0
403.5
381.0
198.0
375.0
862.5
1435.5
1170.0
492.0
816.0
1066.5
897.0
378.0
1338.0
172.5
508.5
370.5
349.5
460.5
444.0
463.5
561.0
31.5
646.5
366.0
432.0
289.5
346.5
457.5
706.5
220.5
208.5
573.0
841.5
585.0
1122.0
858.0
1209.0
1290.0
303.0
783.0
568.5
997.5
487.5
1054.5
154.5
813.0
141.0
324.0
309.0
219.0
645.0
1569.0
313.5
355.5
444.0
330.0
87.0
733.5
490.5
247.5
1101.0
28.5
531.0
570.0
97.5
598.5
987.0
130.5
381.0
384.0
687.0
1308.0
1327.5
636.0
693.0
175.5
963.0
981.0
270.0
442.5
507.0
423.0
127.5
831.0
247.5
927.0
328.5
456.0
277.5
114.0
783.0
226.5
546.0
799.5
82.5
951.0
466.5
319.5
474.0
1062.0
1212.0
409.5
912.0
267.0
237.0
351.0
361.5
576.0
540.0
354.0
51.0
498.0
265.5
327.0
124.5
292.5
1074.0
106.5
543.0
132.0
498.0
436.5
586.5
297.0
220.5
300.0
66.0
442.5
982.5
510.0
261.0
579.0
451.5
436.5
913.5
502.5
331.5
535.5
211.5
246.0
636.0
1243.5
742.5
858.0
540.0
82.5
301.5
570.0
381.0
303.0
804.0
993.0
550.5
741.0
1501.5
564.0
757.5
471.0
72.0
604.5
415.5
651.0
882.0
664.5
93.0
1048.5
696.0
151.5
229.5
949.5
502.5
604.5
367.5
237.0
156.0
763.5
348.0
564.0
105.0
373.5
334.5
283.5
355.5
220.5
454.5
496.5
498.0
540.0
643.5
579.0
388.5
129.0
526.5
847.5
1122.0
1117.5
475.5
510.0
544.5
483.0
277.5
730.5
352.5
1357.5
1092.0
493.5
528.0
1288.5
870.0
364.5
610.5
607.5
282.0
963.0
666.0
468.0
633.0
49.5
478.5
280.5
582.0
264.0
951.0
370.5
543.0
345.0
193.5
576.0
334.5
1363.5
798.0
315.0
300.0
1236.0
873.0
1146.0
466.5
340.5
844.5
357.0
168.0
762.0
706.5
93.0
168.0
537.0
291.0
904.5
715.5
733.5
484.5
748.5
46.5
528.0
61.5
478.5
472.5
250.5
855.0
450.0
1120.5
318.0
360.0
130.5
682.5
763.5
841.5
255.0
913.5
75.0
1233.0
339.0
862.5
85.5
480.0
189.0
253.5
573.0
552.0
160.5
228.0
967.5
508.5
597.0
1177.5
192.0
823.5
595.5
943.5
195.0
567.0
126.0
771.0
1348.5
1071.0
828.0
654.0
913.5
192.0
585.0
787.5
349.5
463.5
261.0
255.0
624.0
1008.0
633.0
1086.0
735.0
313.5
522.0
627.0
655.5
924.0
1387.5
324.0
558.0
447.0
484.5
669.0
693.0
328.5
747.0
804.0
243.0
880.5
918.0
285.0
727.5
135.0
450.0
579.0
292.5
708.0
460.5
414.0
460.5
184.5
552.0
1180.5
648.0
1008.0
718.5
586.5
990.0
691.5
556.5
1123.5
417.0
355.5
385.5
984.0
990.0
468.0
769.5
300.0
519.0
1588.5
502.5
621.0
822.0
756.0
420.0
558.0
1354.5
328.5
583.5
472.5
121.5
624.0
210.0
783.0
369.0
135.0
156.0
747.0
627.0
540.0
306.0
334.5
256.5
822.0
595.5
663.0
526.5
40.5
463.5
463.5
204.0
594.0
705.0
258.0
1236.0
249.0
274.5
478.5
331.5
444.0
658.5
211.5
409.5
738.0
573.0
600.0
531.0
460.5
574.5
207.0
565.5
1035.0
526.5
558.0
1003.5
1111.5
657.0
666.0
187.5
837.0
606.0
807.0
22.5
99.0
547.5
628.5
1099.5
261.0
295.5
340.5
633.0
634.5
948.0
582.0
735.0
309.0
228.0
517.5
669.0
571.5
349.5
160.5
1053.0
480.0
1287.0
937.5
199.5
673.5
226.5
372.0
310.5
217.5
384.0
375.0
424.5
168.0
402.0
990.0
187.5
1494.0
253.5
984.0
226.5
364.5
1353.0
1173.0
720.0
930.0
262.5
784.5
669.0
345.0
1071.0
1306.5
358.5
550.5
504.0
433.5
271.5
615.0
1438.5
703.5
66.0
679.5
241.5
463.5
399.0
480.0
429.0
831.0
280.5
283.5
394.5
496.5
852.0
499.5
420.0
390.0
1320.0
255.0
1006.5
985.5
1390.5
805.5
715.5
834.0
675.0
283.5
210.0
903.0
90.0
982.5
727.5
165.0
222.0
625.5
568.5
219.0
322.5
121.5
225.0
958.5
129.0
277.5
829.5
1207.5
348.0
300.0
466.5
496.5
691.5
445.5
519.0
423.0
250.5
952.5
679.5
265.5
465.0
294.0
159.0
421.5
265.5
1429.5
235.5
694.5
772.5
201.0
471.0
402.0
676.5
570.0
684.0
126.0
1036.5
139.5
208.5
558.0
955.5
1410.0
135.0
736.5
916.5
613.5
805.5
475.5
309.0
657.0
426.0
214.5
387.0
399.0
180.0
1126.5
322.5
247.5
325.5
636.0
172.5
672.0
582.0
1095.0
1170.0
858.0
387.0
306.0
360.0
562.5
892.5
225.0
870.0
336.0
1042.5
432.0
663.0
412.5
607.5
456.0
202.5
793.5
492.0
334.5
105.0
553.5
615.0
1125.0
63.0
93.0
357.0
277.5
97.5
532.5
522.0
1105.5
441.0
894.0
330.0
253.5
418.5
646.5
633.0
384.0
849.0
273.0
678.0
1050.0
384.0
121.5
60.0
247.5
288.0
1110.0
676.5
730.5
1176.0
178.5
922.5
535.5
316.5
453.0
415.5
1480.5
189.0
201.0
799.5
379.5
903.0
276.0
763.5
598.5
82.5
507.0
877.5
783.0
754.5
831.0
511.5
768.0
570.0
684.0
268.5
844.5
747.0
502.5
118.5
183.0
396.0
141.0
283.5
397.5
225.0
210.0
369.0
382.5
610.5
811.5
744.0
384.0
112.5
493.5
390.0
439.5
1132.5
883.5
321.0
1374.0
252.0
204.0
121.5
363.0
429.0
522.0
240.0
234.0
1465.5
180.0
1023.0
700.5
1516.5
765.0
283.5
465.0
865.5
946.5
270.0
622.5
798.0
748.5
484.5
93.0
220.5
319.5
276.0
571.5
207.0
520.5
652.5
964.5
937.5
1071.0
442.5
427.5
949.5
822.0
1201.5
1083.0
486.0
346.5
442.5
465.0
369.0
747.0
426.0
630.0
382.5
208.5
841.5
252.0
1018.5
1056.0
279.0
180.0
145.5
502.5
1153.5
393.0
166.5
109.5
630.0
820.5
151.5
352.5
475.5
351.0
423.0
313.5
202.5
1024.5
274.5
438.0
859.5
468.0
324.0
348.0
540.0
139.5
144.0
552.0
207.0
495.0
136.5
118.5
307.5
475.5
684.0
222.0
684.0
336.0
907.5
447.0
859.5
1741.5
207.0
565.5
357.0
469.5
243.0
631.5
915.0
127.5
1066.5
1110.0
187.5
430.5
307.5
252.0
477.0
15.0
142.5
783.0
213.0
652.5
367.5
475.5
718.5
397.5
315.0
21.0
577.5
735.0
732.0
264.0
168.0
660.0
280.5
247.5
697.5
490.5
186.0
459.0
444.0
1149.0
324.0
181.5
936.0
109.5
337.5
382.5
130.5
181.5
412.5
691.5
1023.0
411.0
970.5
399.0
258.0
1323.0
415.5
853.5
646.5
691.5
436.5
238.5
517.5
321.0
577.5
334.5
343.5
412.5
322.5
417.0
438.0
139.5
247.5
421.5
729.0
334.5
196.5
921.0
115.5
811.5
688.5
1161.0
538.5
829.5
670.5
1054.5
853.5
1042.5
324.0
193.5
522.0
664.5
423.0
373.5
88.5
607.5
265.5
733.5
238.5
1221.0
852.0
1176.0
786.0
346.5
192.0
559.5
424.5
591.0
364.5
366.0
175.5
154.5
402.0
261.0
745.5
438.0
538.5
876.0
1107.0
616.5
1473.0
742.5
709.5
457.5
807.0
198.0
534.0
397.5
327.0
663.0
324.0
781.5
547.5
457.5
231.0
90.0
537.0
1102.5
738.0
505.5
364.5
343.5
574.5
651.0
498.0
696.0
316.5
682.5
961.5
744.0
193.5
477.0
1681.5
745.5
457.5
234.0
649.5
796.5
978.0
90.0
448.5
661.5
264.0
49.5
1020.0
777.0
451.5
1452.0
630.0
268.5
991.5
637.5
687.0
823.5
420.0
640.5
618.0
330.0
223.5
970.5
486.0
531.0
88.5
339.0
252.0
321.0
505.5
48.0
531.0
216.0
807.0
748.5
522.0
43.5
586.5
268.5
742.5
670.5
750.0
765.0
694.5
712.5
628.5
627.0
412.5
435.0
961.5
931.5
537.0
360.0
310.5
873.0
130.5
705.0
886.5
288.0
1083.0
1536.0
429.0
423.0
669.0
78.0
109.5
229.5
645.0
409.5
438.0
625.5
621.0
1047.0
1099.5
1026.0
510.0
570.0
429.0
45.0
202.5
364.5
531.0
726.0
402.0
1297.5
1240.5
855.0
624.0
462.0
1143.0
1285.5
970.5
949.5
448.5
174.0
205.5
1027.5
778.5
571.5
780.0
256.5
673.5
252.0
199.5
1566.0
360.0
277.5
270.0
456.0
732.0
322.5
1033.5
1210.5
591.0
1017.0
619.5
252.0
123.0
324.0
742.5
382.5
228.0
892.5
367.5
279.0
565.5
202.5
1140.0
252.0
672.0
256.5
316.5
865.5
946.5
198.0
349.5
984.0
460.5
210.0
522.0
466.5
705.0
660.0
220.5
318.0
1513.5
255.0
1425.0
459.0
469.5
99.0
591.0
682.5
531.0
111.0
817.5
426.0
165.0
430.5
91.5
219.0
513.0
85.5
150.0
162.0
583.5
205.5
385.5
180.0
406.5
697.5
351.0
372.0
499.5
658.5
322.5
265.5
520.5
693.0
738.0
312.0
160.5
483.0
550.5
198.0
688.5
711.0
1116.0
1452.0
307.5
37.5
738.0
484.5
697.5
258.0
627.0
180.0
889.5
918.0
240.0
352.5
520.5
480.0
766.5
454.5
381.0
504.0
397.5
1024.5
967.5
762.0
459.0
324.0
348.0
516.0
1395.0
441.0
939.0
445.5
343.5
657.0
528.0
735.0
282.0
891.0
700.5
201.0
796.5
1126.5
688.5
321.0
1417.5
1177.5
781.5
508.5
226.5
1210.5
370.5
382.5
1044.0
70.5
735.0
289.5
114.0
355.5
406.5
787.5
97.5
510.0
1248.0
336.0
193.5
421.5
550.5
409.5
313.5
1138.5
190.5
459.0
322.5
783.0
607.5
67.5
426.0
868.5
468.0
280.5
538.5
1086.0
658.5
657.0
681.0
183.0
1264.5
805.5
505.5
222.0
271.5
66.0
789.0
321.0
322.5
1059.0
1347.0
498.0
373.5
262.5
544.5
993.0
277.5
301.5
393.0
406.5
316.5
252.0
675.0
366.0
312.0
528.0
319.5
289.5
670.5
405.0
573.0
415.5
745.5
852.0
322.5
315.0
655.5
412.5
793.5
394.5
190.5
627.0
675.0
832.5
793.5
1176.0
1005.0
1090.5
274.5
303.0
684.0
198.0
468.0
483.0
574.5
259.5
390.0
526.5
834.0
879.0
667.5
697.5
252.0
588.0
945.0
576.0
241.5
90.0
372.0
985.5
282.0
190.5
672.0
972.0
232.5
370.5
904.5
963.0
711.0
298.5
195.0
189.0
315.0
571.5
567.0
165.0
636.0
226.5
811.5
261.0
168.0
357.0
153.0
1402.5
990.0
198.0
549.0
417.0
396.0
165.0
25.5
547.5
786.0
852.0
682.5
565.5
775.5
349.5
400.5
717.0
298.5
232.5
451.5
1111.5
1050.0
402.0
991.5
603.0
880.5
753.0
127.5
964.5
429.0
843.0
397.5
507.0
637.5
1153.5
1270.5
669.0
1314.0
1216.5
757.5
130.5
300.0
196.5
297.0
540.0
519.0
208.5
768.0
468.0
933.0
553.5
877.5
195.0
273.0
280.5
685.5
553.5
160.5
445.5
820.5
558.0
391.5
742.5
654.0
870.0
1182.0
726.0
667.5
289.5
871.5
1062.0
840.0
150.0
502.5
844.5
1159.5
1209.0
1198.5
511.5
252.0
406.5
820.5
325.5
1327.5
631.5
892.5
627.0
678.0
187.5
438.0
1278.0
1314.0
300.0
1414.5
730.5
222.0
321.0
669.0
511.5
145.5
697.5
333.0
144.0
436.5
262.5
1191.0
265.5
267.0
411.0
904.5
471.0
75.0
453.0
390.0
991.5
672.0
349.5
940.5
337.5
1017.0
525.0
70.5
208.5
354.0
1180.5
900.0
1188.0
570.0
639.0
79.5
519.0
436.5
792.0
319.5
1327.5
285.0
693.0
813.0
217.5
493.5
982.5
187.5
891.0
426.0
1576.5
181.5
1329.0
654.0
261.0
601.5
1041.0
721.5
270.0
409.5
940.5
565.5
397.5
658.5
406.5
136.5
1074.0
178.5
385.5
337.5
385.5
1227.0
172.5
1086.0
330.0
21.0
246.0
193.5
625.5
465.0
249.0
384.0
708.0
556.5
603.0
163.5
724.5
1050.0
864.0
292.5
1054.5
852.0
258.0
535.5
184.5
372.0
450.0
339.0
292.5
183.0
616.5
250.5
1059.0
156.0
345.0
1207.5
669.0
361.5
571.5
618.0
333.0
661.5
27.0
63.0
96.0
346.5
429.0
810.0
738.0
765.0
1053.0
661.5
702.0
348.0
316.5
799.5
114.0
1228.5
816.0
33.0
226.5
426.0
136.5
484.5
417.0
348.0
672.0
25.5
244.5
469.5
691.5
355.5
1179.0
636.0
442.5
507.0
285.0
664.5
603.0
387.0
712.5
208.5
220.5
889.5
352.5
15.0
561.0
918.0
538.5
1219.5
57.0
148.5
403.5
532.5
1033.5
663.0
622.5
459.0
259.5
393.0
670.5
813.0
1074.0
222.0
865.5
289.5
1455.0
73.5
397.5
120.0
300.0
531.0
247.5
225.0
960.0
178.5
130.5
259.5
357.0
867.0
54.0
1044.0
478.5
946.5
907.5
202.5
276.0
711.0
163.5
346.5
162.0
312.0
186.0
316.5
603.0
663.0
114.0
559.5
840.0
501.0
889.5
1036.5
442.5
466.5
772.5
678.0
276.0
103.5
334.5
639.0
222.0
481.5
358.5
247.5
223.5
334.5
297.0
366.0
156.0
531.0
751.5
232.5
711.0
853.5
580.5
819.0
451.5
462.0
448.5
805.5
1147.5
414.0
568.5
270.0
291.0
477.0
376.5
168.0
295.5
486.0
486.0
244.5
433.5
594.0
396.0
1006.5
684.0
624.0
733.5
345.0
195.0
207.0
996.0
420.0
460.5
156.0
367.5
352.5
351.0
568.5
219.0
535.5
531.0
334.5
622.5
1096.5
616.5
268.5
577.5
1029.0
532.5
426.0
427.5
991.5
840.0
70.5
915.0
178.5
534.0
1299.0
1060.5
61.5
436.5
394.5
877.5
1555.5
1519.5
222.0
267.0
289.5
786.0
249.0
843.0
513.0
913.5
468.0
609.0
919.5
883.5
730.5
685.5
843.0
196.5
378.0
286.5
1104.0
139.5
460.5
291.0
376.5
82.5
400.5
324.0
381.0
231.0
129.0
289.5
435.0
247.5
786.0
432.0
621.0
517.5
90.0
819.0
46.5
411.0
246.0
466.5
498.0
265.5
450.0
105.0
420.0
402.0
1138.5
1137.0
274.5
1206.0
637.5
81.0
364.5
337.5
715.5
240.0
546.0
204.0
474.0
748.5
442.5
484.5
522.0
171.0
165.0
403.5
136.5
724.5
1183.5
499.5
450.0
361.5
228.0
696.0
363.0
591.0
1084.5
405.0
306.0
244.5
577.5
1092.0
316.5
868.5
195.0
342.0
459.0
658.5
1105.5
823.5
373.5
520.5
664.5
199.5
849.0
598.5
273.0
495.0
721.5
963.0
664.5
883.5
657.0
367.5
277.5
988.5
1506.0
781.5
712.5
184.5
217.5
1200.0
397.5
292.5
376.5
336.0
225.0
274.5
702.0
664.5
651.0
660.0
154.5
354.0
241.5
118.5
1096.5
439.5
252.0
862.5
208.5
735.0
991.5
409.5
282.0
1336.5
385.5
949.5
412.5
241.5
517.5
111.0
595.5
744.0
901.5
157.5
966.0
354.0
268.5
418.5
210.0
742.5
343.5
114.0
567.0
691.5
202.5
579.0
232.5
1110.0
156.0
448.5
312.0
540.0
753.0
886.5
1198.5
349.5
307.5
312.0
649.5
1159.5
295.5
87.0
291.0
727.5
178.5
657.0
1588.5
783.0
556.5
594.0
570.0
891.0
513.0
435.0
159.0
574.5
1210.5
642.0
507.0
838.5
118.5
67.5
772.5
450.0
259.5
1065.0
741.0
925.5
553.5
508.5
468.0
226.5
1267.5
328.5
333.0
1120.5
871.5
1095.0
274.5
478.5
540.0
187.5
154.5
684.0
238.5
205.5
61.5
438.0
535.5
1159.5
61.5
484.5
523.5
165.0
660.0
60.0
394.5
256.5
265.5
393.0
510.0
427.5
123.0
255.0
316.5
742.5
409.5
127.5
435.0
958.5
436.5
1537.5
636.0
219.0
795.0
693.0
733.5
1116.0
394.5
204.0
1083.0
844.5
475.5
568.5
553.5
598.5
211.5
358.5
313.5
1303.5
1317.0
640.5
451.5
826.5
289.5
466.5
642.0
946.5
763.5
1003.5
448.5
280.5
796.5
705.0
156.0
235.5
216.0
211.5
396.0
240.0
640.5
154.5
414.0
715.5
1600.5
193.5
1089.0
1116.0
604.5
249.0
498.0
525.0
973.5
1011.0
865.5
652.5
357.0
846.0
261.0
1108.5
180.0
273.0
646.5
318.0
402.0
1384.5
250.5
1186.5
381.0
301.5
766.5
207.0
96.0
988.5
1302.0
621.0
235.5
276.0
247.5
181.5
271.5
127.5
370.5
219.0
750.0
354.0
223.5
741.0
193.5
192.0
412.5
216.0
612.0
70.5
267.0
1021.5
1252.5
360.0
300.0
546.0
669.0
1072.5
1501.5
756.0
808.5
219.0
615.0
426.0
460.5
201.0
714.0
378.0
696.0
298.5
121.5
517.5
157.5
606.0
274.5
271.5
394.5
385.5
354.0
322.5
586.5
1164.0
1033.5
244.5
529.5
579.0
72.0
1173.0
232.5
235.5
265.5
285.0
270.0
103.5
385.5
342.0
601.5
97.5
708.0
808.5
258.0
228.0
187.5
139.5
315.0
291.0
1015.5
418.5
205.5
418.5
165.0
669.0
153.0
451.5
693.0
477.0
604.5
225.0
168.0
64.5
838.5
385.5
210.0
691.5
421.5
19.5
787.5
264.0
481.5
580.5
640.5
492.0
474.0
976.5
825.0
181.5
727.5
778.5
276.0
777.0
486.0
171.0
468.0
520.5
441.0
867.0
196.5
528.0
345.0
307.5
622.5
432.0
457.5
46.5
643.5
436.5
90.0
262.5
832.5
405.0
426.0
813.0
354.0
138.0
70.5
1195.5
474.0
879.0
264.0
270.0
286.5
190.5
366.0
189.0
315.0
1030.5
294.0
243.0
183.0
370.5
289.5
138.0
321.0
652.5
798.0
925.5
1075.5
690.0
618.0
828.0
664.5
109.5
438.0
874.5
351.0
1545.0
565.5
505.5
492.0
826.5
496.5
684.0
235.5
732.0
520.5
294.0
48.0
804.0
501.0
370.5
897.0
874.5
270.0
130.5
616.5
283.5
576.0
459.0
934.5
795.0
532.5
204.0
621.0
486.0
477.0
576.0
580.5
781.5
603.0
756.0
967.5
595.5
1035.0
516.0
264.0
909.0
565.5
340.5
1015.5
357.0
108.0
490.5
730.5
721.5
294.0
270.0
966.0
291.0
496.5
1116.0
1002.0
1039.5
84.0
538.5
466.5
621.0
492.0
1612.5
418.5
1243.5
1476.0
649.5
960.0
226.5
517.5
291.0
891.0
351.0
204.0
285.0
1159.5
880.5
876.0
322.5
597.0
267.0
553.5
994.5
532.5
426.0
999.0
1308.0
516.0
148.5
103.5
690.0
328.5
904.5
1239.0
829.5
720.0
885.0
157.5
432.0
81.0
847.5
819.0
334.5
312.0
541.5
370.5
312.0
367.5
187.5
621.0
88.5
745.5
555.0
283.5
324.0
1024.5
808.5
519.0
1162.5
123.0
687.0
1176.0
390.0
151.5
223.5
507.0
531.0
874.5
255.0
823.5
261.0
234.0
105.0
36.0
435.0
1069.5
280.5
424.5
175.5
204.0
703.5
664.5
382.5
486.0
1123.5
793.5
682.5
336.0
409.5
469.5
1257.0
472.5
393.0
540.0
543.0
901.5
559.5
718.5
51.0
1081.5
274.5
597.0
1402.5
481.5
708.0
592.5
900.0
1194.0
360.0
270.0
289.5
145.5
366.0
991.5
546.0
585.0
399.0
475.5
1870.5
469.5
1084.5
295.5
763.5
436.5
423.0
538.5
114.0
127.5
547.5
250.5
433.5
1614.0
661.5
111.0
807.0
330.0
321.0
406.5
520.5
747.0
327.0
517.5
261.0
147.0
186.0
385.5
345.0
501.0
768.0
543.0
832.5
444.0
415.5
255.0
442.5
1321.5
474.0
376.5
729.0
298.5
466.5
691.5
1149.0
673.5
99.0
408.0
868.5
1149.0
1029.0
120.0
207.0
261.0
328.5
807.0
135.0
376.5
517.5
145.5
936.0
372.0
142.5
537.0
463.5
741.0
636.0
478.5
804.0
1348.5
225.0
508.5
363.0
939.0
222.0
1185.0
330.0
117.0
729.0
462.0
393.0
483.0
472.5
609.0
189.0
775.5
1188.0
988.5
645.0
57.0
643.5
253.5
558.0
504.0
772.5
264.0
153.0
610.5
225.0
660.0
409.5
96.0
301.5
1180.5
1033.5
265.5
474.0
237.0
511.5
642.0
538.5
267.0
367.5
394.5
322.5
141.0
721.5
310.5
364.5
283.5
973.5
579.0
412.5
1632.0
826.5
322.5
108.0
684.0
568.5
537.0
201.0
327.0
753.0
69.0
706.5
787.5
445.5
157.5
25.5
114.0
234.0
996.0
747.0
888.0
460.5
330.0
819.0
364.5
340.5
123.0
316.5
379.5
522.0
846.0
1027.5
565.5
327.0
280.5
453.0
274.5
532.5
316.5
318.0
363.0
88.5
360.0
603.0
208.5
237.0
606.0
610.5
85.5
685.5
199.5
774.0
633.0
681.0
1272.0
657.0
508.5
412.5
172.5
49.5
217.5
832.5
363.0
255.0
291.0
456.0
591.0
117.0
220.5
346.5
483.0
358.5
654.0
535.5
768.0
960.0
327.0
387.0
415.5
1072.5
1261.5
856.5
507.0
121.5
408.0
1237.5
805.5
171.0
541.5
1134.0
331.5
1234.5
102.0
91.5
748.5
1476.0
607.5
394.5
706.5
1096.5
1342.5
1273.5
340.5
724.5
1237.5
556.5
1387.5
750.0
966.0
93.0
219.0
588.0
576.0
592.5
927.0
106.5
1182.0
165.0
1084.5
1060.5
204.0
748.5
450.0
1173.0
1176.0
784.5
645.0
547.5
225.0
708.0
447.0
502.5
435.0
226.5
136.5
855.0
730.5
798.0
315.0
54.0
115.5
285.0
1050.0
711.0
852.0
331.5
727.5
859.5
472.5
184.5
507.0
174.0
165.0
907.5
547.5
316.5
58.5
531.0
651.0
181.5
757.5
744.0
739.5
421.5
778.5
51.0
262.5
931.5
1020.0
385.5
345.0
342.0
249.0
376.5
28.5
70.5
16.5
822.0
562.5
214.5
130.5
445.5
190.5
45.0
621.0
118.5
1108.5
1434.0
352.5
456.0
799.5
345.0
447.0
277.5
703.5
430.5
550.5
451.5
586.5
289.5
330.0
252.0
564.0
127.5
63.0
715.5
268.5
1201.5
258.0
451.5
624.0
249.0
499.5
565.5
709.5
306.0
261.0
1380.0
948.0
337.5
1219.5
703.5
1069.5
630.0
396.0
390.0
493.5
549.0
712.5
358.5
316.5
513.0
1227.0
879.0
637.5
570.0
690.0
367.5
228.0
232.5
207.0
394.5
375.0
277.5
1300.5
495.0
246.0
621.0
675.0
1167.0
292.5
132.0
196.5
495.0
120.0
669.0
114.0
250.5
997.5
235.5
39.0
1212.0
235.5
120.0
1446.0
582.0
739.5
570.0
748.5
388.5
253.5
790.5
304.5
390.0
1176.0
420.0
204.0
442.5
837.0
15.0
910.5
490.5
544.5
571.5
66.0
526.5
37.5
313.5
567.0
666.0
685.5
1042.5
711.0
367.5
175.5
327.0
597.0
573.0
1057.5
547.5
627.0
319.5
511.5
1108.5
789.0
636.0
1185.0
595.5
486.0
348.0
681.0
1452.0
1396.5
499.5
600.0
889.5
139.5
1005.0
516.0
601.5
60.0
1657.5
165.0
364.5
199.5
736.5
238.5
1020.0
454.5
886.5
226.5
651.0
277.5
916.5
402.0
516.0
397.5
667.5
636.0
483.0
741.0
883.5
1270.5
49.5
1116.0
429.0
544.5
591.0
1372.5
1375.5
1072.5
40.5
1377.0
304.5
843.0
348.0
289.5
298.5
36.0
232.5
58.5
532.5
502.5
250.5
397.5
496.5
213.0
379.5
241.5
817.5
570.0
460.5
190.5
457.5
279.0
501.0
355.5
421.5
843.0
109.5
247.5
474.0
423.0
126.0
108.0
1146.0
789.0
612.0
433.5
672.0
862.5
7.5
660.0
144.0
1144.5
873.0
783.0
360.0
466.5
559.5
615.0
313.5
747.0
207.0
273.0
210.0
613.5
156.0
633.0
315.0
9.0
607.5
1170.0
1498.5
505.5
430.5
708.0
1150.5
1282.5
862.5
541.5
1065.0
469.5
244.5
328.5
178.5
546.0
312.0
871.5
426.0
637.5
624.0
256.5
343.5
213.0
345.0
486.0
736.5
691.5
1236.0
696.0
507.0
520.5
1297.5
849.0
337.5
442.5
310.5
610.5
315.0
121.5
331.5
1305.0
456.0
75.0
306.0
790.5
637.5
649.5
468.0
123.0
453.0
379.5
541.5
379.5
1294.5
165.0
579.0
385.5
1386.0
1026.0
318.0
454.5
195.0
198.0
666.0
628.5
567.0
945.0
1192.5
478.5
430.5
216.0
151.5
556.5
93.0
417.0
507.0
589.5
813.0
1171.5
507.0
333.0
385.5
505.5
819.0
426.0
549.0
330.0
762.0
351.0
396.0
289.5
664.5
910.5
1383.0
684.0
1003.5
1411.5
439.5
381.0
285.0
651.0
1084.5
657.0
495.0
721.5
1323.0
640.5
616.5
346.5
309.0
1288.5
739.5
315.0
93.0
193.5
624.0
217.5
1341.0
1308.0
385.5
786.0
738.0
769.5
52.5
474.0
753.0
430.5
951.0
805.5
435.0
1213.5
562.5
337.5
640.5
261.0
513.0
1077.0
487.5
561.0
58.5
109.5
354.0
198.0
186.0
1216.5
445.5
190.5
996.0
291.0
418.5
390.0
268.5
717.0
1011.0
886.5
241.5
594.0
94.5
265.5
219.0
315.0
624.0
1050.0
327.0
895.5
183.0
216.0
744.0
1038.0
742.5
1017.0
1222.5
609.0
787.5
483.0
394.5
262.5
598.5
1035.0
286.5
99.0
505.5
975.0
118.5
928.5
274.5
375.0
216.0
300.0
700.5
259.5
451.5
660.0
852.0
285.0
730.5
253.5
268.5
564.0
274.5
345.0
793.5
1261.5
1006.5
333.0
1230.0
621.0
130.5
582.0
1240.5
520.5
610.5
591.0
195.0
1552.5
268.5
186.0
309.0
220.5
642.0
576.0
409.5
1089.0
727.5
1030.5
837.0
1072.5
1045.5
405.0
1380.0
1456.5
306.0
447.0
1257.0
100.5
199.5
324.0
304.5
549.0
291.0
751.5
333.0
250.5
261.0
535.5
1140.0
265.5
483.0
400.5
537.0
243.0
346.5
799.5
703.5
927.0
823.5
675.0
205.5
435.0
120.0
1420.5
445.5
544.5
367.5
84.0
679.5
414.0
541.5
528.0
832.5
223.5
1063.5
342.0
546.0
172.5
649.5
559.5
769.5
985.5
412.5
201.0
520.5
427.5
784.5
702.0
786.0
454.5
439.5
1006.5
688.5
202.5
100.5
606.0
1218.0
358.5
862.5
1090.5
1090.5
1266.0
871.5
108.0
313.5
280.5
1000.5
820.5
397.5
463.5
448.5
757.5
208.5
79.5
147.0
795.0
204.0
937.5
484.5
6.0
238.5
202.5
504.0
193.5
828.0
432.0
513.0
36.0
1017.0
394.5
321.0
363.0
510.0
795.0
528.0
39.0
385.5
706.5
690.0
549.0
937.5
1086.0
703.5
370.5
504.0
177.0
214.5
888.0
214.5
210.0
1152.0
1549.5
870.0
805.5
366.0
547.5
994.5
1024.5
895.5
721.5
652.5
379.5
1045.5
325.5
247.5
154.5
210.0
625.5
996.0
498.0
339.0
529.5
969.0
253.5
253.5
289.5
591.0
325.5
843.0
297.0
133.5
414.0
205.5
691.5
532.5
93.0
834.0
25.5
1363.5
402.0
709.5
402.0
199.5
420.0
301.5
628.5
363.0
888.0
1539.0
598.5
87.0
565.5
420.0
837.0
1437.0
885.0
1018.5
487.5
1065.0
609.0
469.5
1159.5
838.5
565.5
444.0
313.5
220.5
949.5
885.0
441.0
1092.0
759.0
916.5
1095.0
535.5
201.0
663.0
471.0
403.5
36.0
373.5
234.0
603.0
366.0
250.5
1195.5
445.5
595.5
217.5
240.0
175.5
111.0
147.0
243.0
904.5
1309.5
726.0
106.5
1381.5
733.5
622.5
894.0
1053.0
729.0
319.5
322.5
519.0
738.0
1159.5
652.5
409.5
1233.0
232.5
331.5
528.0
505.5
252.0
1294.5
777.0
466.5
280.5
1057.5
835.5
204.0
690.0
469.5
336.0
385.5
153.0
667.5
501.0
279.0
1180.5
603.0
354.0
315.0
612.0
492.0
643.5
964.5
1237.5
313.5
552.0
306.0
180.0
154.5
264.0
553.5
481.5
423.0
225.0
408.0
507.0
139.5
378.0
373.5
673.5
984.0
859.5
289.5
259.5
288.0
699.0
565.5
856.5
187.5
756.0
504.0
964.5
219.0
454.5
214.5
580.5
589.5
628.5
816.0
397.5
807.0
357.0
720.0
