1797.0
1653.0
1797.0
1597.5
1624.5
1765.5
1791.0
1758.0
1840.5
1726.5
1777.5
1759.5
1720.5
1641.0
1795.5
1840.5
1399.5
1881.0
1833.0
1768.5
1747.5
1722.0
1587.0
1852.5
1398.0
1839.0
736.5
1353.0
1902.0
1311.0
918.0
1180.5
990.0
1870.5
1665.0
1645.5
1612.5
1623.0
1402.5
1651.5
1651.5
1251.0
1438.5
1276.5
1569.0
1675.5
1959.0
1186.5
1329.0
1639.5
1672.5
1284.0
1500.0
1762.5
1662.0
1654.5
1372.5
1653.0
1317.0
1654.5
1761.0
1839.0
1440.0
1555.5
1926.0
1336.5
1833.0
1810.5
1255.5
1570.5
1407.0
1684.5
1603.5
1717.5
1677.0
1636.5
1738.5
1762.5
1810.5
1810.5
1218.0
1573.5
1263.0
1669.5
1728.0
1782.0
1111.5
1837.5
1063.5
1561.5
1824.0
1743.0
1572.0
1672.5
1689.0
1620.0
1615.5
1723.5
1917.0
1725.0
1779.0
1353.0
1633.5
1488.0
1755.0
1195.5
1228.5
1866.0
1749.0
1966.5
1758.0
1761.0
1380.0
1911.0
1734.0
1852.5
1498.5
1450.5
493.5
1777.5
1561.5
1293.0
1674.0
1434.0
1611.0
1927.5
1447.5
1285.5
1810.5
1494.0
1668.0
1620.0
1462.5
1659.0
1735.5
1446.0
1818.0
828.0
1542.0
1564.5
1944.0
1713.0
1645.5
1689.0
1918.5
1887.0
1720.5
1608.0
1656.0
1662.0
1360.5
1704.0
1705.5
1597.5
1500.0
1884.0
1455.0
1312.5
1792.5
1642.5
1441.5
1456.5
1569.0
1870.5
1879.5
1414.5
1365.0
1758.0
1869.0
1717.5
1669.5
1465.5
1518.0
1722.0
1713.0
1764.0
1635.0
1168.5
1672.5
1714.5
1783.5
1612.5
1800.0
1474.5
1678.5
1822.5
1744.5
1530.0
1653.0
1437.0
1105.5
1717.5
1425.0
1560.0
1711.5
1771.5
1444.5
1849.5
1392.0
1600.5
1674.0
1458.0
1267.5
579.0
1647.0
1587.0
1408.5
1594.5
1762.5
1606.5
1672.5
1728.0
1560.0
1527.0
1807.5
1725.0
1717.5
1684.5
1800.0
1522.5
1623.0
1519.5
1722.0
1789.5
1795.5
1903.5
1798.5
1374.0
1561.5
1263.0
1180.5
1447.5
1048.5
805.5
1831.5
580.5
1857.0
1597.5
1596.0
1788.0
1476.0
1867.5
1798.5
727.5
1723.5
1606.5
547.5
1615.5
1543.5
1692.0
1228.5
1812.0
1377.0
1296.0
1704.0
1755.0
1846.5
1707.0
1401.0
1752.0
1054.5
1600.5
1624.5
1875.0
1125.0
1767.0
1593.0
1239.0
1258.5
1668.0
1570.5
1737.0
1473.0
951.0
1701.0
1654.5
1708.5
1552.5
1837.5
1746.0
1596.0
1471.5
1549.5
1648.5
1890.0
1755.0
1645.5
1698.0
1620.0
1812.0
1759.5
250.5
1474.5
1432.5
1660.5
1855.5
1404.0
1146.0
1753.5
1638.0
1618.5
1890.0
1471.5
1578.0
1689.0
1644.0
1501.5
1525.5
1660.5
1428.0
1630.5
1594.5
1804.5
1239.0
1788.0
1368.0
1731.0
1969.5
1513.5
1738.5
1297.5
1843.5
1573.5
1671.0
1834.5
357.0
1273.5
1551.0
1692.0
1852.5
1246.5
1674.0
1773.0
1825.5
1447.5
1747.5
1077.0
1332.0
1836.0
1146.0
1647.0
1723.5
1836.0
1405.5
1626.0
1614.0
1428.0
285.0
1638.0
1440.0
1392.0
1158.0
1660.5
1497.0
1374.0
1716.0
1380.0
1500.0
1729.5
1741.5
1734.0
1425.0
1783.5
1213.5
1849.5
730.5
1651.5
1726.5
1489.5
1656.0
1897.5
1728.0
1609.5
1638.0
1230.0
1657.5
1818.0
1128.0
1699.5
1861.5
984.0
1759.5
1449.0
1893.0
1099.5
1720.5
1723.5
1740.0
1744.5
1366.5
1866.0
1719.0
1600.5
1515.0
1662.0
1812.0
1539.0
1291.5
1866.0
1770.0
1069.5
1773.0
1422.0
1600.5
1119.0
1848.0
1740.0
1906.5
1486.5
1324.5
1671.0
1434.0
1557.0
1855.5
1692.0
1786.5
1711.5
1410.0
1900.5
1453.5
1767.0
1329.0
1729.5
1801.5
1933.5
682.5
1533.0
1429.5
592.5
1386.0
1620.0
1491.0
1564.5
982.5
1846.5
1360.5
1861.5
1926.0
1749.0
1350.0
1681.5
1102.5
1219.5
1653.0
1474.5
1434.0
1810.5
1653.0
1323.0
1863.0
1672.5
1698.0
1677.0
1581.0
1290.0
1798.5
1594.5
1191.0
1246.5
1860.0
1786.5
1665.0
1392.0
1692.0
894.0
1630.5
1729.5
1536.0
1728.0
1695.0
1581.0
1338.0
1261.5
1758.0
1554.0
1903.5
1500.0
1347.0
1677.0
1762.5
1923.0
906.0
1548.0
1564.5
1147.5
1923.0
1588.5
1566.0
1861.5
1723.5
387.0
1684.5
1560.0
1875.0
1627.5
1578.0
1680.0
1567.5
1822.5
1740.0
1765.5
1864.5
1915.5
1680.0
1867.5
1645.5
1708.5
1048.5
1731.0
1722.0
1800.0
1270.5
1660.5
1624.5
1701.0
1740.0
1578.0
1645.5
1633.5
1396.5
1641.0
1441.5
1624.5
1729.5
1468.5
1590.0
1374.0
1539.0
1234.5
1731.0
1827.0
1906.5
1507.5
828.0
1378.5
1632.0
1719.0
1009.5
691.5
1158.0
1672.5
1635.0
1758.0
961.5
1738.5
1669.5
825.0
1362.0
1675.5
1927.5
1527.0
1579.5
1470.0
1494.0
1797.0
1708.5
1761.0
1425.0
1350.0
1861.5
1777.5
1558.5
1765.5
1417.5
1891.5
1821.0
1635.0
1569.0
1333.5
1501.5
1696.5
907.5
1560.0
1206.0
1570.5
1756.5
1746.0
1798.5
1759.5
1089.0
1764.0
1212.0
1858.5
1515.0
1075.5
1690.5
1755.0
1761.0
1782.0
1900.5
1312.5
1662.0
1524.0
1693.5
1645.5
1467.0
1420.5
1677.0
1857.0
1492.5
1654.5
1464.0
1848.0
1815.0
1639.5
1525.5
1654.5
1540.5
1381.5
1578.0
1728.0
849.0
1659.0
1719.0
1726.5
1923.0
1711.5
1800.0
1392.0
1635.0
853.5
1344.0
1137.0
1318.5
1485.0
1735.5
1806.0
1164.0
1194.0
1635.0
1921.5
1803.0
1761.0
675.0
1540.5
1753.5
1692.0
1617.0
1600.5
1624.5
1675.5
1501.5
1804.5
1741.5
1689.0
1719.0
1719.0
1053.0
1276.5
1650.0
1698.0
1660.5
1927.5
1756.5
1117.5
1816.5
1819.5
1896.0
1720.5
1864.5
1437.0
1705.5
1660.5
1396.5
1815.0
1422.0
1741.5
1806.0
1287.0
1665.0
1765.5
1765.5
1498.5
1867.5
1404.0
1275.0
1815.0
1711.5
1755.0
1338.0
1665.0
1233.0
1506.0
1807.5
957.0
1809.0
1506.0
1630.5
1350.0
924.0
1618.5
1461.0
967.5
1677.0
1788.0
1633.5
1530.0
1306.5
1837.5
1512.0
1704.0
1141.5
1797.0
1834.5
1285.5
1663.5
1306.5
1612.5
1797.0
853.5
1540.5
1780.5
1695.0
1726.5
1167.0
1840.5
1713.0
1387.5
1737.0
1591.5
1323.0
777.0
1762.5
1606.5
1551.0
1452.0
1452.0
1681.5
1800.0
1405.5
1254.0
1276.5
1822.5
1510.5
1701.0
1620.0
1732.5
1599.0
1651.5
1620.0
697.5
1420.5
1803.0
1768.5
1912.5
1258.5
1668.0
1339.5
1705.5
1825.5
1747.5
1566.0
1653.0
1642.5
1774.5
1935.0
1576.5
1786.5
1579.5
1641.0
1632.0
1659.0
1813.5
1366.5
1770.0
1671.0
1873.5
1356.0
1740.0
1710.0
1812.0
1540.5
750.0
945.0
1735.5
1734.0
1833.0
1611.0
1675.5
1278.0
1711.5
1230.0
1597.5
1564.5
1870.5
1578.0
1380.0
1828.5
1371.0
1473.0
1758.0
1786.5
1531.5
1678.5
1504.5
1072.5
1230.0
1521.0
1468.5
1557.0
1428.0
951.0
774.0
1789.5
1639.5
1750.5
1293.0
1626.0
1792.5
219.0
1711.5
1869.0
1879.5
1684.5
1608.0
1723.5
1567.5
1792.5
1570.5
1747.5
1536.0
1696.5
1768.5
1545.0
1804.5
1275.0
1719.0
1459.5
1596.0
1095.0
1561.5
1705.5
1174.5
1770.0
1365.0
1192.5
1470.0
1534.5
1831.5
1696.5
1596.0
1852.5
1240.5
1695.0
765.0
1522.5
681.0
1198.5
1722.0
1792.5
1524.0
1702.5
1857.0
1495.5
1860.0
1605.0
1761.0
1465.5
1395.0
1429.5
780.0
1866.0
1381.5
1776.0
1752.0
1792.5
1614.0
1789.5
1786.5
1671.0
1444.5
1701.0
1614.0
1521.0
1756.5
1323.0
1593.0
1603.5
1791.0
1632.0
1947.0
1384.5
1569.0
1602.0
1510.5
1717.5
1539.0
1675.5
1905.0
1386.0
1152.0
1417.5
1383.0
1477.5
1798.5
1776.0
1504.5
1537.5
1747.5
1654.5
1786.5
1747.5
1489.5
1860.0
1771.5
1711.5
1840.5
379.5
1711.5
1750.5
1735.5
1837.5
1759.5
1534.5
1816.5
1401.0
1381.5
1267.5
1284.0
1765.5
1353.0
1285.5
562.5
1678.5
1707.0
1519.5
1777.5
1798.5
1783.5
1773.0
1518.0
1299.0
1390.5
1702.5
1039.5
1713.0
1198.5
1750.5
1746.0
1632.0
1522.5
1855.5
1635.0
1821.0
1588.5
1648.5
1642.5
1827.0
1624.5
1428.0
1195.5
1482.0
1713.0
915.0
1732.5
1431.0
1545.0
1746.0
1713.0
1336.5
1809.0
1654.5
1296.0
1354.5
1840.5
1668.0
1746.0
1507.5
1804.5
1779.0
1653.0
1812.0
1804.5
1461.0
1417.5
1830.0
937.5
1756.5
1804.5
1839.0
1426.5
1413.0
1662.0
1549.5
1144.5
1782.0
802.5
1482.0
1342.5
1614.0
1261.5
1593.0
1764.0
1840.5
717.0
1581.0
1608.0
1714.5
1692.0
1687.5
1765.5
1701.0
1888.5
1917.0
1402.5
1696.5
1768.5
945.0
1591.5
1833.0
762.0
1783.5
1177.5
1696.5
520.5
1653.0
1611.0
1021.5
1554.0
1270.5
1392.0
889.5
1722.0
1731.0
1701.0
1656.0
1986.0
1545.0
1203.0
1761.0
1411.5
1650.0
502.5
1659.0
1668.0
1338.0
1878.0
1857.0
1639.5
1675.5
441.0
1857.0
1515.0
1564.5
1849.5
1611.0
1681.5
1957.5
1678.5
1855.5
1291.5
1741.5
1689.0
1558.5
1273.5
2001.0
1377.0
1638.0
1756.5
1720.5
1422.0
1678.5
1801.5
1815.0
1545.0
1582.5
1729.5
1615.5
1875.0
1500.0
1833.0
1381.5
1710.0
1614.0
1770.0
1512.0
1363.5
1876.5
1816.5
1687.5
1738.5
1756.5
1039.5
1698.0
1516.5
1446.0
1831.5
1474.5
1899.0
1084.5
1291.5
1720.5
517.5
1551.0
1530.0
1722.0
837.0
1452.0
1605.0
1560.0
1762.5
1726.5
1446.0
1557.0
1807.5
1596.0
1512.0
543.0
1801.5
1885.5
1783.5
1852.5
1828.5
1878.0
1507.5
1633.5
570.0
1572.0
1662.0
1833.0
1653.0
1668.0
2017.5
934.5
1668.0
1717.5
1612.5
1828.5
1857.0
1741.5
1291.5
1245.0
1615.5
219.0
1633.5
1620.0
1824.0
1773.0
1630.5
1839.0
1846.5
1821.0
1585.5
1689.0
1575.0
1675.5
1632.0
1404.0
669.0
1360.5
1764.0
1674.0
1597.5
1557.0
1224.0
1756.5
1723.5
1138.5
1482.0
1531.5
1711.5
1618.5
1615.5
357.0
1785.0
1623.0
1359.0
1252.5
711.0
1752.0
1333.5
1690.5
1452.0
1006.5
1660.5
1702.5
1282.5
1834.5
1783.5
1890.0
1744.5
1546.5
1620.0
1227.0
1842.0
1698.0
1429.5
1708.5
1720.5
1428.0
1851.0
1191.0
1735.5
1629.0
1420.5
1674.0
1626.0
1744.5
1576.5
1642.5
1732.5
1693.5
1300.5
1401.0
1705.5
1444.5
1923.0
1147.5
1864.5
1779.0
1476.0
1792.5
1440.0
1509.0
1762.5
592.5
1707.0
1783.5
1351.5
1729.5
1566.0
1804.5
1780.5
1729.5
1506.0
1705.5
1002.0
1777.5
1756.5
1510.5
1828.5
1638.0
1516.5
1674.0
1356.0
1878.0
1488.0
1690.5
1552.5
1404.0
1438.5
1845.0
1515.0
1587.0
1341.0
1849.5
1714.5
1620.0
1780.5
1863.0
1756.5
1621.5
1104.0
1186.5
1816.5
486.0
1824.0
1743.0
1678.5
1837.5
1341.0
1627.5
1651.5
1276.5
1480.5
1671.0
1792.5
1753.5
1141.5
1669.5
1722.0
1753.5
1611.0
1806.0
1809.0
1521.0
1210.5
1794.0
1312.5
895.5
1690.5
1204.5
1468.5
1407.0
1837.5
1405.5
1812.0
1527.0
1903.5
1704.0
1635.0
1717.5
1629.0
1449.0
1663.5
1741.5
1779.0
1153.5
1656.0
1701.0
1489.5
1897.5
1354.5
1954.5
1576.5
1744.5
1690.5
1710.0
930.0
1207.5
1266.0
1453.5
1863.0
1864.5
1246.5
1714.5
1318.5
1852.5
1543.5
382.5
1759.5
1495.5
1839.0
1602.0
1644.0
1710.0
1222.5
1741.5
1674.0
1752.0
1675.5
1587.0
1696.5
1762.5
1873.5
1669.5
1768.5
1569.0
1711.5
1710.0
1776.0
1927.5
1695.0
1558.5
957.0
1395.0
1696.5
1785.0
1506.0
1152.0
1686.0
1815.0
1770.0
1816.5
1351.5
910.5
1768.5
1797.0
1332.0
1657.5
1422.0
1872.0
1444.5
1648.5
1120.5
1557.0
1758.0
1008.0
1630.5
1879.5
1338.0
1573.5
1513.5
1914.0
1767.0
1611.0
1546.5
1632.0
1920.0
1837.5
1575.0
1669.5
1666.5
1278.0
1479.0
1669.5
1018.5
1770.0
1807.5
1858.5
1597.5
1345.5
1830.0
1659.0
1726.5
1450.5
1534.5
1513.5
1654.5
1807.5
1698.0
1789.5
1498.5
1638.0
915.0
1684.5
1678.5
1249.5
1672.5
1747.5
1642.5
1770.0
1707.0
1558.5
1749.0
630.0
1263.0
1842.0
925.5
1675.5
567.0
1420.5
1866.0
1410.0
1498.5
1600.5
1285.5
492.0
1762.5
1506.0
1578.0
1491.0
1741.5
1660.5
1788.0
1510.5
1690.5
388.5
1834.5
1644.0
1716.0
1512.0
1237.5
1491.0
1545.0
901.5
1396.5
1873.5
1669.5
1938.0
1797.0
1312.5
1861.5
1882.5
1635.0
1614.0
1792.5
1435.5
1671.0
1720.5
1570.5
1689.0
1536.0
1764.0
1879.5
1714.5
1725.0
1708.5
1773.0
1692.0
1534.5
1603.5
1737.0
1666.5
1728.0
1828.5
1729.5
1713.0
1680.0
1596.0
1732.5
483.0
1908.0
1644.0
1870.5
1740.0
1540.5
1680.0
1876.5
1267.5
1759.5
1329.0
1369.5
1591.5
1122.0
1606.5
1854.0
1657.5
1737.0
1654.5
1639.5
1686.0
1548.0
1777.5
1672.5
1842.0
1620.0
1854.0
1677.0
1581.0
1498.5
915.0
1750.5
924.0
1833.0
1774.5
1711.5
1656.0
1768.5
1473.0
1567.5
1267.5
1368.0
1315.5
1473.0
1446.0
1489.5
1158.0
1627.5
1708.5
1471.5
1389.0
1569.0
1239.0
1471.5
1668.0
1710.0
1909.5
1333.5
1480.5
1629.0
1006.5
1348.5
1854.0
1509.0
1812.0
1804.5
1668.0
1944.0
363.0
1707.0
1378.5
1837.5
1785.0
1615.5
1644.0
1882.5
1752.0
1551.0
1773.0
1314.0
1564.5
681.0
1804.5
1423.5
1351.5
1824.0
1705.5
1642.5
1759.5
1591.5
1663.5
1695.0
942.0
1324.5
1696.5
1585.5
1782.0
1851.0
1809.0
1887.0
1681.5
1693.5
1794.0
1488.0
1035.0
985.5
1695.0
1459.5
1887.0
1449.0
1095.0
1422.0
1659.0
1782.0
1560.0
1879.5
1608.0
1315.5
1389.0
1807.5
1182.0
1767.0
1170.0
1683.0
1699.5
1483.5
1803.0
1951.5
1791.0
1881.0
1794.0
1809.0
1713.0
1530.0
1003.5
1401.0
1711.5
1705.5
1674.0
1843.5
1743.0
1465.5
1780.5
1650.0
1597.5
1491.0
1650.0
1527.0
1173.0
1398.0
1332.0
1801.5
1426.5
1620.0
1395.0
1756.5
1719.0
1276.5
1809.0
1702.5
1131.0
1426.5
1791.0
1374.0
1650.0
1689.0
1549.5
1825.5
1204.5
1053.0
1329.0
1455.0
1399.5
265.5
1788.0
1618.5
1830.0
1714.5
1749.0
1704.0
1441.5
1549.5
1821.0
1051.5
841.5
1741.5
1395.0
1552.5
1717.5
1624.5
1431.0
1738.5
1443.0
1672.5
1779.0
1743.0
1893.0
1788.0
841.5
1801.5
1749.0
1176.0
717.0
1435.5
210.0
1398.0
1611.0
1909.5
1761.0
1324.5
1833.0
1158.0
1923.0
1612.5
1654.5
1342.5
1543.5
1704.0
1621.5
1764.0
1468.5
1857.0
1470.0
1831.5
1516.5
1701.0
1533.0
1836.0
1255.5
1893.0
1729.5
1794.0
1770.0
796.5
1773.0
1599.0
1884.0
1528.5
1725.0
1749.0
1261.5
1834.5
1468.5
1581.0
1179.0
1756.5
1890.0
1528.5
1671.0
1647.0
1102.5
1245.0
918.0
1651.5
1749.0
1494.0
1594.5
1359.0
1507.5
1446.0
1645.5
1509.0
1675.5
1828.5
1525.5
1713.0
1647.0
1294.5
1570.5
1722.0
1647.0
1854.0
1584.0
1753.5
1692.0
364.5
1675.5
1686.0
1428.0
1672.5
1096.5
781.5
1627.5
1758.0
1737.0
1653.0
1678.5
1444.5
1876.5
1816.5
1441.5
1755.0
1222.5
1626.0
1242.0
1810.5
1188.0
1780.5
1714.5
1494.0
1366.5
1894.5
1707.0
1696.5
1834.5
1504.5
1497.0
1437.0
1638.0
1821.0
1683.0
1272.0
1116.0
993.0
1743.0
1698.0
1647.0
1798.5
1552.5
1692.0
1590.0
1638.0
1800.0
1890.0
1827.0
1690.5
1689.0
1947.0
1579.5
1654.5
1638.0
1590.0
1330.5
372.0
1507.5
1612.5
1512.0
1437.0
1813.5
1495.5
1569.0
1845.0
1426.5
1722.0
1191.0
1728.0
1597.5
1810.5
1704.0
1674.0
1737.0
1884.0
1845.0
778.5
1755.0
340.5
1548.0
1803.0
1716.0
1488.0
1600.5
1414.5
1495.5
921.0
1503.0
1780.5
1677.0
1249.5
1846.5
1879.5
1603.5
1836.0
1722.0
1575.0
1815.0
1528.5
1731.0
1431.0
1804.5
1723.5
1809.0
1854.0
1834.5
1794.0
1815.0
1461.0
1875.0
1483.5
1387.5
238.5
1368.0
1776.0
1210.5
1152.0
1674.0
1560.0
1807.5
1273.5
1762.5
1389.0
1254.0
1797.0
1786.5
1866.0
1446.0
1614.0
1236.0
1743.0
1500.0
1053.0
1699.5
1381.5
1440.0
1083.0
1801.5
1656.0
1659.0
1527.0
1093.5
874.5
1729.5
1578.0
1851.0
1684.5
1507.5
678.0
1482.0
1513.5
1714.5
1759.5
967.5
1561.5
1122.0
1660.5
1090.5
1702.5
1227.0
1557.0
1605.0
1713.0
1611.0
1768.5
1492.5
1207.5
1731.0
1671.0
1707.0
1752.0
1459.5
1683.0
1593.0
1740.0
1840.5
1746.0
1407.0
1773.0
1833.0
1737.0
1809.0
1441.5
1428.0
1702.5
1615.5
1705.5
1281.0
1128.0
1749.0
1450.5
1623.0
1711.5
1575.0
676.5
1755.0
1186.5
1803.0
1735.5
1893.0
1722.0
1662.0
1612.5
1839.0
1479.0
1716.0
1879.5
1594.5
1857.0
1570.5
1771.5
1726.5
1650.0
1345.5
1869.0
2008.5
1630.5
1560.0
1845.0
1326.0
1920.0
1807.5
1474.5
1563.0
1315.5
1545.0
1522.5
1528.5
1380.0
1591.5
1642.5
1564.5
1591.5
1552.5
1609.5
1053.0
1870.5
1788.0
1818.0
1878.0
1110.0
607.5
1680.0
1623.0
1698.0
1465.5
1746.0
1545.0
1537.5
1620.0
1174.5
1395.0
1305.0
1786.5
1770.0
1930.5
1860.0
1683.0
1705.5
1030.5
1194.0
1648.5
1155.0
1023.0
1363.5
1315.5
1708.5
1701.0
1696.5
1663.5
1704.0
1681.5
1849.5
1834.5
1695.0
1450.5
1317.0
699.0
1551.0
1783.5
1720.5
1740.0
1699.5
1687.5
1738.5
1434.0
1035.0
1449.0
1704.0
1672.5
1425.0
1554.0
1066.5
1710.0
1803.0
1465.5
1591.5
1723.5
1587.0
442.5
1123.5
1686.0
1780.5
1605.0
1357.5
1846.5
1645.5
1651.5
340.5
1723.5
1596.0
1650.0
1641.0
1443.0
1645.5
1581.0
1740.0
949.5
1251.0
1746.0
1660.5
1777.5
1809.0
1270.5
1687.5
1036.5
1710.0
1836.0
1780.5
1792.5
1078.5
373.5
1608.0
1591.5
1749.0
1839.0
1567.5
1638.0
1759.5
1398.0
1650.0
1701.0
1810.5
1773.0
1666.5
1542.0
1506.0
1762.5
1615.5
1648.5
1828.5
1624.5
1668.0
1452.0
1891.5
1860.0
877.5
1798.5
1731.0
1857.0
1665.0
1648.5
1329.0
1815.0
1915.5
1644.0
1734.0
1897.5
1803.0
1701.0
1851.0
1969.5
1780.5
1620.0
1560.0
1612.5
1707.0
1452.0
1605.0
1575.0
1689.0
1605.0
1741.5
1840.5
1405.5
1858.5
1896.0
1779.0
1683.0
1149.0
1665.0
1776.0
1764.0
1702.5
1915.5
1660.5
1711.5
1635.0
1638.0
1714.5
1462.5
1764.0
1840.5
1803.0
1812.0
1521.0
1842.0
499.5
1701.0
1230.0
1626.0
1459.5
1800.0
1575.0
1395.0
540.0
1687.5
1122.0
1762.5
1807.5
1704.0
1648.5
1564.5
1369.5
1441.5
1693.5
1384.5
1711.5
1476.0
1849.5
1761.0
1155.0
1806.0
1563.0
1477.5
1720.5
876.0
1477.5
1759.5
925.5
1420.5
1603.5
1648.5
1710.0
1779.0
1531.5
1651.5
1368.0
1660.5
1503.0
1777.5
1626.0
1807.5
1773.0
1816.5
1815.0
1608.0
1810.5
1746.0
1608.0
1548.0
1680.0
1869.0
1774.5
1288.5
1932.0
1827.0
1636.5
1806.0
1405.5
1306.5
1582.5
1740.0
1803.0
1737.0
1459.5
571.5
1356.0
1830.0
565.5
1666.5
1503.0
1653.0
1722.0
1516.5
1729.5
1323.0
1674.0
1575.0
1555.5
1498.5
1803.0
1788.0
1686.0
1821.0
1333.5
1660.5
1753.5
1851.0
1587.0
1740.0
1578.0
1546.5
1584.0
1579.5
1531.5
1464.0
1614.0
1477.5
1591.5
1276.5
1672.5
1801.5
1093.5
1348.5
1789.5
1663.5
1725.0
1806.0
1566.0
1822.5
1647.0
1719.0
1551.0
1140.0
1777.5
1597.5
1344.0
1432.5
1542.0
1824.0
1753.5
1459.5
1582.5
1608.0
1213.5
1803.0
1776.0
1656.0
1873.5
1446.0
1549.5
1401.0
838.5
1684.5
1614.0
1680.0
1825.5
1681.5
1518.0
1675.5
1522.5
1582.5
1599.0
1678.5
1255.5
1308.0
1690.5
1630.5
1795.5
1746.0
1764.0
1713.0
1521.0
1837.5
1609.5
1650.0
937.5
1665.0
1560.0
1749.0
1759.5
1314.0
1563.0
1786.5
1396.5
1860.0
1645.5
1488.0
1533.0
1621.5
579.0
1573.5
1759.5
1374.0
1606.5
1231.5
940.5
1678.5
1660.5
1548.0
1971.0
1659.0
1765.5
1644.0
1914.0
1671.0
1557.0
1735.5
1555.5
1386.0
1159.5
1786.5
1696.5
1729.5
1897.5
1855.5
1732.5
1756.5
1674.0
1732.5
1914.0
1633.5
1746.0
1524.0
1882.5
1767.0
1819.5
1728.0
1671.0
1686.0
1656.0
1804.5
1641.0
1678.5
1117.5
1890.0
1615.5
1647.0
745.5
1371.0
1770.0
1656.0
1806.0
1734.0
1828.5
1749.0
1677.0
1690.5
1741.5
1777.5
514.5
1713.0
1338.0
1669.5
1842.0
1746.0
1401.0
1729.5
1650.0
1743.0
1417.5
1872.0
1600.5
1863.0
1830.0
1212.0
813.0
1197.0
1693.5
1822.5
1731.0
1639.5
1425.0
1416.0
1098.0
1558.5
1620.0
1311.0
1707.0
1807.5
1443.0
1048.5
1440.0
1836.0
1570.5
1774.5
1726.5
1656.0
1053.0
1755.0
1822.5
1623.0
666.0
1534.5
1729.5
1863.0
1405.5
1462.5
1465.5
1863.0
1323.0
601.5
1837.5
168.0
1459.5
1665.0
1453.5
1603.5
1350.0
1840.5
1858.5
1402.5
1519.5
1639.5
1548.0
1833.0
1479.0
1765.5
1281.0
1723.5
1362.0
1863.0
1221.0
1524.0
1687.5
1755.0
1759.5
1626.0
1797.0
1710.0
1290.0
1647.0
1858.5
1632.0
1243.5
1834.5
1855.5
1717.5
1857.0
1494.0
1728.0
1674.0
1663.5
1399.5
1668.0
1201.5
1891.5
1579.5
897.0
1683.0
1522.5
1584.0
1666.5
1849.5
1494.0
1561.5
1783.5
1711.5
1524.0
1479.0
1860.0
1449.0
1650.0
1330.5
1647.0
1659.0
1431.0
1752.0
1518.0
1593.0
1684.5
1357.5
1392.0
1695.0
1395.0
1831.5
1170.0
1926.0
1524.0
1254.0
1612.5
1513.5
1434.0
1650.0
1843.5
1498.5
1830.0
1905.0
1318.5
1843.5
1627.5
1891.5
1704.0
1635.0
1321.5
1087.5
1774.5
1758.0
1596.0
1518.0
1726.5
424.5
1639.5
1776.0
1780.5
1551.0
1818.0
1842.0
1779.0
1794.0
1161.0
1431.0
1740.0
924.0
990.0
438.0
1717.5
1834.5
1813.5
1752.0
1764.0
1789.5
1656.0
1828.5
1585.5
1435.5
1815.0
1891.5
1623.0
1504.5
1366.5
1510.5
555.0
1764.0
480.0
1698.0
1725.0
1528.5
1821.0
1777.5
1726.5
1417.5
1894.5
1711.5
1498.5
1753.5
1042.5
1740.0
1441.5
1677.0
634.5
1797.0
1717.5
1645.5
1285.5
1773.0
1311.0
1878.0
1540.5
1854.0
1461.0
1624.5
1824.0
1821.0
1449.0
1603.5
1483.5
1776.0
1744.5
1621.5
1828.5
1815.0
1972.5
1461.0
1690.5
1653.0
1689.0
1720.5
1887.0
1743.0
1576.5
1594.5
1449.0
1665.0
1680.0
1671.0
1828.5
1818.0
1753.5
1272.0
274.5
1701.0
1279.5
1617.0
1878.0
1483.5
1522.5
1710.0
1687.5
1599.0
1723.5
1630.5
1579.5
1921.5
1777.5
1671.0
1120.5
1719.0
1759.5
1674.0
1599.0
1456.5
1725.0
930.0
1212.0
1807.5
1726.5
1599.0
1597.5
1707.0
1753.5
1462.5
1552.5
886.5
1807.5
1780.5
1476.0
1833.0
1449.0
1302.0
1824.0
1344.0
1626.0
1878.0
1714.5
1176.0
1791.0
1779.0
1804.5
1776.0
1605.0
1284.0
1366.5
1389.0
1401.0
1662.0
1536.0
1786.5
1477.5
1558.5
1800.0
1513.5
870.0
1734.0
1702.5
1744.5
1635.0
1581.0
1806.0
1585.5
1506.0
1681.5
1162.5
1575.0
1914.0
1090.5
1756.5
1833.0
1810.5
1732.5
1786.5
1399.5
1828.5
1764.0
1537.5
1636.5
1521.0
889.5
1807.5
1608.0
1681.5
1093.5
1344.0
1453.5
1566.0
1837.5
1869.0
1474.5
1861.5
919.5
1870.5
1639.5
1744.5
1837.5
1555.5
1597.5
1777.5
1729.5
1599.0
1504.5
1839.0
1705.5
1684.5
1731.0
1771.5
933.0
1579.5
1494.0
922.5
1726.5
1711.5
1366.5
1429.5
1630.5
1881.0
1753.5
1786.5
1645.5
1692.0
1612.5
1507.5
1747.5
1102.5
1677.0
1513.5
1200.0
1849.5
1669.5
1380.0
1731.0
1893.0
1530.0
1749.0
1915.5
1690.5
1570.5
1767.0
1533.0
1834.5
1821.0
1315.5
1696.5
1579.5
1591.5
1788.0
1924.5
1372.5
1614.0
1642.5
1797.0
1663.5
1272.0
1774.5
1980.0
1498.5
1518.0
1485.0
1231.5
1633.5
1461.0
1816.5
1840.5
1803.0
1780.5
1830.0
1633.5
1077.0
1990.5
1729.5
1903.5
1719.0
1534.5
1858.5
1644.0
1786.5
1048.5
1650.0
1434.0
1762.5
1875.0
1554.0
1309.5
1357.5
1708.5
1297.5
1816.5
1527.0
1681.5
1554.0
1635.0
1716.0
1773.0
1696.5
1638.0
1482.0
1698.0
1419.0
1797.0
1501.5
1677.0
1725.0
1671.0
1827.0
1521.0
1726.5
1704.0
1564.5
1803.0
1921.5
1791.0
1836.0
1503.0
1753.5
1665.0
1429.5
1660.5
1141.5
1612.5
1713.0
1758.0
1626.0
1356.0
1290.0
1336.5
1636.5
1633.5
1581.0
1570.5
1668.0
1822.5
1531.5
1749.0
1741.5
1680.0
247.5
1389.0
1380.0
1804.5
1659.0
1384.5
1806.0
1702.5
1612.5
1738.5
1755.0
1726.5
1722.0
1479.0
1738.5
1768.5
1858.5
547.5
1486.5
1648.5
1893.0
1216.5
1482.0
1720.5
1509.0
1594.5
1776.0
1548.0
1695.0
1870.5
1797.0
1509.0
1585.5
1696.5
376.5
1365.0
1698.0
1581.0
1516.5
1687.5
1471.5
1815.0
1818.0
1063.5
1534.5
1543.5
1521.0
1737.0
1813.5
1359.0
1444.5
1576.5
1590.0
1528.5
1401.0
1551.0
1648.5
1471.5
300.0
1692.0
498.0
1686.0
937.5
1707.0
1852.5
1657.5
1849.5
1723.5
1732.5
1600.5
1617.0
1627.5
1702.5
1522.5
1540.5
1515.0
1503.0
1489.5
1827.0
1921.5
1561.5
1701.0
1711.5
1627.5
1614.0
1539.0
1725.0
1608.0
1672.5
1578.0
1665.0
1734.0
1717.5
1195.5
1624.5
1731.0
1702.5
1872.0
1786.5
1467.0
1737.0
1743.0
1699.5
1431.0
1362.0
1296.0
1824.0
1339.5
519.0
1545.0
1681.5
1872.0
1678.5
1431.0
1375.5
1576.5
1807.5
1836.0
990.0
1711.5
1725.0
1863.0
1629.0
1468.5
1725.0
1431.0
1351.5
1447.5
1839.0
1390.5
1735.5
1849.5
1807.5
1777.5
1756.5
1863.0
1507.5
1791.0
1636.5
1171.5
1320.0
1095.0
1828.5
1897.5
1693.5
1464.0
1722.0
1632.0
1791.0
1557.0
1536.0
1660.5
1786.5
1881.0
1731.0
1615.5
1422.0
1615.5
1524.0
1890.0
1735.5
1246.5
1819.5
1357.5
1344.0
1750.5
1827.0
1944.0
1870.5
1773.0
1732.5
1875.0
1582.5
1144.5
1842.0
1566.0
1261.5
1753.5
1278.0
1663.5
1795.5
1837.5
1780.5
1621.5
1815.0
1744.5
1753.5
1090.5
1794.0
1585.5
1735.5
1672.5
1776.0
1806.0
1815.0
1723.5
1657.5
1759.5
1962.0
1675.5
1503.0
1804.5
457.5
1623.0
1798.5
1534.5
1878.0
1842.0
1191.0
1830.0
1692.0
1623.0
1456.5
1626.0
1531.5
204.0
1767.0
1552.5
1756.5
1503.0
1749.0
1759.5
1624.5
1720.5
1755.0
1491.0
1396.5
1614.0
1662.0
1870.5
1740.0
1245.0
1459.5
1066.5
1321.5
1741.5
1633.5
1635.0
1648.5
1864.5
1608.0
1252.5
1518.0
1408.5
1698.0
1491.0
1653.0
1500.0
1557.0
1462.5
1833.0
982.5
1728.0
1549.5
1578.0
1504.5
1770.0
1383.0
1119.0
1717.5
1654.5
1672.5
1360.5
1224.0
1006.5
1293.0
631.5
1569.0
1810.5
1822.5
1396.5
1516.5
1323.0
1341.0
1797.0
1765.5
1719.0
1138.5
1426.5
1579.5
1594.5
1675.5
1867.5
1260.0
1629.0
1714.5
1674.0
1687.5
1674.0
1530.0
1659.0
1746.0
1833.0
1635.0
1521.0
1450.5
1716.0
1717.5
1776.0
1920.0
1731.0
1758.0
1900.5
1503.0
1027.5
1429.5
1731.0
1395.0
1750.5
1645.5
1182.0
1626.0
1854.0
1734.0
1459.5
1576.5
1645.5
1215.0
1776.0
1633.5
1684.5
1684.5
1540.5
888.0
1776.0
1956.0
1830.0
1446.0
1683.0
1864.5
1291.5
1761.0
1746.0
1693.5
1629.0
1755.0
1611.0
1492.5
1674.0
1726.5
1773.0
1438.5
1656.0
1407.0
1330.5
1728.0
1728.0
1585.5
1659.0
1663.5
1701.0
1696.5
1722.0
1632.0
1657.5
1587.0
1696.5
1780.5
1495.5
1782.0
984.0
1840.5
1603.5
1594.5
864.0
1944.0
1653.0
1866.0
1521.0
982.5
1765.5
1933.5
1675.5
1789.5
1497.0
1348.5
1732.5
1846.5
1545.0
1183.5
1734.0
1728.0
1831.5
1299.0
1741.5
1705.5
1773.0
1713.0
1731.0
1696.5
1902.0
1698.0
1627.5
1221.0
1756.5
1276.5
1614.0
1900.5
1738.5
1440.0
1669.5
1665.0
1702.5
1560.0
1596.0
1245.0
1317.0
1336.5
1741.5
1899.0
1615.5
1854.0
1633.5
1398.0
1900.5
1885.5
1710.0
1626.0
1639.5
1105.5
1470.0
1114.5
1677.0
1453.5
1830.0
513.0
1639.5
1761.0
1336.5
1699.5
1681.5
1750.5
1410.0
1543.5
1588.5
1786.5
1797.0
1720.5
1312.5
1722.0
1854.0
1384.5
1707.0
1903.5
1779.0
1753.5
1842.0
1378.5
1084.5
1575.0
1758.0
1575.0
1638.0
1435.5
1785.0
1663.5
1644.0
1720.5
1723.5
1743.0
1438.5
1584.0
1381.5
1492.5
1371.0
1807.5
1867.5
1821.0
1798.5
1581.0
1659.0
1657.5
1672.5
1789.5
1533.0
1528.5
1606.5
1519.5
1425.0
712.5
1488.0
1813.5
1674.0
1933.5
1306.5
1641.0
1407.0
1705.5
1675.5
1812.0
1680.0
1827.0
1816.5
1716.0
808.5
1593.0
1794.0
1813.5
1674.0
1372.5
1605.0
1755.0
1780.5
1813.5
1836.0
1854.0
1369.5
1642.5
748.5
1846.5
1792.5
1539.0
1284.0
1656.0
529.5
1531.5
1327.5
1689.0
1269.0
1794.0
1648.5
1732.5
1996.5
1854.0
1699.5
1593.0
1827.0
1593.0
1713.0
1599.0
1338.0
1702.5
1519.5
1087.5
1929.0
1606.5
1639.5
1695.0
1809.0
1647.0
1525.5
1578.0
1518.0
775.5
1344.0
1767.0
1471.5
1344.0
1902.0
1440.0
1762.5
1240.5
1705.5
1281.0
1657.5
1512.0
1417.5
1245.0
1615.5
1498.5
1731.0
1741.5
1756.5
1846.5
1767.0
879.0
1266.0
1494.0
1398.0
1293.0
1587.0
1342.5
1422.0
1783.5
1896.0
1858.5
1608.0
1357.5
1884.0
1432.5
1542.0
1428.0
1756.5
1569.0
1273.5
1648.5
1716.0
1552.5
1750.5
1974.0
1362.0
1834.5
1620.0
1554.0
1693.5
1540.5
1914.0
1773.0
1638.0
1792.5
1584.0
1906.5
1408.5
1749.0
1705.5
1749.0
1612.5
1596.0
1713.0
1204.5
1741.5
1473.0
1407.0
1446.0
1704.0
1740.0
1156.5
1345.5
1282.5
1510.5
1689.0
1329.0
1584.0
1521.0
1543.5
1786.5
1629.0
439.5
1672.5
1297.5
1876.5
1753.5
1737.0
1689.0
1348.5
745.5
1926.0
1830.0
1743.0
1863.0
1813.5
1867.5
1380.0
1740.0
1857.0
1638.0
1605.0
1470.0
1806.0
1138.5
1863.0
1639.5
1819.5
1417.5
1675.5
1822.5
1660.5
1860.0
1765.5
1840.5
1647.0
1803.0
1686.0
1756.5
1608.0
1677.0
1840.5
1711.5
1711.5
1570.5
1863.0
1777.5
1786.5
1725.0
1741.5
1704.0
1764.0
1752.0
1381.5
1756.5
1945.5
1719.0
1557.0
1882.5
1464.0
1513.5
1744.5
1809.0
1717.5
1651.5
1702.5
1663.5
1659.0
936.0
1563.0
1570.5
1758.0
1447.5
1803.0
1827.0
1587.0
1927.5
1432.5
972.0
1593.0
1599.0
1671.0
1461.0
430.5
1477.5
1557.0
1821.0
1500.0
1930.5
1579.5
738.0
1633.5
1638.0
1258.5
1876.5
1734.0
1128.0
1735.5
1780.5
1686.0
1434.0
1818.0
1701.0
1243.5
1801.5
1620.0
1825.5
1909.5
1720.5
1071.0
1668.0
1314.0
1059.0
1459.5
978.0
1308.0
1411.5
1524.0
1623.0
1365.0
1461.0
1645.5
1660.5
1522.5
1789.5
1546.5
1714.5
1560.0
723.0
1707.0
492.0
1576.5
1651.5
1650.0
1720.5
1350.0
1677.0
1695.0
1549.5
1599.0
679.5
1722.0
1893.0
1501.5
1771.5
1752.0
1708.5
1609.5
1618.5
1809.0
1599.0
1372.5
1365.0
1728.0
1629.0
1327.5
1495.5
1461.0
1632.0
1222.5
1522.5
1362.0
1654.5
1293.0
1651.5
1813.5
1779.0
1746.0
1843.5
1476.0
1254.0
1452.0
1692.0
1476.0
1614.0
996.0
1579.5
1578.0
1615.5
1791.0
1575.0
1857.0
1656.0
1761.0
1588.5
1800.0
1570.5
1695.0
1860.0
1533.0
1218.0
1984.5
1647.0
1755.0
1798.5
1728.0
1495.5
1609.5
1440.0
1900.5
1884.0
1461.0
1759.5
1656.0
1455.0
1209.0
1696.5
1647.0
1627.5
1125.0
1749.0
1650.0
1695.0
1678.5
1801.5
1843.5
1737.0
1636.5
1653.0
796.5
1770.0
1776.0
1677.0
1600.5
1566.0
1807.5
1243.5
1896.0
1935.0
1803.0
1794.0
1810.5
1578.0
1303.5
1395.0
1671.0
1635.0
1450.5
1843.5
1705.5
1786.5
1653.0
1477.5
1576.5
1836.0
1297.5
1932.0
1899.0
1831.5
1818.0
1360.5
1852.5
1648.5
684.0
1690.5
1686.0
1797.0
1030.5
1740.0
1567.5
1677.0
1377.0
1615.5
1906.5
912.0
1602.0
1473.0
1296.0
1942.5
1813.5
1608.0
1680.0
552.0
1798.5
1737.0
1161.0
1747.5
1741.5
1602.0
1324.5
1741.5
1662.0
1734.0
1728.0
1626.0
1339.5
1620.0
397.5
459.0
978.0
1417.5
1188.0
1506.0
1302.0
1714.5
1314.0
1809.0
1168.5
1683.0
1575.0
1392.0
1668.0
1656.0
1725.0
1815.0
1518.0
1753.5
1036.5
1516.5
435.0
1756.5
1728.0
1860.0
1513.5
1714.5
1183.5
1531.5
1660.5
1153.5
1566.0
1572.0
1725.0
1804.5
1252.5
1684.5
1590.0
1101.0
1855.5
1452.0
1791.0
1476.0
1695.0
1845.0
1764.0
1702.5
1629.0
1743.0
1576.5
1647.0
517.5
1690.5
1809.0
1639.5
1693.5
1788.0
1500.0
1588.5
1542.0
1714.5
1572.0
1615.5
855.0
1498.5
1830.0
1711.5
1761.0
1162.5
1459.5
1623.0
1758.0
1785.0
1776.0
1735.5
1540.5
1765.5
1320.0
1423.5
1905.0
1621.5
1858.5
1602.0
495.0
1452.0
922.5
1672.5
910.5
1833.0
1717.5
1854.0
1423.5
1560.0
1804.5
1390.5
1650.0
1671.0
1293.0
1716.0
1614.0
1573.5
1750.5
1785.0
397.5
1327.5
1906.5
1717.5
1662.0
1753.5
1290.0
1603.5
231.0
1605.0
1405.5
1648.5
1900.5
1633.5
1668.0
1677.0
1533.0
1690.5
1570.5
1713.0
1866.0
1668.0
1839.0
1659.0
1779.0
864.0
1852.5
1605.0
1794.0
1711.5
1851.0
1414.5
1734.0
1377.0
1170.0
1723.5
1810.5
1687.5
1420.5
1711.5
1890.0
1794.0
1896.0
1806.0
1677.0
1434.0
1756.5
1305.0
1506.0
1639.5
1537.5
1657.5
1590.0
1657.5
1030.5
1384.5
655.5
1372.5
795.0
1521.0
1686.0
1674.0
1716.0
1741.5
1869.0
1632.0
1761.0
1804.5
1456.5
1666.5
1750.5
1608.0
1425.0
1725.0
1690.5
1519.5
1446.0
1524.0
331.5
1738.5
1366.5
1711.5
1683.0
1593.0
1450.5
1869.0
1644.0
1615.5
1800.0
913.5
1572.0
1525.5
1777.5
1713.0
1566.0
1822.5
1668.0
1447.5
1224.0
1710.0
1746.0
1357.5
1852.5
1705.5
1927.5
771.0
258.0
1348.5
1845.0
1671.0
1926.0
594.0
1753.5
1626.0
1644.0
1230.0
1540.5
1887.0
1798.5
1612.5
1885.5
1716.0
1572.0
1459.5
1518.0
1330.5
1570.5
1227.0
1774.5
1704.0
1762.5
1500.0
1695.0
1149.0
1696.5
1816.5
1527.0
1746.0
1576.5
1749.0
1455.0
1680.0
1650.0
1899.0
1275.0
1372.5
1603.5
1875.0
1527.0
1365.0
1606.5
1099.5
1707.0
1690.5
1611.0
1524.0
907.5
1375.5
1506.0
1801.5
1506.0
1888.5
1954.5
1702.5
1573.5
1929.0
1383.0
1882.5
1816.5
324.0
1836.0
1794.0
1950.0
1083.0
1408.5
1626.0
1216.5
1848.0
1762.5
1593.0
1326.0
1639.5
1305.0
1797.0
1353.0
1653.0
1668.0
1804.5
1807.5
1732.5
1720.5
897.0
1533.0
1587.0
709.5
1635.0
1710.0
1548.0
1650.0
1522.5
1477.5
1590.0
1069.5
1048.5
981.0
1813.5
585.0
1875.0
1561.5
1854.0
1654.5
1266.0
1785.0
1674.0
958.5
1168.5
1866.0
1722.0
1507.5
1293.0
1501.5
1269.0
1599.0
1482.0
1068.0
1366.5
1704.0
1662.0
664.5
1419.0
1651.5
1720.5
1177.5
1698.0
1551.0
1486.5
1828.5
1137.0
1260.0
1746.0
1732.5
1501.5
1615.5
1794.0
1587.0
1402.5
1773.0
1765.5
1639.5
1861.5
1783.5
1558.5
1377.0
1702.5
1497.0
1653.0
1638.0
1765.5
1869.0
1761.0
1920.0
1113.0
1888.5
1615.5
1794.0
1299.0
1635.0
1321.5
1654.5
1728.0
1771.5
1861.5
1206.0
1669.5
1801.5
1263.0
528.0
1632.0
1696.5
1390.5
1297.5
1798.5
1560.0
1879.5
1501.5
1444.5
1840.5
1296.0
1518.0
1494.0
1147.5
1647.0
1825.5
1789.5
1759.5
1524.0
1654.5
1744.5
1867.5
1639.5
1705.5
1702.5
1807.5
1513.5
1837.5
1564.5
858.0
1609.5
1312.5
1734.0
1566.0
1674.0
1618.5
1815.0
1906.5
1863.0
1698.0
1386.0
1648.5
1360.5
1576.5
1882.5
1720.5
733.5
1803.0
1710.0
1885.5
1438.5
1504.5
1600.5
1345.5
1606.5
1438.5
1792.5
1588.5
1645.5
1690.5
1657.5
1674.0
1506.0
1636.5
1603.5
1170.0
1836.0
1692.0
1696.5
1794.0
1548.0
1596.0
805.5
1669.5
481.5
234.0
1852.5
1279.5
1275.0
1447.5
1812.0
1924.5
1743.0
1866.0
1603.5
381.0
985.5
1684.5
1686.0
1105.5
1663.5
1726.5
1731.0
1920.0
1608.0
1302.0
1656.0
1888.5
1428.0
1339.5
1828.5
1638.0
1704.0
1773.0
1825.5
1711.5
1264.5
1645.5
42.0
1689.0
1704.0
1305.0
1603.5
1530.0
1804.5
1551.0
1488.0
1476.0
1254.0
1693.5
1668.0
1503.0
1702.5
1435.5
1324.5
1816.5
1597.5
1465.5
1845.0
1611.0
1474.5
1956.0
1359.0
1248.0
1665.0
1479.0
1446.0
1617.0
1882.5
1822.5
1539.0
931.5
1716.0
1761.0
1135.5
1578.0
1683.0
1387.5
1816.5
1882.5
867.0
1956.0
1567.5
1522.5
1639.5
1683.0
1647.0
1666.5
1674.0
1284.0
1638.0
1777.5
1554.0
798.0
1672.5
1483.5
1713.0
1788.0
1672.5
1105.5
1747.5
105.0
1650.0
1764.0
903.0
1414.5
1690.5
1728.0
765.0
1753.5
1402.5
1680.0
1645.5
1707.0
1378.5
1926.0
1774.5
1518.0
1638.0
1683.0
360.0
1534.5
1356.0
1075.5
1608.0
1686.0
1845.0
1110.0
1705.5
1618.5
1792.5
1423.5
1738.5
1563.0
1618.5
1584.0
1696.5
1770.0
952.5
1171.5
1737.0
648.0
1686.0
1566.0
1693.5
945.0
1776.0
1764.0
1593.0
1824.0
1504.5
1410.0
1321.5
1720.5
1678.5
1524.0
1275.0
1284.0
1527.0
1642.5
1122.0
1599.0
1470.0
1788.0
1789.5
1749.0
1720.5
1486.5
1672.5
1642.5
1684.5
1689.0
1641.0
1626.0
1641.0
222.0
1312.5
1867.5
1617.0
1692.0
1752.0
1780.5
1558.5
1588.5
1612.5
1873.5
1675.5
1689.0
1576.5
1474.5
1462.5
1596.0
1785.0
1678.5
1491.0
564.0
1765.5
1726.5
1663.5
603.0
1737.0
1497.0
1747.5
1857.0
1756.5
1413.0
1777.5
1258.5
1821.0
1705.5
1470.0
1779.0
1717.5
1561.5
1822.5
1726.5
1737.0
1399.5
1875.0
1680.0
1647.0
1687.5
1504.5
1795.5
1395.0
1686.0
1266.0
1600.5
1714.5
1290.0
1159.5
1470.0
1651.5
1542.0
1429.5
1815.0
1744.5
1729.5
1510.5
1917.0
1479.0
1546.5
1630.5
1825.5
1758.0
1603.5
1635.0
1488.0
1230.0
1716.0
526.5
1725.0
1798.5
1873.5
1657.5
1779.0
1867.5
1932.0
991.5
1765.5
1615.5
958.5
1581.0
1803.0
1794.0
1536.0
1795.5
1806.0
1446.0
1357.5
1816.5
1644.0
1630.5
1582.5
1824.0
1741.5
1743.0
1761.0
1752.0
1630.5
1530.0
1845.0
991.5
1743.0
1531.5
1831.5
1656.0
1543.5
1717.5
1684.5
1803.0
1809.0
1360.5
1848.0
655.5
1605.0
1656.0
1528.5
1579.5
1809.0
1174.5
1281.0
1477.5
1654.5
1711.5
1584.0
1689.0
1716.0
1624.5
1360.5
1593.0
1635.0
1144.5
1914.0
1555.5
1827.0
1612.5
1807.5
1336.5
1741.5
1462.5
1456.5
1726.5
1836.0
1432.5
1560.0
1428.0
1537.5
1545.0
1855.5
961.5
1570.5
1677.0
1845.0
1569.0
1878.0
1725.0
1486.5
1381.5
1780.5
1207.5
1077.0
1291.5
1069.5
1656.0
1650.0
1971.0
1626.0
1666.5
1938.0
1662.0
1749.0
1684.5
1599.0
1375.5
1753.5
1458.0
1573.5
1696.5
1663.5
1444.5
1345.5
1680.0
1465.5
1935.0
1762.5
1755.0
1452.0
1458.0
1399.5
1845.0
1062.0
1534.5
1648.5
1383.0
1593.0
1570.5
846.0
1812.0
1834.5
1876.5
1473.0
1716.0
1296.0
1620.0
1708.5
1795.5
1410.0
1683.0
1185.0
1797.0
1488.0
1645.5
1885.5
1783.5
1666.5
1756.5
1375.5
1914.0
1489.5
1605.0
1767.0
1846.5
1612.5
1309.5
1837.5
1767.0
1687.5
1333.5
1657.5
1720.5
1744.5
1948.5
1810.5
1881.0
1687.5
1779.0
1339.5
1174.5
1657.5
1705.5
954.0
1099.5
1764.0
1927.5
1420.5
1362.0
1822.5
1789.5
1842.0
1359.0
910.5
1494.0
1573.5
1384.5
1642.5
1716.0
1704.0
1251.0
1480.5
1621.5
1690.5
1857.0
1678.5
1813.5
1545.0
1399.5
1029.0
1390.5
1626.0
1257.0
1585.5
1440.0
1903.5
1738.5
1651.5
1461.0
1693.5
1851.0
1533.0
1701.0
1585.5
1626.0
300.0
1893.0
1795.5
1426.5
1618.5
1519.5
1320.0
1834.5
1539.0
1665.0
1485.0
1687.5
1609.5
1446.0
1888.5
1566.0
1564.5
1842.0
1794.0
1927.5
1599.0
1768.5
1426.5
1720.5
1432.5
1653.0
1621.5
1837.5
1504.5
1671.0
1620.0
1905.0
1630.5
1797.0
1513.5
1788.0
1464.0
1594.5
1180.5
1615.5
1635.0
1701.0
1434.0
1642.5
1567.5
823.5
706.5
1335.0
1677.0
1815.0
1614.0
1746.0
1317.0
787.5
1492.5
1618.5
1465.5
1866.0
1609.5
1450.5
1692.0
1546.5
1567.5
1494.0
1425.0
1335.0
1437.0
910.5
1612.5
1449.0
1570.5
1224.0
1842.0
1477.5
1759.5
1608.0
1437.0
1567.5
1827.0
1429.5
1165.5
1741.5
1807.5
1632.0
1698.0
1585.5
1555.5
1737.0
1683.0
1945.5
1723.5
1950.0
1720.5
1611.0
1579.5
1633.5
1804.5
1705.5
1545.0
1708.5
1812.0
1629.0
1179.0
1657.5
1929.0
1755.0
1782.0
1854.0
1672.5
1812.0
1422.0
1663.5
1842.0
1639.5
1183.5
1654.5
1729.5
1558.5
1803.0
1674.0
1162.5
1758.0
1852.5
1699.5
1455.0
1816.5
1758.0
1738.5
1485.0
1710.0
1864.5
1413.0
1890.0
1960.5
1780.5
1275.0
1597.5
1725.0
1708.5
1716.0
1816.5
1576.5
1702.5
1533.0
1354.5
1480.5
406.5
1650.0
1512.0
1659.0
1401.0
1996.5
1855.5
1758.0
1500.0
1686.0
1509.0
1266.0
1716.0
1338.0
1602.0
1659.0
1860.0
1669.5
1800.0
1701.0
1326.0
1384.5
1654.5
1762.5
1852.5
1447.5
1627.5
1386.0
1749.0
1581.0
1305.0
652.5
1420.5
1513.5
1350.0
1743.0
1576.5
1903.5
1593.0
1938.0
1371.0
1737.0
1606.5
1650.0
1681.5
1714.5
1858.5
1585.5
1191.0
1851.0
1594.5
1900.5
1662.0
1284.0
1693.5
1630.5
1401.0
1833.0
1839.0
1650.0
1632.0
1728.0
1609.5
1668.0
1501.5
1728.0
1617.0
1864.5
1660.5
1317.0
1905.0
1531.5
1587.0
1821.0
1642.5
880.5
1611.0
1708.5
1824.0
1630.5
1738.5
1545.0
1797.0
1795.5
1230.0
979.5
1890.0
1822.5
1674.0
1738.5
1321.5
1237.5
1582.5
1642.5
1102.5
967.5
1710.0
1776.0
1815.0
1459.5
1398.0
1596.0
1750.5
1528.5
1407.0
1668.0
1743.0
1518.0
1581.0
1584.0
1518.0
1665.0
1611.0
1815.0
1701.0
1747.5
1548.0
1669.5
1881.0
1761.0
1629.0
1534.5
1836.0
1450.5
1765.5
1594.5
1243.5
1510.5
1746.0
1791.0
1303.5
1678.5
1893.0
1558.5
1651.5
1350.0
1698.0
1419.0
1590.0
1725.0
1810.5
1717.5
1171.5
1858.5
1869.0
