583.5
624.0
358.5
339.0
639.0
1548.0
1183.5
1128.0
331.5
990.0
444.0
1359.0
333.0
387.0
723.0
718.5
862.5
784.5
388.5
25.5
406.5
582.0
436.5
442.5
642.0
333.0
618.0
594.0
1143.0
474.0
777.0
1210.5
193.5
289.5
607.5
508.5
553.5
673.5
349.5
1017.0
516.0
310.5
820.5
1374.0
796.5
1386.0
577.5
732.0
225.0
864.0
1183.5
649.5
1240.5
123.0
1141.5
1147.5
570.0
936.0
1683.0
1093.5
1068.0
1398.0
592.5
70.5
1483.5
1512.0
1054.5
796.5
289.5
310.5
1324.5
453.0
160.5
736.5
1357.5
1288.5
204.0
393.0
1372.5
405.0
940.5
222.0
190.5
1038.0
330.0
609.0
156.0
337.5
651.0
492.0
66.0
397.5
1269.0
85.5
381.0
537.0
1462.5
249.0
480.0
759.0
1204.5
676.5
376.5
1567.5
1200.0
1138.5
816.0
303.0
916.5
1390.5
1524.0
799.5
189.0
1347.0
768.0
1026.0
1018.5
460.5
1299.0
360.0
1720.5
399.0
1212.0
231.0
1479.0
1650.0
1428.0
466.5
460.5
1153.5
268.5
325.5
801.0
1315.5
1671.0
262.5
949.5
282.0
1252.5
882.0
660.0
1119.0
1041.0
507.0
352.5
190.5
357.0
507.0
897.0
751.5
1644.0
217.5
871.5
1129.5
886.5
1053.0
177.0
916.5
229.5
555.0
271.5
927.0
532.5
1153.5
406.5
579.0
1368.0
784.5
147.0
1528.5
309.0
760.5
615.0
1348.5
264.0
600.0
342.0
1125.0
868.5
240.0
426.0
442.5
663.0
619.5
520.5
330.0
759.0
499.5
1173.0
922.5
562.5
679.5
265.5
454.5
732.0
1191.0
1012.5
408.0
607.5
513.0
565.5
843.0
438.0
901.5
879.0
1471.5
583.5
1146.0
1369.5
604.5
246.0
70.5
327.0
475.5
1401.0
865.5
379.5
715.5
262.5
1515.0
688.5
634.5
1246.5
678.0
507.0
808.5
784.5
456.0
1360.5
1176.0
709.5
493.5
1009.5
544.5
682.5
415.5
828.0
1476.0
1534.5
841.5
445.5
480.0
454.5
774.0
985.5
894.0
358.5
171.0
415.5
1225.5
991.5
771.0
346.5
1066.5
873.0
439.5
927.0
436.5
966.0
355.5
294.0
726.0
1524.0
1107.0
982.5
391.5
801.0
498.0
1303.5
147.0
496.5
187.5
712.5
1132.5
1288.5
1317.0
1222.5
1144.5
1107.0
222.0
849.0
1014.0
841.5
574.5
844.5
1417.5
948.0
135.0
1528.5
814.5
556.5
654.0
223.5
579.0
1141.5
646.5
417.0
984.0
1063.5
1441.5
985.5
1534.5
246.0
895.5
1038.0
1027.5
418.5
618.0
774.0
1167.0
712.5
1335.0
352.5
324.0
183.0
1162.5
424.5
793.5
400.5
333.0
1233.0
559.5
154.5
270.0
318.0
1021.5
306.0
565.5
511.5
769.5
460.5
1477.5
403.5
1234.5
874.5
643.5
1209.0
364.5
156.0
1321.5
1158.0
1320.0
892.5
943.5
798.0
510.0
897.0
459.0
862.5
1210.5
460.5
1189.5
1060.5
156.0
1336.5
298.5
322.5
453.0
1078.5
1722.0
136.5
715.5
1050.0
450.0
1111.5
340.5
1510.5
679.5
366.0
660.0
282.0
1497.0
375.0
261.0
756.0
636.0
1371.0
730.5
1422.0
321.0
652.5
352.5
301.5
1299.0
229.5
1008.0
1489.5
391.5
612.0
1164.0
1102.5
855.0
1294.5
1312.5
642.0
694.5
457.5
453.0
880.5
990.0
1110.0
516.0
525.0
202.5
1255.5
561.0
601.5
1377.0
511.5
400.5
756.0
997.5
403.5
298.5
544.5
1071.0
1240.5
465.0
610.5
1318.5
1431.0
810.0
1209.0
112.5
486.0
1012.5
342.0
1296.0
1039.5
700.5
1723.5
531.0
388.5
1276.5
21.0
313.5
484.5
453.0
363.0
280.5
972.0
372.0
484.5
118.5
256.5
814.5
550.5
472.5
504.0
1005.0
1348.5
297.0
720.0
1269.0
1564.5
1485.0
439.5
801.0
825.0
970.5
411.0
69.0
411.0
294.0
414.0
241.5
1011.0
1473.0
1548.0
60.0
1360.5
979.5
735.0
663.0
907.5
297.0
1375.5
280.5
195.0
211.5
436.5
1210.5
1185.0
474.0
718.5
579.0
1363.5
454.5
1084.5
246.0
612.0
769.5
433.5
1107.0
793.5
916.5
453.0
396.0
534.0
822.0
408.0
850.5
1080.0
652.5
661.5
514.5
1435.5
646.5
1167.0
583.5
972.0
679.5
495.0
1413.0
913.5
501.0
1198.5
1426.5
1065.0
603.0
208.5
196.5
906.0
1419.0
156.0
468.0
78.0
342.0
243.0
355.5
1497.0
553.5
1093.5
499.5
198.0
363.0
151.5
1261.5
1155.0
760.5
1554.0
1332.0
1069.5
1444.5
1324.5
1609.5
648.0
471.0
100.5
1605.0
1561.5
700.5
135.0
1410.0
153.0
1324.5
165.0
502.5
1123.5
970.5
373.5
727.5
1225.5
376.5
652.5
712.5
1411.5
685.5
1060.5
157.5
1746.0
1266.0
1573.5
684.0
1207.5
954.0
205.5
378.0
1723.5
316.5
1471.5
946.5
789.0
544.5
609.0
940.5
793.5
408.0
1588.5
847.5
715.5
370.5
1087.5
244.5
315.0
519.0
1633.5
1161.0
684.0
1000.5
238.5
711.0
610.5
678.0
1453.5
345.0
1396.5
825.0
607.5
669.0
634.5
145.5
280.5
724.5
1065.0
502.5
117.0
625.5
348.0
555.0
939.0
432.0
1344.0
930.0
279.0
402.0
858.0
846.0
1198.5
318.0
625.5
1452.0
1518.0
1203.0
522.0
267.0
282.0
1378.5
681.0
853.5
262.5
552.0
1252.5
417.0
1449.0
1179.0
673.5
1309.5
783.0
1221.0
313.5
402.0
1008.0
1735.5
1654.5
1303.5
501.0
396.0
148.5
1332.0
294.0
1635.0
898.5
667.5
1251.0
1303.5
1309.5
1270.5
1135.5
345.0
327.0
459.0
193.5
567.0
313.5
1264.5
820.5
1081.5
442.5
697.5
231.0
1644.0
705.0
733.5
757.5
792.0
721.5
265.5
307.5
946.5
936.0
1378.5
460.5
435.0
322.5
307.5
799.5
1332.0
1233.0
954.0
1257.0
430.5
369.0
571.5
744.0
252.0
609.0
660.0
126.0
295.5
1219.5
859.5
1276.5
907.5
1645.5
1231.5
789.0
610.5
744.0
967.5
661.5
118.5
1164.0
730.5
360.0
345.0
354.0
307.5
615.0
1239.0
633.0
532.5
246.0
316.5
256.5
1252.5
1002.0
639.0
688.5
1248.0
240.0
813.0
147.0
603.0
754.5
1318.5
391.5
912.0
337.5
1309.5
123.0
541.5
174.0
1528.5
960.0
795.0
1591.5
606.0
804.0
546.0
1156.5
862.5
453.0
1246.5
1011.0
1276.5
393.0
1561.5
1296.0
427.5
465.0
1393.5
1440.0
195.0
1075.5
1242.0
684.0
858.0
64.5
358.5
498.0
708.0
456.0
1431.0
675.0
765.0
366.0
640.5
1332.0
771.0
1050.0
1213.5
753.0
658.5
1078.5
528.0
1506.0
285.0
420.0
804.0
811.5
321.0
576.0
501.0
120.0
580.5
178.5
192.0
304.5
1087.5
960.0
279.0
184.5
867.0
1645.5
621.0
996.0
481.5
469.5
519.0
907.5
493.5
1504.5
585.0
264.0
1189.5
1035.0
628.5
1219.5
321.0
619.5
252.0
463.5
816.0
319.5
822.0
1152.0
190.5
363.0
729.0
583.5
990.0
1446.0
1198.5
1197.0
1471.5
360.0
480.0
1536.0
1674.0
904.5
342.0
411.0
682.5
409.5
541.5
945.0
621.0
432.0
984.0
1273.5
286.5
258.0
556.5
243.0
249.0
1414.5
558.0
651.0
261.0
604.5
699.0
619.5
1234.5
1245.0
1470.0
1330.5
1131.0
852.0
1152.0
277.5
1282.5
1518.0
490.5
624.0
511.5
1389.0
1221.0
685.5
1380.0
150.0
85.5
175.5
1240.5
327.0
1047.0
240.0
247.5
108.0
669.0
648.0
255.0
870.0
871.5
823.5
804.0
760.5
498.0
657.0
474.0
187.5
922.5
1404.0
1027.5
385.5
412.5
1410.0
639.0
549.0
1350.0
352.5
613.5
420.0
195.0
451.5
237.0
609.0
1293.0
537.0
1056.0
1342.5
654.0
570.0
546.0
1570.5
145.5
280.5
1413.0
1186.5
337.5
700.5
418.5
967.5
1167.0
1015.5
828.0
1318.5
1242.0
618.0
342.0
375.0
829.5
591.0
39.0
1134.0
1153.5
1092.0
369.0
120.0
397.5
813.0
936.0
870.0
688.5
135.0
751.5
219.0
1336.5
766.5
294.0
259.5
990.0
1269.0
927.0
462.0
1534.5
1533.0
1279.5
1180.5
316.5
913.5
382.5
1243.5
1686.0
1008.0
1075.5
1386.0
148.5
658.5
1101.0
471.0
1252.5
1332.0
595.5
879.0
1126.5
892.5
609.0
1302.0
283.5
856.5
1435.5
1333.5
597.0
667.5
451.5
628.5
723.0
246.0
787.5
1054.5
979.5
1152.0
747.0
814.5
1020.0
676.5
1495.5
909.0
244.5
427.5
732.0
391.5
1170.0
460.5
322.5
282.0
1107.0
832.5
826.5
811.5
1366.5
289.5
249.0
480.0
546.0
363.0
1572.0
1071.0
1428.0
1351.5
1194.0
1090.5
742.5
615.0
711.0
624.0
291.0
1797.0
937.5
1314.0
831.0
1372.5
135.0
672.0
1198.5
364.5
1215.0
1323.0
1122.0
243.0
1521.0
309.0
61.5
258.0
1027.5
616.5
1011.0
780.0
870.0
631.5
1378.5
1236.0
73.5
1063.5
1015.5
457.5
511.5
354.0
1092.0
613.5
997.5
393.0
1246.5
849.0
1146.0
874.5
1527.0
357.0
1011.0
1036.5
1735.5
750.0
1282.5
502.5
88.5
930.0
744.0
637.5
318.0
183.0
900.0
1014.0
778.5
679.5
1099.5
810.0
498.0
606.0
1581.0
765.0
906.0
139.5
1269.0
519.0
705.0
1081.5
819.0
348.0
519.0
1273.5
148.5
205.5
1540.5
1393.5
1317.0
504.0
865.5
724.5
1416.0
571.5
685.5
790.5
393.0
136.5
901.5
879.0
64.5
1360.5
633.0
900.0
561.0
765.0
1251.0
336.0
459.0
769.5
768.0
442.5
507.0
954.0
357.0
357.0
397.5
541.5
913.5
144.0
658.5
1201.5
489.0
508.5
1008.0
546.0
462.0
928.5
667.5
546.0
307.5
1615.5
667.5
174.0
667.5
676.5
915.0
427.5
1203.0
544.5
690.0
1227.0
57.0
775.5
1153.5
909.0
981.0
316.5
325.5
210.0
325.5
1000.5
528.0
1338.0
1201.5
750.0
91.5
391.5
1011.0
675.0
928.5
973.5
939.0
1236.0
1179.0
1246.5
387.0
523.5
28.5
268.5
775.5
669.0
1305.0
351.0
1317.0
262.5
330.0
225.0
1134.0
261.0
1503.0
832.5
412.5
382.5
118.5
1200.0
1491.0
1716.0
657.0
1218.0
483.0
117.0
441.0
930.0
370.5
442.5
622.5
277.5
603.0
472.5
423.0
862.5
69.0
942.0
811.5
279.0
457.5
1273.5
63.0
829.5
900.0
234.0
408.0
1102.5
313.5
253.5
1065.0
235.5
654.0
712.5
415.5
951.0
936.0
387.0
577.5
1219.5
1459.5
475.5
1084.5
805.5
940.5
538.5
1497.0
1054.5
742.5
138.0
1612.5
438.0
948.0
897.0
712.5
582.0
394.5
577.5
1290.0
579.0
313.5
1149.0
940.5
1117.5
918.0
858.0
1491.0
955.5
360.0
933.0
405.0
643.5
408.0
655.5
997.5
1338.0
634.5
544.5
1065.0
316.5
688.5
1090.5
114.0
601.5
447.0
694.5
1314.0
256.5
1144.5
1468.5
294.0
1255.5
646.5
493.5
468.0
54.0
457.5
1059.0
1024.5
600.0
423.0
876.0
966.0
783.0
414.0
298.5
943.5
442.5
192.0
1443.0
1381.5
163.5
595.5
210.0
1251.0
795.0
1360.5
453.0
1239.0
1048.5
220.5
1408.5
210.0
483.0
703.5
1288.5
984.0
346.5
876.0
267.0
666.0
615.0
1038.0
379.5
675.0
108.0
282.0
955.5
1402.5
1360.5
808.5
1300.5
1453.5
774.0
1293.0
853.5
309.0
123.0
816.0
336.0
1248.0
1504.5
378.0
702.0
991.5
664.5
882.0
159.0
1608.0
573.0
942.0
1039.5
412.5
955.5
517.5
1177.5
180.0
465.0
427.5
483.0
996.0
318.0
1597.5
1386.0
1413.0
744.0
166.5
805.5
268.5
1536.0
814.5
588.0
717.0
975.0
880.5
261.0
303.0
126.0
1585.5
1237.5
1333.5
1185.0
1198.5
933.0
679.5
786.0
805.5
322.5
805.5
705.0
1116.0
819.0
621.0
888.0
616.5
868.5
247.5
1540.5
1077.0
1375.5
928.5
496.5
700.5
252.0
814.5
622.5
1159.5
207.0
687.0
781.5
918.0
169.5
720.0
463.5
240.0
837.0
553.5
420.0
847.5
361.5
558.0
970.5
1116.0
1498.5
981.0
244.5
438.0
802.5
1464.0
64.5
394.5
141.0
153.0
1404.0
733.5
678.0
913.5
1593.0
340.5
370.5
169.5
781.5
1201.5
214.5
312.0
1026.0
1398.0
594.0
294.0
1431.0
621.0
969.0
1015.5
343.5
1524.0
280.5
888.0
318.0
826.5
439.5
786.0
301.5
1309.5
276.0
1501.5
859.5
651.0
1251.0
429.0
1132.5
729.0
1284.0
379.5
157.5
346.5
1479.0
385.5
253.5
913.5
399.0
1122.0
345.0
1071.0
331.5
634.5
789.0
553.5
460.5
1437.0
1269.0
823.5
112.5
1320.0
132.0
679.5
784.5
631.5
1222.5
211.5
526.5
1000.5
472.5
1495.5
721.5
1225.5
1059.0
1099.5
960.0
723.0
331.5
1087.5
357.0
460.5
1338.0
880.5
1107.0
1806.0
1434.0
1077.0
856.5
688.5
1200.0
1488.0
246.0
1059.0
235.5
430.5
768.0
567.0
484.5
768.0
186.0
372.0
723.0
741.0
690.0
1104.0
648.0
550.5
270.0
1402.5
694.5
199.5
1176.0
373.5
315.0
315.0
987.0
1389.0
1065.0
249.0
1380.0
562.5
1464.0
178.5
439.5
261.0
213.0
436.5
217.5
478.5
172.5
415.5
259.5
429.0
1231.5
600.0
1002.0
1080.0
160.5
961.5
472.5
355.5
1465.5
1372.5
715.5
585.0
630.0
634.5
733.5
1146.0
583.5
840.0
411.0
1365.0
321.0
1488.0
321.0
615.0
588.0
1401.0
765.0
1149.0
82.5
991.5
466.5
543.0
277.5
672.0
382.5
1377.0
1158.0
291.0
1116.0
216.0
1236.0
1488.0
1177.5
1567.5
954.0
903.0
511.5
802.5
693.0
540.0
345.0
1158.0
450.0
141.0
196.5
1216.5
928.5
243.0
240.0
589.5
499.5
1120.5
1017.0
648.0
679.5
96.0
565.5
1126.5
1375.5
1449.0
198.0
829.5
999.0
1003.5
424.5
331.5
1513.5
412.5
1728.0
487.5
324.0
1186.5
423.0
1188.0
1354.5
601.5
753.0
702.0
111.0
270.0
1143.0
696.0
1353.0
1125.0
571.5
1186.5
942.0
91.5
162.0
435.0
310.5
777.0
228.0
1258.5
421.5
675.0
544.5
342.0
756.0
1647.0
1530.0
930.0
1156.5
565.5
484.5
313.5
1092.0
390.0
1242.0
1014.0
937.5
906.0
1263.0
745.5
162.0
333.0
1014.0
1066.5
313.5
382.5
1371.0
406.5
1348.5
423.0
93.0
753.0
453.0
816.0
444.0
672.0
601.5
1119.0
1045.5
204.0
636.0
403.5
1246.5
1314.0
676.5
1350.0
1227.0
601.5
1039.5
1173.0
618.0
424.5
997.5
1561.5
546.0
507.0
457.5
1035.0
1428.0
289.5
318.0
1488.0
100.5
859.5
1527.0
1188.0
241.5
136.5
283.5
675.0
1134.0
597.0
508.5
372.0
93.0
909.0
237.0
291.0
1224.0
667.5
1395.0
645.0
319.5
1291.5
718.5
565.5
958.5
373.5
1726.5
984.0
346.5
1012.5
451.5
1434.0
580.5
1011.0
553.5
1147.5
819.0
255.0
900.0
805.5
162.0
325.5
1435.5
939.0
688.5
510.0
331.5
460.5
322.5
993.0
661.5
297.0
324.0
1098.0
1135.5
621.0
388.5
1369.5
571.5
706.5
1299.0
1374.0
1656.0
1141.5
322.5
370.5
1162.5
409.5
234.0
699.0
198.0
339.0
1147.5
418.5
1255.5
961.5
517.5
415.5
529.5
282.0
246.0
742.5
273.0
225.0
1392.0
1125.0
223.5
924.0
1350.0
1323.0
1231.5
963.0
1092.0
1045.5
1096.5
1123.5
733.5
1200.0
84.0
468.0
1000.5
1032.0
225.0
138.0
232.5
792.0
348.0
822.0
477.0
217.5
1504.5
477.0
397.5
978.0
582.0
1195.5
1005.0
817.5
1501.5
165.0
1048.5
823.5
808.5
1360.5
235.5
987.0
1131.0
1624.5
726.0
304.5
1119.0
82.5
688.5
670.5
255.0
1156.5
750.0
1317.0
373.5
1138.5
309.0
1399.5
979.5
1003.5
544.5
1092.0
1536.0
1344.0
447.0
1212.0
42.0
342.0
1423.5
1342.5
631.5
736.5
1096.5
487.5
319.5
138.0
73.5
1305.0
1524.0
1669.5
462.0
531.0
345.0
1042.5
252.0
547.5
1585.5
586.5
1195.5
393.0
234.0
310.5
579.0
1056.0
1570.5
376.5
441.0
835.5
961.5
1605.0
420.0
748.5
1210.5
1461.0
801.0
751.5
1558.5
763.5
399.0
732.0
241.5
630.0
550.5
898.5
588.0
1687.5
102.0
222.0
1213.5
1108.5
420.0
496.5
237.0
837.0
466.5
1398.0
784.5
166.5
552.0
220.5
1278.0
1165.5
712.5
1321.5
1431.0
82.5
354.0
363.0
805.5
312.0
526.5
1308.0
1675.5
684.0
570.0
919.5
510.0
1122.0
405.0
961.5
1000.5
195.0
424.5
856.5
624.0
1534.5
183.0
402.0
463.5
651.0
715.5
199.5
454.5
471.0
162.0
342.0
223.5
1803.0
306.0
162.0
1044.0
637.5
202.5
378.0
981.0
1369.5
978.0
1180.5
1351.5
1180.5
891.0
309.0
93.0
984.0
990.0
733.5
1042.5
507.0
183.0
1678.5
63.0
453.0
160.5
441.0
837.0
997.5
346.5
1536.0
1299.0
445.5
1101.0
871.5
1009.5
390.0
532.5
1302.0
343.5
880.5
1215.0
472.5
490.5
349.5
469.5
564.0
156.0
670.5
91.5
528.0
1098.0
1045.5
393.0
1000.5
720.0
1333.5
1098.0
63.0
1017.0
306.0
1318.5
660.0
1461.0
1071.0
642.0
1059.0
345.0
330.0
282.0
384.0
712.5
517.5
211.5
1561.5
1087.5
1420.5
733.5
168.0
721.5
643.5
396.0
1266.0
268.5
121.5
385.5
804.0
291.0
507.0
1338.0
307.5
411.0
675.0
510.0
127.5
661.5
462.0
703.5
70.5
1317.0
1447.5
1330.5
1194.0
1669.5
604.5
1072.5
289.5
318.0
220.5
1057.5
1464.0
493.5
1098.0
1092.0
471.0
1204.5
358.5
1194.0
1122.0
430.5
1072.5
1548.0
609.0
813.0
994.5
1201.5
384.0
444.0
1045.5
124.5
1378.5
405.0
1558.5
909.0
822.0
210.0
600.0
459.0
1600.5
996.0
1588.5
1236.0
868.5
346.5
420.0
1287.0
1317.0
742.5
321.0
1495.5
1191.0
571.5
868.5
408.0
1164.0
1612.5
676.5
571.5
388.5
1347.0
955.5
1780.5
1212.0
687.0
1306.5
594.0
840.0
1051.5
292.5
1195.5
913.5
34.5
798.0
297.0
606.0
235.5
81.0
687.0
786.0
447.0
1138.5
424.5
268.5
448.5
162.0
600.0
115.5
1165.5
615.0
1419.0
304.5
207.0
505.5
772.5
1005.0
1609.5
123.0
1570.5
630.0
1474.5
214.5
633.0
796.5
703.5
1249.5
192.0
232.5
1030.5
1396.5
741.0
190.5
120.0
627.0
339.0
151.5
561.0
345.0
766.5
490.5
364.5
1596.0
190.5
679.5
1407.0
1501.5
742.5
1258.5
1036.5
1605.0
1278.0
1398.0
163.5
1377.0
607.5
1137.0
400.5
1690.5
264.0
520.5
1296.0
1353.0
1141.5
735.0
405.0
964.5
1056.0
324.0
1561.5
216.0
978.0
540.0
118.5
960.0
525.0
462.0
706.5
1203.0
1180.5
160.5
397.5
1374.0
1359.0
180.0
129.0
603.0
978.0
843.0
1053.0
1572.0
985.5
418.5
997.5
898.5
1585.5
1680.0
693.0
1024.5
925.5
1456.5
883.5
339.0
300.0
1126.5
976.5
1242.0
1176.0
93.0
385.5
502.5
609.0
159.0
1548.0
342.0
631.5
232.5
1317.0
1272.0
681.0
589.5
1198.5
1065.0
556.5
249.0
823.5
1416.0
534.0
861.0
378.0
1572.0
582.0
1314.0
394.5
256.5
888.0
960.0
892.5
285.0
519.0
75.0
868.5
822.0
457.5
676.5
1192.5
615.0
502.5
651.0
531.0
388.5
771.0
1192.5
138.0
1000.5
96.0
1210.5
1083.0
379.5
1234.5
768.0
759.0
249.0
157.5
1461.0
123.0
936.0
1048.5
138.0
934.5
1314.0
1353.0
213.0
441.0
1068.0
906.0
300.0
1173.0
730.5
918.0
496.5
360.0
657.0
595.5
535.5
1206.0
1242.0
481.5
937.5
150.0
1119.0
840.0
495.0
501.0
1089.0
588.0
759.0
880.5
505.5
547.5
549.0
177.0
579.0
811.5
1156.5
1437.0
433.5
369.0
1162.5
820.5
421.5
1233.0
1161.0
1488.0
1222.5
216.0
1128.0
540.0
556.5
196.5
799.5
1117.5
997.5
78.0
1317.0
364.5
603.0
282.0
661.5
496.5
501.0
826.5
534.0
255.0
537.0
769.5
961.5
402.0
1344.0
76.5
577.5
807.0
432.0
1543.5
679.5
940.5
294.0
1276.5
237.0
540.0
349.5
127.5
414.0
457.5
1149.0
381.0
363.0
598.5
1015.5
891.0
81.0
321.0
364.5
633.0
153.0
576.0
742.5
820.5
472.5
1597.5
429.0
238.5
768.0
1233.0
459.0
1467.0
366.0
351.0
534.0
270.0
486.0
601.5
1147.5
361.5
1660.5
1023.0
523.5
1191.0
93.0
850.5
468.0
147.0
310.5
1251.0
511.5
247.5
1032.0
696.0
114.0
363.0
1024.5
1027.5
781.5
187.5
1188.0
1272.0
493.5
342.0
1164.0
1048.5
118.5
564.0
909.0
622.5
457.5
145.5
268.5
937.5
714.0
708.0
1449.0
1504.5
483.0
1056.0
1212.0
1098.0
1236.0
256.5
1317.0
28.5
970.5
436.5
984.0
897.0
681.0
820.5
849.0
1336.5
228.0
997.5
775.5
594.0
481.5
504.0
1579.5
1090.5
706.5
1354.5
1480.5
501.0
352.5
826.5
756.0
271.5
1596.0
1305.0
85.5
1326.0
696.0
354.0
597.0
388.5
618.0
379.5
552.0
397.5
991.5
658.5
1201.5
1194.0
376.5
988.5
1174.5
250.5
871.5
843.0
1627.5
1335.0
831.0
750.0
384.0
1360.5
297.0
1437.0
901.5
510.0
586.5
810.0
439.5
1096.5
1263.0
931.5
262.5
1158.0
382.5
271.5
1078.5
1272.0
379.5
1038.0
429.0
1242.0
430.5
864.0
186.0
1335.0
603.0
505.5
480.0
229.5
442.5
412.5
142.5
1300.5
954.0
340.5
268.5
669.0
703.5
1032.0
516.0
1651.5
435.0
924.0
396.0
972.0
1281.0
720.0
714.0
468.0
178.5
363.0
588.0
1089.0
301.5
565.5
933.0
276.0
906.0
441.0
1131.0
127.5
478.5
514.5
501.0
124.5
910.5
889.5
1119.0
702.0
868.5
1657.5
1633.5
510.0
742.5
417.0
954.0
822.0
966.0
333.0
528.0
207.0
112.5
1374.0
430.5
426.0
477.0
1114.5
769.5
256.5
1078.5
721.5
975.0
813.0
1351.5
1155.0
1407.0
1372.5
688.5
1636.5
237.0
327.0
265.5
423.0
496.5
190.5
1083.0
531.0
573.0
760.5
394.5
622.5
814.5
1467.0
1273.5
456.0
105.0
1380.0
196.5
582.0
430.5
1599.0
937.5
1425.0
1065.0
364.5
1479.0
898.5
1122.0
493.5
505.5
705.0
243.0
426.0
925.5
1200.0
241.5
405.0
1125.0
511.5
177.0
685.5
933.0
735.0
309.0
820.5
213.0
187.5
1026.0
1188.0
666.0
1329.0
1398.0
252.0
1359.0
1527.0
754.5
997.5
600.0
1507.5
943.5
1071.0
210.0
396.0
945.0
1257.0
1009.5
294.0
781.5
960.0
687.0
682.5
897.0
486.0
700.5
526.5
352.5
1249.5
744.0
664.5
520.5
93.0
574.5
549.0
1342.5
901.5
591.0
831.0
441.0
450.0
246.0
799.5
244.5
102.0
490.5
1186.5
1288.5
913.5
748.5
406.5
979.5
255.0
145.5
139.5
1195.5
351.0
922.5
1014.0
519.0
373.5
1734.0
1633.5
586.5
262.5
1305.0
529.5
694.5
390.0
874.5
864.0
969.0
970.5
525.0
1116.0
502.5
1041.0
579.0
375.0
550.5
1528.5
49.5
948.0
453.0
1104.0
342.0
546.0
1348.5
585.0
1306.5
298.5
850.5
571.5
648.0
546.0
87.0
808.5
1518.0
709.5
304.5
400.5
1401.0
520.5
843.0
319.5
1114.5
189.0
679.5
792.0
178.5
420.0
214.5
1464.0
1414.5
1555.5
388.5
352.5
525.0
694.5
1482.0
298.5
415.5
1536.0
562.5
228.0
1218.0
376.5
409.5
823.5
1276.5
891.0
1390.5
823.5
1086.0
19.5
679.5
790.5
646.5
1240.5
120.0
918.0
490.5
421.5
1032.0
382.5
972.0
558.0
1449.0
480.0
447.0
295.5
1089.0
585.0
1081.5
1048.5
912.0
414.0
1179.0
1437.0
297.0
982.5
541.5
603.0
219.0
574.5
292.5
993.0
192.0
922.5
708.0
1353.0
1471.5
625.5
801.0
631.5
927.0
523.5
732.0
786.0
658.5
277.5
249.0
460.5
321.0
174.0
1092.0
1255.5
1482.0
1176.0
679.5
1029.0
1084.5
412.5
405.0
594.0
885.0
1323.0
291.0
109.5
894.0
646.5
1182.0
775.5
1179.0
1216.5
1206.0
1195.5
556.5
255.0
309.0
1510.5
877.5
906.0
816.0
1323.0
166.5
1323.0
886.5
1116.0
562.5
795.0
438.0
739.5
1644.0
216.0
349.5
273.0
312.0
1414.5
1087.5
427.5
486.0
1126.5
166.5
256.5
844.5
829.5
1116.0
322.5
297.0
180.0
201.0
862.5
1260.0
295.5
829.5
760.5
1014.0
183.0
190.5
295.5
1197.0
1633.5
1032.0
687.0
229.5
1048.5
717.0
403.5
172.5
280.5
535.5
1116.0
924.0
424.5
355.5
1056.0
1246.5
262.5
256.5
1063.5
622.5
301.5
1014.0
877.5
1020.0
190.5
211.5
393.0
453.0
553.5
978.0
468.0
261.0
1173.0
490.5
259.5
1051.5
1141.5
825.0
1048.5
552.0
376.5
1078.5
1353.0
1225.5
507.0
1746.0
811.5
685.5
492.0
1270.5
1201.5
534.0
358.5
888.0
439.5
1297.5
1216.5
796.5
423.0
531.0
864.0
510.0
1029.0
312.0
226.5
501.0
1030.5
285.0
376.5
633.0
1339.5
208.5
1030.5
520.5
873.0
765.0
567.0
1057.5
735.0
981.0
984.0
321.0
102.0
1632.0
1120.5
619.5
1317.0
786.0
261.0
303.0
382.5
882.0
1540.5
730.5
1336.5
1294.5
646.5
612.0
273.0
183.0
363.0
1345.5
552.0
432.0
621.0
324.0
258.0
1596.0
718.5
966.0
550.5
766.5
1065.0
451.5
690.0
651.0
987.0
756.0
229.5
291.0
201.0
82.5
1456.5
1338.0
448.5
1200.0
604.5
1195.5
1051.5
112.5
1720.5
363.0
192.0
312.0
520.5
679.5
1141.5
1192.5
307.5
886.5
1269.0
1387.5
1489.5
1435.5
999.0
148.5
1156.5
1230.0
721.5
1284.0
246.0
936.0
841.5
960.0
1209.0
375.0
1756.5
505.5
1024.5
451.5
115.5
610.5
1002.0
123.0
321.0
448.5
1278.0
591.0
153.0
1449.0
742.5
798.0
822.0
1269.0
1336.5
1050.0
1207.5
580.5
1629.0
334.5
556.5
1363.5
36.0
649.5
978.0
334.5
193.5
1312.5
613.5
1666.5
852.0
1188.0
364.5
631.5
1770.0
862.5
1456.5
661.5
313.5
679.5
747.0
192.0
1090.5
724.5
1129.5
1297.5
184.5
1101.0
603.0
256.5
286.5
552.0
816.0
801.0
595.5
525.0
927.0
859.5
624.0
79.5
1563.0
75.0
718.5
1233.0
1651.5
627.0
354.0
1218.0
594.0
492.0
1039.5
480.0
636.0
1155.0
469.5
522.0
651.0
814.5
1447.5
1419.0
1458.0
933.0
130.5
336.0
1177.5
1053.0
318.0
1476.0
556.5
987.0
883.5
1582.5
859.5
1125.0
100.5
561.0
1233.0
343.5
472.5
1200.0
934.5
220.5
1156.5
1135.5
733.5
1303.5
1104.0
97.5
387.0
159.0
312.0
309.0
588.0
643.5
901.5
624.0
693.0
346.5
1375.5
637.5
313.5
342.0
1263.0
1080.0
1177.5
1156.5
609.0
234.0
1503.0
501.0
669.0
1566.0
327.0
370.5
136.5
556.5
276.0
465.0
603.0
343.5
1053.0
1281.0
403.5
132.0
1396.5
1267.5
342.0
1230.0
633.0
1423.5
1455.0
1363.5
1417.5
216.0
519.0
1036.5
411.0
1434.0
520.5
417.0
498.0
340.5
912.0
1122.0
1398.0
825.0
922.5
234.0
549.0
387.0
1339.5
277.5
550.5
1357.5
1371.0
552.0
558.0
1158.0
585.0
825.0
1395.0
1042.5
240.0
874.5
738.0
1113.0
1572.0
1447.5
708.0
666.0
609.0
1188.0
51.0
331.5
426.0
1048.5
1324.5
1341.0
1231.5
837.0
1080.0
1540.5
385.5
1390.5
595.5
1104.0
601.5
1248.0
1176.0
1491.0
519.0
855.0
534.0
48.0
181.5
582.0
625.5
1423.5
168.0
1315.5
352.5
873.0
988.5
673.5
399.0
717.0
1219.5
1120.5
204.0
1029.0
457.5
148.5
532.5
1059.0
394.5
486.0
541.5
180.0
768.0
219.0
307.5
292.5
1083.0
657.0
133.5
1255.5
502.5
796.5
150.0
726.0
564.0
361.5
567.0
394.5
631.5
502.5
118.5
340.5
1267.5
1345.5
264.0
934.5
870.0
1779.0
871.5
720.0
156.0
246.0
579.0
261.0
718.5
1509.0
624.0
1393.5
1069.5
1500.0
519.0
799.5
1026.0
1324.5
856.5
349.5
369.0
1053.0
904.5
568.5
388.5
825.0
1470.0
1464.0
373.5
754.5
1006.5
940.5
1413.0
469.5
1251.0
1318.5
384.0
315.0
1507.5
139.5
1563.0
397.5
598.5
1180.5
814.5
687.0
970.5
190.5
559.5
1054.5
673.5
1195.5
1186.5
240.0
787.5
858.0
381.0
885.0
133.5
813.0
579.0
1099.5
516.0
619.5
762.0
579.0
210.0
1287.0
747.0
166.5
583.5
252.0
1182.0
151.5
1014.0
1158.0
1405.5
963.0
852.0
558.0
442.5
676.5
1284.0
1011.0
1488.0
1254.0
952.5
504.0
1393.5
1282.5
927.0
1134.0
952.5
999.0
528.0
345.0
90.0
394.5
409.5
766.5
280.5
729.0
1098.0
390.0
684.0
1248.0
301.5
583.5
690.0
867.0
1146.0
366.0
462.0
1258.5
387.0
831.0
1429.5
1000.5
1410.0
577.5
601.5
241.5
471.0
1350.0
1579.5
1573.5
1290.0
573.0
1249.5
897.0
477.0
250.5
1231.5
1047.0
1467.0
964.5
1075.5
766.5
376.5
885.0
94.5
1015.5
801.0
367.5
486.0
484.5
402.0
1426.5
1221.0
1005.0
514.5
751.5
474.0
658.5
502.5
633.0
477.0
1162.5
1267.5
387.0
1180.5
777.0
958.5
393.0
786.0
1225.5
1092.0
517.5
688.5
1359.0
141.0
450.0
868.5
468.0
1171.5
1539.0
631.5
660.0
604.5
783.0
402.0
300.0
1419.0
571.5
1476.0
579.0
489.0
372.0
106.5
708.0
1029.0
1192.5
754.5
439.5
496.5
238.5
867.0
1146.0
1440.0
826.5
273.0
789.0
547.5
262.5
469.5
481.5
514.5
1525.5
1533.0
1024.5
531.0
1096.5
1162.5
636.0
1186.5
601.5
261.0
766.5
570.0
391.5
946.5
927.0
1309.5
627.0
669.0
535.5
229.5
546.0
1578.0
561.0
627.0
1054.5
414.0
706.5
552.0
369.0
331.5
597.0
372.0
477.0
697.5
933.0
597.0
1209.0
999.0
1036.5
591.0
309.0
661.5
1066.5
520.5
754.5
268.5
1609.5
361.5
960.0
1261.5
330.0
252.0
1036.5
837.0
1107.0
1285.5
853.5
1195.5
387.0
1410.0
316.5
706.5
766.5
895.5
859.5
559.5
1263.0
504.0
360.0
1665.0
117.0
1401.0
958.5
852.0
216.0
1356.0
1186.5
909.0
63.0
1642.5
1524.0
1263.0
643.5
168.0
1119.0
364.5
219.0
901.5
273.0
1329.0
1438.5
439.5
1417.5
265.5
751.5
346.5
613.5
874.5
282.0
1129.5
781.5
591.0
577.5
1329.0
1674.0
351.0
181.5
1041.0
531.0
466.5
705.0
907.5
382.5
703.5
720.0
418.5
363.0
1528.5
798.0
310.5
1368.0
886.5
310.5
586.5
340.5
1245.0
417.0
949.5
355.5
625.5
1137.0
808.5
1645.5
523.5
1344.0
259.5
772.5
790.5
618.0
1351.5
696.0
211.5
1597.5
295.5
843.0
396.0
328.5
774.0
991.5
510.0
1035.0
234.0
418.5
477.0
1245.0
1323.0
979.5
162.0
754.5
535.5
1506.0
582.0
1066.5
1129.5
927.0
1327.5
928.5
172.5
328.5
495.0
295.5
1380.0
525.0
1135.5
699.0
874.5
280.5
430.5
1299.0
1167.0
516.0
891.0
595.5
1393.5
556.5
361.5
789.0
960.0
696.0
1230.0
372.0
124.5
537.0
1173.0
306.0
579.0
592.5
487.5
652.5
1209.0
1266.0
696.0
448.5
1228.5
1365.0
1533.0
657.0
730.5
843.0
634.5
420.0
1317.0
705.0
307.5
1602.0
1056.0
312.0
453.0
658.5
895.5
1473.0
1173.0
853.5
253.5
1111.5
775.5
859.5
1147.5
1032.0
850.5
976.5
508.5
679.5
678.0
454.5
166.5
157.5
267.0
564.0
271.5
642.0
348.0
669.0
1597.5
609.0
1155.0
99.0
724.5
330.0
459.0
1464.0
429.0
1126.5
504.0
1095.0
255.0
1066.5
333.0
906.0
262.5
633.0
772.5
1066.5
324.0
528.0
1617.0
549.0
349.5
1264.5
697.5
655.5
1536.0
1203.0
790.5
586.5
717.0
690.0
736.5
1086.0
409.5
187.5
1117.5
835.5
126.0
1305.0
1126.5
825.0
820.5
966.0
498.0
559.5
720.0
705.0
253.5
682.5
654.0
90.0
333.0
1126.5
885.0
348.0
1173.0
829.5
1612.5
1396.5
451.5
648.0
474.0
190.5
280.5
529.5
909.0
1153.5
1093.5
238.5
1020.0
570.0
865.5
1185.0
120.0
342.0
387.0
1012.5
1459.5
549.0
1449.0
150.0
625.5
712.5
769.5
87.0
841.5
415.5
1195.5
843.0
952.5
1266.0
979.5
343.5
937.5
261.0
421.5
250.5
193.5
300.0
874.5
1423.5
823.5
1074.0
1234.5
1362.0
1071.0
300.0
522.0
835.5
1653.0
859.5
1497.0
693.0
1059.0
1414.5
208.5
39.0
1254.0
843.0
1170.0
243.0
1087.5
258.0
1087.5
303.0
607.5
418.5
400.5
1294.5
463.5
781.5
1393.5
940.5
424.5
346.5
1191.0
1005.0
13.5
949.5
459.0
334.5
1411.5
748.5
1273.5
1444.5
736.5
1153.5
1077.0
457.5
166.5
165.0
390.0
847.5
1003.5
1089.0
1080.0
1048.5
343.5
622.5
1030.5
663.0
246.0
625.5
316.5
750.0
318.0
1416.0
309.0
489.0
382.5
1581.0
1717.5
1033.5
771.0
838.5
606.0
1134.0
1018.5
1287.0
975.0
1099.5
1260.0
604.5
480.0
1336.5
559.5
465.0
865.5
927.0
537.0
1168.5
1462.5
510.0
37.5
738.0
844.5
253.5
313.5
1132.5
504.0
430.5
324.0
666.0
1072.5
789.0
1131.0
210.0
472.5
78.0
1348.5
568.5
781.5
1435.5
309.0
1389.0
1117.5
162.0
658.5
1518.0
450.0
234.0
519.0
699.0
1258.5
663.0
75.0
414.0
276.0
1140.0
628.5
192.0
319.5
243.0
1267.5
282.0
1117.5
313.5
729.0
552.0
885.0
715.5
309.0
426.0
394.5
519.0
1291.5
192.0
1795.5
442.5
421.5
774.0
1153.5
1044.0
556.5
172.5
1200.0
498.0
460.5
1519.5
337.5
1714.5
1297.5
1027.5
1188.0
766.5
274.5
165.0
1588.5
517.5
477.0
987.0
672.0
1458.0
624.0
676.5
171.0
256.5
130.5
639.0
804.0
1680.0
522.0
1032.0
547.5
1087.5
741.0
1312.5
721.5
573.0
660.0
973.5
913.5
312.0
873.0
606.0
300.0
1018.5
507.0
453.0
1428.0
961.5
1114.5
897.0
156.0
1120.5
1260.0
96.0
103.5
448.5
589.5
768.0
250.5
1411.5
105.0
1189.5
205.5
394.5
1575.0
879.0
270.0
561.0
1330.5
396.0
796.5
129.0
447.0
93.0
1225.5
555.0
915.0
874.5
390.0
1272.0
385.5
679.5
1251.0
964.5
496.5
190.5
205.5
684.0
64.5
366.0
1102.5
586.5
397.5
963.0
772.5
70.5
261.0
1240.5
1099.5
585.0
498.0
610.5
1047.0
699.0
501.0
1372.5
1345.5
643.5
411.0
514.5
1098.0
301.5
624.0
1495.5
1111.5
315.0
100.5
1042.5
240.0
417.0
510.0
610.5
229.5
258.0
172.5
244.5
738.0
945.0
1372.5
282.0
337.5
976.5
532.5
352.5
319.5
363.0
1548.0
1311.0
1566.0
1239.0
636.0
304.5
1108.5
195.0
513.0
1272.0
345.0
1284.0
600.0
336.0
625.5
1257.0
381.0
645.0
1126.5
613.5
871.5
1248.0
336.0
735.0
948.0
952.5
1158.0
847.5
418.5
51.0
438.0
580.5
576.0
801.0
921.0
249.0
667.5
1392.0
1333.5
568.5
126.0
1029.0
97.5
448.5
151.5
759.0
49.5
259.5
306.0
1161.0
1428.0
435.0
1506.0
975.0
874.5
1230.0
970.5
856.5
696.0
88.5
211.5
717.0
208.5
1372.5
1737.0
504.0
1456.5
751.5
1321.5
724.5
1383.0
438.0
1182.0
133.5
162.0
1363.5
1470.0
952.5
169.5
1221.0
697.5
1197.0
189.0
465.0
954.0
297.0
760.5
1104.0
747.0
196.5
745.5
1351.5
774.0
673.5
706.5
1158.0
456.0
895.5
66.0
306.0
607.5
363.0
451.5
429.0
795.0
459.0
403.5
438.0
741.0
285.0
547.5
799.5
1042.5
144.0
1380.0
1228.5
24.0
1357.5
1264.5
97.5
610.5
289.5
1407.0
322.5
153.0
370.5
685.5
1108.5
708.0
1152.0
231.0
330.0
766.5
715.5
142.5
336.0
687.0
672.0
913.5
195.0
163.5
1131.0
210.0
337.5
291.0
162.0
834.0
622.5
1032.0
1312.5
651.0
621.0
285.0
292.5
1045.5
526.5
834.0
1456.5
906.0
625.5
238.5
1425.0
133.5
163.5
1524.0
60.0
574.5
154.5
532.5
240.0
1167.0
1015.5
96.0
442.5
441.0
757.5
840.0
688.5
81.0
615.0
1023.0
690.0
931.5
385.5
277.5
453.0
516.0
1027.5
1416.0
217.5
342.0
1033.5
450.0
1291.5
447.0
126.0
225.0
337.5
379.5
666.0
1311.0
1309.5
469.5
948.0
742.5
577.5
1030.5
523.5
318.0
1174.5
783.0
364.5
1495.5
952.5
1287.0
1314.0
1168.5
1170.0
355.5
87.0
198.0
472.5
900.0
672.0
531.0
373.5
885.0
1360.5
253.5
301.5
522.0
1135.5
363.0
336.0
346.5
226.5
669.0
649.5
1119.0
1051.5
1495.5
1311.0
1545.0
345.0
90.0
334.5
639.0
1560.0
354.0
618.0
334.5
328.5
21.0
87.0
231.0
1557.0
637.5
1003.5
249.0
855.0
580.5
1488.0
999.0
504.0
712.5
1414.5
198.0
285.0
924.0
928.5
471.0
421.5
1006.5
741.0
261.0
1291.5
1366.5
1464.0
1512.0
718.5
454.5
648.0
1416.0
447.0
234.0
187.5
717.0
420.0
562.5
528.0
276.0
387.0
924.0
1494.0
912.0
435.0
940.5
1186.5
456.0
336.0
604.5
418.5
870.0
1171.5
829.5
957.0
883.5
1230.0
1131.0
289.5
783.0
630.0
310.5
385.5
207.0
1494.0
262.5
330.0
1111.5
1284.0
999.0
493.5
739.5
703.5
1017.0
204.0
114.0
76.5
642.0
688.5
156.0
903.0
268.5
615.0
390.0
238.5
937.5
891.0
232.5
129.0
654.0
367.5
1120.5
1038.0
501.0
372.0
354.0
975.0
198.0
366.0
1455.0
1476.0
1128.0
283.5
1234.5
451.5
262.5
513.0
612.0
636.0
1467.0
484.5
297.0
1582.5
192.0
394.5
220.5
880.5
672.0
1618.5
73.5
201.0
183.0
165.0
594.0
769.5
478.5
586.5
184.5
216.0
910.5
333.0
1189.5
114.0
814.5
367.5
226.5
462.0
1767.0
1444.5
72.0
319.5
1204.5
1398.0
723.0
1012.5
786.0
721.5
340.5
1335.0
1030.5
1050.0
816.0
409.5
181.5
219.0
660.0
48.0
940.5
121.5
322.5
490.5
898.5
873.0
1132.5
865.5
1545.0
646.5
364.5
490.5
436.5
1600.5
1642.5
1689.0
142.5
1255.5
910.5
64.5
981.0
91.5
789.0
817.5
1617.0
636.0
411.0
726.0
699.0
613.5
96.0
691.5
441.0
957.0
1473.0
315.0
979.5
751.5
451.5
1531.5
691.5
331.5
955.5
294.0
1485.0
304.5
868.5
288.0
1158.0
256.5
123.0
432.0
928.5
1099.5
520.5
109.5
435.0
867.0
1111.5
364.5
207.0
967.5
328.5
844.5
1113.0
1315.5
438.0
396.0
558.0
640.5
697.5
441.0
651.0
864.0
1515.0
637.5
144.0
553.5
847.5
1330.5
808.5
513.0
811.5
627.0
1371.0
372.0
304.5
787.5
201.0
774.0
339.0
1150.5
522.0
154.5
822.0
753.0
1107.0
1087.5
1282.5
214.5
81.0
279.0
1495.5
238.5
954.0
769.5
1137.0
1269.0
1093.5
1318.5
772.5
799.5
49.5
1363.5
1363.5
498.0
474.0
331.5
1020.0
1279.5
48.0
783.0
382.5
1219.5
820.5
838.5
738.0
1473.0
837.0
544.5
301.5
709.5
939.0
483.0
672.0
222.0
871.5
426.0
339.0
1287.0
144.0
210.0
364.5
205.5
1684.5
516.0
825.0
531.0
400.5
1431.0
45.0
1431.0
1263.0
112.5
652.5
199.5
684.0
930.0
997.5
786.0
1005.0
1278.0
901.5
495.0
273.0
1485.0
1099.5
400.5
208.5
537.0
352.5
1195.5
148.5
711.0
276.0
409.5
480.0
120.0
1204.5
277.5
654.0
1195.5
225.0
1582.5
1222.5
208.5
1072.5
1065.0
288.0
586.5
826.5
355.5
1317.0
1189.5
285.0
1024.5
972.0
1432.5
1546.5
1260.0
1305.0
1326.0
1429.5
1183.5
1702.5
1180.5
117.0
435.0
199.5
883.5
1198.5
1381.5
301.5
508.5
1465.5
658.5
234.0
991.5
438.0
396.0
843.0
261.0
228.0
1737.0
427.5
618.0
739.5
556.5
199.5
63.0
1567.5
30.0
459.0
1311.0
480.0
568.5
544.5
547.5
1527.0
181.5
291.0
1566.0
442.5
84.0
1713.0
111.0
153.0
336.0
487.5
276.0
670.5
529.5
1014.0
652.5
583.5
1344.0
1030.5
1105.5
646.5
832.5
576.0
186.0
595.5
189.0
373.5
1090.5
967.5
985.5
387.0
930.0
603.0
570.0
928.5
1537.5
621.0
523.5
1419.0
757.5
214.5
712.5
417.0
1465.5
904.5
142.5
388.5
1446.0
291.0
712.5
478.5
252.0
558.0
564.0
1513.5
1137.0
1005.0
1152.0
525.0
118.5
25.5
1200.0
735.0
355.5
267.0
957.0
834.0
376.5
982.5
1531.5
1147.5
526.5
1080.0
369.0
1237.5
1579.5
610.5
556.5
1204.5
1522.5
292.5
1101.0
640.5
264.0
919.5
847.5
180.0
511.5
1359.0
463.5
762.0
1383.0
796.5
1048.5
198.0
202.5
355.5
253.5
88.5
1047.0
729.0
547.5
475.5
1644.0
264.0
1354.5
564.0
1263.0
1524.0
976.5
1435.5
450.0
1260.0
274.5
328.5
511.5
