2007.0
2032.5
2082.0
2020.5
1945.5
1939.5
2112.0
2023.5
1942.5
2010.0
1975.5
1963.5
2055.0
2007.0
2023.5
2067.0
2013.0
1929.0
2028.0
2032.5
1936.5
1980.0
1846.5
2031.0
2061.0
2022.0
2088.0
1948.5
2022.0
1950.0
1965.0
2038.5
1929.0
2109.0
1999.5
2050.5
1987.5
2017.5
2059.5
1903.5
2040.0
1977.0
1965.0
2002.5
1959.0
1926.0
2022.0
2070.0
2011.5
1975.5
1923.0
1986.0
2083.5
2007.0
2029.5
1974.0
1996.5
1951.5
1998.0
2016.0
1981.5
2107.5
2034.0
2065.5
1983.0
2031.0
2049.0
1999.5
2022.0
1990.5
2040.0
2010.0
2041.5
1876.5
2010.0
1957.5
2080.5
1998.0
2022.0
2007.0
2025.0
2029.5
1957.5
1836.0
1977.0
1914.0
1969.5
2068.5
1960.5
2056.5
1903.5
1882.5
2076.0
2001.0
2061.0
2076.0
1891.5
1972.5
2037.0
2044.5
2061.0
2056.5
1998.0
1944.0
1987.5
2008.5
1924.5
2097.0
1972.5
1980.0
2026.5
2029.5
1942.5
2071.5
2032.5
1974.0
1995.0
2091.0
2029.5
2023.5
2020.5
1930.5
2007.0
2055.0
2034.0
1977.0
1992.0
2058.0
2104.5
1981.5
2005.5
2041.5
2029.5
1998.0
2014.5
1969.5
2037.0
2001.0
2004.0
2049.0
2020.5
1956.0
2094.0
2002.5
1897.5
2008.5
2056.5
1980.0
2059.5
2059.5
2032.5
1993.5
1957.5
1980.0
2001.0
2040.0
1909.5
1984.5
1984.5
2041.5
2059.5
2007.0
2040.0
1933.5
1858.5
2019.0
2068.5
1989.0
2053.5
2077.5
2040.0
2064.0
1933.5
2017.5
1972.5
1896.0
1956.0
2029.5
1926.0
2046.0
1996.5
2059.5
1942.5
2058.0
2004.0
1998.0
2062.5
2026.5
1995.0
1932.0
2059.5
2020.5
1990.5
1975.5
1998.0
2040.0
2052.0
1950.0
2070.0
2022.0
2014.5
2016.0
1923.0
2022.0
2035.5
2017.5
2053.5
1959.0
2028.0
2083.5
2023.5
2029.5
1978.5
1978.5
1992.0
1993.5
2086.5
2083.5
1998.0
2016.0
2002.5
2077.5
2026.5
2041.5
1945.5
2001.0
2044.5
2019.0
2035.5
1999.5
1821.0
1885.5
2037.0
2019.0
2008.5
2097.0
2076.0
1980.0
2038.5
1944.0
2056.5
2092.5
2055.0
1978.5
2011.5
1975.5
2053.5
2067.0
2113.5
2040.0
2071.5
2071.5
1990.5
2026.5
2031.0
1900.5
1998.0
2074.5
2008.5
1942.5
2071.5
1791.0
1992.0
2038.5
2103.0
2044.5
1987.5
1915.5
2007.0
2038.5
2082.0
1899.0
2076.0
1975.5
1959.0
1959.0
2014.5
1999.5
1905.0
1987.5
2046.0
2046.0
1939.5
2025.0
2025.0
2067.0
1977.0
1992.0
2082.0
2016.0
1957.5
2053.5
2020.5
1986.0
2019.0
2082.0
1855.5
2056.5
2127.0
1986.0
1962.0
2073.0
2031.0
2062.5
2101.5
1996.5
2028.0
1992.0
2041.5
1909.5
2008.5
1992.0
2011.5
2056.5
2056.5
2047.5
1972.5
2118.0
2035.5
1987.5
2106.0
2020.5
2055.0
1933.5
1993.5
1995.0
1990.5
2034.0
1975.5
2001.0
2127.0
1975.5
2002.5
1971.0
2053.5
2032.5
2073.0
2034.0
1924.5
2019.0
1950.0
2085.0
2053.5
1963.5
2047.5
2004.0
1975.5
1995.0
2095.5
2043.0
2052.0
1983.0
2088.0
2028.0
1981.5
2028.0
1987.5
1923.0
1914.0
2064.0
2041.5
1998.0
1813.5
2056.5
2025.0
2044.5
2050.5
1980.0
1969.5
2097.0
1906.5
2011.5
1983.0
1989.0
2040.0
2026.5
2085.0
1989.0
2035.5
2077.5
2008.5
2082.0
2001.0
2049.0
2052.0
1938.0
1968.0
2127.0
1992.0
2077.5
2116.5
1960.5
1929.0
1938.0
1986.0
2025.0
1891.5
2032.5
1954.5
1825.5
2037.0
2056.5
2020.5
1939.5
1984.5
2022.0
1939.5
2013.0
1893.0
1951.5
2019.0
2076.0
1930.5
2020.5
2031.0
1965.0
1936.5
2034.0
1995.0
1981.5
2037.0
1950.0
2073.0
1995.0
1959.0
2091.0
2017.5
2016.0
1959.0
2031.0
2016.0
1987.5
1938.0
2034.0
1995.0
2068.5
2052.0
2025.0
1996.5
2052.0
2031.0
1981.5
1987.5
1945.5
2001.0
2098.5
2064.0
2002.5
1935.0
1945.5
2034.0
2127.0
1981.5
2055.0
1983.0
2035.5
2022.0
2002.5
2005.5
2050.5
1948.5
2011.5
1987.5
2046.0
2064.0
1933.5
2043.0
2019.0
1944.0
1986.0
1974.0
1929.0
2004.0
2053.5
1984.5
1950.0
2055.0
2001.0
2025.0
1984.5
2019.0
1974.0
2101.5
1863.0
2032.5
2028.0
1959.0
2064.0
1983.0
2035.5
1915.5
1945.5
2092.5
2032.5
2019.0
2076.0
1939.5
1915.5
1959.0
2053.5
2002.5
2010.0
2001.0
2091.0
2025.0
2113.5
1939.5
2056.5
1987.5
2032.5
1987.5
2056.5
1756.5
2041.5
2103.0
2070.0
2020.5
2019.0
1984.5
1915.5
2002.5
1915.5
1842.0
2011.5
1980.0
2022.0
2014.5
2068.5
2118.0
2020.5
2002.5
2038.5
2011.5
1915.5
2122.5
2010.0
1989.0
1990.5
1953.0
2080.5
1971.0
1827.0
1981.5
2064.0
1849.5
2028.0
1974.0
1881.0
1831.5
2025.0
1807.5
2031.0
1909.5
2002.5
2058.0
2031.0
1983.0
1899.0
2001.0
2070.0
1921.5
2041.5
1845.0
1953.0
2014.5
2016.0
1972.5
2020.5
1837.5
1962.0
2053.5
1915.5
2037.0
2095.5
2055.0
2059.5
2004.0
1936.5
1992.0
1908.0
2011.5
1992.0
1867.5
2044.5
2082.0
1908.0
2017.5
2052.0
2019.0
2034.0
2038.5
2026.5
2008.5
1969.5
1987.5
1909.5
2068.5
1960.5
1975.5
2041.5
2037.0
1938.0
1983.0
2020.5
1969.5
2010.0
2029.5
1998.0
1971.0
2035.5
2005.5
1914.0
2083.5
2068.5
1921.5
2013.0
2020.5
2113.5
2022.0
1939.5
1920.0
1980.0
2008.5
2052.0
1939.5
2115.0
2010.0
1971.0
1984.5
1987.5
2052.0
1951.5
2028.0
2056.5
2022.0
2059.5
1996.5
2077.5
1951.5
1942.5
1978.5
2005.5
2080.5
1969.5
1936.5
2026.5
1995.0
1992.0
2034.0
2017.5
1989.0
2124.0
1983.0
1917.0
2022.0
2032.5
2046.0
1986.0
1941.0
1998.0
2011.5
2032.5
1972.5
1915.5
1984.5
1972.5
2019.0
1999.5
1999.5
1917.0
2053.5
2014.5
1992.0
2073.0
1959.0
2019.0
2008.5
2086.5
1953.0
2052.0
2014.5
1972.5
2020.5
1899.0
1941.0
1981.5
2016.0
2016.0
2043.0
2076.0
2046.0
1983.0
2044.5
2040.0
1983.0
1954.5
2064.0
2046.0
2028.0
2053.5
2052.0
1951.5
1969.5
1894.5
1965.0
2013.0
2050.5
1966.5
2055.0
2026.5
1926.0
1950.0
2013.0
2056.5
1953.0
1968.0
1972.5
2040.0
2062.5
1992.0
1989.0
2002.5
1971.0
2022.0
1975.5
1933.5
1989.0
1942.5
1893.0
1938.0
1972.5
1960.5
2086.5
1911.0
2016.0
2031.0
2038.5
2011.5
1926.0
1845.0
1986.0
1944.0
2082.0
2026.5
2040.0
2047.5
2079.0
2103.0
2043.0
1980.0
2043.0
1981.5
2014.5
1939.5
2002.5
2065.5
2041.5
2034.0
1993.5
2080.5
2116.5
1921.5
1984.5
1956.0
1788.0
1929.0
2017.5
2041.5
1953.0
2053.5
2010.0
1983.0
1963.5
2062.5
2085.0
2014.5
2017.5
2071.5
2049.0
2046.0
2053.5
2068.5
1968.0
1998.0
2031.0
1947.0
2059.5
2022.0
2010.0
2050.5
2056.5
1999.5
2077.5
1969.5
2005.5
2092.5
2056.5
1972.5
1890.0
1932.0
1972.5
1989.0
2043.0
1965.0
2001.0
2032.5
2013.0
1996.5
1968.0
2032.5
2079.0
1935.0
1986.0
1957.5
1984.5
1935.0
2065.5
1888.5
2059.5
1957.5
2083.5
2001.0
1969.5
2020.5
1999.5
1999.5
2068.5
2023.5
1812.0
2055.0
2004.0
2032.5
1927.5
1996.5
2035.5
1867.5
2002.5
1918.5
2070.0
2043.0
1981.5
1846.5
2010.0
2101.5
1924.5
1972.5
1942.5
2019.0
2026.5
2101.5
2007.0
1872.0
1999.5
1995.0
1971.0
2112.0
1965.0
1965.0
2077.5
2025.0
1980.0
1986.0
2079.0
1929.0
2089.5
2083.5
2016.0
2001.0
2041.5
2052.0
1941.0
2014.5
2052.0
2082.0
2052.0
2019.0
2026.5
2049.0
2052.0
2070.0
1942.5
1906.5
1953.0
1930.5
2058.0
2034.0
1972.5
2077.5
2085.0
2013.0
2107.5
1882.5
1954.5
2026.5
1972.5
1990.5
1989.0
1969.5
2028.0
2047.5
2055.0
2047.5
2008.5
1945.5
2025.0
1912.5
2019.0
1975.5
2067.0
2023.5
2017.5
2001.0
2037.0
2020.5
1948.5
1983.0
2002.5
1978.5
1996.5
1990.5
2046.0
1867.5
2044.5
2058.0
2106.0
2016.0
1974.0
2011.5
2040.0
1963.5
2016.0
1957.5
2019.0
2047.5
2071.5
1987.5
1996.5
1960.5
2067.0
2004.0
2014.5
2017.5
2008.5
2038.5
2002.5
2082.0
1968.0
2089.5
2037.0
2056.5
2065.5
2116.5
1986.0
2010.0
2092.5
2038.5
2056.5
2070.0
1992.0
2004.0
1968.0
2026.5
2073.0
2047.5
2023.5
2055.0
2005.5
1963.5
1987.5
1890.0
2046.0
2005.5
2001.0
1975.5
2014.5
2004.0
2082.0
2035.5
2011.5
2073.0
2053.5
1981.5
2043.0
2047.5
2035.5
1929.0
1984.5
1980.0
2026.5
2013.0
1935.0
2085.0
1966.5
2044.5
2064.0
1909.5
2044.5
2022.0
1993.5
1978.5
1983.0
2020.5
2041.5
1981.5
2094.0
2035.5
1965.0
1999.5
1948.5
2008.5
1999.5
1996.5
2073.0
2011.5
1974.0
2013.0
2026.5
1875.0
1998.0
1968.0
1849.5
2010.0
2065.5
2083.5
2001.0
1999.5
2031.0
2032.5
1957.5
1968.0
1984.5
2011.5
1969.5
1989.0
1989.0
1944.0
2032.5
1968.0
2040.0
1974.0
1939.5
2058.0
2049.0
2056.5
1929.0
2023.5
2061.0
1984.5
2053.5
1992.0
1899.0
2058.0
2020.5
2001.0
2019.0
2088.0
2074.5
2007.0
2022.0
2011.5
2070.0
1983.0
2046.0
2052.0
2016.0
1917.0
1983.0
2068.5
1968.0
2050.5
2026.5
1998.0
2011.5
1893.0
2062.5
2089.5
2034.0
1921.5
2065.5
1996.5
1915.5
1974.0
2050.5
1953.0
1939.5
1956.0
1977.0
1999.5
2050.5
2065.5
1992.0
2002.5
1978.5
1990.5
1884.0
1999.5
2004.0
2097.0
2017.5
1861.5
2044.5
2019.0
2019.0
2011.5
2026.5
2041.5
2007.0
2062.5
2040.0
2080.5
1894.5
2088.0
1963.5
1921.5
1986.0
2016.0
1939.5
1995.0
1869.0
2074.5
2043.0
2080.5
2061.0
2028.0
2017.5
2055.0
2041.5
2055.0
1978.5
1989.0
2104.5
2055.0
1950.0
2032.5
1953.0
1941.0
2010.0
1941.0
1929.0
1992.0
1956.0
1959.0
1966.5
1996.5
1960.5
1948.5
1971.0
1956.0
2004.0
1975.5
2037.0
2061.0
2023.5
2118.0
1972.5
2011.5
2035.5
2019.0
2086.5
1993.5
2010.0
1951.5
2020.5
2070.0
2067.0
1975.5
2010.0
2025.0
1896.0
2050.5
2091.0
1978.5
1965.0
2034.0
2062.5
1936.5
1947.0
2031.0
1999.5
2065.5
2014.5
2059.5
2029.5
2071.5
2019.0
2098.5
2095.5
2113.5
1971.0
1974.0
2026.5
2043.0
1831.5
2031.0
2011.5
2083.5
2050.5
2064.0
2061.0
1947.0
1968.0
1942.5
2008.5
2022.0
1983.0
1930.5
1986.0
2005.5
2004.0
2046.0
2040.0
2008.5
2085.0
2008.5
1981.5
1974.0
1974.0
2025.0
2034.0
1987.5
1960.5
2010.0
1989.0
2067.0
2067.0
1981.5
2034.0
1947.0
2016.0
1953.0
2044.5
2079.0
1981.5
1990.5
2004.0
2020.5
1881.0
1981.5
1944.0
2016.0
2011.5
1947.0
1926.0
1989.0
2016.0
2017.5
2116.5
2025.0
2065.5
1887.0
2074.5
2044.5
2011.5
1983.0
1995.0
1936.5
2029.5
1965.0
2040.0
2052.0
2020.5
1992.0
1948.5
2080.5
2023.5
2034.0
1957.5
2007.0
1917.0
1993.5
1972.5
2004.0
2067.0
1945.5
2034.0
2049.0
2041.5
2077.5
2052.0
1996.5
1953.0
2019.0
2046.0
2050.5
2005.5
1854.0
2011.5
2044.5
2020.5
2038.5
2053.5
1890.0
1986.0
1960.5
1972.5
2037.0
1975.5
2025.0
1941.0
1984.5
1977.0
1974.0
2095.5
2010.0
2044.5
1975.5
1954.5
2053.5
1936.5
1926.0
1980.0
2004.0
2083.5
1965.0
1881.0
1971.0
2086.5
1989.0
1848.0
1884.0
1969.5
2026.5
1983.0
2020.5
2019.0
2058.0
2022.0
2073.0
2065.5
1966.5
1855.5
2001.0
2023.5
2047.5
2041.5
1987.5
1953.0
1971.0
2011.5
1933.5
2023.5
1855.5
2029.5
2077.5
2019.0
2041.5
1966.5
2046.0
2002.5
1984.5
2098.5
1920.0
1888.5
2019.0
2032.5
1950.0
2086.5
2046.0
2025.0
1992.0
2023.5
2083.5
1990.5
1998.0
1924.5
1939.5
2046.0
1945.5
2089.5
2016.0
2014.5
2031.0
2058.0
1966.5
2047.5
1968.0
1951.5
2004.0
1960.5
2137.5
1888.5
1918.5
2016.0
1953.0
2004.0
1977.0
2053.5
2014.5
2031.0
2085.0
1947.0
2029.5
2052.0
1987.5
2046.0
1929.0
1992.0
2077.5
2014.5
2001.0
1917.0
2101.5
1972.5
2026.5
2028.0
2007.0
1971.0
2011.5
1897.5
1933.5
2095.5
2011.5
1998.0
1995.0
1980.0
1960.5
2011.5
1942.5
2050.5
1948.5
2091.0
1906.5
2031.0
2052.0
2098.5
2007.0
2002.5
2055.0
1977.0
2064.0
1966.5
2088.0
2011.5
2052.0
1974.0
2092.5
1911.0
2008.5
2013.0
2061.0
2017.5
2052.0
1980.0
2073.0
2020.5
1948.5
1911.0
1974.0
1962.0
1980.0
2058.0
1954.5
1863.0
1944.0
2052.0
2029.5
2020.5
2022.0
1986.0
2004.0
2025.0
2025.0
2026.5
2001.0
2032.5
2076.0
1959.0
2035.5
1995.0
1968.0
1953.0
2076.0
1974.0
1894.5
1965.0
2038.5
2020.5
2002.5
1983.0
2002.5
1933.5
1950.0
2028.0
2001.0
2019.0
2067.0
1893.0
1951.5
2020.5
2026.5
1993.5
2025.0
1840.5
2025.0
1938.0
2059.5
2056.5
1996.5
2023.5
2013.0
1945.5
2014.5
2059.5
2016.0
2064.0
1981.5
2095.5
1911.0
1968.0
2037.0
1930.5
1903.5
1986.0
1978.5
2014.5
2004.0
2049.0
1962.0
2035.5
2052.0
2032.5
1971.0
2044.5
2008.5
2038.5
1945.5
1983.0
2019.0
2026.5
2056.5
2085.0
1953.0
2002.5
2017.5
1951.5
1932.0
2025.0
2053.5
2061.0
2031.0
1960.5
1980.0
1990.5
1947.0
1996.5
2062.5
1969.5
1993.5
1957.5
1941.0
2028.0
2101.5
1960.5
1998.0
2047.5
1956.0
2067.0
1983.0
2005.5
2031.0
1933.5
1989.0
1990.5
2013.0
2019.0
1954.5
2103.0
1983.0
1924.5
2013.0
1998.0
2050.5
2040.0
1995.0
2029.5
1987.5
2037.0
2005.5
1933.5
2098.5
2011.5
2088.0
2041.5
2094.0
2055.0
1894.5
2080.5
2053.5
1980.0
2017.5
2049.0
2059.5
2010.0
2086.5
2046.0
2013.0
1999.5
2011.5
1953.0
2094.0
2014.5
1948.5
1950.0
1924.5
2055.0
2086.5
1915.5
1962.0
1972.5
2085.0
2013.0
2040.0
1944.0
1945.5
1924.5
2010.0
2038.5
1945.5
1980.0
2026.5
2073.0
1972.5
1974.0
2010.0
2007.0
1873.5
2002.5
2055.0
2031.0
1944.0
1923.0
1953.0
2044.5
1968.0
2008.5
1951.5
1888.5
1987.5
1962.0
1984.5
1956.0
2016.0
2050.5
2005.5
1969.5
1989.0
1992.0
2046.0
2014.5
2068.5
1882.5
2011.5
1971.0
2011.5
2100.0
2068.5
2059.5
1984.5
1971.0
2044.5
1942.5
2085.0
1996.5
1978.5
1993.5
2013.0
1756.5
1960.5
1978.5
1980.0
1893.0
2025.0
1951.5
2017.5
2004.0
2065.5
2088.0
2041.5
2104.5
2032.5
2109.0
1999.5
2028.0
1986.0
2034.0
2010.0
2004.0
2028.0
1947.0
2071.5
2022.0
2058.0
1983.0
1950.0
1995.0
2038.5
2050.5
2055.0
2047.5
2062.5
2113.5
2013.0
1963.5
2079.0
1984.5
2058.0
2043.0
2064.0
2074.5
1974.0
1944.0
1995.0
2026.5
2035.5
2059.5
2034.0
1990.5
2004.0
2050.5
1986.0
2037.0
2067.0
2056.5
1932.0
2023.5
2020.5
1995.0
1989.0
1968.0
1999.5
2008.5
2065.5
1971.0
1999.5
2037.0
2053.5
1836.0
2031.0
2020.5
1887.0
2080.5
2079.0
2022.0
1998.0
1948.5
1995.0
2004.0
1968.0
2065.5
2067.0
2091.0
2046.0
1998.0
2008.5
1966.5
2013.0
2043.0
2017.5
2019.0
2023.5
2007.0
2037.0
2064.0
1932.0
2008.5
2010.0
2109.0
2011.5
2049.0
1980.0
2028.0
1942.5
1989.0
2007.0
2055.0
1978.5
2035.5
1960.5
2010.0
2001.0
1980.0
1975.5
1827.0
1998.0
2017.5
1995.0
1951.5
1992.0
2052.0
2068.5
1978.5
2029.5
1981.5
2023.5
2016.0
2010.0
2014.5
2032.5
1933.5
2046.0
2056.5
1995.0
1999.5
2001.0
1999.5
1977.0
2052.0
2004.0
2052.0
2028.0
2049.0
2011.5
2019.0
1992.0
2083.5
1926.0
2023.5
1984.5
1953.0
2068.5
2001.0
1999.5
2038.5
2031.0
2097.0
2031.0
1909.5
2055.0
1962.0
1957.5
2070.0
2025.0
2022.0
1939.5
1968.0
2011.5
2068.5
1885.5
1981.5
2002.5
2077.5
2001.0
2094.0
2032.5
1996.5
2065.5
2053.5
2068.5
2094.0
2019.0
1864.5
2034.0
2070.0
1959.0
2068.5
1855.5
1981.5
2017.5
2038.5
1990.5
1990.5
2065.5
2055.0
2023.5
2064.0
1864.5
1975.5
2013.0
2049.0
2044.5
1966.5
1894.5
2068.5
1935.0
2038.5
1948.5
1945.5
2019.0
2083.5
2014.5
2050.5
1915.5
2080.5
2050.5
1855.5
1987.5
2080.5
2007.0
2022.0
2019.0
1945.5
2035.5
2058.0
1990.5
1977.0
1965.0
2031.0
1956.0
2041.5
2010.0
2031.0
1969.5
1963.5
1999.5
2064.0
2017.5
2001.0
2001.0
1888.5
2022.0
2025.0
1882.5
2028.0
1959.0
1977.0
2044.5
2004.0
2028.0
1999.5
1951.5
2041.5
2049.0
1966.5
1906.5
1969.5
2032.5
2082.0
2052.0
2008.5
2008.5
1950.0
2041.5
1962.0
1990.5
1963.5
1953.0
2056.5
2014.5
2025.0
2011.5
2025.0
2028.0
2068.5
2041.5
2044.5
1828.5
1987.5
1989.0
2013.0
2035.5
1975.5
2013.0
1911.0
1956.0
2017.5
2125.5
2031.0
2055.0
2032.5
2014.5
2038.5
2019.0
2023.5
2013.0
2071.5
2032.5
2019.0
2064.0
1999.5
2017.5
2044.5
2031.0
2028.0
2055.0
2058.0
2010.0
2010.0
1908.0
2028.0
1962.0
2043.0
1855.5
2041.5
2020.5
2085.0
2047.5
1921.5
2013.0
2040.0
1999.5
1983.0
2052.0
1942.5
2037.0
1990.5
1917.0
2001.0
1954.5
2043.0
2049.0
2007.0
1954.5
2047.5
2068.5
2109.0
2046.0
2100.0
2002.5
1951.5
2028.0
2007.0
1888.5
2019.0
1975.5
1987.5
2119.5
2065.5
2058.0
2044.5
2112.0
2008.5
1981.5
2046.0
1974.0
2049.0
1977.0
2058.0
2022.0
2019.0
1959.0
1971.0
2020.5
1809.0
1953.0
1927.5
1966.5
1999.5
1968.0
2067.0
2025.0
1932.0
1956.0
2040.0
2001.0
1986.0
1923.0
2082.0
2008.5
1939.5
1990.5
2020.5
2049.0
1869.0
2086.5
2083.5
2094.0
1990.5
2019.0
2031.0
2082.0
2017.5
2041.5
2017.5
2055.0
1965.0
1984.5
2031.0
1912.5
2088.0
2010.0
2023.5
1953.0
2052.0
1965.0
1960.5
2020.5
1992.0
1981.5
2004.0
1975.5
2043.0
1924.5
1932.0
2028.0
2029.5
2059.5
1903.5
2038.5
2043.0
2019.0
1981.5
2031.0
1939.5
1936.5
2026.5
2034.0
2053.5
2088.0
2026.5
2068.5
2029.5
2026.5
2049.0
2001.0
1920.0
2074.5
2031.0
2005.5
2022.0
2029.5
2026.5
2008.5
2068.5
2106.0
2073.0
1980.0
1987.5
2041.5
1984.5
2029.5
2046.0
2077.5
2017.5
2091.0
2106.0
1966.5
1906.5
2073.0
2038.5
2068.5
2052.0
2041.5
2017.5
2035.5
2020.5
2049.0
2094.0
1984.5
2028.0
1848.0
1918.5
2028.0
1992.0
1819.5
1989.0
1968.0
1938.0
1993.5
2005.5
1977.0
1956.0
1941.0
2091.0
1981.5
2014.5
1990.5
1908.0
1992.0
1975.5
2056.5
1975.5
1936.5
2007.0
2134.5
1987.5
1959.0
2080.5
2040.0
1939.5
2109.0
1969.5
2067.0
2052.0
1983.0
2004.0
2023.5
2016.0
2010.0
2013.0
2029.5
1966.5
1993.5
2058.0
2043.0
1960.5
2068.5
2011.5
2041.5
2065.5
1971.0
2044.5
1959.0
1989.0
2019.0
1978.5
1989.0
1882.5
2059.5
2064.0
2035.5
2008.5
2026.5
1993.5
1921.5
1830.0
2058.0
2013.0
2043.0
1975.5
2073.0
1944.0
2035.5
2014.5
2043.0
2001.0
2031.0
1972.5
1959.0
2016.0
2095.5
2001.0
2035.5
2002.5
1965.0
1939.5
1767.0
2067.0
1942.5
1995.0
1981.5
2010.0
2026.5
1899.0
2041.5
1981.5
2037.0
1957.5
2070.0
1966.5
2034.0
2055.0
1965.0
1963.5
2058.0
1996.5
2052.0
1983.0
2022.0
1926.0
2032.5
1980.0
2073.0
2053.5
2031.0
2002.5
2038.5
2016.0
2034.0
2037.0
2070.0
2068.5
1962.0
2082.0
1984.5
1972.5
1963.5
2076.0
1959.0
1971.0
2089.5
2043.0
2020.5
1962.0
2008.5
1953.0
2056.5
2007.0
1971.0
1974.0
2059.5
2050.5
1989.0
1995.0
1909.5
1963.5
2077.5
2007.0
2004.0
1947.0
2004.0
2089.5
2001.0
2038.5
2038.5
1989.0
1881.0
1947.0
1975.5
2008.5
2020.5
2052.0
2044.5
2055.0
2031.0
2061.0
1932.0
1987.5
1938.0
1923.0
2089.5
2014.5
2016.0
1912.5
2035.5
1971.0
2046.0
1942.5
1924.5
2052.0
2061.0
2062.5
1972.5
1815.0
2058.0
2010.0
2077.5
2010.0
2059.5
1930.5
1972.5
2062.5
2040.0
1993.5
1888.5
2023.5
2017.5
2106.0
2011.5
2091.0
1986.0
1984.5
1981.5
2118.0
1945.5
1975.5
2010.0
2002.5
1806.0
1987.5
2074.5
1927.5
2041.5
2101.5
2056.5
1980.0
1959.0
2011.5
2058.0
1830.0
2041.5
1960.5
2059.5
1941.0
2068.5
1962.0
1938.0
2083.5
2025.0
1981.5
1941.0
2100.0
2104.5
1951.5
2056.5
1930.5
2019.0
1987.5
2068.5
2037.0
1956.0
1989.0
1963.5
2050.5
2002.5
1974.0
2077.5
2034.0
1945.5
1929.0
1963.5
1984.5
2011.5
2047.5
1830.0
1981.5
1977.0
2020.5
1923.0
2017.5
1987.5
2034.0
2050.5
2052.0
2004.0
1816.5
1971.0
2026.5
1987.5
2046.0
1938.0
2128.5
2097.0
2020.5
2080.5
2043.0
1980.0
1999.5
1989.0
1966.5
2041.5
2091.0
2064.0
2023.5
2064.0
1893.0
1918.5
2017.5
2065.5
2035.5
2023.5
1998.0
2104.5
1941.0
2005.5
1993.5
1995.0
2041.5
1968.0
1992.0
2002.5
1996.5
1852.5
2043.0
2017.5
2008.5
1918.5
2071.5
1957.5
2041.5
1929.0
2016.0
1972.5
2007.0
1929.0
2020.5
2112.0
1939.5
1992.0
1972.5
1935.0
2032.5
2083.5
1977.0
2026.5
2049.0
1942.5
1974.0
1914.0
2047.5
2035.5
2077.5
1980.0
1909.5
1989.0
2068.5
2088.0
1969.5
1989.0
1963.5
2020.5
1971.0
2001.0
2008.5
1948.5
1972.5
2046.0
2017.5
2011.5
1935.0
1899.0
1981.5
2008.5
1966.5
2013.0
2073.0
2076.0
1984.5
1996.5
1890.0
2082.0
2023.5
1954.5
2047.5
2065.5
1975.5
2086.5
1968.0
2058.0
1978.5
2052.0
1972.5
1899.0
2056.5
1963.5
2127.0
2113.5
1984.5
1984.5
1918.5
2071.5
1968.0
2014.5
2013.0
2031.0
2019.0
2055.0
2089.5
1959.0
2040.0
1969.5
2019.0
2067.0
1989.0
1999.5
2008.5
2026.5
1975.5
2028.0
2037.0
2071.5
2022.0
2028.0
1819.5
2064.0
2016.0
2014.5
1962.0
1917.0
2056.5
1966.5
1957.5
2007.0
2016.0
2043.0
1963.5
1872.0
2031.0
2046.0
2034.0
1930.5
1974.0
1971.0
2079.0
1990.5
2059.5
1918.5
2032.5
1968.0
2026.5
2023.5
1990.5
2028.0
2001.0
2097.0
1923.0
1998.0
2035.5
2095.5
1971.0
1959.0
2136.0
1978.5
1963.5
2044.5
1981.5
2040.0
1909.5
2034.0
2047.5
1929.0
2095.5
2019.0
2070.0
2014.5
1947.0
1953.0
1920.0
2067.0
2017.5
2004.0
2086.5
1987.5
2011.5
2032.5
2089.5
1986.0
2041.5
2064.0
2017.5
2025.0
1891.5
2049.0
1953.0
1950.0
1953.0
2092.5
2011.5
2068.5
2050.5
2040.0
1995.0
2080.5
2070.0
2034.0
2070.0
1992.0
2017.5
1939.5
2119.5
2016.0
2028.0
1998.0
2032.5
2017.5
2029.5
1954.5
1848.0
2062.5
2055.0
2073.0
2073.0
2061.0
2025.0
1896.0
1971.0
2040.0
1990.5
2040.0
2023.5
1959.0
2044.5
2031.0
2035.5
2124.0
2031.0
2037.0
2029.5
1896.0
1999.5
2037.0
2029.5
2007.0
2022.0
2011.5
2122.5
2020.5
2016.0
2001.0
1849.5
2035.5
2077.5
2032.5
2053.5
1944.0
2031.0
2022.0
2022.0
1989.0
1870.5
1941.0
1990.5
2047.5
1996.5
2001.0
1917.0
1972.5
2046.0
1992.0
1983.0
2002.5
2008.5
2121.0
2008.5
2041.5
2085.0
2074.5
1965.0
1957.5
1987.5
2079.0
1974.0
2023.5
2079.0
2002.5
2026.5
2020.5
2055.0
1969.5
2035.5
1957.5
2056.5
2007.0
1962.0
2040.0
1990.5
2044.5
1920.0
1966.5
1992.0
2035.5
2043.0
1995.0
1972.5
2002.5
2035.5
2034.0
2076.0
2007.0
2029.5
2035.5
1965.0
2002.5
1990.5
2016.0
1959.0
1981.5
2016.0
1927.5
2017.5
1969.5
1872.0
1989.0
2011.5
2041.5
2079.0
1951.5
1914.0
1977.0
1990.5
1965.0
2031.0
1972.5
1954.5
2056.5
1987.5
2004.0
1999.5
2038.5
1975.5
2050.5
2044.5
1998.0
2001.0
2077.5
2058.0
2038.5
2014.5
1956.0
1897.5
1924.5
1920.0
1959.0
1996.5
1972.5
2053.5
2032.5
2022.0
2044.5
1990.5
2011.5
2020.5
1990.5
1995.0
2025.0
1971.0
1857.0
2038.5
1956.0
2007.0
1942.5
2071.5
1990.5
2022.0
1996.5
1983.0
2031.0
2022.0
2056.5
2004.0
2023.5
2056.5
2082.0
1915.5
2053.5
2005.5
2050.5
1992.0
2013.0
2026.5
2016.0
2007.0
2044.5
2007.0
2059.5
1903.5
1996.5
2022.0
1984.5
1945.5
2185.5
2053.5
2010.0
2076.0
2041.5
1986.0
2083.5
2007.0
2049.0
1993.5
2026.5
1921.5
1993.5
2022.0
2089.5
1969.5
2002.5
1999.5
1830.0
2035.5
2059.5
1741.5
1980.0
2047.5
1900.5
2098.5
2005.5
2038.5
2076.0
2001.0
1969.5
2065.5
2022.0
1998.0
1966.5
1962.0
2046.0
1899.0
1917.0
2038.5
2028.0
1993.5
2079.0
2017.5
2011.5
1992.0
1873.5
2008.5
2023.5
1957.5
1984.5
1993.5
1932.0
2010.0
1888.5
2017.5
1956.0
2023.5
2005.5
2053.5
1972.5
2026.5
2025.0
1993.5
1974.0
1947.0
2007.0
1986.0
2100.0
2023.5
2047.5
1971.0
1911.0
1941.0
2065.5
2097.0
2043.0
1971.0
1929.0
2005.5
2028.0
2008.5
1953.0
1987.5
1963.5
2037.0
2008.5
1984.5
2022.0
2014.5
1992.0
1828.5
1957.5
2056.5
1978.5
1893.0
2008.5
1968.0
2082.0
2035.5
1935.0
2083.5
2011.5
2005.5
2043.0
1981.5
1995.0
1954.5
2043.0
2020.5
2052.0
1975.5
2046.0
1951.5
1954.5
2086.5
2011.5
1974.0
2085.0
2020.5
1992.0
2034.0
1911.0
2082.0
1999.5
2011.5
2049.0
1992.0
2037.0
1923.0
2104.5
1978.5
2083.5
1939.5
2034.0
2014.5
2071.5
1990.5
2049.0
1971.0
1981.5
1956.0
2011.5
1923.0
1996.5
2002.5
2034.0
1908.0
2070.0
1995.0
2013.0
1957.5
1899.0
2070.0
1978.5
1926.0
1923.0
1998.0
2032.5
2020.5
1872.0
2110.5
2022.0
2046.0
1912.5
2044.5
1930.5
1974.0
2038.5
1993.5
1974.0
1972.5
2052.0
2034.0
2037.0
2064.0
2028.0
2059.5
1981.5
1974.0
1990.5
1827.0
1887.0
2025.0
2062.5
2008.5
2008.5
1947.0
2062.5
2007.0
2035.5
2035.5
2029.5
2008.5
1996.5
1915.5
1963.5
1996.5
2053.5
2019.0
1981.5
2020.5
1998.0
1935.0
2065.5
2010.0
1998.0
2013.0
2097.0
2049.0
2068.5
2089.5
2068.5
2013.0
2025.0
2050.5
2049.0
2071.5
1971.0
1956.0
2083.5
2082.0
2061.0
2034.0
2032.5
1990.5
2037.0
2008.5
2016.0
1966.5
2031.0
2014.5
2031.0
2053.5
2046.0
2079.0
1929.0
2011.5
1858.5
1980.0
2044.5
2100.0
1948.5
1990.5
2089.5
1849.5
2002.5
1965.0
2047.5
1968.0
1968.0
2077.5
1992.0
2040.0
1992.0
2098.5
1881.0
2059.5
2044.5
1995.0
2067.0
1830.0
2055.0
1956.0
1924.5
2044.5
2064.0
1824.0
2055.0
2070.0
2067.0
2056.5
1909.5
2031.0
2026.5
1968.0
2020.5
2094.0
2001.0
1998.0
2007.0
2073.0
1897.5
1896.0
1968.0
2031.0
1936.5
1920.0
1932.0
2061.0
2032.5
2052.0
1980.0
1966.5
2044.5
1987.5
2103.0
1971.0
2079.0
1941.0
2077.5
2125.5
2040.0
2026.5
2110.5
2007.0
1914.0
2052.0
2079.0
1999.5
1999.5
1972.5
2044.5
2113.5
2053.5
1942.5
2032.5
2001.0
2070.0
2101.5
2002.5
1804.5
1978.5
2034.0
1963.5
2031.0
1990.5
2092.5
2082.0
2047.5
2016.0
1999.5
2014.5
1999.5
1975.5
2016.0
1992.0
2044.5
1992.0
2032.5
1966.5
2073.0
1888.5
1981.5
2056.5
1939.5
2101.5
1872.0
1903.5
2031.0
1939.5
2008.5
2050.5
1983.0
1998.0
1894.5
1959.0
2037.0
2055.0
1992.0
1990.5
1953.0
2028.0
2043.0
1983.0
1977.0
1848.0
1939.5
2071.5
2040.0
2019.0
2080.5
1986.0
2038.5
2055.0
2074.5
2002.5
2026.5
2010.0
2082.0
1951.5
2088.0
2046.0
2035.5
2035.5
2023.5
1998.0
2080.5
1945.5
1932.0
2014.5
1995.0
2082.0
2010.0
1954.5
2019.0
1980.0
1984.5
2068.5
2053.5
2092.5
2082.0
1942.5
1963.5
1950.0
1992.0
1873.5
1975.5
1978.5
2097.0
1942.5
2049.0
1990.5
2007.0
1990.5
2008.5
1927.5
1966.5
1953.0
2068.5
1851.0
2056.5
2053.5
2107.5
2029.5
1960.5
1981.5
1927.5
1995.0
1983.0
2055.0
1977.0
2044.5
1965.0
1947.0
2005.5
1908.0
1956.0
1899.0
2037.0
2026.5
2007.0
1987.5
1971.0
1959.0
2058.0
1942.5
2043.0
2008.5
1993.5
1993.5
1999.5
1974.0
1986.0
2052.0
2017.5
2068.5
2008.5
2104.5
2019.0
2073.0
1974.0
1984.5
2076.0
1947.0
1977.0
2074.5
2068.5
1914.0
1963.5
1914.0
1953.0
1867.5
2040.0
1927.5
1989.0
2025.0
1984.5
1956.0
2016.0
2038.5
1972.5
2100.0
1788.0
2032.5
1893.0
2016.0
1981.5
1983.0
2016.0
2019.0
1968.0
2055.0
2058.0
1972.5
2061.0
2100.0
2034.0
1938.0
1963.5
1936.5
1960.5
1999.5
1990.5
2034.0
2092.5
1911.0
1896.0
2082.0
2017.5
2041.5
2059.5
2004.0
1978.5
2046.0
2016.0
2052.0
2040.0
2089.5
2077.5
2026.5
2026.5
2064.0
2004.0
2034.0
1957.5
1987.5
2013.0
1884.0
1887.0
2028.0
2097.0
1816.5
2046.0
2091.0
2049.0
2082.0
2050.5
2083.5
1959.0
2070.0
2038.5
1936.5
1981.5
2025.0
2019.0
2022.0
1980.0
2089.5
1867.5
2044.5
2032.5
2080.5
2055.0
2032.5
1950.0
2011.5
1951.5
1975.5
1953.0
2082.0
2040.0
1941.0
1953.0
1893.0
1996.5
2085.0
1972.5
1981.5
1999.5
2046.0
1986.0
2097.0
1986.0
2067.0
2010.0
2047.5
2047.5
1977.0
2095.5
2037.0
1986.0
2095.5
1975.5
2025.0
1972.5
1953.0
2013.0
1899.0
2061.0
1995.0
2124.0
1924.5
2043.0
2053.5
2022.0
1945.5
1948.5
1905.0
1966.5
2064.0
1950.0
2055.0
1986.0
2001.0
2031.0
2058.0
1975.5
2064.0
2028.0
1942.5
1936.5
1938.0
1992.0
2107.5
2049.0
1959.0
2001.0
1960.5
2023.5
2082.0
2115.0
2023.5
2029.5
1897.5
1996.5
2020.5
2017.5
1899.0
2017.5
2058.0
2064.0
1995.0
2098.5
2055.0
2029.5
2044.5
1897.5
1992.0
1999.5
2079.0
2049.0
2019.0
1972.5
2047.5
1860.0
1980.0
1917.0
1999.5
2080.5
2005.5
2053.5
2032.5
1948.5
2002.5
1998.0
2073.0
2026.5
2004.0
1854.0
2022.0
2044.5
2032.5
2035.5
1975.5
1920.0
1957.5
2032.5
1965.0
2034.0
2005.5
2013.0
2040.0
1933.5
1897.5
2008.5
2082.0
2065.5
2058.0
2035.5
1972.5
2052.0
2029.5
2014.5
2043.0
2034.0
2079.0
1944.0
1956.0
2043.0
2023.5
2062.5
2034.0
1990.5
2053.5
2047.5
2025.0
1941.0
1956.0
1947.0
1987.5
2010.0
1846.5
2098.5
2067.0
2005.5
1972.5
1942.5
2053.5
2070.0
1990.5
1956.0
2032.5
1945.5
1954.5
2038.5
2055.0
2014.5
2059.5
2074.5
2035.5
1983.0
1999.5
2016.0
2013.0
1950.0
2029.5
1918.5
1960.5
2049.0
1951.5
1989.0
2016.0
2013.0
2065.5
2010.0
2091.0
2031.0
1887.0
1941.0
1993.5
1969.5
2016.0
2058.0
2061.0
2086.5
1941.0
2040.0
1981.5
2056.5
1942.5
2080.5
2097.0
2059.5
2002.5
2001.0
1921.5
2046.0
1908.0
2053.5
1968.0
1902.0
2004.0
1998.0
2043.0
2031.0
2101.5
2013.0
2044.5
2068.5
2026.5
2050.5
2110.5
2089.5
2013.0
2083.5
2007.0
2022.0
1987.5
2097.0
2058.0
2049.0
1993.5
2025.0
2020.5
2070.0
1909.5
1942.5
1944.0
1914.0
2001.0
1957.5
2011.5
1968.0
1908.0
2070.0
1965.0
1995.0
2010.0
1926.0
1998.0
1983.0
2020.5
1977.0
1894.5
1953.0
1911.0
1987.5
2101.5
2070.0
2005.5
2065.5
1954.5
2047.5
1957.5
1939.5
2017.5
1987.5
2008.5
1984.5
1984.5
2025.0
2061.0
1971.0
1914.0
2026.5
1821.0
1920.0
1960.5
2094.0
1984.5
1933.5
1924.5
2040.0
2032.5
1965.0
2020.5
2035.5
2040.0
1897.5
1950.0
2037.0
2043.0
2038.5
1936.5
1989.0
2007.0
2038.5
1927.5
2065.5
1947.0
1945.5
2067.0
2010.0
2041.5
2043.0
2037.0
2014.5
2005.5
1930.5
1972.5
2004.0
1959.0
1984.5
2070.0
2001.0
2002.5
1971.0
2064.0
1933.5
2074.5
2017.5
1930.5
2014.5
1969.5
2043.0
2080.5
2067.0
1993.5
2004.0
2037.0
2068.5
2071.5
2047.5
2004.0
1983.0
1992.0
2091.0
1948.5
1927.5
1956.0
2067.0
2043.0
1953.0
1972.5
1959.0
2062.5
2082.0
2091.0
2086.5
2053.5
2019.0
1980.0
1995.0
2052.0
1966.5
1972.5
2077.5
1963.5
2046.0
1995.0
2040.0
2062.5
2035.5
2040.0
2067.0
2008.5
1978.5
2059.5
2092.5
2043.0
2019.0
1989.0
1950.0
2040.0
1941.0
2028.0
2098.5
1968.0
1971.0
1953.0
1999.5
1774.5
2004.0
2038.5
2008.5
2052.0
2077.5
2052.0
1975.5
1959.0
1956.0
2106.0
1990.5
2010.0
2031.0
1968.0
1981.5
1965.0
2064.0
2055.0
1986.0
2026.5
2028.0
2017.5
2044.5
2047.5
2083.5
2005.5
1953.0
1999.5
2041.5
2037.0
2071.5
2007.0
1972.5
2049.0
2077.5
2025.0
2035.5
2049.0
2071.5
2065.5
1957.5
1992.0
2025.0
2023.5
1869.0
2034.0
2013.0
1977.0
2008.5
2005.5
1954.5
2010.0
1975.5
2014.5
1879.5
1932.0
2043.0
2004.0
2001.0
2097.0
1975.5
1980.0
2083.5
1954.5
2041.5
1957.5
2049.0
1977.0
1992.0
2020.5
1929.0
1978.5
2085.0
1984.5
1989.0
1923.0
1933.5
2008.5
1962.0
2074.5
2023.5
2019.0
2031.0
2088.0
2031.0
2019.0
1938.0
1960.5
2082.0
1977.0
2034.0
2043.0
1953.0
2013.0
1968.0
1917.0
1996.5
1953.0
1990.5
2040.0
1948.5
1990.5
2067.0
2046.0
2002.5
2062.5
1972.5
1920.0
2055.0
2103.0
1962.0
1954.5
1972.5
1974.0
1923.0
1990.5
1996.5
1918.5
2005.5
2053.5
2061.0
2043.0
2073.0
2010.0
1936.5
1942.5
1981.5
2002.5
1983.0
2034.0
2064.0
2047.5
2098.5
1993.5
1914.0
1942.5
2041.5
1978.5
1888.5
2076.0
2026.5
1947.0
2011.5
2034.0
2005.5
1993.5
1999.5
2046.0
2110.5
2052.0
2008.5
2019.0
2062.5
2076.0
1993.5
2032.5
1906.5
2008.5
2040.0
1984.5
1999.5
2037.0
2032.5
2053.5
2010.0
1977.0
2086.5
2077.5
2040.0
1972.5
2014.5
2013.0
1998.0
2067.0
2034.0
2020.5
2017.5
2002.5
2041.5
1941.0
2044.5
2034.0
2061.0
1941.0
1930.5
1920.0
2056.5
1989.0
1932.0
2010.0
1984.5
1974.0
2025.0
2061.0
1965.0
2034.0
1764.0
2007.0
1903.5
1936.5
2017.5
2041.5
2061.0
2040.0
2011.5
1995.0
2061.0
2028.0
2062.5
2019.0
2029.5
1905.0
2055.0
1956.0
1902.0
1897.5
2074.5
2077.5
1930.5
1983.0
1990.5
2017.5
1960.5
2049.0
1969.5
1884.0
1972.5
2017.5
1966.5
2040.0
2073.0
2022.0
1996.5
2011.5
1990.5
2005.5
2007.0
2011.5
1996.5
1963.5
1993.5
2041.5
2025.0
2068.5
1960.5
1887.0
2002.5
1999.5
2037.0
2043.0
2052.0
2035.5
2032.5
1873.5
2017.5
2064.0
2065.5
2053.5
1927.5
1828.5
2035.5
1878.0
2062.5
2049.0
2046.0
2061.0
2032.5
1909.5
2002.5
2005.5
2065.5
1920.0
1999.5
2052.0
1978.5
2004.0
2047.5
2031.0
1981.5
2010.0
1947.0
2094.0
2094.0
2068.5
2053.5
2020.5
1992.0
1978.5
2070.0
2034.0
1990.5
1989.0
2061.0
1999.5
1993.5
2056.5
1945.5
1983.0
2005.5
1924.5
1981.5
2080.5
2029.5
1981.5
2007.0
2019.0
2028.0
1959.0
1980.0
2010.0
2034.0
1995.0
2031.0
2034.0
2037.0
2034.0
1881.0
2008.5
2094.0
2092.5
1978.5
2001.0
1933.5
2014.5
2044.5
1947.0
2010.0
2095.5
1873.5
2106.0
2020.5
2035.5
2002.5
2004.0
2079.0
2031.0
1944.0
2070.0
2121.0
2010.0
2056.5
1978.5
2098.5
2001.0
1986.0
2017.5
2049.0
1941.0
2016.0
2085.0
2040.0
2047.5
2095.5
2005.5
2082.0
1990.5
1953.0
2029.5
2037.0
2056.5
2049.0
2104.5
1950.0
1927.5
2047.5
1971.0
2010.0
1923.0
1899.0
2016.0
2017.5
1957.5
2008.5
2047.5
2047.5
2034.0
2019.0
1987.5
1975.5
1966.5
1962.0
2097.0
2043.0
2029.5
2083.5
1977.0
1905.0
2092.5
1998.0
2028.0
1972.5
1963.5
2035.5
2032.5
2016.0
1996.5
2025.0
2086.5
2040.0
2013.0
2038.5
2004.0
2079.0
2064.0
2032.5
2064.0
1978.5
2016.0
2098.5
1900.5
1999.5
2014.5
1983.0
2011.5
1909.5
2020.5
1981.5
1978.5
2004.0
2031.0
2094.0
2025.0
2019.0
1921.5
2014.5
2010.0
2059.5
1977.0
2023.5
2079.0
2052.0
1957.5
1984.5
2026.5
2004.0
1957.5
2088.0
2020.5
2041.5
1987.5
2064.0
2043.0
2035.5
1953.0
2008.5
1947.0
2008.5
2028.0
2014.5
1944.0
2070.0
1912.5
1905.0
2043.0
2005.5
1918.5
2047.5
2065.5
2037.0
2037.0
1903.5
1914.0
1980.0
2008.5
2083.5
2016.0
2094.0
2040.0
2068.5
1953.0
2059.5
1941.0
1963.5
2068.5
2026.5
2014.5
1999.5
2044.5
2035.5
2005.5
1960.5
1986.0
2029.5
1924.5
2037.0
1972.5
1974.0
2016.0
2068.5
2011.5
1975.5
1905.0
2010.0
2095.5
2047.5
2017.5
1957.5
1963.5
2065.5
2025.0
1993.5
1956.0
2056.5
1978.5
2002.5
2074.5
2031.0
2044.5
1945.5
2035.5
2122.5
1960.5
2031.0
2094.0
2010.0
2083.5
1953.0
1993.5
2008.5
1953.0
2038.5
2029.5
2011.5
1969.5
2001.0
2079.0
2050.5
2052.0
2079.0
1981.5
2050.5
2065.5
2014.5
1908.0
2064.0
2086.5
1851.0
1807.5
2022.0
2001.0
1999.5
2002.5
2058.0
2002.5
2010.0
1980.0
2043.0
2082.0
1926.0
2079.0
1956.0
2020.5
1986.0
1983.0
2005.5
2043.0
1872.0
1999.5
1866.0
2076.0
1963.5
2013.0
2013.0
2017.5
2034.0
2083.5
1885.5
2020.5
2035.5
1971.0
2013.0
1975.5
2034.0
2014.5
2022.0
2101.5
1989.0
1918.5
2043.0
2005.5
2016.0
1947.0
2098.5
2082.0
1927.5
2043.0
1996.5
2031.0
2011.5
1953.0
2020.5
1834.5
2046.0
1992.0
1983.0
2028.0
2047.5
1969.5
2041.5
1902.0
2034.0
1984.5
2076.0
2073.0
1971.0
1986.0
1977.0
2001.0
2016.0
2101.5
2031.0
1891.5
1879.5
2086.5
1729.5
2040.0
1903.5
2008.5
1851.0
2016.0
2056.5
2109.0
2007.0
2023.5
2055.0
2010.0
2043.0
2074.5
2086.5
2005.5
2046.0
1981.5
1936.5
2029.5
1992.0
2037.0
2065.5
2032.5
1959.0
2086.5
2052.0
2031.0
2097.0
1984.5
2029.5
2032.5
2011.5
2098.5
1977.0
2004.0
2013.0
1978.5
2065.5
2031.0
2032.5
1903.5
1972.5
2038.5
2035.5
2077.5
2110.5
2040.0
1995.0
1933.5
2073.0
1999.5
1815.0
1972.5
2098.5
2026.5
1996.5
2041.5
1923.0
2068.5
1984.5
1966.5
2029.5
1959.0
2005.5
2088.0
2047.5
2002.5
1944.0
2029.5
2032.5
1993.5
2098.5
2011.5
1897.5
2028.0
1855.5
2014.5
1980.0
2016.0
2098.5
1993.5
1992.0
2013.0
2005.5
1930.5
1947.0
2050.5
2064.0
1975.5
2050.5
2086.5
2074.5
2064.0
2052.0
2031.0
1909.5
2050.5
2058.0
1918.5
2053.5
2079.0
2034.0
2128.5
2121.0
2020.5
1959.0
2032.5
1989.0
2046.0
1986.0
2061.0
2023.5
2080.5
2019.0
2074.5
1890.0
2106.0
1975.5
2086.5
2002.5
2038.5
2064.0
2013.0
1855.5
2065.5
2035.5
1855.5
1909.5
2082.0
2031.0
1959.0
2074.5
2019.0
2073.0
2013.0
2004.0
2056.5
1989.0
1983.0
2043.0
1981.5
1846.5
2019.0
2031.0
1882.5
1954.5
1999.5
1900.5
2079.0
2085.0
2085.0
2083.5
2089.5
1983.0
1920.0
2065.5
1945.5
1951.5
1950.0
2047.5
2085.0
1986.0
2041.5
2037.0
2040.0
1971.0
1941.0
2055.0
2050.5
2070.0
2095.5
2065.5
2034.0
1954.5
1950.0
1993.5
2058.0
1933.5
2014.5
1888.5
2071.5
2044.5
2074.5
2052.0
2083.5
1956.0
2017.5
2046.0
2050.5
2037.0
1996.5
2056.5
2068.5
2079.0
2014.5
1989.0
2016.0
2001.0
2004.0
1930.5
2061.0
1953.0
2043.0
2050.5
1881.0
1957.5
1981.5
2049.0
2028.0
1984.5
1999.5
1950.0
2097.0
1932.0
1858.5
2011.5
2109.0
1983.0
2056.5
2068.5
2040.0
2028.0
2019.0
1972.5
1980.0
1987.5
2029.5
2010.0
2097.0
2067.0
1837.5
2016.0
1963.5
1995.0
1930.5
1978.5
1972.5
2032.5
2020.5
2065.5
2034.0
1887.0
2014.5
2037.0
2028.0
2011.5
2074.5
2047.5
2028.0
2011.5
2053.5
1999.5
2092.5
2059.5
2067.0
2068.5
1740.0
1950.0
1999.5
2037.0
1975.5
2089.5
1981.5
2007.0
1939.5
1959.0
2029.5
1969.5
1890.0
2080.5
2053.5
2052.0
1887.0
1981.5
1990.5
1920.0
2025.0
2028.0
2025.0
2079.0
2023.5
2037.0
2067.0
1957.5
2001.0
2037.0
1941.0
1947.0
2005.5
2038.5
1948.5
1924.5
2059.5
1984.5
2058.0
2043.0
2052.0
2035.5
2010.0
1903.5
2043.0
2037.0
1965.0
1839.0
1935.0
1801.5
2065.5
2043.0
2032.5
1927.5
2004.0
1986.0
2041.5
1864.5
2022.0
2016.0
1878.0
2022.0
2002.5
1902.0
1972.5
2007.0
2052.0
1971.0
1836.0
2103.0
2044.5
2070.0
1908.0
1968.0
2091.0
1932.0
2025.0
1987.5
2076.0
1950.0
1965.0
1956.0
2005.5
1980.0
2082.0
2074.5
2014.5
2011.5
1977.0
1999.5
2034.0
1908.0
2010.0
2035.5
1962.0
2088.0
2007.0
2028.0
1972.5
2001.0
2028.0
1993.5
1978.5
1951.5
1989.0
2014.5
1929.0
2028.0
2026.5
2032.5
1975.5
1950.0
1996.5
1987.5
1992.0
1939.5
1986.0
1944.0
2028.0
2086.5
2034.0
2056.5
1909.5
2062.5
1998.0
2013.0
1866.0
2037.0
2023.5
2083.5
1974.0
2007.0
2041.5
1986.0
2044.5
2005.5
2031.0
1975.5
2047.5
2019.0
2077.5
1926.0
2011.5
2055.0
1966.5
1984.5
2038.5
2010.0
2019.0
2014.5
1936.5
2058.0
2028.0
1909.5
1999.5
2073.0
1984.5
2005.5
2092.5
2029.5
1968.0
2029.5
1963.5
1968.0
2101.5
1974.0
2067.0
1968.0
1959.0
2043.0
2077.5
2049.0
1992.0
1938.0
2007.0
2029.5
2031.0
2041.5
1986.0
1992.0
1939.5
1986.0
1989.0
1995.0
2025.0
2049.0
2040.0
2077.5
1923.0
1999.5
2074.5
2071.5
2050.5
1995.0
1998.0
1896.0
1933.5
2029.5
2019.0
1893.0
1956.0
1972.5
2079.0
2007.0
2016.0
2050.5
2007.0
2053.5
1986.0
2046.0
2041.5
1971.0
2118.0
2103.0
1917.0
1965.0
1908.0
2077.5
2067.0
2038.5
2059.5
1942.5
2023.5
1965.0
2031.0
2071.5
2101.5
1992.0
2073.0
2044.5
1996.5
2008.5
2071.5
2061.0
1963.5
1893.0
2014.5
2079.0
1914.0
1972.5
2005.5
1977.0
2007.0
1999.5
2032.5
2035.5
1663.5
1956.0
1959.0
1963.5
1953.0
1986.0
2089.5
1989.0
2086.5
1935.0
2116.5
1929.0
2040.0
1975.5
1971.0
2071.5
2028.0
2025.0
1971.0
2028.0
2010.0
2058.0
1951.5
2010.0
1974.0
1989.0
1945.5
1948.5
2052.0
1947.0
1966.5
2046.0
2047.5
2019.0
2029.5
2068.5
1998.0
1998.0
1968.0
1945.5
2061.0
2004.0
2008.5
1942.5
1990.5
2034.0
2053.5
1980.0
2002.5
2080.5
1953.0
1882.5
1984.5
2035.5
2091.0
2037.0
1966.5
2061.0
1983.0
1986.0
1941.0
2005.5
1983.0
2032.5
1950.0
2013.0
2019.0
2076.0
2073.0
2035.5
1966.5
1924.5
2031.0
1987.5
2052.0
1915.5
2029.5
1974.0
2022.0
2041.5
2002.5
2053.5
1983.0
2055.0
1993.5
2064.0
1998.0
2014.5
2029.5
2058.0
1972.5
1923.0
2022.0
1918.5
2041.5
2017.5
1966.5
2083.5
2023.5
2017.5
1927.5
2067.0
2004.0
2022.0
2065.5
1971.0
2065.5
2019.0
2059.5
2046.0
2073.0
2002.5
2050.5
2020.5
2016.0
2020.5
1917.0
2080.5
2085.0
2076.0
2067.0
2094.0
2014.5
1992.0
1944.0
2061.0
2025.0
1950.0
1978.5
2049.0
1978.5
