1128.0
1381.5
1108.5
790.5
388.5
1374.0
382.5
1597.5
729.0
1723.5
810.0
1198.5
1221.0
889.5
1417.5
1542.0
1473.0
646.5
1450.5
1765.5
268.5
877.5
1338.0
310.5
1497.0
1612.5
967.5
469.5
1368.0
1116.0
355.5
307.5
1047.0
670.5
1662.0
1140.0
1531.5
1213.5
1471.5
309.0
847.5
1692.0
273.0
130.5
1228.5
787.5
367.5
1410.0
1261.5
1114.5
1482.0
1521.0
292.5
745.5
696.0
1563.0
1689.0
1659.0
405.0
1411.5
1030.5
505.5
270.0
750.0
1255.5
400.5
1282.5
567.0
1014.0
60.0
1486.5
517.5
1542.0
1041.0
1636.5
1029.0
859.5
1692.0
1674.0
532.5
1171.5
795.0
517.5
1363.5
1605.0
835.5
1000.5
369.0
1012.5
900.0
400.5
354.0
679.5
1465.5
286.5
1743.0
727.5
1248.0
589.5
997.5
1521.0
1185.0
1321.5
1449.0
1293.0
801.0
1371.0
1558.5
1663.5
1605.0
358.5
1465.5
1269.0
1119.0
1380.0
1746.0
1447.5
673.5
1089.0
1410.0
592.5
1369.5
1444.5
1699.5
1044.0
1582.5
1312.5
1389.0
1533.0
1557.0
816.0
1120.5
195.0
795.0
1533.0
1711.5
634.5
1590.0
1552.5
1414.5
1584.0
1134.0
406.5
1198.5
480.0
795.0
1326.0
1269.0
1443.0
1642.5
1434.0
1323.0
1069.5
307.5
412.5
1197.0
1381.5
1303.5
1626.0
1399.5
997.5
1282.5
1363.5
411.0
1623.0
1386.0
904.5
916.5
537.0
852.0
1456.5
712.5
1405.5
982.5
612.0
1459.5
1665.0
1180.5
726.0
1230.0
424.5
1341.0
427.5
1114.5
1593.0
1425.0
1504.5
1357.5
1497.0
802.5
1500.0
1659.0
1464.0
1455.0
1413.0
978.0
1224.0
1521.0
897.0
1609.5
1648.5
1296.0
1729.5
594.0
367.5
1245.0
1416.0
436.5
1071.0
1672.5
892.5
1668.0
829.5
348.0
1299.0
544.5
1518.0
1363.5
211.5
1516.5
1518.0
1483.5
1380.0
1132.5
1596.0
1635.0
171.0
666.0
141.0
1084.5
630.0
534.0
940.5
1282.5
1468.5
1530.0
1383.0
501.0
1249.5
1389.0
1005.0
1390.5
1324.5
1756.5
336.0
411.0
694.5
951.0
366.0
1669.5
1815.0
505.5
508.5
1726.5
546.0
1108.5
207.0
133.5
1104.0
1384.5
1030.5
1380.0
1053.0
574.5
1555.5
351.0
645.0
1557.0
729.0
1521.0
1689.0
1698.0
1725.0
489.0
1302.0
357.0
403.5
1359.0
370.5
1482.0
1141.5
571.5
1006.5
796.5
1710.0
1021.5
1006.5
1732.5
1299.0
586.5
1221.0
1525.5
1657.5
817.5
1558.5
1681.5
1545.0
1602.0
1506.0
1416.0
715.5
991.5
1702.5
1470.0
1546.5
1302.0
1585.5
1395.0
225.0
1327.5
426.0
832.5
148.5
1042.5
1512.0
700.5
229.5
1695.0
1507.5
1351.5
1663.5
700.5
1239.0
1192.5
1152.0
597.0
1366.5
1645.5
1624.5
336.0
1767.0
1554.0
523.5
1311.0
1230.0
396.0
327.0
1215.0
154.5
1290.0
1587.0
1422.0
1761.0
913.5
552.0
1254.0
1233.0
1662.0
1368.0
1378.5
1165.5
1648.5
1281.0
1797.0
1924.5
205.5
1119.0
871.5
1378.5
1215.0
1153.5
1344.0
913.5
1419.0
1689.0
1521.0
1305.0
1680.0
1422.0
1510.5
1714.5
1053.0
1752.0
408.0
673.5
936.0
375.0
645.0
1461.0
1237.5
706.5
873.0
562.5
1723.5
1699.5
1408.5
1549.5
147.0
1255.5
364.5
1336.5
1402.5
861.0
532.5
867.0
1642.5
1648.5
966.0
685.5
513.0
1077.0
1740.0
801.0
1561.5
1366.5
1528.5
538.5
1381.5
1513.5
1335.0
885.0
1356.0
1329.0
1425.0
654.0
1551.0
1531.5
1327.5
1335.0
1083.0
1105.5
1641.0
1128.0
1161.0
1297.5
901.5
1159.5
1020.0
969.0
1465.5
954.0
1701.0
1615.5
1086.0
1317.0
1254.0
1471.5
1747.5
1002.0
982.5
226.5
772.5
1339.5
328.5
366.0
1762.5
1339.5
337.5
1113.0
1528.5
1672.5
1698.0
1102.5
585.0
789.0
1167.0
1197.0
1605.0
1029.0
958.5
577.5
1486.5
1777.5
1087.5
1615.5
400.5
1300.5
1399.5
1224.0
1534.5
469.5
1120.5
1401.0
1539.0
970.5
1290.0
108.0
1446.0
319.5
615.0
1030.5
1347.0
1288.5
1693.5
1600.5
895.5
222.0
951.0
430.5
1311.0
1459.5
1075.5
234.0
1717.5
1657.5
1338.0
1026.0
271.5
1408.5
297.0
1708.5
822.0
993.0
1492.5
1323.0
1462.5
837.0
307.5
165.0
639.0
187.5
451.5
286.5
180.0
1617.0
1840.5
1378.5
1048.5
60.0
1297.5
1545.0
1726.5
1231.5
1677.0
1392.0
1026.0
1516.5
1770.0
1600.5
1204.5
334.5
1537.5
1473.0
1435.5
280.5
183.0
1150.5
580.5
1677.0
771.0
1612.5
1851.0
360.0
744.0
1524.0
1524.0
1296.0
1276.5
1542.0
562.5
42.0
849.0
895.5
1344.0
1611.0
1570.5
183.0
1042.5
454.5
400.5
1726.5
1266.0
1635.0
1287.0
976.5
1224.0
1207.5
1579.5
1542.0
306.0
955.5
1879.5
1711.5
24.0
172.5
840.0
1761.0
1645.5
1674.0
292.5
370.5
1380.0
934.5
1450.5
1689.0
916.5
1123.5
1297.5
1639.5
1630.5
690.0
748.5
987.0
451.5
825.0
786.0
1144.5
1473.0
615.0
1308.0
1519.5
1573.5
1678.5
1210.5
1521.0
354.0
1246.5
1473.0
1663.5
405.0
390.0
1221.0
685.5
1311.0
1576.5
1431.0
1246.5
1347.0
759.0
417.0
1407.0
708.0
1338.0
310.5
978.0
838.5
1023.0
1354.5
396.0
1506.0
1018.5
478.5
1069.5
796.5
942.0
939.0
1546.5
757.5
580.5
873.0
933.0
1648.5
1770.0
445.5
505.5
690.0
1758.0
1530.0
1381.5
1596.0
585.0
636.0
1330.5
1740.0
1254.0
1599.0
708.0
865.5
1497.0
906.0
697.5
1096.5
1314.0
331.5
1452.0
1045.5
1582.5
1479.0
1768.5
1773.0
1360.5
1155.0
1477.5
660.0
1275.0
981.0
723.0
1353.0
885.0
300.0
802.5
279.0
1669.5
210.0
445.5
177.0
841.5
1113.0
1630.5
1795.5
442.5
1272.0
906.0
939.0
739.5
1402.5
1474.5
1575.0
1063.5
814.5
1215.0
1377.0
1627.5
1429.5
1566.0
1095.0
1077.0
931.5
1104.0
922.5
853.5
514.5
442.5
1665.0
586.5
658.5
1359.0
1744.5
1548.0
1548.0
1704.0
616.5
442.5
337.5
684.0
1248.0
645.0
307.5
777.0
1656.0
1519.5
1378.5
1030.5
1177.5
1351.5
700.5
1806.0
532.5
1576.5
1333.5
1477.5
1303.5
445.5
1488.0
1170.0
511.5
1332.0
1549.5
436.5
681.0
370.5
999.0
733.5
457.5
364.5
1561.5
531.0
1143.0
1495.5
1702.5
1744.5
1671.0
1561.5
1221.0
1470.0
733.5
1434.0
1452.0
1264.5
1696.5
1540.5
1455.0
1393.5
1500.0
1411.5
996.0
1341.0
1234.5
1333.5
1192.5
1087.5
1303.5
559.5
993.0
432.0
363.0
796.5
1441.5
1557.0
1476.0
1501.5
709.5
57.0
1629.0
1053.0
1546.5
1686.0
564.0
1059.0
1300.5
423.0
1548.0
507.0
721.5
1252.5
1828.5
133.5
1833.0
751.5
823.5
184.5
1371.0
1633.5
1440.0
1690.5
739.5
1278.0
1024.5
801.0
324.0
1029.0
1650.0
1038.0
1788.0
1555.5
1155.0
265.5
1468.5
1260.0
1380.0
1158.0
1249.5
1443.0
1473.0
754.5
258.0
1566.0
1078.5
316.5
1065.0
1636.5
1527.0
819.0
1296.0
697.5
361.5
1344.0
1398.0
951.0
162.0
729.0
1240.5
712.5
96.0
1461.0
1201.5
726.0
1501.5
712.5
1345.5
1459.5
1771.5
544.5
543.0
1722.0
427.5
337.5
1653.0
1675.5
1746.0
1555.5
129.0
1300.5
1539.0
1561.5
1378.5
1422.0
1272.0
1107.0
1008.0
1417.5
1075.5
894.0
781.5
253.5
1282.5
1311.0
1257.0
1617.0
868.5
525.0
1429.5
1261.5
1231.5
280.5
1228.5
111.0
1659.0
918.0
658.5
1702.5
1270.5
1150.5
786.0
346.5
1546.5
243.0
709.5
1384.5
318.0
1485.0
1302.0
1063.5
1630.5
1057.5
1242.0
1414.5
532.5
193.5
642.0
1420.5
1506.0
1143.0
816.0
1530.0
1696.5
1426.5
577.5
1668.0
1765.5
1275.0
519.0
1791.0
409.5
1156.5
754.5
979.5
1638.0
1483.5
805.5
1722.0
949.5
772.5
1603.5
1075.5
316.5
1158.0
306.0
1308.0
246.0
120.0
967.5
642.0
1602.0
727.5
820.5
1492.5
1551.0
1581.0
1662.0
588.0
514.5
294.0
1186.5
658.5
717.0
309.0
1396.5
399.0
1120.5
624.0
996.0
1320.0
1611.0
984.0
67.5
183.0
409.5
433.5
879.0
1086.0
1552.5
1029.0
1060.5
834.0
823.5
1579.5
1488.0
1557.0
270.0
705.0
1039.5
1389.0
1060.5
714.0
1315.5
1566.0
1396.5
921.0
1591.5
1318.5
1186.5
334.5
1038.0
798.0
847.5
1113.0
1221.0
1365.0
472.5
1267.5
1183.5
664.5
639.0
1305.0
1555.5
1456.5
1119.0
1392.0
831.0
616.5
1392.0
1657.5
1516.5
417.0
1225.5
1624.5
936.0
867.0
1140.0
1558.5
1317.0
1519.5
1062.0
750.0
1210.5
171.0
1392.0
711.0
1510.5
1693.5
490.5
481.5
1399.5
1369.5
358.5
930.0
1329.0
1107.0
1482.0
1464.0
1591.5
1455.0
1555.5
286.5
1489.5
1495.5
1360.5
457.5
1707.0
1486.5
354.0
712.5
528.0
1287.0
1479.0
186.0
838.5
1504.5
1120.5
1723.5
1275.0
1849.5
1623.0
1701.0
1507.5
1513.5
1341.0
1434.0
1461.0
1465.5
948.0
1071.0
1617.0
1453.5
1099.5
1419.0
366.0
972.0
637.5
444.0
334.5
1834.5
1386.0
1108.5
1375.5
1404.0
1456.5
1309.5
1462.5
1564.5
1455.0
1497.0
759.0
568.5
1264.5
1569.0
1576.5
826.5
1614.0
880.5
1375.5
1444.5
1443.0
1057.5
151.5
253.5
87.0
1347.0
460.5
979.5
117.0
1116.0
1287.0
1488.0
1477.5
381.0
565.5
295.5
531.0
1513.5
901.5
1059.0
1573.5
1017.0
729.0
1219.5
816.0
1153.5
432.0
1797.0
1071.0
622.5
1218.0
184.5
1353.0
1834.5
1417.5
1017.0
403.5
1435.5
1149.0
1074.0
711.0
1561.5
1347.0
1465.5
1380.0
1767.0
1207.5
1221.0
294.0
897.0
1023.0
1239.0
660.0
769.5
1000.5
706.5
1753.5
1596.0
300.0
1431.0
1357.5
1575.0
1158.0
1531.5
768.0
232.5
1552.5
1479.0
1275.0
573.0
1245.0
1717.5
501.0
1477.5
1545.0
588.0
1500.0
1393.5
1584.0
1612.5
1377.0
667.5
1603.5
1597.5
1660.5
1584.0
496.5
828.0
871.5
702.0
1143.0
798.0
399.0
1401.0
922.5
1036.5
1011.0
1611.0
1161.0
1653.0
1449.0
1455.0
1075.5
1215.0
1065.0
1105.5
1480.5
1204.5
220.5
1080.0
867.0
1564.5
931.5
1710.0
933.0
916.5
510.0
1399.5
1789.5
1227.0
1488.0
1576.5
1722.0
1740.0
664.5
513.0
1350.0
1438.5
1701.0
1347.0
1255.5
54.0
1254.0
387.0
1498.5
1681.5
1266.0
994.5
772.5
1513.5
847.5
1558.5
1617.0
931.5
1426.5
1597.5
1606.5
1572.0
1003.5
1557.0
1645.5
928.5
1221.0
1603.5
1267.5
1395.0
562.5
346.5
556.5
381.0
1153.5
322.5
1674.0
1110.0
708.0
1603.5
676.5
1599.0
1620.0
1746.0
1206.0
1218.0
1240.5
1213.5
790.5
1477.5
1614.0
1287.0
976.5
1603.5
1344.0
1689.0
975.0
55.5
1287.0
1227.0
582.0
915.0
136.5
1206.0
487.5
1587.0
424.5
1432.5
1452.0
1243.5
460.5
735.0
1267.5
624.0
907.5
1144.5
936.0
907.5
1687.5
1552.5
1363.5
1296.0
52.5
259.5
544.5
1047.0
1288.5
1435.5
1743.0
567.0
1621.5
1561.5
1152.0
1683.0
1683.0
1543.5
1159.5
1416.0
1705.5
822.0
1575.0
1419.0
1345.5
1282.5
1135.5
1369.5
1306.5
1086.0
972.0
651.0
475.5
1176.0
1123.5
1542.0
544.5
1405.5
1471.5
1413.0
1419.0
664.5
1375.5
1360.5
1657.5
1476.0
252.0
1699.5
1312.5
367.5
1206.0
1330.5
1632.0
235.5
277.5
519.0
1020.0
1314.0
1182.0
1656.0
442.5
840.0
538.5
898.5
1150.5
1168.5
1516.5
625.5
478.5
136.5
1528.5
736.5
513.0
1372.5
1741.5
1488.0
1377.0
1651.5
1003.5
1173.0
693.0
1620.0
472.5
843.0
708.0
1737.0
645.0
1654.5
1521.0
721.5
1714.5
1774.5
1528.5
516.0
1318.5
1281.0
1137.0
1036.5
1552.5
886.5
619.5
1048.5
871.5
1593.0
1177.5
771.0
271.5
984.0
1534.5
871.5
1728.0
1240.5
1630.5
994.5
1359.0
1363.5
1765.5
1471.5
1276.5
289.5
1471.5
1242.0
375.0
402.0
1069.5
1402.5
985.5
1090.5
834.0
1279.5
1036.5
1453.5
1438.5
441.0
504.0
1057.5
559.5
468.0
1788.0
1686.0
1110.0
190.5
630.0
648.0
1075.5
720.0
1054.5
1287.0
1183.5
1537.5
970.5
306.0
1488.0
1488.0
1335.0
1354.5
406.5
1836.0
856.5
1438.5
748.5
1216.5
1440.0
699.0
1437.0
1698.0
1539.0
403.5
1143.0
1542.0
1680.0
1494.0
1024.5
1531.5
1827.0
1114.5
852.0
1081.5
340.5
840.0
751.5
430.5
325.5
1366.5
399.0
1203.0
1605.0
609.0
1701.0
1189.5
1708.5
706.5
1023.0
801.0
957.0
1078.5
1350.0
859.5
1014.0
1009.5
111.0
1951.5
978.0
1428.0
1677.0
1087.5
214.5
964.5
463.5
699.0
1711.5
730.5
672.0
943.5
82.5
1528.5
372.0
606.0
637.5
331.5
901.5
706.5
1437.0
1758.0
112.5
1267.5
1119.0
1741.5
1335.0
1104.0
1101.0
1636.5
1516.5
1639.5
1405.5
991.5
642.0
1272.0
1426.5
1623.0
1123.5
1363.5
759.0
1312.5
447.0
567.0
927.0
1444.5
582.0
1644.0
561.0
1486.5
540.0
1297.5
1057.5
298.5
213.0
385.5
1701.0
1242.0
931.5
381.0
217.5
1692.0
745.5
471.0
1230.0
927.0
1548.0
660.0
1608.0
336.0
390.0
1354.5
1384.5
1551.0
1156.5
1711.5
231.0
1309.5
1590.0
1540.5
705.0
1641.0
1531.5
1783.5
837.0
1257.0
366.0
1152.0
1447.5
693.0
1285.5
1599.0
1746.0
1662.0
1095.0
1809.0
1327.5
915.0
1825.5
445.5
193.5
376.5
1315.5
1617.0
1737.0
1719.0
1245.0
1005.0
1639.5
1335.0
1069.5
1525.5
1666.5
1273.5
93.0
895.5
1425.0
1564.5
1450.5
1143.0
1138.5
1222.5
1591.5
1174.5
1072.5
1473.0
1096.5
1551.0
978.0
1018.5
1552.5
649.5
981.0
1749.0
1483.5
1503.0
1255.5
799.5
873.0
616.5
846.0
595.5
1318.5
181.5
1338.0
969.0
1282.5
1365.0
1420.5
1626.0
1515.0
576.0
697.5
735.0
445.5
495.0
517.5
673.5
1485.0
756.0
1077.0
1114.5
1045.5
1792.5
1566.0
780.0
1074.0
678.0
1389.0
1350.0
1731.0
1612.5
1657.5
747.0
571.5
1504.5
279.0
1189.5
1498.5
1296.0
1497.0
1297.5
390.0
1480.5
1573.5
1060.5
852.0
1479.0
439.5
891.0
1486.5
1402.5
696.0
697.5
790.5
1059.0
1099.5
1417.5
459.0
1636.5
325.5
138.0
1462.5
1684.5
1135.5
265.5
466.5
1135.5
397.5
1474.5
1624.5
1693.5
375.0
652.5
1440.0
1599.0
453.0
1278.0
1323.0
1422.0
1728.0
486.0
1378.5
1536.0
894.0
250.5
1489.5
7.5
507.0
870.0
1248.0
769.5
1665.0
949.5
160.5
336.0
885.0
1258.5
780.0
211.5
1716.0
865.5
352.5
1170.0
945.0
954.0
1044.0
1149.0
1723.5
219.0
1549.5
328.5
1123.5
567.0
1180.5
1692.0
1806.0
193.5
1008.0
313.5
634.5
1465.5
1534.5
790.5
603.0
58.5
465.0
1380.0
1456.5
1581.0
1087.5
792.0
967.5
690.0
796.5
1191.0
604.5
1597.5
1101.0
1261.5
277.5
1224.0
1218.0
624.0
1329.0
793.5
1567.5
1344.0
1630.5
1444.5
1675.5
1114.5
1665.0
199.5
945.0
840.0
1522.5
1425.0
717.0
1596.0
985.5
1699.5
282.0
1656.0
1386.0
243.0
1458.0
445.5
1209.0
690.0
1330.5
1627.5
1336.5
1369.5
1603.5
612.0
1492.5
1230.0
267.0
1233.0
286.5
1489.5
1021.5
787.5
1881.0
1123.5
1572.0
957.0
1533.0
970.5
1293.0
594.0
237.0
112.5
1717.5
1014.0
1849.5
1414.5
408.0
568.5
1021.5
1365.0
1077.0
1540.5
841.5
238.5
1410.0
1426.5
295.5
1167.0
889.5
978.0
928.5
1419.0
625.5
1096.5
595.5
486.0
1441.5
1479.0
1543.5
1624.5
568.5
1051.5
552.0
706.5
1029.0
1044.0
1462.5
1039.5
1350.0
1497.0
1461.0
1378.5
1563.0
933.0
841.5
1608.0
1062.0
741.0
198.0
1323.0
171.0
1531.5
1168.5
538.5
1608.0
1671.0
775.5
534.0
1477.5
879.0
276.0
444.0
403.5
892.5
1663.5
1650.0
996.0
1692.0
231.0
826.5
580.5
1203.0
1540.5
1236.0
970.5
246.0
1627.5
745.5
970.5
793.5
1399.5
898.5
306.0
1416.0
114.0
576.0
1246.5
861.0
1710.0
1102.5
1477.5
1284.0
1456.5
357.0
1717.5
1426.5
1558.5
1384.5
1599.0
1753.5
1104.0
649.5
1164.0
427.5
1053.0
1206.0
376.5
631.5
1326.0
466.5
1315.5
1366.5
847.5
558.0
1389.0
258.0
646.5
706.5
1410.0
1750.5
312.0
1756.5
1293.0
1245.0
1591.5
1243.5
1185.0
1414.5
756.0
1509.0
963.0
1077.0
1018.5
1501.5
733.5
1209.0
1194.0
1516.5
1098.0
1699.5
979.5
423.0
1036.5
1207.5
1516.5
457.5
1590.0
1632.0
420.0
1491.0
463.5
1455.0
1296.0
1560.0
1546.5
1306.5
1345.5
1348.5
1147.5
1641.0
1104.0
1740.0
1530.0
1414.5
1153.5
1114.5
1405.5
1129.5
1603.5
1513.5
1213.5
388.5
193.5
1131.0
1735.5
306.0
1474.5
735.0
655.5
1752.0
615.0
1777.5
1437.0
232.5
250.5
1000.5
1551.0
1830.0
1449.0
375.0
1531.5
1026.0
1188.0
825.0
1023.0
1209.0
630.0
1612.5
1762.5
1095.0
1515.0
1695.0
996.0
1119.0
1210.5
628.5
565.5
276.0
1461.0
1729.5
1365.0
594.0
1806.0
1359.0
1395.0
1594.5
1300.5
903.0
1699.5
1806.0
1158.0
1524.0
1629.0
1332.0
1030.5
1681.5
831.0
900.0
1396.5
577.5
588.0
1299.0
981.0
901.5
364.5
1299.0
1171.5
1686.0
463.5
1215.0
1480.5
1263.0
1507.5
1372.5
825.0
1156.5
1786.5
1801.5
1278.0
1609.5
835.5
120.0
1354.5
660.0
999.0
1822.5
1519.5
1540.5
1819.5
763.5
1465.5
759.0
1536.0
1396.5
1428.0
1147.5
1071.0
763.5
1425.0
1026.0
1623.0
216.0
376.5
802.5
385.5
1461.0
1074.0
1414.5
570.0
1531.5
1557.0
1654.5
1546.5
210.0
1380.0
1500.0
1677.0
792.0
660.0
1558.5
1858.5
1795.5
1482.0
1552.5
1201.5
429.0
184.5
496.5
537.0
1723.5
1581.0
1341.0
1591.5
1189.5
735.0
886.5
1381.5
1105.5
1278.0
1332.0
1519.5
721.5
495.0
736.5
394.5
588.0
1137.0
777.0
1132.5
697.5
412.5
1545.0
1336.5
1698.0
1507.5
1590.0
796.5
343.5
1575.0
366.0
1075.5
1654.5
1299.0
90.0
1539.0
1210.5
1150.5
1548.0
1036.5
609.0
1597.5
1623.0
1552.5
321.0
1407.0
436.5
355.5
1186.5
1119.0
1567.5
1258.5
1548.0
733.5
592.5
999.0
550.5
1359.0
1237.5
1215.0
1479.0
1491.0
583.5
1734.0
1914.0
979.5
1155.0
1165.5
1482.0
1489.5
1438.5
1224.0
1203.0
979.5
217.5
1171.5
1254.0
1377.0
1357.5
1299.0
876.0
580.5
177.0
358.5
1479.0
1255.5
687.0
1458.0
697.5
1659.0
1591.5
1203.0
966.0
1735.5
864.0
1411.5
894.0
1581.0
760.5
1314.0
1339.5
1164.0
678.0
1083.0
1042.5
1798.5
1387.5
1267.5
940.5
1129.5
1447.5
477.0
604.5
1038.0
1494.0
1194.0
1213.5
1137.0
1096.5
1036.5
1885.5
1285.5
562.5
1729.5
354.0
1284.0
930.0
1573.5
513.0
1054.5
997.5
271.5
1263.0
453.0
1339.5
1312.5
1240.5
813.0
304.5
808.5
1446.0
1378.5
216.0
192.0
1281.0
1470.0
1414.5
1396.5
1225.5
1167.0
1494.0
517.5
1171.5
1591.5
1519.5
561.0
1593.0
1414.5
1467.0
1752.0
300.0
1083.0
1716.0
1296.0
1432.5
1666.5
1576.5
1119.0
547.5
526.5
1513.5
1428.0
1047.0
1222.5
312.0
1108.5
670.5
1093.5
1339.5
1038.0
1476.0
928.5
1068.0
1392.0
1746.0
558.0
1128.0
865.5
496.5
1330.5
1783.5
801.0
760.5
1378.5
1620.0
1429.5
1108.5
1230.0
1335.0
1203.0
972.0
1614.0
678.0
1635.0
1504.5
415.5
1105.5
1687.5
1419.0
1560.0
1609.5
1426.5
388.5
906.0
1309.5
481.5
549.0
1359.0
1048.5
1576.5
699.0
579.0
715.5
1237.5
445.5
1554.0
1659.0
1504.5
844.5
853.5
1618.5
913.5
1501.5
193.5
619.5
1005.0
210.0
786.0
1780.5
555.0
1603.5
786.0
541.5
1626.0
1041.0
301.5
793.5
1281.0
606.0
1605.0
786.0
1675.5
1015.5
594.0
1371.0
1311.0
1243.5
1569.0
1590.0
1704.0
1438.5
1338.0
1090.5
499.5
871.5
70.5
1398.0
1380.0
663.0
1599.0
1576.5
1221.0
810.0
562.5
670.5
1330.5
208.5
1591.5
1582.5
505.5
856.5
183.0
1476.0
702.0
1323.0
1098.0
420.0
1044.0
696.0
291.0
1570.5
1389.0
289.5
432.0
1345.5
1435.5
1734.0
1195.5
1362.0
1762.5
234.0
831.0
1125.0
780.0
1177.5
1119.0
1524.0
501.0
1390.5
1230.0
1069.5
900.0
652.5
1000.5
433.5
1602.0
793.5
673.5
1507.5
999.0
649.5
511.5
1095.0
1689.0
1770.0
292.5
1338.0
1354.5
843.0
1518.0
1209.0
1435.5
1596.0
315.0
895.5
1162.5
652.5
895.5
1612.5
886.5
657.0
1597.5
1609.5
1567.5
798.0
1002.0
937.5
1671.0
1335.0
1552.5
799.5
1408.5
1608.0
177.0
1017.0
1404.0
1434.0
1213.5
699.0
1662.0
1135.5
472.5
1381.5
1488.0
585.0
1243.5
414.0
1336.5
1531.5
454.5
1467.0
369.0
525.0
1348.5
274.5
409.5
1489.5
1329.0
570.0
360.0
364.5
1378.5
1449.0
1507.5
1564.5
823.5
1006.5
1441.5
1738.5
1333.5
1707.0
366.0
1489.5
1215.0
1570.5
289.5
670.5
828.0
889.5
559.5
1621.5
1486.5
522.0
1462.5
1618.5
1608.0
1047.0
1195.5
1833.0
1317.0
1150.5
522.0
1695.0
1036.5
1831.5
1009.5
796.5
514.5
1467.0
447.0
1345.5
541.5
1383.0
1623.0
1125.0
1192.5
1261.5
636.0
193.5
1222.5
1125.0
1659.0
1311.0
1441.5
1624.5
1300.5
826.5
1530.0
600.0
1392.0
1350.0
1536.0
993.0
226.5
1276.5
780.0
406.5
876.0
705.0
1620.0
207.0
693.0
153.0
1684.5
1528.5
583.5
334.5
1311.0
643.5
1761.0
1231.5
286.5
666.0
1192.5
1186.5
1537.5
1450.5
1765.5
1197.0
711.0
483.0
952.5
1353.0
777.0
1323.0
858.0
1423.5
1120.5
1668.0
1246.5
1483.5
1224.0
1428.0
229.5
489.0
355.5
1219.5
763.5
1765.5
456.0
838.5
1575.0
846.0
1270.5
1519.5
1590.0
1135.5
694.5
744.0
1365.0
1150.5
841.5
666.0
1782.0
1767.0
1194.0
741.0
739.5
60.0
1359.0
1218.0
925.5
913.5
568.5
1392.0
493.5
466.5
1707.0
684.0
1177.5
663.0
669.0
1018.5
1347.0
1324.5
1239.0
483.0
760.5
433.5
1443.0
1230.0
493.5
456.0
871.5
1173.0
453.0
1171.5
802.5
754.5
1741.5
588.0
1123.5
313.5
261.0
781.5
1651.5
1101.0
864.0
243.0
1135.5
1377.0
1093.5
354.0
543.0
831.0
961.5
352.5
1512.0
1297.5
300.0
720.0
1107.0
244.5
250.5
558.0
1420.5
1267.5
994.5
1003.5
889.5
976.5
924.0
1486.5
1549.5
1198.5
1542.0
1819.5
1003.5
1605.0
1005.0
829.5
568.5
1257.0
1209.0
1518.0
1384.5
609.0
717.0
1158.0
1078.5
1809.0
709.5
1753.5
1539.0
1578.0
1804.5
766.5
691.5
1125.0
1122.0
1707.0
1126.5
774.0
1545.0
409.5
1348.5
631.5
1512.0
1122.0
1551.0
1747.5
247.5
1380.0
1515.0
472.5
358.5
835.5
966.0
1291.5
994.5
1279.5
1453.5
963.0
1422.0
1413.0
367.5
1095.0
867.0
414.0
427.5
1189.5
1245.0
1216.5
1585.5
1141.5
1060.5
1671.0
1623.0
849.0
1557.0
1153.5
1159.5
1266.0
1635.0
229.5
1570.5
1477.5
970.5
1468.5
709.5
1320.0
1479.0
564.0
1138.5
1456.5
1159.5
153.0
634.5
763.5
1459.5
1824.0
219.0
1060.5
1579.5
586.5
817.5
1410.0
978.0
1245.0
732.0
1543.5
1404.0
1099.5
1167.0
484.5
463.5
1600.5
442.5
1552.5
1384.5
1188.0
688.5
1695.0
1059.0
1485.0
1788.0
1692.0
1230.0
663.0
939.0
1183.5
1795.5
1515.0
577.5
819.0
1638.0
1513.5
1398.0
1501.5
1074.0
102.0
1695.0
229.5
1503.0
652.5
1150.5
1210.5
1644.0
793.5
561.0
1522.5
1378.5
1804.5
691.5
802.5
477.0
900.0
1593.0
1651.5
1461.0
547.5
1020.0
1200.0
1666.5
1159.5
324.0
1617.0
1842.0
1083.0
1531.5
1603.5
1741.5
1821.0
1731.0
1153.5
442.5
1515.0
1074.0
891.0
912.0
336.0
1335.0
1375.5
156.0
838.5
460.5
394.5
1659.0
736.5
154.5
579.0
1557.0
1060.5
487.5
336.0
1450.5
478.5
796.5
1870.5
1149.0
294.0
855.0
799.5
1621.5
1429.5
1068.0
1506.0
1708.5
865.5
1672.5
1668.0
1252.5
1453.5
1360.5
1155.0
1183.5
1515.0
1624.5
591.0
1419.0
1155.0
429.0
702.0
1123.5
559.5
1638.0
1648.5
1674.0
324.0
934.5
1731.0
1570.5
1500.0
1701.0
1389.0
1590.0
1287.0
1827.0
1389.0
1447.5
1609.5
481.5
493.5
1798.5
1864.5
736.5
619.5
798.0
1293.0
249.0
724.5
1405.5
1528.5
436.5
822.0
448.5
1516.5
1096.5
877.5
676.5
696.0
1527.0
1143.0
1323.0
1309.5
1356.0
1641.0
663.0
492.0
1546.5
769.5
513.0
1071.0
1194.0
943.5
1479.0
1515.0
1303.5
1344.0
400.5
1263.0
219.0
1369.5
1570.5
1639.5
259.5
1131.0
1479.0
1260.0
238.5
1104.0
1617.0
1261.5
1627.5
796.5
1210.5
1332.0
1167.0
556.5
1311.0
1093.5
1710.0
1644.0
1533.0
1224.0
1399.5
1434.0
342.0
472.5
1320.0
1249.5
931.5
1674.0
1750.5
1650.0
1705.5
532.5
1816.5
1032.0
1438.5
457.5
381.0
469.5
969.0
1360.5
460.5
1758.0
1293.0
876.0
1110.0
1618.5
1669.5
1533.0
1479.0
1411.5
1756.5
1695.0
1026.0
444.0
1488.0
274.5
766.5
1549.5
973.5
1359.0
1117.5
829.5
1569.0
847.5
1626.0
1413.0
262.5
1521.0
618.0
1585.5
1383.0
1191.0
1705.5
1708.5
1300.5
1515.0
592.5
1606.5
1669.5
1851.0
1723.5
1587.0
256.5
652.5
1465.5
1176.0
1090.5
1197.0
222.0
1080.0
1531.5
1044.0
51.0
480.0
517.5
1578.0
1117.5
423.0
1126.5
406.5
1183.5
1579.5
873.0
1209.0
952.5
501.0
1251.0
1393.5
1512.0
1741.5
1270.5
973.5
1674.0
714.0
1650.0
1291.5
190.5
712.5
336.0
1581.0
1167.0
1053.0
1777.5
909.0
1393.5
1153.5
781.5
1015.5
507.0
1435.5
888.0
1056.0
1092.0
828.0
1497.0
1683.0
1263.0
1659.0
855.0
313.5
1545.0
1363.5
645.0
189.0
1386.0
909.0
1423.5
1459.5
1393.5
483.0
286.5
1269.0
1003.5
724.5
696.0
1099.5
1795.5
1195.5
433.5
1029.0
766.5
1341.0
1546.5
1344.0
1218.0
1368.0
900.0
1093.5
1378.5
649.5
159.0
330.0
315.0
244.5
1569.0
570.0
1339.5
1822.5
1290.0
342.0
1626.0
699.0
696.0
1756.5
1587.0
1456.5
1665.0
1623.0
1540.5
1438.5
1345.5
1666.5
1326.0
459.0
1198.5
1534.5
1365.0
1644.0
319.5
1432.5
921.0
187.5
1497.0
879.0
1189.5
1227.0
1423.5
726.0
1305.0
1623.0
619.5
1458.0
1369.5
1081.5
994.5
1207.5
808.5
657.0
1152.0
900.0
1648.5
1129.5
1873.5
1444.5
597.0
238.5
1386.0
1615.5
945.0
1606.5
1387.5
1074.0
946.5
106.5
886.5
1603.5
1590.0
930.0
1248.0
1330.5
1405.5
454.5
597.0
468.0
475.5
249.0
1530.0
1662.0
559.5
1378.5
814.5
723.0
663.0
873.0
709.5
1408.5
1558.5
1542.0
1708.5
526.5
672.0
175.5
483.0
1633.5
1476.0
1651.5
1735.5
990.0
775.5
1371.0
1054.5
1713.0
1692.0
1473.0
217.5
898.5
928.5
1782.0
1656.0
1516.5
1029.0
1353.0
1642.5
528.0
493.5
1555.5
865.5
1344.0
1005.0
1075.5
1564.5
1500.0
1035.0
1798.5
493.5
1483.5
736.5
213.0
1762.5
1191.0
1461.0
1321.5
1012.5
1341.0
1198.5
663.0
558.0
1396.5
1237.5
919.5
1234.5
1395.0
1374.0
247.5
634.5
1354.5
909.0
846.0
1275.0
337.5
895.5
1162.5
369.0
826.5
303.0
1644.0
1201.5
1345.5
1467.0
1143.0
1296.0
1377.0
462.0
1549.5
430.5
1564.5
1476.0
1161.0
1438.5
1431.0
1618.5
1182.0
816.0
580.5
1464.0
1374.0
1614.0
1798.5
894.0
1611.0
1194.0
1264.5
925.5
1248.0
1177.5
1104.0
1114.5
580.5
1510.5
1620.0
1593.0
1614.0
1713.0
1450.5
363.0
1135.5
628.5
1587.0
1629.0
351.0
678.0
1497.0
438.0
645.0
1620.0
1336.5
765.0
304.5
423.0
1477.5
885.0
1465.5
1402.5
438.0
693.0
1348.5
1459.5
1674.0
1495.5
714.0
1597.5
924.0
1393.5
996.0
1132.5
1446.0
429.0
130.5
1071.0
195.0
931.5
1380.0
193.5
1659.0
1348.5
808.5
919.5
192.0
637.5
919.5
715.5
759.0
1104.0
1057.5
439.5
573.0
1281.0
1348.5
1276.5
235.5
72.0
1198.5
1689.0
1198.5
1753.5
48.0
772.5
1524.0
1248.0
1270.5
1545.0
1530.0
399.0
924.0
1510.5
661.5
1461.0
1431.0
1261.5
1449.0
792.0
192.0
1659.0
1197.0
318.0
1128.0
862.5
1480.5
307.5
1174.5
901.5
1111.5
468.0
886.5
1798.5
1084.5
1071.0
1740.0
1345.5
1677.0
1353.0
1440.0
1027.5
504.0
1435.5
1437.0
1035.0
744.0
198.0
1326.0
871.5
996.0
1561.5
772.5
1197.0
1243.5
873.0
477.0
1432.5
1188.0
822.0
904.5
670.5
1311.0
1591.5
1686.0
144.0
226.5
1464.0
1657.5
877.5
903.0
1308.0
1512.0
1458.0
985.5
1030.5
526.5
1738.5
1495.5
856.5
1630.5
1689.0
1225.5
1254.0
318.0
1284.0
1365.0
1104.0
129.0
1452.0
1351.5
1764.0
1401.0
726.0
222.0
1699.5
471.0
478.5
871.5
805.5
1450.5
412.5
1224.0
507.0
972.0
607.5
169.5
268.5
1111.5
952.5
1138.5
1333.5
381.0
1155.0
1431.0
1738.5
631.5
751.5
819.0
562.5
906.0
1291.5
1272.0
1608.0
805.5
1279.5
1777.5
361.5
1761.0
1174.5
1462.5
273.0
871.5
1077.0
1561.5
999.0
1612.5
1383.0
996.0
658.5
1326.0
1435.5
1060.5
169.5
276.0
570.0
993.0
1356.0
1732.5
258.0
1503.0
1612.5
1651.5
999.0
1213.5
735.0
1677.0
748.5
1705.5
1440.0
934.5
999.0
789.0
960.0
567.0
601.5
1066.5
1458.0
909.0
1026.0
1378.5
963.0
1359.0
1096.5
868.5
865.5
1666.5
1477.5
942.0
832.5
1647.0
304.5
1621.5
1198.5
1329.0
1189.5
1354.5
1539.0
1525.5
234.0
1350.0
1353.0
1462.5
757.5
702.0
1273.5
1390.5
1569.0
1258.5
981.0
1552.5
1516.5
1429.5
1041.0
1602.0
1708.5
1239.0
913.5
1102.5
1527.0
979.5
528.0
618.0
502.5
1513.5
1764.0
1260.0
1717.5
1171.5
1372.5
1081.5
1252.5
1287.0
1698.0
1257.0
1375.5
1483.5
1071.0
1186.5
1558.5
1174.5
1744.5
1438.5
1464.0
1035.0
1243.5
798.0
778.5
459.0
495.0
919.5
298.5
1354.5
1342.5
1504.5
1734.0
1422.0
1107.0
252.0
897.0
414.0
1275.0
886.5
1666.5
1758.0
550.5
681.0
1842.0
1252.5
1788.0
1066.5
177.0
606.0
298.5
1066.5
1608.0
529.5
526.5
568.5
967.5
1224.0
1026.0
582.0
1057.5
687.0
883.5
1654.5
334.5
1269.0
1392.0
964.5
292.5
442.5
1023.0
835.5
988.5
799.5
228.0
981.0
1357.5
1473.0
817.5
1104.0
1642.5
1558.5
966.0
1623.0
1516.5
772.5
141.0
1197.0
1506.0
204.0
1042.5
868.5
1186.5
975.0
607.5
1231.5
1644.0
1441.5
1242.0
1102.5
1165.5
999.0
664.5
1306.5
153.0
1293.0
1270.5
552.0
1260.0
442.5
300.0
1033.5
585.0
1240.5
1423.5
1420.5
1602.0
1621.5
744.0
516.0
1450.5
130.5
232.5
1053.0
1290.0
1564.5
856.5
1410.0
1485.0
997.5
258.0
1483.5
1566.0
1600.5
957.0
429.0
1137.0
1483.5
1741.5
1717.5
1410.0
385.5
1236.0
969.0
1047.0
1246.5
1516.5
807.0
207.0
1507.5
993.0
1480.5
1060.5
1069.5
1236.0
348.0
1555.5
252.0
579.0
484.5
1372.5
703.5
631.5
189.0
816.0
1777.5
667.5
658.5
1498.5
621.0
1495.5
432.0
675.0
346.5
1684.5
378.0
1354.5
625.5
1612.5
1747.5
1080.0
1753.5
1578.0
1320.0
1386.0
861.0
400.5
1126.5
1413.0
1035.0
802.5
1294.5
1011.0
615.0
1456.5
786.0
1306.5
1498.5
1408.5
1581.0
1131.0
912.0
879.0
1287.0
1524.0
1129.5
702.0
1660.5
1360.5
298.5
1471.5
1758.0
1074.0
1635.0
1467.0
1522.5
241.5
999.0
1585.5
79.5
1447.5
1162.5
1212.0
154.5
1498.5
387.0
1287.0
952.5
1617.0
606.0
135.0
1153.5
1309.5
679.5
721.5
1588.5
534.0
1284.0
694.5
1326.0
1450.5
199.5
859.5
1047.0
454.5
405.0
1380.0
1447.5
1686.0
1720.5
733.5
1528.5
1014.0
232.5
1773.0
724.5
885.0
1090.5
1252.5
1714.5
1465.5
963.0
888.0
1753.5
616.5
721.5
1456.5
1224.0
1657.5
1665.0
759.0
1062.0
1465.5
1470.0
1657.5
1564.5
1798.5
307.5
1284.0
958.5
1645.5
586.5
1156.5
1291.5
1333.5
834.0
1675.5
1729.5
700.5
784.5
934.5
1695.0
1549.5
1405.5
1161.0
1414.5
930.0
1309.5
874.5
153.0
1458.0
1579.5
1366.5
936.0
1443.0
1678.5
1243.5
1830.0
664.5
649.5
1303.5
834.0
1468.5
129.0
1318.5
156.0
1764.0
817.5
351.0
954.0
1443.0
528.0
312.0
393.0
1527.0
1329.0
334.5
1503.0
603.0
577.5
1638.0
1480.5
1224.0
1746.0
1135.5
1252.5
1092.0
1545.0
1497.0
1366.5
462.0
553.5
1654.5
577.5
1047.0
1365.0
1731.0
513.0
1500.0
517.5
1039.5
295.5
229.5
820.5
1738.5
1711.5
400.5
892.5
1350.0
1432.5
1023.0
600.0
1396.5
918.0
1776.0
1513.5
295.5
1326.0
567.0
880.5
465.0
1206.0
376.5
883.5
598.5
850.5
1878.0
1372.5
1392.0
1597.5
1071.0
580.5
717.0
979.5
798.0
955.5
1030.5
729.0
841.5
1489.5
1323.0
844.5
276.0
1497.0
1215.0
1552.5
1359.0
1080.0
1800.0
1059.0
246.0
1201.5
1383.0
1464.0
1126.5
375.0
735.0
940.5
822.0
1650.0
1584.0
1666.5
1531.5
1200.0
264.0
403.5
1522.5
1666.5
1453.5
1662.0
610.5
1185.0
399.0
1473.0
132.0
1407.0
1146.0
1600.5
1714.5
213.0
1548.0
1326.0
1723.5
735.0
657.0
1638.0
1579.5
1342.5
1248.0
1273.5
1387.5
657.0
870.0
351.0
1116.0
1818.0
633.0
1236.0
1278.0
1470.0
1614.0
849.0
631.5
1189.5
267.0
1612.5
1396.5
1750.5
1506.0
1285.5
1218.0
909.0
1186.5
1233.0
1536.0
1230.0
1555.5
88.5
621.0
675.0
816.0
1260.0
1504.5
1218.0
1279.5
1594.5
1573.5
1611.0
592.5
1173.0
1350.0
1312.5
943.5
655.5
1008.0
1615.5
1161.0
1336.5
972.0
609.0
1473.0
513.0
1411.5
1249.5
451.5
888.0
1120.5
723.0
1555.5
1864.5
1117.5
990.0
1573.5
1428.0
376.5
397.5
534.0
639.0
1698.0
744.0
891.0
1477.5
1246.5
1423.5
936.0
1821.0
1416.0
1632.0
1318.5
1609.5
1266.0
1333.5
475.5
1431.0
883.5
1063.5
1438.5
1167.0
418.5
903.0
1318.5
1582.5
873.0
787.5
1305.0
1407.0
1467.0
781.5
1066.5
936.0
1605.0
339.0
1639.5
1062.0
1839.0
1473.0
1158.0
1062.0
1806.0
1404.0
826.5
712.5
1302.0
493.5
1428.0
1590.0
1593.0
1317.0
1516.5
193.5
1735.5
802.5
1738.5
1422.0
1014.0
942.0
1387.5
1534.5
756.0
130.5
1390.5
460.5
603.0
1716.0
618.0
285.0
1536.0
1639.5
690.0
1438.5
1806.0
420.0
1566.0
1459.5
1177.5
1618.5
882.0
1434.0
1719.0
1513.5
1108.5
1486.5
750.0
952.5
1249.5
433.5
150.0
924.0
687.0
1498.5
1173.0
1548.0
669.0
237.0
294.0
1336.5
508.5
1600.5
349.5
565.5
1674.0
970.5
867.0
1182.0
1105.5
1015.5
700.5
1681.5
1258.5
1137.0
1656.0
232.5
844.5
1084.5
1842.0
978.0
1510.5
1387.5
1236.0
915.0
1311.0
189.0
1384.5
1461.0
1386.0
1618.5
153.0
412.5
111.0
1053.0
1710.0
1521.0
1389.0
928.5
754.5
954.0
1222.5
1299.0
501.0
868.5
430.5
1024.5
619.5
370.5
321.0
1522.5
1462.5
1198.5
1333.5
1627.5
1641.0
711.0
1531.5
472.5
531.0
1384.5
1564.5
280.5
1093.5
358.5
1198.5
1413.0
1344.0
1377.0
744.0
465.0
709.5
807.0
397.5
825.0
1482.0
457.5
1840.5
1590.0
808.5
1575.0
1417.5
1459.5
571.5
1237.5
1077.0
712.5
1015.5
958.5
1299.0
819.0
1504.5
846.0
808.5
1195.5
1731.0
822.0
121.5
487.5
1533.0
1249.5
1611.0
1447.5
1327.5
709.5
886.5
1251.0
657.0
987.0
1269.0
970.5
1039.5
1284.0
399.0
1473.0
88.5
975.0
1677.0
634.5
808.5
904.5
1623.0
874.5
468.0
760.5
435.0
600.0
1705.5
418.5
1173.0
1203.0
313.5
214.5
1251.0
631.5
1407.0
1380.0
1429.5
504.0
1009.5
1801.5
151.5
972.0
1237.5
361.5
600.0
1615.5
1539.0
585.0
1062.0
153.0
1195.5
1411.5
1669.5
1357.5
586.5
454.5
637.5
891.0
271.5
1494.0
1605.0
1009.5
1246.5
996.0
1356.0
1446.0
1314.0
1114.5
1573.5
408.0
762.0
493.5
1269.0
1369.5
787.5
865.5
456.0
1563.0
648.0
1578.0
615.0
1368.0
850.5
1399.5
1380.0
1003.5
1509.0
400.5
1447.5
1227.0
1185.0
1090.5
1216.5
957.0
421.5
732.0
564.0
1227.0
1413.0
1645.5
1354.5
1521.0
1569.0
1041.0
1257.0
1278.0
694.5
834.0
1420.5
1780.5
1828.5
1105.5
1434.0
1561.5
1366.5
1176.0
1477.5
1369.5
1269.0
240.0
1002.0
1290.0
334.5
1777.5
1426.5
1158.0
1044.0
313.5
720.0
1489.5
886.5
1579.5
139.5
1374.0
1564.5
786.0
633.0
1270.5
844.5
1204.5
1621.5
858.0
1425.0
1431.0
747.0
1453.5
1624.5
1300.5
1723.5
373.5
933.0
1165.5
1660.5
993.0
219.0
898.5
1111.5
1263.0
1678.5
751.5
1035.0
465.0
112.5
495.0
526.5
1018.5
364.5
1065.0
1234.5
997.5
1242.0
1519.5
306.0
795.0
1803.0
1590.0
577.5
1102.5
676.5
93.0
1305.0
1320.0
1252.5
883.5
1105.5
1402.5
685.5
1603.5
1545.0
408.0
348.0
1519.5
1429.5
1524.0
1830.0
1732.5
1086.0
318.0
1210.5
1611.0
1216.5
1717.5
937.5
1215.0
1263.0
1534.5
1083.0
1578.0
1234.5
679.5
846.0
706.5
703.5
1171.5
1096.5
673.5
1297.5
1482.0
1065.0
1447.5
979.5
364.5
1480.5
1458.0
1371.0
672.0
1486.5
1647.0
1362.0
1276.5
1458.0
1020.0
1203.0
1558.5
1419.0
841.5
1717.5
760.5
1587.0
325.5
874.5
1686.0
1458.0
1797.0
1531.5
322.5
1317.0
834.0
1057.5
1477.5
1143.0
649.5
1189.5
1510.5
676.5
1530.0
1572.0
1543.5
669.0
241.5
1716.0
573.0
1639.5
1489.5
1524.0
351.0
1714.5
1579.5
1714.5
1570.5
1425.0
1581.0
1233.0
1219.5
946.5
1048.5
769.5
1393.5
1020.0
1422.0
799.5
936.0
880.5
157.5
1350.0
238.5
1210.5
237.0
945.0
942.0
1176.0
1180.5
1480.5
1417.5
765.0
1068.0
727.5
1476.0
1120.5
825.0
1519.5
1644.0
187.5
1516.5
1617.0
1339.5
1045.5
1149.0
1132.5
1455.0
408.0
436.5
175.5
1489.5
1188.0
135.0
655.5
1650.0
124.5
1056.0
1249.5
1644.0
1417.5
1348.5
1339.5
388.5
1645.5
615.0
1402.5
559.5
1572.0
703.5
427.5
1146.0
810.0
817.5
573.0
397.5
270.0
508.5
1401.0
310.5
999.0
388.5
1017.0
1611.0
631.5
1806.0
816.0
208.5
1767.0
1575.0
582.0
1500.0
328.5
1323.0
918.0
1636.5
1167.0
1515.0
394.5
1609.5
1656.0
1072.5
1029.0
1507.5
1035.0
1533.0
1563.0
1861.5
1336.5
1432.5
54.0
652.5
415.5
1363.5
655.5
436.5
1153.5
700.5
1425.0
1069.5
1465.5
1477.5
1030.5
690.0
1023.0
303.0
1761.0
439.5
888.0
592.5
1219.5
583.5
1252.5
1363.5
1293.0
1137.0
1221.0
1014.0
1642.5
1894.5
1383.0
1350.0
1569.0
1584.0
1519.5
394.5
405.0
1195.5
1278.0
747.0
880.5
481.5
862.5
928.5
1522.5
1353.0
193.5
1369.5
1230.0
1552.5
511.5
378.0
111.0
466.5
435.0
906.0
1731.0
868.5
1051.5
1038.0
1413.0
1735.5
1197.0
807.0
223.5
934.5
1644.0
931.5
300.0
1299.0
448.5
1542.0
1618.5
1599.0
1507.5
1426.5
1404.0
1390.5
574.5
603.0
313.5
1647.0
424.5
220.5
498.0
1372.5
930.0
1563.0
1155.0
765.0
1165.5
847.5
1269.0
879.0
1099.5
1549.5
1599.0
834.0
418.5
1012.5
1599.0
1311.0
1195.5
660.0
1593.0
1263.0
1302.0
1048.5
484.5
843.0
1299.0
1455.0
1315.5
1213.5
1420.5
1408.5
1509.0
247.5
937.5
1126.5
1483.5
1251.0
1434.0
1656.0
1798.5
1360.5
1014.0
1447.5
325.5
1026.0
1546.5
1555.5
336.0
1444.5
1489.5
534.0
1482.0
1611.0
736.5
1101.0
607.5
1257.0
1024.5
534.0
997.5
277.5
1611.0
619.5
1177.5
870.0
1669.5
517.5
199.5
153.0
865.5
253.5
1522.5
646.5
757.5
1762.5
1390.5
229.5
1585.5
1138.5
985.5
1548.0
433.5
523.5
1603.5
1567.5
1506.0
1299.0
1437.0
1702.5
687.0
366.0
1162.5
1182.0
1243.5
102.0
1576.5
1087.5
1339.5
1647.0
1722.0
1260.0
1762.5
871.5
1035.0
1024.5
1554.0
967.5
1443.0
718.5
1314.0
1776.0
1557.0
1494.0
1737.0
1188.0
1138.5
1267.5
372.0
490.5
1179.0
1336.5
1474.5
1029.0
432.0
1494.0
1563.0
949.5
1827.0
1612.5
1747.5
1797.0
1266.0
1633.5
1317.0
435.0
1750.5
1158.0
1131.0
492.0
129.0
1573.5
1264.5
1261.5
642.0
522.0
1054.5
1701.0
1198.5
1638.0
1054.5
1102.5
973.5
1357.5
1548.0
874.5
1263.0
1317.0
1620.0
1587.0
996.0
1650.0
1224.0
1230.0
1110.0
412.5
696.0
1188.0
1461.0
972.0
1483.5
388.5
1291.5
1015.5
1362.0
1185.0
1488.0
1077.0
1449.0
840.0
1747.5
1197.0
1674.0
921.0
1239.0
1422.0
1336.5
1381.5
1671.0
1408.5
402.0
1567.5
894.0
151.5
1099.5
657.0
1446.0
1518.0
397.5
1465.5
1561.5
829.5
1353.0
1674.0
1720.5
1209.0
1402.5
1164.0
585.0
