207.0
216.0
133.5
48.0
111.0
274.5
207.0
232.5
117.0
118.5
81.0
184.5
111.0
70.5
174.0
331.5
271.5
4.5
96.0
330.0
39.0
58.5
241.5
187.5
130.5
381.0
249.0
46.5
247.5
64.5
288.0
145.5
111.0
58.5
189.0
168.0
186.0
145.5
495.0
82.5
213.0
168.0
123.0
160.5
42.0
81.0
127.5
195.0
166.5
213.0
180.0
79.5
166.5
117.0
123.0
253.5
91.5
216.0
196.5
130.5
118.5
142.5
315.0
180.0
226.5
97.5
91.5
30.0
415.5
144.0
153.0
174.0
276.0
231.0
199.5
262.5
39.0
178.5
141.0
186.0
193.5
85.5
342.0
153.0
58.5
42.0
154.5
126.0
276.0
291.0
316.5
120.0
247.5
114.0
213.0
316.5
352.5
153.0
102.0
132.0
223.5
421.5
217.5
75.0
220.5
28.5
97.5
121.5
99.0
153.0
82.5
105.0
91.5
205.5
274.5
241.5
46.5
237.0
180.0
412.5
66.0
183.0
75.0
415.5
270.0
277.5
337.5
42.0
55.5
429.0
213.0
240.0
96.0
471.0
444.0
285.0
202.5
138.0
18.0
178.5
180.0
246.0
217.5
241.5
196.5
48.0
235.5
172.5
151.5
103.5
52.5
226.5
16.5
153.0
84.0
81.0
237.0
159.0
288.0
376.5
255.0
61.5
211.5
168.0
72.0
91.5
112.5
184.5
195.0
103.5
475.5
193.5
180.0
130.5
94.5
412.5
243.0
207.0
300.0
235.5
114.0
345.0
246.0
151.5
261.0
246.0
259.5
316.5
216.0
210.0
271.5
141.0
51.0
159.0
276.0
109.5
22.5
115.5
180.0
433.5
369.0
238.5
201.0
70.5
64.5
169.5
46.5
250.5
231.0
100.5
159.0
225.0
325.5
258.0
283.5
147.0
222.0
28.5
102.0
147.0
297.0
162.0
268.5
73.5
268.5
288.0
69.0
108.0
226.5
250.5
103.5
189.0
33.0
63.0
301.5
46.5
130.5
226.5
93.0
127.5
393.0
109.5
316.5
37.5
226.5
91.5
175.5
139.5
25.5
46.5
510.0
123.0
288.0
226.5
111.0
265.5
61.5
246.0
81.0
69.0
135.0
49.5
106.5
111.0
57.0
111.0
237.0
309.0
157.5
61.5
118.5
208.5
162.0
249.0
342.0
193.5
144.0
495.0
93.0
174.0
480.0
259.5
106.5
193.5
168.0
81.0
123.0
271.5
189.0
196.5
34.5
156.0
61.5
418.5
63.0
175.5
226.5
316.5
156.0
169.5
112.5
66.0
124.5
472.5
327.0
144.0
91.5
144.0
28.5
384.0
54.0
207.0
361.5
133.5
45.0
225.0
277.5
138.0
181.5
385.5
259.5
97.5
303.0
322.5
25.5
225.0
301.5
144.0
151.5
177.0
154.5
202.5
429.0
93.0
132.0
189.0
108.0
124.5
256.5
57.0
120.0
156.0
66.0
157.5
58.5
57.0
174.0
271.5
127.5
174.0
78.0
19.5
282.0
60.0
121.5
94.5
277.5
313.5
51.0
93.0
154.5
76.5
358.5
294.0
345.0
331.5
253.5
162.0
135.0
367.5
252.0
208.5
70.5
303.0
421.5
198.0
148.5
247.5
255.0
157.5
120.0
259.5
127.5
87.0
99.0
93.0
136.5
279.0
76.5
163.5
237.0
175.5
295.5
99.0
204.0
82.5
207.0
97.5
339.0
276.0
198.0
171.0
102.0
69.0
43.5
121.5
292.5
405.0
306.0
117.0
388.5
297.0
138.0
67.5
127.5
39.0
220.5
247.5
184.5
120.0
112.5
181.5
72.0
141.0
270.0
396.0
280.5
102.0
102.0
100.5
291.0
484.5
324.0
171.0
90.0
252.0
76.5
231.0
111.0
228.0
207.0
202.5
49.5
241.5
271.5
237.0
222.0
169.5
97.5
406.5
3.0
88.5
190.5
165.0
57.0
109.5
190.5
190.5
292.5
232.5
114.0
48.0
79.5
229.5
258.0
165.0
64.5
223.5
109.5
273.0
310.5
243.0
216.0
219.0
24.0
330.0
165.0
73.5
171.0
67.5
76.5
169.5
252.0
87.0
139.5
270.0
241.5
130.5
279.0
108.0
280.5
139.5
171.0
342.0
205.5
138.0
25.5
124.5
54.0
48.0
303.0
465.0
273.0
151.5
225.0
177.0
235.5
235.5
94.5
129.0
276.0
259.5
238.5
238.5
163.5
198.0
42.0
268.5
48.0
114.0
400.5
426.0
262.5
264.0
270.0
259.5
189.0
102.0
25.5
474.0
231.0
240.0
321.0
132.0
70.5
300.0
102.0
42.0
213.0
133.5
447.0
63.0
36.0
219.0
121.5
126.0
172.5
267.0
31.5
166.5
102.0
202.5
240.0
378.0
156.0
61.5
187.5
144.0
138.0
136.5
315.0
339.0
174.0
252.0
76.5
249.0
162.0
286.5
217.5
144.0
219.0
241.5
76.5
283.5
180.0
97.5
453.0
94.5
117.0
96.0
172.5
229.5
109.5
253.5
147.0
157.5
121.5
60.0
33.0
205.5
115.5
303.0
160.5
90.0
201.0
514.5
18.0
205.5
201.0
534.0
240.0
186.0
127.5
84.0
162.0
3.0
379.5
129.0
109.5
133.5
70.5
66.0
159.0
237.0
312.0
675.0
96.0
114.0
52.5
250.5
205.5
370.5
199.5
102.0
129.0
159.0
139.5
277.5
94.5
168.0
111.0
139.5
132.0
49.5
64.5
64.5
88.5
90.0
15.0
114.0
90.0
228.0
159.0
147.0
291.0
147.0
201.0
274.5
124.5
171.0
115.5
261.0
346.5
264.0
120.0
222.0
102.0
132.0
45.0
108.0
166.5
142.5
52.5
147.0
274.5
190.5
124.5
207.0
147.0
204.0
502.5
103.5
105.0
196.5
82.5
156.0
211.5
187.5
133.5
60.0
349.5
258.0
46.5
276.0
177.0
252.0
31.5
144.0
207.0
72.0
142.5
417.0
391.5
231.0
285.0
174.0
346.5
79.5
309.0
156.0
222.0
162.0
219.0
42.0
129.0
256.5
310.5
133.5
69.0
183.0
103.5
226.5
12.0
229.5
111.0
378.0
202.5
46.5
46.5
160.5
54.0
121.5
240.0
99.0
48.0
130.5
88.5
310.5
159.0
31.5
106.5
228.0
135.0
208.5
282.0
165.0
195.0
111.0
213.0
108.0
141.0
165.0
342.0
135.0
130.5
132.0
37.5
219.0
405.0
340.5
201.0
22.5
279.0
21.0
190.5
174.0
189.0
111.0
214.5
70.5
195.0
225.0
244.5
372.0
525.0
166.5
108.0
205.5
30.0
78.0
130.5
376.5
55.5
81.0
135.0
600.0
306.0
66.0
337.5
148.5
28.5
27.0
253.5
112.5
63.0
178.5
117.0
243.0
105.0
106.5
220.5
52.5
40.5
205.5
229.5
112.5
228.0
96.0
139.5
133.5
222.0
358.5
60.0
120.0
135.0
313.5
246.0
163.5
67.5
543.0
357.0
183.0
400.5
267.0
187.5
313.5
132.0
114.0
195.0
175.5
108.0
324.0
76.5
288.0
414.0
132.0
94.5
429.0
343.5
405.0
225.0
244.5
129.0
94.5
79.5
172.5
265.5
109.5
34.5
162.0
159.0
43.5
283.5
322.5
157.5
97.5
201.0
111.0
154.5
118.5
202.5
198.0
369.0
168.0
85.5
160.5
153.0
99.0
306.0
85.5
199.5
339.0
105.0
298.5
237.0
235.5
112.5
30.0
90.0
124.5
150.0
330.0
43.5
115.5
147.0
210.0
132.0
181.5
46.5
438.0
156.0
49.5
105.0
439.5
186.0
288.0
24.0
90.0
103.5
226.5
183.0
175.5
114.0
558.0
181.5
118.5
109.5
97.5
28.5
118.5
52.5
105.0
33.0
132.0
223.5
37.5
100.5
361.5
102.0
151.5
69.0
63.0
48.0
115.5
94.5
288.0
205.5
231.0
136.5
124.5
190.5
385.5
103.5
156.0
165.0
280.5
168.0
349.5
45.0
250.5
169.5
237.0
73.5
357.0
54.0
99.0
124.5
63.0
39.0
76.5
160.5
127.5
141.0
135.0
72.0
216.0
180.0
516.0
321.0
303.0
345.0
42.0
100.5
199.5
349.5
57.0
64.5
84.0
130.5
247.5
187.5
127.5
52.5
220.5
225.0
102.0
301.5
28.5
199.5
192.0
505.5
132.0
36.0
171.0
358.5
85.5
354.0
160.5
250.5
94.5
115.5
115.5
163.5
34.5
126.0
48.0
301.5
72.0
325.5
429.0
235.5
195.0
75.0
172.5
108.0
265.5
130.5
117.0
145.5
192.0
163.5
91.5
280.5
111.0
336.0
279.0
295.5
160.5
309.0
274.5
165.0
111.0
328.5
252.0
390.0
319.5
285.0
112.5
471.0
111.0
241.5
442.5
321.0
256.5
337.5
298.5
84.0
102.0
99.0
276.0
61.5
87.0
21.0
123.0
132.0
267.0
150.0
202.5
135.0
334.5
91.5
273.0
48.0
154.5
237.0
258.0
136.5
118.5
415.5
109.5
33.0
186.0
138.0
46.5
285.0
123.0
126.0
127.5
139.5
201.0
114.0
147.0
300.0
181.5
274.5
16.5
391.5
348.0
123.0
127.5
91.5
286.5
207.0
219.0
297.0
280.5
43.5
118.5
258.0
345.0
120.0
153.0
78.0
61.5
486.0
142.5
226.5
130.5
133.5
231.0
184.5
133.5
85.5
439.5
292.5
337.5
97.5
84.0
46.5
213.0
96.0
105.0
141.0
168.0
262.5
436.5
100.5
405.0
73.5
103.5
262.5
220.5
279.0
78.0
94.5
348.0
54.0
57.0
247.5
94.5
51.0
163.5
37.5
34.5
211.5
147.0
189.0
187.5
306.0
36.0
379.5
234.0
55.5
112.5
115.5
228.0
324.0
57.0
57.0
379.5
144.0
270.0
109.5
172.5
195.0
96.0
138.0
177.0
112.5
123.0
364.5
162.0
97.5
126.0
316.5
448.5
270.0
130.5
190.5
85.5
358.5
172.5
420.0
247.5
79.5
106.5
193.5
117.0
295.5
150.0
132.0
118.5
244.5
313.5
199.5
222.0
496.5
184.5
349.5
402.0
288.0
256.5
55.5
141.0
151.5
312.0
346.5
34.5
135.0
168.0
328.5
126.0
129.0
78.0
310.5
55.5
51.0
274.5
99.0
225.0
189.0
202.5
109.5
168.0
172.5
307.5
54.0
217.5
169.5
66.0
208.5
220.5
40.5
178.5
124.5
259.5
180.0
169.5
90.0
168.0
291.0
210.0
181.5
144.0
213.0
126.0
33.0
172.5
72.0
109.5
54.0
162.0
178.5
22.5
34.5
286.5
130.5
154.5
103.5
117.0
196.5
97.5
439.5
48.0
112.5
111.0
286.5
225.0
411.0
358.5
148.5
121.5
153.0
57.0
238.5
156.0
211.5
66.0
247.5
129.0
183.0
13.5
60.0
55.5
232.5
181.5
100.5
517.5
106.5
87.0
198.0
327.0
78.0
291.0
382.5
348.0
48.0
232.5
201.0
133.5
16.5
229.5
178.5
175.5
144.0
81.0
213.0
153.0
135.0
250.5
57.0
127.5
111.0
69.0
180.0
231.0
129.0
244.5
30.0
135.0
66.0
244.5
223.5
199.5
267.0
205.5
43.5
66.0
156.0
241.5
387.0
90.0
147.0
112.5
55.5
375.0
114.0
75.0
90.0
123.0
46.5
271.5
321.0
499.5
333.0
252.0
193.5
91.5
231.0
337.5
99.0
55.5
388.5
181.5
234.0
411.0
39.0
195.0
306.0
60.0
208.5
96.0
196.5
240.0
171.0
447.0
193.5
30.0
85.5
397.5
229.5
145.5
144.0
220.5
61.5
82.5
369.0
124.5
88.5
115.5
139.5
303.0
195.0
157.5
279.0
258.0
21.0
66.0
70.5
25.5
289.5
112.5
144.0
253.5
276.0
45.0
241.5
141.0
97.5
64.5
204.0
150.0
235.5
43.5
214.5
81.0
34.5
201.0
70.5
208.5
343.5
279.0
133.5
240.0
112.5
390.0
316.5
231.0
160.5
243.0
328.5
111.0
204.0
126.0
30.0
378.0
493.5
90.0
39.0
271.5
99.0
54.0
79.5
162.0
4.5
102.0
82.5
237.0
97.5
124.5
207.0
127.5
154.5
190.5
363.0
78.0
99.0
321.0
285.0
187.5
138.0
402.0
220.5
69.0
57.0
126.0
102.0
285.0
447.0
133.5
177.0
478.5
291.0
357.0
199.5
28.5
346.5
154.5
121.5
450.0
153.0
142.5
207.0
217.5
354.0
78.0
640.5
97.5
390.0
36.0
348.0
117.0
49.5
102.0
204.0
139.5
286.5
135.0
340.5
160.5
189.0
133.5
291.0
295.5
178.5
208.5
208.5
258.0
163.5
72.0
219.0
78.0
237.0
156.0
96.0
105.0
238.5
238.5
340.5
171.0
85.5
30.0
150.0
241.5
105.0
64.5
124.5
154.5
114.0
118.5
73.5
192.0
60.0
223.5
22.5
169.5
234.0
195.0
102.0
108.0
276.0
163.5
175.5
162.0
388.5
289.5
193.5
27.0
25.5
186.0
136.5
118.5
54.0
72.0
381.0
219.0
292.5
16.5
33.0
55.5
127.5
208.5
316.5
333.0
150.0
124.5
253.5
145.5
135.0
112.5
69.0
174.0
196.5
189.0
129.0
106.5
291.0
15.0
168.0
168.0
279.0
270.0
148.5
325.5
216.0
295.5
345.0
73.5
198.0
60.0
192.0
241.5
264.0
207.0
40.5
240.0
139.5
498.0
324.0
154.5
156.0
201.0
174.0
138.0
274.5
115.5
174.0
85.5
316.5
198.0
154.5
79.5
214.5
36.0
159.0
186.0
91.5
286.5
207.0
87.0
528.0
115.5
16.5
135.0
60.0
450.0
205.5
312.0
213.0
204.0
202.5
201.0
115.5
43.5
51.0
186.0
363.0
169.5
60.0
306.0
225.0
352.5
69.0
67.5
118.5
357.0
216.0
189.0
522.0
258.0
133.5
61.5
309.0
303.0
115.5
55.5
207.0
244.5
334.5
348.0
105.0
298.5
189.0
274.5
174.0
258.0
102.0
165.0
25.5
255.0
204.0
120.0
262.5
519.0
234.0
223.5
67.5
268.5
75.0
112.5
244.5
244.5
346.5
225.0
82.5
181.5
106.5
81.0
205.5
295.5
301.5
147.0
133.5
54.0
145.5
198.0
28.5
192.0
153.0
298.5
126.0
109.5
192.0
367.5
202.5
94.5
217.5
63.0
183.0
204.0
118.5
297.0
42.0
345.0
130.5
180.0
160.5
112.5
316.5
105.0
261.0
69.0
202.5
223.5
214.5
108.0
166.5
111.0
70.5
343.5
97.5
142.5
118.5
166.5
142.5
211.5
100.5
30.0
94.5
46.5
421.5
246.0
247.5
114.0
418.5
336.0
325.5
142.5
63.0
126.0
192.0
61.5
301.5
61.5
205.5
187.5
85.5
196.5
168.0
196.5
163.5
58.5
60.0
45.0
142.5
156.0
69.0
87.0
214.5
100.5
192.0
109.5
169.5
223.5
141.0
145.5
39.0
132.0
231.0
174.0
216.0
69.0
133.5
268.5
319.5
46.5
40.5
219.0
271.5
135.0
226.5
159.0
496.5
279.0
177.0
349.5
106.5
189.0
268.5
129.0
30.0
399.0
357.0
162.0
148.5
195.0
220.5
88.5
132.0
151.5
406.5
72.0
255.0
171.0
223.5
271.5
177.0
213.0
177.0
91.5
468.0
343.5
159.0
99.0
147.0
64.5
223.5
124.5
75.0
93.0
237.0
73.5
97.5
75.0
141.0
246.0
118.5
192.0
159.0
199.5
198.0
219.0
456.0
243.0
132.0
85.5
108.0
307.5
316.5
225.0
199.5
118.5
190.5
190.5
361.5
106.5
222.0
217.5
72.0
229.5
172.5
166.5
166.5
180.0
63.0
123.0
148.5
372.0
132.0
31.5
132.0
19.5
268.5
229.5
246.0
166.5
102.0
190.5
228.0
354.0
90.0
273.0
240.0
162.0
364.5
282.0
136.5
316.5
298.5
196.5
184.5
115.5
60.0
298.5
235.5
79.5
82.5
118.5
189.0
171.0
111.0
85.5
84.0
174.0
238.5
279.0
195.0
309.0
132.0
108.0
277.5
114.0
129.0
394.5
193.5
79.5
126.0
165.0
84.0
82.5
10.5
240.0
85.5
235.5
192.0
76.5
390.0
90.0
99.0
268.5
69.0
225.0
118.5
267.0
70.5
343.5
213.0
282.0
213.0
244.5
33.0
42.0
483.0
537.0
495.0
117.0
303.0
316.5
100.5
94.5
133.5
288.0
198.0
69.0
150.0
130.5
75.0
234.0
222.0
51.0
300.0
124.5
333.0
105.0
207.0
342.0
91.5
229.5
249.0
97.5
216.0
151.5
162.0
334.5
168.0
238.5
87.0
100.5
36.0
174.0
301.5
36.0
91.5
361.5
90.0
55.5
346.5
321.0
79.5
199.5
211.5
247.5
241.5
171.0
163.5
33.0
100.5
166.5
346.5
213.0
108.0
339.0
136.5
267.0
160.5
235.5
184.5
39.0
451.5
18.0
145.5
136.5
337.5
316.5
123.0
25.5
171.0
168.0
235.5
178.5
118.5
3.0
69.0
303.0
148.5
361.5
42.0
201.0
336.0
235.5
72.0
342.0
226.5
331.5
315.0
192.0
229.5
153.0
157.5
222.0
69.0
124.5
109.5
259.5
190.5
208.5
226.5
108.0
225.0
88.5
88.5
69.0
162.0
133.5
217.5
46.5
49.5
150.0
133.5
184.5
126.0
214.5
57.0
157.5
211.5
261.0
106.5
81.0
187.5
24.0
321.0
292.5
42.0
262.5
60.0
295.5
268.5
204.0
160.5
298.5
213.0
103.5
211.5
258.0
115.5
253.5
231.0
114.0
139.5
147.0
261.0
144.0
310.5
187.5
27.0
147.0
70.5
16.5
360.0
271.5
48.0
93.0
91.5
202.5
244.5
55.5
87.0
211.5
180.0
174.0
60.0
246.0
306.0
154.5
43.5
310.5
129.0
141.0
93.0
19.5
124.5
165.0
151.5
232.5
195.0
157.5
256.5
238.5
153.0
115.5
330.0
123.0
222.0
553.5
169.5
114.0
66.0
270.0
384.0
91.5
271.5
132.0
168.0
154.5
207.0
333.0
126.0
213.0
135.0
294.0
180.0
115.5
166.5
105.0
300.0
220.5
412.5
376.5
105.0
238.5
259.5
492.0
88.5
105.0
435.0
121.5
304.5
45.0
382.5
346.5
139.5
66.0
187.5
130.5
288.0
46.5
57.0
61.5
93.0
90.0
15.0
168.0
55.5
249.0
147.0
190.5
37.5
165.0
144.0
76.5
223.5
124.5
4.5
154.5
118.5
30.0
195.0
52.5
222.0
216.0
166.5
195.0
223.5
567.0
132.0
94.5
127.5
73.5
417.0
138.0
69.0
84.0
181.5
423.0
321.0
136.5
231.0
298.5
138.0
66.0
88.5
144.0
64.5
121.5
94.5
96.0
106.5
46.5
385.5
132.0
312.0
280.5
234.0
114.0
111.0
21.0
100.5
357.0
145.5
241.5
243.0
78.0
226.5
127.5
178.5
55.5
171.0
94.5
162.0
63.0
103.5
249.0
223.5
82.5
183.0
205.5
454.5
208.5
93.0
177.0
130.5
199.5
156.0
30.0
100.5
265.5
100.5
106.5
177.0
61.5
69.0
145.5
123.0
291.0
330.0
34.5
219.0
39.0
130.5
79.5
106.5
228.0
205.5
180.0
277.5
87.0
33.0
270.0
100.5
94.5
186.0
97.5
303.0
45.0
174.0
243.0
163.5
165.0
388.5
198.0
189.0
306.0
471.0
328.5
241.5
576.0
312.0
175.5
120.0
25.5
208.5
78.0
498.0
94.5
232.5
322.5
106.5
321.0
492.0
307.5
354.0
154.5
49.5
471.0
94.5
87.0
271.5
93.0
72.0
223.5
172.5
64.5
177.0
45.0
105.0
70.5
105.0
67.5
370.5
415.5
85.5
114.0
204.0
280.5
259.5
49.5
226.5
480.0
105.0
343.5
243.0
280.5
172.5
159.0
61.5
111.0
420.0
165.0
24.0
355.5
327.0
358.5
111.0
240.0
133.5
103.5
181.5
304.5
91.5
334.5
318.0
244.5
265.5
114.0
445.5
75.0
51.0
442.5
190.5
97.5
100.5
280.5
66.0
144.0
192.0
96.0
36.0
234.0
94.5
132.0
22.5
307.5
165.0
162.0
315.0
76.5
171.0
24.0
462.0
139.5
307.5
82.5
73.5
43.5
232.5
180.0
211.5
142.5
277.5
72.0
159.0
97.5
412.5
84.0
210.0
76.5
318.0
150.0
295.5
286.5
99.0
216.0
111.0
192.0
127.5
357.0
240.0
121.5
303.0
165.0
250.5
60.0
84.0
120.0
286.5
214.5
213.0
169.5
129.0
73.5
261.0
237.0
40.5
367.5
168.0
400.5
190.5
93.0
148.5
304.5
259.5
142.5
255.0
72.0
132.0
250.5
117.0
102.0
103.5
228.0
102.0
291.0
138.0
184.5
268.5
228.0
339.0
297.0
70.5
177.0
252.0
205.5
69.0
207.0
82.5
151.5
120.0
249.0
174.0
165.0
127.5
105.0
94.5
60.0
121.5
265.5
180.0
169.5
127.5
109.5
180.0
241.5
111.0
81.0
313.5
168.0
42.0
100.5
301.5
129.0
91.5
571.5
136.5
189.0
142.5
88.5
76.5
246.0
73.5
511.5
63.0
129.0
264.0
318.0
147.0
70.5
339.0
70.5
382.5
160.5
279.0
165.0
96.0
154.5
121.5
93.0
19.5
168.0
243.0
139.5
253.5
223.5
130.5
444.0
258.0
76.5
154.5
222.0
163.5
130.5
204.0
385.5
91.5
82.5
481.5
72.0
142.5
94.5
97.5
112.5
318.0
232.5
66.0
133.5
271.5
94.5
108.0
106.5
135.0
162.0
138.0
598.5
220.5
223.5
82.5
100.5
276.0
120.0
225.0
138.0
403.5
78.0
142.5
198.0
183.0
54.0
141.0
193.5
115.5
351.0
177.0
333.0
256.5
646.5
361.5
34.5
100.5
160.5
234.0
207.0
193.5
166.5
159.0
105.0
168.0
181.5
252.0
213.0
90.0
69.0
267.0
241.5
244.5
172.5
259.5
159.0
228.0
102.0
127.5
226.5
69.0
208.5
22.5
189.0
82.5
154.5
150.0
177.0
235.5
628.5
55.5
67.5
115.5
291.0
351.0
192.0
58.5
196.5
222.0
316.5
183.0
339.0
190.5
259.5
54.0
117.0
196.5
223.5
61.5
79.5
211.5
172.5
136.5
309.0
235.5
228.0
195.0
393.0
118.5
193.5
174.0
366.0
300.0
82.5
39.0
207.0
108.0
231.0
166.5
141.0
252.0
204.0
115.5
282.0
180.0
564.0
109.5
388.5
88.5
112.5
262.5
25.5
267.0
94.5
189.0
160.5
235.5
172.5
162.0
205.5
259.5
66.0
142.5
27.0
39.0
423.0
244.5
156.0
381.0
48.0
97.5
126.0
40.5
90.0
237.0
252.0
171.0
189.0
276.0
439.5
222.0
136.5
7.5
94.5
90.0
175.5
364.5
217.5
66.0
73.5
45.0
126.0
73.5
262.5
81.0
201.0
175.5
181.5
252.0
31.5
208.5
133.5
168.0
172.5
135.0
225.0
282.0
142.5
292.5
189.0
57.0
175.5
90.0
430.5
126.0
126.0
193.5
79.5
291.0
93.0
205.5
129.0
238.5
268.5
250.5
255.0
142.5
390.0
177.0
91.5
105.0
295.5
39.0
220.5
114.0
214.5
190.5
211.5
210.0
120.0
138.0
316.5
315.0
334.5
285.0
136.5
33.0
120.0
327.0
148.5
76.5
183.0
129.0
120.0
229.5
27.0
172.5
102.0
192.0
391.5
84.0
364.5
174.0
189.0
130.5
322.5
312.0
147.0
133.5
31.5
93.0
280.5
109.5
91.5
340.5
94.5
220.5
252.0
181.5
118.5
76.5
49.5
193.5
94.5
136.5
222.0
376.5
136.5
81.0
231.0
123.0
241.5
180.0
219.0
189.0
277.5
168.0
105.0
132.0
264.0
274.5
42.0
223.5
97.5
295.5
192.0
100.5
121.5
157.5
271.5
148.5
148.5
102.0
195.0
88.5
207.0
277.5
172.5
301.5
271.5
163.5
262.5
214.5
9.0
157.5
361.5
114.0
34.5
43.5
324.0
294.0
313.5
124.5
159.0
283.5
39.0
159.0
235.5
114.0
141.0
97.5
132.0
84.0
250.5
189.0
208.5
427.5
106.5
264.0
126.0
87.0
21.0
105.0
328.5
148.5
183.0
90.0
207.0
33.0
246.0
142.5
121.5
244.5
85.5
81.0
216.0
300.0
207.0
141.0
351.0
94.5
124.5
396.0
138.0
97.5
189.0
28.5
111.0
279.0
331.5
142.5
79.5
31.5
451.5
147.0
204.0
234.0
112.5
54.0
292.5
196.5
117.0
261.0
108.0
72.0
255.0
73.5
226.5
228.0
172.5
48.0
355.5
130.5
88.5
204.0
55.5
216.0
124.5
111.0
291.0
130.5
231.0
117.0
163.5
58.5
94.5
174.0
151.5
177.0
88.5
211.5
18.0
84.0
115.5
208.5
133.5
148.5
147.0
112.5
39.0
63.0
249.0
127.5
87.0
132.0
75.0
114.0
46.5
157.5
99.0
451.5
180.0
345.0
304.5
171.0
213.0
27.0
73.5
151.5
277.5
286.5
615.0
246.0
264.0
57.0
264.0
400.5
84.0
88.5
378.0
189.0
94.5
397.5
279.0
229.5
255.0
309.0
220.5
472.5
156.0
195.0
291.0
42.0
129.0
190.5
456.0
324.0
132.0
237.0
399.0
219.0
85.5
105.0
205.5
219.0
208.5
660.0
3.0
43.5
394.5
25.5
105.0
175.5
27.0
244.5
91.5
294.0
76.5
234.0
207.0
268.5
96.0
324.0
87.0
196.5
76.5
364.5
111.0
82.5
198.0
81.0
97.5
274.5
351.0
153.0
211.5
213.0
166.5
102.0
225.0
30.0
141.0
309.0
87.0
169.5
175.5
126.0
205.5
133.5
165.0
153.0
664.5
90.0
100.5
153.0
205.5
187.5
307.5
249.0
37.5
129.0
147.0
39.0
301.5
111.0
184.5
174.0
400.5
64.5
111.0
87.0
441.0
130.5
181.5
168.0
198.0
180.0
96.0
75.0
196.5
159.0
115.5
160.5
349.5
262.5
154.5
294.0
172.5
178.5
180.0
196.5
432.0
217.5
121.5
85.5
145.5
171.0
234.0
246.0
150.0
121.5
351.0
162.0
43.5
36.0
313.5
34.5
45.0
172.5
126.0
90.0
132.0
363.0
120.0
369.0
97.5
126.0
333.0
163.5
138.0
141.0
279.0
378.0
267.0
150.0
183.0
214.5
6.0
172.5
174.0
264.0
451.5
115.5
145.5
130.5
165.0
121.5
324.0
97.5
144.0
129.0
244.5
256.5
45.0
372.0
201.0
358.5
310.5
127.5
274.5
315.0
93.0
69.0
159.0
60.0
142.5
142.5
270.0
190.5
94.5
82.5
15.0
112.5
102.0
81.0
222.0
67.5
133.5
219.0
246.0
223.5
10.5
429.0
96.0
58.5
256.5
46.5
147.0
106.5
151.5
255.0
106.5
40.5
114.0
216.0
102.0
90.0
106.5
87.0
138.0
213.0
178.5
292.5
127.5
90.0
139.5
72.0
217.5
105.0
10.5
205.5
192.0
186.0
231.0
103.5
279.0
196.5
219.0
186.0
300.0
135.0
351.0
144.0
154.5
250.5
196.5
175.5
85.5
94.5
259.5
211.5
48.0
88.5
127.5
150.0
43.5
298.5
247.5
66.0
288.0
534.0
214.5
94.5
67.5
562.5
87.0
303.0
159.0
90.0
199.5
216.0
337.5
259.5
141.0
259.5
160.5
27.0
181.5
114.0
340.5
66.0
55.5
241.5
418.5
139.5
27.0
114.0
69.0
199.5
141.0
154.5
369.0
124.5
276.0
19.5
451.5
66.0
231.0
34.5
117.0
340.5
147.0
42.0
90.0
244.5
90.0
75.0
48.0
319.5
180.0
42.0
243.0
205.5
84.0
208.5
33.0
153.0
210.0
292.5
90.0
351.0
144.0
310.5
247.5
55.5
192.0
366.0
427.5
9.0
313.5
240.0
154.5
106.5
45.0
37.5
214.5
201.0
145.5
153.0
240.0
127.5
115.5
67.5
193.5
99.0
169.5
70.5
288.0
247.5
157.5
256.5
73.5
100.5
103.5
279.0
384.0
54.0
159.0
334.5
132.0
163.5
295.5
204.0
162.0
529.5
118.5
100.5
87.0
90.0
505.5
258.0
183.0
183.0
307.5
151.5
100.5
102.0
184.5
187.5
148.5
181.5
265.5
396.0
348.0
180.0
117.0
327.0
51.0
274.5
147.0
84.0
297.0
198.0
52.5
294.0
135.0
168.0
106.5
84.0
103.5
22.5
73.5
27.0
81.0
82.5
222.0
268.5
99.0
151.5
255.0
135.0
66.0
91.5
178.5
133.5
67.5
174.0
106.5
210.0
151.5
99.0
90.0
138.0
385.5
499.5
145.5
102.0
232.5
373.5
294.0
175.5
256.5
90.0
132.0
178.5
54.0
100.5
246.0
330.0
105.0
144.0
117.0
235.5
175.5
208.5
168.0
81.0
211.5
153.0
201.0
75.0
28.5
216.0
136.5
37.5
177.0
150.0
82.5
402.0
301.5
195.0
154.5
289.5
271.5
331.5
106.5
192.0
366.0
442.5
171.0
49.5
156.0
51.0
70.5
271.5
463.5
109.5
45.0
411.0
276.0
178.5
214.5
66.0
319.5
19.5
85.5
112.5
388.5
190.5
193.5
82.5
153.0
144.0
171.0
195.0
142.5
97.5
145.5
367.5
180.0
51.0
211.5
127.5
171.0
219.0
205.5
181.5
34.5
315.0
46.5
51.0
123.0
160.5
184.5
211.5
249.0
129.0
237.0
129.0
121.5
235.5
301.5
64.5
121.5
198.0
244.5
313.5
195.0
333.0
79.5
138.0
153.0
133.5
100.5
70.5
178.5
52.5
93.0
249.0
175.5
105.0
232.5
105.0
183.0
408.0
109.5
106.5
300.0
285.0
166.5
58.5
132.0
175.5
238.5
277.5
195.0
108.0
157.5
229.5
60.0
250.5
55.5
325.5
184.5
285.0
114.0
42.0
136.5
181.5
339.0
136.5
228.0
367.5
90.0
45.0
79.5
147.0
3.0
181.5
340.5
255.0
361.5
106.5
120.0
214.5
120.0
267.0
156.0
234.0
252.0
183.0
142.5
150.0
450.0
211.5
135.0
283.5
126.0
309.0
120.0
91.5
267.0
184.5
126.0
108.0
147.0
256.5
253.5
96.0
493.5
454.5
106.5
334.5
168.0
94.5
289.5
261.0
181.5
165.0
79.5
175.5
499.5
141.0
189.0
111.0
205.5
219.0
156.0
58.5
247.5
133.5
132.0
28.5
291.0
123.0
250.5
150.0
159.0
225.0
87.0
162.0
67.5
136.5
399.0
336.0
141.0
498.0
283.5
216.0
273.0
114.0
121.5
100.5
469.5
15.0
198.0
180.0
366.0
103.5
67.5
295.5
150.0
72.0
193.5
462.0
34.5
433.5
133.5
156.0
22.5
67.5
147.0
244.5
276.0
88.5
121.5
288.0
114.0
361.5
156.0
102.0
81.0
232.5
106.5
96.0
43.5
115.5
76.5
373.5
147.0
84.0
126.0
90.0
375.0
282.0
90.0
376.5
270.0
112.5
564.0
235.5
105.0
384.0
58.5
243.0
216.0
76.5
63.0
184.5
85.5
139.5
322.5
78.0
216.0
111.0
556.5
187.5
97.5
315.0
139.5
7.5
285.0
142.5
145.5
166.5
246.0
39.0
174.0
126.0
21.0
126.0
196.5
231.0
33.0
151.5
189.0
196.5
249.0
216.0
33.0
55.5
133.5
513.0
184.5
3.0
37.5
135.0
130.5
135.0
175.5
142.5
511.5
99.0
472.5
43.5
138.0
337.5
252.0
253.5
70.5
205.5
409.5
210.0
354.0
84.0
117.0
231.0
192.0
81.0
100.5
321.0
171.0
171.0
151.5
378.0
360.0
58.5
232.5
151.5
468.0
190.5
442.5
450.0
195.0
210.0
175.5
309.0
133.5
106.5
166.5
36.0
88.5
247.5
496.5
223.5
169.5
286.5
247.5
177.0
96.0
19.5
147.0
175.5
139.5
120.0
267.0
474.0
129.0
156.0
205.5
151.5
67.5
264.0
165.0
169.5
265.5
187.5
165.0
249.0
102.0
117.0
69.0
136.5
166.5
111.0
162.0
369.0
414.0
204.0
258.0
291.0
231.0
132.0
49.5
84.0
198.0
360.0
328.5
115.5
57.0
69.0
183.0
270.0
105.0
274.5
156.0
117.0
183.0
111.0
591.0
144.0
88.5
85.5
45.0
93.0
123.0
118.5
154.5
114.0
166.5
33.0
142.5
135.0
81.0
478.5
45.0
132.0
180.0
75.0
186.0
69.0
309.0
123.0
70.5
106.5
459.0
244.5
307.5
295.5
331.5
147.0
69.0
381.0
114.0
192.0
100.5
79.5
70.5
63.0
187.5
49.5
154.5
178.5
61.5
433.5
93.0
168.0
141.0
55.5
265.5
273.0
168.0
172.5
88.5
69.0
328.5
157.5
175.5
72.0
147.0
156.0
172.5
246.0
51.0
100.5
193.5
249.0
168.0
88.5
78.0
87.0
27.0
126.0
81.0
183.0
171.0
226.5
102.0
577.5
193.5
118.5
81.0
78.0
231.0
120.0
414.0
193.5
96.0
141.0
43.5
153.0
180.0
192.0
121.5
205.5
121.5
253.5
166.5
252.0
184.5
268.5
210.0
49.5
66.0
274.5
57.0
153.0
48.0
135.0
243.0
82.5
115.5
223.5
183.0
417.0
66.0
228.0
84.0
198.0
244.5
301.5
180.0
52.5
387.0
130.5
234.0
460.5
52.5
232.5
84.0
313.5
75.0
181.5
222.0
223.5
153.0
321.0
63.0
81.0
273.0
51.0
337.5
270.0
46.5
451.5
126.0
75.0
363.0
130.5
27.0
123.0
241.5
78.0
99.0
48.0
180.0
184.5
183.0
130.5
154.5
316.5
205.5
231.0
229.5
147.0
255.0
36.0
166.5
136.5
214.5
243.0
195.0
112.5
168.0
81.0
168.0
315.0
300.0
223.5
57.0
309.0
204.0
439.5
181.5
96.0
162.0
115.5
118.5
343.5
208.5
99.0
66.0
345.0
138.0
148.5
279.0
148.5
97.5
69.0
90.0
78.0
45.0
82.5
16.5
58.5
106.5
70.5
222.0
126.0
174.0
46.5
240.0
130.5
48.0
100.5
157.5
105.0
429.0
517.5
34.5
327.0
70.5
258.0
103.5
42.0
249.0
261.0
123.0
343.5
285.0
160.5
105.0
177.0
303.0
318.0
112.5
39.0
193.5
301.5
85.5
253.5
121.5
81.0
198.0
96.0
139.5
337.5
165.0
94.5
79.5
58.5
148.5
36.0
112.5
73.5
585.0
94.5
123.0
69.0
169.5
73.5
405.0
238.5
235.5
66.0
156.0
175.5
133.5
117.0
70.5
376.5
33.0
180.0
96.0
301.5
84.0
193.5
243.0
225.0
69.0
400.5
304.5
73.5
252.0
133.5
180.0
72.0
96.0
159.0
121.5
121.5
306.0
294.0
135.0
49.5
49.5
309.0
201.0
81.0
79.5
406.5
168.0
405.0
156.0
259.5
24.0
123.0
453.0
64.5
636.0
186.0
264.0
6.0
207.0
84.0
39.0
139.5
354.0
22.5
201.0
187.5
58.5
52.5
144.0
319.5
84.0
67.5
330.0
388.5
78.0
217.5
33.0
172.5
178.5
114.0
64.5
42.0
108.0
144.0
138.0
118.5
144.0
301.5
165.0
355.5
160.5
213.0
193.5
40.5
115.5
133.5
448.5
207.0
91.5
292.5
112.5
108.0
174.0
199.5
132.0
268.5
57.0
430.5
516.0
48.0
16.5
480.0
78.0
100.5
205.5
124.5
114.0
217.5
144.0
267.0
156.0
346.5
243.0
150.0
304.5
340.5
106.5
138.0
76.5
468.0
31.5
79.5
136.5
307.5
142.5
63.0
138.0
55.5
300.0
31.5
169.5
124.5
223.5
160.5
228.0
150.0
148.5
85.5
76.5
205.5
192.0
97.5
228.0
343.5
19.5
48.0
130.5
228.0
213.0
220.5
394.5
217.5
208.5
42.0
115.5
120.0
139.5
346.5
411.0
61.5
60.0
262.5
163.5
159.0
88.5
106.5
100.5
87.0
274.5
111.0
168.0
267.0
201.0
381.0
10.5
75.0
192.0
201.0
180.0
13.5
201.0
66.0
292.5
85.5
330.0
295.5
277.5
90.0
163.5
342.0
28.5
327.0
100.5
33.0
142.5
214.5
85.5
72.0
327.0
348.0
303.0
135.0
126.0
354.0
196.5
171.0
145.5
271.5
109.5
306.0
175.5
244.5
94.5
148.5
70.5
217.5
304.5
249.0
111.0
88.5
165.0
109.5
355.5
316.5
154.5
252.0
150.0
43.5
228.0
382.5
34.5
46.5
600.0
154.5
286.5
246.0
324.0
171.0
228.0
52.5
174.0
73.5
208.5
265.5
267.0
250.5
115.5
687.0
259.5
55.5
81.0
102.0
78.0
127.5
295.5
82.5
124.5
96.0
88.5
172.5
69.0
208.5
31.5
322.5
130.5
339.0
126.0
180.0
223.5
171.0
279.0
361.5
70.5
252.0
175.5
165.0
109.5
286.5
109.5
61.5
123.0
78.0
43.5
61.5
232.5
328.5
316.5
174.0
109.5
51.0
175.5
195.0
79.5
181.5
121.5
63.0
81.0
135.0
64.5
115.5
13.5
142.5
231.0
223.5
291.0
144.0
75.0
54.0
127.5
219.0
16.5
73.5
291.0
127.5
195.0
121.5
205.5
336.0
130.5
232.5
375.0
39.0
103.5
67.5
252.0
147.0
129.0
130.5
225.0
301.5
67.5
345.0
309.0
54.0
114.0
165.0
259.5
61.5
163.5
150.0
177.0
85.5
55.5
91.5
159.0
195.0
109.5
225.0
289.5
250.5
282.0
139.5
130.5
208.5
79.5
232.5
166.5
177.0
45.0
111.0
186.0
100.5
129.0
223.5
135.0
175.5
166.5
172.5
181.5
228.0
282.0
439.5
9.0
279.0
61.5
148.5
294.0
31.5
112.5
333.0
34.5
201.0
153.0
114.0
81.0
102.0
205.5
312.0
133.5
180.0
316.5
93.0
60.0
402.0
348.0
99.0
361.5
180.0
120.0
226.5
331.5
234.0
348.0
208.5
244.5
169.5
285.0
156.0
31.5
160.5
142.5
249.0
64.5
127.5
345.0
147.0
195.0
145.5
283.5
193.5
42.0
199.5
588.0
163.5
90.0
183.0
24.0
160.5
120.0
97.5
259.5
144.0
51.0
201.0
75.0
60.0
246.0
382.5
90.0
148.5
444.0
48.0
289.5
291.0
217.5
369.0
382.5
214.5
384.0
174.0
97.5
48.0
270.0
231.0
264.0
45.0
132.0
178.5
57.0
244.5
208.5
267.0
373.5
126.0
72.0
238.5
241.5
313.5
198.0
364.5
349.5
274.5
322.5
139.5
177.0
234.0
78.0
138.0
75.0
112.5
138.0
106.5
210.0
115.5
109.5
316.5
171.0
103.5
87.0
310.5
198.0
297.0
132.0
169.5
162.0
63.0
175.5
93.0
199.5
192.0
303.0
282.0
474.0
180.0
213.0
84.0
133.5
121.5
193.5
136.5
336.0
48.0
421.5
64.5
54.0
112.5
66.0
165.0
237.0
238.5
51.0
258.0
102.0
153.0
192.0
282.0
288.0
76.5
84.0
276.0
91.5
48.0
141.0
220.5
100.5
33.0
21.0
300.0
28.5
175.5
327.0
63.0
69.0
78.0
135.0
169.5
66.0
72.0
123.0
61.5
64.5
127.5
310.5
340.5
226.5
249.0
130.5
114.0
102.0
282.0
298.5
208.5
118.5
211.5
73.5
150.0
115.5
309.0
226.5
183.0
204.0
183.0
111.0
201.0
118.5
490.5
43.5
160.5
27.0
108.0
268.5
288.0
144.0
330.0
99.0
100.5
87.0
69.0
106.5
69.0
195.0
81.0
144.0
139.5
238.5
64.5
18.0
273.0
202.5
111.0
199.5
171.0
199.5
115.5
204.0
156.0
219.0
81.0
345.0
67.5
22.5
118.5
177.0
466.5
162.0
57.0
195.0
345.0
273.0
148.5
93.0
78.0
120.0
243.0
427.5
156.0
22.5
30.0
114.0
82.5
196.5
196.5
196.5
357.0
106.5
76.5
255.0
343.5
81.0
156.0
124.5
231.0
78.0
94.5
79.5
163.5
99.0
112.5
114.0
105.0
249.0
9.0
213.0
96.0
66.0
181.5
366.0
91.5
142.5
141.0
58.5
283.5
327.0
66.0
144.0
93.0
57.0
379.5
106.5
85.5
177.0
126.0
168.0
52.5
49.5
187.5
15.0
114.0
486.0
172.5
108.0
94.5
148.5
180.0
271.5
136.5
292.5
193.5
207.0
40.5
294.0
253.5
198.0
223.5
234.0
199.5
165.0
33.0
202.5
187.5
247.5
154.5
88.5
127.5
55.5
93.0
283.5
115.5
51.0
142.5
159.0
280.5
180.0
166.5
19.5
79.5
100.5
396.0
379.5
127.5
178.5
273.0
108.0
177.0
111.0
141.0
64.5
178.5
153.0
84.0
148.5
280.5
67.5
388.5
151.5
247.5
232.5
301.5
147.0
198.0
85.5
172.5
28.5
150.0
81.0
52.5
250.5
145.5
216.0
87.0
247.5
472.5
175.5
171.0
168.0
108.0
79.5
102.0
459.0
64.5
79.5
153.0
213.0
123.0
208.5
97.5
193.5
279.0
51.0
73.5
273.0
174.0
159.0
123.0
204.0
93.0
369.0
379.5
84.0
334.5
133.5
195.0
318.0
340.5
148.5
216.0
295.5
183.0
139.5
165.0
189.0
37.5
153.0
108.0
309.0
165.0
265.5
319.5
238.5
253.5
376.5
141.0
64.5
97.5
147.0
247.5
318.0
63.0
201.0
45.0
330.0
67.5
297.0
138.0
123.0
349.5
150.0
132.0
162.0
199.5
37.5
336.0
258.0
175.5
87.0
300.0
37.5
183.0
150.0
64.5
268.5
34.5
219.0
121.5
76.5
256.5
261.0
141.0
267.0
273.0
468.0
109.5
99.0
462.0
252.0
208.5
304.5
247.5
57.0
229.5
193.5
63.0
279.0
105.0
111.0
39.0
138.0
328.5
174.0
109.5
313.5
151.5
138.0
297.0
283.5
124.5
166.5
294.0
118.5
39.0
274.5
177.0
562.5
175.5
183.0
76.5
87.0
184.5
244.5
253.5
472.5
289.5
55.5
199.5
112.5
112.5
55.5
426.0
448.5
397.5
259.5
112.5
90.0
61.5
204.0
166.5
276.0
147.0
252.0
42.0
351.0
372.0
156.0
69.0
144.0
171.0
201.0
64.5
205.5
448.5
231.0
67.5
240.0
196.5
240.0
187.5
133.5
111.0
25.5
144.0
114.0
409.5
343.5
135.0
238.5
253.5
75.0
219.0
208.5
196.5
168.0
82.5
172.5
346.5
81.0
202.5
328.5
133.5
246.0
228.0
45.0
15.0
169.5
135.0
148.5
