345.0
718.5
592.5
394.5
414.0
528.0
582.0
324.0
180.0
496.5
307.5
579.0
300.0
283.5
408.0
505.5
310.5
303.0
382.5
474.0
346.5
733.5
325.5
618.0
148.5
220.5
492.0
211.5
600.0
304.5
445.5
22.5
616.5
162.0
109.5
124.5
78.0
402.0
319.5
510.0
339.0
873.0
327.0
525.0
339.0
379.5
406.5
450.0
441.0
594.0
145.5
442.5
1159.5
1147.5
415.5
306.0
337.5
144.0
1117.5
1086.0
120.0
360.0
30.0
358.5
675.0
739.5
756.0
849.0
873.0
783.0
360.0
585.0
306.0
247.5
691.5
637.5
217.5
127.5
232.5
258.0
432.0
663.0
295.5
256.5
348.0
628.5
282.0
1153.5
963.0
174.0
1354.5
759.0
637.5
310.5
640.5
1140.0
435.0
367.5
793.5
633.0
145.5
211.5
166.5
751.5
298.5
366.0
379.5
648.0
225.0
1006.5
576.0
333.0
295.5
520.5
379.5
276.0
477.0
705.0
285.0
886.5
847.5
612.0
120.0
283.5
192.0
117.0
627.0
199.5
388.5
327.0
241.5
76.5
283.5
439.5
277.5
823.5
81.0
286.5
964.5
727.5
699.0
477.0
270.0
112.5
463.5
378.0
811.5
454.5
474.0
436.5
496.5
267.0
301.5
345.0
111.0
381.0
697.5
669.0
493.5
87.0
810.0
432.0
225.0
619.5
309.0
517.5
243.0
424.5
619.5
538.5
81.0
202.5
229.5
1015.5
114.0
424.5
594.0
1182.0
399.0
264.0
468.0
585.0
432.0
660.0
502.5
1111.5
112.5
261.0
444.0
250.5
117.0
196.5
537.0
204.0
211.5
297.0
246.0
396.0
394.5
637.5
829.5
175.5
181.5
159.0
379.5
697.5
715.5
291.0
889.5
322.5
316.5
507.0
465.0
181.5
331.5
216.0
616.5
468.0
121.5
471.0
75.0
358.5
289.5
249.0
339.0
526.5
627.0
429.0
174.0
165.0
799.5
742.5
771.0
474.0
421.5
292.5
358.5
747.0
378.0
1041.0
495.0
429.0
697.5
58.5
342.0
378.0
646.5
618.0
622.5
205.5
88.5
379.5
109.5
309.0
417.0
99.0
820.5
1362.0
870.0
277.5
402.0
760.5
891.0
519.0
453.0
798.0
1138.5
963.0
118.5
1011.0
310.5
88.5
240.0
202.5
108.0
189.0
628.5
319.5
595.5
202.5
166.5
274.5
189.0
834.0
291.0
312.0
133.5
526.5
220.5
613.5
184.5
199.5
1254.0
406.5
210.0
522.0
67.5
76.5
676.5
222.0
435.0
49.5
492.0
87.0
406.5
114.0
667.5
945.0
288.0
558.0
585.0
432.0
472.5
474.0
424.5
117.0
367.5
475.5
636.0
738.0
246.0
978.0
456.0
397.5
486.0
124.5
625.5
157.5
435.0
1033.5
552.0
592.5
586.5
550.5
175.5
340.5
615.0
894.0
88.5
351.0
762.0
501.0
1192.5
204.0
136.5
339.0
253.5
558.0
690.0
564.0
342.0
247.5
453.0
190.5
910.5
324.0
292.5
151.5
378.0
1077.0
973.5
462.0
519.0
648.0
522.0
318.0
556.5
277.5
186.0
630.0
810.0
97.5
187.5
97.5
786.0
835.5
681.0
831.0
550.5
387.0
417.0
561.0
298.5
118.5
426.0
447.0
702.0
331.5
346.5
312.0
360.0
97.5
1093.5
538.5
205.5
412.5
171.0
633.0
439.5
474.0
37.5
691.5
205.5
118.5
342.0
391.5
448.5
712.5
276.0
733.5
174.0
325.5
330.0
157.5
418.5
172.5
40.5
618.0
585.0
313.5
177.0
385.5
663.0
279.0
133.5
816.0
259.5
61.5
636.0
447.0
159.0
571.5
141.0
309.0
262.5
397.5
432.0
603.0
72.0
240.0
691.5
208.5
204.0
222.0
400.5
168.0
151.5
94.5
480.0
432.0
54.0
69.0
726.0
942.0
376.5
423.0
231.0
178.5
507.0
816.0
1135.5
451.5
285.0
370.5
274.5
661.5
150.0
366.0
240.0
972.0
511.5
909.0
154.5
403.5
712.5
285.0
139.5
378.0
481.5
567.0
76.5
1242.0
604.5
255.0
807.0
156.0
424.5
613.5
397.5
447.0
726.0
763.5
823.5
414.0
157.5
525.0
483.0
741.0
337.5
13.5
810.0
615.0
94.5
220.5
576.0
775.5
288.0
96.0
373.5
249.0
250.5
448.5
646.5
877.5
628.5
540.0
307.5
487.5
343.5
670.5
496.5
235.5
372.0
279.0
337.5
219.0
172.5
520.5
529.5
847.5
457.5
379.5
234.0
462.0
853.5
697.5
373.5
765.0
232.5
423.0
129.0
385.5
291.0
669.0
277.5
637.5
952.5
1156.5
385.5
651.0
264.0
327.0
570.0
538.5
459.0
678.0
600.0
643.5
274.5
234.0
183.0
217.5
615.0
391.5
540.0
187.5
247.5
148.5
460.5
310.5
213.0
93.0
268.5
181.5
210.0
55.5
595.5
444.0
352.5
256.5
180.0
475.5
538.5
601.5
63.0
558.0
85.5
336.0
853.5
297.0
405.0
67.5
561.0
222.0
370.5
85.5
195.0
399.0
150.0
447.0
775.5
645.0
319.5
567.0
292.5
169.5
30.0
96.0
561.0
384.0
331.5
177.0
931.5
304.5
976.5
1288.5
1122.0
576.0
294.0
331.5
180.0
1278.0
561.0
780.0
349.5
300.0
217.5
576.0
964.5
283.5
993.0
117.0
553.5
718.5
126.0
489.0
237.0
789.0
393.0
792.0
258.0
454.5
294.0
252.0
468.0
870.0
150.0
607.5
298.5
945.0
414.0
646.5
243.0
412.5
606.0
382.5
372.0
199.5
861.0
988.5
73.5
217.5
387.0
283.5
277.5
336.0
928.5
577.5
615.0
625.5
244.5
414.0
159.0
585.0
84.0
399.0
319.5
219.0
430.5
166.5
97.5
129.0
295.5
750.0
570.0
907.5
54.0
228.0
187.5
60.0
138.0
411.0
535.5
733.5
1546.5
201.0
660.0
231.0
387.0
637.5
550.5
307.5
550.5
483.0
154.5
658.5
555.0
318.0
1116.0
385.5
385.5
528.0
481.5
232.5
730.5
154.5
274.5
480.0
184.5
598.5
483.0
475.5
417.0
823.5
354.0
279.0
538.5
391.5
240.0
144.0
796.5
279.0
753.0
1125.0
681.0
540.0
180.0
1147.5
465.0
79.5
363.0
237.0
513.0
802.5
349.5
1176.0
630.0
391.5
57.0
582.0
76.5
808.5
655.5
565.5
841.5
498.0
270.0
556.5
12.0
405.0
612.0
147.0
355.5
183.0
1018.5
375.0
424.5
267.0
615.0
514.5
286.5
427.5
265.5
774.0
180.0
402.0
327.0
315.0
190.5
240.0
279.0
373.5
552.0
880.5
801.0
1165.5
288.0
525.0
174.0
579.0
85.5
327.0
490.5
193.5
162.0
507.0
684.0
450.0
516.0
640.5
373.5
483.0
483.0
220.5
301.5
543.0
193.5
438.0
246.0
153.0
511.5
51.0
412.5
556.5
124.5
991.5
390.0
390.0
472.5
423.0
399.0
55.5
549.0
379.5
279.0
681.0
462.0
361.5
142.5
393.0
244.5
532.5
40.5
601.5
1212.0
651.0
387.0
421.5
531.0
309.0
454.5
103.5
394.5
403.5
1078.5
268.5
231.0
204.0
241.5
1078.5
543.0
228.0
756.0
558.0
183.0
210.0
288.0
382.5
48.0
264.0
412.5
402.0
397.5
234.0
432.0
118.5
738.0
255.0
100.5
600.0
193.5
796.5
105.0
1047.0
159.0
138.0
639.0
892.5
330.0
448.5
589.5
298.5
244.5
301.5
537.0
138.0
283.5
412.5
414.0
450.0
991.5
976.5
181.5
421.5
979.5
154.5
310.5
234.0
795.0
381.0
310.5
169.5
201.0
154.5
300.0
318.0
321.0
19.5
301.5
145.5
118.5
280.5
141.0
214.5
198.0
231.0
349.5
724.5
133.5
559.5
598.5
414.0
231.0
475.5
159.0
444.0
795.0
271.5
657.0
199.5
294.0
646.5
388.5
268.5
736.5
100.5
444.0
69.0
439.5
330.0
111.0
478.5
319.5
207.0
172.5
382.5
61.5
685.5
418.5
570.0
178.5
604.5
442.5
304.5
516.0
210.0
219.0
501.0
690.0
609.0
204.0
307.5
579.0
838.5
396.0
432.0
426.0
778.5
1311.0
339.0
562.5
310.5
507.0
814.5
411.0
531.0
511.5
166.5
472.5
268.5
171.0
124.5
241.5
163.5
264.0
451.5
352.5
186.0
291.0
675.0
78.0
829.5
115.5
153.0
688.5
82.5
322.5
709.5
384.0
216.0
220.5
535.5
298.5
507.0
199.5
175.5
201.0
430.5
24.0
378.0
469.5
1132.5
456.0
553.5
399.0
370.5
660.0
474.0
372.0
907.5
160.5
283.5
562.5
933.0
664.5
219.0
160.5
181.5
928.5
180.0
205.5
252.0
565.5
249.0
250.5
417.0
327.0
981.0
553.5
216.0
232.5
727.5
288.0
720.0
907.5
162.0
792.0
1053.0
442.5
687.0
153.0
297.0
129.0
214.5
436.5
276.0
268.5
690.0
148.5
591.0
132.0
609.0
472.5
1057.5
648.0
538.5
439.5
538.5
310.5
439.5
181.5
258.0
199.5
75.0
547.5
394.5
615.0
354.0
684.0
217.5
817.5
181.5
309.0
379.5
465.0
169.5
556.5
379.5
463.5
337.5
333.0
175.5
76.5
553.5
630.0
468.0
496.5
375.0
120.0
163.5
603.0
301.5
139.5
801.0
205.5
163.5
363.0
756.0
378.0
315.0
523.5
393.0
198.0
439.5
838.5
517.5
385.5
423.0
358.5
241.5
66.0
121.5
1165.5
369.0
1236.0
270.0
157.5
456.0
450.0
805.5
640.5
502.5
145.5
763.5
127.5
435.0
1311.0
652.5
784.5
150.0
430.5
217.5
447.0
777.0
781.5
576.0
1276.5
216.0
471.0
169.5
604.5
283.5
244.5
678.0
429.0
753.0
505.5
118.5
927.0
1042.5
472.5
202.5
208.5
114.0
123.0
196.5
363.0
894.0
294.0
469.5
1224.0
681.0
453.0
402.0
279.0
331.5
670.5
108.0
84.0
229.5
390.0
520.5
192.0
121.5
774.0
112.5
1126.5
637.5
198.0
181.5
376.5
33.0
577.5
270.0
705.0
490.5
522.0
255.0
1044.0
528.0
642.0
1011.0
240.0
405.0
921.0
679.5
457.5
283.5
169.5
417.0
451.5
850.5
123.0
402.0
111.0
756.0
433.5
291.0
474.0
21.0
612.0
165.0
379.5
228.0
124.5
577.5
406.5
1084.5
81.0
301.5
603.0
205.5
742.5
192.0
477.0
373.5
799.5
910.5
342.0
126.0
247.5
442.5
129.0
846.0
694.5
478.5
1222.5
439.5
217.5
204.0
661.5
79.5
99.0
702.0
1156.5
279.0
246.0
441.0
583.5
498.0
243.0
325.5
474.0
267.0
184.5
153.0
282.0
378.0
241.5
237.0
517.5
399.0
711.0
147.0
286.5
201.0
439.5
768.0
192.0
879.0
282.0
867.0
504.0
702.0
672.0
232.5
897.0
436.5
403.5
259.5
303.0
382.5
106.5
181.5
49.5
406.5
51.0
967.5
15.0
147.0
931.5
717.0
252.0
679.5
222.0
429.0
406.5
441.0
366.0
172.5
724.5
148.5
256.5
804.0
324.0
150.0
358.5
516.0
996.0
415.5
616.5
313.5
58.5
543.0
750.0
462.0
405.0
249.0
783.0
849.0
1158.0
882.0
670.5
72.0
294.0
138.0
723.0
213.0
279.0
550.5
778.5
228.0
640.5
949.5
288.0
252.0
105.0
771.0
375.0
337.5
82.5
363.0
160.5
57.0
261.0
709.5
405.0
609.0
975.0
432.0
1345.5
121.5
861.0
325.5
672.0
466.5
564.0
720.0
40.5
216.0
951.0
301.5
307.5
1554.0
408.0
1068.0
247.5
570.0
439.5
682.5
1017.0
426.0
267.0
562.5
354.0
259.5
262.5
223.5
705.0
919.5
495.0
1191.0
423.0
483.0
345.0
301.5
276.0
111.0
135.0
468.0
171.0
363.0
295.5
366.0
198.0
426.0
360.0
82.5
309.0
436.5
211.5
18.0
175.5
157.5
796.5
268.5
286.5
805.5
699.0
331.5
84.0
315.0
499.5
220.5
456.0
342.0
471.0
376.5
28.5
216.0
379.5
361.5
1308.0
571.5
822.0
324.0
123.0
763.5
441.0
525.0
649.5
306.0
330.0
276.0
279.0
307.5
448.5
265.5
420.0
339.0
91.5
420.0
388.5
82.5
501.0
267.0
475.5
405.0
202.5
379.5
256.5
237.0
474.0
580.5
154.5
432.0
483.0
1158.0
324.0
300.0
406.5
367.5
933.0
132.0
312.0
261.0
654.0
598.5
172.5
307.5
900.0
334.5
138.0
793.5
468.0
360.0
378.0
384.0
978.0
709.5
168.0
445.5
432.0
351.0
327.0
324.0
274.5
798.0
109.5
108.0
459.0
276.0
349.5
375.0
186.0
175.5
580.5
585.0
231.0
444.0
507.0
298.5
276.0
786.0
111.0
201.0
132.0
447.0
525.0
66.0
532.5
468.0
849.0
894.0
160.5
226.5
426.0
21.0
631.5
166.5
385.5
312.0
367.5
690.0
286.5
351.0
831.0
441.0
375.0
670.5
237.0
81.0
583.5
972.0
195.0
226.5
559.5
544.5
382.5
672.0
529.5
498.0
421.5
940.5
54.0
630.0
195.0
157.5
361.5
780.0
541.5
918.0
354.0
345.0
361.5
93.0
172.5
448.5
595.5
135.0
112.5
204.0
619.5
715.5
159.0
1011.0
429.0
601.5
261.0
157.5
241.5
295.5
409.5
501.0
1128.0
642.0
397.5
640.5
252.0
496.5
60.0
262.5
853.5
679.5
597.0
598.5
759.0
232.5
495.0
280.5
379.5
442.5
886.5
1024.5
282.0
201.0
127.5
982.5
486.0
195.0
283.5
609.0
234.0
499.5
534.0
430.5
246.0
313.5
604.5
552.0
606.0
555.0
213.0
640.5
130.5
711.0
94.5
375.0
214.5
109.5
583.5
442.5
181.5
280.5
57.0
577.5
1063.5
727.5
442.5
319.5
1146.0
208.5
204.0
195.0
283.5
261.0
447.0
333.0
180.0
789.0
136.5
52.5
340.5
480.0
639.0
328.5
51.0
126.0
393.0
480.0
417.0
321.0
291.0
121.5
226.5
193.5
633.0
237.0
220.5
165.0
145.5
273.0
123.0
313.5
492.0
417.0
466.5
433.5
195.0
801.0
304.5
336.0
124.5
268.5
567.0
294.0
612.0
432.0
612.0
283.5
282.0
852.0
303.0
567.0
955.5
426.0
616.5
210.0
451.5
369.0
1363.5
201.0
253.5
423.0
630.0
762.0
535.5
399.0
93.0
447.0
225.0
478.5
460.5
343.5
351.0
156.0
304.5
123.0
441.0
361.5
501.0
409.5
502.5
547.5
312.0
538.5
105.0
31.5
466.5
433.5
156.0
357.0
177.0
289.5
399.0
844.5
253.5
238.5
79.5
466.5
336.0
717.0
343.5
117.0
126.0
45.0
642.0
421.5
253.5
361.5
328.5
154.5
331.5
552.0
82.5
312.0
153.0
375.0
174.0
430.5
261.0
934.5
1009.5
139.5
610.5
1153.5
699.0
499.5
300.0
738.0
463.5
1192.5
486.0
33.0
465.0
283.5
405.0
259.5
1206.0
657.0
54.0
478.5
484.5
294.0
226.5
499.5
400.5
114.0
348.0
102.0
436.5
418.5
217.5
67.5
297.0
222.0
714.0
478.5
160.5
298.5
256.5
1152.0
439.5
246.0
294.0
801.0
352.5
420.0
574.5
756.0
346.5
660.0
316.5
97.5
348.0
364.5
945.0
699.0
540.0
382.5
847.5
300.0
150.0
505.5
609.0
399.0
378.0
168.0
112.5
471.0
328.5
313.5
93.0
384.0
642.0
307.5
421.5
787.5
40.5
1417.5
505.5
274.5
732.0
942.0
600.0
1081.5
355.5
232.5
436.5
291.0
246.0
411.0
102.0
529.5
181.5
696.0
334.5
466.5
124.5
253.5
415.5
567.0
162.0
556.5
1060.5
349.5
460.5
150.0
481.5
879.0
687.0
799.5
348.0
90.0
1102.5
679.5
526.5
255.0
114.0
27.0
1009.5
702.0
336.0
243.0
430.5
547.5
780.0
798.0
130.5
1132.5
526.5
453.0
465.0
309.0
639.0
438.0
384.0
309.0
346.5
247.5
88.5
681.0
205.5
559.5
204.0
618.0
381.0
1213.5
369.0
456.0
333.0
271.5
121.5
282.0
321.0
370.5
709.5
729.0
1083.0
756.0
223.5
82.5
271.5
720.0
904.5
832.5
295.5
405.0
318.0
580.5
349.5
366.0
523.5
465.0
709.5
246.0
484.5
774.0
465.0
637.5
445.5
300.0
388.5
870.0
648.0
268.5
457.5
463.5
385.5
943.5
661.5
640.5
681.0
154.5
298.5
364.5
132.0
369.0
259.5
427.5
378.0
225.0
436.5
775.5
418.5
277.5
132.0
712.5
240.0
283.5
213.0
381.0
520.5
520.5
303.0
70.5
448.5
352.5
250.5
243.0
480.0
480.0
897.0
217.5
549.0
859.5
507.0
628.5
400.5
442.5
168.0
76.5
375.0
543.0
94.5
598.5
255.0
108.0
366.0
234.0
369.0
891.0
325.5
1014.0
265.5
133.5
789.0
708.0
384.0
139.5
249.0
291.0
469.5
120.0
195.0
465.0
531.0
360.0
574.5
688.5
907.5
975.0
540.0
526.5
724.5
196.5
667.5
223.5
316.5
361.5
805.5
414.0
366.0
517.5
744.0
208.5
511.5
513.0
412.5
148.5
594.0
465.0
207.0
891.0
325.5
430.5
756.0
606.0
430.5
627.0
453.0
70.5
178.5
525.0
132.0
576.0
541.5
241.5
178.5
619.5
108.0
385.5
408.0
265.5
324.0
211.5
171.0
39.0
159.0
549.0
738.0
229.5
450.0
661.5
492.0
496.5
939.0
957.0
195.0
58.5
1003.5
429.0
195.0
240.0
406.5
355.5
292.5
511.5
357.0
375.0
250.5
225.0
633.0
184.5
220.5
327.0
456.0
213.0
768.0
507.0
157.5
1122.0
844.5
1095.0
709.5
772.5
264.0
121.5
133.5
144.0
223.5
312.0
265.5
291.0
430.5
499.5
153.0
214.5
375.0
126.0
217.5
303.0
381.0
339.0
492.0
355.5
417.0
750.0
226.5
163.5
682.5
522.0
504.0
150.0
867.0
363.0
982.5
565.5
682.5
63.0
784.5
153.0
529.5
414.0
598.5
745.5
348.0
762.0
310.5
321.0
211.5
105.0
187.5
108.0
621.0
307.5
193.5
717.0
271.5
351.0
366.0
711.0
228.0
870.0
70.5
567.0
628.5
462.0
264.0
147.0
703.5
667.5
393.0
885.0
75.0
241.5
187.5
186.0
229.5
562.5
226.5
556.5
373.5
436.5
853.5
679.5
541.5
685.5
136.5
351.0
232.5
588.0
895.5
930.0
783.0
241.5
408.0
441.0
348.0
210.0
754.5
139.5
388.5
339.0
300.0
769.5
382.5
121.5
40.5
1026.0
780.0
283.5
261.0
699.0
286.5
214.5
339.0
222.0
333.0
673.5
102.0
474.0
517.5
402.0
295.5
960.0
843.0
195.0
999.0
141.0
210.0
294.0
222.0
192.0
226.5
66.0
720.0
684.0
681.0
151.5
271.5
117.0
646.5
363.0
280.5
175.5
373.5
118.5
126.0
105.0
858.0
603.0
166.5
577.5
247.5
244.5
342.0
927.0
111.0
510.0
288.0
973.5
54.0
124.5
199.5
219.0
1342.5
162.0
174.0
168.0
202.5
541.5
375.0
384.0
814.5
463.5
1065.0
744.0
162.0
204.0
319.5
175.5
445.5
450.0
207.0
375.0
166.5
690.0
168.0
361.5
318.0
1222.5
907.5
211.5
160.5
361.5
205.5
430.5
541.5
130.5
355.5
361.5
466.5
48.0
265.5
144.0
225.0
150.0
141.0
303.0
184.5
934.5
460.5
189.0
981.0
744.0
355.5
540.0
255.0
306.0
33.0
619.5
105.0
318.0
1176.0
790.5
394.5
451.5
303.0
1227.0
450.0
175.5
331.5
231.0
375.0
438.0
811.5
339.0
507.0
429.0
163.5
159.0
288.0
282.0
259.5
370.5
400.5
757.5
387.0
175.5
127.5
121.5
546.0
262.5
415.5
607.5
273.0
126.0
286.5
384.0
657.0
870.0
889.5
511.5
1251.0
397.5
127.5
285.0
558.0
655.5
330.0
430.5
279.0
514.5
451.5
540.0
232.5
460.5
103.5
223.5
397.5
586.5
616.5
903.0
604.5
369.0
63.0
655.5
396.0
537.0
729.0
196.5
189.0
382.5
217.5
805.5
273.0
348.0
124.5
27.0
160.5
102.0
447.0
373.5
403.5
169.5
574.5
114.0
190.5
45.0
315.0
88.5
709.5
513.0
606.0
321.0
460.5
631.5
222.0
151.5
111.0
76.5
930.0
453.0
333.0
672.0
652.5
400.5
553.5
381.0
625.5
562.5
975.0
102.0
246.0
472.5
196.5
196.5
349.5
310.5
354.0
249.0
183.0
958.5
301.5
510.0
210.0
345.0
132.0
210.0
165.0
559.5
264.0
919.5
348.0
369.0
15.0
582.0
636.0
456.0
391.5
504.0
214.5
601.5
631.5
246.0
658.5
363.0
1155.0
501.0
277.5
777.0
261.0
384.0
975.0
414.0
744.0
324.0
159.0
291.0
399.0
453.0
96.0
493.5
499.5
289.5
334.5
543.0
696.0
579.0
412.5
697.5
460.5
606.0
973.5
403.5
802.5
1009.5
468.0
166.5
295.5
286.5
601.5
736.5
183.0
190.5
289.5
138.0
249.0
639.0
559.5
112.5
1294.5
456.0
639.0
136.5
195.0
637.5
559.5
130.5
255.0
552.0
541.5
439.5
189.0
402.0
582.0
18.0
397.5
355.5
76.5
94.5
514.5
241.5
390.0
655.5
348.0
691.5
439.5
760.5
196.5
469.5
136.5
340.5
277.5
390.0
108.0
186.0
396.0
574.5
163.5
255.0
268.5
646.5
250.5
529.5
489.0
99.0
904.5
1125.0
351.0
250.5
508.5
844.5
427.5
310.5
666.0
265.5
636.0
306.0
1119.0
285.0
307.5
204.0
85.5
153.0
133.5
259.5
684.0
99.0
538.5
213.0
333.0
405.0
802.5
208.5
330.0
763.5
147.0
582.0
441.0
193.5
498.0
379.5
690.0
651.0
219.0
874.5
516.0
283.5
300.0
51.0
243.0
382.5
342.0
304.5
625.5
171.0
316.5
454.5
150.0
976.5
585.0
423.0
594.0
540.0
1077.0
471.0
418.5
957.0
736.5
190.5
669.0
877.5
159.0
754.5
324.0
504.0
751.5
588.0
858.0
648.0
349.5
565.5
577.5
1168.5
220.5
274.5
1045.5
316.5
348.0
120.0
177.0
507.0
297.0
490.5
747.0
369.0
322.5
894.0
172.5
1144.5
69.0
109.5
394.5
604.5
373.5
550.5
672.0
400.5
370.5
654.0
400.5
393.0
343.5
786.0
783.0
468.0
132.0
628.5
625.5
231.0
315.0
508.5
312.0
288.0
813.0
1008.0
396.0
930.0
469.5
102.0
787.5
355.5
67.5
160.5
204.0
789.0
297.0
535.5
174.0
279.0
843.0
202.5
606.0
318.0
291.0
283.5
228.0
208.5
285.0
424.5
384.0
532.5
378.0
252.0
535.5
1093.5
36.0
87.0
306.0
543.0
63.0
222.0
373.5
768.0
609.0
258.0
135.0
349.5
525.0
78.0
463.5
252.0
687.0
274.5
340.5
697.5
456.0
141.0
445.5
162.0
427.5
361.5
370.5
610.5
99.0
235.5
432.0
619.5
453.0
547.5
348.0
108.0
162.0
364.5
102.0
153.0
445.5
831.0
28.5
891.0
370.5
424.5
1098.0
160.5
274.5
601.5
319.5
436.5
1026.0
355.5
315.0
744.0
370.5
847.5
216.0
274.5
247.5
147.0
622.5
613.5
226.5
312.0
543.0
918.0
322.5
294.0
135.0
192.0
277.5
1222.5
610.5
523.5
633.0
409.5
492.0
255.0
853.5
172.5
535.5
249.0
355.5
913.5
180.0
451.5
421.5
807.0
592.5
432.0
243.0
166.5
388.5
22.5
298.5
846.0
399.0
532.5
774.0
394.5
406.5
576.0
288.0
256.5
211.5
286.5
429.0
480.0
300.0
151.5
730.5
763.5
220.5
307.5
214.5
349.5
372.0
342.0
621.0
256.5
313.5
237.0
559.5
477.0
420.0
45.0
751.5
786.0
174.0
453.0
1000.5
858.0
31.5
271.5
51.0
226.5
834.0
393.0
538.5
475.5
339.0
550.5
283.5
399.0
259.5
516.0
369.0
369.0
1140.0
816.0
498.0
885.0
415.5
82.5
693.0
31.5
253.5
93.0
640.5
483.0
397.5
267.0
184.5
901.5
288.0
108.0
651.0
106.5
714.0
883.5
295.5
156.0
816.0
210.0
828.0
156.0
819.0
174.0
411.0
118.5
112.5
204.0
609.0
754.5
1255.5
235.5
487.5
814.5
316.5
252.0
441.0
337.5
640.5
424.5
546.0
552.0
156.0
162.0
693.0
231.0
105.0
256.5
703.5
90.0
834.0
865.5
229.5
217.5
148.5
553.5
229.5
130.5
867.0
1231.5
468.0
309.0
360.0
244.5
253.5
186.0
496.5
396.0
520.5
385.5
250.5
703.5
435.0
286.5
247.5
456.0
661.5
703.5
249.0
273.0
843.0
411.0
1057.5
778.5
187.5
208.5
414.0
253.5
580.5
219.0
391.5
616.5
760.5
655.5
943.5
622.5
586.5
51.0
771.0
217.5
613.5
226.5
357.0
988.5
1156.5
1018.5
262.5
46.5
142.5
174.0
219.0
294.0
156.0
466.5
1047.0
447.0
40.5
337.5
450.0
187.5
322.5
942.0
349.5
528.0
490.5
235.5
244.5
267.0
838.5
484.5
223.5
616.5
109.5
183.0
114.0
261.0
153.0
369.0
469.5
630.0
207.0
1039.5
312.0
697.5
712.5
603.0
532.5
358.5
52.5
241.5
268.5
193.5
652.5
937.5
667.5
628.5
166.5
351.0
49.5
618.0
133.5
388.5
541.5
402.0
703.5
397.5
769.5
123.0
579.0
403.5
441.0
211.5
379.5
316.5
739.5
442.5
792.0
393.0
667.5
397.5
987.0
132.0
144.0
261.0
303.0
276.0
793.5
168.0
891.0
156.0
591.0
310.5
292.5
376.5
703.5
873.0
213.0
760.5
274.5
381.0
268.5
513.0
615.0
883.5
342.0
307.5
207.0
481.5
82.5
309.0
520.5
465.0
465.0
439.5
58.5
265.5
328.5
403.5
280.5
198.0
1036.5
166.5
243.0
447.0
540.0
273.0
324.0
726.0
465.0
300.0
336.0
739.5
322.5
234.0
391.5
736.5
868.5
447.0
285.0
469.5
70.5
636.0
162.0
534.0
292.5
310.5
52.5
294.0
264.0
520.5
483.0
321.0
99.0
415.5
723.0
31.5
256.5
243.0
82.5
553.5
399.0
898.5
189.0
117.0
270.0
132.0
289.5
373.5
529.5
390.0
543.0
343.5
199.5
280.5
157.5
262.5
369.0
735.0
507.0
1191.0
415.5
778.5
517.5
442.5
808.5
223.5
768.0
277.5
183.0
1090.5
760.5
654.0
21.0
384.0
436.5
433.5
330.0
210.0
268.5
480.0
678.0
429.0
330.0
331.5
147.0
433.5
625.5
954.0
553.5
369.0
592.5
1015.5
114.0
489.0
265.5
240.0
559.5
882.0
154.5
336.0
552.0
483.0
550.5
384.0
529.5
457.5
376.5
97.5
255.0
66.0
393.0
772.5
1099.5
94.5
607.5
360.0
315.0
457.5
417.0
526.5
1254.0
954.0
292.5
238.5
997.5
222.0
921.0
138.0
153.0
198.0
388.5
1233.0
409.5
406.5
598.5
295.5
132.0
1117.5
195.0
432.0
141.0
376.5
181.5
355.5
546.0
76.5
165.0
312.0
120.0
303.0
1144.5
784.5
1032.0
1020.0
495.0
814.5
169.5
223.5
130.5
111.0
559.5
354.0
370.5
261.0
196.5
66.0
258.0
24.0
412.5
240.0
117.0
901.5
463.5
825.0
420.0
478.5
372.0
231.0
205.5
166.5
207.0
285.0
187.5
555.0
571.5
514.5
213.0
109.5
270.0
687.0
798.0
325.5
502.5
322.5
195.0
898.5
462.0
369.0
670.5
57.0
499.5
132.0
318.0
771.0
294.0
676.5
265.5
313.5
445.5
421.5
325.5
336.0
205.5
991.5
138.0
343.5
397.5
298.5
718.5
217.5
796.5
189.0
312.0
340.5
588.0
327.0
609.0
310.5
420.0
117.0
735.0
222.0
438.0
369.0
252.0
228.0
354.0
255.0
385.5
229.5
829.5
409.5
312.0
355.5
160.5
405.0
100.5
280.5
945.0
1440.0
931.5
328.5
385.5
358.5
568.5
529.5
312.0
273.0
544.5
271.5
280.5
774.0
246.0
442.5
462.0
189.0
244.5
109.5
121.5
508.5
463.5
714.0
453.0
495.0
247.5
150.0
337.5
436.5
454.5
117.0
249.0
1227.0
610.5
231.0
858.0
207.0
423.0
750.0
255.0
334.5
784.5
306.0
313.5
345.0
394.5
576.0
235.5
1174.5
424.5
621.0
585.0
64.5
655.5
148.5
1095.0
142.5
663.0
130.5
588.0
157.5
288.0
603.0
616.5
508.5
619.5
142.5
186.0
189.0
265.5
657.0
777.0
102.0
237.0
766.5
847.5
940.5
279.0
258.0
766.5
544.5
379.5
394.5
492.0
478.5
472.5
192.0
873.0
439.5
352.5
339.0
63.0
304.5
318.0
586.5
265.5
753.0
987.0
531.0
384.0
217.5
628.5
321.0
156.0
543.0
229.5
66.0
1110.0
336.0
199.5
256.5
217.5
247.5
307.5
225.0
424.5
564.0
825.0
1324.5
64.5
828.0
415.5
282.0
597.0
363.0
201.0
418.5
526.5
241.5
606.0
273.0
577.5
844.5
312.0
240.0
573.0
660.0
424.5
82.5
324.0
274.5
468.0
526.5
543.0
1156.5
43.5
165.0
219.0
435.0
235.5
181.5
235.5
294.0
142.5
408.0
594.0
520.5
357.0
57.0
61.5
262.5
406.5
271.5
847.5
136.5
658.5
252.0
690.0
148.5
192.0
360.0
468.0
330.0
633.0
610.5
481.5
609.0
291.0
850.5
336.0
1117.5
841.5
346.5
403.5
399.0
660.0
706.5
528.0
376.5
66.0
345.0
505.5
847.5
451.5
351.0
645.0
406.5
603.0
100.5
523.5
162.0
681.0
588.0
330.0
384.0
348.0
172.5
106.5
289.5
315.0
180.0
367.5
127.5
429.0
118.5
223.5
222.0
261.0
709.5
628.5
927.0
1044.0
628.5
369.0
298.5
427.5
729.0
556.5
427.5
834.0
166.5
298.5
568.5
393.0
165.0
738.0
747.0
85.5
336.0
832.5
48.0
205.5
181.5
327.0
723.0
846.0
609.0
465.0
831.0
657.0
870.0
547.5
387.0
157.5
175.5
541.5
265.5
88.5
333.0
349.5
234.0
718.5
399.0
289.5
258.0
535.5
712.5
210.0
321.0
273.0
171.0
219.0
1087.5
634.5
199.5
246.0
159.0
250.5
775.5
682.5
840.0
805.5
207.0
684.0
808.5
462.0
387.0
198.0
33.0
637.5
573.0
997.5
334.5
874.5
90.0
436.5
709.5
766.5
823.5
295.5
349.5
168.0
210.0
259.5
267.0
664.5
577.5
235.5
927.0
769.5
255.0
484.5
294.0
564.0
528.0
91.5
370.5
714.0
723.0
354.0
372.0
744.0
142.5
607.5
280.5
690.0
786.0
111.0
309.0
273.0
225.0
267.0
60.0
157.5
670.5
609.0
409.5
586.5
252.0
87.0
373.5
466.5
631.5
330.0
472.5
582.0
312.0
315.0
271.5
955.5
159.0
634.5
304.5
322.5
252.0
481.5
318.0
969.0
1504.5
184.5
534.0
217.5
142.5
261.0
279.0
547.5
312.0
246.0
147.0
481.5
718.5
298.5
349.5
405.0
165.0
381.0
897.0
768.0
202.5
352.5
894.0
459.0
217.5
238.5
175.5
216.0
768.0
561.0
337.5
556.5
214.5
88.5
357.0
250.5
738.0
391.5
627.0
481.5
84.0
363.0
654.0
378.0
1501.5
282.0
370.5
186.0
601.5
288.0
606.0
85.5
301.5
270.0
951.0
366.0
109.5
333.0
150.0
409.5
532.5
745.5
384.0
1032.0
787.5
61.5
312.0
162.0
1012.5
565.5
421.5
379.5
435.0
250.5
150.0
259.5
390.0
948.0
567.0
171.0
288.0
243.0
306.0
744.0
412.5
453.0
987.0
382.5
1282.5
235.5
723.0
238.5
217.5
388.5
373.5
493.5
1164.0
640.5
144.0
319.5
391.5
124.5
318.0
333.0
535.5
321.0
594.0
186.0
589.5
1072.5
96.0
720.0
379.5
129.0
151.5
199.5
444.0
250.5
252.0
384.0
645.0
777.0
73.5
352.5
79.5
481.5
304.5
463.5
1096.5
402.0
399.0
646.5
576.0
450.0
1204.5
790.5
231.0
282.0
451.5
379.5
910.5
355.5
193.5
138.0
297.0
612.0
331.5
549.0
271.5
492.0
382.5
529.5
156.0
195.0
184.5
424.5
336.0
271.5
493.5
58.5
103.5
345.0
456.0
781.5
252.0
327.0
258.0
1044.0
370.5
525.0
309.0
592.5
259.5
267.0
514.5
306.0
69.0
1035.0
441.0
403.5
327.0
279.0
354.0
330.0
771.0
289.5
174.0
210.0
342.0
588.0
451.5
589.5
190.5
136.5
820.5
132.0
360.0
189.0
451.5
306.0
61.5
49.5
270.0
802.5
165.0
706.5
745.5
441.0
960.0
517.5
561.0
585.0
529.5
262.5
97.5
951.0
501.0
1521.0
586.5
429.0
289.5
363.0
535.5
343.5
232.5
508.5
217.5
603.0
151.5
196.5
340.5
88.5
634.5
310.5
166.5
255.0
721.5
163.5
84.0
367.5
316.5
381.0
621.0
319.5
787.5
609.0
411.0
447.0
147.0
495.0
1011.0
297.0
168.0
508.5
196.5
261.0
469.5
469.5
408.0
363.0
454.5
181.5
340.5
418.5
457.5
660.0
538.5
876.0
141.0
175.5
205.5
243.0
261.0
462.0
451.5
471.0
376.5
238.5
288.0
487.5
637.5
271.5
915.0
517.5
412.5
286.5
633.0
667.5
94.5
90.0
270.0
219.0
387.0
88.5
739.5
612.0
172.5
186.0
408.0
676.5
489.0
316.5
408.0
409.5
117.0
525.0
309.0
1057.5
84.0
751.5
366.0
247.5
361.5
400.5
636.0
411.0
243.0
300.0
1092.0
34.5
346.5
438.0
276.0
961.5
228.0
454.5
634.5
627.0
58.5
699.0
781.5
427.5
397.5
315.0
273.0
531.0
549.0
163.5
486.0
762.0
265.5
406.5
342.0
61.5
324.0
177.0
151.5
189.0
364.5
444.0
442.5
474.0
885.0
130.5
171.0
306.0
774.0
280.5
613.5
523.5
196.5
160.5
259.5
235.5
147.0
123.0
222.0
585.0
465.0
882.0
7.5
1072.5
516.0
364.5
487.5
655.5
276.0
189.0
390.0
97.5
672.0
400.5
295.5
858.0
534.0
561.0
351.0
72.0
16.5
208.5
270.0
210.0
1065.0
426.0
424.5
958.5
981.0
376.5
420.0
376.5
121.5
528.0
508.5
297.0
834.0
220.5
496.5
625.5
309.0
304.5
586.5
370.5
1030.5
573.0
78.0
309.0
646.5
883.5
505.5
660.0
816.0
931.5
379.5
234.0
169.5
648.0
214.5
66.0
477.0
301.5
190.5
378.0
387.0
934.5
415.5
543.0
988.5
258.0
415.5
528.0
307.5
426.0
231.0
606.0
249.0
90.0
271.5
517.5
247.5
879.0
606.0
370.5
282.0
294.0
654.0
102.0
595.5
400.5
456.0
1006.5
477.0
514.5
720.0
928.5
600.0
861.0
304.5
894.0
1317.0
613.5
996.0
919.5
757.5
663.0
162.0
981.0
435.0
154.5
186.0
136.5
955.5
1335.0
214.5
631.5
157.5
375.0
1365.0
456.0
631.5
372.0
99.0
111.0
499.5
829.5
595.5
480.0
816.0
960.0
423.0
319.5
427.5
388.5
310.5
225.0
166.5
39.0
610.5
291.0
592.5
654.0
358.5
259.5
1059.0
21.0
720.0
580.5
111.0
373.5
628.5
478.5
216.0
627.0
750.0
936.0
1195.5
924.0
153.0
93.0
358.5
642.0
483.0
171.0
231.0
186.0
337.5
37.5
430.5
489.0
487.5
207.0
94.5
373.5
91.5
895.5
784.5
259.5
247.5
294.0
67.5
279.0
429.0
1000.5
348.0
286.5
205.5
403.5
514.5
868.5
478.5
720.0
513.0
417.0
186.0
228.0
430.5
321.0
661.5
261.0
952.5
7.5
430.5
372.0
535.5
255.0
997.5
90.0
421.5
111.0
786.0
105.0
216.0
256.5
333.0
354.0
246.0
801.0
324.0
517.5
426.0
492.0
166.5
816.0
187.5
123.0
106.5
498.0
99.0
174.0
81.0
133.5
633.0
240.0
516.0
1152.0
435.0
430.5
529.5
243.0
609.0
265.5
406.5
591.0
204.0
310.5
375.0
289.5
82.5
904.5
442.5
108.0
915.0
354.0
141.0
187.5
61.5
483.0
279.0
177.0
441.0
76.5
438.0
826.5
1276.5
79.5
592.5
709.5
1225.5
666.0
207.0
219.0
178.5
225.0
583.5
193.5
564.0
282.0
232.5
492.0
427.5
414.0
339.0
618.0
1254.0
319.5
117.0
726.0
600.0
378.0
291.0
142.5
261.0
357.0
177.0
633.0
67.5
954.0
877.5
856.5
739.5
100.5
69.0
168.0
184.5
271.5
76.5
63.0
522.0
972.0
241.5
985.5
255.0
102.0
72.0
318.0
157.5
214.5
115.5
823.5
330.0
252.0
699.0
406.5
79.5
90.0
172.5
291.0
1005.0
124.5
318.0
666.0
738.0
814.5
663.0
385.5
441.0
463.5
283.5
240.0
175.5
459.0
322.5
691.5
226.5
601.5
591.0
547.5
786.0
369.0
859.5
675.0
346.5
969.0
579.0
382.5
409.5
85.5
856.5
705.0
766.5
247.5
591.0
597.0
409.5
156.0
504.0
214.5
505.5
226.5
457.5
412.5
592.5
759.0
219.0
304.5
825.0
171.0
388.5
63.0
340.5
303.0
513.0
634.5
190.5
414.0
708.0
270.0
340.5
582.0
228.0
454.5
529.5
1054.5
246.0
343.5
636.0
204.0
181.5
417.0
765.0
1191.0
336.0
145.5
300.0
138.0
129.0
607.5
298.5
657.0
832.5
229.5
507.0
621.0
76.5
415.5
369.0
135.0
324.0
741.0
718.5
826.5
355.5
655.5
805.5
519.0
595.5
144.0
976.5
636.0
325.5
703.5
238.5
277.5
1057.5
79.5
181.5
433.5
192.0
511.5
261.0
1270.5
586.5
337.5
199.5
252.0
574.5
210.0
199.5
1249.5
421.5
318.0
633.0
492.0
207.0
106.5
73.5
37.5
400.5
868.5
339.0
1074.0
334.5
606.0
270.0
583.5
1272.0
111.0
655.5
141.0
579.0
232.5
480.0
265.5
838.5
235.5
270.0
426.0
927.0
364.5
325.5
546.0
261.0
391.5
492.0
307.5
1134.0
411.0
618.0
328.5
46.5
645.0
487.5
562.5
396.0
478.5
208.5
120.0
127.5
640.5
973.5
1099.5
376.5
445.5
70.5
261.0
571.5
1294.5
162.0
721.5
337.5
913.5
312.0
373.5
351.0
583.5
199.5
714.0
669.0
204.0
214.5
664.5
373.5
201.0
294.0
109.5
244.5
300.0
229.5
673.5
235.5
504.0
199.5
481.5
661.5
58.5
900.0
298.5
219.0
720.0
837.0
507.0
34.5
127.5
184.5
423.0
22.5
96.0
291.0
573.0
484.5
430.5
190.5
412.5
276.0
1048.5
165.0
279.0
825.0
712.5
54.0
669.0
699.0
118.5
874.5
544.5
286.5
310.5
255.0
207.0
438.0
649.5
357.0
39.0
361.5
751.5
423.0
270.0
679.5
382.5
294.0
231.0
366.0
72.0
328.5
615.0
301.5
99.0
741.0
1366.5
267.0
58.5
1035.0
276.0
183.0
511.5
408.0
687.0
777.0
150.0
507.0
391.5
231.0
279.0
540.0
669.0
264.0
277.5
669.0
423.0
502.5
441.0
648.0
174.0
264.0
630.0
123.0
495.0
352.5
490.5
442.5
268.5
262.5
627.0
460.5
541.5
286.5
850.5
352.5
234.0
490.5
127.5
415.5
657.0
229.5
517.5
363.0
561.0
432.0
598.5
495.0
243.0
394.5
687.0
666.0
136.5
103.5
123.0
591.0
349.5
294.0
316.5
346.5
426.0
210.0
147.0
597.0
775.5
298.5
144.0
250.5
441.0
505.5
480.0
570.0
963.0
349.5
220.5
198.0
169.5
826.5
423.0
348.0
678.0
351.0
579.0
133.5
558.0
259.5
1173.0
745.5
378.0
118.5
522.0
232.5
345.0
562.5
738.0
498.0
375.0
886.5
874.5
253.5
166.5
679.5
525.0
237.0
264.0
661.5
651.0
163.5
607.5
261.0
676.5
463.5
580.5
894.0
282.0
438.0
213.0
277.5
325.5
264.0
202.5
249.0
532.5
196.5
388.5
201.0
640.5
409.5
175.5
300.0
412.5
625.5
622.5
586.5
574.5
100.5
1648.5
513.0
141.0
88.5
246.0
690.0
565.5
861.0
811.5
195.0
516.0
819.0
529.5
297.0
640.5
112.5
271.5
387.0
135.0
292.5
444.0
403.5
472.5
1440.0
643.5
843.0
379.5
193.5
1003.5
48.0
289.5
1065.0
288.0
576.0
433.5
951.0
468.0
148.5
861.0
345.0
547.5
324.0
285.0
141.0
399.0
232.5
832.5
178.5
940.5
556.5
268.5
186.0
118.5
180.0
228.0
129.0
435.0
552.0
330.0
574.5
357.0
528.0
105.0
462.0
286.5
334.5
403.5
225.0
64.5
342.0
414.0
229.5
519.0
37.5
207.0
105.0
882.0
58.5
190.5
714.0
495.0
369.0
168.0
661.5
850.5
250.5
532.5
351.0
298.5
240.0
253.5
228.0
171.0
382.5
198.0
792.0
535.5
283.5
637.5
645.0
319.5
229.5
1246.5
792.0
415.5
244.5
231.0
412.5
127.5
201.0
276.0
231.0
114.0
729.0
538.5
223.5
439.5
354.0
717.0
111.0
282.0
265.5
531.0
414.0
666.0
208.5
241.5
496.5
343.5
271.5
112.5
516.0
534.0
952.5
187.5
273.0
459.0
225.0
562.5
499.5
252.0
198.0
658.5
304.5
760.5
487.5
49.5
253.5
393.0
540.0
687.0
385.5
822.0
708.0
229.5
966.0
385.5
265.5
426.0
349.5
282.0
1341.0
634.5
1230.0
244.5
460.5
88.5
789.0
273.0
223.5
1464.0
358.5
247.5
208.5
166.5
270.0
576.0
240.0
15.0
246.0
439.5
252.0
445.5
589.5
204.0
177.0
568.5
216.0
456.0
141.0
162.0
438.0
99.0
405.0
189.0
610.5
274.5
631.5
159.0
724.5
229.5
247.5
417.0
174.0
358.5
595.5
21.0
189.0
480.0
130.5
759.0
207.0
