870.0
366.0
1563.0
1165.5
952.5
487.5
373.5
382.5
1002.0
702.0
1276.5
847.5
1219.5
1552.5
549.0
859.5
474.0
1677.0
1300.5
291.0
1272.0
934.5
610.5
724.5
613.5
1339.5
1156.5
1023.0
1644.0
757.5
1116.0
1288.5
519.0
477.0
306.0
792.0
894.0
1600.5
1210.5
474.0
996.0
1179.0
1506.0
1336.5
721.5
1017.0
1215.0
1381.5
333.0
1209.0
1326.0
723.0
840.0
288.0
1164.0
1192.5
1662.0
103.5
1062.0
462.0
1579.5
1710.0
516.0
204.0
1221.0
342.0
474.0
42.0
481.5
574.5
1464.0
591.0
759.0
1261.5
538.5
756.0
540.0
411.0
1048.5
315.0
1135.5
408.0
754.5
666.0
438.0
1183.5
621.0
1174.5
1635.0
1584.0
1569.0
1458.0
1789.5
619.5
1128.0
1327.5
871.5
118.5
1267.5
715.5
508.5
1546.5
1135.5
219.0
477.0
1176.0
1383.0
1213.5
1050.0
1401.0
1588.5
18.0
427.5
408.0
898.5
1456.5
931.5
1156.5
996.0
283.5
844.5
1674.0
1578.0
1090.5
1152.0
997.5
466.5
1170.0
1240.5
1156.5
1701.0
1677.0
1519.5
745.5
616.5
733.5
958.5
618.0
846.0
1459.5
541.5
313.5
607.5
208.5
708.0
1117.5
930.0
780.0
1153.5
409.5
1383.0
688.5
1228.5
886.5
1327.5
747.0
793.5
615.0
474.0
1302.0
948.0
1611.0
1032.0
1168.5
1432.5
1144.5
564.0
1141.5
315.0
1501.5
327.0
1555.5
1746.0
1465.5
1425.0
612.0
702.0
412.5
739.5
1551.0
673.5
1137.0
828.0
1414.5
1017.0
514.5
870.0
1552.5
712.5
1138.5
1009.5
706.5
1305.0
817.5
882.0
1012.5
934.5
484.5
1410.0
1081.5
775.5
1177.5
718.5
1179.0
1483.5
1480.5
847.5
1063.5
519.0
1095.0
1539.0
1329.0
1777.5
276.0
352.5
1372.5
1494.0
1351.5
1000.5
867.0
1405.5
1099.5
1306.5
771.0
1426.5
561.0
1495.5
804.0
270.0
1146.0
321.0
625.5
798.0
169.5
357.0
375.0
924.0
760.5
1288.5
1641.0
916.5
312.0
1285.5
709.5
457.5
772.5
1608.0
1279.5
586.5
435.0
903.0
1227.0
1591.5
669.0
975.0
640.5
957.0
1180.5
454.5
1023.0
1486.5
633.0
229.5
1174.5
1719.0
157.5
1572.0
334.5
1210.5
1363.5
282.0
777.0
555.0
249.0
930.0
535.5
1114.5
1564.5
1405.5
1711.5
372.0
238.5
1755.0
1269.0
705.0
1078.5
927.0
754.5
1501.5
403.5
619.5
1545.0
1495.5
1213.5
1585.5
877.5
736.5
412.5
1443.0
631.5
793.5
1296.0
1636.5
1678.5
825.0
313.5
1333.5
1305.0
999.0
582.0
925.5
1620.0
324.0
1086.0
487.5
409.5
1611.0
616.5
480.0
1567.5
804.0
622.5
1035.0
1081.5
1441.5
1545.0
1753.5
1617.0
856.5
58.5
736.5
1366.5
181.5
282.0
553.5
667.5
940.5
285.0
267.0
459.0
379.5
1554.0
243.0
577.5
708.0
904.5
352.5
286.5
1125.0
1471.5
723.0
1473.0
831.0
1407.0
229.5
1182.0
492.0
1203.0
1335.0
706.5
885.0
853.5
1272.0
382.5
553.5
1024.5
1024.5
1341.0
1290.0
1083.0
222.0
1618.5
1015.5
582.0
612.0
487.5
564.0
834.0
549.0
1567.5
994.5
552.0
222.0
927.0
697.5
1246.5
429.0
1269.0
1431.0
249.0
1338.0
424.5
309.0
1501.5
312.0
684.0
603.0
283.5
1366.5
388.5
46.5
1636.5
1788.0
1299.0
1074.0
1092.0
1126.5
988.5
1146.0
1231.5
990.0
1140.0
741.0
1018.5
358.5
1320.0
1342.5
1585.5
1215.0
1371.0
795.0
1576.5
1261.5
1467.0
948.0
366.0
318.0
1317.0
1017.0
313.5
649.5
1371.0
531.0
1359.0
1162.5
298.5
1414.5
517.5
270.0
252.0
1353.0
1366.5
907.5
1120.5
870.0
1180.5
1183.5
1422.0
1303.5
1252.5
1047.0
546.0
127.5
931.5
1405.5
627.0
784.5
138.0
345.0
484.5
210.0
258.0
757.5
585.0
1413.0
340.5
1663.5
876.0
1263.0
1314.0
928.5
1228.5
157.5
463.5
141.0
1570.5
1353.0
687.0
769.5
1402.5
790.5
648.0
412.5
243.0
199.5
648.0
292.5
435.0
1704.0
751.5
660.0
984.0
145.5
1438.5
322.5
1317.0
426.0
703.5
417.0
442.5
387.0
1258.5
369.0
951.0
1309.5
1441.5
1720.5
1020.0
870.0
228.0
1602.0
705.0
670.5
1126.5
168.0
357.0
1227.0
1609.5
1014.0
981.0
487.5
994.5
303.0
994.5
1584.0
319.5
1279.5
1374.0
1006.5
1452.0
1393.5
1002.0
804.0
436.5
1533.0
1473.0
1329.0
1224.0
1204.5
1402.5
1741.5
1485.0
271.5
828.0
1269.0
1494.0
889.5
1449.0
936.0
954.0
691.5
789.0
472.5
205.5
201.0
897.0
309.0
1795.5
1612.5
1128.0
901.5
897.0
895.5
459.0
309.0
1156.5
877.5
1527.0
979.5
666.0
778.5
1171.5
1056.0
1411.5
1410.0
1599.0
1338.0
1236.0
396.0
193.5
1776.0
523.5
903.0
733.5
1359.0
1149.0
1009.5
780.0
670.5
1320.0
1231.5
1072.5
202.5
1398.0
1263.0
1515.0
462.0
865.5
1237.5
198.0
585.0
685.5
1092.0
208.5
1698.0
1242.0
1690.5
973.5
1338.0
937.5
1695.0
1705.5
1189.5
1420.5
1048.5
961.5
1383.0
858.0
1162.5
1347.0
1182.0
909.0
555.0
558.0
1294.5
1677.0
324.0
1233.0
684.0
1306.5
1110.0
954.0
1494.0
1483.5
280.5
1402.5
822.0
1399.5
1098.0
1027.5
1305.0
609.0
1206.0
948.0
672.0
309.0
514.5
940.5
1726.5
1363.5
654.0
580.5
1495.5
1558.5
537.0
328.5
873.0
517.5
1495.5
1579.5
1038.0
565.5
645.0
1212.0
223.5
1020.0
231.0
421.5
1365.0
586.5
1149.0
660.0
993.0
531.0
1477.5
196.5
529.5
294.0
1348.5
1092.0
124.5
721.5
1438.5
1108.5
1546.5
1104.0
939.0
1588.5
1432.5
760.5
868.5
453.0
475.5
1044.0
780.0
982.5
1597.5
1104.0
313.5
1546.5
420.0
217.5
399.0
696.0
1773.0
1725.0
93.0
628.5
1285.5
736.5
361.5
1059.0
811.5
805.5
1372.5
115.5
1035.0
1443.0
1122.0
442.5
648.0
264.0
1249.5
286.5
700.5
858.0
1215.0
1248.0
349.5
636.0
328.5
1317.0
1170.0
831.0
232.5
1711.5
1105.5
370.5
435.0
1209.0
1033.5
1446.0
504.0
1290.0
1243.5
1378.5
762.0
805.5
1603.5
405.0
654.0
235.5
478.5
634.5
1057.5
1288.5
1371.0
1188.0
1129.5
1143.0
1198.5
966.0
243.0
966.0
534.0
1431.0
762.0
1383.0
1530.0
1380.0
1513.5
1776.0
1104.0
1374.0
1276.5
165.0
1423.5
930.0
1045.5
1365.0
519.0
1267.5
760.5
1428.0
339.0
702.0
1446.0
124.5
1081.5
1174.5
1137.0
1068.0
898.5
618.0
1041.0
973.5
1018.5
642.0
321.0
960.0
1308.0
166.5
276.0
966.0
579.0
1074.0
642.0
652.5
1083.0
471.0
1668.0
564.0
1269.0
888.0
1363.5
1014.0
1390.5
1228.5
417.0
1453.5
244.5
345.0
847.5
1483.5
1345.5
1294.5
1626.0
1242.0
940.5
1194.0
1053.0
1467.0
472.5
1534.5
42.0
1099.5
1351.5
343.5
1171.5
477.0
1195.5
1437.0
468.0
231.0
1269.0
1419.0
1071.0
696.0
724.5
631.5
919.5
1347.0
451.5
1234.5
1233.0
609.0
654.0
1455.0
1179.0
1105.5
772.5
762.0
1180.5
1596.0
1729.5
835.5
1284.0
372.0
216.0
91.5
676.5
994.5
630.0
658.5
1165.5
1107.0
582.0
1398.0
897.0
907.5
220.5
1435.5
426.0
1561.5
1339.5
976.5
1447.5
547.5
937.5
16.5
843.0
138.0
249.0
1522.5
1357.5
924.0
1612.5
1098.0
1008.0
1587.0
351.0
319.5
1323.0
690.0
973.5
1290.0
373.5
127.5
319.5
907.5
975.0
930.0
1357.5
1047.0
723.0
955.5
880.5
307.5
568.5
1209.0
600.0
138.0
291.0
1588.5
187.5
1368.0
438.0
1029.0
585.0
825.0
1287.0
957.0
1179.0
1647.0
519.0
253.5
69.0
565.5
949.5
1392.0
427.5
973.5
508.5
579.0
1644.0
694.5
1074.0
906.0
1075.5
1450.5
205.5
1182.0
1096.5
835.5
493.5
592.5
1206.0
112.5
1144.5
508.5
519.0
283.5
1132.5
1311.0
1173.0
889.5
450.0
756.0
1474.5
1050.0
1431.0
265.5
901.5
441.0
1459.5
1132.5
459.0
715.5
172.5
346.5
451.5
201.0
877.5
810.0
1477.5
1386.0
285.0
895.5
685.5
1045.5
880.5
205.5
1018.5
460.5
1251.0
148.5
883.5
715.5
222.0
1341.0
1534.5
772.5
1111.5
657.0
741.0
577.5
684.0
577.5
1246.5
1138.5
1129.5
603.0
1639.5
351.0
490.5
312.0
147.0
177.0
1369.5
268.5
1288.5
739.5
535.5
553.5
292.5
1162.5
1374.0
1683.0
1192.5
1225.5
1366.5
916.5
667.5
1398.0
1221.0
930.0
117.0
702.0
483.0
790.5
669.0
355.5
387.0
82.5
907.5
1108.5
787.5
348.0
948.0
903.0
840.0
1566.0
216.0
495.0
528.0
753.0
772.5
307.5
367.5
210.0
105.0
1342.5
426.0
802.5
567.0
361.5
48.0
1054.5
517.5
1138.5
1069.5
675.0
1429.5
549.0
609.0
337.5
1348.5
445.5
205.5
1176.0
1395.0
652.5
559.5
435.0
1033.5
904.5
244.5
747.0
1251.0
1164.0
1072.5
391.5
987.0
916.5
1476.0
777.0
1218.0
910.5
1324.5
1578.0
570.0
1245.0
975.0
1326.0
877.5
756.0
735.0
1422.0
1680.0
661.5
1476.0
1726.5
1572.0
1353.0
457.5
1359.0
1434.0
612.0
549.0
1680.0
397.5
1089.0
1006.5
349.5
934.5
178.5
1216.5
1437.0
1555.5
786.0
762.0
688.5
1053.0
1101.0
1113.0
1773.0
1681.5
477.0
1156.5
1363.5
1635.0
1434.0
915.0
1528.5
594.0
876.0
615.0
724.5
1581.0
1153.5
1311.0
829.5
720.0
456.0
652.5
1047.0
586.5
1195.5
955.5
774.0
828.0
862.5
1026.0
1548.0
1002.0
1089.0
684.0
1252.5
355.5
342.0
1068.0
850.5
192.0
679.5
76.5
942.0
313.5
1222.5
1533.0
1438.5
439.5
489.0
973.5
717.0
1138.5
250.5
433.5
628.5
772.5
919.5
195.0
984.0
735.0
1507.5
1137.0
1639.5
163.5
1378.5
406.5
117.0
442.5
1491.0
1636.5
675.0
1177.5
124.5
363.0
1336.5
1212.0
991.5
688.5
720.0
406.5
1242.0
1110.0
1464.0
649.5
910.5
1326.0
810.0
1471.5
1254.0
1302.0
1401.0
1605.0
1461.0
1309.5
1065.0
1257.0
511.5
556.5
1137.0
1027.5
1624.5
985.5
291.0
268.5
393.0
1369.5
231.0
1065.0
310.5
640.5
474.0
100.5
1642.5
1054.5
1453.5
265.5
802.5
798.0
1116.0
1309.5
1185.0
1236.0
1116.0
487.5
565.5
924.0
1122.0
1099.5
1119.0
1422.0
1792.5
1356.0
1311.0
144.0
799.5
1516.5
1822.5
1320.0
1215.0
1584.0
639.0
906.0
450.0
358.5
696.0
298.5
379.5
952.5
253.5
1620.0
820.5
342.0
79.5
549.0
948.0
697.5
123.0
561.0
810.0
684.0
1344.0
1089.0
1383.0
1348.5
955.5
1302.0
1764.0
607.5
1068.0
733.5
1074.0
625.5
927.0
1719.0
1767.0
1608.0
742.5
1558.5
346.5
802.5
1704.0
1432.5
1575.0
1495.5
1414.5
1168.5
720.0
1432.5
175.5
1194.0
919.5
1002.0
766.5
111.0
1132.5
66.0
903.0
1444.5
1470.0
1062.0
1518.0
727.5
1228.5
531.0
750.0
885.0
1119.0
1693.5
1465.5
1122.0
1807.5
813.0
1303.5
1804.5
424.5
1215.0
1317.0
798.0
813.0
706.5
1185.0
1018.5
331.5
778.5
837.0
654.0
586.5
819.0
1374.0
1552.5
858.0
459.0
429.0
1132.5
909.0
1159.5
1581.0
742.5
1557.0
1455.0
1852.5
1099.5
1005.0
1288.5
1323.0
310.5
648.0
330.0
1507.5
1564.5
1192.5
1539.0
1122.0
357.0
1669.5
1642.5
918.0
861.0
1023.0
175.5
408.0
1168.5
421.5
766.5
1315.5
645.0
424.5
1374.0
877.5
1216.5
1453.5
1467.0
1164.0
1728.0
1123.5
1572.0
678.0
123.0
270.0
78.0
186.0
1146.0
691.5
913.5
1864.5
1720.5
1579.5
472.5
1389.0
208.5
138.0
1354.5
1042.5
1321.5
369.0
624.0
1566.0
837.0
961.5
403.5
330.0
463.5
85.5
495.0
1152.0
1203.0
259.5
205.5
957.0
727.5
1323.0
247.5
1570.5
1257.0
555.0
484.5
1608.0
1173.0
462.0
966.0
1021.5
519.0
910.5
1345.5
1558.5
348.0
1173.0
1428.0
1264.5
750.0
693.0
1618.5
1297.5
996.0
1617.0
739.5
1449.0
244.5
150.0
1179.0
1423.5
1002.0
1164.0
343.5
291.0
636.0
810.0
553.5
631.5
420.0
1134.0
1317.0
1717.5
714.0
625.5
163.5
1072.5
1443.0
1149.0
1020.0
741.0
1582.5
1476.0
649.5
360.0
1138.5
1827.0
1276.5
1711.5
247.5
1038.0
669.0
1296.0
1249.5
1353.0
1698.0
1072.5
594.0
426.0
807.0
441.0
310.5
1084.5
610.5
745.5
1084.5
1380.0
571.5
1657.5
430.5
213.0
1069.5
357.0
1462.5
538.5
187.5
1140.0
787.5
1384.5
289.5
193.5
295.5
858.0
1006.5
1123.5
834.0
597.0
1564.5
1648.5
957.0
1080.0
385.5
874.5
1206.0
648.0
1017.0
688.5
708.0
1054.5
372.0
720.0
1059.0
1324.5
1116.0
1213.5
355.5
1387.5
982.5
247.5
1369.5
1615.5
544.5
1591.5
1176.0
1483.5
1150.5
403.5
1011.0
1186.5
486.0
870.0
244.5
310.5
927.0
1500.0
520.5
502.5
834.0
999.0
1398.0
307.5
903.0
1305.0
1201.5
274.5
1215.0
1083.0
847.5
742.5
898.5
1653.0
1659.0
264.0
1509.0
616.5
894.0
1509.0
1056.0
379.5
1495.5
1566.0
886.5
1603.5
1531.5
690.0
429.0
723.0
969.0
1723.5
910.5
153.0
1164.0
789.0
1438.5
1417.5
1503.0
1677.0
1638.0
831.0
442.5
894.0
1059.0
1503.0
1126.5
1101.0
633.0
1590.0
1123.5
1336.5
162.0
633.0
1504.5
202.5
691.5
1492.5
1630.5
472.5
1291.5
702.0
1165.5
841.5
484.5
1339.5
948.0
523.5
1366.5
949.5
234.0
1215.0
1243.5
1435.5
784.5
678.0
1077.0
735.0
1200.0
1174.5
813.0
886.5
1110.0
129.0
880.5
330.0
924.0
358.5
784.5
1140.0
462.0
792.0
975.0
1441.5
1182.0
207.0
1078.5
736.5
439.5
1534.5
1477.5
235.5
400.5
171.0
1509.0
696.0
1522.5
280.5
354.0
1449.0
444.0
505.5
1707.0
507.0
519.0
667.5
388.5
708.0
1515.0
1092.0
1650.0
712.5
906.0
471.0
505.5
384.0
1059.0
1771.5
1021.5
1188.0
1347.0
307.5
856.5
522.0
1200.0
865.5
1501.5
1176.0
1425.0
1249.5
358.5
556.5
864.0
541.5
261.0
1275.0
1414.5
445.5
655.5
166.5
486.0
1350.0
1156.5
1560.0
741.0
415.5
1395.0
1299.0
348.0
1375.5
667.5
436.5
1282.5
930.0
1456.5
1783.5
1225.5
1698.0
1008.0
502.5
1023.0
622.5
660.0
421.5
1591.5
1486.5
381.0
1465.5
1618.5
204.0
822.0
276.0
1090.5
672.0
679.5
1242.0
1393.5
1162.5
760.5
913.5
1026.0
634.5
534.0
640.5
1207.5
1375.5
919.5
1068.0
396.0
723.0
1185.0
790.5
639.0
919.5
1132.5
753.0
1096.5
1191.0
898.5
684.0
868.5
613.5
1258.5
1312.5
925.5
54.0
1192.5
1161.0
810.0
667.5
1605.0
1335.0
1512.0
1392.0
711.0
1729.5
1261.5
1443.0
454.5
312.0
466.5
352.5
531.0
715.5
1492.5
964.5
1318.5
1077.0
1119.0
1654.5
1038.0
1258.5
1665.0
1714.5
1444.5
648.0
514.5
597.0
1060.5
1533.0
1168.5
1302.0
693.0
736.5
600.0
1410.0
1219.5
1348.5
1302.0
1800.0
1501.5
1537.5
954.0
1428.0
1068.0
1386.0
682.5
84.0
1449.0
312.0
517.5
435.0
388.5
1012.5
487.5
309.0
1798.5
1465.5
592.5
1515.0
436.5
1618.5
1707.0
1482.0
1048.5
339.0
52.5
1150.5
477.0
615.0
432.0
1438.5
1353.0
322.5
1341.0
412.5
963.0
1575.0
114.0
1194.0
1105.5
789.0
1281.0
1438.5
679.5
735.0
570.0
430.5
1188.0
885.0
852.0
1014.0
1756.5
319.5
1038.0
1005.0
640.5
1074.0
1746.0
1740.0
435.0
1239.0
682.5
1321.5
1420.5
829.5
741.0
172.5
1023.0
402.0
798.0
1144.5
939.0
1147.5
1395.0
1644.0
1639.5
825.0
420.0
690.0
262.5
1246.5
1077.0
894.0
606.0
1147.5
691.5
810.0
1461.0
1407.0
1053.0
675.0
846.0
1129.5
1237.5
588.0
1738.5
997.5
729.0
409.5
1450.5
613.5
606.0
1081.5
277.5
345.0
1005.0
237.0
1179.0
1125.0
169.5
417.0
607.5
648.0
1134.0
1026.0
1312.5
39.0
1627.5
1333.5
892.5
595.5
457.5
375.0
1318.5
553.5
946.5
552.0
261.0
559.5
1291.5
691.5
1297.5
708.0
1606.5
177.0
322.5
1332.0
1420.5
448.5
45.0
498.0
351.0
658.5
898.5
1789.5
1294.5
567.0
1092.0
798.0
738.0
1090.5
226.5
945.0
1416.0
1366.5
1642.5
450.0
1159.5
874.5
1186.5
286.5
574.5
606.0
1219.5
823.5
715.5
853.5
1555.5
1308.0
1452.0
654.0
999.0
916.5
1317.0
1291.5
847.5
1239.0
948.0
388.5
1249.5
1504.5
1117.5
1039.5
306.0
298.5
409.5
511.5
117.0
1738.5
1491.0
991.5
532.5
1006.5
636.0
367.5
226.5
1278.0
934.5
952.5
1669.5
1264.5
514.5
330.0
1491.0
1741.5
300.0
519.0
856.5
412.5
681.0
736.5
570.0
1492.5
291.0
457.5
448.5
715.5
1699.5
1416.0
1402.5
861.0
793.5
628.5
909.0
154.5
144.0
850.5
298.5
723.0
588.0
247.5
1602.0
369.0
1581.0
766.5
696.0
1444.5
1579.5
963.0
1390.5
765.0
1170.0
940.5
1393.5
1749.0
1128.0
702.0
1336.5
886.5
958.5
1681.5
630.0
1120.5
1267.5
49.5
1180.5
1140.0
1374.0
870.0
300.0
727.5
700.5
1291.5
613.5
1051.5
1077.0
877.5
96.0
1525.5
841.5
510.0
1386.0
1312.5
1107.0
1119.0
1537.5
277.5
607.5
630.0
948.0
1756.5
1299.0
810.0
1200.0
358.5
205.5
601.5
1009.5
538.5
1176.0
1642.5
760.5
783.0
681.0
774.0
744.0
1368.0
1477.5
1135.5
282.0
499.5
514.5
670.5
375.0
820.5
1183.5
696.0
259.5
618.0
1239.0
633.0
1078.5
889.5
735.0
1300.5
561.0
1548.0
588.0
157.5
495.0
547.5
1561.5
1260.0
223.5
385.5
681.0
712.5
1396.5
1705.5
1627.5
1198.5
1372.5
292.5
937.5
555.0
117.0
1234.5
1071.0
732.0
505.5
1168.5
460.5
1417.5
1732.5
321.0
519.0
222.0
564.0
1137.0
363.0
1398.0
1300.5
1423.5
270.0
1491.0
1072.5
865.5
967.5
463.5
448.5
1357.5
115.5
507.0
864.0
1027.5
1080.0
850.5
316.5
1257.0
589.5
309.0
1044.0
1530.0
607.5
1413.0
970.5
1330.5
537.0
600.0
868.5
433.5
162.0
459.0
604.5
1291.5
897.0
652.5
817.5
805.5
1378.5
1513.5
1453.5
1759.5
990.0
643.5
811.5
1615.5
480.0
1219.5
192.0
1473.0
765.0
847.5
1084.5
1447.5
969.0
1608.0
1191.0
1573.5
1255.5
1584.0
676.5
1117.5
508.5
1657.5
273.0
571.5
819.0
171.0
712.5
402.0
399.0
1237.5
412.5
1731.0
298.5
1545.0
1479.0
778.5
513.0
1489.5
519.0
978.0
625.5
576.0
1353.0
702.0
1389.0
597.0
562.5
1443.0
1237.5
151.5
622.5
955.5
1329.0
1116.0
1200.0
1017.0
541.5
1096.5
421.5
88.5
1002.0
1135.5
640.5
682.5
271.5
1536.0
510.0
1489.5
639.0
544.5
952.5
1363.5
54.0
898.5
867.0
774.0
1410.0
1569.0
826.5
208.5
792.0
1044.0
1084.5
1102.5
1524.0
690.0
481.5
675.0
1332.0
1375.5
654.0
1168.5
1257.0
334.5
738.0
322.5
775.5
1342.5
729.0
925.5
1284.0
511.5
1590.0
480.0
820.5
1098.0
756.0
970.5
349.5
1437.0
1369.5
663.0
1116.0
1071.0
489.0
243.0
1155.0
1407.0
849.0
421.5
60.0
1264.5
492.0
688.5
586.5
841.5
381.0
1120.5
864.0
1254.0
817.5
1264.5
703.5
570.0
304.5
87.0
528.0
1327.5
556.5
1744.5
1189.5
1519.5
1698.0
1530.0
1029.0
1021.5
1236.0
1071.0
1435.5
1089.0
1533.0
900.0
1044.0
1252.5
1182.0
591.0
291.0
921.0
1662.0
1582.5
1002.0
1365.0
1236.0
1327.5
1435.5
1366.5
628.5
1306.5
1324.5
691.5
1446.0
1353.0
367.5
1041.0
292.5
1356.0
403.5
1171.5
1549.5
595.5
1209.0
39.0
1827.0
124.5
829.5
1636.5
267.0
762.0
381.0
1078.5
879.0
1209.0
684.0
579.0
1305.0
1102.5
166.5
940.5
138.0
729.0
1672.5
1584.0
963.0
1302.0
178.5
678.0
1189.5
1606.5
243.0
1521.0
1849.5
1462.5
1320.0
1614.0
1723.5
1599.0
795.0
1653.0
1212.0
1684.5
1357.5
415.5
429.0
1249.5
1569.0
252.0
1249.5
859.5
1002.0
1131.0
1275.0
1588.5
1477.5
814.5
339.0
532.5
972.0
540.0
684.0
1552.5
682.5
1017.0
1537.5
1177.5
802.5
795.0
985.5
622.5
1084.5
1258.5
1119.0
358.5
531.0
1561.5
1521.0
1138.5
1698.0
1356.0
358.5
651.0
334.5
112.5
606.0
367.5
720.0
1647.0
934.5
1357.5
724.5
1239.0
987.0
1249.5
1597.5
1563.0
1413.0
933.0
846.0
663.0
588.0
214.5
196.5
874.5
75.0
442.5
1146.0
82.5
1003.5
1030.5
799.5
1179.0
925.5
1674.0
1512.0
1881.0
1132.5
1642.5
1177.5
357.0
378.0
360.0
238.5
288.0
184.5
1782.0
1000.5
787.5
547.5
1552.5
214.5
750.0
525.0
445.5
159.0
981.0
577.5
1153.5
264.0
1291.5
1359.0
972.0
682.5
1173.0
730.5
103.5
369.0
1314.0
1095.0
936.0
880.5
604.5
370.5
343.5
879.0
600.0
52.5
543.0
84.0
634.5
1008.0
1342.5
1155.0
1384.5
405.0
376.5
829.5
643.5
699.0
351.0
259.5
555.0
1650.0
1260.0
372.0
516.0
570.0
13.5
220.5
432.0
1318.5
1654.5
1377.0
1140.0
1224.0
405.0
490.5
141.0
1183.5
1251.0
837.0
1105.5
996.0
988.5
403.5
606.0
1125.0
1551.0
1264.5
990.0
1047.0
394.5
1431.0
1570.5
610.5
1029.0
1740.0
1276.5
1776.0
1170.0
477.0
82.5
349.5
481.5
1380.0
580.5
792.0
1408.5
631.5
1489.5
1636.5
504.0
1063.5
268.5
1110.0
510.0
1458.0
1245.0
955.5
384.0
1203.0
477.0
1224.0
1216.5
1099.5
1335.0
703.5
394.5
1186.5
1530.0
1180.5
1513.5
1512.0
1144.5
805.5
1611.0
843.0
802.5
255.0
1344.0
1516.5
1554.0
526.5
273.0
400.5
742.5
694.5
360.0
1441.5
355.5
955.5
81.0
327.0
879.0
216.0
1071.0
1039.5
918.0
1417.5
898.5
1233.0
1309.5
1209.0
172.5
1305.0
118.5
217.5
825.0
792.0
1642.5
1315.5
1156.5
1164.0
1002.0
808.5
235.5
1306.5
1323.0
1551.0
1198.5
1399.5
126.0
540.0
1291.5
1368.0
976.5
1339.5
1240.5
810.0
447.0
604.5
1315.5
1387.5
462.0
355.5
1255.5
1320.0
1315.5
357.0
658.5
378.0
426.0
717.0
1020.0
1150.5
828.0
1359.0
1165.5
1248.0
1297.5
898.5
198.0
184.5
532.5
1009.5
492.0
1023.0
1420.5
1231.5
493.5
784.5
1177.5
796.5
120.0
837.0
1567.5
1492.5
267.0
793.5
684.0
1378.5
1060.5
1125.0
360.0
360.0
231.0
1579.5
210.0
156.0
1690.5
394.5
600.0
564.0
570.0
93.0
663.0
474.0
1420.5
813.0
621.0
1528.5
1293.0
1584.0
1402.5
484.5
637.5
1032.0
639.0
1446.0
177.0
429.0
1039.5
1065.0
1356.0
366.0
735.0
846.0
493.5
588.0
153.0
946.5
1209.0
1069.5
609.0
1368.0
900.0
598.5
1501.5
1498.5
82.5
717.0
360.0
175.5
1576.5
1090.5
400.5
898.5
1147.5
1059.0
1201.5
1230.0
1743.0
763.5
301.5
334.5
525.0
1059.0
1249.5
1324.5
999.0
873.0
1354.5
645.0
1116.0
27.0
819.0
1348.5
502.5
493.5
273.0
1270.5
1324.5
972.0
493.5
1558.5
1417.5
679.5
628.5
1455.0
15.0
438.0
760.5
952.5
1015.5
652.5
291.0
736.5
682.5
1236.0
79.5
649.5
753.0
1149.0
996.0
793.5
1257.0
1377.0
1521.0
1747.5
1194.0
1314.0
1606.5
1473.0
310.5
1377.0
129.0
195.0
789.0
307.5
223.5
616.5
418.5
1515.0
282.0
849.0
987.0
783.0
1054.5
585.0
885.0
903.0
1072.5
514.5
1527.0
688.5
1623.0
1396.5
1302.0
534.0
825.0
1581.0
1542.0
1407.0
1432.5
351.0
961.5
1326.0
1638.0
1620.0
741.0
981.0
436.5
222.0
1081.5
1629.0
1368.0
595.5
823.5
706.5
1452.0
388.5
1078.5
1036.5
327.0
1149.0
885.0
1524.0
480.0
1591.5
1588.5
643.5
532.5
901.5
1393.5
1389.0
630.0
1234.5
861.0
1641.0
441.0
627.0
885.0
1210.5
187.5
1171.5
718.5
621.0
1510.5
1402.5
136.5
1437.0
1203.0
1728.0
1563.0
1192.5
1618.5
12.0
490.5
384.0
418.5
1552.5
1180.5
1534.5
336.0
853.5
687.0
1431.0
1177.5
952.5
1119.0
1114.5
1581.0
1242.0
1671.0
1482.0
660.0
1263.0
865.5
1582.5
1401.0
1482.0
1470.0
1402.5
1299.0
468.0
1648.5
1542.0
1009.5
660.0
897.0
1428.0
1338.0
871.5
279.0
1239.0
820.5
652.5
1290.0
1162.5
351.0
480.0
1399.5
576.0
847.5
396.0
901.5
1221.0
1137.0
973.5
717.0
838.5
454.5
540.0
1492.5
801.0
528.0
649.5
597.0
1095.0
960.0
1197.0
643.5
303.0
730.5
1480.5
1431.0
718.5
921.0
118.5
1542.0
589.5
1290.0
856.5
1195.5
1705.5
1353.0
483.0
1821.0
726.0
877.5
1462.5
576.0
804.0
1539.0
915.0
1546.5
1383.0
564.0
1726.5
1450.5
1414.5
255.0
523.5
1615.5
1332.0
828.0
999.0
1503.0
1737.0
598.5
769.5
262.5
1555.5
982.5
672.0
895.5
796.5
595.5
988.5
522.0
1117.5
489.0
538.5
1020.0
1137.0
964.5
1041.0
745.5
501.0
1701.0
1120.5
1441.5
927.0
384.0
1329.0
297.0
1318.5
1362.0
1275.0
1024.5
510.0
1245.0
432.0
249.0
936.0
843.0
1006.5
309.0
514.5
994.5
808.5
645.0
1306.5
739.5
316.5
1557.0
1456.5
600.0
697.5
513.0
1233.0
1713.0
1444.5
580.5
1374.0
846.0
1072.5
1363.5
390.0
1623.0
1467.0
1237.5
537.0
462.0
667.5
858.0
1681.5
438.0
576.0
1077.0
289.5
900.0
1183.5
267.0
360.0
1260.0
1066.5
384.0
1369.5
1083.0
630.0
531.0
1501.5
255.0
298.5
1324.5
1545.0
1534.5
591.0
1002.0
868.5
117.0
1129.5
655.5
1498.5
843.0
505.5
1519.5
1369.5
1092.0
918.0
1405.5
567.0
1102.5
729.0
268.5
489.0
462.0
1233.0
780.0
666.0
399.0
874.5
1420.5
1315.5
376.5
1545.0
768.0
1440.0
1368.0
666.0
1672.5
868.5
682.5
1533.0
846.0
595.5
1221.0
1660.5
1425.0
1567.5
1015.5
282.0
265.5
573.0
255.0
1114.5
1105.5
1296.0
1525.5
1525.5
1476.0
1041.0
901.5
388.5
1411.5
369.0
375.0
334.5
703.5
436.5
237.0
1132.5
1465.5
514.5
1011.0
964.5
420.0
1117.5
465.0
204.0
309.0
270.0
628.5
466.5
1135.5
910.5
1069.5
868.5
709.5
319.5
1419.0
1077.0
1452.0
873.0
561.0
939.0
1068.0
1416.0
603.0
943.5
564.0
1143.0
181.5
165.0
345.0
1267.5
313.5
1378.5
1399.5
1702.5
1341.0
1501.5
1645.5
1032.0
471.0
1102.5
319.5
387.0
934.5
1506.0
648.0
1534.5
259.5
1851.0
340.5
1182.0
682.5
459.0
1249.5
1129.5
1087.5
396.0
808.5
189.0
324.0
1684.5
1152.0
1608.0
291.0
375.0
972.0
946.5
916.5
1539.0
936.0
1390.5
1231.5
1630.5
316.5
1251.0
1126.5
1425.0
817.5
619.5
831.0
496.5
466.5
501.0
354.0
66.0
655.5
1477.5
1116.0
922.5
144.0
574.5
1635.0
978.0
1033.5
1705.5
1260.0
1218.0
1027.5
970.5
1596.0
1215.0
802.5
531.0
445.5
544.5
699.0
796.5
744.0
1722.0
840.0
766.5
945.0
675.0
483.0
478.5
669.0
1123.5
1057.5
1746.0
609.0
795.0
295.5
924.0
1435.5
595.5
1401.0
462.0
1728.0
1441.5
1521.0
1159.5
1185.0
1365.0
516.0
1186.5
1348.5
1237.5
1168.5
616.5
345.0
1374.0
693.0
688.5
907.5
1129.5
1630.5
1059.0
388.5
361.5
1099.5
1366.5
324.0
334.5
1006.5
642.0
814.5
1540.5
1146.0
1429.5
963.0
480.0
1134.0
1714.5
733.5
1609.5
963.0
1686.0
1276.5
334.5
1212.0
790.5
919.5
793.5
1755.0
1470.0
895.5
1707.0
855.0
477.0
1572.0
1443.0
571.5
868.5
349.5
844.5
1423.5
1369.5
648.0
927.0
1129.5
627.0
1015.5
1314.0
379.5
1405.5
810.0
447.0
457.5
1000.5
354.0
1339.5
1225.5
910.5
1273.5
1611.0
1381.5
873.0
1558.5
1488.0
1098.0
1335.0
468.0
321.0
1021.5
804.0
1320.0
1087.5
1131.0
756.0
288.0
1501.5
1015.5
1693.5
807.0
751.5
1260.0
1371.0
1237.5
1425.0
1813.5
1396.5
802.5
1452.0
513.0
397.5
1657.5
1498.5
514.5
1639.5
777.0
1495.5
672.0
459.0
654.0
712.5
456.0
897.0
667.5
1303.5
697.5
1443.0
810.0
388.5
1126.5
1479.0
1597.5
468.0
1680.0
1816.5
978.0
427.5
924.0
109.5
655.5
517.5
787.5
669.0
1413.0
1278.0
883.5
783.0
591.0
873.0
1473.0
165.0
91.5
1345.5
417.0
1764.0
1677.0
1719.0
1410.0
1113.0
444.0
427.5
450.0
1686.0
1108.5
1714.5
478.5
1198.5
298.5
930.0
325.5
879.0
1530.0
1068.0
1155.0
1444.5
883.5
954.0
751.5
1212.0
748.5
654.0
343.5
1338.0
577.5
1524.0
862.5
930.0
135.0
1020.0
1371.0
340.5
1338.0
1597.5
1521.0
1770.0
688.5
1080.0
1657.5
793.5
909.0
562.5
607.5
855.0
493.5
742.5
414.0
757.5
1146.0
1779.0
1104.0
385.5
1020.0
574.5
789.0
445.5
919.5
1255.5
1467.0
1485.0
759.0
951.0
957.0
1455.0
1197.0
1086.0
1449.0
1401.0
1357.5
1023.0
748.5
973.5
1147.5
1320.0
1318.5
235.5
447.0
945.0
867.0
1509.0
1131.0
1216.5
1474.5
445.5
387.0
1435.5
1318.5
712.5
1333.5
1561.5
1129.5
1293.0
508.5
1168.5
441.0
1245.0
580.5
273.0
304.5
684.0
441.0
417.0
1366.5
924.0
853.5
387.0
1237.5
505.5
538.5
550.5
468.0
132.0
382.5
1294.5
795.0
253.5
247.5
540.0
1188.0
1068.0
1102.5
1401.0
546.0
601.5
1615.5
694.5
400.5
1152.0
1192.5
400.5
964.5
1054.5
400.5
621.0
960.0
1377.0
1192.5
837.0
511.5
835.5
693.0
1384.5
1309.5
733.5
637.5
414.0
511.5
838.5
681.0
952.5
573.0
331.5
1282.5
1230.0
159.0
1141.5
931.5
750.0
981.0
579.0
1455.0
564.0
1636.5
1188.0
505.5
511.5
591.0
226.5
1188.0
654.0
1285.5
711.0
610.5
342.0
1647.0
768.0
585.0
238.5
1831.5
1420.5
1146.0
517.5
282.0
271.5
1218.0
226.5
702.0
1602.0
1483.5
661.5
1315.5
1168.5
790.5
1374.0
1050.0
1786.5
406.5
613.5
819.0
414.0
780.0
1197.0
1444.5
559.5
1248.0
342.0
903.0
493.5
916.5
627.0
478.5
1114.5
1464.0
748.5
852.0
1545.0
1477.5
1311.0
361.5
1630.5
1029.0
682.5
483.0
294.0
30.0
250.5
1377.0
1513.5
1183.5
1302.0
544.5
535.5
675.0
1347.0
474.0
841.5
1491.0
1227.0
939.0
301.5
1212.0
997.5
984.0
471.0
219.0
412.5
1405.5
1560.0
1092.0
663.0
918.0
1026.0
1278.0
760.5
597.0
369.0
895.5
1251.0
919.5
1050.0
1378.5
1459.5
541.5
1321.5
1435.5
1087.5
1306.5
852.0
550.5
250.5
1561.5
1353.0
1416.0
1440.0
415.5
880.5
867.0
160.5
894.0
1096.5
1032.0
847.5
364.5
484.5
963.0
1374.0
262.5
732.0
1188.0
1014.0
466.5
943.5
192.0
1557.0
474.0
889.5
1359.0
666.0
1132.5
1566.0
1569.0
825.0
1549.5
451.5
1057.5
642.0
195.0
912.0
1506.0
1368.0
594.0
487.5
789.0
450.0
1602.0
1131.0
1416.0
768.0
1075.5
184.5
430.5
648.0
657.0
558.0
1363.5
1615.5
1033.5
484.5
1099.5
624.0
801.0
870.0
1284.0
966.0
1150.5
553.5
1708.5
649.5
358.5
384.0
651.0
1482.0
1098.0
1411.5
303.0
225.0
1497.0
520.5
1470.0
1803.0
1009.5
1080.0
976.5
640.5
1414.5
529.5
1704.0
255.0
1197.0
1632.0
454.5
1188.0
573.0
790.5
1581.0
1572.0
562.5
958.5
1671.0
777.0
937.5
223.5
1513.5
511.5
699.0
138.0
1003.5
1501.5
1188.0
1245.0
1680.0
1512.0
900.0
201.0
1549.5
1641.0
1497.0
832.5
870.0
1696.5
1293.0
607.5
121.5
1242.0
1674.0
1500.0
654.0
1237.5
523.5
970.5
1002.0
1497.0
870.0
633.0
366.0
327.0
543.0
1465.5
763.5
1269.0
156.0
769.5
241.5
526.5
1176.0
246.0
1221.0
744.0
849.0
916.5
796.5
780.0
259.5
805.5
187.5
1239.0
493.5
168.0
604.5
706.5
1602.0
189.0
564.0
934.5
817.5
244.5
717.0
1237.5
964.5
99.0
978.0
1326.0
390.0
1084.5
999.0
457.5
712.5
478.5
1357.5
1213.5
552.0
286.5
529.5
543.0
1620.0
1233.0
100.5
256.5
577.5
202.5
1329.0
649.5
1486.5
22.5
1395.0
1759.5
1018.5
1365.0
1237.5
882.0
297.0
1702.5
1360.5
339.0
336.0
1431.0
1311.0
1413.0
1282.5
373.5
1140.0
1245.0
1392.0
268.5
1437.0
468.0
1279.5
816.0
831.0
853.5
808.5
426.0
727.5
226.5
382.5
415.5
330.0
253.5
829.5
1467.0
1515.0
1150.5
1243.5
786.0
115.5
822.0
312.0
1224.0
594.0
1353.0
241.5
1159.5
1143.0
613.5
645.0
375.0
1368.0
1119.0
1401.0
1497.0
226.5
685.5
247.5
579.0
261.0
1227.0
624.0
675.0
1177.5
450.0
1045.5
771.0
615.0
658.5
783.0
1345.5
1245.0
738.0
1590.0
1026.0
439.5
1716.0
1165.5
715.5
1284.0
1287.0
883.5
679.5
924.0
798.0
1195.5
153.0
462.0
792.0
1636.5
1302.0
1318.5
1350.0
574.5
457.5
1422.0
462.0
1311.0
712.5
721.5
846.0
228.0
1654.5
669.0
577.5
1011.0
1399.5
1158.0
795.0
808.5
1714.5
1692.0
427.5
468.0
537.0
726.0
877.5
790.5
658.5
411.0
666.0
165.0
1333.5
1594.5
1386.0
618.0
342.0
649.5
1005.0
748.5
1333.5
876.0
1531.5
1360.5
600.0
1224.0
840.0
1050.0
1587.0
688.5
1215.0
499.5
1416.0
787.5
987.0
1576.5
979.5
705.0
235.5
465.0
597.0
799.5
745.5
1011.0
1252.5
304.5
1146.0
961.5
1171.5
720.0
1489.5
1660.5
942.0
1374.0
1068.0
789.0
517.5
1198.5
519.0
1326.0
607.5
585.0
438.0
444.0
480.0
898.5
1068.0
309.0
183.0
1021.5
1191.0
1084.5
355.5
256.5
1224.0
519.0
391.5
369.0
504.0
999.0
745.5
546.0
1326.0
1581.0
1647.0
1212.0
1171.5
1029.0
588.0
487.5
1288.5
205.5
397.5
823.5
1315.5
591.0
1288.5
841.5
1498.5
717.0
1492.5
1288.5
897.0
373.5
1341.0
814.5
774.0
949.5
358.5
1329.0
1033.5
1716.0
1386.0
657.0
567.0
1473.0
1438.5
1357.5
1447.5
483.0
1462.5
805.5
1077.0
1483.5
1467.0
1108.5
1221.0
1449.0
994.5
1831.5
1783.5
357.0
493.5
502.5
1215.0
406.5
864.0
1116.0
633.0
961.5
879.0
333.0
724.5
909.0
910.5
450.0
748.5
1197.0
1150.5
505.5
393.0
964.5
591.0
208.5
1626.0
505.5
225.0
729.0
1551.0
402.0
172.5
1222.5
1390.5
246.0
1237.5
1519.5
420.0
427.5
1251.0
238.5
1219.5
205.5
804.0
1093.5
1614.0
964.5
1294.5
886.5
1050.0
817.5
483.0
1209.0
709.5
1404.0
619.5
528.0
1132.5
781.5
555.0
1033.5
1323.0
1210.5
751.5
1407.0
339.0
250.5
327.0
1125.0
1554.0
1467.0
1300.5
1278.0
1381.5
340.5
1332.0
1239.0
1270.5
276.0
136.5
658.5
123.0
979.5
292.5
1126.5
246.0
1020.0
1657.5
1086.0
1671.0
1551.0
1435.5
868.5
909.0
792.0
730.5
474.0
975.0
259.5
1368.0
1395.0
1347.0
867.0
1350.0
766.5
1465.5
1380.0
1458.0
1185.0
202.5
1249.5
1215.0
1534.5
714.0
1582.5
1107.0
1518.0
1659.0
1321.5
1416.0
1569.0
528.0
237.0
333.0
1609.5
1398.0
273.0
480.0
1326.0
1731.0
1206.0
802.5
993.0
442.5
1344.0
249.0
1714.5
1623.0
1312.5
1216.5
1015.5
153.0
996.0
798.0
1255.5
309.0
334.5
1620.0
652.5
312.0
1510.5
1321.5
1170.0
1044.0
1399.5
1437.0
246.0
1290.0
1042.5
1611.0
1146.0
1503.0
1105.5
1804.5
793.5
322.5
1440.0
1315.5
1570.5
1060.5
1333.5
859.5
975.0
813.0
1017.0
937.5
1287.0
487.5
204.0
1308.0
1701.0
703.5
837.0
258.0
439.5
1069.5
250.5
673.5
660.0
478.5
393.0
1464.0
703.5
1527.0
1126.5
855.0
1321.5
292.5
909.0
1584.0
1770.0
1156.5
1731.0
1173.0
784.5
934.5
1470.0
1141.5
972.0
811.5
231.0
208.5
1698.0
1527.0
1342.5
1048.5
447.0
655.5
922.5
252.0
205.5
1462.5
325.5
757.5
1036.5
666.0
268.5
421.5
1255.5
1660.5
1486.5
1350.0
342.0
850.5
1239.0
160.5
952.5
895.5
802.5
1476.0
538.5
528.0
1258.5
1455.0
1483.5
1107.0
1606.5
1065.0
1459.5
1471.5
885.0
319.5
481.5
1540.5
1390.5
957.0
1636.5
283.5
1452.0
106.5
1413.0
894.0
445.5
576.0
840.0
592.5
571.5
903.0
906.0
1491.0
861.0
1228.5
286.5
369.0
333.0
1492.5
1114.5
1177.5
1284.0
433.5
135.0
861.0
559.5
952.5
1188.0
1236.0
718.5
1207.5
1300.5
775.5
1755.0
1135.5
403.5
577.5
795.0
1528.5
1120.5
1677.0
406.5
606.0
1497.0
933.0
309.0
811.5
1329.0
1554.0
997.5
376.5
198.0
1408.5
400.5
49.5
888.0
738.0
1629.0
1534.5
1549.5
1161.0
1590.0
933.0
546.0
1615.5
1197.0
1582.5
238.5
450.0
1323.0
1320.0
1245.0
1254.0
456.0
1306.5
282.0
661.5
264.0
633.0
645.0
868.5
532.5
1345.5
384.0
652.5
174.0
763.5
91.5
655.5
1356.0
1351.5
1156.5
1512.0
667.5
1101.0
942.0
462.0
385.5
895.5
298.5
468.0
256.5
853.5
826.5
945.0
1176.0
1045.5
1519.5
481.5
918.0
972.0
1023.0
624.0
63.0
994.5
265.5
502.5
1548.0
1269.0
1413.0
1602.0
312.0
768.0
850.5
361.5
190.5
1606.5
1051.5
1399.5
451.5
406.5
216.0
321.0
750.0
958.5
316.5
606.0
1521.0
651.0
573.0
669.0
775.5
268.5
1548.0
867.0
1017.0
1018.5
1185.0
666.0
1173.0
823.5
450.0
1440.0
627.0
417.0
1536.0
1662.0
1054.5
838.5
547.5
1102.5
1600.5
1624.5
1756.5
870.0
679.5
1069.5
1362.0
366.0
1416.0
655.5
600.0
1459.5
1546.5
1224.0
1425.0
1405.5
235.5
183.0
1593.0
1209.0
559.5
790.5
405.0
1596.0
873.0
1210.5
264.0
714.0
745.5
1689.0
609.0
537.0
526.5
1269.0
877.5
885.0
828.0
588.0
462.0
733.5
706.5
1179.0
234.0
286.5
843.0
958.5
1042.5
676.5
421.5
1357.5
1327.5
142.5
468.0
318.0
280.5
1215.0
723.0
498.0
691.5
319.5
520.5
1728.0
291.0
1029.0
1218.0
607.5
1534.5
609.0
618.0
498.0
1356.0
475.5
256.5
496.5
1069.5
832.5
1075.5
300.0
633.0
859.5
508.5
1086.0
1111.5
195.0
562.5
307.5
1140.0
531.0
1347.0
352.5
216.0
583.5
396.0
1215.0
498.0
547.5
682.5
1068.0
625.5
1081.5
1381.5
1435.5
253.5
291.0
1369.5
367.5
267.0
1021.5
1228.5
1656.0
759.0
1176.0
634.5
1087.5
268.5
259.5
703.5
312.0
856.5
1242.0
1626.0
1663.5
1197.0
1225.5
654.0
145.5
645.0
1627.5
1650.0
243.0
885.0
801.0
66.0
93.0
517.5
477.0
684.0
690.0
1029.0
585.0
634.5
1591.5
1020.0
447.0
1363.5
1303.5
468.0
682.5
12.0
490.5
499.5
27.0
1626.0
240.0
429.0
414.0
427.5
1396.5
1354.5
843.0
525.0
1213.5
1384.5
819.0
655.5
124.5
669.0
796.5
1020.0
1249.5
607.5
1353.0
1303.5
1699.5
600.0
726.0
462.0
507.0
1486.5
510.0
306.0
1260.0
319.5
1297.5
669.0
354.0
592.5
867.0
909.0
160.5
990.0
924.0
1810.5
1500.0
532.5
1278.0
372.0
1233.0
315.0
763.5
448.5
384.0
1840.5
1567.5
1449.0
1086.0
1161.0
1441.5
1270.5
801.0
675.0
1059.0
235.5
735.0
1432.5
438.0
1392.0
1384.5
1075.5
379.5
502.5
1158.0
310.5
832.5
1095.0
897.0
340.5
1383.0
606.0
1384.5
1237.5
517.5
411.0
207.0
1476.0
544.5
1147.5
1446.0
952.5
954.0
972.0
1447.5
420.0
298.5
1327.5
1198.5
1446.0
1114.5
1353.0
876.0
1471.5
450.0
459.0
1096.5
831.0
1053.0
636.0
1348.5
625.5
1132.5
174.0
565.5
1000.5
945.0
976.5
1257.0
775.5
1215.0
1236.0
1132.5
444.0
1021.5
972.0
195.0
1090.5
1263.0
1345.5
1377.0
918.0
1438.5
1056.0
1113.0
1620.0
1531.5
1599.0
898.5
1543.5
615.0
867.0
1185.0
1170.0
1261.5
1224.0
162.0
460.5
513.0
1000.5
1195.5
540.0
624.0
786.0
1059.0
453.0
1416.0
430.5
778.5
133.5
910.5
1111.5
1671.0
1302.0
205.5
1647.0
561.0
768.0
489.0
237.0
187.5
348.0
388.5
292.5
751.5
1570.5
264.0
123.0
864.0
664.5
1686.0
1453.5
979.5
1273.5
1068.0
99.0
687.0
402.0
972.0
576.0
472.5
207.0
735.0
553.5
532.5
1567.5
1087.5
1081.5
891.0
234.0
768.0
1105.5
274.5
648.0
744.0
501.0
949.5
1071.0
1393.5
1000.5
48.0
534.0
561.0
292.5
1275.0
291.0
1053.0
1522.5
471.0
1272.0
142.5
838.5
768.0
531.0
1102.5
651.0
757.5
571.5
675.0
801.0
1347.0
1174.5
1275.0
741.0
898.5
309.0
370.5
627.0
829.5
645.0
