2131.5
2118.0
2170.5
2136.0
2112.0
2130.0
2065.5
2122.5
2143.5
2127.0
2137.5
2034.0
2005.5
2077.5
2145.0
2010.0
2115.0
2151.0
2109.0
2137.5
2071.5
2088.0
2034.0
2115.0
2142.0
2149.5
2127.0
2103.0
2121.0
2068.5
2023.5
2122.5
2116.5
2047.5
2115.0
2118.0
2125.5
2065.5
2104.5
2139.0
2089.5
2140.5
2046.0
2094.0
2146.5
2092.5
2113.5
2094.0
2140.5
2143.5
2074.5
2115.0
2130.0
2155.5
2061.0
2112.0
2098.5
2110.5
2070.0
2104.5
2098.5
2133.0
2104.5
2146.5
2040.0
2134.5
2067.0
2134.5
2073.0
2034.0
2080.5
2137.5
2158.5
2115.0
2133.0
2107.5
2136.0
2065.5
2098.5
2140.5
2097.0
2142.0
2104.5
2151.0
2136.0
2125.5
2086.5
2152.5
2074.5
2164.5
2136.0
2118.0
2067.0
2034.0
2098.5
2077.5
2119.5
2148.0
2130.0
2106.0
2028.0
2158.5
2116.5
2082.0
2119.5
2095.5
2073.0
2133.0
2145.0
2103.0
2088.0
2052.0
2119.5
2103.0
2004.0
2095.5
2080.5
2101.5
2061.0
2101.5
2169.0
2100.0
2052.0
2136.0
2065.5
2107.5
2118.0
2130.0
2067.0
2106.0
2098.5
2145.0
2083.5
2109.0
2140.5
2104.5
2146.5
2136.0
2139.0
2134.5
2100.0
2109.0
2100.0
2115.0
2158.5
2125.5
2122.5
2113.5
2109.0
2155.5
2137.5
2152.5
2073.0
2142.0
2130.0
2145.0
2118.0
2124.0
2089.5
2076.0
2106.0
2103.0
2073.0
2154.0
2065.5
2095.5
2092.5
2107.5
2155.5
2115.0
2164.5
2089.5
2106.0
2083.5
2130.0
2092.5
2104.5
2097.0
2158.5
2092.5
2088.0
2098.5
2112.0
2022.0
2146.5
2151.0
2061.0
2103.0
2158.5
2089.5
2068.5
2098.5
2152.5
2116.5
2137.5
2085.0
2083.5
2059.5
2122.5
2152.5
2070.0
2091.0
2103.0
2152.5
2149.5
2127.0
2073.0
2116.5
2125.5
2151.0
2118.0
2181.0
2074.5
2137.5
2158.5
2118.0
2158.5
2079.0
2130.0
2097.0
2107.5
2097.0
2115.0
2097.0
2104.5
2082.0
2098.5
2002.5
2118.0
2142.0
2097.0
2134.5
2091.0
2137.5
2073.0
2173.5
2140.5
2125.5
2154.0
2137.5
2136.0
2122.5
2113.5
2101.5
2109.0
2085.0
2146.5
2116.5
2107.5
2130.0
2077.5
2064.0
2109.0
2071.5
2164.5
2056.5
2103.0
2122.5
2130.0
2008.5
2092.5
2110.5
2079.0
2106.0
2110.5
2179.5
2112.0
2113.5
2113.5
2110.5
2011.5
2005.5
2092.5
2134.5
2094.0
2109.0
2083.5
2143.5
2152.5
2121.0
2104.5
2146.5
2094.0
2107.5
2130.0
2109.0
2146.5
2157.0
2118.0
2091.0
2124.0
2094.0
2106.0
2107.5
2118.0
2103.0
2046.0
2124.0
2172.0
2062.5
2088.0
2130.0
2175.0
2166.0
2110.5
2134.5
2062.5
2143.5
2125.5
2091.0
2091.0
2145.0
2113.5
2061.0
1999.5
2071.5
2128.5
2121.0
2136.0
2077.5
2121.0
2130.0
2127.0
2142.0
2097.0
2086.5
2098.5
2050.5
2107.5
2068.5
2025.0
2038.5
2167.5
2071.5
2142.0
2137.5
2154.0
2166.0
2098.5
2125.5
2098.5
2088.0
2095.5
2049.0
2074.5
2106.0
2173.5
2116.5
2139.0
2116.5
2125.5
2139.0
2098.5
2056.5
2097.0
2110.5
2079.0
2092.5
2098.5
2106.0
2127.0
2092.5
2095.5
2119.5
2136.0
2100.0
2026.5
2124.0
2151.0
2104.5
2094.0
2028.0
2107.5
2149.5
2125.5
2124.0
2151.0
2125.5
2112.0
2074.5
2110.5
2127.0
2068.5
2082.0
2089.5
2127.0
2101.5
2095.5
2067.0
2158.5
2164.5
2143.5
2142.0
2100.0
2103.0
2038.5
2049.0
2104.5
2113.5
2103.0
2088.0
2089.5
2089.5
2118.0
2025.0
2068.5
2133.0
1987.5
2115.0
2172.0
2151.0
2109.0
2106.0
2149.5
2097.0
2067.0
2163.0
1963.5
2158.5
2049.0
2136.0
2073.0
2142.0
2019.0
2083.5
2070.0
2089.5
2113.5
2083.5
2112.0
2071.5
2103.0
2125.5
2164.5
2089.5
2071.5
2109.0
2086.5
2118.0
2014.5
2157.0
2118.0
2070.0
2133.0
2140.5
2130.0
2133.0
2155.5
2146.5
2128.5
2094.0
2092.5
2116.5
2155.5
2098.5
2106.0
2142.0
2137.5
2167.5
2112.0
2142.0
2151.0
2128.5
2146.5
2142.0
2094.0
2131.5
2128.5
2085.0
2139.0
2116.5
2167.5
2100.0
2130.0
2133.0
2140.5
2158.5
2085.0
2097.0
2118.0
2134.5
2109.0
2148.0
2085.0
2094.0
2154.0
2100.0
2074.5
2169.0
2110.5
2079.0
2136.0
2100.0
2128.5
2127.0
2121.0
2134.5
2082.0
2143.5
2064.0
2082.0
2095.5
2088.0
2148.0
2046.0
2050.5
2103.0
2109.0
2062.5
2089.5
2158.5
2130.0
2184.0
2109.0
2145.0
2119.5
2113.5
2065.5
2154.0
2085.0
2133.0
2119.5
2002.5
2097.0
2106.0
2115.0
2133.0
2076.0
2106.0
2140.5
2130.0
2128.5
2058.0
2103.0
2116.5
2140.5
2095.5
2091.0
2110.5
2140.5
2178.0
2136.0
2131.5
2164.5
2121.0
2130.0
2106.0
2149.5
2164.5
2121.0
2064.0
2053.5
2088.0
2104.5
2133.0
2053.5
2098.5
2095.5
2107.5
2137.5
2079.0
2103.0
2164.5
2112.0
2050.5
2104.5
2073.0
2139.0
2065.5
2106.0
2065.5
2124.0
2122.5
2128.5
2116.5
2094.0
2092.5
2151.0
2137.5
2101.5
2118.0
2052.0
2107.5
2157.0
2137.5
2116.5
2106.0
2053.5
2136.0
2119.5
2119.5
2119.5
2029.5
2106.0
2152.5
2125.5
2031.0
2127.0
2167.5
2070.0
2173.5
2128.5
2131.5
2124.0
2118.0
2076.0
2148.0
2106.0
2136.0
2109.0
2086.5
2038.5
2100.0
2103.0
2055.0
2127.0
2109.0
2151.0
2124.0
2112.0
2082.0
2154.0
2103.0
2136.0
2130.0
2137.5
2148.0
2149.5
2092.5
2095.5
2169.0
2103.0
2109.0
2175.0
2038.5
2134.5
2101.5
2095.5
2148.0
2124.0
2089.5
2140.5
2160.0
2124.0
2112.0
2097.0
2116.5
2091.0
2107.5
2100.0
2142.0
2089.5
2122.5
2142.0
2157.0
2145.0
2068.5
2125.5
2109.0
2097.0
2125.5
2103.0
2121.0
2098.5
2073.0
2128.5
2062.5
2122.5
2100.0
2095.5
2121.0
2110.5
2059.5
2112.0
2145.0
2145.0
2146.5
2116.5
2104.5
2100.0
2152.5
2104.5
2100.0
2125.5
2032.5
2103.0
2157.0
2116.5
2131.5
2137.5
2082.0
2160.0
2118.0
2083.5
2056.5
2118.0
2142.0
2050.5
2131.5
2073.0
2140.5
2109.0
2121.0
2140.5
2146.5
2086.5
2130.0
2119.5
2110.5
2193.0
2113.5
2113.5
2130.0
2116.5
2070.0
2092.5
2091.0
2160.0
2094.0
2089.5
2122.5
2071.5
2182.5
2127.0
2062.5
2061.0
2128.5
2118.0
2112.0
2073.0
2109.0
2127.0
2119.5
2088.0
2095.5
2128.5
2094.0
2086.5
2089.5
2070.0
2040.0
2073.0
2127.0
2145.0
2073.0
2130.0
2164.5
2148.0
2068.5
2079.0
2130.0
2128.5
2122.5
2145.0
2158.5
2161.5
2103.0
2125.5
2148.0
2109.0
2122.5
2149.5
2076.0
2098.5
2161.5
2076.0
2098.5
2122.5
2115.0
2098.5
2124.0
2100.0
2130.0
2118.0
2101.5
2125.5
2157.0
2122.5
2124.0
2101.5
2142.0
2119.5
2082.0
2139.0
2082.0
2047.5
2127.0
2169.0
2080.5
2070.0
2178.0
2088.0
2116.5
2098.5
2163.0
2115.0
2169.0
2008.5
2131.5
2092.5
2131.5
2127.0
2116.5
2091.0
2029.5
2055.0
1995.0
2139.0
2115.0
2055.0
2161.5
2068.5
2116.5
2122.5
2130.0
2116.5
2166.0
2082.0
2098.5
2143.5
2101.5
2109.0
2107.5
2175.0
2146.5
2131.5
2103.0
2074.5
2118.0
2119.5
2125.5
2116.5
2131.5
2100.0
2128.5
2116.5
2064.0
2097.0
2151.0
2152.5
2055.0
2148.0
2131.5
2146.5
2160.0
2097.0
2134.5
2079.0
2106.0
2143.5
2071.5
2137.5
2145.0
2139.0
2113.5
2080.5
2125.5
2095.5
2035.5
2073.0
2127.0
2095.5
2029.5
2077.5
2101.5
2151.0
2107.5
2109.0
2116.5
2073.0
2131.5
2116.5
2118.0
2106.0
2109.0
2085.0
2070.0
2055.0
2148.0
2044.5
2080.5
2077.5
2092.5
2151.0
2125.5
2118.0
2080.5
2019.0
2143.5
2070.0
2140.5
2064.0
2071.5
2178.0
2124.0
2088.0
2080.5
2073.0
2148.0
2073.0
2140.5
2098.5
2091.0
2154.0
2134.5
2055.0
2166.0
2139.0
2118.0
2172.0
2121.0
2136.0
2134.5
2140.5
2062.5
2110.5
2086.5
2139.0
2172.0
2094.0
2100.0
2068.5
2076.0
2122.5
2151.0
2092.5
2037.0
1993.5
2082.0
2170.5
2097.0
2104.5
2140.5
2103.0
2085.0
2128.5
2155.5
2128.5
2055.0
2161.5
2104.5
2115.0
2091.0
2085.0
2100.0
2050.5
2118.0
2109.0
2065.5
2152.5
2028.0
2115.0
2086.5
2161.5
2089.5
2103.0
2095.5
2043.0
2101.5
2113.5
2119.5
2121.0
2149.5
2142.0
2073.0
2071.5
2095.5
2136.0
2125.5
2167.5
2134.5
2100.0
2017.5
2151.0
2109.0
2121.0
2088.0
2056.5
2070.0
2119.5
2121.0
2125.5
2079.0
2052.0
2110.5
2101.5
2130.0
2091.0
2119.5
2091.0
2019.0
2103.0
2107.5
2113.5
2065.5
2125.5
2157.0
2157.0
2125.5
2095.5
2062.5
2086.5
2103.0
2038.5
2115.0
2112.0
2139.0
2118.0
2133.0
2109.0
2062.5
2031.0
2043.0
2091.0
2107.5
2059.5
2089.5
2076.0
2158.5
2133.0
2139.0
2101.5
2068.5
2127.0
2137.5
2098.5
2136.0
2112.0
2077.5
2059.5
2155.5
2112.0
2101.5
2094.0
2113.5
2125.5
2122.5
2058.0
2152.5
2052.0
2115.0
2089.5
2094.0
2089.5
2143.5
2137.5
2073.0
2106.0
2118.0
2110.5
2112.0
2112.0
2076.0
2131.5
2077.5
2157.0
2116.5
2113.5
2098.5
2106.0
2133.0
2056.5
2110.5
2062.5
2041.5
2112.0
2083.5
2131.5
2109.0
2083.5
2121.0
2157.0
2047.5
2073.0
2053.5
2080.5
2106.0
2079.0
2125.5
2104.5
2115.0
2109.0
2113.5
2125.5
2116.5
2149.5
2113.5
2112.0
2149.5
2113.5
2067.0
2049.0
2112.0
2118.0
2134.5
2053.5
2124.0
2089.5
2115.0
2134.5
2133.0
2152.5
2155.5
2145.0
2149.5
2094.0
2194.5
2118.0
2079.0
2182.5
2010.0
2121.0
2155.5
2074.5
2053.5
2136.0
2110.5
2133.0
2044.5
2100.0
2112.0
2098.5
2128.5
2074.5
2143.5
2098.5
2109.0
2127.0
2131.5
2131.5
2098.5
2116.5
2139.0
2148.0
2119.5
2134.5
2154.0
2104.5
2089.5
2113.5
2115.0
2059.5
2148.0
2164.5
1999.5
2071.5
2083.5
2128.5
2083.5
2100.0
2154.0
2142.0
2088.0
2080.5
2140.5
2125.5
2118.0
2050.5
2152.5
2094.0
2091.0
2131.5
2100.0
2119.5
2073.0
2146.5
2139.0
2136.0
2068.5
2125.5
2091.0
2125.5
2103.0
2097.0
2053.5
2131.5
2077.5
2097.0
2058.0
2149.5
2091.0
2152.5
2112.0
2052.0
2118.0
2112.0
2104.5
2074.5
2089.5
2097.0
2166.0
2097.0
2107.5
2089.5
2083.5
2167.5
2055.0
2103.0
2137.5
2151.0
2079.0
2097.0
2094.0
2064.0
2124.0
2098.5
2133.0
2151.0
2118.0
2088.0
2043.0
2125.5
2109.0
2100.0
2091.0
2029.5
2091.0
2080.5
2080.5
2146.5
2130.0
2116.5
2100.0
2044.5
2107.5
2167.5
2085.0
2116.5
2103.0
2085.0
2100.0
2137.5
2095.5
2136.0
2106.0
2166.0
2122.5
2053.5
2094.0
2160.0
2118.0
2086.5
2128.5
2134.5
2113.5
2080.5
2109.0
2107.5
2073.0
2113.5
2083.5
2065.5
2139.0
2118.0
2101.5
2097.0
2170.5
2161.5
2139.0
2130.0
2125.5
2151.0
2043.0
2142.0
2136.0
2089.5
2064.0
2097.0
2065.5
2107.5
2095.5
2073.0
2040.0
2121.0
2032.5
2115.0
2167.5
2133.0
2106.0
2133.0
2149.5
2142.0
2163.0
2059.5
2118.0
2094.0
2115.0
2154.0
2145.0
1992.0
2134.5
2079.0
2080.5
2127.0
2146.5
2122.5
2121.0
2134.5
2133.0
2113.5
2122.5
2133.0
2137.5
2152.5
2091.0
2139.0
2143.5
2176.5
2164.5
2140.5
2076.0
2088.0
2109.0
2062.5
2152.5
2073.0
2127.0
2136.0
2152.5
2083.5
2127.0
2145.0
2100.0
2092.5
2142.0
2071.5
2128.5
2101.5
2176.5
2122.5
2115.0
2107.5
2119.5
2151.0
2094.0
2158.5
2079.0
2137.5
2101.5
2085.0
2076.0
2143.5
2137.5
2104.5
2079.0
2094.0
2139.0
2031.0
2145.0
2113.5
2103.0
2119.5
2151.0
2167.5
2113.5
2089.5
2085.0
2151.0
2062.5
2164.5
2116.5
2097.0
2071.5
2092.5
2088.0
2101.5
2134.5
2097.0
2091.0
2106.0
2122.5
2092.5
2122.5
2089.5
2047.5
2106.0
2050.5
2128.5
2098.5
2115.0
2110.5
2104.5
2113.5
2140.5
2115.0
2128.5
2113.5
2065.5
2112.0
2124.0
2083.5
2082.0
2137.5
2076.0
2149.5
2064.0
2130.0
2127.0
2160.0
2157.0
2112.0
2137.5
2104.5
2127.0
2022.0
2007.0
2067.0
2050.5
2067.0
2158.5
2112.0
2119.5
2112.0
2124.0
2083.5
2146.5
2031.0
2082.0
2139.0
2148.0
2091.0
2142.0
2125.5
2095.5
2076.0
2167.5
2089.5
2095.5
2119.5
2137.5
2106.0
2116.5
2157.0
2062.5
2080.5
2151.0
2115.0
2128.5
2136.0
2067.0
2134.5
2076.0
2080.5
2128.5
2146.5
2149.5
2062.5
2118.0
2074.5
2155.5
2094.0
2109.0
2104.5
2097.0
2067.0
2103.0
2139.0
2037.0
2121.0
2125.5
2088.0
2080.5
2119.5
2109.0
2079.0
2104.5
2140.5
2068.5
2082.0
2130.0
2122.5
2122.5
2136.0
2107.5
2148.0
2094.0
2113.5
2058.0
2131.5
2167.5
2125.5
2088.0
2100.0
2089.5
2116.5
2070.0
2149.5
2065.5
2137.5
2079.0
2136.0
2094.0
2143.5
2121.0
2127.0
2035.5
2185.5
2160.0
2149.5
2092.5
2100.0
2113.5
2095.5
2124.0
2046.0
2095.5
2127.0
2089.5
2088.0
2103.0
2155.5
2143.5
2107.5
2074.5
2098.5
2176.5
2128.5
2118.0
2103.0
2176.5
2125.5
2133.0
2091.0
2142.0
2139.0
2109.0
2131.5
2188.5
2125.5
2142.0
2094.0
2064.0
2122.5
2115.0
2109.0
2127.0
2136.0
2095.5
2149.5
2118.0
2104.5
2133.0
2104.5
2119.5
2118.0
2130.0
2082.0
2103.0
2131.5
2088.0
2158.5
2076.0
2082.0
2142.0
2077.5
2104.5
2128.5
2121.0
2029.5
2073.0
2049.0
2101.5
2094.0
2118.0
2151.0
2043.0
2082.0
2130.0
2077.5
2163.0
2010.0
2091.0
2091.0
2097.0
2131.5
2143.5
2124.0
2106.0
2125.5
2082.0
2134.5
2121.0
2163.0
2079.0
2101.5
2055.0
2157.0
2142.0
2127.0
2104.5
2161.5
2125.5
2083.5
2115.0
2073.0
2172.0
2137.5
2155.5
2152.5
2119.5
2088.0
2080.5
2086.5
2130.0
2134.5
2106.0
2128.5
2082.0
2089.5
2154.0
2116.5
2118.0
2035.5
2115.0
2133.0
2143.5
2107.5
2112.0
2061.0
2107.5
2115.0
2110.5
2122.5
2131.5
2133.0
2115.0
2134.5
2130.0
2172.0
2097.0
2119.5
2086.5
1969.5
2095.5
2074.5
2160.0
2092.5
2125.5
2122.5
2097.0
2097.0
2061.0
2130.0
2068.5
2133.0
2107.5
2143.5
2109.0
2089.5
2089.5
2082.0
2091.0
2121.0
2097.0
2097.0
2148.0
2110.5
2083.5
2115.0
2110.5
2148.0
2118.0
2076.0
2047.5
2052.0
2113.5
2134.5
2133.0
2094.0
2125.5
2116.5
2095.5
2133.0
2112.0
2031.0
2094.0
2071.5
2059.5
2124.0
2097.0
2089.5
2137.5
2169.0
2121.0
2163.0
2137.5
2116.5
2139.0
2122.5
2149.5
2047.5
2109.0
2104.5
2112.0
2100.0
2116.5
2049.0
2125.5
2116.5
2064.0
2106.0
2106.0
2089.5
2068.5
2158.5
2082.0
2154.0
2133.0
2130.0
2095.5
2100.0
2088.0
2073.0
2170.5
2101.5
2173.5
2115.0
2119.5
2037.0
2083.5
2077.5
2049.0
2122.5
2080.5
2110.5
2104.5
2103.0
2113.5
2091.0
2113.5
2085.0
2116.5
2103.0
2100.0
2163.0
2115.0
2145.0
2146.5
2098.5
2143.5
2125.5
2089.5
1999.5
2157.0
2052.0
2142.0
2122.5
2152.5
2151.0
2094.0
2109.0
2079.0
2085.0
2067.0
2199.0
2110.5
2131.5
2139.0
2133.0
2118.0
2151.0
2139.0
2112.0
2112.0
2143.5
2025.0
2113.5
2083.5
2131.5
2083.5
2125.5
2083.5
2122.5
2097.0
2080.5
2082.0
2151.0
2091.0
2097.0
2091.0
2088.0
2077.5
2068.5
2109.0
2092.5
2101.5
2121.0
2103.0
2131.5
2113.5
2119.5
2067.0
2046.0
2139.0
2119.5
2077.5
2095.5
2085.0
2073.0
2095.5
2121.0
2088.0
2049.0
2080.5
2151.0
2091.0
2100.0
2128.5
2149.5
2056.5
2080.5
2163.0
2149.5
2148.0
2098.5
2122.5
2092.5
2080.5
2134.5
2055.0
2151.0
2107.5
2134.5
2073.0
2128.5
2119.5
2145.0
2097.0
2110.5
2136.0
2100.0
2100.0
2121.0
2151.0
2155.5
2124.0
2133.0
2134.5
2068.5
2116.5
2131.5
2112.0
2113.5
2121.0
2110.5
2140.5
2097.0
2065.5
2107.5
2170.5
2103.0
2088.0
2119.5
2163.0
2094.0
2119.5
2049.0
2133.0
2118.0
2143.5
2116.5
2124.0
2143.5
2127.0
2109.0
2104.5
2139.0
2113.5
2110.5
2161.5
2100.0
2065.5
2125.5
2106.0
2068.5
2136.0
2065.5
1972.5
2041.5
2121.0
2133.0
2115.0
2100.0
2103.0
2145.0
2134.5
2149.5
2125.5
2163.0
2143.5
2116.5
2152.5
2059.5
2137.5
2127.0
2059.5
2028.0
2142.0
2088.0
2140.5
2131.5
2098.5
2049.0
2128.5
2089.5
2146.5
2089.5
2106.0
2134.5
2112.0
2061.0
2130.0
2152.5
2068.5
2146.5
2143.5
2163.0
2139.0
2082.0
2076.0
2136.0
2067.0
2119.5
2016.0
2170.5
2095.5
2073.0
2110.5
2100.0
2098.5
2113.5
2092.5
2116.5
2151.0
2089.5
2175.0
2122.5
2104.5
2142.0
2083.5
2173.5
2023.5
2128.5
2104.5
2098.5
2095.5
2116.5
2044.5
2107.5
2107.5
2151.0
2133.0
2112.0
2083.5
2061.0
2164.5
2133.0
2100.0
2152.5
2067.0
2106.0
2148.0
2118.0
2157.0
2052.0
2140.5
2121.0
2101.5
2103.0
2103.0
2080.5
2091.0
2121.0
2055.0
2124.0
2098.5
2098.5
2140.5
2128.5
2145.0
2149.5
2149.5
2074.5
2131.5
2146.5
2058.0
2050.5
2103.0
2124.0
2085.0
2103.0
2115.0
2119.5
2140.5
2103.0
2061.0
2140.5
2124.0
2152.5
2103.0
2112.0
2110.5
2125.5
2155.5
2145.0
2088.0
2058.0
2037.0
2100.0
2079.0
2152.5
2143.5
2098.5
2110.5
2064.0
2094.0
2109.0
2080.5
2113.5
2086.5
2043.0
2136.0
2088.0
2127.0
2067.0
2121.0
2100.0
2122.5
2151.0
2073.0
2088.0
2091.0
2142.0
2134.5
2100.0
2106.0
2110.5
2095.5
2091.0
2134.5
2134.5
2155.5
2176.5
2143.5
2076.0
2119.5
2118.0
2088.0
2133.0
2041.5
2119.5
2146.5
2109.0
2110.5
2097.0
2121.0
2101.5
2037.0
2112.0
2136.0
2059.5
2107.5
2118.0
2107.5
2070.0
2140.5
2083.5
2098.5
2086.5
2133.0
2116.5
2100.0
2046.0
2085.0
2097.0
2067.0
2155.5
2052.0
2095.5
2157.0
2127.0
2070.0
2134.5
2088.0
2142.0
2094.0
2055.0
2166.0
2109.0
2071.5
2083.5
2103.0
2082.0
2133.0
2109.0
2121.0
2089.5
2143.5
2077.5
2134.5
2064.0
2136.0
2182.5
2116.5
2107.5
2104.5
2124.0
2118.0
2029.5
2076.0
2110.5
2133.0
2074.5
2056.5
2130.0
2077.5
2124.0
2130.0
2110.5
2080.5
2097.0
2127.0
2082.0
2091.0
2082.0
2043.0
2065.5
2014.5
2109.0
2112.0
2079.0
2134.5
2163.0
2049.0
2115.0
2142.0
2094.0
2146.5
2121.0
2068.5
2083.5
2137.5
2116.5
2115.0
2160.0
2140.5
2133.0
2112.0
2053.5
2085.0
2167.5
2061.0
2059.5
2050.5
2176.5
2113.5
2073.0
2070.0
2101.5
2137.5
2109.0
2164.5
2152.5
2103.0
2112.0
2104.5
2121.0
2046.0
2086.5
2148.0
2170.5
2053.5
2047.5
2125.5
2013.0
2091.0
2124.0
2131.5
2118.0
2101.5
2083.5
2106.0
2113.5
2067.0
2140.5
2080.5
2124.0
2148.0
2166.0
2125.5
2154.0
2163.0
2086.5
2160.0
2071.5
2131.5
2142.0
2103.0
2103.0
2089.5
2122.5
2106.0
2163.0
2124.0
2155.5
2109.0
2115.0
2094.0
2137.5
2116.5
2166.0
2110.5
2122.5
2089.5
2043.0
2041.5
2104.5
2131.5
2154.0
2173.5
2095.5
2119.5
2077.5
2110.5
2107.5
2106.0
2074.5
2143.5
2154.0
2170.5
2134.5
2074.5
2154.0
2122.5
2046.0
2106.0
2106.0
2109.0
2116.5
2134.5
2152.5
2088.0
2131.5
2116.5
2064.0
2119.5
2110.5
2140.5
2104.5
2067.0
2134.5
2164.5
2053.5
2146.5
2139.0
2125.5
2125.5
2070.0
2073.0
2155.5
2118.0
2082.0
2109.0
2088.0
2122.5
2052.0
2109.0
2115.0
2136.0
2088.0
2053.5
2095.5
2125.5
2040.0
2130.0
2121.0
2121.0
2122.5
2115.0
2181.0
2137.5
2085.0
2109.0
2122.5
2088.0
2112.0
2104.5
2044.5
2137.5
2097.0
2151.0
2188.5
2091.0
2122.5
2100.0
2103.0
2131.5
2128.5
2137.5
2052.0
2146.5
2092.5
2139.0
2091.0
2143.5
2068.5
2083.5
2119.5
2152.5
2140.5
2106.0
2022.0
2092.5
2137.5
2167.5
2086.5
2106.0
2127.0
2079.0
2107.5
2035.5
2080.5
2116.5
2119.5
2088.0
2079.0
2127.0
2070.0
2130.0
2085.0
2035.5
2094.0
2064.0
2148.0
2158.5
2154.0
2101.5
2143.5
2121.0
2130.0
2127.0
2122.5
2107.5
2121.0
2152.5
2028.0
2091.0
2122.5
2074.5
2139.0
2128.5
2086.5
2082.0
2113.5
2092.5
2067.0
2094.0
2100.0
2058.0
2142.0
2116.5
2121.0
2143.5
2077.5
2130.0
2056.5
2050.5
2167.5
2131.5
2085.0
2133.0
2083.5
2175.0
2139.0
2010.0
2124.0
2112.0
2044.5
2043.0
2050.5
2143.5
2065.5
2104.5
2124.0
2101.5
2133.0
2080.5
2149.5
2091.0
2065.5
2101.5
2118.0
2101.5
2097.0
2127.0
2137.5
2097.0
2079.0
2178.0
2073.0
2104.5
2121.0
2098.5
2148.0
2122.5
2154.0
2080.5
2130.0
2136.0
2130.0
2122.5
2089.5
2116.5
2065.5
2098.5
2098.5
2125.5
2131.5
2073.0
2146.5
2148.0
2052.0
2124.0
2148.0
2068.5
2125.5
2175.0
2140.5
2107.5
2130.0
2112.0
2151.0
2115.0
2104.5
2085.0
2115.0
2082.0
2095.5
2131.5
2124.0
2073.0
2091.0
2068.5
2128.5
2065.5
2091.0
2080.5
2101.5
2107.5
2158.5
2079.0
2092.5
2113.5
2103.0
2136.0
2145.0
2062.5
2085.0
2094.0
2113.5
2139.0
2079.0
2061.0
2169.0
2100.0
2146.5
2118.0
2052.0
2151.0
2139.0
2140.5
2053.5
2130.0
2122.5
2095.5
2155.5
2086.5
2121.0
2164.5
2043.0
2050.5
2104.5
2085.0
2107.5
2055.0
2080.5
2071.5
2121.0
2092.5
2040.0
2095.5
2002.5
2109.0
2073.0
2128.5
2083.5
2134.5
2158.5
2094.0
2139.0
2160.0
2112.0
2131.5
2148.0
2109.0
2079.0
2110.5
2121.0
2121.0
2065.5
2125.5
2062.5
2155.5
2080.5
2124.0
2104.5
2115.0
2080.5
2104.5
2115.0
2083.5
2073.0
2098.5
2062.5
2016.0
2110.5
2104.5
2154.0
2035.5
2140.5
2104.5
2085.0
2025.0
2067.0
2116.5
2079.0
2128.5
2083.5
2107.5
2110.5
2104.5
2125.5
2134.5
2127.0
2131.5
2157.0
2148.0
2083.5
2097.0
2128.5
2106.0
2151.0
2121.0
2119.5
2083.5
2104.5
2098.5
2056.5
2076.0
2137.5
2058.0
2143.5
2167.5
2182.5
2110.5
2115.0
2146.5
2161.5
2158.5
2116.5
2148.0
2130.0
2121.0
2119.5
2077.5
2083.5
2107.5
2134.5
2142.0
2116.5
2109.0
2085.0
2092.5
2127.0
2125.5
2088.0
2130.0
2091.0
2154.0
2095.5
2136.0
2070.0
2151.0
2142.0
2133.0
2134.5
2097.0
2025.0
2151.0
2137.5
2088.0
2104.5
2106.0
2089.5
2131.5
2133.0
2122.5
2109.0
2149.5
2115.0
2146.5
2073.0
2155.5
2127.0
2124.0
2058.0
2154.0
2136.0
2140.5
2113.5
2073.0
2119.5
2094.0
2121.0
2119.5
2095.5
2070.0
2100.0
2091.0
2053.5
2130.0
2163.0
2053.5
2079.0
2080.5
2019.0
2106.0
2074.5
2076.0
2070.0
2017.5
2092.5
2146.5
2139.0
2112.0
2077.5
2044.5
2161.5
2067.0
2092.5
2094.0
2139.0
2133.0
2119.5
2109.0
2133.0
2107.5
2154.0
2143.5
2097.0
2103.0
2143.5
2083.5
2071.5
2119.5
2131.5
2082.0
2053.5
2128.5
2115.0
2121.0
2062.5
2134.5
2113.5
2053.5
2115.0
2107.5
2053.5
2157.0
2143.5
2160.0
2155.5
2109.0
2092.5
2106.0
2055.0
2178.0
2179.5
2085.0
2098.5
2110.5
2143.5
2026.5
2107.5
2125.5
2082.0
2113.5
2040.0
2055.0
2089.5
2116.5
2098.5
2127.0
2149.5
2136.0
2097.0
2128.5
2151.0
2121.0
2088.0
2085.0
2082.0
2151.0
2113.5
2094.0
2094.0
2085.0
2061.0
2092.5
2091.0
2124.0
2088.0
2106.0
2092.5
2092.5
2116.5
2137.5
2082.0
2089.5
2116.5
2190.0
2055.0
2122.5
2047.5
2070.0
2128.5
2085.0
2142.0
2148.0
2076.0
2062.5
2152.5
2160.0
2110.5
2119.5
2166.0
2067.0
2145.0
2139.0
2124.0
2106.0
2080.5
2130.0
2113.5
2014.5
2122.5
2113.5
2130.0
1981.5
2118.0
2065.5
2112.0
2134.5
2095.5
2119.5
2124.0
2158.5
2107.5
2142.0
2152.5
2142.0
2137.5
2131.5
2089.5
2134.5
2155.5
2131.5
2107.5
2166.0
2110.5
2088.0
2113.5
2094.0
2082.0
2103.0
2115.0
2101.5
2055.0
2127.0
2119.5
2133.0
2116.5
2170.5
2094.0
2158.5
2137.5
2130.0
2145.0
2109.0
2089.5
2127.0
2098.5
2052.0
2104.5
2050.5
2143.5
2043.0
2092.5
2053.5
2122.5
2122.5
2052.0
2112.0
2094.0
2148.0
2100.0
2055.0
2140.5
2091.0
2128.5
2130.0
2128.5
2127.0
2103.0
2119.5
2101.5
2113.5
2182.5
2068.5
2110.5
2101.5
2095.5
2008.5
2131.5
2157.0
2146.5
2098.5
2058.0
2103.0
2139.0
2110.5
2157.0
2074.5
2134.5
2160.0
2143.5
2064.0
2152.5
2115.0
2110.5
2031.0
2107.5
2175.0
2121.0
2149.5
2113.5
2146.5
2115.0
2109.0
2143.5
2109.0
2146.5
2089.5
2128.5
2115.0
2112.0
2104.5
2158.5
2071.5
2035.5
2089.5
2068.5
2130.0
2115.0
2152.5
2119.5
2121.0
2067.0
2071.5
2098.5
2118.0
2164.5
2151.0
2143.5
2086.5
2145.0
2127.0
2079.0
2104.5
2095.5
2100.0
2085.0
2056.5
2041.5
2061.0
2130.0
2137.5
2056.5
2137.5
2128.5
2097.0
2151.0
2076.0
2080.5
2071.5
2055.0
2155.5
2007.0
2104.5
2119.5
2137.5
2164.5
2083.5
2118.0
2173.5
2127.0
2089.5
2082.0
2068.5
2095.5
2154.0
2122.5
2137.5
2143.5
2121.0
2088.0
2100.0
2089.5
2167.5
2058.0
2112.0
2118.0
2089.5
2029.5
2064.0
2112.0
2071.5
2146.5
2176.5
2142.0
2104.5
2139.0
2145.0
2152.5
2118.0
2112.0
2121.0
2112.0
2173.5
2125.5
2076.0
2167.5
2082.0
2088.0
2118.0
2143.5
2139.0
2083.5
2110.5
2127.0
2092.5
2134.5
2142.0
2080.5
2115.0
2034.0
2119.5
2113.5
2082.0
2106.0
2140.5
2116.5
2077.5
2107.5
2101.5
2080.5
2134.5
2136.0
2023.5
2121.0
2131.5
2065.5
2133.0
2092.5
2119.5
2031.0
2064.0
2044.5
2052.0
2145.0
2125.5
2095.5
2113.5
2124.0
2124.0
2094.0
2149.5
2137.5
2115.0
2097.0
2088.0
2164.5
2116.5
2157.0
2116.5
2133.0
2166.0
2068.5
2145.0
2031.0
2031.0
2112.0
2140.5
2107.5
2155.5
2112.0
2067.0
2134.5
2121.0
2047.5
2139.0
2076.0
2176.5
2119.5
2116.5
2118.0
1969.5
2119.5
2133.0
2157.0
2089.5
2136.0
2053.5
2133.0
2136.0
2088.0
2055.0
2098.5
2130.0
2095.5
2143.5
2103.0
2103.0
2080.5
2115.0
2035.5
2112.0
2136.0
2064.0
2119.5
2155.5
2089.5
2067.0
2110.5
2134.5
2094.0
2025.0
2118.0
2074.5
2064.0
2125.5
2143.5
2065.5
2148.0
2157.0
2113.5
2037.0
2053.5
2125.5
2107.5
2106.0
2103.0
2110.5
2091.0
2109.0
2172.0
2089.5
2124.0
2095.5
2145.0
2064.0
2137.5
2164.5
2139.0
2094.0
2100.0
2104.5
2133.0
2052.0
2151.0
2146.5
2101.5
2113.5
2083.5
2107.5
2106.0
2134.5
2097.0
2154.0
2107.5
2088.0
2037.0
2125.5
2125.5
2101.5
2113.5
2163.0
2104.5
2118.0
2131.5
2052.0
2091.0
2143.5
2136.0
2044.5
2100.0
2128.5
2158.5
2095.5
2095.5
2094.0
2091.0
2122.5
2070.0
2067.0
2115.0
2128.5
1930.5
2107.5
2109.0
2080.5
2134.5
2149.5
2121.0
2127.0
2137.5
2119.5
2145.0
2095.5
2139.0
2173.5
2164.5
2155.5
2172.0
2079.0
2130.0
2101.5
2130.0
2100.0
2116.5
2143.5
2092.5
2025.0
2064.0
2104.5
2133.0
2146.5
2116.5
2122.5
2088.0
2053.5
2115.0
2088.0
2122.5
2115.0
2125.5
2076.0
2088.0
1998.0
2136.0
2085.0
2095.5
2152.5
2106.0
2082.0
2133.0
2133.0
2088.0
2136.0
2125.5
2122.5
2071.5
2052.0
2080.5
2167.5
2103.0
2062.5
2139.0
2097.0
2155.5
2046.0
2092.5
2100.0
2122.5
2163.0
2064.0
2077.5
2103.0
2097.0
2178.0
2149.5
2140.5
2059.5
2086.5
2101.5
2128.5
2080.5
2082.0
2098.5
2067.0
2100.0
2065.5
2028.0
2121.0
2083.5
2121.0
2121.0
2088.0
2128.5
2032.5
2121.0
2122.5
2104.5
2097.0
2173.5
2119.5
2116.5
2092.5
2106.0
2163.0
2130.0
2197.5
2148.0
2151.0
2103.0
2095.5
2173.5
2175.0
2098.5
2049.0
2097.0
2131.5
2073.0
2110.5
2091.0
2100.0
2106.0
2109.0
2047.5
2070.0
2055.0
2062.5
2001.0
2119.5
2098.5
2121.0
2083.5
2109.0
2169.0
2106.0
2136.0
2077.5
2086.5
2143.5
2122.5
2161.5
2094.0
2122.5
2149.5
2116.5
2086.5
2112.0
2155.5
2142.0
2086.5
2127.0
2091.0
2140.5
2143.5
2107.5
2131.5
2130.0
2148.0
2131.5
2104.5
2134.5
2110.5
2070.0
2128.5
2068.5
2101.5
2113.5
2125.5
2131.5
2121.0
2089.5
2137.5
2187.0
2128.5
2092.5
2107.5
2061.0
2175.0
2107.5
2155.5
2164.5
2094.0
2128.5
2128.5
2082.0
2118.0
2038.5
2121.0
2091.0
2160.0
2110.5
2091.0
2077.5
2110.5
2125.5
2091.0
2124.0
2122.5
2047.5
2106.0
2118.0
2155.5
2134.5
2115.0
2143.5
2122.5
2034.0
2142.0
2059.5
2095.5
2019.0
2109.0
2121.0
2100.0
2134.5
2040.0
2017.5
2065.5
2076.0
2170.5
2157.0
2139.0
2100.0
2107.5
2136.0
2100.0
2076.0
2143.5
2118.0
2086.5
2112.0
2146.5
2134.5
2092.5
2137.5
2109.0
2124.0
2139.0
2185.5
2179.5
2133.0
2073.0
2055.0
2140.5
2143.5
2106.0
2043.0
2128.5
2083.5
2139.0
2112.0
2080.5
2085.0
2038.5
2089.5
2146.5
2140.5
2143.5
2074.5
2130.0
2089.5
2086.5
2133.0
2068.5
2068.5
2143.5
2113.5
2103.0
2106.0
2173.5
2088.0
2041.5
2098.5
2130.0
2085.0
2100.0
2139.0
2134.5
2095.5
2146.5
2070.0
2140.5
2071.5
2091.0
2076.0
2067.0
2134.5
2083.5
2133.0
2152.5
2092.5
2158.5
2052.0
2116.5
2047.5
2094.0
2098.5
2047.5
2101.5
2133.0
2118.0
2113.5
2031.0
2106.0
2137.5
2104.5
2161.5
2097.0
2149.5
2097.0
2127.0
2083.5
2142.0
2142.0
2128.5
2091.0
2170.5
2166.0
2152.5
2068.5
2115.0
2133.0
2154.0
2041.5
2154.0
2107.5
2143.5
2086.5
2137.5
2151.0
2031.0
2139.0
2160.0
2115.0
2025.0
1995.0
2142.0
2076.0
2173.5
2074.5
2055.0
2154.0
2113.5
2148.0
2094.0
2113.5
2164.5
2140.5
2088.0
2119.5
2095.5
2080.5
2140.5
2073.0
2055.0
2109.0
2133.0
2091.0
1972.5
2124.0
2077.5
2088.0
2118.0
2110.5
2100.0
2046.0
2109.0
2116.5
2154.0
2107.5
2124.0
2131.5
2146.5
2127.0
2116.5
2110.5
2136.0
2148.0
2083.5
2059.5
2092.5
2118.0
2086.5
2035.5
2095.5
2064.0
2091.0
2128.5
2118.0
2131.5
2089.5
2106.0
2130.0
2133.0
2160.0
2112.0
2164.5
2088.0
2013.0
2041.5
2089.5
2092.5
2103.0
2083.5
2053.5
2128.5
2089.5
2134.5
2106.0
2040.0
2103.0
2142.0
2106.0
2166.0
2091.0
2130.0
2074.5
2145.0
2103.0
2079.0
2124.0
2089.5
2152.5
2098.5
2125.5
2110.5
2095.5
2100.0
2079.0
2053.5
2109.0
2107.5
2106.0
2128.5
2086.5
2109.0
2157.0
2149.5
2100.0
2113.5
2083.5
2071.5
2023.5
2091.0
2059.5
2086.5
2130.0
2130.0
2088.0
2130.0
2145.0
2061.0
2130.0
2112.0
2113.5
2049.0
2044.5
2167.5
2109.0
2139.0
2049.0
2088.0
2037.0
2055.0
2106.0
2142.0
2125.5
2160.0
2098.5
2140.5
2109.0
2110.5
2098.5
2091.0
2121.0
2091.0
2103.0
2098.5
2119.5
2116.5
2116.5
2083.5
2098.5
2098.5
2142.0
2119.5
2125.5
2068.5
2095.5
2011.5
2116.5
2143.5
2113.5
2107.5
2125.5
2110.5
2041.5
2143.5
2130.0
2074.5
2113.5
2094.0
2086.5
2074.5
2086.5
2106.0
2065.5
2100.0
2127.0
2016.0
2101.5
2134.5
2107.5
2064.0
2121.0
2163.0
2107.5
2083.5
2035.5
2131.5
2110.5
2143.5
2076.0
2073.0
2013.0
2115.0
2172.0
2149.5
2101.5
2115.0
2064.0
2056.5
2025.0
2131.5
2115.0
2086.5
2151.0
2098.5
2088.0
2110.5
2092.5
2124.0
2154.0
2107.5
2145.0
2118.0
2124.0
2130.0
2148.0
2074.5
2115.0
2136.0
2089.5
2125.5
2170.5
2068.5
2142.0
2085.0
2118.0
2137.5
2088.0
2124.0
2095.5
2122.5
2032.5
2134.5
2146.5
2154.0
2142.0
2095.5
2136.0
2179.5
2062.5
2112.0
2140.5
2089.5
2086.5
2104.5
2110.5
2044.5
2128.5
2161.5
2145.0
2118.0
2122.5
2107.5
2116.5
2142.0
2113.5
2077.5
2076.0
2124.0
2110.5
2122.5
2118.0
2073.0
2145.0
2098.5
2128.5
2151.0
2091.0
2058.0
2077.5
2110.5
2119.5
2128.5
2124.0
2068.5
2077.5
2133.0
2122.5
2103.0
2098.5
2137.5
2092.5
2148.0
2083.5
2085.0
2116.5
2094.0
2079.0
2109.0
2097.0
2163.0
2130.0
2173.5
2128.5
2158.5
2115.0
2145.0
2038.5
2103.0
2127.0
2137.5
2152.5
2016.0
2068.5
2074.5
2077.5
2146.5
2100.0
2136.0
2136.0
2140.5
2130.0
2104.5
2118.0
2142.0
2113.5
2122.5
2100.0
2044.5
2077.5
2143.5
2113.5
2109.0
2080.5
2097.0
2070.0
2091.0
2121.0
2050.5
2113.5
2169.0
2136.0
2148.0
2052.0
2076.0
2068.5
2119.5
2077.5
2010.0
2068.5
2104.5
2103.0
2140.5
2152.5
2055.0
2095.5
2116.5
2097.0
2020.5
2178.0
2080.5
2100.0
2101.5
2053.5
1965.0
2155.5
2047.5
2035.5
2086.5
2074.5
2124.0
2133.0
2128.5
2115.0
2101.5
2152.5
2089.5
2155.5
2082.0
2133.0
2154.0
2146.5
2122.5
2068.5
2028.0
2106.0
2064.0
2145.0
2065.5
2115.0
2086.5
2112.0
2139.0
2121.0
2139.0
2094.0
2110.5
2106.0
2155.5
2106.0
2109.0
2148.0
2148.0
2107.5
2149.5
2118.0
2142.0
2085.0
2061.0
2148.0
2077.5
2166.0
2071.5
2140.5
2089.5
2170.5
2038.5
2137.5
2088.0
2082.0
2134.5
2061.0
2158.5
2079.0
2133.0
2139.0
2169.0
2155.5
2133.0
2125.5
2106.0
2079.0
2134.5
2094.0
2146.5
2071.5
2013.0
2125.5
2001.0
2077.5
2041.5
2083.5
2161.5
2112.0
2143.5
2052.0
2091.0
2130.0
2133.0
2106.0
2071.5
2148.0
2089.5
2128.5
2109.0
2152.5
2161.5
2127.0
2130.0
2046.0
2085.0
2070.0
2119.5
2161.5
2109.0
2149.5
2119.5
2127.0
2089.5
2113.5
2112.0
2097.0
2106.0
2143.5
2088.0
2122.5
2092.5
2122.5
2163.0
2074.5
2104.5
2143.5
2098.5
2094.0
2065.5
2122.5
2097.0
2118.0
2088.0
2125.5
2118.0
2082.0
2082.0
2100.0
2136.0
2139.0
2143.5
2104.5
2056.5
2118.0
2065.5
2136.0
2119.5
2149.5
2148.0
2121.0
2112.0
2094.0
2157.0
2110.5
2094.0
2119.5
2146.5
2149.5
2088.0
2124.0
2089.5
2128.5
2110.5
2163.0
2142.0
2112.0
2116.5
2070.0
2073.0
2115.0
2113.5
2119.5
2101.5
2121.0
2044.5
2125.5
2109.0
2089.5
2146.5
2170.5
2038.5
2142.0
2133.0
2161.5
2085.0
2094.0
2067.0
2112.0
2100.0
2056.5
2103.0
2121.0
2097.0
2131.5
2130.0
2157.0
2094.0
2139.0
2112.0
2107.5
2118.0
2121.0
2100.0
2070.0
2113.5
2136.0
2080.5
2098.5
2163.0
2121.0
2130.0
2167.5
2145.0
2073.0
2137.5
2154.0
2064.0
2134.5
2125.5
2167.5
2119.5
2160.0
2101.5
2151.0
2115.0
2128.5
2127.0
2119.5
2098.5
2169.0
2110.5
2088.0
2136.0
2158.5
2050.5
2115.0
2157.0
2176.5
2068.5
2142.0
2130.0
2106.0
2121.0
2101.5
2133.0
2116.5
2065.5
2121.0
2077.5
2049.0
2139.0
2082.0
2125.5
2059.5
2112.0
2070.0
2091.0
2023.5
2095.5
2034.0
2047.5
2142.0
2122.5
2002.5
2119.5
2110.5
2104.5
2088.0
2112.0
2113.5
2110.5
2032.5
2110.5
2107.5
2088.0
2073.0
2046.0
2145.0
2167.5
2079.0
2094.0
2157.0
2106.0
2112.0
2089.5
2151.0
2130.0
2064.0
2149.5
2112.0
2136.0
2140.5
2016.0
2130.0
2113.5
2151.0
2046.0
2143.5
2103.0
2149.5
2092.5
2122.5
2109.0
2134.5
2125.5
2151.0
2109.0
2085.0
2151.0
2092.5
2131.5
2115.0
2103.0
2142.0
2064.0
2094.0
2127.0
2137.5
2134.5
2116.5
2070.0
2115.0
2140.5
2151.0
2095.5
2107.5
2110.5
2104.5
2086.5
2103.0
2070.0
2127.0
2118.0
2040.0
2125.5
2088.0
2121.0
2076.0
2103.0
2113.5
2128.5
2122.5
2097.0
2154.0
2046.0
2127.0
2073.0
2146.5
2076.0
2050.5
2088.0
2125.5
2130.0
2133.0
2079.0
2169.0
2044.5
2134.5
2125.5
2116.5
2080.5
2133.0
2145.0
2151.0
2119.5
2116.5
2142.0
2143.5
2097.0
2107.5
2074.5
2079.0
2158.5
2094.0
2106.0
2110.5
2107.5
2121.0
2085.0
2137.5
2107.5
2038.5
2139.0
2112.0
2128.5
2053.5
2088.0
2094.0
2124.0
2173.5
2074.5
2106.0
2083.5
2085.0
2155.5
2116.5
2101.5
2112.0
2028.0
2164.5
2110.5
2124.0
2118.0
2169.0
2160.0
2106.0
2127.0
2095.5
2094.0
2145.0
2184.0
2119.5
2029.5
2086.5
2113.5
2110.5
2158.5
2088.0
2127.0
2122.5
2091.0
2139.0
2076.0
2134.5
2115.0
2034.0
2142.0
2047.5
2058.0
2065.5
2058.0
2139.0
2134.5
2163.0
2094.0
2073.0
2083.5
2112.0
2082.0
2113.5
2118.0
2134.5
2116.5
2098.5
2094.0
2143.5
2041.5
2140.5
2103.0
2098.5
2133.0
2127.0
2097.0
2148.0
2160.0
2163.0
2103.0
2113.5
2079.0
2116.5
2121.0
2127.0
2125.5
2128.5
2061.0
2101.5
2074.5
2101.5
2124.0
2142.0
2154.0
2167.5
2116.5
2098.5
2098.5
2091.0
2134.5
2091.0
2067.0
2143.5
2095.5
2118.0
2122.5
2103.0
2062.5
2172.0
2106.0
2100.0
2128.5
2152.5
2082.0
2007.0
2133.0
2070.0
2131.5
2127.0
2133.0
2118.0
2137.5
2122.5
2112.0
2170.5
2109.0
2124.0
2127.0
2101.5
2146.5
2095.5
2067.0
2133.0
2004.0
2110.5
2061.0
2112.0
2035.5
2034.0
2134.5
2092.5
2043.0
2082.0
2107.5
2055.0
2121.0
2106.0
2092.5
2136.0
2145.0
2122.5
2086.5
2128.5
2104.5
2119.5
2112.0
2121.0
2172.0
2134.5
2125.5
2098.5
2119.5
2035.5
2076.0
2070.0
2047.5
2095.5
2140.5
2052.0
2098.5
2158.5
2067.0
2095.5
2109.0
2049.0
2131.5
2074.5
2049.0
2124.0
2086.5
2055.0
2103.0
2179.5
2164.5
2077.5
2046.0
2059.5
2140.5
2112.0
2140.5
2077.5
2131.5
2103.0
2079.0
2152.5
2094.0
2091.0
2109.0
2158.5
2149.5
2151.0
2085.0
2121.0
2064.0
2121.0
2118.0
2133.0
2035.5
2094.0
2121.0
2070.0
2101.5
2022.0
2068.5
2065.5
2122.5
2142.0
2095.5
2085.0
2139.0
2136.0
2076.0
2115.0
2134.5
2107.5
2095.5
2065.5
2125.5
2091.0
2085.0
2149.5
2077.5
2163.0
2047.5
2098.5
2068.5
2112.0
2122.5
2086.5
2127.0
2055.0
2121.0
2103.0
2095.5
2139.0
2101.5
2104.5
2158.5
2179.5
2085.0
2112.0
2050.5
2083.5
2119.5
2151.0
2176.5
2155.5
2134.5
2112.0
2101.5
2082.0
2154.0
2146.5
2128.5
2158.5
2085.0
2083.5
2097.0
2118.0
2115.0
2088.0
2097.0
2083.5
2160.0
2104.5
2083.5
2118.0
2107.5
2094.0
2110.5
2080.5
2041.5
2109.0
2055.0
2121.0
2073.0
2152.5
2136.0
2134.5
2116.5
2031.0
2148.0
2125.5
2101.5
2097.0
2131.5
2128.5
2080.5
2070.0
2097.0
2154.0
2073.0
2143.5
2143.5
2149.5
2086.5
2109.0
2143.5
2082.0
2128.5
2130.0
2091.0
2118.0
2107.5
2125.5
2095.5
2122.5
2097.0
2104.5
2140.5
2092.5
2112.0
2097.0
2119.5
2080.5
2071.5
2103.0
2149.5
2053.5
2110.5
2131.5
2118.0
2055.0
2119.5
2133.0
2134.5
2145.0
2142.0
2116.5
2023.5
2074.5
2119.5
2122.5
2151.0
2103.0
2088.0
2076.0
2074.5
2095.5
2115.0
2094.0
2143.5
2136.0
2133.0
2152.5
2121.0
2079.0
2100.0
2052.0
2041.5
2065.5
2064.0
2059.5
2137.5
2088.0
2125.5
2148.0
2088.0
2116.5
2104.5
2083.5
2026.5
2050.5
2140.5
2140.5
2092.5
2148.0
2104.5
2094.0
2103.0
2137.5
2121.0
2188.5
2065.5
2098.5
2122.5
2130.0
2152.5
2086.5
2098.5
2118.0
2146.5
2127.0
2145.0
2089.5
2083.5
2104.5
2091.0
2149.5
2128.5
2112.0
2082.0
2056.5
2161.5
2110.5
2100.0
2143.5
2112.0
2070.0
2148.0
2106.0
1941.0
2106.0
2089.5
2088.0
2119.5
2022.0
2103.0
2107.5
2059.5
2121.0
2122.5
2149.5
2166.0
2086.5
2124.0
2031.0
2118.0
2082.0
2062.5
2047.5
2139.0
2116.5
2119.5
2125.5
2103.0
2095.5
2115.0
2011.5
2085.0
2133.0
2110.5
1957.5
2124.0
2083.5
2082.0
2047.5
2088.0
2178.0
2145.0
2122.5
2109.0
2160.0
2118.0
2023.5
2146.5
2128.5
2131.5
2136.0
2128.5
2155.5
2089.5
2116.5
2076.0
2058.0
2133.0
2100.0
2094.0
2092.5
2115.0
2010.0
2110.5
2140.5
2103.0
2151.0
2140.5
2109.0
2122.5
2128.5
2073.0
2109.0
2110.5
2083.5
2095.5
2076.0
2128.5
2145.0
2089.5
2097.0
2052.0
2148.0
2109.0
2050.5
2080.5
2163.0
2175.0
2115.0
2076.0
2160.0
2127.0
2160.0
2101.5
2034.0
2124.0
2104.5
2175.0
2070.0
2130.0
2065.5
2112.0
2137.5
2154.0
2086.5
2079.0
2122.5
2055.0
2166.0
2079.0
2110.5
2116.5
2134.5
2113.5
2112.0
2109.0
2140.5
2059.5
2128.5
2143.5
2098.5
2104.5
2122.5
2079.0
2074.5
2127.0
2118.0
2148.0
2082.0
2127.0
2143.5
2095.5
2167.5
2110.5
2098.5
2110.5
2166.0
2122.5
2152.5
2100.0
2058.0
2094.0
2098.5
2095.5
2067.0
2064.0
2106.0
2113.5
2145.0
2067.0
2095.5
2107.5
2091.0
2067.0
2133.0
2095.5
2155.5
2143.5
2059.5
2110.5
2122.5
2092.5
2118.0
2089.5
2095.5
2061.0
2116.5
2145.0
2002.5
2088.0
2106.0
2070.0
2143.5
2091.0
2098.5
2148.0
2112.0
2020.5
2166.0
2139.0
2118.0
2097.0
2119.5
2185.5
2065.5
2139.0
2103.0
2092.5
2046.0
2056.5
2139.0
2157.0
2152.5
2133.0
2098.5
2127.0
2172.0
2157.0
2104.5
2154.0
2091.0
1951.5
2098.5
2074.5
2079.0
2163.0
2125.5
2086.5
2148.0
2097.0
2095.5
2028.0
2097.0
2109.0
2080.5
2077.5
2127.0
2094.0
2128.5
2083.5
2124.0
2112.0
2155.5
2151.0
2056.5
2098.5
2118.0
2055.0
2074.5
2071.5
2133.0
2034.0
2095.5
2142.0
2103.0
2083.5
2094.0
2088.0
2086.5
2088.0
2107.5
2127.0
2121.0
2140.5
2116.5
2083.5
2101.5
2076.0
2092.5
2067.0
2154.0
2094.0
2142.0
2107.5
2086.5
2067.0
2062.5
2119.5
2146.5
2143.5
2127.0
2098.5
2085.0
2017.5
2128.5
2136.0
2130.0
2143.5
2136.0
2043.0
2152.5
2073.0
2100.0
2176.5
2122.5
2145.0
2136.0
2002.5
2095.5
2118.0
2172.0
2128.5
2127.0
2146.5
2092.5
2122.5
2124.0
2098.5
2121.0
2175.0
2152.5
2065.5
2110.5
2155.5
2097.0
2143.5
2128.5
2170.5
2133.0
2131.5
2115.0
2148.0
2139.0
2100.0
2068.5
2128.5
2089.5
2095.5
2113.5
2131.5
2074.5
2095.5
2100.0
2094.0
2094.0
2113.5
2143.5
2118.0
2121.0
2095.5
2104.5
2032.5
2097.0
2106.0
2091.0
2083.5
2100.0
2037.0
2134.5
2067.0
2127.0
2134.5
2131.5
2137.5
2161.5
2127.0
2010.0
2110.5
2092.5
2083.5
2106.0
2095.5
2115.0
2059.5
2154.0
2091.0
2100.0
2082.0
2115.0
2067.0
2134.5
2152.5
2115.0
2122.5
2079.0
2062.5
2100.0
2139.0
2077.5
2134.5
2068.5
2097.0
2047.5
2079.0
2152.5
2122.5
2104.5
2095.5
2149.5
2143.5
2166.0
2080.5
2110.5
2152.5
2116.5
2106.0
2136.0
2118.0
2085.0
2095.5
2121.0
2133.0
2158.5
2125.5
2088.0
2109.0
2107.5
2103.0
2098.5
2058.0
2103.0
2146.5
2136.0
2133.0
2016.0
2107.5
2080.5
2110.5
2061.0
2079.0
2116.5
2154.0
2088.0
2070.0
2098.5
2112.0
2128.5
2085.0
2077.5
2130.0
2095.5
