1827.0
1477.5
1786.5
1767.0
1717.5
1798.5
1852.5
1813.5
1741.5
1714.5
1828.5
1681.5
1882.5
1648.5
1300.5
1716.0
1965.0
1785.0
1794.0
825.0
1731.0
1608.0
1755.0
1903.5
1726.5
1923.0
1905.0
1855.5
1873.5
1885.5
1689.0
1867.5
1342.5
1888.5
1881.0
1852.5
1837.5
1831.5
1951.5
1821.0
1755.0
1816.5
1632.0
1833.0
1779.0
1827.0
1936.5
1920.0
1927.5
1941.0
1539.0
1783.5
1792.5
1812.0
1948.5
1750.5
1948.5
1983.0
1948.5
1677.0
1608.0
1690.5
1951.5
1891.5
1332.0
1852.5
1753.5
1869.0
1725.0
1761.0
1608.0
1881.0
1828.5
1860.0
1749.0
1479.0
1707.0
1860.0
1818.0
1770.0
1828.5
1981.5
1794.0
1725.0
1878.0
1756.5
1675.5
1591.5
1666.5
1789.5
1861.5
1878.0
1618.5
1806.0
1875.0
1923.0
1824.0
1882.5
1828.5
1915.5
1827.0
1750.5
1654.5
1588.5
1935.0
1740.0
1735.5
1891.5
1854.0
1851.0
1659.0
1851.0
1530.0
1546.5
1836.0
1975.5
1711.5
1678.5
1662.0
1491.0
1866.0
1708.5
1809.0
1747.5
1854.0
1833.0
1941.0
1801.5
1882.5
1611.0
1837.5
1786.5
1834.5
1627.5
1500.0
1908.0
1735.5
1444.5
1512.0
1842.0
1744.5
1840.5
1680.0
1867.5
1227.0
1528.5
1455.0
1719.0
1365.0
1897.5
1822.5
1794.0
1920.0
1923.0
1566.0
1878.0
1959.0
1728.0
1896.0
1896.0
1723.5
1992.0
1962.0
1779.0
1513.5
1827.0
1873.5
1845.0
1692.0
1852.5
1813.5
1836.0
1701.0
1672.5
1809.0
1924.5
1848.0
1857.0
1702.5
1759.5
1869.0
1230.0
1755.0
1873.5
1585.5
1642.5
1794.0
1690.5
1413.0
1713.0
1914.0
1824.0
1810.5
1846.5
1740.0
1828.5
1806.0
1974.0
1894.5
1731.0
1932.0
1797.0
1869.0
1741.5
1642.5
1639.5
1753.5
1803.0
1998.0
1914.0
1857.0
1920.0
1695.0
1833.0
1861.5
1782.0
1798.5
1804.5
1749.0
1747.5
1770.0
1630.5
1743.0
1771.5
1795.5
1816.5
1845.0
1890.0
1305.0
1654.5
1759.5
1636.5
1873.5
1882.5
1887.0
1786.5
1666.5
1849.5
1353.0
1878.0
1825.5
1867.5
1683.0
1833.0
1788.0
1918.5
1773.0
1645.5
1789.5
1827.0
1861.5
1635.0
1809.0
1761.0
1783.5
1791.0
1783.5
1773.0
1705.5
1854.0
1771.5
1873.5
1767.0
1794.0
1815.0
1296.0
1488.0
1950.0
1789.5
1869.0
1855.5
1750.5
1705.5
1822.5
1885.5
1663.5
1900.5
1987.5
1882.5
1756.5
1807.5
1768.5
1770.0
1779.0
1851.0
1747.5
1879.5
1692.0
1867.5
1938.0
1858.5
1660.5
1732.5
1785.0
1782.0
1582.5
1731.0
1545.0
2028.0
1975.5
1492.5
1768.5
1773.0
1755.0
1768.5
1630.5
1758.0
1743.0
1860.0
1848.0
1855.5
1704.0
1905.0
1666.5
1804.5
1783.5
1872.0
1755.0
1798.5
1681.5
1747.5
1653.0
1890.0
1737.0
1846.5
1921.5
1753.5
1806.0
1678.5
1897.5
1863.0
1876.5
1942.5
1902.0
888.0
1789.5
1653.0
1728.0
1765.5
1594.5
1681.5
1576.5
1656.0
1831.5
1861.5
1747.5
1890.0
1954.5
1797.0
1915.5
1780.5
1815.0
1813.5
1795.5
1678.5
1579.5
1717.5
1929.0
1786.5
1665.0
1740.0
1794.0
1788.0
1786.5
1605.0
1815.0
1903.5
1701.0
1800.0
1708.5
1924.5
1842.0
1740.0
1945.5
1747.5
1864.5
1824.0
1749.0
1794.0
1725.0
1783.5
1819.5
1674.0
1824.0
1843.5
1600.5
1972.5
1780.5
1662.0
1608.0
1440.0
1785.0
1647.0
1870.5
1860.0
1806.0
1905.0
1929.0
1989.0
1797.0
1627.5
1569.0
1849.5
1696.5
1662.0
1885.5
1771.5
1759.5
1912.5
1681.5
1441.5
1762.5
1567.5
1776.0
1456.5
1866.0
1792.5
1960.5
1852.5
1888.5
1936.5
1911.0
1780.5
1785.0
1839.0
1861.5
1536.0
1665.0
1836.0
1923.0
1704.0
1743.0
1680.0
1915.5
1926.0
1518.0
1852.5
1642.5
1855.5
1872.0
1512.0
1882.5
1885.5
1686.0
1846.5
1743.0
1782.0
1735.5
1359.0
1935.0
1131.0
1857.0
1761.0
1524.0
1582.5
1786.5
1782.0
1828.5
1893.0
1483.5
1570.5
1825.5
1909.5
1420.5
1536.0
1803.0
1714.5
1678.5
1833.0
1864.5
1794.0
1669.5
1881.0
1734.0
1929.0
1836.0
1878.0
1896.0
1687.5
1674.0
1518.0
1693.5
1570.5
1299.0
1840.5
1804.5
1816.5
1899.0
1905.0
1861.5
1803.0
1852.5
963.0
1660.5
1687.5
1594.5
1935.0
1767.0
1915.5
1227.0
1798.5
1752.0
1723.5
1756.5
1854.0
1554.0
1521.0
1896.0
1687.5
1305.0
1690.5
1765.5
1779.0
1731.0
1605.0
1921.5
1150.5
1714.5
1954.5
1906.5
1819.5
1677.0
1780.5
1861.5
1791.0
1750.5
1663.5
1896.0
1893.0
1983.0
1911.0
1836.0
1929.0
1930.5
1770.0
1611.0
1780.5
1783.5
1947.0
1750.5
1821.0
1651.5
1917.0
1564.5
1824.0
1795.5
1795.5
1741.5
1752.0
1857.0
1720.5
1734.0
1600.5
1720.5
1872.0
1345.5
1854.0
1747.5
1560.0
1494.0
1968.0
1782.0
1744.5
1890.0
1884.0
1927.5
1816.5
1840.5
1854.0
1776.0
1674.0
1878.0
1831.5
1509.0
1680.0
1750.5
1702.5
1662.0
1912.5
1894.5
1906.5
1768.5
1786.5
1509.0
1960.5
1884.0
1666.5
1830.0
1522.5
1965.0
1822.5
1753.5
841.5
1875.0
1623.0
1927.5
1485.0
1615.5
1825.5
1780.5
1822.5
1755.0
1768.5
1755.0
1662.0
1818.0
1666.5
2016.0
1830.0
1666.5
1756.5
1198.5
1873.5
1959.0
1810.5
1695.0
1978.5
1833.0
1744.5
1794.0
1878.0
1737.0
1789.5
1632.0
1936.5
1890.0
1902.0
1900.5
1548.0
1743.0
1752.0
1765.5
1968.0
1822.5
1831.5
1824.0
1726.5
1695.0
1905.0
1785.0
1762.5
1930.5
1845.0
1819.5
1905.0
1786.5
1698.0
1881.0
1866.0
1872.0
1693.5
1624.5
1902.0
1771.5
1713.0
1608.0
1864.5
1929.0
1960.5
1876.5
1698.0
1693.5
1458.0
1713.0
1984.5
1606.5
1575.0
1879.5
1767.0
1792.5
1794.0
1780.5
1792.5
1878.0
1767.0
1872.0
1758.0
1717.5
1927.5
1725.0
1728.0
1918.5
1890.0
1710.0
1836.0
1671.0
1768.5
1629.0
1797.0
1911.0
1896.0
1561.5
1867.5
1915.5
1657.5
1753.5
1585.5
1768.5
1857.0
1728.0
1819.5
1842.0
1428.0
1777.5
1753.5
1851.0
1804.5
1795.5
1923.0
1518.0
1642.5
1645.5
1689.0
1824.0
1843.5
1375.5
1683.0
1902.0
1699.5
1717.5
1789.5
1716.0
1815.0
1560.0
1825.5
1747.5
1738.5
1675.5
1566.0
1810.5
1804.5
1812.0
1833.0
1711.5
1866.0
1920.0
1927.5
1878.0
1933.5
1836.0
1566.0
1308.0
1758.0
1929.0
1696.5
1606.5
1893.0
1777.5
1810.5
1785.0
1894.5
1872.0
1431.0
1696.5
1588.5
1809.0
1797.0
2004.0
1630.5
1836.0
1792.5
1776.0
1440.0
1488.0
1767.0
1971.0
1791.0
1960.5
1917.0
1597.5
1944.0
1521.0
1831.5
1756.5
1941.0
1539.0
1864.5
1719.0
1711.5
1732.5
1845.0
1972.5
1816.5
1869.0
1525.5
1615.5
1749.0
1453.5
1989.0
1470.0
1549.5
1687.5
1930.5
1866.0
1768.5
1944.0
1918.5
1758.0
1792.5
1581.0
1639.5
1717.5
1645.5
1818.0
1824.0
1855.5
1858.5
1726.5
1821.0
1777.5
1692.0
1524.0
1798.5
1807.5
1585.5
1558.5
1762.5
1770.0
1888.5
1827.0
1708.5
1876.5
1785.0
1719.0
1857.0
1761.0
1608.0
1639.5
2001.0
1264.5
1854.0
1884.0
1896.0
1788.0
1869.0
1566.0
1950.0
1795.5
1972.5
1891.5
1563.0
1425.0
1890.0
1809.0
1779.0
714.0
1429.5
1791.0
1716.0
1420.5
1675.5
1924.5
1702.5
1948.5
1662.0
1737.0
1842.0
1788.0
1806.0
1834.5
1879.5
1677.0
1581.0
1876.5
1827.0
1747.5
1287.0
1815.0
1867.5
1651.5
1764.0
1890.0
1800.0
1650.0
1719.0
1882.5
1686.0
1518.0
1726.5
1839.0
1756.5
1920.0
1798.5
1786.5
1687.5
1759.5
1768.5
1788.0
1822.5
1710.0
1843.5
1761.0
1942.5
1848.0
1489.5
1905.0
1741.5
1906.5
1747.5
1681.5
1827.0
1927.5
1747.5
1329.0
1744.5
1813.5
1647.0
1870.5
1734.0
1836.0
1990.5
1792.5
1690.5
1795.5
1780.5
1348.5
1930.5
1912.5
1683.0
1909.5
1936.5
1843.5
1542.0
1914.0
1957.5
1830.0
1911.0
1870.5
1906.5
1894.5
1776.0
1669.5
1228.5
1737.0
1591.5
1582.5
1756.5
1705.5
1917.0
1041.0
1696.5
1696.5
1797.0
1863.0
1821.0
1830.0
1743.0
1905.0
1687.5
1575.0
1689.0
1810.5
1687.5
1473.0
1467.0
1857.0
1906.5
1894.5
1614.0
1669.5
1717.5
1819.5
1486.5
1894.5
1702.5
1822.5
1795.5
1755.0
1875.0
1779.0
1836.0
1818.0
1789.5
1696.5
1885.5
1842.0
1786.5
1636.5
1986.0
1753.5
1770.0
1848.0
1864.5
1858.5
1750.5
1885.5
1914.0
1720.5
1662.0
1845.0
1897.5
1644.0
1836.0
1753.5
1605.0
1897.5
1836.0
1693.5
1761.0
1695.0
1659.0
1909.5
1966.5
1936.5
1173.0
1795.5
1806.0
1822.5
1770.0
1866.0
1905.0
1806.0
1902.0
1854.0
1842.0
1833.0
1713.0
1767.0
1935.0
1528.5
1768.5
1560.0
1810.5
1884.0
1722.0
1527.0
1899.0
1885.5
1644.0
1831.5
1759.5
1750.5
1893.0
1918.5
1963.5
1420.5
1624.5
1788.0
1962.0
1365.0
1765.5
1353.0
1336.5
1680.0
1887.0
1669.5
1758.0
1834.5
1728.0
640.5
1789.5
1924.5
1921.5
1783.5
1887.0
1905.0
1845.0
1978.5
1576.5
1762.5
1762.5
1801.5
1842.0
1786.5
1740.0
1450.5
1444.5
1798.5
1453.5
1581.0
1771.5
1738.5
1812.0
1834.5
1767.0
1855.5
1885.5
1890.0
1836.0
1747.5
1597.5
1371.0
1866.0
1705.5
1875.0
1993.5
1807.5
1621.5
1605.0
1920.0
1630.5
1833.0
1792.5
1788.0
1825.5
1797.0
1666.5
1650.0
1545.0
1900.5
1873.5
1710.0
1681.5
1747.5
1966.5
1794.0
1579.5
1914.0
1891.5
1767.0
1842.0
1642.5
1936.5
1813.5
1752.0
1747.5
1392.0
1824.0
1831.5
1639.5
1921.5
1737.0
1561.5
1936.5
1798.5
1851.0
1773.0
1756.5
1966.5
1923.0
1872.0
1836.0
1861.5
1768.5
1770.0
1821.0
1924.5
1753.5
1615.5
1293.0
1915.5
1897.5
1939.5
1731.0
1819.5
1750.5
1848.0
1611.0
1818.0
1909.5
1695.0
1434.0
1509.0
1366.5
1662.0
1305.0
1878.0
790.5
1905.0
1597.5
1960.5
1987.5
1941.0
1762.5
1848.0
1569.0
1912.5
1939.5
1804.5
1920.0
1345.5
1201.5
1818.0
1905.0
1938.0
1735.5
1833.0
1743.0
1945.5
1761.0
1827.0
1894.5
1510.5
1828.5
1858.5
1621.5
1773.0
1672.5
1974.0
1764.0
1959.0
1720.5
1794.0
1761.0
1720.5
1969.5
1852.5
1908.0
1551.0
1756.5
1894.5
1927.5
1473.0
1633.5
1896.0
1905.0
1882.5
1663.5
1912.5
1858.5
1861.5
1911.0
1935.0
1755.0
1810.5
1747.5
1662.0
1753.5
1431.0
1711.5
1815.0
1947.0
1875.0
1773.0
1810.5
1932.0
1876.5
1645.5
1585.5
1798.5
1881.0
1894.5
1890.0
1777.5
1761.0
1936.5
1807.5
1824.0
1836.0
1872.0
1590.0
1857.0
1660.5
1857.0
1777.5
1822.5
1716.0
1903.5
1764.0
1815.0
1773.0
1719.0
1722.0
1909.5
1929.0
1912.5
1702.5
1758.0
1834.5
1750.5
1774.5
1938.0
1657.5
1404.0
1854.0
1767.0
1866.0
1942.5
1951.5
1861.5
1852.5
1656.0
1899.0
1654.5
1606.5
1533.0
1839.0
1645.5
1749.0
1849.5
1731.0
1873.5
1708.5
1795.5
1434.0
1648.5
1932.0
1567.5
1671.0
1543.5
1696.5
1759.5
1857.0
1855.5
1854.0
1848.0
1599.0
1854.0
1458.0
1521.0
1675.5
1783.5
1867.5
1905.0
1741.5
1870.5
1822.5
1797.0
1725.0
1696.5
1894.5
1915.5
1672.5
1519.5
1578.0
1851.0
1672.5
1857.0
1872.0
1842.0
1675.5
1887.0
1599.0
1800.0
1834.5
1387.5
1777.5
1930.5
1680.0
1750.5
1980.0
1678.5
1881.0
1848.0
1804.5
1722.0
1524.0
1563.0
1497.0
1884.0
1527.0
1881.0
1758.0
553.5
1876.5
1497.0
1735.5
1827.0
1665.0
1864.5
1788.0
1723.5
1906.5
1866.0
1012.5
1813.5
1822.5
1810.5
1579.5
1768.5
1678.5
1846.5
1914.0
1887.0
1941.0
1815.0
1848.0
1776.0
1858.5
1770.0
1797.0
1797.0
1881.0
1873.5
1452.0
1551.0
1849.5
1660.5
1791.0
1726.5
1864.5
1837.5
1759.5
1938.0
1794.0
1953.0
1852.5
1609.5
1345.5
1774.5
1855.5
1354.5
1807.5
1899.0
1824.0
1776.0
1855.5
1473.0
1978.5
1588.5
1521.0
1840.5
1914.0
1752.0
1848.0
1818.0
1758.0
1669.5
1822.5
1813.5
1939.5
1639.5
1788.0
1873.5
1722.0
1923.0
1807.5
1720.5
1665.0
1510.5
1669.5
1902.0
1888.5
1806.0
1344.0
1674.0
1899.0
1801.5
1839.0
1726.5
1708.5
1887.0
1842.0
1681.5
1834.5
1942.5
1858.5
1906.5
1786.5
1734.0
1836.0
1857.0
1552.5
1884.0
1702.5
1687.5
885.0
1813.5
1764.0
1642.5
1836.0
1836.0
1896.0
1783.5
1936.5
1908.0
1705.5
1803.0
1756.5
1867.5
1858.5
1786.5
1846.5
1884.0
1689.0
1648.5
1890.0
1824.0
1632.0
1555.5
1816.5
1882.5
1711.5
1575.0
1738.5
1750.5
1699.5
1549.5
1651.5
1792.5
1825.5
1807.5
1620.0
1884.0
1846.5
1941.0
1911.0
1749.0
1627.5
1803.0
1885.5
1870.5
1645.5
1813.5
1369.5
1782.0
1723.5
1705.5
1549.5
1884.0
1752.0
1939.5
1674.0
1809.0
1729.5
1666.5
1765.5
1930.5
1698.0
1912.5
1800.0
1798.5
1770.0
1965.0
1062.0
1864.5
1620.0
1929.0
1863.0
1833.0
1822.5
1789.5
1642.5
1821.0
1843.5
1711.5
1431.0
1821.0
1671.0
1561.5
1824.0
1795.5
1854.0
1692.0
1653.0
1800.0
1731.0
1545.0
1741.5
1776.0
1840.5
1965.0
1779.0
1360.5
1869.0
1819.5
1773.0
1677.0
1720.5
1792.5
1939.5
1695.0
1689.0
1890.0
1857.0
1515.0
1780.5
1809.0
1900.5
1590.0
1864.5
1905.0
1888.5
1852.5
1792.5
1818.0
1503.0
1795.5
1792.5
1546.5
1564.5
1840.5
1876.5
2035.5
1705.5
1690.5
1563.0
1827.0
1702.5
1860.0
1705.5
1788.0
1675.5
1584.0
1639.5
1558.5
1788.0
1620.0
1762.5
1260.0
1792.5
1665.0
1660.5
1905.0
1843.5
1717.5
1903.5
1788.0
1740.0
1741.5
1453.5
1911.0
1695.0
1759.5
1819.5
1891.5
1503.0
1584.0
1507.5
1378.5
1762.5
1818.0
1855.5
1930.5
1636.5
1714.5
1786.5
1765.5
1995.0
1755.0
1687.5
1615.5
1783.5
1833.0
1771.5
1839.0
1738.5
1915.5
1818.0
1858.5
1896.0
1774.5
1791.0
1680.0
1686.0
1995.0
1894.5
1786.5
1870.5
1749.0
1833.0
1786.5
1962.0
1822.5
1761.0
1614.0
1777.5
1588.5
1854.0
1800.0
1774.5
1747.5
1615.5
1600.5
1806.0
1429.5
1800.0
1803.0
1879.5
1108.5
1876.5
1776.0
1695.0
1690.5
1974.0
1860.0
1573.5
1852.5
1701.0
1774.5
1719.0
1854.0
1795.5
1788.0
1468.5
1851.0
1851.0
1882.5
1692.0
1861.5
1674.0
1453.5
1872.0
1815.0
1720.5
1522.5
1719.0
1794.0
1917.0
1585.5
1863.0
1821.0
1791.0
1695.0
1878.0
1848.0
1572.0
1693.5
1729.5
1668.0
1657.5
1483.5
1693.5
1779.0
1824.0
1800.0
1626.0
1651.5
1800.0
1614.0
1407.0
2014.5
1638.0
1761.0
1867.5
1726.5
1695.0
1675.5
1509.0
1879.5
1732.5
1866.0
1851.0
1882.5
1692.0
1608.0
1870.5
1795.5
1887.0
1645.5
1570.5
1659.0
1813.5
1864.5
1867.5
1764.0
1704.0
1650.0
1609.5
1561.5
1938.0
1801.5
1897.5
1684.5
1329.0
1749.0
1690.5
1579.5
1869.0
1851.0
1527.0
1810.5
1722.0
1665.0
1921.5
1854.0
1360.5
1680.0
1623.0
1758.0
1576.5
1753.5
1588.5
1731.0
1735.5
1998.0
1603.5
1954.5
1830.0
1641.0
1881.0
1956.0
1369.5
1917.0
1837.5
1864.5
1930.5
1768.5
1954.5
1855.5
1846.5
1731.0
1566.0
1836.0
1762.5
1693.5
1947.0
1785.0
1839.0
1788.0
1885.5
1740.0
1879.5
1791.0
1764.0
1716.0
1719.0
1842.0
1887.0
1821.0
1651.5
1725.0
1908.0
1873.5
1746.0
1923.0
1777.5
1825.5
1827.0
1810.5
1960.5
1816.5
1893.0
1795.5
1686.0
1810.5
1830.0
1737.0
1866.0
1891.5
1534.5
1686.0
1825.5
1749.0
1735.5
1839.0
1386.0
870.0
1825.5
1720.5
1747.5
1702.5
1827.0
1746.0
1740.0
1497.0
1647.0
1951.5
1738.5
1522.5
1552.5
1857.0
1645.5
1642.5
1689.0
1719.0
1852.5
1764.0
1944.0
1813.5
1977.0
1635.0
1662.0
1738.5
1938.0
1738.5
1642.5
1795.5
1887.0
1536.0
1824.0
1323.0
1827.0
1383.0
1857.0
1723.5
1503.0
1567.5
1767.0
1701.0
1950.0
1830.0
1692.0
1617.0
1893.0
1839.0
1737.0
1675.5
1851.0
1915.5
1870.5
1716.0
1728.0
1938.0
1719.0
1803.0
1899.0
1548.0
1917.0
1753.5
1758.0
1917.0
1701.0
1554.0
1969.5
1575.0
1521.0
1696.5
1498.5
1968.0
1806.0
1915.5
1935.0
1887.0
1941.0
1764.0
1906.5
1666.5
1689.0
1833.0
1720.5
1597.5
1734.0
1975.5
1861.5
1834.5
1768.5
1656.0
1941.0
1771.5
1513.5
1962.0
1852.5
1644.0
1846.5
1636.5
1743.0
1464.0
1600.5
1717.5
1935.0
1767.0
1986.0
1626.0
1842.0
1740.0
1774.5
1758.0
1786.5
1615.5
1948.5
1767.0
1632.0
1720.5
1647.0
1621.5
1642.5
1926.0
1615.5
1833.0
1747.5
1506.0
1599.0
1957.5
1651.5
1501.5
1674.0
1878.0
1695.0
1975.5
1722.0
1686.0
1638.0
1495.5
1486.5
1930.5
1923.0
1893.0
1839.0
1819.5
1762.5
1909.5
1923.0
1795.5
1785.0
1770.0
1917.0
1891.5
1740.0
1504.5
1825.5
1759.5
1717.5
1702.5
1791.0
1920.0
1920.0
1746.0
1656.0
1726.5
1768.5
1510.5
2010.0
1743.0
1606.5
1725.0
1896.0
1893.0
1813.5
1752.0
1809.0
1659.0
1918.5
1548.0
1588.5
1882.5
1864.5
1824.0
1828.5
1806.0
1785.0
1695.0
1600.5
1809.0
1429.5
1764.0
1815.0
1816.5
1330.5
1839.0
1911.0
1702.5
1819.5
1797.0
1849.5
1816.5
1603.5
1894.5
1767.0
1803.0
1875.0
1963.5
1836.0
1660.5
1461.0
1728.0
1794.0
1878.0
1795.5
1962.0
1755.0
1860.0
1830.0
1630.5
1602.0
1888.5
1845.0
1629.0
1725.0
1909.5
1759.5
1417.5
1888.5
1882.5
1882.5
1846.5
1792.5
1896.0
1885.5
1789.5
1803.0
1666.5
1834.5
1783.5
1921.5
1845.0
1855.5
1698.0
1836.0
1800.0
1699.5
2008.5
1842.0
1819.5
1804.5
1701.0
1603.5
1855.5
1554.0
1708.5
1882.5
1746.0
1744.5
1972.5
1740.0
1776.0
1810.5
1767.0
1774.5
1890.0
1795.5
1869.0
1807.5
1756.5
1540.5
1837.5
1639.5
1650.0
1611.0
1663.5
1849.5
1902.0
1728.0
1818.0
1671.0
1723.5
1836.0
1711.5
1689.0
1963.5
1789.5
1708.5
1909.5
1738.5
1705.5
1768.5
1621.5
1947.0
1720.5
1800.0
1884.0
1791.0
1632.0
1897.5
2017.5
1522.5
1609.5
1893.0
1758.0
1774.5
1693.5
1782.0
1692.0
1758.0
1920.0
1765.5
1794.0
1717.5
1575.0
1767.0
1923.0
1867.5
1804.5
1699.5
1965.0
1549.5
1816.5
1812.0
1543.5
1776.0
1471.5
1809.0
1827.0
1618.5
1699.5
1885.5
1762.5
1708.5
1659.0
1758.0
1798.5
1833.0
1665.0
1795.5
1846.5
1711.5
1656.0
1605.0
1896.0
1824.0
1728.0
1816.5
1926.0
1765.5
1765.5
1704.0
1977.0
1921.5
1788.0
1641.0
1576.5
1896.0
1921.5
1944.0
1882.5
1678.5
1393.5
1650.0
1909.5
1957.5
1789.5
1819.5
1587.0
1537.5
1878.0
1809.0
1867.5
1855.5
1896.0
1420.5
1822.5
1846.5
1663.5
1911.0
1825.5
1644.0
1824.0
1668.0
1917.0
1858.5
1767.0
1888.5
1920.0
1851.0
1825.5
1792.5
1803.0
1761.0
1791.0
1659.0
1887.0
1648.5
1875.0
1771.5
1702.5
1689.0
1813.5
1782.0
1662.0
1597.5
1566.0
1731.0
1693.5
1893.0
1752.0
1875.0
1873.5
1761.0
1849.5
1857.0
1663.5
1431.0
1809.0
1645.5
1809.0
1626.0
1924.5
1882.5
649.5
1767.0
1722.0
1642.5
1668.0
1656.0
1822.5
1846.5
1677.0
1837.5
1644.0
1839.0
1863.0
1720.5
1422.0
1776.0
1516.5
1854.0
1798.5
1812.0
1912.5
1543.5
1818.0
1377.0
1747.5
1696.5
1774.5
1776.0
1795.5
1995.0
1809.0
1864.5
1990.5
1927.5
1918.5
1753.5
1423.5
1851.0
1789.5
1719.0
1744.5
1824.0
1858.5
1816.5
1894.5
1936.5
1791.0
1759.5
1776.0
1626.0
1935.0
1422.0
1827.0
1726.5
1939.5
1912.5
1789.5
1765.5
1660.5
1411.5
1891.5
1903.5
1626.0
1932.0
1947.0
1774.5
1761.0
1647.0
1809.0
1699.5
1735.5
1690.5
1864.5
1708.5
1912.5
1585.5
1896.0
1840.5
1872.0
1612.5
1678.5
2023.5
1654.5
1896.0
1845.0
1876.5
1860.0
1617.0
1843.5
1872.0
1893.0
1771.5
1254.0
1756.5
1870.5
1971.0
1764.0
1887.0
1948.5
1885.5
1923.0
1800.0
844.5
1803.0
1825.5
1882.5
1873.5
1459.5
1762.5
1599.0
1942.5
1729.5
1678.5
1761.0
1843.5
1714.5
1906.5
1798.5
1819.5
1680.0
1938.0
1792.5
358.5
1861.5
1650.0
1785.0
1800.0
1803.0
1828.5
1626.0
1621.5
1873.5
1900.5
1267.5
1936.5
1633.5
1519.5
1912.5
1704.0
1866.0
1732.5
1806.0
1768.5
1906.5
1729.5
1803.0
1801.5
1716.0
1759.5
1639.5
1599.0
1788.0
1936.5
1911.0
1825.5
1758.0
1932.0
1728.0
1629.0
1702.5
1576.5
1899.0
1629.0
1575.0
1837.5
1981.5
1567.5
1846.5
1551.0
1558.5
1833.0
1801.5
1908.0
1855.5
1624.5
1885.5
1810.5
1908.0
1816.5
1771.5
1701.0
1926.0
1701.0
1668.0
1560.0
1776.0
1939.5
1791.0
1764.0
1797.0
1800.0
1953.0
1902.0
1899.0
1735.5
1692.0
1423.5
1755.0
1789.5
1675.5
1858.5
1764.0
1834.5
1699.5
1776.0
1564.5
1444.5
1866.0
1878.0
1726.5
1971.0
1519.5
1819.5
1831.5
1830.0
1872.0
1828.5
1728.0
1788.0
1783.5
1911.0
1738.5
1902.0
1740.0
1783.5
1894.5
1423.5
1804.5
1828.5
1969.5
1885.5
1864.5
1665.0
1846.5
1585.5
1575.0
1797.0
1824.0
1758.0
1792.5
1621.5
748.5
1750.5
1498.5
1684.5
1807.5
1425.0
1891.5
1818.0
1732.5
1776.0
1818.0
1735.5
1572.0
1587.0
1878.0
1647.0
1725.0
1696.5
1852.5
1869.0
1780.5
1672.5
1621.5
1834.5
1936.5
1896.0
1764.0
1860.0
1834.5
1833.0
1914.0
1719.0
1809.0
1852.5
1902.0
1690.5
1752.0
1843.5
1810.5
1840.5
1812.0
1773.0
1792.5
1381.5
1929.0
1900.5
1419.0
1956.0
1723.5
1518.0
1633.5
1831.5
1900.5
1854.0
1843.5
1629.0
1833.0
1764.0
1885.5
1947.0
1834.5
1756.5
1809.0
1782.0
1870.5
1777.5
1887.0
1807.5
1653.0
1894.5
1399.5
1780.5
1888.5
1852.5
1377.0
1707.0
1783.5
1906.5
1816.5
1749.0
1762.5
1648.5
1851.0
1804.5
1698.0
1702.5
1875.0
1731.0
1803.0
1882.5
1828.5
1605.0
1755.0
1651.5
1872.0
1672.5
1812.0
1774.5
1744.5
1995.0
1768.5
1953.0
1396.5
1608.0
1860.0
1852.5
1699.5
1890.0
1927.5
1648.5
1975.5
1791.0
1705.5
1938.0
1846.5
1431.0
1810.5
1786.5
1801.5
1711.5
1701.0
1837.5
1800.0
1803.0
1828.5
1749.0
1996.5
1956.0
1798.5
1746.0
1783.5
1827.0
1623.0
1822.5
1858.5
1584.0
1713.0
1768.5
1939.5
1281.0
1897.5
1899.0
1708.5
1873.5
1686.0
1237.5
1638.0
1500.0
1788.0
1882.5
1749.0
1603.5
1855.5
1581.0
1705.5
1953.0
1737.0
1852.5
1779.0
1836.0
1804.5
1704.0
1555.5
1893.0
1917.0
1839.0
1758.0
1870.5
1845.0
1800.0
1786.5
1750.5
1710.0
1884.0
1753.5
1540.5
1771.5
1549.5
1903.5
1822.5
1833.0
1834.5
1711.5
1164.0
1779.0
1936.5
1878.0
1428.0
1897.5
1840.5
1759.5
1956.0
1822.5
1756.5
1642.5
1735.5
1791.0
1783.5
1816.5
1827.0
1723.5
1746.0
1692.0
1899.0
1545.0
1906.5
1783.5
1944.0
1794.0
1576.5
1813.5
1879.5
1819.5
1954.5
1626.0
1573.5
1755.0
1728.0
961.5
1861.5
1834.5
1912.5
1260.0
1576.5
1713.0
1731.0
1956.0
1945.5
1773.0
1618.5
1870.5
1734.0
1678.5
1851.0
1678.5
1642.5
1614.0
1584.0
1809.0
1900.5
1783.5
1815.0
1803.0
1575.0
1860.0
1576.5
1803.0
1909.5
1722.0
1815.0
1891.5
1596.0
1743.0
1861.5
1801.5
1572.0
1836.0
1761.0
1848.0
1716.0
1899.0
1831.5
1528.5
1786.5
1995.0
1500.0
1924.5
1908.0
1875.0
1390.5
1905.0
1740.0
1911.0
1599.0
1768.5
1897.5
1765.5
1824.0
1831.5
1824.0
1897.5
1942.5
1854.0
1687.5
1974.0
1900.5
1794.0
1894.5
1755.0
1798.5
1555.5
1863.0
1651.5
1663.5
1702.5
1753.5
1755.0
1153.5
1480.5
1929.0
1918.5
1929.0
1236.0
1887.0
1806.0
1858.5
1902.0
1867.5
1927.5
1879.5
1695.0
1801.5
1600.5
1591.5
1761.0
1467.0
1774.5
1774.5
1917.0
1833.0
1611.0
1746.0
1695.0
1684.5
1818.0
1860.0
1911.0
1845.0
1888.5
1711.5
1923.0
1731.0
1884.0
1669.5
1654.5
1885.5
1887.0
1770.0
1821.0
1827.0
1909.5
1800.0
1933.5
1879.5
1590.0
1819.5
1959.0
1962.0
1903.5
1639.5
1485.0
1647.0
1876.5
2040.0
1776.0
1849.5
1821.0
1602.0
1821.0
1741.5
1882.5
1881.0
1815.0
1830.0
1599.0
1798.5
1771.5
1707.0
1669.5
1807.5
1762.5
1852.5
1776.0
1759.5
1767.0
1647.0
1803.0
1840.5
1674.0
1744.5
1783.5
1587.0
1843.5
1645.5
1720.5
1222.5
1803.0
1758.0
1810.5
1825.5
1723.5
1681.5
1764.0
1702.5
1848.0
1392.0
1758.0
1812.0
1825.5
1878.0
2002.5
1939.5
1810.5
1873.5
1794.0
1837.5
1654.5
1806.0
1917.0
1402.5
1263.0
1920.0
1734.0
1854.0
1501.5
1897.5
1651.5
1840.5
1749.0
1846.5
1617.0
1902.0
1756.5
1917.0
1573.5
1627.5
1653.0
1834.5
1908.0
1807.5
1786.5
1830.0
1842.0
1777.5
1852.5
1732.5
1768.5
1629.0
1827.0
1713.0
1918.5
1960.5
1843.5
1879.5
1828.5
1833.0
1722.0
1828.5
1903.5
1777.5
1786.5
1687.5
1909.5
1714.5
1518.0
1872.0
1840.5
1872.0
1735.5
1612.5
1594.5
1858.5
1908.0
1993.5
1960.5
1699.5
1639.5
1914.0
1860.0
1666.5
1027.5
1903.5
891.0
1606.5
1737.0
1962.0
1935.0
1729.5
1698.0
1899.0
1792.5
1881.0
1830.0
1825.5
1956.0
1837.5
1557.0
1840.5
1647.0
1698.0
1641.0
1636.5
1741.5
1837.5
1573.5
1810.5
1681.5
1873.5
1876.5
1266.0
1759.5
1864.5
1690.5
1815.0
1845.0
1672.5
1816.5
1770.0
1711.5
1881.0
1381.5
1777.5
1792.5
1849.5
1738.5
1972.5
1890.0
1648.5
1899.0
1828.5
1911.0
1765.5
1711.5
1567.5
1762.5
1795.5
1929.0
1782.0
1779.0
1831.5
1839.0
1678.5
1696.5
1833.0
1786.5
1815.0
1729.5
1857.0
1680.0
1671.0
1830.0
1653.0
1749.0
1932.0
1707.0
1597.5
1650.0
1870.5
1959.0
1755.0
1789.5
1866.0
1812.0
1647.0
1872.0
1938.0
1912.5
1474.5
1740.0
1836.0
1492.5
1621.5
1275.0
1782.0
1983.0
1542.0
1207.5
1756.5
1809.0
1876.5
1860.0
1606.5
1779.0
1623.0
1918.5
1815.0
1743.0
1630.5
1729.5
1566.0
1954.5
1902.0
1606.5
1867.5
1642.5
1752.0
1923.0
1936.5
1854.0
1608.0
1818.0
1678.5
1816.5
1902.0
1804.5
1905.0
1732.5
1920.0
1876.5
1597.5
1785.0
1870.5
1807.5
1588.5
1729.5
1846.5
1612.5
1713.0
1759.5
1725.0
1882.5
1581.0
1842.0
1756.5
1770.0
1882.5
1863.0
1743.0
1756.5
1951.5
1825.5
1674.0
1848.0
1669.5
1735.5
1755.0
1989.0
1797.0
1626.0
1767.0
1843.5
1860.0
1839.0
1759.5
1621.5
1833.0
1918.5
1944.0
1852.5
1648.5
1840.5
1798.5
1768.5
1800.0
1879.5
1699.5
1665.0
1839.0
1710.0
1713.0
1834.5
1684.5
1597.5
1875.0
1923.0
1825.5
1804.5
1851.0
1837.5
1821.0
1938.0
1858.5
1692.0
1560.0
1870.5
1503.0
1746.0
1458.0
1774.5
1755.0
1788.0
1794.0
1719.0
1912.5
1524.0
1932.0
1810.5
1591.5
1773.0
1729.5
1633.5
1729.5
1822.5
1914.0
1662.0
1851.0
1869.0
1773.0
1717.5
1842.0
1899.0
1981.5
1828.5
1686.0
1756.5
1854.0
1570.5
1848.0
1911.0
1722.0
1845.0
1758.0
1777.5
1864.5
1539.0
1819.5
1788.0
1840.5
1687.5
1788.0
1905.0
1540.5
1852.5
1861.5
1573.5
1831.5
1609.5
1735.5
1804.5
1851.0
1789.5
1890.0
1732.5
1864.5
1767.0
1893.0
1716.0
1857.0
1512.0
1438.5
1758.0
1848.0
1903.5
1867.5
1729.5
1627.5
1770.0
1713.0
1729.5
1794.0
1885.5
1746.0
1954.5
1857.0
1771.5
1863.0
1737.0
1603.5
1567.5
1732.5
1791.0
1681.5
1908.0
1756.5
1788.0
1782.0
945.0
1771.5
1833.0
1909.5
1797.0
1882.5
1825.5
1749.0
1893.0
1485.0
1839.0
1857.0
1822.5
1677.0
1879.5
1765.5
1798.5
1845.0
1773.0
1744.5
1515.0
1822.5
1806.0
1752.0
1851.0
1837.5
1878.0
1419.0
1780.5
1461.0
1671.0
1854.0
1657.5
1714.5
1983.0
1887.0
1876.5
1375.5
1800.0
1908.0
1879.5
1594.5
1386.0
1831.5
2026.5
1747.5
1857.0
1849.5
1573.5
1626.0
1642.5
1821.0
1692.0
1890.0
1495.5
1564.5
1797.0
1870.5
1930.5
1357.5
1872.0
1882.5
1782.0
1830.0
1890.0
1692.0
1968.0
1459.5
1740.0
1537.5
1945.5
1890.0
1554.0
1864.5
1660.5
1852.5
1800.0
1894.5
1393.5
1750.5
1797.0
1551.0
1735.5
1479.0
1755.0
1714.5
1125.0
1795.5
1675.5
1857.0
1291.5
1695.0
1626.0
1861.5
1222.5
1752.0
1903.5
1857.0
1533.0
1714.5
1869.0
1792.5
1929.0
1752.0
1921.5
1914.0
1837.5
1783.5
1920.0
1776.0
1726.5
1842.0
1776.0
1954.5
1620.0
1840.5
1822.5
1783.5
1773.0
1867.5
1936.5
1795.5
1908.0
1981.5
1806.0
1887.0
1645.5
1593.0
1848.0
1875.0
1870.5
1846.5
1860.0
1504.5
1839.0
1896.0
1114.5
1833.0
1918.5
1840.5
1786.5
1669.5
1818.0
1809.0
1852.5
1788.0
1849.5
1836.0
1599.0
1908.0
1824.0
1698.0
1756.5
1855.5
1656.0
1947.0
1920.0
1801.5
1825.5
1603.5
1782.0
1882.5
1674.0
1851.0
894.0
1921.5
1935.0
1737.0
1945.5
1821.0
1839.0
1540.5
1855.5
1842.0
1926.0
1882.5
1596.0
2005.5
1884.0
1717.5
1917.0
1827.0
1744.5
1686.0
1596.0
1731.0
1776.0
1794.0
1971.0
1726.5
1813.5
1839.0
1732.5
1720.5
1966.5
1653.0
1620.0
1773.0
1761.0
1807.5
1926.0
1869.0
1902.0
1696.5
1909.5
1924.5
1689.0
1890.0
1332.0
1930.5
1761.0
1861.5
1729.5
1702.5
1795.5
1845.0
1885.5
1939.5
1776.0
1567.5
1683.0
1837.5
1804.5
1555.5
1771.5
1545.0
1822.5
1413.0
1785.0
1900.5
1683.0
1827.0
2031.0
1833.0
1821.0
1675.5
1795.5
1846.5
1792.5
1608.0
1864.5
1791.0
1905.0
1755.0
1675.5
1495.5
1824.0
1752.0
1596.0
1732.5
1743.0
1641.0
1852.5
1780.5
1596.0
1860.0
1819.5
1867.5
1605.0
1753.5
1897.5
1786.5
1968.0
1731.0
1950.0
1509.0
1533.0
1795.5
1822.5
1690.5
1863.0
1608.0
1363.5
1834.5
1767.0
1722.0
1711.5
1480.5
1525.5
1806.0
1890.0
1681.5
1495.5
1722.0
1660.5
1750.5
1705.5
1812.0
1737.0
1786.5
1831.5
1866.0
1744.5
1767.0
1509.0
1927.5
1816.5
1816.5
1632.0
1747.5
1711.5
1852.5
1812.0
1813.5
1845.0
1744.5
1878.0
1873.5
1468.5
1813.5
1828.5
1821.0
1776.0
1858.5
1612.5
1644.0
1711.5
1816.5
1795.5
1801.5
1860.0
1311.0
1008.0
1758.0
1453.5
1512.0
1860.0
1744.5
1767.0
1977.0
1801.5
1251.0
1752.0
1834.5
1948.5
1812.0
1836.0
1989.0
1738.5
1888.5
1881.0
1752.0
1461.0
1245.0
1491.0
1906.5
1714.5
1869.0
1921.5
1704.0
1770.0
1627.5
1750.5
1591.5
1744.5
1800.0
1617.0
1615.5
1834.5
1978.5
1723.5
1585.5
1677.0
1873.5
1825.5
1782.0
1851.0
1822.5
1563.0
1915.5
1819.5
1756.5
1860.0
1821.0
1885.5
1960.5
1699.5
1615.5
1780.5
1893.0
1851.0
1717.5
1759.5
1909.5
1576.5
1875.0
1872.0
1759.5
1752.0
1744.5
1830.0
1720.5
1873.5
1653.0
1662.0
1647.0
1861.5
1536.0
1839.0
1975.5
1615.5
1461.0
1822.5
1641.0
1738.5
1810.5
1690.5
1876.5
1864.5
1906.5
1875.0
1684.5
1812.0
1776.0
1801.5
1864.5
1755.0
1900.5
1558.5
1923.0
1920.0
1536.0
1729.5
1834.5
1747.5
1789.5
1453.5
1705.5
1798.5
1605.0
1827.0
1966.5
1851.0
1846.5
1785.0
1849.5
1758.0
1666.5
1926.0
1750.5
1714.5
1975.5
1648.5
1827.0
1588.5
1525.5
1786.5
1699.5
1803.0
1758.0
1897.5
1563.0
1813.5
1719.0
1882.5
1789.5
1927.5
1920.0
1327.5
1870.5
1794.0
1866.0
1935.0
1842.0
1894.5
1923.0
1864.5
1872.0
1978.5
1144.5
1707.0
1689.0
1848.0
1852.5
1804.5
819.0
1851.0
1818.0
1894.5
1858.5
1947.0
1911.0
1806.0
1759.5
1926.0
1968.0
1813.5
1794.0
1788.0
1357.5
1926.0
1779.0
1678.5
1747.5
1846.5
1723.5
1848.0
1860.0
1798.5
1806.0
1629.0
1474.5
1666.5
1638.0
1899.0
1650.0
1914.0
1698.0
1684.5
1933.5
1711.5
1680.0
1926.0
1356.0
1798.5
1531.5
1933.5
1842.0
1906.5
1911.0
1365.0
1717.5
1789.5
1633.5
1638.0
1834.5
1759.5
1909.5
1923.0
1876.5
1720.5
1740.0
1758.0
1756.5
1887.0
1903.5
1798.5
1713.0
1947.0
1911.0
1731.0
1555.5
1761.0
1330.5
1884.0
1791.0
1758.0
1816.5
1590.0
1978.5
1774.5
1779.0
1834.5
1639.5
1867.5
1683.0
1920.0
1776.0
1620.0
1834.5
1933.5
1884.0
1833.0
1093.5
1734.0
1711.5
1956.0
1710.0
1906.5
1765.5
1605.0
1711.5
1836.0
1884.0
1912.5
1906.5
1584.0
1741.5
1669.5
1726.5
1993.5
1842.0
1872.0
1693.5
1785.0
1687.5
1798.5
1954.5
1821.0
1597.5
1587.0
1960.5
1873.5
1791.0
1983.0
1686.0
1906.5
1899.0
1939.5
1897.5
1801.5
1738.5
1897.5
1866.0
1609.5
1563.0
1651.5
1551.0
1870.5
1741.5
1770.0
1735.5
1782.0
1674.0
1791.0
2007.0
1852.5
1671.0
1705.5
1900.5
1854.0
1567.5
1756.5
1860.0
1792.5
1896.0
1798.5
1653.0
1536.0
1713.0
1773.0
1273.5
1624.5
1074.0
1843.5
1746.0
1855.5
1569.0
1875.0
1768.5
1744.5
1473.0
1866.0
1870.5
1980.0
1753.5
1866.0
1923.0
1915.5
1902.0
1851.0
1749.0
1633.5
1915.5
1707.0
1770.0
1540.5
1779.0
1836.0
1645.5
1695.0
1107.0
1858.5
1816.5
1932.0
1836.0
1840.5
1806.0
1989.0
1867.5
1762.5
1872.0
1869.0
1356.0
1542.0
1816.5
1836.0
1848.0
1837.5
1948.5
1893.0
1495.5
1743.0
1767.0
1885.5
1675.5
1276.5
1800.0
1686.0
1671.0
1783.5
1849.5
1737.0
1921.5
1713.0
1792.5
1732.5
1776.0
1738.5
1627.5
1843.5
1936.5
1848.0
1392.0
1698.0
1786.5
1750.5
1722.0
1881.0
1633.5
1710.0
1828.5
1833.0
1959.0
1855.5
1812.0
1878.0
1410.0
1989.0
1854.0
1837.5
1713.0
1747.5
1507.5
1734.0
1777.5
1638.0
1710.0
1717.5
1843.5
1867.5
1660.5
1878.0
1713.0
1677.0
1899.0
1735.5
1539.0
1653.0
1665.0
1749.0
1831.5
1167.0
1828.5
1813.5
1756.5
1879.5
1869.0
1738.5
1732.5
1939.5
1869.0
1524.0
1804.5
1873.5
1762.5
1792.5
1728.0
1600.5
1836.0
1824.0
1821.0
1741.5
1651.5
1650.0
1195.5
1924.5
1873.5
1810.5
1918.5
1560.0
1753.5
1882.5
1902.0
1888.5
1939.5
1899.0
1800.0
1246.5
1813.5
1956.0
1762.5
1584.0
1914.0
1654.5
1851.0
1812.0
1839.0
1867.5
1783.5
1750.5
1902.0
1803.0
1887.0
1615.5
1957.5
1845.0
1825.5
1696.5
1737.0
1849.5
1786.5
1647.0
1803.0
1711.5
1785.0
1750.5
1732.5
1806.0
1777.5
1807.5
1797.0
1641.0
1848.0
1767.0
1797.0
1893.0
1858.5
1380.0
1912.5
1620.0
1458.0
1875.0
1822.5
1659.0
1858.5
1825.5
1582.5
1693.5
1620.0
1585.5
1266.0
1807.5
1726.5
1875.0
1686.0
1647.0
1707.0
1615.5
1705.5
1848.0
1758.0
1894.5
1959.0
1900.5
1453.5
1872.0
1740.0
1908.0
1822.5
1830.0
1569.0
1842.0
1660.5
1848.0
1926.0
1840.5
1825.5
1914.0
2011.5
1992.0
1831.5
1651.5
1894.5
1815.0
1473.0
1686.0
1842.0
1960.5
1704.0
1884.0
1810.5
1836.0
1653.0
1843.5
1764.0
1342.5
1968.0
1948.5
1755.0
1738.5
1896.0
1722.0
1639.5
1668.0
1888.5
1812.0
1581.0
1671.0
1786.5
1639.5
1893.0
1756.5
1756.5
1645.5
1896.0
1846.5
1786.5
1837.5
1773.0
1534.5
1851.0
1933.5
1971.0
1849.5
1693.5
1597.5
1999.5
1770.0
1836.0
1884.0
1734.0
1915.5
1839.0
1651.5
1737.0
1794.0
1563.0
1726.5
1729.5
1797.0
1759.5
1761.0
1690.5
1873.5
1858.5
1806.0
1902.0
1825.5
1855.5
1731.0
1735.5
1612.5
1527.0
1758.0
1765.5
1780.5
1906.5
1764.0
1746.0
1437.0
1758.0
1774.5
1533.0
1719.0
1722.0
1593.0
1956.0
1768.5
1635.0
1873.5
1779.0
831.0
1692.0
1417.5
1819.5
1804.5
1972.5
1699.5
1635.0
1761.0
1804.5
1578.0
1908.0
1836.0
1915.5
1719.0
1666.5
1699.5
1707.0
1840.5
1786.5
1477.5
1776.0
1785.0
1873.5
1792.5
1884.0
1747.5
1729.5
1660.5
1792.5
1993.5
1750.5
1746.0
1695.0
1792.5
1464.0
1800.0
1650.0
1870.5
1816.5
1711.5
1804.5
1888.5
1899.0
1612.5
1672.5
1846.5
1537.5
1773.0
1678.5
1755.0
1893.0
1308.0
1993.5
1918.5
1884.0
1741.5
1618.5
1890.0
1560.0
1675.5
1798.5
1762.5
1776.0
1744.5
1857.0
1849.5
1626.0
1537.5
1522.5
1822.5
1536.0
1852.5
1831.5
1927.5
1860.0
1869.0
1827.0
1614.0
1968.0
1798.5
1837.5
1881.0
1912.5
1938.0
1804.5
1740.0
1632.0
1684.5
1918.5
1668.0
1629.0
1225.5
1713.0
1828.5
1864.5
1596.0
1426.5
1867.5
1872.0
1866.0
1950.0
1860.0
1753.5
1695.0
1827.0
1761.0
1758.0
1695.0
1920.0
1617.0
1836.0
1549.5
1728.0
1846.5
1843.5
1609.5
1758.0
1954.5
1635.0
1875.0
1812.0
1878.0
1650.0
1945.5
1554.0
1659.0
1935.0
1791.0
1849.5
1551.0
2005.5
1740.0
1731.0
1402.5
801.0
1899.0
1941.0
1744.5
1975.5
1990.5
1426.5
1764.0
1786.5
1923.0
1872.0
1863.0
1863.0
1494.0
1732.5
1467.0
1833.0
1914.0
1900.5
1549.5
1780.5
1839.0
1728.0
1771.5
1720.5
1842.0
1848.0
1863.0
883.5
1833.0
1804.5
1672.5
1933.5
1870.5
1723.5
1954.5
1821.0
1905.0
1794.0
1774.5
1623.0
1945.5
1923.0
1606.5
1812.0
1920.0
1765.5
1464.0
1828.5
1897.5
1629.0
1813.5
1834.5
1789.5
1840.5
1870.5
1816.5
1761.0
1600.5
1828.5
1707.0
1825.5
1860.0
1293.0
1483.5
1459.5
1431.0
1846.5
1743.0
1950.0
1680.0
1597.5
1846.5
1639.5
1795.5
1816.5
1777.5
1731.0
1635.0
1903.5
1851.0
1750.5
1440.0
1714.5
1509.0
1747.5
1750.5
1722.0
1873.5
1732.5
1543.5
1830.0
1705.5
1660.5
1839.0
1710.0
1785.0
1221.0
1839.0
1696.5
1656.0
1693.5
1521.0
1621.5
1833.0
1630.5
1890.0
1837.5
1818.0
1890.0
1650.0
1891.5
1794.0
1933.5
1920.0
1531.5
1941.0
1795.5
1846.5
1944.0
1909.5
1954.5
1437.0
1404.0
1857.0
1741.5
1291.5
1540.5
1870.5
1605.0
1792.5
1675.5
1686.0
1810.5
1621.5
1899.0
1758.0
1656.0
1890.0
1974.0
1878.0
1866.0
1860.0
1840.5
1924.5
1876.5
1726.5
1978.5
1830.0
1518.0
1836.0
1450.5
1861.5
1737.0
1809.0
1786.5
1822.5
1752.0
1932.0
1696.5
1936.5
1678.5
1701.0
1677.0
1708.5
1686.0
1830.0
1770.0
1809.0
1794.0
1578.0
1833.0
1696.5
1389.0
1632.0
1813.5
1900.5
1794.0
1431.0
1768.5
1710.0
1765.5
1569.0
1729.5
1645.5
1863.0
1791.0
1878.0
1756.5
1710.0
1954.5
1641.0
1296.0
1978.5
1872.0
1894.5
1060.5
1597.5
1747.5
1860.0
1680.0
1542.0
1888.5
1581.0
1761.0
1788.0
1710.0
1984.5
1897.5
1854.0
1899.0
1506.0
1719.0
1840.5
1761.0
1750.5
1797.0
1905.0
1917.0
1896.0
1953.0
1218.0
1564.5
1594.5
1822.5
1822.5
1882.5
1668.0
1650.0
1768.5
1830.0
1801.5
1707.0
1867.5
1719.0
1311.0
1146.0
1879.5
1650.0
1741.5
1855.5
1873.5
1692.0
1650.0
1768.5
1866.0
1540.5
1843.5
1834.5
1561.5
1477.5
1930.5
1821.0
1755.0
1834.5
1635.0
1696.5
1839.0
1777.5
1275.0
1656.0
1678.5
1884.0
1833.0
1776.0
1872.0
1860.0
1806.0
1761.0
1678.5
1950.0
1780.5
1777.5
1690.5
1921.5
1909.5
1624.5
1570.5
1846.5
1726.5
1771.5
1647.0
1680.0
1774.5
1843.5
1791.0
1915.5
1794.0
1602.0
1876.5
1401.0
1417.5
1842.0
1672.5
1885.5
1804.5
1935.0
1938.0
1854.0
1812.0
1785.0
1893.0
1758.0
1504.5
1867.5
1626.0
1962.0
1533.0
1905.0
1873.5
1738.5
1209.0
1648.5
1813.5
1578.0
1807.5
1833.0
1786.5
1674.0
1953.0
1842.0
1788.0
1647.0
1689.0
1773.0
1827.0
1633.5
1891.5
1783.5
1900.5
1623.0
1972.5
1888.5
1732.5
1657.5
1858.5
1779.0
1902.0
1728.0
1729.5
1920.0
1792.5
1743.0
1600.5
1911.0
1903.5
1683.0
1968.0
1137.0
1719.0
1762.5
1854.0
1897.5
1542.0
1788.0
1377.0
1606.5
1597.5
1696.5
1822.5
1681.5
1800.0
1507.5
1798.5
1813.5
1743.0
1896.0
1824.0
1858.5
1735.5
1633.5
1912.5
1920.0
1840.5
1806.0
1929.0
1791.0
1666.5
1920.0
1473.0
1873.5
1677.0
1854.0
1749.0
1705.5
1728.0
1651.5
1750.5
1879.5
1965.0
1860.0
1774.5
1401.0
1750.5
631.5
1635.0
1765.5
1968.0
1984.5
1948.5
1867.5
1903.5
1888.5
1524.0
1582.5
1842.0
1836.0
1713.0
1936.5
1858.5
1909.5
1777.5
1915.5
1840.5
1735.5
1588.5
1884.0
1639.5
1725.0
1902.0
1738.5
1818.0
1894.5
1713.0
1746.0
1840.5
1843.5
1714.5
1681.5
1309.5
1804.5
1918.5
1828.5
1609.5
1672.5
1716.0
1863.0
1728.0
1915.5
1309.5
1885.5
1497.0
1735.5
1497.0
1743.0
1920.0
1746.0
1822.5
1608.0
1722.0
1843.5
1642.5
1722.0
1887.0
1701.0
1609.5
1977.0
1845.0
1929.0
1870.5
1773.0
1831.5
1993.5
1737.0
1617.0
1821.0
1669.5
1792.5
1654.5
1302.0
1558.5
1795.5
1660.5
1629.0
1806.0
1815.0
1690.5
1953.0
1867.5
1822.5
1677.0
1614.0
1809.0
1867.5
1857.0
1656.0
1794.0
1692.0
1593.0
1954.5
1894.5
1621.5
1687.5
1695.0
1156.5
1695.0
1797.0
1872.0
1845.0
1789.5
1891.5
1926.0
1783.5
1861.5
1635.0
1837.5
1848.0
1581.0
1930.5
1878.0
1909.5
1981.5
1584.0
1761.0
1830.0
1768.5
1888.5
1807.5
1915.5
1858.5
1968.0
1737.0
1855.5
1825.5
1818.0
1714.5
1714.5
1722.0
1764.0
1657.5
1878.0
1782.0
1920.0
1555.5
1864.5
1756.5
1725.0
1915.5
1918.5
1533.0
1498.5
1770.0
1830.0
1813.5
1806.0
1998.0
1845.0
1756.5
1903.5
1830.0
1699.5
1656.0
1851.0
1918.5
1972.5
1818.0
1852.5
1594.5
1804.5
1741.5
1744.5
1737.0
1891.5
1737.0
1906.5
1588.5
1629.0
1563.0
1807.5
1840.5
1405.5
1426.5
1771.5
1825.5
1831.5
1642.5
1846.5
1744.5
1615.5
1686.0
1645.5
1600.5
1938.0
1642.5
1917.0
1516.5
1906.5
1927.5
1398.0
1737.0
1846.5
1894.5
1498.5
1923.0
1755.0
1620.0
1939.5
1869.0
1410.0
1746.0
1680.0
1566.0
1803.0
1822.5
1801.5
1630.5
1896.0
1851.0
1974.0
1894.5
1567.5
1782.0
1821.0
1905.0
1801.5
1833.0
1596.0
1858.5
1780.5
1789.5
1848.0
1813.5
1936.5
2029.5
1989.0
1834.5
1483.5
1834.5
1779.0
1903.5
1671.0
1938.0
1726.5
1695.0
1786.5
2034.0
1711.5
1872.0
1812.0
1870.5
1890.0
1599.0
1219.5
1048.5
1722.0
1786.5
1692.0
1783.5
1818.0
1819.5
1932.0
1804.5
1918.5
1813.5
1974.0
1777.5
1746.0
1881.0
1638.0
1794.0
1734.0
1513.5
1897.5
774.0
1854.0
1927.5
1842.0
1695.0
