466.5
345.0
570.0
498.0
669.0
322.5
405.0
543.0
165.0
910.5
175.5
156.0
27.0
613.5
109.5
1212.0
1044.0
447.0
420.0
162.0
588.0
358.5
288.0
604.5
282.0
442.5
234.0
396.0
667.5
313.5
228.0
196.5
711.0
412.5
300.0
553.5
355.5
201.0
513.0
483.0
222.0
577.5
1191.0
609.0
105.0
466.5
127.5
621.0
132.0
303.0
295.5
112.5
432.0
771.0
93.0
306.0
243.0
409.5
429.0
1047.0
259.5
403.5
790.5
205.5
118.5
400.5
598.5
577.5
1059.0
255.0
94.5
774.0
1057.5
807.0
468.0
298.5
316.5
97.5
244.5
265.5
315.0
243.0
685.5
841.5
103.5
972.0
840.0
699.0
498.0
766.5
861.0
358.5
481.5
543.0
207.0
490.5
670.5
409.5
546.0
88.5
1275.0
717.0
580.5
535.5
846.0
76.5
490.5
424.5
502.5
445.5
477.0
175.5
825.0
598.5
663.0
457.5
436.5
750.0
276.0
550.5
253.5
559.5
580.5
960.0
346.5
673.5
519.0
388.5
1383.0
651.0
513.0
235.5
529.5
415.5
889.5
186.0
250.5
274.5
601.5
267.0
207.0
292.5
150.0
309.0
312.0
585.0
913.5
556.5
348.0
471.0
280.5
513.0
841.5
342.0
712.5
181.5
150.0
102.0
166.5
388.5
232.5
225.0
607.5
550.5
238.5
199.5
567.0
327.0
508.5
379.5
279.0
240.0
964.5
399.0
88.5
412.5
324.0
324.0
436.5
372.0
681.0
901.5
268.5
363.0
391.5
324.0
504.0
508.5
838.5
762.0
358.5
580.5
948.0
928.5
544.5
348.0
616.5
91.5
217.5
159.0
463.5
522.0
273.0
487.5
361.5
145.5
492.0
298.5
526.5
715.5
286.5
564.0
609.0
265.5
237.0
837.0
99.0
256.5
531.0
711.0
255.0
625.5
807.0
687.0
337.5
784.5
376.5
955.5
568.5
127.5
592.5
681.0
628.5
306.0
318.0
441.0
325.5
46.5
180.0
510.0
303.0
139.5
192.0
249.0
849.0
319.5
207.0
712.5
714.0
334.5
607.5
364.5
217.5
1054.5
606.0
475.5
568.5
331.5
321.0
294.0
1008.0
393.0
78.0
264.0
58.5
259.5
567.0
513.0
298.5
412.5
522.0
156.0
610.5
1017.0
348.0
628.5
577.5
324.0
358.5
19.5
282.0
277.5
348.0
400.5
73.5
757.5
430.5
394.5
193.5
526.5
660.0
435.0
258.0
817.5
1435.5
1347.0
289.5
337.5
406.5
501.0
910.5
280.5
568.5
475.5
1128.0
922.5
745.5
250.5
316.5
106.5
181.5
354.0
1354.5
618.0
129.0
357.0
1279.5
346.5
1231.5
1327.5
783.0
333.0
811.5
837.0
327.0
804.0
969.0
1083.0
613.5
1105.5
385.5
799.5
123.0
292.5
400.5
171.0
553.5
175.5
391.5
144.0
390.0
169.5
975.0
435.0
708.0
153.0
348.0
93.0
414.0
385.5
414.0
51.0
511.5
781.5
868.5
367.5
610.5
492.0
232.5
891.0
774.0
285.0
283.5
421.5
387.0
232.5
765.0
367.5
6.0
183.0
174.0
285.0
891.0
367.5
568.5
639.0
898.5
763.5
852.0
1020.0
1179.0
862.5
282.0
507.0
199.5
675.0
942.0
564.0
130.5
294.0
367.5
366.0
171.0
232.5
99.0
1225.5
385.5
637.5
790.5
417.0
165.0
249.0
388.5
561.0
744.0
186.0
829.5
622.5
184.5
373.5
283.5
255.0
72.0
496.5
96.0
151.5
406.5
538.5
634.5
228.0
82.5
1050.0
292.5
925.5
285.0
306.0
855.0
576.0
567.0
1372.5
765.0
510.0
213.0
862.5
163.5
282.0
198.0
607.5
384.0
459.0
319.5
589.5
235.5
915.0
712.5
771.0
711.0
96.0
216.0
70.5
160.5
93.0
327.0
717.0
555.0
139.5
115.5
474.0
580.5
813.0
1107.0
316.5
178.5
670.5
445.5
214.5
474.0
783.0
726.0
387.0
433.5
111.0
435.0
147.0
34.5
454.5
316.5
283.5
169.5
532.5
181.5
522.0
501.0
927.0
310.5
1618.5
469.5
807.0
537.0
583.5
298.5
226.5
790.5
855.0
721.5
258.0
424.5
583.5
300.0
429.0
784.5
462.0
336.0
435.0
433.5
564.0
1161.0
55.5
274.5
607.5
556.5
757.5
120.0
805.5
400.5
597.0
390.0
394.5
676.5
402.0
240.0
222.0
427.5
691.5
277.5
351.0
391.5
867.0
495.0
127.5
168.0
324.0
163.5
451.5
169.5
133.5
699.0
280.5
892.5
220.5
612.0
271.5
439.5
615.0
358.5
564.0
426.0
370.5
486.0
594.0
313.5
595.5
394.5
1257.0
367.5
166.5
1053.0
217.5
597.0
516.0
270.0
444.0
820.5
735.0
1018.5
372.0
208.5
901.5
502.5
544.5
225.0
544.5
1090.5
583.5
297.0
97.5
42.0
307.5
820.5
153.0
625.5
961.5
442.5
624.0
1107.0
1066.5
337.5
48.0
295.5
297.0
954.0
435.0
802.5
1054.5
468.0
654.0
913.5
376.5
853.5
486.0
487.5
561.0
598.5
247.5
441.0
730.5
642.0
1021.5
184.5
351.0
487.5
420.0
720.0
412.5
612.0
102.0
793.5
159.0
345.0
448.5
762.0
318.0
739.5
270.0
405.0
355.5
724.5
240.0
858.0
357.0
379.5
285.0
445.5
487.5
6.0
150.0
124.5
330.0
309.0
591.0
612.0
132.0
159.0
202.5
117.0
1054.5
403.5
1000.5
768.0
141.0
895.5
168.0
351.0
52.5
372.0
738.0
654.0
753.0
378.0
334.5
673.5
753.0
600.0
324.0
124.5
240.0
1038.0
286.5
525.0
576.0
316.5
433.5
300.0
319.5
130.5
334.5
388.5
235.5
480.0
651.0
79.5
319.5
472.5
373.5
820.5
279.0
199.5
976.5
213.0
114.0
1245.0
1536.0
225.0
862.5
765.0
246.0
384.0
264.0
1327.5
753.0
229.5
94.5
511.5
550.5
661.5
834.0
504.0
394.5
492.0
480.0
232.5
607.5
316.5
148.5
424.5
217.5
354.0
325.5
385.5
258.0
744.0
502.5
622.5
355.5
898.5
294.0
145.5
171.0
295.5
717.0
132.0
183.0
684.0
1039.5
285.0
526.5
280.5
484.5
982.5
427.5
1468.5
535.5
964.5
492.0
1069.5
766.5
189.0
285.0
1222.5
450.0
135.0
508.5
601.5
577.5
328.5
361.5
282.0
1026.0
885.0
646.5
751.5
684.0
453.0
397.5
94.5
75.0
850.5
78.0
339.0
420.0
627.0
655.5
954.0
1078.5
955.5
336.0
525.0
325.5
636.0
1420.5
531.0
129.0
514.5
265.5
205.5
634.5
580.5
726.0
757.5
141.0
678.0
409.5
496.5
889.5
546.0
607.5
204.0
247.5
354.0
1018.5
405.0
184.5
334.5
195.0
381.0
630.0
501.0
220.5
802.5
565.5
313.5
367.5
295.5
394.5
402.0
318.0
432.0
718.5
852.0
1047.0
253.5
324.0
201.0
177.0
181.5
606.0
261.0
430.5
327.0
1450.5
534.0
222.0
531.0
670.5
450.0
232.5
505.5
52.5
336.0
231.0
627.0
63.0
232.5
633.0
480.0
547.5
1266.0
477.0
115.5
177.0
138.0
331.5
184.5
310.5
697.5
54.0
420.0
412.5
705.0
132.0
822.0
736.5
357.0
246.0
501.0
270.0
511.5
250.5
451.5
280.5
411.0
435.0
505.5
561.0
1212.0
306.0
277.5
18.0
183.0
70.5
388.5
241.5
291.0
201.0
625.5
373.5
144.0
298.5
286.5
531.0
313.5
118.5
444.0
604.5
240.0
660.0
736.5
1135.5
877.5
453.0
571.5
166.5
136.5
804.0
1020.0
415.5
645.0
712.5
216.0
1524.0
153.0
588.0
547.5
465.0
883.5
867.0
855.0
844.5
220.5
279.0
399.0
556.5
112.5
10.5
291.0
499.5
282.0
75.0
706.5
604.5
664.5
154.5
57.0
213.0
775.5
315.0
52.5
268.5
313.5
303.0
696.0
279.0
52.5
891.0
1057.5
561.0
556.5
777.0
1168.5
1050.0
775.5
448.5
403.5
439.5
507.0
754.5
129.0
1024.5
981.0
874.5
277.5
577.5
115.5
318.0
753.0
195.0
834.0
247.5
438.0
726.0
222.0
1060.5
447.0
222.0
397.5
387.0
159.0
234.0
360.0
463.5
202.5
745.5
640.5
331.5
694.5
223.5
214.5
309.0
742.5
280.5
246.0
67.5
462.0
214.5
216.0
105.0
36.0
1098.0
693.0
235.5
655.5
354.0
258.0
178.5
412.5
294.0
195.0
763.5
235.5
409.5
768.0
486.0
1011.0
285.0
232.5
90.0
474.0
457.5
636.0
654.0
471.0
522.0
67.5
385.5
399.0
1035.0
705.0
1368.0
835.5
136.5
432.0
187.5
150.0
249.0
516.0
565.5
381.0
84.0
205.5
493.5
354.0
499.5
441.0
825.0
709.5
1084.5
100.5
468.0
33.0
376.5
70.5
414.0
400.5
595.5
853.5
105.0
805.5
262.5
411.0
913.5
300.0
256.5
147.0
540.0
402.0
241.5
913.5
489.0
324.0
235.5
721.5
471.0
1024.5
442.5
841.5
735.0
799.5
316.5
576.0
412.5
559.5
393.0
571.5
601.5
553.5
322.5
1050.0
292.5
310.5
262.5
567.0
46.5
280.5
616.5
418.5
436.5
993.0
741.0
237.0
693.0
498.0
390.0
532.5
1396.5
670.5
859.5
597.0
195.0
573.0
465.0
535.5
360.0
109.5
750.0
565.5
388.5
411.0
418.5
112.5
316.5
73.5
109.5
634.5
1128.0
931.5
139.5
835.5
477.0
129.0
576.0
420.0
534.0
961.5
1153.5
171.0
828.0
475.5
372.0
43.5
292.5
477.0
469.5
78.0
285.0
217.5
378.0
1258.5
406.5
420.0
501.0
1114.5
171.0
801.0
552.0
183.0
724.5
849.0
676.5
534.0
216.0
673.5
258.0
342.0
232.5
475.5
406.5
144.0
640.5
255.0
25.5
268.5
382.5
210.0
406.5
364.5
543.0
610.5
612.0
694.5
196.5
253.5
340.5
637.5
502.5
762.0
219.0
343.5
306.0
291.0
712.5
486.0
927.0
90.0
937.5
660.0
598.5
504.0
183.0
505.5
270.0
157.5
303.0
186.0
273.0
501.0
435.0
864.0
370.5
124.5
783.0
1284.0
999.0
496.5
378.0
204.0
384.0
190.5
133.5
519.0
258.0
270.0
286.5
160.5
82.5
870.0
580.5
409.5
760.5
430.5
238.5
136.5
232.5
690.0
1623.0
760.5
36.0
300.0
1096.5
363.0
652.5
136.5
306.0
282.0
420.0
276.0
420.0
630.0
631.5
1101.0
262.5
924.0
625.5
220.5
690.0
732.0
343.5
225.0
1102.5
174.0
828.0
567.0
196.5
843.0
783.0
1545.0
487.5
1129.5
108.0
292.5
282.0
492.0
147.0
225.0
517.5
295.5
90.0
520.5
694.5
207.0
291.0
318.0
129.0
670.5
396.0
340.5
523.5
555.0
696.0
1434.0
829.5
793.5
1129.5
648.0
226.5
90.0
381.0
361.5
234.0
709.5
324.0
475.5
346.5
264.0
166.5
166.5
609.0
252.0
226.5
592.5
150.0
493.5
699.0
336.0
382.5
292.5
1461.0
612.0
360.0
111.0
556.5
223.5
663.0
463.5
702.0
438.0
529.5
1054.5
1476.0
537.0
292.5
393.0
85.5
256.5
565.5
346.5
462.0
547.5
216.0
165.0
690.0
121.5
454.5
30.0
526.5
388.5
357.0
1192.5
1198.5
463.5
919.5
544.5
766.5
349.5
33.0
469.5
210.0
321.0
1038.0
1450.5
357.0
226.5
171.0
531.0
340.5
285.0
244.5
1407.0
352.5
237.0
129.0
118.5
522.0
370.5
381.0
369.0
301.5
298.5
264.0
303.0
562.5
1543.5
429.0
388.5
876.0
643.5
118.5
426.0
555.0
1059.0
523.5
228.0
912.0
216.0
759.0
297.0
544.5
687.0
484.5
546.0
891.0
847.5
283.5
493.5
40.5
157.5
540.0
250.5
343.5
163.5
310.5
256.5
318.0
468.0
99.0
538.5
229.5
298.5
663.0
495.0
880.5
453.0
256.5
351.0
78.0
592.5
84.0
118.5
562.5
505.5
259.5
1132.5
204.0
115.5
306.0
865.5
322.5
1245.0
537.0
159.0
208.5
57.0
142.5
436.5
417.0
676.5
213.0
456.0
322.5
255.0
124.5
237.0
171.0
810.0
810.0
129.0
349.5
1371.0
445.5
411.0
963.0
178.5
258.0
550.5
619.5
697.5
442.5
766.5
1626.0
271.5
483.0
85.5
658.5
141.0
604.5
723.0
288.0
174.0
219.0
829.5
810.0
264.0
648.0
651.0
376.5
169.5
510.0
552.0
273.0
438.0
681.0
817.5
727.5
259.5
508.5
543.0
318.0
75.0
402.0
582.0
1134.0
600.0
589.5
922.5
340.5
559.5
1041.0
466.5
111.0
891.0
532.5
1107.0
517.5
270.0
163.5
451.5
732.0
376.5
399.0
67.5
76.5
700.5
409.5
814.5
54.0
426.0
1080.0
436.5
229.5
537.0
589.5
297.0
814.5
297.0
813.0
672.0
615.0
639.0
868.5
277.5
148.5
1084.5
789.0
232.5
720.0
615.0
232.5
622.5
442.5
508.5
417.0
633.0
844.5
412.5
246.0
672.0
978.0
630.0
76.5
933.0
147.0
664.5
799.5
739.5
168.0
607.5
633.0
223.5
462.0
957.0
550.5
300.0
373.5
336.0
600.0
138.0
217.5
688.5
334.5
645.0
466.5
739.5
348.0
949.5
153.0
1008.0
1162.5
177.0
874.5
247.5
1146.0
228.0
696.0
606.0
319.5
345.0
888.0
400.5
279.0
85.5
106.5
126.0
189.0
43.5
628.5
933.0
177.0
1327.5
399.0
360.0
1102.5
631.5
769.5
379.5
754.5
810.0
198.0
294.0
822.0
145.5
532.5
499.5
439.5
844.5
115.5
634.5
402.0
1281.0
423.0
48.0
421.5
1194.0
511.5
351.0
382.5
513.0
171.0
712.5
208.5
468.0
745.5
480.0
165.0
220.5
1054.5
505.5
672.0
867.0
900.0
682.5
771.0
352.5
366.0
145.5
177.0
723.0
141.0
963.0
64.5
193.5
399.0
123.0
1101.0
193.5
382.5
408.0
450.0
771.0
267.0
576.0
768.0
357.0
700.5
459.0
303.0
361.5
460.5
286.5
787.5
754.5
1272.0
297.0
190.5
139.5
247.5
901.5
921.0
495.0
204.0
298.5
325.5
594.0
106.5
765.0
621.0
189.0
127.5
409.5
648.0
1282.5
663.0
429.0
477.0
834.0
547.5
118.5
465.0
594.0
343.5
411.0
705.0
175.5
493.5
897.0
337.5
648.0
268.5
370.5
286.5
322.5
225.0
546.0
1036.5
415.5
888.0
718.5
214.5
36.0
585.0
946.5
51.0
381.0
363.0
513.0
477.0
414.0
231.0
364.5
630.0
172.5
124.5
775.5
160.5
309.0
255.0
475.5
874.5
496.5
1012.5
330.0
64.5
433.5
106.5
615.0
933.0
417.0
501.0
586.5
544.5
178.5
619.5
387.0
882.0
658.5
402.0
1240.5
336.0
346.5
438.0
687.0
187.5
358.5
454.5
771.0
729.0
640.5
235.5
850.5
286.5
732.0
814.5
295.5
556.5
1041.0
202.5
792.0
277.5
241.5
1141.5
463.5
939.0
213.0
330.0
888.0
798.0
252.0
256.5
210.0
565.5
46.5
193.5
183.0
390.0
780.0
190.5
399.0
456.0
265.5
348.0
280.5
463.5
711.0
424.5
123.0
357.0
850.5
403.5
1446.0
970.5
465.0
693.0
342.0
66.0
201.0
207.0
474.0
663.0
300.0
1005.0
532.5
279.0
873.0
306.0
118.5
300.0
213.0
358.5
288.0
534.0
213.0
732.0
879.0
408.0
459.0
580.5
352.5
403.5
372.0
966.0
681.0
685.5
286.5
993.0
1219.5
264.0
744.0
348.0
120.0
226.5
834.0
1111.5
495.0
495.0
199.5
330.0
204.0
1404.0
718.5
783.0
196.5
511.5
531.0
846.0
232.5
1075.5
510.0
99.0
414.0
84.0
238.5
676.5
234.0
99.0
771.0
378.0
826.5
418.5
561.0
244.5
460.5
811.5
651.0
700.5
256.5
993.0
402.0
291.0
700.5
192.0
1011.0
511.5
301.5
429.0
37.5
610.5
700.5
198.0
337.5
183.0
298.5
316.5
715.5
673.5
153.0
1086.0
429.0
625.5
261.0
703.5
289.5
390.0
432.0
333.0
483.0
558.0
603.0
286.5
199.5
333.0
223.5
360.0
1171.5
868.5
393.0
535.5
234.0
585.0
127.5
553.5
363.0
181.5
436.5
1182.0
279.0
109.5
546.0
504.0
417.0
327.0
1098.0
907.5
159.0
250.5
645.0
834.0
433.5
190.5
241.5
85.5
487.5
403.5
342.0
585.0
217.5
345.0
331.5
1057.5
391.5
1141.5
297.0
295.5
403.5
237.0
124.5
300.0
232.5
964.5
475.5
624.0
328.5
286.5
85.5
156.0
378.0
82.5
304.5
178.5
529.5
370.5
1135.5
486.0
309.0
843.0
37.5
1335.0
684.0
207.0
832.5
627.0
223.5
1350.0
298.5
480.0
498.0
568.5
100.5
168.0
315.0
159.0
544.5
529.5
1143.0
747.0
145.5
357.0
426.0
510.0
223.5
297.0
484.5
295.5
814.5
669.0
273.0
850.5
639.0
109.5
735.0
546.0
1578.0
580.5
384.0
295.5
519.0
448.5
469.5
66.0
489.0
193.5
660.0
228.0
358.5
708.0
598.5
219.0
702.0
640.5
132.0
798.0
322.5
403.5
465.0
561.0
801.0
495.0
1146.0
742.5
61.5
513.0
321.0
232.5
493.5
61.5
1371.0
663.0
756.0
513.0
1398.0
1317.0
103.5
235.5
229.5
429.0
136.5
678.0
489.0
292.5
108.0
942.0
1093.5
621.0
960.0
79.5
255.0
213.0
741.0
259.5
924.0
1416.0
868.5
924.0
285.0
295.5
234.0
52.5
274.5
790.5
259.5
508.5
108.0
1281.0
756.0
876.0
33.0
618.0
993.0
804.0
307.5
709.5
262.5
529.5
546.0
355.5
720.0
226.5
196.5
403.5
430.5
454.5
1159.5
325.5
207.0
381.0
217.5
156.0
247.5
417.0
487.5
414.0
211.5
688.5
636.0
507.0
301.5
612.0
198.0
571.5
147.0
676.5
189.0
436.5
750.0
1066.5
457.5
957.0
1240.5
255.0
1185.0
406.5
516.0
153.0
180.0
909.0
723.0
1261.5
256.5
400.5
63.0
31.5
195.0
654.0
1006.5
931.5
1060.5
265.5
597.0
259.5
583.5
529.5
169.5
475.5
762.0
325.5
937.5
441.0
435.0
345.0
331.5
216.0
309.0
1302.0
1086.0
574.5
660.0
267.0
361.5
438.0
127.5
190.5
841.5
541.5
397.5
352.5
327.0
1000.5
1579.5
537.0
114.0
280.5
142.5
207.0
277.5
255.0
339.0
97.5
180.0
91.5
555.0
238.5
384.0
481.5
249.0
142.5
385.5
493.5
172.5
346.5
712.5
484.5
348.0
211.5
591.0
565.5
307.5
501.0
160.5
222.0
412.5
274.5
376.5
330.0
414.0
280.5
67.5
750.0
375.0
96.0
865.5
747.0
249.0
228.0
649.5
294.0
475.5
513.0
360.0
543.0
159.0
975.0
390.0
292.5
27.0
669.0
685.5
295.5
829.5
438.0
658.5
238.5
151.5
516.0
414.0
387.0
168.0
834.0
465.0
57.0
576.0
793.5
252.0
288.0
133.5
199.5
189.0
451.5
192.0
108.0
543.0
570.0
582.0
415.5
111.0
115.5
553.5
609.0
694.5
385.5
300.0
379.5
264.0
357.0
622.5
259.5
387.0
283.5
405.0
541.5
691.5
277.5
1119.0
436.5
444.0
303.0
813.0
390.0
157.5
759.0
262.5
703.5
1081.5
730.5
364.5
651.0
367.5
276.0
117.0
306.0
238.5
195.0
1038.0
445.5
466.5
465.0
624.0
522.0
831.0
535.5
360.0
403.5
276.0
241.5
837.0
978.0
270.0
429.0
1171.5
270.0
409.5
495.0
202.5
538.5
736.5
522.0
660.0
612.0
276.0
433.5
825.0
310.5
267.0
96.0
192.0
900.0
1192.5
283.5
675.0
412.5
1132.5
525.0
685.5
109.5
786.0
360.0
414.0
868.5
249.0
1359.0
321.0
103.5
54.0
480.0
336.0
1194.0
28.5
285.0
381.0
931.5
247.5
633.0
330.0
1111.5
549.0
220.5
666.0
142.5
421.5
634.5
189.0
132.0
819.0
450.0
190.5
169.5
1108.5
849.0
352.5
669.0
642.0
180.0
952.5
192.0
39.0
834.0
487.5
138.0
144.0
456.0
454.5
27.0
364.5
423.0
175.5
201.0
504.0
255.0
394.5
1056.0
1230.0
1162.5
1024.5
736.5
460.5
1078.5
36.0
342.0
679.5
331.5
453.0
1150.5
1014.0
226.5
450.0
499.5
99.0
79.5
357.0
471.0
354.0
408.0
292.5
121.5
460.5
726.0
249.0
601.5
315.0
318.0
580.5
801.0
606.0
331.5
220.5
318.0
199.5
501.0
531.0
877.5
793.5
201.0
561.0
603.0
435.0
514.5
1308.0
447.0
60.0
106.5
255.0
396.0
459.0
345.0
237.0
51.0
625.5
79.5
346.5
577.5
541.5
484.5
937.5
457.5
1396.5
69.0
129.0
963.0
832.5
247.5
487.5
310.5
528.0
328.5
952.5
151.5
1141.5
669.0
753.0
399.0
415.5
610.5
459.0
409.5
925.5
988.5
423.0
910.5
652.5
559.5
367.5
228.0
1080.0
361.5
42.0
474.0
619.5
1120.5
561.0
363.0
237.0
717.0
171.0
183.0
166.5
448.5
417.0
529.5
639.0
270.0
285.0
340.5
403.5
465.0
172.5
196.5
399.0
309.0
427.5
241.5
220.5
222.0
706.5
259.5
277.5
361.5
987.0
528.0
1194.0
480.0
78.0
714.0
1107.0
700.5
172.5
261.0
1192.5
370.5
543.0
786.0
235.5
280.5
282.0
151.5
792.0
639.0
241.5
777.0
532.5
258.0
568.5
714.0
400.5
862.5
154.5
145.5
264.0
589.5
232.5
1273.5
375.0
634.5
492.0
475.5
184.5
724.5
624.0
18.0
279.0
1026.0
633.0
1171.5
528.0
357.0
133.5
406.5
819.0
523.5
391.5
883.5
300.0
135.0
156.0
622.5
502.5
160.5
330.0
835.5
87.0
423.0
247.5
456.0
345.0
714.0
355.5
240.0
1281.0
180.0
679.5
508.5
1030.5
526.5
219.0
196.5
189.0
1113.0
219.0
322.5
574.5
292.5
156.0
210.0
772.5
427.5
211.5
279.0
624.0
292.5
1179.0
444.0
957.0
696.0
1146.0
162.0
303.0
1092.0
237.0
330.0
681.0
913.5
370.5
310.5
270.0
574.5
168.0
105.0
310.5
277.5
328.5
118.5
334.5
460.5
705.0
384.0
301.5
607.5
480.0
961.5
322.5
178.5
540.0
322.5
168.0
579.0
304.5
1104.0
853.5
1170.0
217.5
600.0
310.5
292.5
496.5
255.0
258.0
282.0
372.0
325.5
621.0
276.0
342.0
597.0
486.0
690.0
703.5
651.0
1138.5
313.5
69.0
420.0
1050.0
336.0
444.0
1225.5
694.5
42.0
913.5
460.5
190.5
277.5
85.5
217.5
285.0
273.0
367.5
243.0
264.0
565.5
490.5
315.0
253.5
283.5
315.0
97.5
562.5
315.0
273.0
355.5
348.0
801.0
93.0
637.5
610.5
294.0
661.5
567.0
145.5
871.5
268.5
259.5
217.5
340.5
250.5
175.5
903.0
994.5
319.5
865.5
375.0
306.0
300.0
1071.0
768.0
499.5
574.5
744.0
307.5
139.5
327.0
291.0
534.0
888.0
348.0
211.5
426.0
145.5
246.0
538.5
156.0
283.5
813.0
637.5
550.5
568.5
531.0
1249.5
594.0
1350.0
769.5
181.5
562.5
115.5
178.5
504.0
207.0
958.5
739.5
369.0
414.0
460.5
1093.5
132.0
466.5
762.0
528.0
130.5
340.5
498.0
531.0
264.0
727.5
418.5
579.0
703.5
504.0
216.0
424.5
105.0
363.0
412.5
210.0
352.5
645.0
408.0
1378.5
999.0
528.0
354.0
493.5
820.5
639.0
732.0
876.0
490.5
667.5
229.5
114.0
456.0
688.5
99.0
640.5
592.5
201.0
558.0
1174.5
591.0
97.5
445.5
802.5
565.5
531.0
930.0
229.5
132.0
817.5
111.0
618.0
715.5
1099.5
153.0
220.5
432.0
214.5
192.0
238.5
360.0
772.5
763.5
483.0
988.5
43.5
132.0
150.0
601.5
1030.5
300.0
226.5
534.0
226.5
408.0
267.0
550.5
682.5
1224.0
948.0
196.5
346.5
277.5
663.0
307.5
151.5
411.0
223.5
162.0
516.0
489.0
220.5
904.5
106.5
276.0
156.0
394.5
325.5
297.0
172.5
636.0
454.5
123.0
126.0
205.5
216.0
760.5
204.0
775.5
967.5
669.0
558.0
687.0
564.0
951.0
607.5
762.0
84.0
760.5
268.5
571.5
961.5
331.5
463.5
955.5
1117.5
1227.0
345.0
166.5
147.0
73.5
747.0
835.5
660.0
570.0
870.0
678.0
298.5
301.5
354.0
388.5
472.5
139.5
346.5
792.0
469.5
138.0
168.0
108.0
834.0
196.5
165.0
328.5
844.5
576.0
391.5
486.0
199.5
468.0
237.0
468.0
202.5
1194.0
709.5
954.0
225.0
375.0
286.5
261.0
715.5
420.0
42.0
840.0
343.5
480.0
406.5
346.5
804.0
238.5
558.0
549.0
205.5
274.5
553.5
417.0
399.0
754.5
256.5
883.5
1150.5
390.0
612.0
745.5
652.5
568.5
817.5
717.0
507.0
78.0
301.5
373.5
201.0
255.0
1266.0
201.0
1012.5
157.5
754.5
1164.0
232.5
424.5
508.5
315.0
553.5
828.0
529.5
138.0
487.5
652.5
282.0
342.0
693.0
156.0
298.5
420.0
292.5
217.5
526.5
235.5
366.0
565.5
342.0
273.0
132.0
291.0
217.5
846.0
489.0
396.0
175.5
456.0
193.5
310.5
129.0
399.0
342.0
949.5
526.5
699.0
351.0
319.5
138.0
609.0
636.0
543.0
427.5
619.5
147.0
615.0
450.0
1045.5
246.0
786.0
1227.0
391.5
714.0
415.5
318.0
1357.5
718.5
465.0
328.5
565.5
499.5
303.0
258.0
384.0
697.5
348.0
199.5
484.5
519.0
825.0
210.0
330.0
697.5
177.0
177.0
589.5
633.0
313.5
393.0
508.5
1096.5
720.0
415.5
369.0
477.0
1098.0
834.0
325.5
436.5
781.5
207.0
247.5
627.0
267.0
240.0
988.5
73.5
298.5
622.5
516.0
424.5
264.0
1134.0
568.5
471.0
589.5
276.0
840.0
319.5
598.5
243.0
240.0
132.0
627.0
247.5
567.0
565.5
781.5
42.0
105.0
279.0
243.0
421.5
121.5
661.5
951.0
517.5
1269.0
415.5
258.0
237.0
259.5
162.0
250.5
273.0
276.0
451.5
300.0
297.0
181.5
270.0
606.0
687.0
316.5
246.0
421.5
330.0
451.5
561.0
1009.5
906.0
376.5
249.0
736.5
283.5
711.0
619.5
1096.5
114.0
616.5
207.0
639.0
702.0
390.0
577.5
645.0
666.0
327.0
747.0
153.0
1008.0
298.5
484.5
394.5
432.0
112.5
258.0
310.5
610.5
324.0
901.5
682.5
580.5
222.0
220.5
1159.5
1071.0
420.0
229.5
630.0
474.0
243.0
1102.5
585.0
493.5
706.5
429.0
750.0
706.5
450.0
276.0
591.0
198.0
102.0
1174.5
615.0
325.5
654.0
465.0
499.5
342.0
346.5
490.5
696.0
1012.5
51.0
250.5
168.0
187.5
258.0
634.5
241.5
619.5
129.0
244.5
184.5
181.5
613.5
313.5
213.0
228.0
246.0
420.0
198.0
423.0
426.0
736.5
1299.0
691.5
280.5
69.0
1180.5
336.0
318.0
892.5
156.0
408.0
438.0
232.5
447.0
612.0
300.0
468.0
345.0
466.5
139.5
420.0
382.5
1183.5
201.0
1314.0
337.5
397.5
504.0
216.0
301.5
154.5
175.5
487.5
571.5
361.5
651.0
147.0
64.5
658.5
936.0
151.5
103.5
409.5
942.0
240.0
703.5
300.0
318.0
690.0
868.5
991.5
1513.5
376.5
900.0
465.0
778.5
247.5
336.0
268.5
439.5
463.5
369.0
807.0
771.0
703.5
48.0
351.0
568.5
490.5
195.0
954.0
310.5
40.5
130.5
363.0
291.0
789.0
643.5
454.5
240.0
402.0
484.5
282.0
258.0
288.0
183.0
672.0
625.5
481.5
1129.5
67.5
1167.0
223.5
126.0
451.5
387.0
166.5
601.5
427.5
388.5
567.0
412.5
264.0
222.0
42.0
198.0
615.0
306.0
1197.0
238.5
154.5
709.5
364.5
418.5
124.5
232.5
640.5
510.0
990.0
909.0
1027.5
741.0
984.0
483.0
351.0
561.0
1342.5
558.0
409.5
100.5
69.0
583.5
336.0
418.5
381.0
561.0
171.0
291.0
432.0
93.0
462.0
343.5
714.0
309.0
148.5
216.0
256.5
322.5
330.0
438.0
178.5
342.0
147.0
589.5
822.0
384.0
177.0
73.5
145.5
673.5
585.0
322.5
787.5
471.0
339.0
162.0
1071.0
750.0
904.5
426.0
801.0
120.0
868.5
1002.0
226.5
343.5
387.0
769.5
777.0
555.0
288.0
171.0
453.0
214.5
265.5
201.0
162.0
759.0
69.0
835.5
660.0
808.5
129.0
436.5
216.0
177.0
421.5
336.0
352.5
381.0
397.5
207.0
96.0
750.0
1008.0
1047.0
763.5
330.0
574.5
559.5
396.0
619.5
1390.5
316.5
264.0
564.0
76.5
927.0
357.0
118.5
220.5
457.5
249.0
298.5
868.5
928.5
159.0
712.5
561.0
777.0
292.5
184.5
256.5
525.0
502.5
1413.0
160.5
616.5
357.0
577.5
331.5
189.0
706.5
1225.5
322.5
112.5
615.0
256.5
421.5
196.5
474.0
499.5
756.0
219.0
463.5
144.0
303.0
69.0
522.0
165.0
349.5
727.5
1035.0
97.5
253.5
538.5
771.0
567.0
405.0
501.0
423.0
598.5
346.5
169.5
772.5
859.5
469.5
865.5
72.0
330.0
528.0
325.5
201.0
490.5
360.0
516.0
499.5
450.0
231.0
279.0
298.5
162.0
366.0
469.5
858.0
1003.5
514.5
292.5
325.5
219.0
1101.0
624.0
109.5
303.0
627.0
625.5
699.0
91.5
259.5
250.5
777.0
835.5
499.5
741.0
402.0
552.0
330.0
190.5
141.0
408.0
351.0
129.0
556.5
819.0
654.0
499.5
523.5
783.0
499.5
666.0
712.5
136.5
811.5
415.5
219.0
297.0
1048.5
156.0
109.5
1003.5
702.0
463.5
193.5
510.0
574.5
706.5
33.0
310.5
582.0
679.5
397.5
589.5
91.5
178.5
532.5
853.5
504.0
103.5
343.5
681.0
1032.0
709.5
594.0
976.5
952.5
667.5
510.0
934.5
358.5
250.5
810.0
231.0
372.0
207.0
163.5
309.0
318.0
247.5
58.5
760.5
976.5
747.0
78.0
756.0
540.0
321.0
325.5
279.0
108.0
741.0
364.5
381.0
826.5
175.5
193.5
217.5
184.5
138.0
271.5
301.5
168.0
1027.5
337.5
501.0
79.5
394.5
391.5
498.0
559.5
817.5
337.5
645.0
388.5
151.5
210.0
504.0
130.5
747.0
318.0
369.0
961.5
682.5
481.5
742.5
364.5
373.5
298.5
447.0
87.0
315.0
390.0
487.5
654.0
249.0
451.5
529.5
163.5
337.5
205.5
381.0
519.0
393.0
496.5
1057.5
358.5
183.0
1230.0
243.0
649.5
165.0
159.0
948.0
891.0
117.0
396.0
309.0
198.0
573.0
367.5
141.0
400.5
226.5
45.0
205.5
906.0
139.5
408.0
687.0
778.5
687.0
610.5
282.0
304.5
339.0
960.0
586.5
760.5
604.5
649.5
123.0
136.5
486.0
334.5
189.0
670.5
97.5
435.0
939.0
739.5
555.0
571.5
291.0
777.0
760.5
328.5
117.0
622.5
432.0
561.0
43.5
760.5
264.0
162.0
1033.5
384.0
550.5
700.5
655.5
724.5
328.5
961.5
976.5
871.5
1212.0
465.0
483.0
291.0
166.5
337.5
70.5
1389.0
370.5
384.0
822.0
816.0
106.5
792.0
219.0
750.0
586.5
1189.5
661.5
481.5
657.0
480.0
477.0
18.0
463.5
193.5
675.0
751.5
451.5
52.5
645.0
412.5
453.0
288.0
175.5
66.0
79.5
253.5
594.0
313.5
204.0
553.5
1179.0
853.5
349.5
115.5
549.0
151.5
133.5
231.0
379.5
423.0
370.5
411.0
583.5
159.0
606.0
973.5
225.0
781.5
141.0
145.5
796.5
507.0
381.0
267.0
247.5
495.0
379.5
475.5
145.5
607.5
517.5
604.5
211.5
567.0
9.0
442.5
447.0
253.5
580.5
277.5
232.5
204.0
600.0
747.0
360.0
324.0
273.0
361.5
463.5
432.0
411.0
202.5
568.5
160.5
211.5
292.5
189.0
301.5
432.0
610.5
448.5
538.5
916.5
741.0
1044.0
204.0
712.5
328.5
715.5
153.0
535.5
183.0
441.0
351.0
544.5
102.0
280.5
357.0
354.0
916.5
399.0
486.0
244.5
238.5
268.5
450.0
990.0
135.0
192.0
304.5
201.0
466.5
235.5
331.5
384.0
453.0
135.0
300.0
277.5
159.0
163.5
199.5
187.5
87.0
360.0
850.5
765.0
1330.5
880.5
334.5
184.5
442.5
514.5
438.0
814.5
841.5
837.0
666.0
379.5
1063.5
973.5
250.5
760.5
336.0
535.5
40.5
150.0
444.0
811.5
585.0
256.5
283.5
354.0
447.0
282.0
835.5
345.0
187.5
93.0
148.5
1000.5
270.0
325.5
393.0
406.5
1023.0
847.5
1003.5
214.5
417.0
1012.5
1149.0
304.5
292.5
342.0
498.0
472.5
30.0
193.5
912.0
163.5
289.5
1011.0
613.5
204.0
874.5
841.5
868.5
189.0
663.0
1005.0
1116.0
168.0
534.0
277.5
523.5
420.0
630.0
880.5
1134.0
946.5
216.0
63.0
589.5
289.5
537.0
817.5
864.0
621.0
250.5
732.0
418.5
288.0
559.5
982.5
724.5
849.0
265.5
387.0
297.0
228.0
264.0
471.0
172.5
376.5
385.5
747.0
472.5
703.5
265.5
247.5
192.0
834.0
414.0
1165.5
258.0
562.5
171.0
442.5
706.5
958.5
322.5
342.0
1105.5
1215.0
469.5
777.0
357.0
679.5
280.5
396.0
640.5
661.5
549.0
169.5
678.0
424.5
1105.5
486.0
481.5
387.0
105.0
346.5
354.0
703.5
346.5
247.5
402.0
934.5
298.5
714.0
1008.0
184.5
453.0
544.5
345.0
1287.0
961.5
391.5
582.0
585.0
156.0
543.0
561.0
408.0
841.5
165.0
327.0
906.0
334.5
760.5
1117.5
207.0
273.0
408.0
1360.5
250.5
688.5
265.5
651.0
213.0
93.0
229.5
280.5
274.5
351.0
493.5
333.0
690.0
802.5
400.5
781.5
25.5
457.5
193.5
451.5
708.0
966.0
565.5
1138.5
862.5
322.5
754.5
250.5
436.5
156.0
307.5
168.0
261.0
283.5
436.5
1036.5
685.5
993.0
121.5
45.0
292.5
450.0
271.5
432.0
94.5
213.0
270.0
559.5
333.0
546.0
156.0
874.5
868.5
225.0
1132.5
577.5
621.0
328.5
898.5
99.0
225.0
195.0
1114.5
82.5
216.0
811.5
1063.5
462.0
526.5
121.5
711.0
70.5
144.0
600.0
634.5
783.0
663.0
550.5
220.5
684.0
748.5
528.0
501.0
667.5
570.0
163.5
496.5
522.0
199.5
370.5
720.0
714.0
172.5
688.5
534.0
1138.5
270.0
205.5
472.5
750.0
717.0
853.5
397.5
202.5
267.0
784.5
1249.5
220.5
160.5
1359.0
334.5
1035.0
426.0
342.0
150.0
526.5
249.0
211.5
495.0
201.0
312.0
813.0
589.5
487.5
241.5
909.0
516.0
540.0
451.5
1560.0
861.0
459.0
438.0
181.5
355.5
624.0
822.0
117.0
913.5
481.5
780.0
615.0
1068.0
427.5
337.5
591.0
333.0
765.0
375.0
568.5
1161.0
874.5
256.5
121.5
147.0
363.0
328.5
247.5
114.0
19.5
546.0
514.5
184.5
369.0
760.5
235.5
159.0
117.0
510.0
280.5
496.5
1024.5
324.0
735.0
207.0
198.0
631.5
1036.5
205.5
517.5
271.5
393.0
441.0
705.0
372.0
648.0
411.0
456.0
609.0
436.5
1191.0
409.5
781.5
490.5
184.5
183.0
336.0
576.0
1291.5
478.5
240.0
646.5
420.0
145.5
429.0
984.0
382.5
133.5
925.5
394.5
810.0
477.0
382.5
492.0
265.5
861.0
700.5
342.0
267.0
729.0
814.5
1215.0
808.5
738.0
141.0
489.0
307.5
72.0
589.5
639.0
1477.5
291.0
1180.5
129.0
435.0
441.0
594.0
120.0
124.5
562.5
544.5
676.5
340.5
829.5
298.5
436.5
286.5
112.5
402.0
82.5
520.5
730.5
174.0
594.0
445.5
432.0
318.0
229.5
321.0
295.5
39.0
369.0
156.0
339.0
1047.0
633.0
169.5
96.0
474.0
99.0
996.0
456.0
397.5
520.5
457.5
120.0
220.5
571.5
1299.0
946.5
420.0
259.5
1036.5
76.5
1176.0
1270.5
249.0
514.5
247.5
1039.5
1012.5
583.5
148.5
783.0
256.5
433.5
540.0
340.5
550.5
291.0
441.0
718.5
412.5
1264.5
445.5
576.0
367.5
897.0
199.5
154.5
523.5
748.5
544.5
330.0
795.0
459.0
450.0
286.5
595.5
325.5
307.5
717.0
253.5
792.0
136.5
408.0
493.5
352.5
126.0
283.5
177.0
634.5
691.5
244.5
226.5
880.5
309.0
813.0
435.0
51.0
505.5
294.0
379.5
657.0
387.0
268.5
571.5
429.0
1044.0
279.0
754.5
340.5
610.5
721.5
892.5
660.0
460.5
528.0
774.0
342.0
217.5
964.5
292.5
612.0
409.5
856.5
546.0
696.0
729.0
553.5
109.5
436.5
505.5
240.0
289.5
1239.0
1086.0
726.0
391.5
772.5
288.0
705.0
358.5
507.0
124.5
375.0
334.5
226.5
232.5
634.5
736.5
429.0
286.5
286.5
457.5
486.0
372.0
213.0
372.0
228.0
414.0
228.0
180.0
654.0
829.5
331.5
451.5
628.5
378.0
94.5
361.5
703.5
1168.5
444.0
454.5
739.5
111.0
405.0
457.5
637.5
148.5
1102.5
517.5
805.5
456.0
555.0
694.5
361.5
717.0
331.5
516.0
283.5
504.0
106.5
316.5
807.0
390.0
162.0
507.0
442.5
261.0
508.5
330.0
868.5
855.0
424.5
777.0
615.0
442.5
204.0
375.0
435.0
120.0
444.0
498.0
244.5
510.0
130.5
40.5
424.5
421.5
567.0
96.0
241.5
685.5
253.5
831.0
337.5
982.5
121.5
637.5
288.0
150.0
244.5
433.5
517.5
597.0
61.5
247.5
1122.0
1213.5
418.5
907.5
669.0
546.0
681.0
525.0
148.5
483.0
834.0
955.5
928.5
253.5
340.5
837.0
127.5
250.5
685.5
951.0
604.5
217.5
1146.0
561.0
978.0
396.0
154.5
196.5
246.0
291.0
111.0
585.0
96.0
462.0
97.5
375.0
277.5
318.0
481.5
613.5
37.5
579.0
379.5
360.0
273.0
193.5
349.5
1240.5
232.5
444.0
168.0
321.0
436.5
618.0
757.5
388.5
192.0
127.5
829.5
219.0
327.0
234.0
592.5
409.5
465.0
241.5
367.5
522.0
778.5
567.0
445.5
610.5
262.5
945.0
760.5
324.0
301.5
171.0
205.5
276.0
505.5
112.5
399.0
201.0
430.5
282.0
315.0
370.5
177.0
582.0
1390.5
282.0
627.0
264.0
535.5
285.0
541.5
459.0
835.5
760.5
451.5
156.0
214.5
592.5
835.5
376.5
985.5
790.5
714.0
703.5
240.0
385.5
387.0
966.0
391.5
466.5
411.0
327.0
205.5
144.0
334.5
166.5
193.5
298.5
544.5
406.5
691.5
598.5
489.0
382.5
948.0
460.5
535.5
345.0
661.5
147.0
232.5
451.5
505.5
393.0
451.5
751.5
115.5
573.0
183.0
1401.0
529.5
346.5
883.5
505.5
333.0
238.5
696.0
637.5
184.5
126.0
855.0
387.0
856.5
706.5
399.0
423.0
334.5
262.5
1002.0
844.5
148.5
865.5
783.0
273.0
750.0
366.0
351.0
568.5
583.5
210.0
657.0
663.0
706.5
609.0
208.5
820.5
306.0
804.0
400.5
883.5
1119.0
250.5
420.0
244.5
570.0
285.0
397.5
447.0
459.0
297.0
168.0
532.5
964.5
613.5
148.5
570.0
732.0
96.0
180.0
343.5
672.0
261.0
222.0
531.0
192.0
142.5
471.0
102.0
462.0
582.0
327.0
414.0
234.0
190.5
582.0
723.0
825.0
864.0
1189.5
310.5
82.5
766.5
1021.5
252.0
70.5
100.5
277.5
432.0
177.0
427.5
712.5
639.0
814.5
96.0
501.0
613.5
345.0
501.0
468.0
231.0
445.5
418.5
45.0
267.0
153.0
1480.5
228.0
547.5
309.0
495.0
688.5
219.0
702.0
177.0
318.0
378.0
285.0
279.0
33.0
313.5
49.5
559.5
243.0
939.0
493.5
793.5
414.0
595.5
387.0
268.5
87.0
78.0
571.5
819.0
676.5
199.5
255.0
1147.5
298.5
1224.0
592.5
129.0
283.5
84.0
235.5
957.0
570.0
27.0
438.0
432.0
361.5
321.0
541.5
345.0
354.0
147.0
834.0
216.0
508.5
825.0
691.5
262.5
898.5
64.5
72.0
723.0
754.5
853.5
1194.0
54.0
528.0
70.5
312.0
346.5
408.0
387.0
175.5
225.0
97.5
379.5
201.0
151.5
352.5
444.0
291.0
759.0
1071.0
1263.0
661.5
655.5
102.0
652.5
282.0
259.5
735.0
84.0
270.0
420.0
306.0
172.5
261.0
103.5
733.5
390.0
1014.0
462.0
1146.0
42.0
562.5
486.0
507.0
517.5
969.0
840.0
189.0
166.5
273.0
319.5
933.0
1087.5
558.0
325.5
183.0
723.0
195.0
271.5
216.0
300.0
385.5
513.0
579.0
304.5
424.5
696.0
316.5
592.5
108.0
414.0
852.0
285.0
352.5
204.0
174.0
874.5
55.5
990.0
315.0
370.5
477.0
538.5
618.0
1126.5
277.5
10.5
220.5
754.5
415.5
678.0
790.5
148.5
558.0
492.0
1209.0
114.0
385.5
916.5
282.0
139.5
174.0
199.5
361.5
532.5
300.0
376.5
178.5
529.5
1045.5
525.0
265.5
610.5
879.0
274.5
544.5
79.5
780.0
517.5
85.5
817.5
282.0
471.0
300.0
357.0
594.0
312.0
376.5
138.0
669.0
666.0
108.0
529.5
985.5
364.5
945.0
79.5
