165.0
555.0
183.0
943.5
450.0
142.5
103.5
225.0
99.0
480.0
910.5
207.0
982.5
300.0
333.0
331.5
249.0
1507.5
592.5
792.0
861.0
1140.0
768.0
600.0
87.0
300.0
193.5
289.5
153.0
81.0
586.5
210.0
399.0
495.0
591.0
349.5
144.0
876.0
429.0
81.0
306.0
439.5
117.0
235.5
163.5
321.0
490.5
394.5
16.5
619.5
1044.0
61.5
397.5
270.0
1177.5
865.5
715.5
883.5
616.5
528.0
532.5
234.0
312.0
912.0
310.5
936.0
870.0
802.5
747.0
159.0
318.0
151.5
159.0
444.0
1215.0
283.5
534.0
423.0
300.0
430.5
100.5
738.0
384.0
111.0
366.0
354.0
183.0
313.5
526.5
174.0
426.0
70.5
76.5
240.0
279.0
354.0
679.5
886.5
270.0
267.0
226.5
183.0
1455.0
511.5
445.5
447.0
829.5
279.0
922.5
172.5
435.0
270.0
459.0
865.5
129.0
315.0
805.5
118.5
606.0
888.0
99.0
505.5
363.0
229.5
346.5
978.0
273.0
454.5
1050.0
295.5
481.5
114.0
198.0
60.0
661.5
300.0
208.5
769.5
13.5
588.0
93.0
271.5
273.0
180.0
147.0
405.0
211.5
756.0
538.5
531.0
885.0
558.0
546.0
891.0
264.0
243.0
489.0
714.0
118.5
129.0
114.0
313.5
373.5
175.5
120.0
249.0
294.0
321.0
418.5
289.5
381.0
249.0
43.5
231.0
240.0
487.5
484.5
447.0
541.5
1329.0
172.5
61.5
558.0
273.0
379.5
663.0
478.5
555.0
313.5
328.5
157.5
612.0
532.5
546.0
666.0
442.5
439.5
280.5
804.0
712.5
55.5
181.5
466.5
1216.5
877.5
705.0
759.0
217.5
1048.5
427.5
49.5
556.5
303.0
1044.0
796.5
1033.5
616.5
808.5
486.0
219.0
328.5
351.0
594.0
858.0
136.5
396.0
171.0
645.0
661.5
384.0
453.0
328.5
219.0
862.5
88.5
210.0
556.5
390.0
255.0
588.0
250.5
861.0
121.5
366.0
324.0
412.5
243.0
723.0
354.0
1330.5
258.0
493.5
43.5
175.5
348.0
667.5
486.0
274.5
238.5
916.5
379.5
228.0
49.5
303.0
207.0
246.0
414.0
234.0
648.0
423.0
378.0
372.0
316.5
492.0
355.5
426.0
276.0
286.5
262.5
804.0
628.5
498.0
519.0
396.0
880.5
586.5
255.0
363.0
250.5
39.0
235.5
492.0
835.5
463.5
318.0
469.5
99.0
312.0
244.5
171.0
165.0
937.5
334.5
319.5
993.0
1086.0
702.0
400.5
760.5
358.5
625.5
307.5
1027.5
573.0
343.5
730.5
1149.0
184.5
513.0
532.5
450.0
454.5
421.5
415.5
249.0
507.0
411.0
535.5
570.0
271.5
97.5
253.5
594.0
318.0
610.5
355.5
976.5
939.0
294.0
366.0
402.0
882.0
169.5
259.5
373.5
730.5
310.5
136.5
363.0
1054.5
838.5
138.0
666.0
511.5
76.5
294.0
238.5
792.0
970.5
388.5
954.0
901.5
369.0
607.5
589.5
324.0
618.0
591.0
133.5
310.5
874.5
652.5
369.0
928.5
510.0
327.0
348.0
294.0
415.5
139.5
151.5
583.5
501.0
601.5
456.0
330.0
1530.0
331.5
355.5
124.5
103.5
235.5
856.5
390.0
153.0
286.5
336.0
321.0
976.5
249.0
160.5
258.0
267.0
361.5
438.0
448.5
637.5
760.5
237.0
123.0
243.0
468.0
378.0
423.0
189.0
510.0
384.0
318.0
411.0
634.5
778.5
322.5
378.0
31.5
255.0
454.5
930.0
543.0
60.0
15.0
261.0
339.0
414.0
315.0
156.0
222.0
69.0
145.5
622.5
718.5
235.5
402.0
384.0
373.5
592.5
351.0
97.5
445.5
811.5
42.0
456.0
513.0
294.0
726.0
624.0
451.5
348.0
361.5
420.0
156.0
36.0
316.5
552.0
93.0
355.5
636.0
681.0
451.5
268.5
579.0
450.0
535.5
676.5
727.5
385.5
246.0
1107.0
459.0
151.5
199.5
499.5
585.0
193.5
676.5
387.0
177.0
217.5
658.5
238.5
346.5
531.0
1003.5
624.0
663.0
603.0
423.0
568.5
255.0
975.0
637.5
144.0
846.0
180.0
232.5
949.5
903.0
373.5
826.5
594.0
118.5
271.5
684.0
814.5
385.5
550.5
376.5
718.5
211.5
304.5
588.0
259.5
946.5
1024.5
424.5
586.5
874.5
1176.0
468.0
528.0
787.5
720.0
303.0
157.5
372.0
648.0
163.5
33.0
237.0
597.0
978.0
261.0
519.0
321.0
490.5
345.0
835.5
217.5
372.0
681.0
580.5
370.5
534.0
340.5
1284.0
124.5
408.0
562.5
496.5
768.0
594.0
504.0
330.0
720.0
234.0
459.0
399.0
397.5
877.5
712.5
363.0
189.0
345.0
700.5
189.0
525.0
216.0
216.0
379.5
82.5
207.0
393.0
376.5
345.0
837.0
367.5
291.0
1134.0
306.0
475.5
829.5
615.0
676.5
352.5
520.5
684.0
402.0
256.5
397.5
580.5
45.0
324.0
882.0
465.0
742.5
381.0
382.5
390.0
345.0
667.5
208.5
424.5
330.0
489.0
382.5
904.5
465.0
78.0
459.0
420.0
384.0
574.5
1000.5
573.0
312.0
139.5
306.0
280.5
411.0
940.5
477.0
886.5
987.0
469.5
211.5
459.0
577.5
177.0
138.0
820.5
531.0
343.5
325.5
81.0
321.0
493.5
339.0
664.5
708.0
370.5
747.0
1207.5
1114.5
376.5
747.0
760.5
304.5
315.0
288.0
442.5
519.0
282.0
685.5
295.5
225.0
286.5
183.0
433.5
712.5
358.5
528.0
555.0
219.0
297.0
576.0
102.0
259.5
627.0
310.5
1051.5
745.5
411.0
406.5
252.0
618.0
318.0
375.0
193.5
135.0
241.5
396.0
831.0
844.5
555.0
558.0
720.0
484.5
243.0
448.5
366.0
460.5
373.5
643.5
426.0
157.5
541.5
832.5
652.5
826.5
228.0
574.5
433.5
717.0
360.0
259.5
148.5
120.0
54.0
393.0
343.5
420.0
63.0
183.0
240.0
532.5
321.0
109.5
297.0
181.5
118.5
994.5
175.5
712.5
585.0
685.5
1123.5
490.5
198.0
540.0
844.5
304.5
426.0
429.0
169.5
331.5
153.0
385.5
297.0
477.0
309.0
163.5
204.0
100.5
843.0
180.0
277.5
190.5
661.5
391.5
811.5
316.5
468.0
58.5
327.0
768.0
241.5
91.5
43.5
271.5
234.0
36.0
361.5
340.5
319.5
870.0
765.0
369.0
784.5
540.0
537.0
981.0
708.0
1107.0
160.5
606.0
513.0
231.0
1114.5
610.5
238.5
277.5
579.0
225.0
271.5
859.5
739.5
378.0
169.5
304.5
582.0
271.5
237.0
496.5
243.0
610.5
1413.0
186.0
864.0
486.0
174.0
552.0
684.0
322.5
687.0
445.5
724.5
673.5
499.5
268.5
123.0
658.5
262.5
499.5
736.5
889.5
364.5
459.0
624.0
804.0
163.5
55.5
310.5
240.0
112.5
421.5
573.0
660.0
46.5
346.5
720.0
166.5
385.5
640.5
927.0
270.0
255.0
418.5
1273.5
753.0
349.5
357.0
622.5
369.0
514.5
139.5
91.5
370.5
244.5
307.5
106.5
111.0
9.0
262.5
852.0
394.5
55.5
393.0
604.5
111.0
568.5
441.0
654.0
288.0
243.0
886.5
244.5
480.0
427.5
211.5
1174.5
228.0
370.5
339.0
415.5
1116.0
172.5
211.5
1032.0
418.5
607.5
408.0
387.0
294.0
243.0
478.5
169.5
321.0
726.0
262.5
402.0
378.0
205.5
295.5
646.5
288.0
282.0
142.5
354.0
82.5
372.0
400.5
306.0
360.0
271.5
235.5
471.0
513.0
501.0
1006.5
820.5
259.5
1410.0
694.5
1122.0
79.5
1489.5
492.0
307.5
673.5
382.5
567.0
777.0
1312.5
262.5
691.5
870.0
273.0
232.5
444.0
312.0
565.5
286.5
442.5
24.0
601.5
313.5
129.0
795.0
97.5
297.0
298.5
949.5
295.5
667.5
582.0
418.5
1393.5
231.0
123.0
649.5
162.0
312.0
580.5
201.0
585.0
105.0
334.5
378.0
199.5
609.0
178.5
121.5
123.0
561.0
840.0
144.0
859.5
930.0
751.5
97.5
489.0
550.5
507.0
534.0
87.0
535.5
201.0
553.5
354.0
855.0
307.5
222.0
601.5
280.5
666.0
313.5
1023.0
48.0
252.0
504.0
502.5
334.5
649.5
90.0
562.5
76.5
237.0
913.5
1143.0
121.5
511.5
801.0
414.0
114.0
49.5
409.5
286.5
306.0
168.0
306.0
174.0
325.5
751.5
202.5
477.0
739.5
69.0
196.5
429.0
504.0
328.5
357.0
306.0
622.5
535.5
627.0
979.5
199.5
250.5
300.0
630.0
243.0
523.5
144.0
489.0
588.0
459.0
355.5
1020.0
538.5
727.5
34.5
33.0
216.0
609.0
190.5
630.0
930.0
535.5
708.0
196.5
190.5
214.5
232.5
387.0
1096.5
589.5
985.5
382.5
192.0
487.5
307.5
372.0
147.0
114.0
192.0
159.0
165.0
517.5
253.5
366.0
321.0
405.0
325.5
832.5
517.5
69.0
351.0
654.0
307.5
289.5
166.5
390.0
567.0
211.5
276.0
250.5
148.5
220.5
937.5
262.5
289.5
715.5
813.0
111.0
240.0
364.5
81.0
244.5
523.5
594.0
408.0
1186.5
400.5
544.5
156.0
63.0
325.5
508.5
579.0
150.0
238.5
180.0
478.5
675.0
672.0
289.5
675.0
264.0
1443.0
160.5
151.5
382.5
846.0
427.5
690.0
174.0
492.0
511.5
369.0
532.5
1227.0
298.5
340.5
40.5
490.5
316.5
675.0
507.0
474.0
202.5
565.5
480.0
471.0
240.0
1152.0
91.5
423.0
229.5
1008.0
444.0
10.5
381.0
649.5
702.0
57.0
564.0
382.5
298.5
244.5
298.5
54.0
213.0
280.5
171.0
457.5
117.0
532.5
97.5
790.5
330.0
282.0
94.5
612.0
292.5
157.5
285.0
598.5
931.5
705.0
81.0
580.5
367.5
136.5
435.0
619.5
333.0
358.5
496.5
411.0
1090.5
252.0
51.0
108.0
1416.0
1066.5
547.5
651.0
66.0
289.5
481.5
1015.5
1053.0
216.0
1383.0
616.5
150.0
147.0
258.0
186.0
1053.0
162.0
279.0
936.0
664.5
135.0
828.0
403.5
78.0
178.5
925.5
79.5
1041.0
760.5
457.5
1230.0
918.0
210.0
430.5
126.0
754.5
226.5
280.5
402.0
334.5
208.5
643.5
390.0
793.5
363.0
150.0
1009.5
333.0
367.5
69.0
639.0
273.0
273.0
256.5
807.0
1273.5
183.0
682.5
289.5
535.5
213.0
244.5
657.0
373.5
688.5
853.5
211.5
649.5
499.5
825.0
322.5
111.0
307.5
171.0
216.0
640.5
819.0
618.0
319.5
352.5
520.5
730.5
405.0
220.5
1395.0
852.0
418.5
414.0
591.0
124.5
859.5
933.0
627.0
499.5
558.0
565.5
562.5
976.5
181.5
207.0
141.0
427.5
66.0
802.5
336.0
333.0
121.5
402.0
720.0
930.0
1182.0
277.5
417.0
138.0
160.5
99.0
493.5
418.5
91.5
318.0
207.0
357.0
889.5
514.5
645.0
331.5
124.5
120.0
697.5
261.0
181.5
349.5
370.5
318.0
472.5
288.0
483.0
1542.0
169.5
309.0
480.0
127.5
504.0
84.0
909.0
1119.0
492.0
370.5
315.0
145.5
517.5
400.5
220.5
78.0
42.0
792.0
708.0
234.0
400.5
507.0
693.0
265.5
313.5
609.0
580.5
438.0
192.0
204.0
598.5
348.0
225.0
693.0
1108.5
351.0
409.5
265.5
1170.0
841.5
762.0
225.0
646.5
622.5
420.0
280.5
802.5
240.0
424.5
510.0
178.5
535.5
1105.5
598.5
726.0
750.0
274.5
375.0
228.0
337.5
159.0
409.5
193.5
259.5
276.0
237.0
520.5
583.5
219.0
312.0
505.5
781.5
291.0
124.5
252.0
888.0
153.0
411.0
403.5
112.5
498.0
568.5
763.5
849.0
1023.0
930.0
34.5
546.0
267.0
94.5
574.5
115.5
750.0
283.5
703.5
400.5
297.0
403.5
181.5
468.0
462.0
156.0
366.0
232.5
246.0
307.5
667.5
690.0
1069.5
321.0
297.0
213.0
376.5
319.5
153.0
292.5
276.0
588.0
844.5
33.0
190.5
390.0
573.0
388.5
156.0
393.0
250.5
358.5
367.5
253.5
814.5
186.0
588.0
231.0
300.0
111.0
850.5
474.0
262.5
739.5
166.5
145.5
270.0
222.0
693.0
322.5
166.5
936.0
271.5
573.0
702.0
307.5
382.5
745.5
330.0
228.0
412.5
723.0
889.5
523.5
450.0
1215.0
820.5
142.5
294.0
207.0
207.0
280.5
603.0
322.5
367.5
178.5
175.5
831.0
784.5
840.0
757.5
570.0
793.5
171.0
649.5
897.0
828.0
606.0
451.5
1000.5
1147.5
498.0
231.0
405.0
277.5
439.5
175.5
957.0
211.5
454.5
153.0
118.5
468.0
336.0
772.5
216.0
697.5
393.0
550.5
78.0
633.0
202.5
646.5
142.5
451.5
46.5
111.0
114.0
274.5
123.0
325.5
372.0
199.5
240.0
372.0
406.5
195.0
730.5
430.5
237.0
439.5
484.5
94.5
519.0
226.5
349.5
387.0
234.0
363.0
982.5
676.5
424.5
198.0
550.5
711.0
831.0
264.0
139.5
390.0
297.0
94.5
252.0
423.0
193.5
411.0
151.5
607.5
555.0
403.5
711.0
433.5
225.0
646.5
484.5
588.0
313.5
433.5
541.5
630.0
198.0
519.0
720.0
351.0
511.5
960.0
849.0
501.0
637.5
174.0
94.5
388.5
81.0
259.5
487.5
331.5
315.0
1078.5
952.5
796.5
910.5
649.5
840.0
453.0
601.5
924.0
160.5
711.0
727.5
454.5
576.0
343.5
36.0
451.5
103.5
1017.0
63.0
553.5
637.5
652.5
633.0
78.0
96.0
232.5
370.5
1176.0
63.0
595.5
292.5
279.0
232.5
472.5
369.0
577.5
739.5
564.0
678.0
814.5
78.0
868.5
327.0
250.5
214.5
262.5
433.5
51.0
265.5
204.0
576.0
363.0
1128.0
225.0
136.5
121.5
129.0
691.5
190.5
210.0
276.0
228.0
300.0
739.5
331.5
324.0
1077.0
1099.5
924.0
1018.5
981.0
322.5
187.5
531.0
333.0
808.5
456.0
267.0
634.5
268.5
339.0
462.0
666.0
607.5
201.0
903.0
1159.5
976.5
172.5
888.0
745.5
621.0
126.0
268.5
199.5
591.0
85.5
76.5
360.0
693.0
234.0
501.0
853.5
532.5
355.5
516.0
357.0
256.5
115.5
52.5
882.0
247.5
453.0
540.0
324.0
109.5
414.0
613.5
1015.5
81.0
397.5
627.0
789.0
330.0
985.5
376.5
676.5
466.5
534.0
166.5
493.5
493.5
1567.5
1461.0
148.5
411.0
258.0
354.0
454.5
751.5
826.5
229.5
811.5
286.5
349.5
192.0
310.5
300.0
277.5
556.5
439.5
96.0
588.0
694.5
210.0
865.5
1087.5
330.0
646.5
262.5
48.0
159.0
259.5
330.0
261.0
45.0
507.0
723.0
517.5
481.5
255.0
549.0
318.0
268.5
87.0
322.5
564.0
829.5
180.0
360.0
229.5
442.5
127.5
148.5
396.0
319.5
937.5
972.0
489.0
445.5
129.0
189.0
253.5
144.0
513.0
312.0
448.5
765.0
507.0
310.5
210.0
343.5
109.5
342.0
292.5
252.0
726.0
888.0
256.5
427.5
474.0
330.0
408.0
124.5
717.0
373.5
181.5
393.0
1198.5
141.0
756.0
472.5
367.5
438.0
226.5
309.0
568.5
469.5
492.0
114.0
798.0
328.5
606.0
160.5
319.5
612.0
889.5
610.5
544.5
814.5
520.5
261.0
315.0
279.0
583.5
88.5
777.0
754.5
483.0
69.0
414.0
246.0
973.5
202.5
630.0
483.0
21.0
417.0
294.0
435.0
583.5
793.5
546.0
460.5
124.5
85.5
454.5
189.0
345.0
1219.5
438.0
535.5
634.5
922.5
765.0
349.5
910.5
157.5
583.5
631.5
294.0
660.0
181.5
153.0
333.0
885.0
217.5
217.5
411.0
141.0
889.5
244.5
319.5
660.0
331.5
343.5
697.5
117.0
516.0
459.0
108.0
286.5
879.0
123.0
142.5
691.5
705.0
616.5
69.0
624.0
279.0
312.0
649.5
366.0
384.0
474.0
160.5
114.0
718.5
223.5
498.0
708.0
202.5
156.0
648.0
367.5
469.5
618.0
394.5
357.0
52.5
573.0
468.0
724.5
67.5
276.0
636.0
346.5
378.0
718.5
327.0
642.0
135.0
40.5
207.0
216.0
78.0
433.5
139.5
144.0
1141.5
286.5
574.5
564.0
433.5
280.5
264.0
337.5
487.5
321.0
270.0
682.5
708.0
337.5
427.5
819.0
205.5
109.5
297.0
217.5
390.0
237.0
37.5
573.0
201.0
745.5
115.5
96.0
501.0
1374.0
1153.5
1048.5
810.0
270.0
352.5
504.0
396.0
325.5
1332.0
492.0
237.0
175.5
213.0
880.5
288.0
453.0
829.5
283.5
348.0
438.0
472.5
327.0
625.5
430.5
516.0
225.0
219.0
478.5
270.0
228.0
129.0
459.0
256.5
913.5
642.0
475.5
174.0
1183.5
430.5
396.0
264.0
370.5
246.0
523.5
1423.5
312.0
262.5
363.0
276.0
129.0
292.5
759.0
606.0
355.5
82.5
751.5
603.0
244.5
277.5
798.0
379.5
622.5
385.5
447.0
450.0
604.5
469.5
828.0
297.0
177.0
286.5
36.0
444.0
546.0
87.0
432.0
520.5
519.0
292.5
552.0
309.0
346.5
132.0
976.5
193.5
169.5
597.0
1132.5
142.5
259.5
394.5
258.0
1317.0
478.5
1084.5
327.0
592.5
516.0
655.5
331.5
115.5
780.0
462.0
130.5
510.0
1048.5
774.0
355.5
627.0
700.5
172.5
298.5
891.0
817.5
1479.0
616.5
657.0
364.5
868.5
463.5
367.5
289.5
73.5
100.5
268.5
468.0
645.0
292.5
493.5
342.0
301.5
640.5
751.5
498.0
177.0
250.5
411.0
301.5
468.0
396.0
1434.0
841.5
549.0
160.5
228.0
334.5
586.5
1291.5
196.5
391.5
265.5
333.0
669.0
339.0
213.0
226.5
346.5
118.5
103.5
307.5
367.5
525.0
171.0
331.5
493.5
393.0
493.5
280.5
229.5
1219.5
475.5
132.0
622.5
96.0
808.5
610.5
417.0
258.0
645.0
799.5
399.0
880.5
568.5
285.0
418.5
379.5
126.0
265.5
52.5
501.0
255.0
913.5
514.5
444.0
1095.0
714.0
618.0
273.0
235.5
564.0
1210.5
240.0
657.0
342.0
73.5
463.5
804.0
663.0
78.0
355.5
627.0
687.0
358.5
1183.5
796.5
231.0
892.5
441.0
921.0
84.0
279.0
792.0
333.0
495.0
318.0
253.5
864.0
379.5
570.0
754.5
834.0
90.0
1050.0
76.5
334.5
801.0
253.5
562.5
517.5
355.5
417.0
600.0
721.5
276.0
232.5
477.0
1155.0
258.0
223.5
94.5
306.0
474.0
373.5
1099.5
1099.5
265.5
628.5
211.5
148.5
297.0
502.5
342.0
138.0
264.0
126.0
648.0
672.0
988.5
132.0
625.5
897.0
603.0
259.5
484.5
1075.5
627.0
220.5
1119.0
279.0
18.0
1039.5
106.5
331.5
378.0
118.5
522.0
340.5
574.5
327.0
117.0
1128.0
519.0
399.0
669.0
594.0
187.5
252.0
262.5
202.5
585.0
526.5
82.5
528.0
54.0
703.5
816.0
177.0
1065.0
1311.0
330.0
654.0
267.0
637.5
129.0
135.0
283.5
76.5
795.0
1116.0
322.5
936.0
447.0
258.0
300.0
270.0
376.5
387.0
634.5
429.0
84.0
484.5
165.0
406.5
760.5
858.0
244.5
639.0
694.5
1095.0
151.5
279.0
501.0
246.0
421.5
339.0
342.0
664.5
511.5
835.5
640.5
426.0
364.5
640.5
256.5
1222.5
480.0
156.0
255.0
196.5
505.5
367.5
397.5
345.0
360.0
502.5
429.0
1368.0
415.5
208.5
628.5
799.5
1044.0
1129.5
756.0
805.5
69.0
117.0
391.5
306.0
208.5
304.5
979.5
144.0
301.5
582.0
417.0
511.5
1246.5
738.0
759.0
519.0
841.5
475.5
340.5
1060.5
117.0
114.0
147.0
660.0
838.5
310.5
18.0
376.5
346.5
618.0
1060.5
1413.0
289.5
249.0
190.5
108.0
847.5
393.0
228.0
462.0
160.5
358.5
426.0
855.0
396.0
315.0
952.5
144.0
807.0
546.0
190.5
292.5
208.5
729.0
189.0
291.0
166.5
243.0
1204.5
786.0
288.0
228.0
331.5
153.0
1053.0
360.0
838.5
393.0
274.5
208.5
142.5
375.0
1047.0
351.0
246.0
847.5
642.0
727.5
430.5
550.5
378.0
829.5
787.5
1507.5
841.5
229.5
103.5
147.0
502.5
307.5
153.0
535.5
436.5
237.0
576.0
153.0
372.0
288.0
130.5
343.5
57.0
891.0
247.5
646.5
339.0
183.0
841.5
969.0
340.5
264.0
739.5
1176.0
616.5
1054.5
379.5
121.5
58.5
862.5
1009.5
156.0
366.0
637.5
1023.0
358.5
745.5
141.0
384.0
565.5
1072.5
288.0
229.5
499.5
409.5
711.0
273.0
487.5
1053.0
205.5
130.5
837.0
135.0
385.5
441.0
477.0
205.5
804.0
283.5
1131.0
781.5
109.5
684.0
1399.5
355.5
33.0
567.0
279.0
196.5
807.0
306.0
1342.5
835.5
786.0
427.5
270.0
298.5
318.0
235.5
364.5
607.5
501.0
204.0
528.0
157.5
483.0
331.5
841.5
1219.5
610.5
394.5
709.5
372.0
387.0
552.0
648.0
384.0
114.0
30.0
837.0
307.5
471.0
544.5
340.5
1326.0
757.5
411.0
892.5
309.0
1116.0
987.0
115.5
280.5
328.5
544.5
40.5
778.5
361.5
334.5
714.0
838.5
550.5
318.0
159.0
222.0
345.0
514.5
678.0
864.0
144.0
528.0
813.0
274.5
555.0
958.5
1077.0
364.5
658.5
427.5
163.5
283.5
424.5
595.5
199.5
333.0
522.0
970.5
457.5
192.0
402.0
168.0
885.0
187.5
285.0
711.0
673.5
915.0
174.0
268.5
702.0
67.5
136.5
207.0
558.0
387.0
622.5
996.0
379.5
1383.0
235.5
766.5
322.5
874.5
381.0
406.5
55.5
30.0
306.0
493.5
360.0
342.0
390.0
472.5
390.0
898.5
661.5
426.0
316.5
526.5
717.0
289.5
226.5
811.5
408.0
795.0
670.5
216.0
310.5
969.0
933.0
196.5
1345.5
237.0
777.0
255.0
135.0
372.0
1041.0
948.0
805.5
399.0
670.5
136.5
337.5
252.0
166.5
892.5
681.0
540.0
774.0
234.0
852.0
220.5
283.5
91.5
580.5
315.0
865.5
220.5
265.5
78.0
294.0
171.0
249.0
598.5
409.5
738.0
193.5
568.5
337.5
292.5
357.0
354.0
238.5
106.5
280.5
16.5
612.0
279.0
708.0
303.0
138.0
409.5
690.0
211.5
117.0
558.0
115.5
807.0
981.0
670.5
574.5
352.5
49.5
181.5
594.0
370.5
538.5
415.5
124.5
129.0
619.5
798.0
351.0
783.0
307.5
91.5
697.5
172.5
435.0
294.0
750.0
637.5
948.0
1146.0
676.5
406.5
703.5
337.5
73.5
333.0
369.0
399.0
648.0
442.5
330.0
169.5
354.0
411.0
835.5
445.5
336.0
286.5
573.0
438.0
324.0
390.0
292.5
855.0
358.5
84.0
192.0
156.0
123.0
369.0
966.0
814.5
363.0
282.0
691.5
457.5
124.5
291.0
798.0
733.5
394.5
1474.5
189.0
885.0
994.5
474.0
652.5
172.5
355.5
349.5
379.5
450.0
237.0
93.0
346.5
804.0
72.0
408.0
663.0
793.5
334.5
591.0
216.0
999.0
217.5
379.5
139.5
909.0
300.0
727.5
208.5
804.0
510.0
937.5
702.0
273.0
1045.5
957.0
861.0
315.0
171.0
1378.5
544.5
121.5
318.0
312.0
243.0
403.5
562.5
145.5
306.0
465.0
654.0
921.0
523.5
180.0
633.0
457.5
313.5
393.0
243.0
279.0
328.5
498.0
334.5
477.0
1093.5
141.0
196.5
300.0
519.0
505.5
330.0
582.0
175.5
232.5
546.0
885.0
637.5
1129.5
727.5
343.5
844.5
1203.0
775.5
379.5
471.0
583.5
564.0
583.5
474.0
681.0
637.5
208.5
195.0
249.0
381.0
315.0
226.5
64.5
412.5
715.5
88.5
148.5
1039.5
877.5
171.0
432.0
1005.0
780.0
381.0
916.5
748.5
319.5
255.0
793.5
129.0
60.0
117.0
283.5
403.5
195.0
288.0
529.5
66.0
139.5
300.0
402.0
445.5
693.0
103.5
421.5
400.5
216.0
840.0
133.5
46.5
397.5
318.0
160.5
208.5
943.5
453.0
226.5
372.0
304.5
321.0
396.0
738.0
276.0
291.0
762.0
550.5
402.0
751.5
168.0
541.5
985.5
298.5
70.5
259.5
322.5
546.0
972.0
649.5
436.5
312.0
250.5
63.0
1293.0
918.0
73.5
987.0
1038.0
607.5
75.0
636.0
250.5
552.0
210.0
385.5
162.0
219.0
84.0
309.0
447.0
133.5
477.0
405.0
240.0
517.5
243.0
475.5
235.5
229.5
387.0
970.5
613.5
573.0
453.0
442.5
156.0
328.5
267.0
561.0
439.5
504.0
385.5
334.5
316.5
753.0
679.5
555.0
1371.0
243.0
801.0
1000.5
613.5
519.0
636.0
256.5
705.0
571.5
855.0
190.5
304.5
420.0
315.0
187.5
135.0
115.5
70.5
280.5
829.5
295.5
568.5
858.0
241.5
1090.5
342.0
1068.0
204.0
835.5
1129.5
103.5
216.0
372.0
438.0
445.5
582.0
286.5
181.5
223.5
337.5
60.0
1354.5
577.5
823.5
46.5
76.5
726.0
123.0
525.0
117.0
243.0
919.5
600.0
201.0
508.5
492.0
268.5
1227.0
844.5
589.5
420.0
427.5
819.0
417.0
138.0
631.5
184.5
378.0
264.0
345.0
672.0
259.5
322.5
382.5
430.5
726.0
589.5
357.0
216.0
231.0
262.5
931.5
306.0
525.0
1212.0
1272.0
105.0
169.5
261.0
948.0
285.0
552.0
1194.0
513.0
544.5
835.5
411.0
840.0
288.0
178.5
828.0
661.5
264.0
246.0
751.5
495.0
136.5
69.0
352.5
217.5
232.5
355.5
346.5
591.0
325.5
613.5
415.5
777.0
487.5
712.5
852.0
625.5
757.5
369.0
726.0
351.0
910.5
102.0
205.5
429.0
645.0
477.0
261.0
552.0
340.5
973.5
523.5
853.5
709.5
448.5
370.5
424.5
217.5
327.0
1143.0
237.0
100.5
204.0
909.0
904.5
492.0
883.5
423.0
613.5
682.5
1063.5
283.5
111.0
118.5
840.0
34.5
213.0
235.5
577.5
313.5
1245.0
762.0
703.5
487.5
1074.0
499.5
435.0
286.5
637.5
337.5
384.0
153.0
138.0
846.0
436.5
750.0
288.0
204.0
213.0
717.0
405.0
616.5
198.0
493.5
753.0
778.5
687.0
318.0
799.5
597.0
394.5
510.0
882.0
678.0
237.0
511.5
574.5
367.5
556.5
313.5
403.5
1128.0
847.5
462.0
393.0
150.0
256.5
466.5
541.5
364.5
300.0
553.5
298.5
165.0
1035.0
1143.0
1006.5
661.5
681.0
580.5
519.0
160.5
225.0
105.0
570.0
241.5
145.5
319.5
148.5
804.0
241.5
574.5
780.0
747.0
472.5
1147.5
843.0
678.0
243.0
1116.0
351.0
979.5
415.5
649.5
256.5
775.5
562.5
199.5
625.5
258.0
436.5
235.5
457.5
477.0
423.0
225.0
274.5
198.0
246.0
517.5
163.5
154.5
964.5
100.5
421.5
279.0
328.5
492.0
535.5
622.5
214.5
291.0
51.0
265.5
786.0
105.0
160.5
475.5
408.0
310.5
400.5
94.5
373.5
783.0
63.0
331.5
432.0
543.0
570.0
981.0
298.5
165.0
156.0
369.0
388.5
624.0
357.0
480.0
621.0
375.0
498.0
709.5
240.0
423.0
280.5
871.5
615.0
147.0
451.5
498.0
475.5
835.5
801.0
301.5
57.0
697.5
882.0
735.0
582.0
282.0
127.5
291.0
285.0
259.5
276.0
370.5
457.5
1149.0
543.0
172.5
526.5
322.5
459.0
1536.0
340.5
363.0
337.5
268.5
180.0
484.5
348.0
595.5
547.5
130.5
742.5
637.5
144.0
534.0
508.5
993.0
265.5
337.5
162.0
598.5
438.0
165.0
1122.0
402.0
180.0
307.5
306.0
214.5
997.5
534.0
142.5
480.0
445.5
220.5
634.5
144.0
337.5
574.5
199.5
388.5
324.0
517.5
571.5
382.5
253.5
342.0
270.0
916.5
607.5
616.5
883.5
967.5
727.5
673.5
765.0
436.5
1108.5
379.5
321.0
229.5
237.0
63.0
436.5
1246.5
157.5
939.0
420.0
907.5
388.5
175.5
1531.5
160.5
468.0
262.5
156.0
183.0
471.0
184.5
162.0
996.0
388.5
177.0
349.5
442.5
43.5
211.5
102.0
270.0
400.5
672.0
313.5
631.5
400.5
198.0
832.5
963.0
111.0
534.0
793.5
1008.0
463.5
292.5
564.0
747.0
115.5
388.5
579.0
526.5
621.0
529.5
630.0
355.5
825.0
271.5
792.0
225.0
277.5
286.5
504.0
649.5
58.5
430.5
291.0
786.0
1401.0
1092.0
357.0
252.0
546.0
1198.5
1300.5
331.5
687.0
888.0
379.5
1044.0
948.0
838.5
388.5
457.5
735.0
90.0
300.0
822.0
261.0
232.5
207.0
1066.5
276.0
180.0
361.5
414.0
1222.5
211.5
1185.0
1188.0
1131.0
817.5
405.0
186.0
246.0
249.0
292.5
399.0
235.5
196.5
543.0
349.5
195.0
208.5
306.0
810.0
522.0
115.5
478.5
577.5
145.5
598.5
114.0
525.0
364.5
93.0
462.0
760.5
553.5
1249.5
601.5
214.5
393.0
469.5
213.0
267.0
426.0
565.5
261.0
124.5
376.5
376.5
432.0
1360.5
811.5
253.5
513.0
687.0
382.5
402.0
423.0
448.5
774.0
136.5
169.5
364.5
561.0
889.5
382.5
493.5
1056.0
342.0
129.0
358.5
735.0
603.0
784.5
775.5
243.0
166.5
330.0
267.0
222.0
786.0
778.5
387.0
217.5
225.0
504.0
186.0
288.0
385.5
291.0
552.0
115.5
418.5
367.5
358.5
397.5
471.0
100.5
831.0
804.0
72.0
307.5
784.5
190.5
738.0
501.0
555.0
642.0
753.0
973.5
1236.0
276.0
448.5
876.0
1159.5
1108.5
930.0
774.0
477.0
279.0
100.5
78.0
354.0
238.5
336.0
505.5
675.0
309.0
994.5
178.5
895.5
492.0
220.5
213.0
508.5
94.5
579.0
208.5
979.5
1071.0
450.0
291.0
1246.5
343.5
204.0
318.0
925.5
928.5
306.0
1036.5
550.5
426.0
594.0
435.0
796.5
391.5
274.5
172.5
933.0
823.5
120.0
336.0
538.5
328.5
312.0
522.0
228.0
63.0
375.0
129.0
261.0
12.0
262.5
22.5
261.0
391.5
453.0
267.0
702.0
453.0
408.0
571.5
495.0
346.5
318.0
790.5
574.5
591.0
418.5
580.5
678.0
366.0
661.5
298.5
160.5
183.0
342.0
55.5
249.0
567.0
123.0
915.0
324.0
417.0
771.0
363.0
219.0
348.0
271.5
199.5
174.0
321.0
376.5
270.0
811.5
102.0
262.5
297.0
391.5
507.0
750.0
343.5
1008.0
589.5
244.5
277.5
114.0
684.0
207.0
273.0
724.5
718.5
429.0
97.5
264.0
160.5
415.5
246.0
1117.5
706.5
321.0
439.5
442.5
544.5
1083.0
687.0
559.5
421.5
184.5
96.0
312.0
387.0
606.0
133.5
376.5
283.5
508.5
805.5
414.0
327.0
502.5
402.0
432.0
354.0
631.5
438.0
442.5
534.0
249.0
750.0
619.5
132.0
876.0
697.5
505.5
967.5
426.0
1117.5
207.0
1203.0
849.0
969.0
811.5
375.0
196.5
334.5
465.0
627.0
258.0
348.0
700.5
250.5
124.5
331.5
90.0
444.0
312.0
165.0
774.0
792.0
615.0
205.5
253.5
246.0
613.5
790.5
331.5
339.0
388.5
168.0
375.0
658.5
604.5
300.0
328.5
457.5
160.5
333.0
612.0
588.0
132.0
189.0
634.5
594.0
159.0
325.5
1086.0
175.5
244.5
697.5
439.5
667.5
271.5
376.5
465.0
148.5
112.5
412.5
840.0
1024.5
190.5
327.0
969.0
184.5
597.0
322.5
409.5
907.5
160.5
165.0
349.5
558.0
150.0
549.0
556.5
1281.0
852.0
546.0
918.0
361.5
759.0
384.0
307.5
340.5
516.0
406.5
783.0
369.0
210.0
742.5
423.0
181.5
124.5
349.5
535.5
598.5
384.0
864.0
253.5
783.0
603.0
642.0
469.5
672.0
1075.5
771.0
948.0
210.0
82.5
486.0
204.0
285.0
172.5
1077.0
322.5
147.0
147.0
516.0
921.0
90.0
360.0
291.0
330.0
673.5
930.0
241.5
391.5
148.5
1137.0
754.5
399.0
432.0
265.5
609.0
256.5
727.5
345.0
300.0
760.5
291.0
585.0
751.5
445.5
868.5
520.5
519.0
1098.0
429.0
211.5
129.0
148.5
220.5
160.5
271.5
1035.0
709.5
163.5
720.0
432.0
313.5
420.0
331.5
289.5
346.5
652.5
433.5
571.5
400.5
279.0
582.0
673.5
567.0
163.5
175.5
129.0
783.0
159.0
532.5
679.5
396.0
574.5
1120.5
298.5
331.5
477.0
714.0
268.5
535.5
787.5
543.0
211.5
1395.0
25.5
1042.5
277.5
78.0
70.5
261.0
658.5
628.5
613.5
213.0
690.0
382.5
286.5
954.0
105.0
342.0
402.0
1243.5
243.0
52.5
459.0
417.0
876.0
831.0
856.5
124.5
445.5
829.5
642.0
144.0
429.0
868.5
522.0
306.0
408.0
453.0
504.0
246.0
243.0
429.0
379.5
276.0
427.5
421.5
577.5
1219.5
276.0
748.5
123.0
339.0
480.0
87.0
451.5
55.5
43.5
117.0
418.5
256.5
469.5
252.0
612.0
555.0
639.0
420.0
955.5
895.5
162.0
862.5
468.0
82.5
156.0
423.0
486.0
303.0
226.5
417.0
1164.0
1117.5
370.5
313.5
940.5
1191.0
777.0
255.0
324.0
189.0
159.0
444.0
864.0
66.0
175.5
291.0
228.0
559.5
529.5
997.5
1056.0
739.5
565.5
286.5
157.5
411.0
766.5
141.0
408.0
289.5
571.5
181.5
267.0
327.0
492.0
507.0
525.0
297.0
190.5
783.0
202.5
363.0
421.5
525.0
649.5
435.0
507.0
712.5
270.0
207.0
595.5
346.5
936.0
603.0
123.0
376.5
267.0
333.0
186.0
547.5
135.0
165.0
126.0
904.5
130.5
832.5
538.5
550.5
393.0
105.0
384.0
93.0
1014.0
450.0
423.0
480.0
322.5
378.0
598.5
307.5
664.5
361.5
726.0
283.5
247.5
354.0
541.5
454.5
571.5
375.0
186.0
520.5
133.5
150.0
175.5
976.5
363.0
330.0
1504.5
402.0
312.0
115.5
180.0
718.5
895.5
528.0
921.0
754.5
343.5
373.5
186.0
453.0
312.0
268.5
1087.5
67.5
357.0
817.5
556.5
52.5
663.0
157.5
1006.5
523.5
201.0
726.0
259.5
844.5
193.5
423.0
303.0
538.5
283.5
358.5
280.5
988.5
424.5
604.5
1039.5
375.0
276.0
955.5
210.0
354.0
421.5
460.5
109.5
264.0
529.5
849.0
529.5
664.5
246.0
193.5
738.0
162.0
585.0
337.5
106.5
933.0
723.0
510.0
298.5
678.0
412.5
1668.0
894.0
328.5
133.5
214.5
525.0
783.0
627.0
1083.0
234.0
678.0
517.5
646.5
274.5
1152.0
675.0
292.5
498.0
228.0
636.0
174.0
213.0
157.5
102.0
480.0
331.5
732.0
568.5
726.0
816.0
276.0
448.5
372.0
75.0
192.0
438.0
763.5
1278.0
910.5
723.0
301.5
313.5
303.0
210.0
282.0
289.5
414.0
262.5
268.5
309.0
661.5
796.5
505.5
454.5
478.5
367.5
501.0
600.0
468.0
328.5
357.0
582.0
511.5
432.0
628.5
345.0
1209.0
810.0
456.0
346.5
322.5
909.0
235.5
471.0
198.0
51.0
381.0
111.0
628.5
130.5
12.0
558.0
340.5
732.0
499.5
343.5
417.0
258.0
510.0
321.0
136.5
414.0
310.5
219.0
457.5
468.0
178.5
238.5
543.0
243.0
171.0
1236.0
331.5
133.5
1288.5
162.0
313.5
738.0
523.5
130.5
393.0
384.0
73.5
915.0
223.5
28.5
450.0
232.5
1354.5
541.5
52.5
567.0
274.5
441.0
238.5
630.0
730.5
433.5
222.0
273.0
1254.0
1071.0
318.0
55.5
357.0
1245.0
456.0
574.5
765.0
780.0
646.5
808.5
1078.5
372.0
514.5
619.5
858.0
916.5
288.0
214.5
321.0
420.0
300.0
490.5
525.0
931.5
661.5
666.0
252.0
370.5
870.0
343.5
807.0
622.5
484.5
177.0
687.0
345.0
444.0
255.0
669.0
280.5
301.5
360.0
441.0
73.5
423.0
394.5
403.5
408.0
204.0
330.0
669.0
787.5
730.5
304.5
310.5
583.5
717.0
1054.5
739.5
399.0
568.5
318.0
460.5
228.0
865.5
192.0
799.5
151.5
877.5
1237.5
688.5
850.5
100.5
264.0
114.0
166.5
664.5
550.5
475.5
328.5
733.5
268.5
247.5
445.5
576.0
298.5
357.0
649.5
391.5
363.0
364.5
202.5
340.5
166.5
433.5
69.0
169.5
303.0
735.0
190.5
460.5
333.0
688.5
315.0
1138.5
660.0
274.5
306.0
456.0
624.0
292.5
868.5
127.5
858.0
433.5
234.0
291.0
336.0
246.0
193.5
631.5
1164.0
330.0
373.5
943.5
802.5
891.0
787.5
369.0
354.0
160.5
582.0
142.5
1002.0
591.0
331.5
207.0
1581.0
445.5
237.0
415.5
540.0
421.5
343.5
459.0
285.0
151.5
472.5
100.5
144.0
315.0
271.5
1080.0
423.0
84.0
1123.5
931.5
826.5
768.0
465.0
282.0
591.0
633.0
795.0
537.0
1044.0
663.0
190.5
495.0
355.5
994.5
603.0
739.5
502.5
88.5
238.5
862.5
291.0
225.0
397.5
684.0
210.0
432.0
372.0
585.0
561.0
274.5
264.0
255.0
114.0
484.5
357.0
466.5
588.0
819.0
261.0
396.0
75.0
199.5
568.5
364.5
297.0
306.0
531.0
790.5
1234.5
63.0
766.5
196.5
288.0
295.5
112.5
540.0
276.0
514.5
454.5
588.0
85.5
132.0
277.5
135.0
255.0
450.0
466.5
321.0
406.5
144.0
415.5
778.5
166.5
621.0
339.0
363.0
960.0
228.0
666.0
531.0
333.0
910.5
99.0
267.0
313.5
516.0
292.5
468.0
622.5
910.5
163.5
270.0
102.0
657.0
157.5
328.5
214.5
219.0
216.0
108.0
244.5
268.5
169.5
183.0
408.0
168.0
766.5
444.0
159.0
213.0
268.5
154.5
921.0
838.5
88.5
391.5
250.5
708.0
949.5
693.0
105.0
430.5
826.5
45.0
625.5
372.0
751.5
559.5
154.5
669.0
604.5
165.0
163.5
57.0
423.0
519.0
244.5
576.0
477.0
175.5
717.0
319.5
526.5
108.0
157.5
516.0
115.5
292.5
93.0
435.0
672.0
894.0
169.5
249.0
475.5
334.5
1030.5
471.0
661.5
496.5
153.0
445.5
22.5
984.0
336.0
310.5
172.5
247.5
790.5
171.0
493.5
60.0
681.0
303.0
544.5
333.0
279.0
108.0
429.0
417.0
697.5
396.0
193.5
198.0
534.0
91.5
370.5
705.0
769.5
583.5
573.0
351.0
490.5
562.5
121.5
483.0
112.5
468.0
195.0
163.5
427.5
357.0
655.5
343.5
580.5
336.0
742.5
211.5
354.0
280.5
613.5
132.0
450.0
247.5
364.5
381.0
285.0
532.5
475.5
759.0
127.5
511.5
409.5
571.5
439.5
1081.5
505.5
40.5
373.5
112.5
471.0
306.0
126.0
330.0
171.0
148.5
588.0
180.0
499.5
459.0
238.5
612.0
475.5
454.5
778.5
807.0
94.5
735.0
375.0
304.5
172.5
295.5
405.0
202.5
346.5
286.5
289.5
468.0
1011.0
961.5
234.0
207.0
243.0
183.0
196.5
244.5
120.0
444.0
664.5
375.0
916.5
579.0
1066.5
546.0
574.5
171.0
382.5
198.0
1327.5
324.0
447.0
576.0
162.0
243.0
373.5
1129.5
856.5
1047.0
639.0
487.5
255.0
1269.0
309.0
268.5
309.0
850.5
595.5
394.5
432.0
1086.0
376.5
373.5
387.0
408.0
880.5
508.5
1134.0
753.0
760.5
472.5
223.5
303.0
480.0
1081.5
1186.5
525.0
426.0
121.5
300.0
1065.0
885.0
45.0
279.0
568.5
517.5
927.0
130.5
267.0
712.5
144.0
202.5
406.5
1311.0
514.5
1306.5
696.0
901.5
390.0
180.0
16.5
103.5
229.5
450.0
556.5
61.5
673.5
225.0
276.0
205.5
936.0
201.0
160.5
169.5
93.0
199.5
304.5
159.0
349.5
103.5
483.0
114.0
322.5
114.0
139.5
661.5
703.5
322.5
349.5
264.0
181.5
1119.0
910.5
288.0
201.0
676.5
114.0
147.0
913.5
466.5
351.0
460.5
121.5
315.0
214.5
1341.0
489.0
312.0
759.0
171.0
345.0
924.0
366.0
255.0
403.5
721.5
810.0
286.5
565.5
510.0
709.5
192.0
147.0
1012.5
661.5
832.5
207.0
996.0
597.0
165.0
108.0
298.5
406.5
349.5
265.5
441.0
726.0
928.5
90.0
718.5
108.0
234.0
714.0
648.0
250.5
727.5
268.5
507.0
262.5
771.0
172.5
736.5
459.0
576.0
537.0
283.5
874.5
595.5
331.5
634.5
508.5
127.5
631.5
673.5
766.5
375.0
690.0
406.5
318.0
753.0
546.0
1114.5
265.5
858.0
1048.5
943.5
828.0
562.5
517.5
145.5
469.5
115.5
457.5
69.0
282.0
621.0
400.5
441.0
303.0
337.5
531.0
175.5
243.0
268.5
49.5
117.0
87.0
169.5
510.0
315.0
132.0
58.5
151.5
535.5
382.5
597.0
249.0
270.0
102.0
808.5
181.5
370.5
1050.0
808.5
595.5
943.5
306.0
508.5
570.0
94.5
261.0
279.0
34.5
384.0
