1159.5
384.0
1149.0
1279.5
858.0
1515.0
267.0
556.5
612.0
972.0
1219.5
957.0
216.0
142.5
852.0
637.5
480.0
957.0
342.0
636.0
427.5
340.5
720.0
775.5
360.0
307.5
348.0
268.5
762.0
171.0
888.0
130.5
1087.5
1335.0
369.0
1087.5
943.5
555.0
783.0
198.0
787.5
597.0
865.5
1528.5
913.5
678.0
105.0
769.5
997.5
634.5
105.0
352.5
316.5
166.5
628.5
433.5
1182.0
1278.0
1149.0
391.5
330.0
408.0
789.0
700.5
1099.5
342.0
157.5
342.0
910.5
736.5
166.5
307.5
334.5
1086.0
120.0
1063.5
432.0
702.0
736.5
1251.0
885.0
975.0
243.0
547.5
511.5
781.5
477.0
976.5
1204.5
175.5
643.5
1086.0
1419.0
841.5
49.5
118.5
850.5
379.5
894.0
519.0
877.5
607.5
775.5
223.5
1047.0
1012.5
378.0
315.0
486.0
559.5
501.0
429.0
1156.5
481.5
1353.0
537.0
316.5
693.0
538.5
1290.0
1093.5
748.5
1425.0
669.0
657.0
580.5
853.5
544.5
607.5
882.0
733.5
1194.0
1017.0
1012.5
249.0
930.0
931.5
361.5
1162.5
246.0
331.5
1123.5
816.0
556.5
1149.0
1122.0
672.0
708.0
1437.0
321.0
553.5
376.5
181.5
388.5
556.5
733.5
367.5
298.5
606.0
768.0
532.5
1165.5
454.5
657.0
207.0
505.5
369.0
550.5
915.0
1413.0
618.0
1285.5
1059.0
435.0
100.5
363.0
631.5
423.0
252.0
1537.5
565.5
817.5
439.5
168.0
322.5
1408.5
691.5
1591.5
292.5
228.0
514.5
1107.0
495.0
198.0
526.5
357.0
1119.0
394.5
694.5
415.5
1311.0
573.0
754.5
1473.0
1200.0
759.0
256.5
1258.5
459.0
1003.5
1237.5
1501.5
97.5
1183.5
231.0
453.0
1063.5
177.0
36.0
250.5
1359.0
852.0
193.5
412.5
1278.0
576.0
1123.5
673.5
1030.5
258.0
520.5
582.0
1135.5
1032.0
559.5
561.0
115.5
135.0
594.0
589.5
1215.0
769.5
1339.5
1584.0
655.5
1432.5
1221.0
505.5
868.5
847.5
237.0
1303.5
1177.5
1081.5
877.5
1245.0
684.0
1116.0
573.0
381.0
778.5
1420.5
42.0
1117.5
336.0
1504.5
663.0
636.0
508.5
441.0
507.0
745.5
261.0
450.0
550.5
633.0
772.5
811.5
816.0
42.0
168.0
615.0
945.0
303.0
607.5
466.5
358.5
244.5
117.0
232.5
1081.5
331.5
103.5
634.5
519.0
301.5
330.0
888.0
655.5
250.5
475.5
801.0
886.5
175.5
720.0
210.0
91.5
724.5
327.0
310.5
744.0
94.5
1528.5
601.5
717.0
367.5
1233.0
316.5
165.0
943.5
1602.0
534.0
997.5
327.0
549.0
705.0
345.0
900.0
474.0
958.5
525.0
429.0
276.0
1392.0
687.0
118.5
61.5
723.0
544.5
1723.5
1558.5
94.5
1539.0
1186.5
336.0
72.0
226.5
517.5
421.5
1246.5
1269.0
261.0
133.5
82.5
1320.0
1584.0
1290.0
1534.5
867.0
1341.0
1101.0
525.0
280.5
490.5
658.5
745.5
430.5
207.0
262.5
63.0
1348.5
604.5
1122.0
727.5
450.0
388.5
852.0
85.5
436.5
1137.0
1104.0
310.5
468.0
264.0
996.0
192.0
205.5
277.5
336.0
349.5
628.5
433.5
358.5
738.0
550.5
769.5
288.0
217.5
1162.5
924.0
427.5
1411.5
285.0
294.0
270.0
1395.0
219.0
462.0
306.0
432.0
549.0
705.0
517.5
135.0
951.0
1185.0
373.5
1128.0
549.0
852.0
549.0
249.0
1032.0
105.0
159.0
1515.0
303.0
663.0
1209.0
906.0
525.0
246.0
304.5
546.0
1353.0
709.5
282.0
184.5
756.0
1300.5
1057.5
567.0
333.0
418.5
361.5
1146.0
111.0
1087.5
684.0
1405.5
619.5
595.5
748.5
1209.0
1066.5
234.0
546.0
520.5
127.5
1093.5
999.0
1588.5
327.0
493.5
1135.5
961.5
349.5
426.0
642.0
178.5
27.0
1060.5
235.5
120.0
883.5
486.0
1353.0
766.5
768.0
1399.5
409.5
240.0
271.5
624.0
46.5
547.5
1024.5
1503.0
1008.0
1302.0
813.0
582.0
1108.5
909.0
1033.5
846.0
1534.5
619.5
195.0
342.0
768.0
1018.5
447.0
435.0
997.5
906.0
564.0
1285.5
1395.0
1245.0
1578.0
508.5
1392.0
852.0
702.0
388.5
697.5
294.0
849.0
810.0
306.0
153.0
751.5
1338.0
993.0
1291.5
309.0
442.5
903.0
987.0
223.5
295.5
409.5
814.5
486.0
496.5
1530.0
264.0
724.5
537.0
996.0
876.0
514.5
711.0
387.0
276.0
694.5
1135.5
684.0
772.5
369.0
793.5
810.0
1128.0
844.5
1027.5
796.5
754.5
616.5
328.5
88.5
52.5
609.0
507.0
414.0
507.0
985.5
336.0
1506.0
1128.0
243.0
1095.0
1495.5
195.0
903.0
318.0
691.5
321.0
489.0
570.0
139.5
397.5
258.0
1288.5
946.5
715.5
531.0
178.5
891.0
1132.5
1183.5
804.0
966.0
496.5
385.5
318.0
688.5
444.0
397.5
414.0
186.0
678.0
1333.5
1438.5
1345.5
742.5
564.0
307.5
1072.5
1342.5
682.5
334.5
696.0
553.5
210.0
376.5
856.5
493.5
1323.0
1182.0
598.5
940.5
490.5
1747.5
466.5
159.0
706.5
192.0
868.5
357.0
352.5
360.0
441.0
499.5
585.0
54.0
961.5
1360.5
591.0
706.5
1203.0
1357.5
423.0
1176.0
826.5
348.0
1054.5
1042.5
799.5
1212.0
534.0
792.0
546.0
492.0
1269.0
1290.0
565.5
1380.0
1236.0
1342.5
1470.0
729.0
781.5
724.5
669.0
688.5
1051.5
289.5
328.5
312.0
672.0
429.0
1264.5
726.0
859.5
1275.0
784.5
1246.5
367.5
135.0
1227.0
216.0
384.0
1516.5
867.0
255.0
667.5
829.5
1195.5
1672.5
1156.5
900.0
360.0
858.0
936.0
258.0
1453.5
952.5
85.5
441.0
1096.5
267.0
688.5
127.5
208.5
396.0
894.0
822.0
583.5
544.5
519.0
1006.5
408.0
1041.0
34.5
805.5
285.0
141.0
370.5
280.5
924.0
391.5
822.0
552.0
705.0
789.0
205.5
504.0
456.0
493.5
216.0
757.5
931.5
930.0
762.0
1071.0
1168.5
382.5
1257.0
220.5
168.0
873.0
570.0
1168.5
1066.5
609.0
256.5
330.0
540.0
838.5
987.0
406.5
241.5
114.0
1216.5
684.0
936.0
702.0
1242.0
505.5
576.0
1198.5
1498.5
916.5
1362.0
946.5
246.0
592.5
933.0
777.0
451.5
930.0
1540.5
334.5
753.0
1309.5
282.0
916.5
177.0
606.0
1525.5
1234.5
309.0
993.0
417.0
1440.0
1656.0
723.0
387.0
505.5
439.5
226.5
789.0
460.5
622.5
511.5
129.0
1507.5
517.5
1018.5
1026.0
499.5
1011.0
1359.0
403.5
1005.0
310.5
654.0
444.0
493.5
147.0
1354.5
1168.5
244.5
1071.0
1462.5
1027.5
312.0
732.0
1332.0
1296.0
246.0
415.5
1747.5
951.0
801.0
205.5
474.0
1093.5
985.5
517.5
559.5
268.5
406.5
154.5
565.5
634.5
718.5
502.5
444.0
1072.5
933.0
306.0
1507.5
690.0
1110.0
1359.0
592.5
466.5
705.0
736.5
378.0
1050.0
1038.0
1122.0
493.5
343.5
970.5
235.5
792.0
1564.5
106.5
1186.5
1308.0
57.0
1035.0
468.0
1683.0
1239.0
451.5
1149.0
388.5
829.5
724.5
642.0
151.5
456.0
163.5
274.5
1399.5
630.0
567.0
873.0
124.5
658.5
267.0
40.5
280.5
102.0
150.0
579.0
684.0
486.0
1335.0
1002.0
421.5
540.0
693.0
1318.5
1572.0
976.5
177.0
1170.0
580.5
619.5
621.0
226.5
1233.0
1545.0
364.5
871.5
567.0
1456.5
817.5
352.5
942.0
331.5
625.5
795.0
199.5
621.0
432.0
1084.5
690.0
103.5
345.0
895.5
466.5
181.5
378.0
204.0
415.5
778.5
531.0
259.5
741.0
631.5
718.5
1416.0
555.0
1044.0
1197.0
259.5
361.5
571.5
64.5
937.5
1453.5
478.5
217.5
831.0
489.0
1695.0
406.5
667.5
1281.0
1225.5
1293.0
301.5
399.0
1035.0
880.5
534.0
1413.0
1239.0
1425.0
1641.0
277.5
865.5
567.0
823.5
322.5
1413.0
633.0
402.0
283.5
669.0
397.5
346.5
1195.5
273.0
582.0
949.5
1518.0
1189.5
1312.5
483.0
301.5
984.0
613.5
144.0
90.0
585.0
625.5
883.5
396.0
1341.0
1402.5
1249.5
259.5
964.5
1288.5
418.5
355.5
268.5
307.5
606.0
249.0
165.0
414.0
288.0
411.0
385.5
466.5
421.5
1399.5
1290.0
1077.0
966.0
568.5
280.5
595.5
423.0
517.5
325.5
523.5
261.0
1092.0
151.5
819.0
765.0
822.0
187.5
390.0
255.0
1417.5
565.5
600.0
871.5
186.0
132.0
1045.5
690.0
741.0
1681.5
1563.0
1452.0
1687.5
321.0
294.0
126.0
375.0
558.0
825.0
639.0
415.5
913.5
781.5
514.5
1483.5
1377.0
778.5
414.0
784.5
556.5
535.5
640.5
325.5
262.5
246.0
1027.5
991.5
1101.0
1551.0
438.0
357.0
657.0
372.0
214.5
109.5
238.5
396.0
1248.0
403.5
198.0
247.5
42.0
1452.0
912.0
1300.5
280.5
354.0
163.5
748.5
369.0
159.0
286.5
576.0
238.5
1462.5
787.5
945.0
793.5
1305.0
345.0
186.0
663.0
622.5
282.0
1041.0
1272.0
480.0
177.0
616.5
724.5
721.5
229.5
402.0
190.5
769.5
877.5
1377.0
733.5
702.0
459.0
1050.0
675.0
648.0
226.5
432.0
1009.5
1081.5
640.5
979.5
1221.0
748.5
1584.0
1134.0
1096.5
150.0
1063.5
64.5
481.5
213.0
465.0
367.5
1566.0
438.0
244.5
1302.0
387.0
715.5
810.0
406.5
313.5
1266.0
1237.5
561.0
1437.0
1575.0
310.5
1138.5
1198.5
648.0
784.5
1566.0
490.5
682.5
1660.5
1063.5
349.5
1179.0
214.5
445.5
729.0
376.5
244.5
505.5
772.5
1282.5
222.0
1261.5
835.5
535.5
1407.0
378.0
1482.0
1597.5
559.5
597.0
709.5
286.5
315.0
888.0
379.5
694.5
228.0
378.0
1042.5
624.0
1104.0
483.0
1285.5
382.5
247.5
583.5
1551.0
1671.0
423.0
700.5
1224.0
1362.0
330.0
372.0
303.0
1569.0
231.0
283.5
1362.0
1507.5
1156.5
306.0
331.5
645.0
1462.5
747.0
1296.0
418.5
1249.5
1192.5
1360.5
358.5
1345.5
775.5
79.5
109.5
403.5
487.5
310.5
909.0
151.5
1089.0
439.5
343.5
759.0
325.5
288.0
877.5
961.5
744.0
292.5
763.5
748.5
928.5
315.0
613.5
328.5
945.0
934.5
451.5
1209.0
1372.5
322.5
1008.0
103.5
211.5
430.5
105.0
147.0
1002.0
1161.0
43.5
1113.0
1264.5
379.5
889.5
1176.0
211.5
1192.5
1507.5
558.0
1183.5
1444.5
1459.5
1645.5
1030.5
1324.5
489.0
384.0
304.5
432.0
640.5
120.0
1170.0
1212.0
190.5
685.5
447.0
475.5
268.5
301.5
619.5
441.0
517.5
1213.5
846.0
301.5
762.0
1177.5
1074.0
507.0
720.0
592.5
1224.0
910.5
1120.5
849.0
717.0
516.0
1005.0
799.5
318.0
1419.0
1051.5
1312.5
523.5
1597.5
936.0
889.5
1111.5
193.5
393.0
565.5
1329.0
1000.5
201.0
733.5
1137.0
465.0
229.5
475.5
255.0
261.0
1476.0
1416.0
517.5
1074.0
693.0
990.0
657.0
987.0
742.5
1059.0
1045.5
123.0
399.0
891.0
1198.5
1081.5
267.0
1347.0
1111.5
934.5
952.5
184.5
915.0
213.0
519.0
1069.5
198.0
777.0
1204.5
255.0
492.0
999.0
424.5
1282.5
549.0
804.0
459.0
499.5
435.0
994.5
1110.0
969.0
226.5
442.5
252.0
571.5
1207.5
382.5
267.0
636.0
468.0
1290.0
1090.5
322.5
628.5
241.5
529.5
955.5
597.0
1053.0
561.0
909.0
205.5
475.5
471.0
1167.0
481.5
1074.0
519.0
1050.0
427.5
856.5
1489.5
157.5
238.5
1597.5
1360.5
339.0
307.5
343.5
294.0
1228.5
616.5
858.0
423.0
919.5
565.5
780.0
405.0
934.5
429.0
1054.5
1630.5
1689.0
990.0
601.5
1017.0
720.0
447.0
633.0
222.0
214.5
424.5
39.0
1351.5
1077.0
808.5
514.5
1000.5
342.0
687.0
586.5
370.5
552.0
628.5
129.0
160.5
237.0
1173.0
444.0
531.0
252.0
972.0
501.0
751.5
1236.0
112.5
1428.0
501.0
940.5
1005.0
717.0
157.5
420.0
193.5
361.5
1288.5
274.5
315.0
1186.5
958.5
514.5
424.5
958.5
513.0
756.0
879.0
451.5
90.0
189.0
138.0
463.5
684.0
774.0
705.0
1141.5
412.5
915.0
637.5
1290.0
39.0
1102.5
292.5
400.5
450.0
718.5
570.0
403.5
183.0
598.5
520.5
589.5
273.0
1387.5
1417.5
1527.0
448.5
276.0
1275.0
1222.5
1246.5
381.0
766.5
408.0
934.5
285.0
486.0
445.5
861.0
436.5
879.0
315.0
1105.5
730.5
637.5
339.0
1464.0
640.5
823.5
246.0
963.0
909.0
346.5
1194.0
385.5
343.5
390.0
1309.5
184.5
319.5
682.5
583.5
1572.0
547.5
229.5
612.0
1210.5
249.0
907.5
540.0
996.0
358.5
1033.5
1219.5
877.5
772.5
106.5
1510.5
135.0
852.0
496.5
889.5
1246.5
727.5
657.0
243.0
760.5
700.5
570.0
321.0
817.5
991.5
703.5
1458.0
1443.0
436.5
879.0
265.5
436.5
627.0
1227.0
366.0
445.5
889.5
985.5
361.5
1258.5
480.0
1254.0
687.0
445.5
1147.5
291.0
360.0
576.0
310.5
697.5
921.0
699.0
1402.5
402.0
372.0
1222.5
1075.5
856.5
337.5
967.5
592.5
247.5
699.0
1344.0
786.0
430.5
129.0
570.0
663.0
1275.0
1414.5
1326.0
507.0
718.5
624.0
582.0
864.0
1053.0
1483.5
847.5
348.0
543.0
220.5
228.0
477.0
858.0
805.5
1135.5
804.0
196.5
388.5
1068.0
556.5
1029.0
648.0
622.5
829.5
288.0
562.5
187.5
240.0
768.0
628.5
1327.5
801.0
693.0
1290.0
1384.5
1189.5
138.0
490.5
708.0
40.5
150.0
1093.5
363.0
609.0
826.5
346.5
619.5
1278.0
252.0
1020.0
505.5
1129.5
900.0
327.0
1027.5
138.0
1237.5
316.5
957.0
1209.0
544.5
1159.5
997.5
840.0
330.0
291.0
637.5
220.5
901.5
1474.5
955.5
1278.0
84.0
268.5
1360.5
1261.5
1360.5
430.5
880.5
594.0
934.5
1513.5
1002.0
1537.5
1680.0
1536.0
664.5
277.5
735.0
960.0
597.0
616.5
810.0
808.5
639.0
1087.5
270.0
867.0
1158.0
153.0
150.0
859.5
1275.0
922.5
1032.0
978.0
322.5
649.5
376.5
1168.5
906.0
831.0
652.5
136.5
639.0
252.0
145.5
349.5
258.0
342.0
307.5
138.0
219.0
721.5
900.0
396.0
229.5
234.0
319.5
1315.5
903.0
960.0
1168.5
1011.0
739.5
715.5
972.0
901.5
403.5
1065.0
1707.0
612.0
489.0
390.0
1215.0
1110.0
1323.0
585.0
1158.0
1255.5
1428.0
588.0
720.0
634.5
373.5
1152.0
267.0
850.5
1257.0
1327.5
1192.5
250.5
243.0
417.0
1018.5
346.5
579.0
397.5
336.0
723.0
1015.5
696.0
1180.5
403.5
1458.0
709.5
358.5
217.5
894.0
435.0
397.5
285.0
456.0
256.5
963.0
687.0
232.5
409.5
667.5
498.0
286.5
666.0
526.5
1063.5
204.0
231.0
954.0
151.5
499.5
72.0
561.0
660.0
1086.0
225.0
336.0
372.0
361.5
159.0
1626.0
1426.5
1063.5
1234.5
420.0
268.5
907.5
166.5
519.0
639.0
261.0
1198.5
661.5
1081.5
364.5
1425.0
637.5
24.0
72.0
913.5
1156.5
1023.0
211.5
1134.0
630.0
28.5
630.0
301.5
28.5
865.5
682.5
357.0
730.5
375.0
550.5
1335.0
408.0
832.5
180.0
183.0
1222.5
660.0
258.0
370.5
561.0
1296.0
334.5
576.0
322.5
310.5
1084.5
1152.0
1404.0
1467.0
880.5
1662.0
945.0
612.0
934.5
402.0
378.0
193.5
253.5
832.5
1338.0
924.0
382.5
82.5
1612.5
417.0
241.5
780.0
477.0
1509.0
537.0
654.0
862.5
192.0
544.5
405.0
1086.0
913.5
1561.5
414.0
453.0
532.5
580.5
141.0
318.0
120.0
39.0
262.5
243.0
852.0
192.0
309.0
199.5
1071.0
750.0
913.5
595.5
1695.0
1558.5
1020.0
682.5
1150.5
510.0
328.5
97.5
985.5
1026.0
78.0
808.5
1452.0
1207.5
1485.0
397.5
1323.0
940.5
195.0
897.0
384.0
546.0
828.0
865.5
321.0
1209.0
508.5
729.0
1108.5
1306.5
430.5
582.0
481.5
217.5
694.5
279.0
721.5
199.5
1230.0
222.0
234.0
463.5
649.5
337.5
795.0
394.5
480.0
513.0
360.0
1222.5
582.0
384.0
1086.0
1144.5
1201.5
339.0
222.0
441.0
420.0
1318.5
148.5
249.0
733.5
337.5
363.0
361.5
756.0
1186.5
1503.0
397.5
676.5
753.0
690.0
1333.5
741.0
1191.0
414.0
1270.5
250.5
403.5
294.0
1387.5
1387.5
345.0
771.0
259.5
726.0
630.0
189.0
793.5
298.5
1047.0
387.0
597.0
531.0
370.5
811.5
454.5
268.5
970.5
976.5
156.0
1479.0
846.0
1042.5
529.5
400.5
507.0
283.5
697.5
1218.0
1161.0
579.0
646.5
322.5
121.5
897.0
984.0
945.0
838.5
1617.0
756.0
526.5
210.0
1504.5
706.5
360.0
670.5
1270.5
1494.0
255.0
667.5
1098.0
79.5
769.5
798.0
513.0
802.5
720.0
832.5
517.5
142.5
1075.5
964.5
501.0
615.0
528.0
453.0
969.0
517.5
967.5
1461.0
1303.5
1039.5
762.0
546.0
393.0
136.5
1356.0
906.0
817.5
556.5
387.0
810.0
172.5
262.5
783.0
385.5
211.5
361.5
1071.0
466.5
834.0
1176.0
507.0
582.0
601.5
862.5
595.5
273.0
442.5
1687.5
282.0
249.0
1095.0
1701.0
312.0
385.5
1117.5
792.0
259.5
256.5
493.5
417.0
526.5
84.0
682.5
852.0
1192.5
1174.5
1060.5
939.0
867.0
787.5
411.0
337.5
67.5
1056.0
555.0
628.5
240.0
1783.5
1123.5
597.0
499.5
991.5
1186.5
454.5
318.0
531.0
1059.0
360.0
813.0
504.0
505.5
412.5
1089.0
1027.5
717.0
720.0
631.5
159.0
348.0
985.5
921.0
1087.5
556.5
772.5
288.0
504.0
175.5
780.0
319.5
1090.5
1134.0
459.0
480.0
972.0
1186.5
55.5
366.0
853.5
768.0
708.0
1303.5
507.0
70.5
480.0
1120.5
423.0
253.5
444.0
1104.0
903.0
174.0
405.0
1270.5
1354.5
616.5
328.5
1378.5
235.5
276.0
1495.5
1521.0
837.0
1440.0
268.5
123.0
475.5
1006.5
957.0
429.0
316.5
585.0
958.5
388.5
1278.0
442.5
187.5
1204.5
784.5
441.0
1167.0
448.5
423.0
1384.5
889.5
913.5
883.5
691.5
813.0
1036.5
414.0
628.5
91.5
237.0
810.0
1108.5
784.5
543.0
640.5
769.5
454.5
618.0
594.0
493.5
736.5
217.5
541.5
411.0
450.0
958.5
156.0
810.0
88.5
565.5
246.0
571.5
153.0
328.5
702.0
1167.0
1210.5
166.5
220.5
919.5
211.5
849.0
219.0
747.0
403.5
273.0
223.5
958.5
591.0
207.0
624.0
297.0
169.5
396.0
103.5
334.5
553.5
354.0
69.0
289.5
1276.5
156.0
594.0
400.5
1170.0
942.0
1666.5
765.0
237.0
1147.5
328.5
721.5
375.0
1057.5
1414.5
1350.0
996.0
324.0
168.0
994.5
123.0
538.5
1119.0
223.5
166.5
1213.5
424.5
937.5
1029.0
130.5
1284.0
1066.5
847.5
75.0
286.5
508.5
763.5
427.5
1027.5
1092.0
573.0
267.0
663.0
466.5
171.0
384.0
1120.5
270.0
858.0
550.5
411.0
922.5
1653.0
543.0
900.0
570.0
708.0
1282.5
1155.0
1155.0
609.0
1432.5
220.5
682.5
886.5
999.0
1171.5
1152.0
457.5
1200.0
384.0
637.5
459.0
622.5
157.5
582.0
462.0
1240.5
289.5
885.0
250.5
514.5
267.0
642.0
316.5
655.5
484.5
1269.0
688.5
784.5
814.5
735.0
460.5
429.0
433.5
327.0
613.5
694.5
1086.0
825.0
1486.5
511.5
247.5
1044.0
834.0
543.0
702.0
1269.0
432.0
133.5
705.0
1230.0
969.0
981.0
505.5
1002.0
402.0
283.5
489.0
328.5
151.5
649.5
84.0
274.5
207.0
339.0
424.5
940.5
307.5
652.5
1158.0
303.0
942.0
1426.5
1480.5
900.0
391.5
1008.0
1276.5
1036.5
378.0
666.0
1126.5
645.0
130.5
177.0
178.5
603.0
781.5
918.0
153.0
987.0
1588.5
1095.0
609.0
402.0
285.0
355.5
409.5
522.0
321.0
814.5
588.0
226.5
630.0
544.5
1215.0
1012.5
73.5
1446.0
637.5
792.0
759.0
682.5
337.5
582.0
927.0
289.5
1042.5
976.5
871.5
271.5
444.0
945.0
457.5
582.0
595.5
325.5
393.0
391.5
114.0
153.0
730.5
1117.5
760.5
1510.5
1032.0
742.5
402.0
1465.5
537.0
396.0
1315.5
1236.0
1336.5
313.5
897.0
456.0
646.5
489.0
274.5
751.5
570.0
277.5
846.0
823.5
1501.5
903.0
565.5
1080.0
751.5
912.0
820.5
789.0
961.5
573.0
1075.5
1384.5
1099.5
721.5
202.5
1008.0
367.5
372.0
501.0
414.0
732.0
1054.5
1314.0
777.0
736.5
927.0
819.0
1708.5
654.0
97.5
777.0
160.5
838.5
415.5
645.0
975.0
283.5
217.5
457.5
375.0
67.5
156.0
363.0
310.5
342.0
1461.0
642.0
972.0
787.5
939.0
1009.5
655.5
757.5
327.0
294.0
294.0
177.0
241.5
126.0
379.5
243.0
627.0
811.5
252.0
646.5
568.5
675.0
93.0
1033.5
162.0
409.5
625.5
885.0
372.0
1054.5
930.0
985.5
301.5
327.0
547.5
867.0
541.5
273.0
703.5
769.5
1336.5
517.5
828.0
873.0
867.0
1227.0
976.5
561.0
592.5
178.5
1375.5
1078.5
214.5
561.0
867.0
477.0
1087.5
246.0
313.5
702.0
364.5
187.5
649.5
267.0
432.0
1324.5
646.5
1453.5
945.0
163.5
973.5
1098.0
519.0
442.5
493.5
1416.0
1219.5
1195.5
1014.0
492.0
922.5
390.0
1408.5
1032.0
417.0
1177.5
574.5
375.0
931.5
1138.5
331.5
330.0
519.0
1536.0
838.5
228.0
358.5
244.5
654.0
715.5
172.5
364.5
888.0
448.5
465.0
1053.0
1125.0
58.5
322.5
250.5
238.5
1296.0
796.5
921.0
631.5
117.0
498.0
60.0
157.5
81.0
622.5
939.0
348.0
963.0
1360.5
1536.0
294.0
145.5
1060.5
1153.5
1014.0
760.5
910.5
366.0
553.5
351.0
1077.0
1512.0
231.0
624.0
346.5
1570.5
945.0
273.0
783.0
1419.0
1057.5
1377.0
483.0
82.5
777.0
721.5
394.5
1504.5
220.5
456.0
1716.0
865.5
463.5
259.5
372.0
949.5
717.0
832.5
459.0
1270.5
706.5
303.0
735.0
991.5
540.0
597.0
1240.5
610.5
1435.5
255.0
207.0
531.0
615.0
76.5
165.0
1531.5
1737.0
646.5
1584.0
448.5
1380.0
561.0
952.5
321.0
595.5
1039.5
1098.0
789.0
738.0
873.0
570.0
204.0
960.0
889.5
1147.5
316.5
753.0
229.5
1053.0
448.5
793.5
844.5
468.0
379.5
1200.0
1177.5
544.5
723.0
772.5
292.5
493.5
1308.0
492.0
1626.0
970.5
721.5
951.0
109.5
778.5
742.5
898.5
430.5
816.0
270.0
187.5
988.5
751.5
549.0
1621.5
1228.5
553.5
151.5
232.5
102.0
625.5
493.5
634.5
1413.0
1648.5
567.0
549.0
655.5
459.0
610.5
670.5
756.0
565.5
282.0
1195.5
685.5
495.0
171.0
241.5
229.5
747.0
403.5
237.0
1182.0
1623.0
298.5
1123.5
1155.0
1002.0
967.5
304.5
372.0
1060.5
1368.0
264.0
393.0
409.5
705.0
823.5
1215.0
1471.5
579.0
663.0
739.5
205.5
1101.0
154.5
688.5
565.5
793.5
505.5
1498.5
1081.5
556.5
1405.5
1383.0
1390.5
1234.5
267.0
760.5
984.0
621.0
273.0
486.0
637.5
445.5
781.5
523.5
739.5
942.0
667.5
858.0
841.5
738.0
541.5
1246.5
1660.5
1035.0
510.0
190.5
1500.0
493.5
465.0
334.5
1327.5
1413.0
460.5
1261.5
786.0
889.5
594.0
772.5
1173.0
685.5
504.0
801.0
598.5
336.0
994.5
1351.5
648.0
376.5
307.5
118.5
691.5
1498.5
430.5
550.5
133.5
762.0
778.5
528.0
967.5
904.5
456.0
700.5
438.0
283.5
456.0
277.5
1536.0
292.5
202.5
946.5
880.5
348.0
1269.0
1281.0
283.5
1222.5
346.5
442.5
802.5
1296.0
777.0
1173.0
700.5
595.5
220.5
567.0
163.5
804.0
159.0
430.5
198.0
1065.0
981.0
303.0
1033.5
1084.5
1680.0
504.0
789.0
985.5
369.0
184.5
1276.5
213.0
1237.5
334.5
825.0
765.0
1218.0
331.5
192.0
903.0
1440.0
1161.0
1474.5
580.5
1227.0
654.0
919.5
1369.5
651.0
414.0
552.0
597.0
519.0
298.5
198.0
520.5
43.5
306.0
267.0
631.5
1089.0
337.5
1533.0
352.5
772.5
306.0
297.0
1251.0
828.0
1020.0
1180.5
448.5
384.0
898.5
1462.5
928.5
945.0
1179.0
435.0
285.0
894.0
757.5
1065.0
363.0
1174.5
1081.5
366.0
303.0
337.5
933.0
1287.0
534.0
468.0
369.0
192.0
1221.0
840.0
957.0
1086.0
597.0
1284.0
657.0
159.0
957.0
315.0
624.0
1473.0
1222.5
612.0
748.5
1392.0
831.0
702.0
402.0
385.5
799.5
318.0
1626.0
1627.5
510.0
361.5
751.5
841.5
867.0
778.5
778.5
933.0
619.5
1377.0
409.5
193.5
459.0
496.5
493.5
832.5
373.5
1564.5
535.5
150.0
138.0
372.0
405.0
81.0
775.5
369.0
682.5
930.0
97.5
462.0
880.5
420.0
1051.5
594.0
1146.0
1603.5
276.0
561.0
442.5
175.5
306.0
1090.5
136.5
207.0
418.5
469.5
784.5
1128.0
147.0
757.5
1254.0
1135.5
543.0
318.0
103.5
436.5
378.0
543.0
298.5
262.5
66.0
1173.0
904.5
525.0
615.0
483.0
96.0
328.5
388.5
1405.5
348.0
399.0
399.0
1047.0
456.0
375.0
193.5
1267.5
360.0
723.0
1123.5
34.5
267.0
948.0
742.5
891.0
223.5
259.5
435.0
1104.0
189.0
661.5
970.5
762.0
129.0
1663.5
780.0
1528.5
831.0
1663.5
1078.5
1255.5
886.5
796.5
850.5
588.0
729.0
1306.5
717.0
433.5
927.0
184.5
324.0
420.0
1285.5
78.0
100.5
1332.0
960.0
1222.5
1141.5
738.0
109.5
252.0
621.0
1089.0
259.5
216.0
625.5
409.5
243.0
369.0
192.0
805.5
394.5
703.5
1173.0
481.5
259.5
219.0
276.0
268.5
75.0
309.0
546.0
571.5
36.0
226.5
412.5
955.5
433.5
1386.0
372.0
478.5
571.5
270.0
807.0
918.0
1186.5
1084.5
1294.5
1296.0
741.0
415.5
205.5
556.5
388.5
846.0
733.5
1329.0
153.0
726.0
123.0
640.5
541.5
1288.5
1296.0
333.0
558.0
1437.0
918.0
352.5
1015.5
615.0
516.0
585.0
430.5
412.5
706.5
576.0
1489.5
925.5
1080.0
559.5
475.5
1035.0
883.5
1083.0
538.5
1309.5
615.0
1165.5
408.0
316.5
576.0
1486.5
276.0
277.5
1330.5
997.5
813.0
321.0
438.0
82.5
88.5
81.0
340.5
1072.5
1020.0
891.0
313.5
453.0
1357.5
952.5
1545.0
52.5
411.0
552.0
1036.5
429.0
667.5
291.0
582.0
358.5
1024.5
85.5
912.0
261.0
1765.5
840.0
544.5
1336.5
1269.0
766.5
1509.0
112.5
1125.0
262.5
1389.0
1068.0
237.0
376.5
718.5
304.5
81.0
495.0
258.0
442.5
708.0
1177.5
1144.5
1159.5
651.0
801.0
324.0
882.0
474.0
175.5
79.5
1354.5
454.5
606.0
828.0
325.5
298.5
463.5
1161.0
811.5
1567.5
1515.0
178.5
438.0
1633.5
600.0
601.5
651.0
706.5
943.5
1036.5
123.0
241.5
1662.0
876.0
535.5
349.5
732.0
871.5
1272.0
868.5
1471.5
160.5
604.5
481.5
631.5
138.0
222.0
1555.5
895.5
234.0
432.0
310.5
1636.5
270.0
678.0
913.5
229.5
592.5
1026.0
1024.5
712.5
889.5
1365.0
433.5
495.0
480.0
96.0
1293.0
925.5
1063.5
447.0
124.5
759.0
1026.0
763.5
588.0
993.0
507.0
1444.5
357.0
711.0
468.0
672.0
324.0
1174.5
961.5
807.0
100.5
363.0
1266.0
832.5
361.5
400.5
261.0
576.0
145.5
1138.5
565.5
295.5
420.0
841.5
10.5
373.5
385.5
487.5
492.0
810.0
1039.5
589.5
184.5
258.0
448.5
1024.5
309.0
255.0
1111.5
646.5
78.0
726.0
850.5
832.5
1092.0
1233.0
313.5
459.0
748.5
1039.5
630.0
198.0
456.0
316.5
963.0
732.0
886.5
982.5
615.0
463.5
1089.0
729.0
817.5
444.0
265.5
46.5
625.5
357.0
1002.0
916.5
1324.5
1651.5
253.5
321.0
549.0
736.5
169.5
339.0
396.0
210.0
510.0
1180.5
153.0
418.5
1057.5
133.5
555.0
418.5
367.5
678.0
817.5
1150.5
144.0
943.5
991.5
357.0
1281.0
199.5
490.5
1140.0
406.5
382.5
417.0
798.0
1057.5
1401.0
1687.5
897.0
882.0
460.5
940.5
274.5
490.5
361.5
975.0
736.5
762.0
394.5
1543.5
58.5
277.5
1593.0
519.0
109.5
1272.0
1309.5
922.5
351.0
1459.5
711.0
690.0
405.0
789.0
97.5
412.5
537.0
1044.0
1186.5
1234.5
1107.0
1005.0
855.0
1180.5
417.0
498.0
309.0
985.5
618.0
366.0
1101.0
1315.5
145.5
840.0
1177.5
1134.0
315.0
247.5
208.5
394.5
1098.0
556.5
769.5
883.5
1473.0
1390.5
265.5
774.0
924.0
1090.5
1467.0
322.5
111.0
565.5
232.5
135.0
271.5
634.5
1227.0
910.5
295.5
538.5
901.5
1150.5
886.5
1339.5
178.5
1428.0
687.0
1026.0
840.0
294.0
600.0
1557.0
1417.5
790.5
351.0
1284.0
1110.0
246.0
145.5
369.0
1185.0
264.0
799.5
246.0
498.0
603.0
360.0
51.0
414.0
472.5
564.0
1317.0
546.0
315.0
1039.5
750.0
513.0
897.0
1537.5
940.5
915.0
450.0
895.5
1159.5
75.0
298.5
1350.0
346.5
243.0
804.0
1045.5
475.5
1054.5
1294.5
1080.0
195.0
1018.5
258.0
432.0
673.5
876.0
940.5
195.0
529.5
1212.0
237.0
217.5
708.0
648.0
927.0
759.0
499.5
372.0
1399.5
1095.0
849.0
964.5
61.5
717.0
244.5
199.5
1383.0
724.5
211.5
1060.5
472.5
129.0
223.5
352.5
537.0
604.5
429.0
304.5
444.0
493.5
1302.0
307.5
135.0
1233.0
1344.0
1137.0
1212.0
94.5
1018.5
141.0
126.0
126.0
805.5
295.5
360.0
528.0
349.5
739.5
712.5
1374.0
291.0
178.5
502.5
649.5
1125.0
165.0
744.0
421.5
370.5
553.5
952.5
216.0
886.5
1129.5
403.5
1294.5
684.0
541.5
576.0
418.5
1321.5
664.5
1162.5
786.0
333.0
294.0
819.0
1213.5
421.5
703.5
510.0
1242.0
355.5
603.0
679.5
472.5
541.5
1110.0
841.5
988.5
156.0
396.0
658.5
1012.5
1536.0
427.5
262.5
289.5
372.0
252.0
487.5
772.5
612.0
517.5
1102.5
499.5
600.0
1320.0
1284.0
1266.0
541.5
349.5
487.5
345.0
1641.0
610.5
1251.0
1032.0
583.5
945.0
636.0
864.0
390.0
954.0
580.5
885.0
1044.0
436.5
135.0
1203.0
588.0
817.5
193.5
621.0
624.0
85.5
693.0
264.0
657.0
1209.0
978.0
111.0
1284.0
352.5
508.5
763.5
1258.5
970.5
1150.5
372.0
1513.5
403.5
988.5
1606.5
690.0
532.5
49.5
516.0
538.5
984.0
1263.0
1135.5
966.0
424.5
1156.5
642.0
603.0
333.0
1014.0
1039.5
772.5
178.5
934.5
982.5
1294.5
990.0
565.5
1038.0
772.5
805.5
589.5
966.0
855.0
760.5
585.0
1294.5
1252.5
1597.5
990.0
585.0
1104.0
322.5
238.5
618.0
1228.5
1428.0
384.0
955.5
322.5
379.5
1045.5
1035.0
291.0
1212.0
237.0
1144.5
243.0
576.0
1041.0
1233.0
1257.0
417.0
736.5
309.0
486.0
1024.5
372.0
757.5
124.5
315.0
418.5
1173.0
874.5
879.0
1387.5
438.0
1504.5
1255.5
1540.5
1230.0
615.0
448.5
630.0
75.0
1224.0
588.0
1488.0
964.5
882.0
952.5
337.5
451.5
243.0
829.5
175.5
108.0
580.5
720.0
789.0
217.5
340.5
208.5
1089.0
396.0
142.5
985.5
120.0
466.5
156.0
459.0
853.5
1723.5
1164.0
357.0
634.5
1549.5
340.5
211.5
529.5
613.5
306.0
285.0
216.0
282.0
1578.0
610.5
1306.5
1455.0
940.5
889.5
379.5
1215.0
691.5
228.0
219.0
1194.0
760.5
282.0
703.5
453.0
534.0
664.5
235.5
1266.0
957.0
366.0
511.5
402.0
342.0
495.0
1222.5
1500.0
1201.5
208.5
969.0
804.0
937.5
1012.5
864.0
666.0
562.5
1231.5
919.5
1074.0
348.0
130.5
580.5
495.0
136.5
565.5
789.0
606.0
1279.5
492.0
738.0
385.5
358.5
457.5
723.0
613.5
1348.5
1096.5
589.5
1047.0
1021.5
667.5
252.0
375.0
435.0
232.5
430.5
286.5
1225.5
831.0
1386.0
760.5
861.0
1068.0
58.5
75.0
162.0
670.5
364.5
366.0
421.5
361.5
855.0
393.0
1015.5
529.5
867.0
1543.5
979.5
780.0
1242.0
342.0
67.5
1318.5
1423.5
393.0
816.0
379.5
214.5
720.0
792.0
1566.0
1707.0
57.0
562.5
387.0
330.0
819.0
223.5
1173.0
462.0
681.0
504.0
693.0
1270.5
1101.0
829.5
952.5
937.5
1114.5
862.5
1359.0
330.0
1578.0
1063.5
555.0
181.5
270.0
627.0
913.5
1081.5
1333.5
460.5
454.5
492.0
286.5
511.5
109.5
826.5
439.5
352.5
1225.5
538.5
336.0
1035.0
655.5
307.5
292.5
1236.0
565.5
337.5
376.5
195.0
301.5
646.5
388.5
412.5
937.5
648.0
471.0
601.5
345.0
364.5
1515.0
1042.5
316.5
828.0
546.0
229.5
451.5
451.5
1017.0
747.0
529.5
1326.0
1351.5
1519.5
261.0
424.5
699.0
711.0
378.0
295.5
429.0
333.0
955.5
691.5
592.5
289.5
625.5
883.5
357.0
1312.5
247.5
663.0
889.5
397.5
696.0
753.0
558.0
318.0
1117.5
823.5
1182.0
273.0
273.0
1267.5
1594.5
648.0
178.5
489.0
186.0
850.5
849.0
382.5
1350.0
1230.0
207.0
1309.5
199.5
81.0
492.0
718.5
205.5
451.5
211.5
76.5
256.5
697.5
249.0
612.0
282.0
270.0
1084.5
60.0
394.5
640.5
376.5
909.0
813.0
1264.5
624.0
1216.5
390.0
1206.0
81.0
1423.5
1399.5
513.0
414.0
279.0
339.0
294.0
339.0
369.0
1567.5
297.0
897.0
742.5
333.0
1254.0
1245.0
1209.0
360.0
340.5
516.0
546.0
120.0
919.5
573.0
915.0
1200.0
675.0
529.5
694.5
526.5
1216.5
534.0
1215.0
322.5
187.5
522.0
346.5
409.5
466.5
1290.0
751.5
382.5
531.0
408.0
1491.0
319.5
1387.5
775.5
619.5
859.5
1134.0
288.0
1273.5
1434.0
1320.0
801.0
435.0
222.0
273.0
234.0
726.0
1230.0
616.5
744.0
802.5
165.0
876.0
1263.0
511.5
237.0
219.0
682.5
495.0
1044.0
1059.0
156.0
352.5
508.5
883.5
315.0
877.5
274.5
634.5
624.0
318.0
1188.0
846.0
199.5
1327.5
822.0
1062.0
1135.5
766.5
957.0
831.0
187.5
213.0
934.5
204.0
673.5
1690.5
1501.5
867.0
1129.5
324.0
318.0
969.0
78.0
1095.0
718.5
474.0
1311.0
1081.5
1269.0
912.0
1009.5
1108.5
328.5
859.5
958.5
1366.5
354.0
271.5
370.5
250.5
1059.0
42.0
558.0
264.0
465.0
1324.5
468.0
1045.5
198.0
255.0
1141.5
832.5
768.0
229.5
264.0
1291.5
250.5
540.0
501.0
607.5
129.0
955.5
258.0
348.0
1033.5
432.0
832.5
1449.0
1563.0
334.5
1111.5
372.0
1060.5
1239.0
739.5
660.0
811.5
444.0
448.5
324.0
630.0
10.5
301.5
346.5
825.0
1252.5
903.0
232.5
676.5
258.0
279.0
537.0
1353.0
1209.0
574.5
756.0
427.5
255.0
450.0
832.5
366.0
862.5
112.5
493.5
745.5
556.5
283.5
1369.5
1444.5
375.0
910.5
1210.5
927.0
729.0
448.5
831.0
1357.5
507.0
745.5
472.5
952.5
589.5
613.5
355.5
379.5
663.0
1191.0
498.0
90.0
676.5
1405.5
303.0
537.0
1068.0
1132.5
508.5
526.5
495.0
943.5
318.0
363.0
718.5
918.0
853.5
1401.0
1447.5
651.0
1162.5
472.5
523.5
379.5
937.5
1233.0
1123.5
295.5
1117.5
292.5
57.0
501.0
328.5
1423.5
700.5
244.5
877.5
972.0
1572.0
1306.5
1458.0
508.5
849.0
1413.0
1315.5
1201.5
868.5
367.5
792.0
1237.5
891.0
1659.0
492.0
817.5
1456.5
532.5
135.0
225.0
603.0
534.0
1138.5
436.5
1036.5
1396.5
1053.0
657.0
346.5
564.0
1354.5
1213.5
1021.5
1071.0
144.0
403.5
957.0
253.5
924.0
877.5
1288.5
778.5
907.5
748.5
1209.0
864.0
93.0
942.0
1102.5
439.5
1228.5
975.0
286.5
1429.5
1354.5
294.0
286.5
670.5
715.5
555.0
741.0
742.5
702.0
984.0
597.0
220.5
589.5
460.5
1407.0
157.5
642.0
300.0
72.0
1014.0
1254.0
45.0
424.5
627.0
429.0
1099.5
487.5
901.5
288.0
243.0
322.5
135.0
198.0
1044.0
1123.5
865.5
424.5
1294.5
496.5
1231.5
1075.5
264.0
901.5
1269.0
339.0
951.0
1104.0
640.5
283.5
418.5
231.0
1129.5
570.0
690.0
225.0
202.5
319.5
730.5
474.0
663.0
555.0
516.0
351.0
1506.0
321.0
708.0
898.5
510.0
447.0
118.5
732.0
270.0
1096.5
744.0
169.5
567.0
642.0
1095.0
1551.0
559.5
237.0
1014.0
358.5
415.5
607.5
579.0
603.0
1270.5
970.5
688.5
273.0
423.0
1374.0
1521.0
1330.5
634.5
495.0
178.5
1716.0
1543.5
1609.5
1113.0
150.0
510.0
547.5
142.5
783.0
310.5
294.0
426.0
759.0
1644.0
430.5
436.5
940.5
1014.0
522.0
1255.5
1108.5
415.5
769.5
1056.0
93.0
466.5
223.5
139.5
958.5
573.0
1125.0
690.0
1509.0
1029.0
235.5
1641.0
1671.0
588.0
268.5
613.5
1083.0
978.0
106.5
1201.5
919.5
909.0
1483.5
949.5
162.0
640.5
1093.5
1513.5
1068.0
1188.0
942.0
445.5
456.0
798.0
427.5
313.5
337.5
1038.0
600.0
1003.5
355.5
1108.5
559.5
714.0
694.5
829.5
928.5
721.5
72.0
1035.0
1185.0
394.5
1123.5
996.0
828.0
103.5
388.5
1192.5
630.0
1161.0
1149.0
562.5
207.0
1231.5
408.0
402.0
805.5
208.5
472.5
294.0
597.0
1057.5
414.0
1276.5
142.5
1476.0
37.5
204.0
363.0
960.0
286.5
571.5
1365.0
951.0
1186.5
543.0
1056.0
514.5
741.0
429.0
906.0
508.5
943.5
601.5
978.0
693.0
1299.0
1071.0
187.5
234.0
661.5
346.5
1084.5
555.0
328.5
495.0
360.0
841.5
735.0
496.5
415.5
751.5
298.5
748.5
1024.5
702.0
373.5
1416.0
558.0
1009.5
924.0
435.0
105.0
949.5
264.0
444.0
1003.5
919.5
408.0
468.0
846.0
1264.5
1341.0
826.5
870.0
252.0
400.5
673.5
1024.5
1425.0
1270.5
1129.5
138.0
297.0
1719.0
414.0
1080.0
643.5
543.0
837.0
1450.5
378.0
363.0
709.5
1512.0
615.0
873.0
720.0
766.5
1168.5
232.5
429.0
786.0
763.5
583.5
585.0
736.5
447.0
373.5
825.0
585.0
1284.0
586.5
820.5
126.0
420.0
310.5
735.0
1171.5
660.0
1026.0
519.0
552.0
382.5
462.0
270.0
1320.0
691.5
331.5
369.0
268.5
307.5
144.0
226.5
256.5
195.0
660.0
463.5
472.5
1113.0
378.0
417.0
711.0
190.5
603.0
178.5
217.5
988.5
1413.0
604.5
307.5
412.5
267.0
399.0
628.5
1626.0
1278.0
438.0
306.0
999.0
1050.0
1239.0
268.5
676.5
954.0
1336.5
471.0
975.0
1438.5
91.5
1000.5
262.5
532.5
412.5
799.5
561.0
1317.0
181.5
147.0
1018.5
865.5
798.0
372.0
222.0
447.0
426.0
214.5
748.5
334.5
1164.0
334.5
1431.0
1080.0
93.0
514.5
835.5
999.0
474.0
699.0
810.0
850.5
543.0
727.5
295.5
240.0
289.5
612.0
411.0
367.5
394.5
763.5
270.0
615.0
274.5
208.5
616.5
624.0
496.5
1308.0
909.0
162.0
583.5
871.5
1251.0
516.0
549.0
219.0
336.0
894.0
213.0
225.0
1210.5
1732.5
657.0
457.5
715.5
637.5
379.5
378.0
412.5
838.5
187.5
180.0
480.0
282.0
1365.0
1353.0
1428.0
229.5
1197.0
490.5
109.5
912.0
271.5
324.0
186.0
502.5
705.0
465.0
1009.5
430.5
1281.0
1290.0
1143.0
606.0
184.5
1261.5
1212.0
264.0
1371.0
835.5
147.0
178.5
291.0
385.5
82.5
414.0
370.5
550.5
814.5
1096.5
666.0
237.0
1573.5
456.0
348.0
841.5
358.5
183.0
184.5
1050.0
445.5
352.5
436.5
474.0
70.5
876.0
298.5
525.0
762.0
319.5
1308.0
1513.5
394.5
231.0
1185.0
414.0
187.5
330.0
586.5
165.0
793.5
742.5
1408.5
852.0
379.5
594.0
723.0
1234.5
1186.5
1119.0
486.0
207.0
612.0
276.0
1645.5
1542.0
1099.5
1170.0
178.5
772.5
495.0
285.0
387.0
163.5
465.0
454.5
1155.0
12.0
1393.5
1048.5
228.0
1078.5
1453.5
916.5
1080.0
141.0
672.0
544.5
954.0
240.0
769.5
1258.5
780.0
288.0
1155.0
1197.0
508.5
499.5
556.5
373.5
1041.0
403.5
88.5
576.0
528.0
103.5
