1113.0
1744.5
868.5
1009.5
730.5
858.0
555.0
286.5
277.5
220.5
460.5
1362.0
256.5
90.0
463.5
1636.5
1476.0
673.5
1164.0
1620.0
1128.0
519.0
40.5
1170.0
1351.5
957.0
724.5
1003.5
1702.5
1141.5
1032.0
487.5
292.5
372.0
376.5
747.0
838.5
267.0
901.5
301.5
351.0
841.5
220.5
84.0
562.5
1305.0
883.5
1186.5
543.0
433.5
1582.5
364.5
1281.0
346.5
108.0
478.5
738.0
1437.0
1435.5
1257.0
1302.0
1299.0
1372.5
1122.0
1479.0
580.5
1305.0
1459.5
742.5
1675.5
220.5
853.5
870.0
262.5
783.0
393.0
883.5
615.0
1204.5
1425.0
1494.0
282.0
1453.5
307.5
904.5
243.0
1584.0
1062.0
345.0
1594.5
1249.5
1429.5
217.5
454.5
256.5
879.0
319.5
534.0
229.5
1573.5
1347.0
225.0
873.0
1663.5
855.0
1044.0
519.0
169.5
114.0
616.5
810.0
373.5
1177.5
1258.5
1275.0
1375.5
1591.5
108.0
1060.5
508.5
946.5
1248.0
499.5
417.0
871.5
225.0
856.5
448.5
1659.0
1585.5
553.5
156.0
855.0
934.5
711.0
877.5
994.5
616.5
966.0
1392.0
1494.0
601.5
408.0
237.0
390.0
861.0
777.0
955.5
1242.0
294.0
999.0
535.5
325.5
909.0
634.5
460.5
111.0
1084.5
510.0
1369.5
1351.5
1824.0
1086.0
1102.5
1134.0
540.0
418.5
1477.5
1291.5
150.0
735.0
813.0
411.0
220.5
1129.5
723.0
1230.0
1401.0
1014.0
606.0
664.5
226.5
187.5
246.0
1026.0
1398.0
315.0
696.0
699.0
1372.5
888.0
1372.5
1564.5
873.0
748.5
603.0
282.0
1011.0
1686.0
1119.0
294.0
460.5
994.5
180.0
1069.5
511.5
1159.5
1281.0
982.5
987.0
780.0
1014.0
1135.5
517.5
816.0
1599.0
417.0
1311.0
1560.0
516.0
1248.0
1443.0
216.0
1267.5
1420.5
370.5
282.0
1087.5
1485.0
387.0
966.0
744.0
688.5
456.0
973.5
504.0
1237.5
420.0
901.5
793.5
1384.5
405.0
784.5
474.0
790.5
1386.0
1212.0
241.5
132.0
145.5
777.0
568.5
1467.0
906.0
403.5
1065.0
940.5
331.5
1198.5
177.0
483.0
471.0
153.0
1372.5
904.5
675.0
1147.5
147.0
457.5
1522.5
1117.5
1173.0
63.0
1303.5
186.0
420.0
204.0
396.0
942.0
606.0
1465.5
957.0
1341.0
985.5
1239.0
357.0
196.5
1240.5
958.5
1377.0
1474.5
811.5
855.0
739.5
108.0
1248.0
696.0
841.5
1365.0
1045.5
1108.5
298.5
999.0
903.0
777.0
409.5
525.0
694.5
757.5
324.0
324.0
181.5
441.0
276.0
537.0
1423.5
952.5
1177.5
684.0
499.5
976.5
297.0
358.5
993.0
1051.5
1233.0
466.5
832.5
1495.5
757.5
331.5
1405.5
1483.5
922.5
424.5
1120.5
604.5
1402.5
1377.0
931.5
297.0
1249.5
1224.0
1398.0
663.0
879.0
610.5
1075.5
565.5
1173.0
1356.0
922.5
1501.5
555.0
868.5
1147.5
1449.0
418.5
603.0
382.5
594.0
700.5
850.5
978.0
1009.5
1261.5
1425.0
502.5
408.0
1102.5
789.0
1432.5
1204.5
1170.0
364.5
283.5
106.5
1257.0
244.5
730.5
858.0
733.5
1611.0
1350.0
156.0
1617.0
522.0
462.0
1431.0
993.0
183.0
1432.5
1593.0
1221.0
1213.5
711.0
289.5
1258.5
369.0
511.5
256.5
552.0
1038.0
315.0
1270.5
1239.0
954.0
400.5
616.5
157.5
63.0
1543.5
1369.5
472.5
1246.5
1524.0
739.5
1315.5
814.5
1269.0
1354.5
960.0
453.0
478.5
703.5
243.0
499.5
1290.0
1504.5
372.0
1234.5
1347.0
1131.0
315.0
1428.0
726.0
816.0
1216.5
684.0
340.5
369.0
268.5
666.0
303.0
643.5
1014.0
258.0
505.5
1593.0
1152.0
526.5
1339.5
168.0
1299.0
972.0
1312.5
1086.0
313.5
231.0
577.5
1336.5
922.5
1338.0
1438.5
1215.0
346.5
738.0
657.0
268.5
814.5
829.5
276.0
204.0
1138.5
577.5
304.5
621.0
313.5
720.0
100.5
684.0
1164.0
609.0
1170.0
1530.0
1467.0
543.0
586.5
411.0
1119.0
1618.5
1537.5
55.5
1201.5
322.5
804.0
1141.5
1137.0
118.5
1177.5
648.0
369.0
1012.5
721.5
1353.0
330.0
955.5
1717.5
150.0
178.5
301.5
901.5
396.0
276.0
472.5
471.0
597.0
757.5
1281.0
217.5
574.5
1147.5
187.5
753.0
1135.5
1560.0
795.0
1366.5
891.0
1222.5
646.5
1363.5
739.5
1206.0
564.0
289.5
802.5
1681.5
625.5
346.5
1179.0
1147.5
547.5
471.0
388.5
298.5
460.5
1405.5
1482.0
1012.5
675.0
144.0
793.5
90.0
630.0
403.5
771.0
1192.5
589.5
303.0
1252.5
1113.0
753.0
1059.0
862.5
150.0
1279.5
304.5
889.5
988.5
1212.0
1120.5
556.5
1305.0
700.5
363.0
400.5
967.5
675.0
610.5
99.0
1351.5
649.5
1189.5
1458.0
994.5
535.5
583.5
312.0
1017.0
750.0
1422.0
462.0
1530.0
1155.0
255.0
1092.0
363.0
262.5
495.0
342.0
1668.0
1266.0
1204.5
433.5
1380.0
1771.5
349.5
277.5
643.5
627.0
199.5
1267.5
993.0
1306.5
129.0
969.0
504.0
739.5
1630.5
1123.5
1222.5
1018.5
127.5
364.5
508.5
189.0
598.5
1366.5
1243.5
1071.0
496.5
1536.0
1159.5
150.0
943.5
1164.0
319.5
1335.0
441.0
870.0
322.5
133.5
1512.0
558.0
483.0
729.0
690.0
723.0
798.0
1602.0
1113.0
774.0
1423.5
1560.0
1344.0
97.5
186.0
1009.5
969.0
531.0
828.0
916.5
618.0
1611.0
852.0
1288.5
537.0
1254.0
762.0
786.0
1465.5
415.5
321.0
792.0
585.0
1026.0
1348.5
843.0
1269.0
595.5
648.0
408.0
1257.0
219.0
214.5
658.5
1663.5
1066.5
1198.5
147.0
1524.0
966.0
273.0
1210.5
1656.0
1225.5
1456.5
321.0
1435.5
1515.0
1425.0
808.5
720.0
844.5
1056.0
597.0
468.0
244.5
348.0
577.5
403.5
541.5
1552.5
1348.5
1357.5
1188.0
1308.0
547.5
720.0
1218.0
172.5
1440.0
1251.0
255.0
1081.5
96.0
1459.5
534.0
880.5
802.5
1039.5
627.0
1087.5
306.0
631.5
61.5
820.5
247.5
255.0
663.0
486.0
588.0
1113.0
298.5
963.0
1302.0
1209.0
975.0
1293.0
1066.5
1530.0
1573.5
1189.5
1246.5
1108.5
1218.0
580.5
880.5
807.0
933.0
447.0
489.0
1498.5
328.5
1066.5
1234.5
628.5
715.5
1678.5
1027.5
564.0
1138.5
1086.0
1293.0
1294.5
1222.5
1065.0
1111.5
432.0
894.0
658.5
568.5
1170.0
1066.5
727.5
1720.5
907.5
1147.5
762.0
814.5
1614.0
1426.5
1123.5
1356.0
825.0
633.0
810.0
390.0
1065.0
1159.5
789.0
997.5
882.0
486.0
1345.5
1407.0
498.0
342.0
1131.0
586.5
963.0
591.0
892.5
1626.0
367.5
1285.5
246.0
348.0
364.5
832.5
202.5
439.5
619.5
400.5
1078.5
561.0
262.5
340.5
972.0
259.5
1381.5
1216.5
447.0
420.0
1456.5
1212.0
1192.5
219.0
502.5
859.5
1144.5
1665.0
702.0
271.5
1065.0
1101.0
886.5
447.0
744.0
781.5
1285.5
1575.0
1008.0
1267.5
1354.5
246.0
735.0
286.5
600.0
1561.5
405.0
1449.0
561.0
304.5
949.5
604.5
1209.0
1419.0
660.0
1500.0
1447.5
787.5
370.5
1461.0
831.0
1173.0
1026.0
1354.5
1179.0
180.0
589.5
468.0
1114.5
280.5
58.5
378.0
522.0
658.5
1057.5
633.0
114.0
1251.0
808.5
940.5
1530.0
1468.5
883.5
1569.0
1614.0
172.5
1146.0
790.5
493.5
1717.5
1147.5
765.0
273.0
297.0
1491.0
1269.0
1012.5
888.0
271.5
348.0
588.0
417.0
421.5
1089.0
411.0
651.0
712.5
1153.5
274.5
451.5
540.0
795.0
231.0
585.0
852.0
315.0
847.5
586.5
1624.5
1018.5
969.0
457.5
639.0
736.5
1530.0
1590.0
606.0
1056.0
1255.5
501.0
403.5
1485.0
399.0
108.0
1113.0
1480.5
591.0
1291.5
358.5
478.5
970.5
1009.5
1104.0
276.0
679.5
120.0
681.0
1047.0
252.0
954.0
348.0
966.0
766.5
1182.0
745.5
793.5
1464.0
670.5
1074.0
711.0
477.0
226.5
310.5
301.5
1011.0
559.5
1354.5
594.0
1140.0
1341.0
763.5
771.0
447.0
67.5
16.5
1281.0
129.0
388.5
495.0
747.0
1527.0
1227.0
1471.5
1230.0
996.0
184.5
640.5
243.0
354.0
474.0
217.5
37.5
552.0
910.5
1309.5
780.0
1234.5
1560.0
1218.0
1038.0
238.5
712.5
954.0
1162.5
826.5
180.0
495.0
1198.5
955.5
726.0
693.0
1483.5
1392.0
820.5
1083.0
1233.0
936.0
265.5
1077.0
742.5
213.0
334.5
885.0
679.5
627.0
579.0
313.5
882.0
144.0
1408.5
1372.5
205.5
852.0
253.5
1227.0
771.0
345.0
684.0
1446.0
541.5
484.5
735.0
307.5
394.5
202.5
372.0
684.0
433.5
547.5
1150.5
933.0
1078.5
1158.0
1558.5
745.5
390.0
529.5
435.0
621.0
1329.0
1710.0
1248.0
1395.0
1324.5
1576.5
360.0
1182.0
781.5
1294.5
808.5
312.0
223.5
1233.0
1228.5
1021.5
238.5
250.5
564.0
99.0
619.5
1033.5
553.5
280.5
901.5
424.5
1165.5
784.5
582.0
411.0
1369.5
459.0
573.0
1282.5
1270.5
450.0
1228.5
676.5
529.5
1107.0
442.5
288.0
390.0
1606.5
429.0
667.5
1429.5
534.0
297.0
1168.5
466.5
387.0
748.5
915.0
969.0
750.0
1443.0
1585.5
558.0
897.0
1494.0
559.5
1081.5
787.5
250.5
745.5
547.5
528.0
1141.5
591.0
1467.0
1141.5
1548.0
753.0
1087.5
835.5
1293.0
1494.0
1434.0
654.0
447.0
166.5
1254.0
489.0
222.0
1278.0
1611.0
493.5
1129.5
889.5
402.0
1786.5
511.5
433.5
1296.0
1332.0
1339.5
816.0
1488.0
1336.5
1023.0
520.5
828.0
781.5
651.0
1068.0
1534.5
1720.5
762.0
420.0
652.5
663.0
339.0
414.0
465.0
987.0
667.5
1579.5
1669.5
1246.5
672.0
897.0
1323.0
757.5
742.5
753.0
304.5
931.5
1084.5
657.0
1188.0
1444.5
1177.5
502.5
109.5
477.0
162.0
907.5
771.0
1179.0
1423.5
891.0
99.0
457.5
1050.0
714.0
1531.5
486.0
801.0
637.5
288.0
385.5
559.5
403.5
1449.0
1045.5
1569.0
880.5
1150.5
262.5
312.0
306.0
540.0
1230.0
1428.0
516.0
1404.0
1086.0
954.0
1110.0
733.5
303.0
874.5
982.5
130.5
1038.0
1516.5
1374.0
417.0
706.5
859.5
787.5
1464.0
1483.5
1027.5
1279.5
745.5
459.0
846.0
1011.0
733.5
1137.0
1225.5
826.5
265.5
831.0
651.0
997.5
177.0
1281.0
1378.5
910.5
232.5
261.0
64.5
180.0
1633.5
1224.0
294.0
1098.0
1017.0
1144.5
784.5
604.5
1225.5
696.0
1180.5
1347.0
733.5
916.5
1174.5
370.5
672.0
462.0
690.0
711.0
999.0
870.0
1483.5
433.5
225.0
274.5
1426.5
370.5
343.5
211.5
115.5
961.5
1266.0
1122.0
549.0
1333.5
385.5
1425.0
340.5
526.5
1182.0
742.5
399.0
472.5
720.0
594.0
682.5
1468.5
1641.0
804.0
769.5
1474.5
1725.0
1464.0
1038.0
144.0
918.0
597.0
1347.0
636.0
1063.5
1624.5
1404.0
1333.5
1213.5
405.0
1152.0
897.0
1027.5
1011.0
786.0
123.0
1458.0
396.0
675.0
703.5
502.5
726.0
1122.0
523.5
174.0
301.5
381.0
421.5
1212.0
756.0
1516.5
213.0
1147.5
225.0
1321.5
687.0
838.5
487.5
1462.5
810.0
796.5
360.0
508.5
1068.0
528.0
1384.5
366.0
792.0
772.5
1317.0
1087.5
1083.0
745.5
1155.0
234.0
999.0
886.5
1408.5
561.0
715.5
562.5
1215.0
246.0
478.5
1285.5
207.0
616.5
946.5
951.0
891.0
999.0
922.5
1086.0
315.0
250.5
522.0
229.5
858.0
492.0
207.0
1296.0
481.5
1216.5
1069.5
498.0
195.0
745.5
594.0
156.0
1791.0
1606.5
589.5
589.5
697.5
36.0
717.0
1614.0
675.0
1204.5
541.5
112.5
444.0
261.0
1261.5
546.0
1393.5
652.5
1474.5
1048.5
963.0
1272.0
1723.5
895.5
763.5
1470.0
1156.5
135.0
1606.5
1378.5
25.5
930.0
250.5
499.5
1320.0
357.0
748.5
1044.0
375.0
1288.5
586.5
715.5
478.5
562.5
387.0
1033.5
921.0
670.5
1281.0
295.5
1009.5
661.5
192.0
667.5
1369.5
36.0
669.0
265.5
382.5
985.5
622.5
643.5
1015.5
933.0
1276.5
1483.5
1485.0
1030.5
342.0
703.5
654.0
1350.0
1125.0
135.0
556.5
94.5
792.0
1183.5
9.0
399.0
82.5
492.0
727.5
1077.0
324.0
417.0
535.5
120.0
819.0
352.5
307.5
249.0
1270.5
358.5
1284.0
1380.0
1563.0
378.0
238.5
1455.0
172.5
1284.0
1197.0
315.0
1276.5
226.5
175.5
415.5
261.0
571.5
1089.0
1408.5
564.0
286.5
207.0
1069.5
988.5
1506.0
636.0
1258.5
328.5
429.0
1020.0
997.5
1233.0
406.5
468.0
658.5
879.0
885.0
426.0
216.0
561.0
174.0
705.0
618.0
1534.5
1284.0
904.5
1650.0
126.0
630.0
834.0
1387.5
1242.0
403.5
459.0
1122.0
1383.0
387.0
582.0
1464.0
387.0
1347.0
726.0
897.0
1368.0
1669.5
1605.0
654.0
804.0
456.0
928.5
841.5
481.5
1246.5
306.0
589.5
648.0
1372.5
541.5
418.5
858.0
888.0
424.5
196.5
1006.5
1102.5
1669.5
348.0
243.0
730.5
1159.5
1063.5
1299.0
507.0
480.0
402.0
1107.0
1182.0
447.0
1177.5
576.0
1002.0
556.5
877.5
1315.5
1543.5
714.0
870.0
694.5
1062.0
633.0
1468.5
759.0
403.5
262.5
1237.5
1521.0
913.5
1236.0
655.5
1525.5
463.5
1191.0
303.0
409.5
1279.5
309.0
1149.0
1378.5
240.0
361.5
495.0
195.0
1038.0
445.5
259.5
781.5
1410.0
354.0
1341.0
654.0
751.5
376.5
472.5
376.5
697.5
661.5
60.0
679.5
1305.0
502.5
384.0
901.5
1119.0
517.5
1531.5
1375.5
1129.5
1375.5
324.0
607.5
478.5
1116.0
1161.0
103.5
1000.5
265.5
390.0
760.5
972.0
963.0
295.5
297.0
649.5
261.0
114.0
336.0
1083.0
955.5
1569.0
1563.0
1513.5
1458.0
183.0
1347.0
1093.5
811.5
798.0
1020.0
1657.5
127.5
685.5
1458.0
1479.0
9.0
345.0
1063.5
742.5
1482.0
1212.0
585.0
328.5
1242.0
1156.5
849.0
466.5
268.5
1074.0
1197.0
912.0
972.0
310.5
691.5
1294.5
1147.5
739.5
322.5
829.5
804.0
229.5
793.5
442.5
1255.5
1704.0
417.0
946.5
1077.0
1144.5
1386.0
1638.0
1138.5
412.5
1389.0
1197.0
981.0
90.0
157.5
267.0
963.0
1140.0
657.0
615.0
519.0
420.0
898.5
1191.0
616.5
790.5
252.0
1255.5
1464.0
882.0
405.0
657.0
691.5
939.0
1233.0
1057.5
304.5
666.0
858.0
187.5
1083.0
976.5
394.5
1099.5
330.0
670.5
838.5
744.0
477.0
1002.0
489.0
1516.5
1246.5
919.5
837.0
1284.0
1461.0
544.5
822.0
1150.5
1180.5
303.0
985.5
945.0
772.5
1170.0
1266.0
796.5
888.0
120.0
223.5
136.5
906.0
148.5
363.0
517.5
1786.5
505.5
349.5
1374.0
807.0
1219.5
1540.5
1204.5
873.0
193.5
1210.5
1500.0
1626.0
1275.0
919.5
1117.5
951.0
496.5
801.0
228.0
801.0
1330.5
613.5
720.0
1207.5
1131.0
333.0
1672.5
259.5
910.5
751.5
1569.0
748.5
585.0
1362.0
1530.0
679.5
490.5
172.5
412.5
169.5
1407.0
921.0
900.0
196.5
1275.0
601.5
1500.0
564.0
280.5
343.5
727.5
1351.5
805.5
1095.0
616.5
342.0
1077.0
483.0
988.5
342.0
946.5
1339.5
1155.0
1294.5
1426.5
450.0
1048.5
1299.0
948.0
1008.0
964.5
522.0
636.0
991.5
1276.5
589.5
1597.5
582.0
1399.5
1444.5
1464.0
1293.0
888.0
979.5
1278.0
879.0
364.5
298.5
1557.0
229.5
1060.5
501.0
715.5
210.0
318.0
582.0
1456.5
352.5
907.5
751.5
1161.0
1596.0
1578.0
826.5
892.5
717.0
862.5
1068.0
1518.0
1179.0
1471.5
171.0
448.5
502.5
1360.5
1587.0
1378.5
832.5
769.5
405.0
1200.0
636.0
727.5
256.5
318.0
538.5
1221.0
1249.5
984.0
1564.5
429.0
1066.5
238.5
1692.0
1299.0
1045.5
516.0
159.0
1786.5
355.5
1006.5
1594.5
1369.5
1381.5
1392.0
957.0
489.0
100.5
933.0
259.5
553.5
1344.0
1021.5
1482.0
657.0
1567.5
1089.0
214.5
1107.0
1339.5
1099.5
571.5
1546.5
322.5
553.5
987.0
724.5
678.0
738.0
429.0
606.0
372.0
516.0
351.0
1149.0
1276.5
1360.5
1116.0
664.5
946.5
879.0
925.5
699.0
795.0
1299.0
1326.0
316.5
412.5
984.0
1360.5
478.5
615.0
357.0
1260.0
1503.0
762.0
667.5
1621.5
1176.0
375.0
664.5
984.0
1057.5
618.0
205.5
1131.0
1161.0
646.5
525.0
1455.0
486.0
522.0
213.0
307.5
667.5
1374.0
102.0
1207.5
693.0
82.5
829.5
1300.5
1624.5
513.0
912.0
822.0
789.0
285.0
892.5
642.0
751.5
288.0
253.5
766.5
442.5
705.0
1002.0
1416.0
1282.5
1092.0
1189.5
267.0
1654.5
1515.0
963.0
984.0
369.0
744.0
1396.5
730.5
535.5
825.0
1102.5
1246.5
1108.5
1624.5
1305.0
126.0
1489.5
774.0
840.0
1387.5
1824.0
717.0
648.0
336.0
870.0
468.0
1558.5
1062.0
502.5
1258.5
1108.5
1542.0
415.5
1182.0
1056.0
903.0
852.0
943.5
1200.0
1486.5
1014.0
882.0
450.0
547.5
1231.5
693.0
717.0
178.5
781.5
867.0
373.5
124.5
510.0
955.5
417.0
1567.5
385.5
1140.0
94.5
1701.0
978.0
1632.0
397.5
291.0
1110.0
361.5
225.0
130.5
442.5
177.0
747.0
1029.0
1008.0
522.0
1405.5
1093.5
751.5
817.5
1176.0
1356.0
531.0
354.0
499.5
751.5
147.0
213.0
904.5
1120.5
273.0
217.5
171.0
1287.0
1617.0
654.0
438.0
1528.5
370.5
67.5
1068.0
1452.0
1234.5
283.5
1510.5
1063.5
313.5
1341.0
1110.0
420.0
684.0
295.5
526.5
1486.5
966.0
724.5
306.0
93.0
1044.0
649.5
1015.5
400.5
667.5
1053.0
1327.5
768.0
1240.5
1086.0
777.0
702.0
960.0
448.5
397.5
252.0
1480.5
117.0
928.5
547.5
1134.0
531.0
202.5
162.0
885.0
1053.0
285.0
613.5
1290.0
889.5
489.0
1155.0
1195.5
1503.0
849.0
447.0
889.5
690.0
1360.5
1104.0
366.0
412.5
171.0
316.5
1063.5
160.5
183.0
1056.0
583.5
609.0
997.5
868.5
1534.5
255.0
306.0
1746.0
1149.0
574.5
1228.5
900.0
1084.5
969.0
888.0
1296.0
742.5
1324.5
867.0
795.0
75.0
1570.5
1477.5
483.0
114.0
748.5
159.0
324.0
876.0
186.0
253.5
1018.5
1101.0
1360.5
1663.5
477.0
732.0
1468.5
511.5
483.0
1176.0
1428.0
1690.5
250.5
333.0
1033.5
231.0
1467.0
1029.0
1668.0
363.0
1698.0
319.5
1455.0
643.5
259.5
1294.5
1437.0
454.5
607.5
480.0
603.0
802.5
1779.0
775.5
819.0
379.5
570.0
706.5
682.5
1221.0
1578.0
612.0
978.0
673.5
970.5
189.0
1131.0
772.5
595.5
586.5
889.5
1549.5
939.0
1422.0
1384.5
1344.0
493.5
91.5
231.0
852.0
465.0
544.5
640.5
1003.5
537.0
618.0
508.5
426.0
415.5
366.0
708.0
189.0
573.0
862.5
1234.5
375.0
394.5
442.5
1065.0
1302.0
592.5
423.0
235.5
894.0
360.0
778.5
1090.5
1438.5
264.0
730.5
1191.0
732.0
1270.5
1209.0
417.0
319.5
585.0
180.0
496.5
589.5
535.5
750.0
1681.5
939.0
474.0
421.5
192.0
138.0
285.0
969.0
517.5
1068.0
1555.5
39.0
400.5
1557.0
591.0
186.0
205.5
1569.0
1288.5
1126.5
477.0
550.5
1120.5
262.5
573.0
384.0
751.5
772.5
1491.0
1066.5
1231.5
547.5
1317.0
252.0
322.5
306.0
876.0
412.5
1054.5
1492.5
1272.0
516.0
838.5
193.5
1389.0
1717.5
1789.5
1462.5
775.5
781.5
525.0
804.0
1356.0
745.5
1470.0
685.5
622.5
1023.0
682.5
367.5
802.5
771.0
171.0
423.0
1132.5
646.5
676.5
1111.5
1245.0
1521.0
702.0
520.5
406.5
1269.0
790.5
210.0
832.5
1480.5
442.5
520.5
652.5
948.0
550.5
1491.0
582.0
985.5
1146.0
190.5
301.5
483.0
1402.5
565.5
574.5
1174.5
939.0
1170.0
96.0
717.0
1012.5
163.5
678.0
307.5
1366.5
1582.5
1713.0
201.0
892.5
1326.0
1525.5
1200.0
360.0
786.0
325.5
187.5
435.0
1324.5
1266.0
1494.0
987.0
429.0
817.5
1650.0
528.0
1003.5
1288.5
847.5
1369.5
1443.0
684.0
312.0
802.5
514.5
1686.0
682.5
1134.0
534.0
955.5
634.5
1335.0
1072.5
288.0
1654.5
1408.5
769.5
1035.0
1368.0
331.5
939.0
781.5
235.5
907.5
1321.5
1189.5
849.0
783.0
1078.5
1621.5
622.5
1239.0
882.0
402.0
159.0
603.0
1246.5
579.0
1548.0
705.0
121.5
1513.5
1270.5
1246.5
180.0
1458.0
1752.0
945.0
451.5
247.5
196.5
385.5
82.5
82.5
835.5
220.5
586.5
462.0
516.0
1045.5
1144.5
535.5
372.0
1675.5
1461.0
979.5
612.0
1255.5
1035.0
1069.5
378.0
435.0
348.0
1284.0
1386.0
499.5
1455.0
1587.0
670.5
1473.0
874.5
1480.5
186.0
82.5
276.0
451.5
795.0
736.5
256.5
393.0
454.5
756.0
987.0
1200.0
1632.0
261.0
97.5
838.5
366.0
424.5
1455.0
1318.5
940.5
1077.0
409.5
1644.0
1206.0
78.0
916.5
1453.5
460.5
657.0
1146.0
1092.0
1420.5
1542.0
900.0
351.0
118.5
1297.5
159.0
159.0
922.5
1347.0
996.0
1113.0
1065.0
924.0
1266.0
697.5
1702.5
706.5
765.0
796.5
1371.0
1305.0
1099.5
1123.5
331.5
441.0
58.5
1080.0
892.5
478.5
1228.5
1174.5
259.5
1411.5
934.5
235.5
399.0
472.5
1204.5
1072.5
729.0
250.5
1395.0
715.5
892.5
1206.0
1287.0
156.0
675.0
1215.0
985.5
285.0
1453.5
1074.0
1317.0
1554.0
1290.0
922.5
846.0
537.0
397.5
259.5
490.5
1396.5
1036.5
159.0
462.0
538.5
558.0
705.0
258.0
291.0
793.5
1309.5
1005.0
442.5
388.5
313.5
379.5
1066.5
408.0
708.0
945.0
1192.5
1474.5
507.0
355.5
439.5
519.0
70.5
438.0
1609.5
1263.0
298.5
487.5
939.0
1053.0
1411.5
981.0
504.0
1474.5
721.5
1015.5
840.0
499.5
181.5
429.0
594.0
913.5
1305.0
966.0
894.0
856.5
1170.0
591.0
624.0
948.0
508.5
1009.5
1311.0
1264.5
420.0
871.5
669.0
417.0
1443.0
705.0
433.5
379.5
243.0
1462.5
1485.0
1054.5
505.5
369.0
750.0
507.0
388.5
1185.0
811.5
1359.0
499.5
1225.5
379.5
699.0
801.0
1027.5
642.0
633.0
469.5
943.5
612.0
324.0
423.0
1119.0
793.5
985.5
939.0
970.5
324.0
1249.5
279.0
1455.0
1095.0
456.0
823.5
288.0
225.0
1395.0
487.5
282.0
628.5
433.5
277.5
985.5
925.5
1083.0
334.5
1042.5
1150.5
1390.5
1479.0
1188.0
1438.5
760.5
603.0
1540.5
871.5
1105.5
210.0
396.0
907.5
612.0
1740.0
1636.5
961.5
1009.5
1363.5
412.5
634.5
373.5
474.0
756.0
1411.5
561.0
1041.0
1437.0
1546.5
690.0
420.0
655.5
1255.5
702.0
1200.0
942.0
670.5
1629.0
508.5
505.5
1711.5
1171.5
1435.5
360.0
772.5
997.5
1260.0
1296.0
1200.0
346.5
567.0
156.0
1041.0
1197.0
1005.0
1128.0
288.0
382.5
639.0
1170.0
490.5
120.0
501.0
1183.5
978.0
712.5
1000.5
1243.5
688.5
1086.0
385.5
949.5
1321.5
1054.5
672.0
1206.0
1326.0
1122.0
1371.0
1477.5
172.5
927.0
1134.0
1327.5
1273.5
1326.0
1599.0
1296.0
756.0
1132.5
394.5
1548.0
636.0
742.5
1152.0
606.0
201.0
1147.5
471.0
487.5
1506.0
319.5
331.5
1258.5
619.5
253.5
1342.5
339.0
1383.0
1107.0
139.5
621.0
426.0
345.0
558.0
166.5
492.0
945.0
1045.5
298.5
1228.5
1594.5
367.5
1339.5
1113.0
760.5
604.5
633.0
727.5
850.5
555.0
715.5
492.0
1491.0
978.0
1402.5
511.5
1554.0
760.5
1519.5
163.5
867.0
730.5
1219.5
765.0
235.5
1057.5
1111.5
298.5
1299.0
1204.5
1293.0
1167.0
1363.5
208.5
552.0
618.0
1107.0
1444.5
1329.0
973.5
528.0
1111.5
1378.5
642.0
282.0
574.5
1194.0
1063.5
634.5
1059.0
942.0
415.5
829.5
628.5
828.0
793.5
316.5
660.0
207.0
1533.0
531.0
586.5
933.0
976.5
825.0
1380.0
538.5
888.0
439.5
1249.5
588.0
775.5
268.5
745.5
154.5
802.5
208.5
996.0
1066.5
277.5
960.0
436.5
408.0
337.5
478.5
1177.5
436.5
834.0
376.5
1284.0
633.0
1059.0
1020.0
49.5
541.5
87.0
162.0
1096.5
750.0
1612.5
1218.0
246.0
610.5
402.0
885.0
1056.0
688.5
577.5
387.0
514.5
720.0
727.5
1488.0
1243.5
354.0
237.0
660.0
25.5
163.5
976.5
54.0
750.0
337.5
432.0
729.0
1032.0
1519.5
1440.0
528.0
1696.5
1297.5
1009.5
1411.5
970.5
1327.5
1542.0
502.5
786.0
532.5
832.5
1479.0
1210.5
579.0
954.0
747.0
1228.5
1231.5
669.0
526.5
1210.5
258.0
258.0
435.0
856.5
697.5
1204.5
547.5
1371.0
367.5
1411.5
489.0
669.0
489.0
1197.0
733.5
517.5
1608.0
346.5
174.0
939.0
642.0
1288.5
1240.5
369.0
1557.0
597.0
754.5
1168.5
870.0
969.0
430.5
295.5
591.0
1165.5
880.5
780.0
772.5
1120.5
265.5
601.5
739.5
369.0
1030.5
1146.0
1372.5
51.0
349.5
405.0
75.0
310.5
585.0
343.5
867.0
771.0
646.5
691.5
1443.0
1570.5
1041.0
669.0
595.5
693.0
990.0
1084.5
726.0
1248.0
690.0
96.0
774.0
372.0
1221.0
813.0
1056.0
1669.5
525.0
781.5
789.0
241.5
1393.5
811.5
693.0
1119.0
369.0
441.0
517.5
330.0
847.5
310.5
774.0
801.0
346.5
1417.5
1663.5
417.0
1501.5
282.0
745.5
297.0
633.0
1644.0
420.0
940.5
1555.5
1060.5
595.5
264.0
943.5
1009.5
1263.0
1215.0
264.0
1131.0
342.0
270.0
481.5
832.5
1390.5
1435.5
234.0
478.5
429.0
421.5
1284.0
627.0
466.5
720.0
460.5
1258.5
478.5
744.0
994.5
603.0
1050.0
120.0
1090.5
984.0
826.5
414.0
460.5
612.0
411.0
522.0
1597.5
1642.5
987.0
760.5
796.5
750.0
676.5
1107.0
787.5
1360.5
1590.0
1134.0
1617.0
1678.5
1375.5
1395.0
378.0
108.0
796.5
600.0
1251.0
528.0
502.5
273.0
1012.5
42.0
1218.0
375.0
291.0
1234.5
1012.5
219.0
762.0
504.0
1014.0
1221.0
1570.5
1261.5
550.5
1191.0
478.5
985.5
91.5
1116.0
883.5
442.5
418.5
1380.0
379.5
568.5
1050.0
175.5
252.0
1441.5
1588.5
1084.5
318.0
496.5
430.5
187.5
540.0
526.5
93.0
423.0
265.5
1185.0
733.5
316.5
903.0
541.5
588.0
465.0
1051.5
1119.0
1356.0
912.0
1441.5
429.0
1342.5
523.5
648.0
1407.0
348.0
829.5
1165.5
141.0
1317.0
1504.5
603.0
1540.5
969.0
609.0
190.5
1155.0
726.0
1309.5
1311.0
604.5
1173.0
924.0
721.5
1056.0
1489.5
1188.0
1129.5
684.0
1081.5
1299.0
469.5
1293.0
210.0
1290.0
1429.5
795.0
1030.5
1282.5
1332.0
390.0
198.0
1401.0
1437.0
871.5
796.5
1111.5
492.0
453.0
1177.5
1351.5
543.0
495.0
333.0
360.0
561.0
814.5
594.0
261.0
505.5
1243.5
84.0
736.5
18.0
1225.5
895.5
1342.5
430.5
85.5
30.0
804.0
612.0
922.5
1125.0
483.0
328.5
1242.0
1452.0
429.0
546.0
129.0
1149.0
858.0
1192.5
601.5
1638.0
393.0
577.5
1468.5
261.0
103.5
1434.0
711.0
1485.0
948.0
619.5
712.5
1564.5
1639.5
292.5
420.0
1384.5
1677.0
556.5
1350.0
706.5
832.5
682.5
31.5
523.5
984.0
688.5
1777.5
1461.0
1182.0
1206.0
681.0
783.0
462.0
913.5
1030.5
262.5
1006.5
814.5
1392.0
1365.0
286.5
957.0
1465.5
1036.5
922.5
630.0
1062.0
1248.0
1555.5
1221.0
183.0
396.0
325.5
327.0
1467.0
1017.0
666.0
441.0
162.0
795.0
234.0
220.5
1200.0
883.5
390.0
1278.0
1426.5
1462.5
1044.0
732.0
717.0
1119.0
1200.0
871.5
1038.0
615.0
1048.5
532.5
885.0
1065.0
457.5
1348.5
1098.0
1270.5
633.0
402.0
210.0
1120.5
1090.5
664.5
1114.5
199.5
1168.5
444.0
942.0
336.0
795.0
1102.5
1563.0
981.0
1344.0
1330.5
1557.0
1296.0
1591.5
880.5
681.0
607.5
744.0
106.5
543.0
391.5
1326.0
967.5
1069.5
1135.5
882.0
672.0
1074.0
807.0
406.5
1063.5
757.5
267.0
532.5
223.5
960.0
154.5
592.5
1212.0
214.5
232.5
253.5
885.0
1294.5
393.0
778.5
1003.5
724.5
1147.5
399.0
1239.0
1537.5
739.5
792.0
196.5
1803.0
528.0
1249.5
970.5
1624.5
291.0
733.5
1191.0
241.5
1602.0
1435.5
1116.0
547.5
1528.5
1618.5
991.5
1306.5
1374.0
1218.0
1102.5
1296.0
618.0
1488.0
1321.5
456.0
895.5
1380.0
1264.5
535.5
388.5
468.0
1333.5
265.5
1351.5
1572.0
1171.5
1279.5
327.0
879.0
1686.0
1039.5
324.0
430.5
873.0
736.5
595.5
496.5
1057.5
363.0
967.5
1018.5
864.0
571.5
160.5
304.5
634.5
1500.0
348.0
87.0
573.0
924.0
213.0
559.5
642.0
1041.0
1296.0
78.0
415.5
1675.5
1261.5
1195.5
466.5
1480.5
445.5
1057.5
301.5
571.5
285.0
1348.5
921.0
373.5
777.0
225.0
373.5
798.0
768.0
652.5
1105.5
181.5
312.0
117.0
301.5
342.0
484.5
1315.5
268.5
1102.5
625.5
1705.5
1056.0
465.0
727.5
652.5
109.5
1554.0
817.5
1278.0
67.5
1350.0
456.0
142.5
784.5
1014.0
462.0
928.5
576.0
642.0
1092.0
1114.5
1504.5
1128.0
954.0
1588.5
660.0
625.5
1300.5
744.0
1056.0
738.0
655.5
1474.5
1372.5
445.5
1072.5
1332.0
57.0
648.0
1087.5
1578.0
256.5
265.5
309.0
547.5
283.5
498.0
606.0
559.5
699.0
982.5
1311.0
355.5
853.5
124.5
687.0
787.5
778.5
1146.0
957.0
1000.5
244.5
481.5
867.0
1509.0
1249.5
1149.0
864.0
463.5
501.0
537.0
393.0
457.5
306.0
769.5
1381.5
250.5
1473.0
538.5
175.5
135.0
265.5
1351.5
834.0
1330.5
1545.0
1029.0
909.0
1431.0
420.0
304.5
225.0
235.5
1318.5
484.5
759.0
1486.5
466.5
516.0
993.0
1233.0
1017.0
127.5
778.5
1285.5
1812.0
1483.5
228.0
994.5
520.5
195.0
999.0
970.5
522.0
940.5
1146.0
627.0
468.0
1608.0
1101.0
1284.0
228.0
681.0
243.0
771.0
447.0
579.0
436.5
595.5
883.5
667.5
991.5
1317.0
1737.0
447.0
226.5
204.0
1209.0
1219.5
1339.5
1582.5
1084.5
1141.5
1477.5
1462.5
1380.0
1582.5
151.5
246.0
1444.5
1504.5
1482.0
270.0
459.0
1006.5
643.5
1309.5
739.5
363.0
859.5
1383.0
447.0
1090.5
192.0
451.5
619.5
1068.0
1681.5
1309.5
337.5
138.0
1222.5
1456.5
730.5
1405.5
855.0
400.5
1378.5
510.0
972.0
570.0
432.0
1024.5
606.0
232.5
1201.5
139.5
1317.0
826.5
1438.5
519.0
355.5
846.0
1458.0
1104.0
1390.5
1281.0
522.0
1198.5
201.0
657.0
147.0
190.5
751.5
304.5
300.0
427.5
621.0
672.0
591.0
244.5
445.5
1357.5
307.5
516.0
1461.0
931.5
871.5
352.5
646.5
1258.5
1152.0
162.0
450.0
883.5
756.0
408.0
447.0
339.0
393.0
306.0
1137.0
1525.5
240.0
1543.5
214.5
621.0
1467.0
450.0
300.0
907.5
888.0
1519.5
492.0
301.5
1119.0
73.5
409.5
369.0
1000.5
1537.5
544.5
442.5
1128.0
349.5
393.0
430.5
787.5
1618.5
1258.5
339.0
196.5
148.5
730.5
858.0
768.0
867.0
1518.0
1417.5
630.0
1545.0
298.5
1093.5
393.0
1624.5
1267.5
1416.0
292.5
531.0
1441.5
1056.0
1090.5
1317.0
1309.5
237.0
721.5
555.0
1371.0
1404.0
285.0
591.0
505.5
1342.5
525.0
1158.0
762.0
274.5
423.0
949.5
444.0
387.0
556.5
753.0
1666.5
846.0
469.5
283.5
1075.5
1009.5
1555.5
1026.0
792.0
253.5
928.5
664.5
1135.5
565.5
706.5
996.0
891.0
1635.0
1078.5
981.0
1761.0
540.0
1093.5
1258.5
564.0
1417.5
1144.5
1302.0
576.0
1372.5
549.0
1162.5
538.5
832.5
894.0
1218.0
180.0
1480.5
1179.0
580.5
510.0
205.5
612.0
468.0
615.0
424.5
1195.5
160.5
885.0
592.5
721.5
54.0
640.5
1609.5
903.0
375.0
267.0
264.0
918.0
468.0
73.5
1128.0
1323.0
1357.5
1123.5
1096.5
1153.5
1294.5
268.5
240.0
787.5
685.5
1099.5
745.5
1381.5
1660.5
567.0
477.0
322.5
351.0
448.5
1128.0
1326.0
208.5
478.5
1513.5
748.5
1750.5
1494.0
969.0
1584.0
207.0
984.0
1191.0
1155.0
847.5
706.5
388.5
117.0
361.5
1380.0
993.0
1366.5
1696.5
690.0
378.0
1215.0
1393.5
145.5
1429.5
1500.0
1455.0
1416.0
130.5
532.5
187.5
1027.5
229.5
1036.5
594.0
1452.0
973.5
1333.5
393.0
436.5
394.5
363.0
457.5
1341.0
1416.0
744.0
880.5
1489.5
1192.5
772.5
345.0
765.0
1306.5
846.0
861.0
610.5
715.5
1185.0
717.0
660.0
196.5
1189.5
385.5
1495.5
649.5
181.5
105.0
802.5
1669.5
1006.5
1075.5
1153.5
1179.0
1021.5
1375.5
844.5
1524.0
877.5
1720.5
1284.0
1408.5
552.0
309.0
1321.5
1158.0
777.0
1180.5
294.0
1414.5
990.0
1371.0
1261.5
1515.0
1173.0
480.0
826.5
1063.5
741.0
309.0
223.5
904.5
351.0
634.5
868.5
1344.0
435.0
277.5
870.0
1168.5
1474.5
376.5
898.5
1389.0
1180.5
1404.0
1152.0
712.5
756.0
796.5
130.5
591.0
852.0
220.5
961.5
933.0
393.0
520.5
402.0
1002.0
1761.0
1527.0
348.0
865.5
1273.5
1212.0
1386.0
906.0
945.0
405.0
1299.0
1666.5
1128.0
1113.0
1306.5
781.5
111.0
1596.0
1347.0
1236.0
1111.5
412.5
900.0
1281.0
1353.0
1152.0
553.5
1350.0
964.5
601.5
1144.5
295.5
889.5
1162.5
1239.0
1027.5
1270.5
1785.0
1170.0
1491.0
531.0
259.5
268.5
1317.0
1306.5
1012.5
796.5
1629.0
676.5
1045.5
270.0
514.5
1174.5
1395.0
639.0
1183.5
1395.0
1588.5
618.0
1311.0
936.0
1098.0
1228.5
843.0
661.5
123.0
1450.5
651.0
1452.0
375.0
171.0
844.5
546.0
300.0
516.0
870.0
567.0
1435.5
337.5
700.5
681.0
249.0
342.0
1224.0
1065.0
1366.5
286.5
1357.5
970.5
969.0
172.5
537.0
396.0
1170.0
999.0
346.5
333.0
1221.0
786.0
1161.0
1545.0
1711.5
1426.5
1590.0
594.0
432.0
195.0
195.0
1341.0
898.5
663.0
1698.0
352.5
652.5
1243.5
907.5
228.0
234.0
412.5
427.5
456.0
391.5
703.5
795.0
364.5
736.5
661.5
921.0
325.5
310.5
1405.5
562.5
439.5
457.5
564.0
568.5
1315.5
690.0
888.0
744.0
1156.5
1023.0
1059.0
415.5
1542.0
1206.0
444.0
1020.0
1320.0
1197.0
957.0
283.5
985.5
375.0
1413.0
309.0
420.0
1384.5
1062.0
85.5
1624.5
1165.5
280.5
267.0
963.0
717.0
204.0
1117.5
673.5
1266.0
1531.5
171.0
282.0
1030.5
1602.0
1396.5
535.5
507.0
348.0
693.0
1462.5
1015.5
1554.0
459.0
1371.0
444.0
1035.0
235.5
1417.5
1402.5
1546.5
495.0
1060.5
1302.0
1308.0
1657.5
1083.0
1038.0
1093.5
492.0
673.5
1458.0
268.5
1461.0
864.0
1372.5
1191.0
990.0
1288.5
1066.5
1453.5
184.5
1300.5
1168.5
1156.5
427.5
1209.0
493.5
300.0
57.0
381.0
228.0
169.5
432.0
1015.5
312.0
412.5
738.0
583.5
1377.0
478.5
1014.0
654.0
127.5
358.5
541.5
463.5
450.0
172.5
297.0
1338.0
1398.0
154.5
1380.0
811.5
573.0
664.5
108.0
279.0
427.5
630.0
1138.5
1165.5
672.0
1167.0
1038.0
1542.0
1396.5
1383.0
757.5
589.5
493.5
357.0
291.0
150.0
466.5
754.5
730.5
438.0
495.0
1512.0
538.5
1260.0
1218.0
376.5
496.5
763.5
1657.5
873.0
495.0
997.5
1123.5
627.0
507.0
933.0
691.5
523.5
850.5
390.0
514.5
126.0
927.0
409.5
811.5
816.0
1233.0
1473.0
379.5
526.5
369.0
1141.5
331.5
640.5
786.0
868.5
795.0
1003.5
1242.0
625.5
810.0
594.0
999.0
1432.5
1210.5
654.0
538.5
615.0
597.0
33.0
492.0
979.5
255.0
823.5
210.0
444.0
883.5
1437.0
595.5
1228.5
870.0
1212.0
231.0
195.0
1455.0
918.0
1173.0
964.5
354.0
291.0
1486.5
693.0
1512.0
906.0
936.0
1630.5
1294.5
1212.0
1767.0
972.0
1030.5
370.5
451.5
1000.5
573.0
189.0
487.5
622.5
886.5
228.0
472.5
942.0
550.5
1047.0
558.0
423.0
286.5
1624.5
1636.5
709.5
1537.5
846.0
352.5
700.5
718.5
511.5
1035.0
840.0
501.0
1149.0
927.0
952.5
642.0
304.5
145.5
1270.5
508.5
1410.0
1081.5
1401.0
1395.0
768.0
697.5
577.5
726.0
718.5
621.0
1369.5
747.0
766.5
1378.5
1581.0
1537.5
835.5
142.5
864.0
685.5
352.5
1002.0
1312.5
970.5
544.5
1285.5
775.5
1054.5
1785.0
1776.0
784.5
1098.0
1594.5
1236.0
1507.5
376.5
1116.0
405.0
874.5
1414.5
942.0
832.5
772.5
688.5
867.0
1120.5
424.5
456.0
1417.5
636.0
1780.5
693.0
1020.0
543.0
372.0
856.5
757.5
714.0
687.0
1161.0
394.5
802.5
778.5
1369.5
787.5
211.5
589.5
523.5
916.5
297.0
834.0
231.0
157.5
106.5
222.0
643.5
639.0
1420.5
1800.0
837.0
63.0
232.5
907.5
1242.0
1149.0
1053.0
426.0
1227.0
313.5
447.0
387.0
211.5
474.0
1564.5
1152.0
1279.5
786.0
676.5
748.5
405.0
229.5
340.5
90.0
1287.0
1296.0
1314.0
1344.0
1335.0
492.0
591.0
589.5
255.0
880.5
844.5
132.0
1110.0
1474.5
991.5
631.5
1146.0
22.5
576.0
582.0
1606.5
1579.5
903.0
1383.0
306.0
907.5
516.0
738.0
979.5
1438.5
859.5
517.5
1042.5
459.0
327.0
312.0
660.0
127.5
687.0
316.5
1096.5
1008.0
520.5
601.5
1204.5
835.5
297.0
433.5
948.0
1678.5
612.0
597.0
409.5
1332.0
945.0
1264.5
156.0
603.0
612.0
1086.0
858.0
1624.5
1447.5
1350.0
393.0
1348.5
283.5
1477.5
579.0
1491.0
649.5
1135.5
454.5
463.5
481.5
1063.5
1035.0
1627.5
1195.5
978.0
1015.5
388.5
900.0
1497.0
1404.0
1143.0
1149.0
684.0
1635.0
1165.5
594.0
1272.0
954.0
1531.5
1039.5
1053.0
220.5
627.0
1195.5
1156.5
1404.0
853.5
436.5
1069.5
1039.5
355.5
1258.5
1156.5
1341.0
1390.5
198.0
205.5
130.5
1141.5
774.0
1027.5
1324.5
727.5
1363.5
874.5
1306.5
1302.0
534.0
147.0
217.5
436.5
1444.5
709.5
928.5
1231.5
1663.5
498.0
1132.5
786.0
915.0
1014.0
984.0
1644.0
592.5
1405.5
1158.0
423.0
849.0
324.0
420.0
1548.0
1087.5
1140.0
943.5
742.5
1240.5
547.5
1225.5
1536.0
690.0
249.0
688.5
30.0
597.0
367.5
1276.5
870.0
1065.0
1291.5
481.5
1242.0
1041.0
558.0
1080.0
439.5
1612.5
1455.0
1026.0
1363.5
661.5
1020.0
277.5
670.5
1009.5
1716.0
1503.0
1233.0
852.0
861.0
909.0
636.0
981.0
976.5
738.0
1330.5
915.0
760.5
157.5
1177.5
531.0
186.0
1476.0
1021.5
1552.5
340.5
99.0
1146.0
1455.0
1477.5
1294.5
358.5
1110.0
769.5
1204.5
1191.0
1402.5
1026.0
1173.0
1420.5
268.5
1573.5
1672.5
1278.0
222.0
445.5
733.5
796.5
1198.5
1128.0
85.5
748.5
1473.0
1474.5
939.0
640.5
439.5
1320.0
744.0
1063.5
1005.0
499.5
141.0
636.0
399.0
1593.0
1369.5
822.0
840.0
1300.5
477.0
84.0
862.5
1114.5
720.0
513.0
90.0
349.5
694.5
762.0
1590.0
388.5
552.0
1075.5
49.5
280.5
333.0
954.0
1161.0
685.5
1359.0
832.5
1186.5
409.5
372.0
387.0
1180.5
919.5
816.0
507.0
882.0
280.5
1600.5
1254.0
57.0
432.0
1146.0
1278.0
637.5
457.5
1771.5
274.5
1435.5
462.0
171.0
367.5
973.5
769.5
325.5
331.5
1669.5
816.0
918.0
291.0
328.5
1297.5
1836.0
1761.0
607.5
627.0
955.5
592.5
964.5
264.0
957.0
1009.5
1585.5
949.5
1588.5
936.0
198.0
135.0
436.5
382.5
582.0
1143.0
288.0
958.5
907.5
709.5
463.5
348.0
949.5
399.0
795.0
927.0
1147.5
1581.0
925.5
1212.0
598.5
867.0
984.0
832.5
351.0
745.5
285.0
1618.5
1335.0
1431.0
516.0
684.0
1633.5
744.0
1414.5
355.5
1213.5
637.5
1189.5
255.0
1383.0
1450.5
913.5
1021.5
409.5
1209.0
364.5
355.5
1099.5
751.5
631.5
1266.0
1554.0
1122.0
916.5
741.0
1021.5
348.0
1363.5
552.0
811.5
145.5
541.5
513.0
121.5
666.0
1324.5
204.0
342.0
637.5
255.0
439.5
1530.0
1213.5
286.5
1548.0
790.5
87.0
577.5
979.5
645.0
799.5
1146.0
804.0
742.5
