75.0
36.0
69.0
69.0
10.5
166.5
15.0
75.0
163.5
151.5
118.5
186.0
97.5
153.0
54.0
99.0
57.0
168.0
115.5
112.5
124.5
78.0
135.0
25.5
318.0
66.0
49.5
75.0
36.0
43.5
46.5
9.0
64.5
126.0
40.5
270.0
75.0
51.0
135.0
112.5
85.5
43.5
27.0
115.5
9.0
225.0
217.5
27.0
94.5
76.5
70.5
282.0
120.0
129.0
49.5
69.0
144.0
72.0
106.5
79.5
93.0
33.0
81.0
84.0
121.5
69.0
135.0
154.5
121.5
132.0
106.5
66.0
153.0
63.0
154.5
129.0
79.5
54.0
130.5
108.0
85.5
64.5
117.0
63.0
159.0
178.5
21.0
96.0
28.5
133.5
40.5
55.5
24.0
52.5
48.0
31.5
39.0
112.5
34.5
127.5
61.5
57.0
141.0
133.5
39.0
145.5
91.5
112.5
57.0
76.5
168.0
79.5
90.0
60.0
40.5
73.5
69.0
42.0
103.5
42.0
18.0
22.5
69.0
102.0
190.5
78.0
28.5
61.5
228.0
214.5
79.5
100.5
240.0
180.0
24.0
49.5
177.0
90.0
150.0
165.0
180.0
81.0
15.0
165.0
52.5
213.0
94.5
105.0
94.5
78.0
48.0
82.5
111.0
184.5
97.5
120.0
66.0
12.0
97.5
148.5
121.5
184.5
22.5
76.5
39.0
109.5
139.5
15.0
76.5
136.5
40.5
60.0
3.0
6.0
238.5
138.0
39.0
75.0
52.5
112.5
97.5
24.0
208.5
28.5
49.5
93.0
75.0
91.5
43.5
37.5
87.0
64.5
49.5
159.0
274.5
93.0
144.0
55.5
85.5
121.5
58.5
69.0
66.0
117.0
135.0
123.0
45.0
168.0
42.0
147.0
153.0
120.0
40.5
147.0
25.5
180.0
16.5
72.0
81.0
28.5
145.5
90.0
105.0
96.0
130.5
85.5
60.0
49.5
114.0
61.5
85.5
69.0
64.5
96.0
33.0
19.5
114.0
84.0
171.0
30.0
112.5
27.0
49.5
19.5
33.0
138.0
174.0
73.5
66.0
121.5
108.0
57.0
51.0
36.0
121.5
279.0
124.5
93.0
81.0
115.5
234.0
145.5
76.5
90.0
52.5
61.5
85.5
105.0
66.0
43.5
13.5
42.0
18.0
97.5
73.5
118.5
48.0
166.5
46.5
64.5
49.5
124.5
66.0
240.0
96.0
21.0
40.5
28.5
55.5
45.0
85.5
70.5
79.5
102.0
111.0
103.5
189.0
142.5
36.0
73.5
48.0
291.0
25.5
126.0
115.5
142.5
222.0
51.0
109.5
70.5
193.5
133.5
58.5
34.5
129.0
61.5
123.0
273.0
129.0
147.0
100.5
87.0
55.5
60.0
97.5
13.5
76.5
111.0
67.5
85.5
28.5
40.5
64.5
61.5
220.5
34.5
120.0
39.0
24.0
75.0
172.5
96.0
49.5
63.0
112.5
58.5
51.0
87.0
19.5
151.5
63.0
81.0
258.0
96.0
66.0
120.0
91.5
193.5
67.5
78.0
207.0
22.5
135.0
58.5
109.5
94.5
52.5
66.0
31.5
63.0
72.0
31.5
123.0
234.0
97.5
42.0
21.0
52.5
66.0
58.5
48.0
21.0
79.5
81.0
67.5
238.5
88.5
43.5
102.0
127.5
39.0
88.5
373.5
31.5
106.5
63.0
36.0
58.5
37.5
61.5
31.5
49.5
75.0
135.0
135.0
66.0
31.5
22.5
153.0
85.5
139.5
132.0
6.0
124.5
67.5
111.0
130.5
154.5
124.5
33.0
124.5
108.0
268.5
60.0
43.5
112.5
72.0
15.0
91.5
124.5
63.0
40.5
88.5
49.5
124.5
45.0
198.0
91.5
118.5
39.0
73.5
57.0
78.0
67.5
76.5
124.5
90.0
163.5
15.0
169.5
46.5
138.0
126.0
70.5
82.5
138.0
19.5
64.5
43.5
93.0
54.0
93.0
75.0
99.0
105.0
39.0
34.5
66.0
16.5
112.5
19.5
121.5
219.0
135.0
208.5
105.0
189.0
174.0
168.0
33.0
33.0
54.0
108.0
40.5
79.5
87.0
105.0
132.0
85.5
144.0
114.0
88.5
153.0
196.5
162.0
277.5
91.5
87.0
21.0
78.0
144.0
97.5
30.0
169.5
157.5
78.0
139.5
72.0
49.5
43.5
48.0
111.0
81.0
66.0
21.0
73.5
259.5
132.0
61.5
171.0
150.0
70.5
7.5
88.5
79.5
204.0
55.5
24.0
34.5
27.0
67.5
129.0
34.5
157.5
27.0
13.5
100.5
49.5
106.5
66.0
27.0
73.5
177.0
105.0
82.5
27.0
127.5
75.0
51.0
45.0
30.0
48.0
120.0
16.5
51.0
70.5
43.5
40.5
102.0
16.5
3.0
73.5
30.0
55.5
43.5
213.0
114.0
87.0
220.5
40.5
76.5
30.0
79.5
76.5
169.5
127.5
148.5
103.5
73.5
99.0
153.0
109.5
61.5
96.0
61.5
78.0
100.5
67.5
123.0
195.0
145.5
30.0
66.0
181.5
85.5
123.0
118.5
58.5
156.0
31.5
127.5
102.0
55.5
60.0
67.5
109.5
97.5
79.5
43.5
118.5
144.0
48.0
123.0
117.0
73.5
58.5
151.5
169.5
1.5
120.0
27.0
22.5
93.0
127.5
51.0
36.0
55.5
127.5
91.5
36.0
70.5
120.0
211.5
40.5
91.5
58.5
120.0
90.0
175.5
133.5
69.0
73.5
49.5
103.5
70.5
162.0
93.0
64.5
147.0
79.5
85.5
145.5
105.0
114.0
21.0
24.0
117.0
45.0
132.0
79.5
54.0
142.5
153.0
91.5
43.5
16.5
27.0
135.0
162.0
75.0
49.5
120.0
16.5
103.5
76.5
39.0
21.0
67.5
99.0
186.0
198.0
70.5
244.5
96.0
60.0
27.0
30.0
40.5
258.0
63.0
114.0
79.5
100.5
69.0
79.5
165.0
24.0
45.0
57.0
79.5
148.5
222.0
102.0
162.0
163.5
57.0
33.0
139.5
70.5
109.5
130.5
102.0
55.5
70.5
106.5
130.5
117.0
60.0
21.0
148.5
114.0
172.5
145.5
33.0
187.5
183.0
121.5
172.5
130.5
69.0
144.0
54.0
102.0
124.5
99.0
60.0
147.0
120.0
66.0
126.0
34.5
100.5
135.0
168.0
58.5
97.5
103.5
142.5
105.0
30.0
66.0
75.0
99.0
198.0
211.5
100.5
19.5
109.5
114.0
69.0
139.5
57.0
84.0
57.0
28.5
82.5
45.0
102.0
39.0
157.5
60.0
70.5
165.0
76.5
150.0
114.0
147.0
33.0
78.0
136.5
63.0
135.0
139.5
87.0
102.0
186.0
39.0
81.0
87.0
159.0
42.0
147.0
277.5
87.0
100.5
48.0
79.5
52.5
72.0
118.5
64.5
85.5
45.0
60.0
144.0
22.5
16.5
24.0
84.0
87.0
99.0
49.5
81.0
112.5
84.0
96.0
70.5
46.5
93.0
72.0
75.0
81.0
64.5
286.5
16.5
75.0
16.5
139.5
129.0
52.5
75.0
87.0
132.0
79.5
57.0
28.5
202.5
124.5
168.0
211.5
48.0
109.5
126.0
91.5
25.5
94.5
87.0
151.5
117.0
15.0
114.0
118.5
132.0
28.5
169.5
240.0
81.0
72.0
141.0
136.5
96.0
147.0
94.5
90.0
126.0
52.5
12.0
192.0
172.5
256.5
43.5
16.5
106.5
13.5
136.5
99.0
127.5
108.0
34.5
76.5
55.5
70.5
138.0
148.5
43.5
51.0
135.0
60.0
124.5
48.0
46.5
85.5
72.0
58.5
46.5
112.5
72.0
157.5
81.0
43.5
72.0
169.5
13.5
57.0
42.0
54.0
54.0
64.5
97.5
85.5
94.5
75.0
39.0
70.5
43.5
150.0
144.0
189.0
69.0
72.0
36.0
58.5
112.5
43.5
154.5
105.0
84.0
51.0
150.0
51.0
90.0
42.0
82.5
84.0
63.0
171.0
52.5
88.5
61.5
192.0
69.0
54.0
153.0
91.5
54.0
141.0
108.0
88.5
111.0
82.5
105.0
58.5
34.5
46.5
106.5
145.5
177.0
174.0
121.5
124.5
87.0
148.5
102.0
97.5
117.0
94.5
111.0
169.5
54.0
24.0
232.5
51.0
40.5
49.5
147.0
22.5
22.5
18.0
69.0
64.5
55.5
82.5
132.0
72.0
102.0
40.5
15.0
39.0
69.0
61.5
160.5
30.0
129.0
99.0
39.0
40.5
177.0
21.0
154.5
55.5
61.5
57.0
64.5
124.5
111.0
84.0
96.0
76.5
162.0
73.5
61.5
102.0
3.0
81.0
37.5
328.5
40.5
222.0
58.5
198.0
1.5
61.5
48.0
82.5
100.5
88.5
91.5
162.0
168.0
201.0
43.5
124.5
141.0
69.0
67.5
154.5
57.0
70.5
58.5
102.0
52.5
198.0
55.5
72.0
46.5
160.5
106.5
18.0
166.5
76.5
160.5
108.0
52.5
105.0
84.0
172.5
96.0
232.5
157.5
28.5
66.0
180.0
78.0
192.0
106.5
25.5
81.0
201.0
111.0
187.5
78.0
192.0
174.0
139.5
15.0
112.5
102.0
67.5
60.0
123.0
24.0
40.5
57.0
249.0
148.5
256.5
40.5
151.5
33.0
52.5
39.0
151.5
121.5
36.0
130.5
40.5
12.0
81.0
33.0
147.0
49.5
103.5
24.0
24.0
120.0
37.5
120.0
187.5
27.0
93.0
73.5
316.5
142.5
22.5
52.5
33.0
84.0
85.5
169.5
144.0
75.0
42.0
223.5
135.0
81.0
111.0
39.0
34.5
7.5
21.0
25.5
79.5
217.5
22.5
226.5
169.5
93.0
103.5
73.5
73.5
88.5
51.0
27.0
40.5
91.5
55.5
205.5
96.0
99.0
82.5
43.5
42.0
48.0
57.0
57.0
117.0
57.0
271.5
18.0
15.0
75.0
111.0
106.5
115.5
64.5
40.5
66.0
144.0
136.5
57.0
78.0
70.5
81.0
181.5
46.5
37.5
82.5
138.0
204.0
93.0
81.0
40.5
66.0
148.5
160.5
120.0
55.5
94.5
87.0
49.5
49.5
139.5
40.5
94.5
102.0
208.5
54.0
150.0
21.0
99.0
81.0
112.5
61.5
33.0
171.0
84.0
118.5
51.0
82.5
33.0
75.0
163.5
73.5
124.5
159.0
66.0
102.0
115.5
94.5
31.5
90.0
72.0
34.5
13.5
91.5
84.0
207.0
70.5
177.0
16.5
84.0
109.5
139.5
195.0
129.0
63.0
54.0
90.0
15.0
66.0
57.0
117.0
72.0
72.0
148.5
78.0
67.5
60.0
85.5
87.0
87.0
157.5
100.5
213.0
99.0
87.0
135.0
31.5
180.0
46.5
133.5
118.5
142.5
99.0
49.5
190.5
75.0
186.0
70.5
72.0
49.5
87.0
127.5
54.0
123.0
42.0
132.0
22.5
54.0
34.5
106.5
69.0
76.5
40.5
90.0
103.5
132.0
123.0
7.5
67.5
18.0
91.5
70.5
18.0
103.5
96.0
72.0
84.0
105.0
54.0
48.0
36.0
36.0
174.0
52.5
292.5
127.5
112.5
151.5
120.0
93.0
54.0
180.0
84.0
21.0
244.5
75.0
69.0
84.0
18.0
181.5
147.0
31.5
42.0
37.5
160.5
33.0
21.0
138.0
66.0
58.5
96.0
31.5
88.5
36.0
37.5
111.0
157.5
46.5
145.5
90.0
75.0
99.0
54.0
91.5
34.5
252.0
118.5
85.5
78.0
120.0
289.5
21.0
91.5
94.5
94.5
51.0
103.5
208.5
93.0
58.5
66.0
30.0
36.0
153.0
61.5
123.0
130.5
105.0
43.5
106.5
45.0
84.0
51.0
31.5
90.0
108.0
88.5
139.5
88.5
15.0
108.0
75.0
244.5
19.5
148.5
100.5
150.0
30.0
55.5
111.0
64.5
106.5
43.5
27.0
87.0
12.0
40.5
78.0
39.0
156.0
186.0
123.0
31.5
108.0
238.5
88.5
61.5
139.5
24.0
63.0
43.5
130.5
105.0
151.5
51.0
57.0
79.5
129.0
93.0
145.5
111.0
159.0
9.0
55.5
201.0
72.0
42.0
49.5
94.5
90.0
82.5
79.5
153.0
51.0
93.0
169.5
45.0
213.0
93.0
51.0
48.0
195.0
226.5
219.0
42.0
39.0
144.0
132.0
204.0
34.5
70.5
54.0
172.5
78.0
10.5
280.5
226.5
81.0
34.5
21.0
12.0
124.5
31.5
147.0
192.0
25.5
63.0
127.5
130.5
51.0
142.5
277.5
112.5
118.5
108.0
166.5
79.5
51.0
150.0
147.0
175.5
6.0
69.0
39.0
117.0
10.5
13.5
64.5
46.5
109.5
48.0
72.0
171.0
118.5
118.5
103.5
114.0
150.0
127.5
169.5
123.0
171.0
70.5
18.0
112.5
67.5
256.5
99.0
105.0
120.0
66.0
18.0
237.0
46.5
43.5
84.0
45.0
75.0
159.0
82.5
49.5
69.0
85.5
85.5
48.0
30.0
7.5
42.0
126.0
48.0
166.5
34.5
45.0
172.5
43.5
25.5
46.5
52.5
142.5
82.5
159.0
139.5
94.5
109.5
52.5
76.5
75.0
36.0
96.0
106.5
78.0
94.5
45.0
85.5
70.5
96.0
79.5
69.0
58.5
114.0
100.5
58.5
49.5
124.5
106.5
105.0
52.5
31.5
57.0
85.5
114.0
34.5
94.5
135.0
61.5
31.5
60.0
40.5
81.0
75.0
153.0
112.5
27.0
292.5
102.0
106.5
147.0
58.5
165.0
106.5
46.5
82.5
60.0
54.0
64.5
94.5
82.5
64.5
151.5
109.5
103.5
75.0
157.5
124.5
249.0
103.5
88.5
30.0
129.0
229.5
51.0
69.0
43.5
69.0
165.0
139.5
91.5
69.0
27.0
94.5
72.0
69.0
106.5
159.0
21.0
108.0
22.5
40.5
58.5
28.5
160.5
69.0
51.0
76.5
18.0
43.5
60.0
103.5
15.0
64.5
121.5
103.5
99.0
189.0
130.5
114.0
160.5
72.0
109.5
64.5
88.5
171.0
73.5
90.0
93.0
48.0
84.0
100.5
31.5
75.0
129.0
141.0
37.5
12.0
150.0
97.5
6.0
106.5
123.0
75.0
99.0
64.5
43.5
55.5
135.0
118.5
87.0
57.0
70.5
172.5
76.5
33.0
15.0
64.5
84.0
189.0
31.5
159.0
216.0
3.0
97.5
130.5
85.5
111.0
55.5
42.0
147.0
48.0
151.5
21.0
199.5
100.5
58.5
99.0
168.0
6.0
37.5
40.5
108.0
129.0
142.5
69.0
120.0
61.5
174.0
154.5
99.0
69.0
64.5
217.5
15.0
190.5
160.5
13.5
198.0
109.5
45.0
18.0
114.0
73.5
52.5
94.5
46.5
33.0
58.5
37.5
100.5
142.5
81.0
58.5
39.0
40.5
85.5
91.5
97.5
172.5
102.0
120.0
136.5
115.5
118.5
81.0
66.0
25.5
42.0
37.5
16.5
48.0
21.0
48.0
142.5
159.0
189.0
184.5
42.0
186.0
34.5
241.5
79.5
136.5
114.0
127.5
267.0
58.5
12.0
61.5
52.5
49.5
45.0
67.5
133.5
63.0
69.0
31.5
81.0
123.0
100.5
36.0
87.0
27.0
205.5
193.5
120.0
159.0
112.5
67.5
9.0
66.0
141.0
9.0
175.5
45.0
145.5
48.0
76.5
37.5
43.5
163.5
58.5
103.5
90.0
72.0
57.0
148.5
42.0
123.0
94.5
210.0
148.5
103.5
181.5
76.5
69.0
52.5
51.0
160.5
40.5
144.0
145.5
129.0
45.0
9.0
49.5
118.5
30.0
103.5
75.0
4.5
114.0
54.0
37.5
18.0
123.0
60.0
142.5
235.5
24.0
204.0
78.0
42.0
12.0
105.0
81.0
130.5
168.0
90.0
214.5
189.0
181.5
82.5
133.5
43.5
121.5
99.0
54.0
147.0
72.0
222.0
24.0
105.0
96.0
60.0
22.5
136.5
93.0
34.5
93.0
103.5
112.5
54.0
132.0
72.0
42.0
30.0
100.5
240.0
69.0
28.5
144.0
64.5
79.5
115.5
60.0
46.5
94.5
90.0
79.5
115.5
57.0
66.0
84.0
133.5
100.5
46.5
64.5
93.0
37.5
156.0
114.0
99.0
168.0
136.5
159.0
54.0
58.5
175.5
54.0
153.0
171.0
126.0
31.5
60.0
78.0
73.5
87.0
109.5
147.0
73.5
75.0
127.5
160.5
103.5
93.0
39.0
63.0
39.0
154.5
117.0
249.0
90.0
159.0
100.5
39.0
180.0
73.5
72.0
100.5
139.5
42.0
208.5
66.0
25.5
99.0
112.5
109.5
114.0
36.0
217.5
103.5
12.0
115.5
85.5
208.5
66.0
103.5
30.0
43.5
12.0
150.0
55.5
94.5
97.5
90.0
207.0
111.0
48.0
31.5
40.5
105.0
201.0
97.5
103.5
57.0
112.5
82.5
25.5
75.0
297.0
124.5
126.0
96.0
67.5
97.5
91.5
69.0
84.0
132.0
100.5
72.0
226.5
51.0
36.0
51.0
112.5
91.5
18.0
43.5
172.5
96.0
60.0
78.0
6.0
94.5
190.5
82.5
133.5
73.5
100.5
16.5
70.5
19.5
48.0
76.5
139.5
93.0
229.5
285.0
73.5
40.5
162.0
210.0
85.5
79.5
177.0
129.0
73.5
84.0
33.0
43.5
132.0
36.0
168.0
57.0
121.5
180.0
78.0
136.5
133.5
58.5
79.5
31.5
133.5
118.5
58.5
93.0
195.0
4.5
25.5
52.5
112.5
81.0
198.0
69.0
129.0
94.5
40.5
40.5
145.5
198.0
30.0
24.0
43.5
136.5
45.0
109.5
115.5
34.5
58.5
81.0
196.5
30.0
78.0
241.5
66.0
90.0
136.5
52.5
13.5
27.0
144.0
135.0
121.5
85.5
24.0
106.5
114.0
22.5
72.0
132.0
84.0
207.0
37.5
153.0
34.5
46.5
192.0
60.0
73.5
85.5
24.0
189.0
112.5
226.5
67.5
42.0
36.0
40.5
145.5
36.0
100.5
52.5
132.0
148.5
198.0
49.5
148.5
36.0
96.0
61.5
142.5
24.0
36.0
66.0
144.0
184.5
309.0
186.0
54.0
42.0
42.0
84.0
81.0
133.5
33.0
168.0
36.0
91.5
34.5
124.5
141.0
82.5
52.5
130.5
21.0
220.5
58.5
111.0
123.0
82.5
159.0
39.0
79.5
69.0
217.5
69.0
88.5
24.0
16.5
28.5
73.5
55.5
27.0
99.0
70.5
57.0
48.0
34.5
60.0
115.5
144.0
22.5
48.0
69.0
43.5
129.0
100.5
193.5
52.5
73.5
91.5
40.5
127.5
108.0
97.5
33.0
73.5
70.5
73.5
70.5
259.5
60.0
81.0
7.5
31.5
19.5
193.5
141.0
208.5
60.0
21.0
24.0
177.0
93.0
105.0
40.5
94.5
33.0
153.0
72.0
162.0
57.0
49.5
13.5
46.5
67.5
24.0
51.0
130.5
93.0
111.0
168.0
60.0
162.0
73.5
235.5
117.0
58.5
12.0
51.0
100.5
55.5
48.0
111.0
27.0
88.5
117.0
67.5
90.0
136.5
184.5
52.5
90.0
90.0
67.5
127.5
160.5
97.5
111.0
64.5
93.0
109.5
63.0
124.5
117.0
231.0
112.5
87.0
139.5
156.0
79.5
130.5
97.5
13.5
27.0
27.0
136.5
127.5
139.5
63.0
156.0
91.5
183.0
106.5
91.5
51.0
55.5
85.5
76.5
42.0
25.5
61.5
46.5
49.5
34.5
70.5
12.0
126.0
58.5
118.5
63.0
184.5
102.0
48.0
64.5
54.0
106.5
123.0
162.0
55.5
109.5
127.5
40.5
66.0
36.0
118.5
138.0
49.5
45.0
154.5
156.0
73.5
81.0
34.5
97.5
135.0
139.5
133.5
87.0
67.5
67.5
55.5
67.5
111.0
102.0
61.5
217.5
207.0
124.5
30.0
73.5
28.5
78.0
33.0
75.0
51.0
12.0
132.0
213.0
168.0
82.5
121.5
120.0
105.0
214.5
75.0
121.5
102.0
178.5
22.5
139.5
46.5
175.5
54.0
72.0
22.5
46.5
13.5
22.5
130.5
90.0
72.0
19.5
97.5
196.5
54.0
118.5
136.5
72.0
55.5
73.5
132.0
126.0
25.5
175.5
100.5
58.5
103.5
66.0
39.0
117.0
49.5
177.0
78.0
36.0
235.5
63.0
210.0
127.5
42.0
333.0
124.5
22.5
9.0
124.5
90.0
93.0
27.0
85.5
84.0
46.5
42.0
97.5
73.5
153.0
157.5
231.0
66.0
64.5
48.0
48.0
88.5
148.5
40.5
159.0
33.0
139.5
111.0
121.5
172.5
174.0
118.5
114.0
55.5
33.0
163.5
70.5
156.0
103.5
112.5
126.0
70.5
76.5
174.0
142.5
75.0
108.0
37.5
118.5
156.0
91.5
81.0
75.0
10.5
88.5
142.5
238.5
142.5
129.0
94.5
46.5
57.0
63.0
123.0
58.5
145.5
108.0
52.5
69.0
75.0
67.5
45.0
60.0
33.0
121.5
19.5
85.5
129.0
88.5
126.0
123.0
52.5
193.5
129.0
97.5
60.0
63.0
48.0
48.0
76.5
37.5
94.5
57.0
60.0
139.5
49.5
25.5
193.5
75.0
213.0
39.0
133.5
78.0
199.5
27.0
48.0
40.5
175.5
91.5
96.0
108.0
25.5
79.5
145.5
21.0
19.5
88.5
114.0
34.5
171.0
85.5
87.0
84.0
88.5
256.5
87.0
105.0
187.5
39.0
162.0
33.0
96.0
82.5
147.0
75.0
88.5
115.5
82.5
261.0
94.5
135.0
174.0
60.0
93.0
202.5
283.5
48.0
159.0
67.5
81.0
106.5
55.5
84.0
166.5
55.5
181.5
94.5
67.5
90.0
178.5
87.0
90.0
148.5
159.0
120.0
42.0
48.0
295.5
70.5
36.0
34.5
66.0
67.5
94.5
111.0
57.0
159.0
126.0
202.5
28.5
64.5
61.5
34.5
84.0
42.0
94.5
73.5
39.0
36.0
85.5
24.0
46.5
177.0
15.0
322.5
36.0
97.5
112.5
112.5
82.5
103.5
165.0
87.0
198.0
88.5
235.5
78.0
24.0
111.0
25.5
102.0
139.5
106.5
34.5
51.0
153.0
37.5
100.5
235.5
145.5
139.5
66.0
183.0
64.5
40.5
184.5
177.0
79.5
64.5
4.5
54.0
52.5
66.0
189.0
39.0
13.5
58.5
111.0
165.0
64.5
123.0
106.5
162.0
141.0
259.5
60.0
91.5
150.0
123.0
87.0
150.0
117.0
148.5
51.0
37.5
150.0
58.5
36.0
55.5
79.5
94.5
121.5
88.5
115.5
46.5
103.5
150.0
153.0
55.5
24.0
18.0
40.5
121.5
76.5
67.5
123.0
64.5
135.0
55.5
97.5
28.5
115.5
76.5
1.5
120.0
112.5
93.0
112.5
16.5
84.0
111.0
24.0
66.0
73.5
78.0
24.0
180.0
48.0
78.0
36.0
46.5
129.0
118.5
87.0
163.5
6.0
45.0
72.0
196.5
96.0
72.0
147.0
60.0
45.0
106.5
219.0
49.5
130.5
27.0
12.0
111.0
49.5
43.5
183.0
49.5
144.0
184.5
193.5
85.5
87.0
69.0
64.5
174.0
43.5
106.5
57.0
87.0
120.0
87.0
42.0
46.5
39.0
109.5
111.0
189.0
54.0
135.0
43.5
40.5
117.0
127.5
64.5
105.0
87.0
60.0
175.5
88.5
121.5
30.0
123.0
112.5
100.5
199.5
67.5
144.0
126.0
72.0
33.0
30.0
106.5
78.0
70.5
100.5
60.0
57.0
85.5
171.0
157.5
28.5
72.0
51.0
51.0
93.0
46.5
162.0
142.5
93.0
49.5
133.5
99.0
67.5
117.0
40.5
94.5
55.5
25.5
202.5
133.5
46.5
43.5
90.0
159.0
108.0
154.5
69.0
97.5
165.0
57.0
82.5
81.0
130.5
85.5
54.0
93.0
169.5
13.5
9.0
124.5
130.5
52.5
76.5
117.0
28.5
280.5
127.5
118.5
52.5
126.0
97.5
82.5
162.0
75.0
105.0
52.5
160.5
39.0
88.5
153.0
91.5
216.0
117.0
106.5
261.0
73.5
57.0
274.5
58.5
16.5
106.5
10.5
111.0
37.5
168.0
19.5
67.5
37.5
169.5
81.0
103.5
58.5
27.0
117.0
34.5
21.0
66.0
45.0
85.5
72.0
145.5
18.0
46.5
138.0
181.5
85.5
45.0
184.5
169.5
34.5
10.5
37.5
70.5
31.5
46.5
81.0
207.0
40.5
144.0
19.5
114.0
156.0
57.0
51.0
109.5
49.5
36.0
240.0
144.0
108.0
75.0
130.5
88.5
79.5
109.5
121.5
108.0
97.5
69.0
82.5
64.5
64.5
94.5
55.5
153.0
66.0
354.0
130.5
61.5
172.5
159.0
133.5
49.5
34.5
85.5
93.0
13.5
57.0
285.0
63.0
75.0
57.0
69.0
81.0
144.0
265.5
118.5
100.5
27.0
102.0
78.0
174.0
21.0
33.0
48.0
120.0
82.5
127.5
42.0
19.5
123.0
114.0
66.0
183.0
79.5
76.5
57.0
148.5
90.0
40.5
25.5
79.5
72.0
148.5
52.5
82.5
168.0
94.5
148.5
118.5
81.0
114.0
144.0
48.0
42.0
186.0
139.5
25.5
81.0
127.5
109.5
102.0
219.0
18.0
48.0
48.0
181.5
93.0
106.5
13.5
42.0
106.5
70.5
12.0
93.0
109.5
75.0
39.0
88.5
139.5
141.0
103.5
120.0
213.0
55.5
48.0
148.5
33.0
27.0
61.5
150.0
139.5
61.5
103.5
133.5
120.0
28.5
72.0
54.0
162.0
126.0
64.5
87.0
133.5
88.5
25.5
235.5
84.0
144.0
58.5
78.0
141.0
144.0
138.0
75.0
81.0
60.0
99.0
28.5
61.5
87.0
201.0
111.0
127.5
87.0
144.0
43.5
64.5
70.5
76.5
6.0
43.5
144.0
40.5
112.5
36.0
28.5
154.5
135.0
84.0
136.5
117.0
112.5
106.5
52.5
96.0
136.5
33.0
117.0
85.5
106.5
18.0
112.5
43.5
18.0
150.0
61.5
201.0
151.5
70.5
156.0
61.5
37.5
22.5
178.5
64.5
79.5
153.0
36.0
88.5
100.5
25.5
186.0
9.0
40.5
63.0
228.0
123.0
148.5
18.0
28.5
7.5
73.5
103.5
276.0
69.0
117.0
136.5
123.0
34.5
133.5
34.5
72.0
141.0
117.0
96.0
201.0
81.0
67.5
73.5
75.0
49.5
229.5
37.5
127.5
30.0
13.5
79.5
75.0
82.5
114.0
67.5
91.5
88.5
133.5
40.5
142.5
90.0
81.0
171.0
97.5
139.5
52.5
33.0
31.5
204.0
108.0
60.0
69.0
123.0
54.0
99.0
52.5
93.0
27.0
99.0
156.0
196.5
19.5
87.0
39.0
256.5
51.0
117.0
31.5
120.0
82.5
142.5
163.5
213.0
261.0
138.0
126.0
168.0
115.5
205.5
108.0
79.5
61.5
78.0
169.5
33.0
144.0
91.5
97.5
58.5
66.0
9.0
64.5
82.5
135.0
70.5
129.0
58.5
60.0
52.5
78.0
94.5
208.5
160.5
123.0
129.0
99.0
52.5
132.0
63.0
148.5
121.5
36.0
81.0
196.5
162.0
159.0
141.0
90.0
82.5
129.0
136.5
87.0
94.5
108.0
73.5
30.0
118.5
168.0
58.5
57.0
115.5
61.5
96.0
108.0
135.0
118.5
127.5
141.0
103.5
12.0
82.5
229.5
157.5
168.0
12.0
88.5
70.5
42.0
75.0
177.0
37.5
61.5
88.5
58.5
55.5
127.5
105.0
72.0
78.0
54.0
49.5
105.0
105.0
6.0
58.5
73.5
148.5
51.0
46.5
21.0
178.5
148.5
94.5
91.5
78.0
105.0
103.5
3.0
75.0
189.0
70.5
126.0
69.0
132.0
52.5
75.0
49.5
115.5
144.0
94.5
40.5
54.0
189.0
94.5
94.5
78.0
28.5
73.5
70.5
129.0
99.0
112.5
108.0
40.5
25.5
100.5
150.0
16.5
67.5
7.5
46.5
114.0
90.0
30.0
174.0
54.0
133.5
21.0
22.5
85.5
127.5
70.5
78.0
58.5
54.0
18.0
84.0
72.0
169.5
25.5
82.5
246.0
183.0
139.5
37.5
151.5
165.0
136.5
21.0
81.0
70.5
36.0
73.5
57.0
177.0
78.0
76.5
148.5
222.0
145.5
46.5
78.0
9.0
13.5
177.0
114.0
187.5
141.0
81.0
46.5
133.5
73.5
69.0
30.0
70.5
57.0
91.5
126.0
126.0
168.0
24.0
165.0
66.0
64.5
151.5
117.0
54.0
121.5
75.0
111.0
27.0
66.0
91.5
210.0
108.0
52.5
112.5
12.0
36.0
72.0
57.0
66.0
306.0
94.5
27.0
112.5
108.0
75.0
108.0
37.5
30.0
147.0
40.5
91.5
58.5
96.0
27.0
55.5
214.5
51.0
151.5
9.0
52.5
49.5
181.5
94.5
63.0
52.5
36.0
132.0
36.0
43.5
34.5
55.5
42.0
108.0
171.0
60.0
39.0
12.0
37.5
178.5
210.0
40.5
85.5
82.5
201.0
24.0
96.0
177.0
82.5
57.0
67.5
52.5
67.5
25.5
147.0
39.0
160.5
174.0
60.0
60.0
121.5
70.5
139.5
102.0
117.0
49.5
187.5
51.0
81.0
189.0
148.5
205.5
61.5
231.0
79.5
213.0
73.5
103.5
76.5
151.5
163.5
183.0
55.5
162.0
66.0
58.5
327.0
255.0
136.5
114.0
55.5
43.5
88.5
147.0
55.5
121.5
85.5
49.5
75.0
214.5
6.0
63.0
78.0
142.5
103.5
97.5
42.0
150.0
117.0
55.5
117.0
33.0
28.5
13.5
96.0
97.5
112.5
115.5
54.0
97.5
63.0
133.5
63.0
85.5
100.5
178.5
93.0
84.0
42.0
120.0
96.0
42.0
30.0
136.5
172.5
82.5
162.0
6.0
229.5
39.0
115.5
123.0
127.5
52.5
54.0
232.5
61.5
64.5
37.5
115.5
96.0
97.5
177.0
172.5
75.0
64.5
24.0
136.5
21.0
102.0
102.0
160.5
87.0
133.5
36.0
85.5
51.0
57.0
186.0
84.0
75.0
150.0
36.0
57.0
102.0
112.5
139.5
69.0
51.0
102.0
85.5
84.0
39.0
96.0
102.0
81.0
13.5
51.0
99.0
85.5
93.0
58.5
52.5
108.0
90.0
139.5
109.5
64.5
241.5
195.0
154.5
28.5
63.0
100.5
168.0
51.0
55.5
106.5
130.5
25.5
205.5
67.5
112.5
19.5
106.5
76.5
112.5
177.0
75.0
34.5
90.0
111.0
78.0
72.0
138.0
70.5
117.0
64.5
198.0
225.0
120.0
195.0
69.0
58.5
114.0
57.0
75.0
150.0
142.5
39.0
117.0
232.5
21.0
73.5
46.5
45.0
58.5
147.0
96.0
93.0
129.0
66.0
21.0
81.0
36.0
78.0
139.5
55.5
45.0
142.5
76.5
70.5
117.0
54.0
60.0
52.5
69.0
88.5
94.5
112.5
132.0
111.0
123.0
111.0
78.0
63.0
9.0
25.5
25.5
234.0
303.0
132.0
69.0
115.5
97.5
72.0
136.5
6.0
294.0
120.0
36.0
51.0
196.5
118.5
27.0
142.5
69.0
112.5
138.0
57.0
153.0
94.5
157.5
195.0
81.0
168.0
103.5
99.0
127.5
100.5
66.0
88.5
154.5
136.5
30.0
76.5
166.5
46.5
90.0
10.5
162.0
42.0
60.0
60.0
126.0
48.0
126.0
144.0
105.0
96.0
87.0
33.0
45.0
130.5
76.5
36.0
72.0
37.5
153.0
160.5
82.5
22.5
160.5
87.0
18.0
9.0
120.0
18.0
90.0
55.5
121.5
91.5
69.0
175.5
148.5
67.5
175.5
201.0
90.0
183.0
40.5
127.5
64.5
81.0
64.5
96.0
67.5
85.5
123.0
102.0
151.5
96.0
94.5
135.0
192.0
30.0
48.0
19.5
55.5
15.0
61.5
64.5
102.0
57.0
63.0
81.0
105.0
81.0
97.5
46.5
90.0
57.0
58.5
67.5
75.0
42.0
106.5
120.0
67.5
88.5
73.5
124.5
97.5
154.5
42.0
193.5
123.0
91.5
81.0
9.0
63.0
60.0
121.5
22.5
96.0
40.5
88.5
75.0
126.0
76.5
136.5
103.5
54.0
43.5
106.5
139.5
91.5
102.0
61.5
94.5
63.0
120.0
39.0
75.0
99.0
73.5
112.5
79.5
43.5
112.5
148.5
99.0
48.0
69.0
103.5
42.0
67.5
94.5
157.5
112.5
109.5
118.5
58.5
25.5
250.5
78.0
129.0
117.0
114.0
55.5
73.5
73.5
252.0
42.0
129.0
231.0
73.5
63.0
142.5
84.0
25.5
70.5
36.0
10.5
60.0
153.0
108.0
222.0
42.0
91.5
112.5
114.0
88.5
39.0
100.5
138.0
207.0
94.5
142.5
33.0
39.0
202.5
105.0
82.5
117.0
28.5
60.0
60.0
55.5
54.0
51.0
21.0
97.5
90.0
69.0
57.0
115.5
70.5
226.5
82.5
111.0
129.0
72.0
112.5
99.0
78.0
67.5
157.5
105.0
163.5
88.5
64.5
58.5
108.0
153.0
144.0
76.5
22.5
66.0
145.5
78.0
55.5
202.5
108.0
126.0
136.5
144.0
81.0
27.0
192.0
141.0
55.5
54.0
154.5
99.0
48.0
151.5
169.5
75.0
19.5
103.5
12.0
129.0
138.0
90.0
36.0
57.0
187.5
96.0
141.0
106.5
73.5
169.5
73.5
37.5
147.0
79.5
145.5
94.5
34.5
78.0
31.5
111.0
99.0
85.5
150.0
90.0
174.0
178.5
21.0
24.0
76.5
190.5
43.5
208.5
78.0
93.0
66.0
51.0
87.0
58.5
63.0
34.5
247.5
126.0
238.5
76.5
52.5
51.0
43.5
51.0
91.5
285.0
51.0
60.0
75.0
52.5
81.0
318.0
175.5
97.5
10.5
43.5
60.0
51.0
103.5
91.5
43.5
159.0
231.0
72.0
67.5
298.5
114.0
43.5
64.5
157.5
48.0
102.0
93.0
198.0
87.0
162.0
82.5
91.5
57.0
85.5
42.0
144.0
73.5
73.5
180.0
91.5
64.5
69.0
78.0
91.5
111.0
66.0
24.0
204.0
102.0
49.5
172.5
36.0
48.0
75.0
43.5
129.0
12.0
90.0
175.5
126.0
142.5
37.5
115.5
33.0
153.0
202.5
52.5
69.0
43.5
45.0
193.5
132.0
135.0
175.5
9.0
82.5
156.0
213.0
204.0
114.0
142.5
34.5
123.0
232.5
88.5
48.0
97.5
103.5
36.0
117.0
78.0
79.5
112.5
87.0
82.5
90.0
72.0
57.0
37.5
172.5
91.5
144.0
109.5
103.5
72.0
97.5
82.5
163.5
136.5
76.5
118.5
159.0
126.0
142.5
115.5
84.0
48.0
124.5
27.0
117.0
124.5
19.5
139.5
117.0
138.0
30.0
27.0
63.0
9.0
148.5
84.0
58.5
64.5
28.5
126.0
45.0
16.5
141.0
27.0
153.0
102.0
126.0
142.5
133.5
49.5
117.0
54.0
171.0
94.5
115.5
88.5
40.5
75.0
117.0
97.5
82.5
88.5
118.5
70.5
70.5
117.0
109.5
34.5
60.0
97.5
127.5
117.0
90.0
28.5
61.5
106.5
171.0
51.0
166.5
51.0
82.5
48.0
85.5
234.0
72.0
166.5
103.5
259.5
115.5
42.0
129.0
30.0
112.5
127.5
123.0
46.5
63.0
138.0
60.0
106.5
148.5
94.5
27.0
100.5
27.0
136.5
67.5
16.5
58.5
75.0
162.0
42.0
108.0
183.0
216.0
181.5
165.0
69.0
204.0
109.5
102.0
196.5
115.5
66.0
46.5
82.5
54.0
172.5
172.5
118.5
106.5
69.0
90.0
136.5
87.0
55.5
7.5
36.0
115.5
207.0
64.5
21.0
81.0
25.5
111.0
211.5
99.0
34.5
84.0
93.0
72.0
160.5
49.5
73.5
42.0
45.0
88.5
193.5
25.5
81.0
81.0
126.0
124.5
124.5
258.0
36.0
99.0
67.5
265.5
43.5
180.0
66.0
40.5
160.5
271.5
46.5
69.0
187.5
13.5
142.5
60.0
120.0
18.0
172.5
40.5
22.5
102.0
76.5
175.5
58.5
148.5
24.0
60.0
84.0
103.5
30.0
48.0
159.0
24.0
90.0
19.5
129.0
67.5
177.0
4.5
54.0
51.0
73.5
31.5
139.5
57.0
45.0
55.5
135.0
286.5
42.0
55.5
148.5
99.0
211.5
106.5
96.0
114.0
150.0
154.5
180.0
31.5
97.5
33.0
46.5
31.5
75.0
60.0
69.0
48.0
57.0
72.0
64.5
76.5
51.0
82.5
34.5
40.5
135.0
84.0
72.0
136.5
61.5
151.5
45.0
120.0
49.5
34.5
36.0
198.0
214.5
180.0
81.0
144.0
103.5
97.5
349.5
102.0
54.0
78.0
78.0
153.0
202.5
160.5
36.0
139.5
57.0
61.5
193.5
103.5
67.5
67.5
40.5
79.5
201.0
57.0
148.5
123.0
94.5
106.5
135.0
112.5
135.0
103.5
36.0
124.5
57.0
27.0
118.5
37.5
99.0
70.5
96.0
48.0
184.5
127.5
67.5
87.0
139.5
127.5
76.5
7.5
27.0
91.5
84.0
25.5
37.5
33.0
79.5
30.0
78.0
6.0
58.5
55.5
105.0
100.5
126.0
37.5
37.5
75.0
189.0
93.0
81.0
70.5
63.0
255.0
49.5
33.0
34.5
192.0
135.0
42.0
24.0
100.5
87.0
90.0
123.0
150.0
42.0
81.0
103.5
130.5
43.5
60.0
174.0
85.5
153.0
96.0
114.0
54.0
67.5
136.5
69.0
82.5
40.5
57.0
129.0
105.0
70.5
82.5
160.5
57.0
159.0
136.5
60.0
70.5
42.0
172.5
114.0
70.5
133.5
70.5
145.5
27.0
160.5
213.0
204.0
126.0
33.0
24.0
94.5
37.5
148.5
114.0
42.0
48.0
72.0
58.5
36.0
84.0
147.0
78.0
66.0
123.0
111.0
111.0
30.0
4.5
36.0
132.0
33.0
66.0
43.5
103.5
108.0
76.5
163.5
84.0
82.5
99.0
97.5
69.0
67.5
40.5
105.0
123.0
84.0
48.0
93.0
178.5
76.5
214.5
67.5
81.0
75.0
94.5
103.5
103.5
60.0
106.5
64.5
142.5
88.5
63.0
172.5
132.0
33.0
66.0
102.0
109.5
18.0
69.0
91.5
64.5
75.0
99.0
61.5
162.0
93.0
73.5
55.5
76.5
79.5
93.0
106.5
24.0
120.0
48.0
157.5
126.0
141.0
55.5
100.5
121.5
189.0
75.0
103.5
67.5
39.0
42.0
154.5
240.0
105.0
165.0
85.5
246.0
118.5
66.0
12.0
45.0
162.0
138.0
52.5
109.5
22.5
118.5
96.0
157.5
31.5
93.0
120.0
105.0
88.5
222.0
15.0
79.5
219.0
43.5
118.5
120.0
45.0
186.0
85.5
16.5
72.0
91.5
51.0
46.5
99.0
114.0
151.5
30.0
58.5
186.0
43.5
94.5
106.5
34.5
64.5
12.0
85.5
111.0
40.5
58.5
124.5
96.0
120.0
97.5
178.5
6.0
76.5
88.5
151.5
28.5
85.5
115.5
97.5
70.5
205.5
67.5
108.0
13.5
6.0
40.5
148.5
69.0
222.0
51.0
117.0
82.5
91.5
55.5
33.0
69.0
147.0
105.0
10.5
132.0
105.0
91.5
120.0
58.5
60.0
109.5
114.0
150.0
162.0
219.0
138.0
163.5
49.5
108.0
148.5
46.5
46.5
132.0
3.0
94.5
66.0
100.5
99.0
169.5
187.5
82.5
142.5
132.0
162.0
60.0
51.0
115.5
81.0
105.0
25.5
97.5
94.5
133.5
120.0
69.0
72.0
130.5
70.5
76.5
160.5
30.0
139.5
60.0
78.0
115.5
130.5
78.0
181.5
162.0
96.0
33.0
157.5
91.5
82.5
169.5
162.0
114.0
42.0
111.0
82.5
183.0
93.0
100.5
19.5
193.5
78.0
177.0
148.5
76.5
82.5
42.0
12.0
25.5
205.5
24.0
67.5
78.0
19.5
61.5
231.0
157.5
61.5
147.0
84.0
90.0
78.0
78.0
28.5
97.5
61.5
157.5
60.0
25.5
135.0
78.0
46.5
27.0
123.0
70.5
97.5
84.0
70.5
87.0
93.0
18.0
76.5
22.5
100.5
168.0
73.5
124.5
81.0
39.0
40.5
72.0
78.0
91.5
208.5
196.5
168.0
121.5
6.0
123.0
103.5
85.5
85.5
163.5
156.0
85.5
123.0
91.5
42.0
63.0
91.5
124.5
67.5
75.0
58.5
19.5
117.0
138.0
48.0
109.5
57.0
30.0
187.5
100.5
72.0
211.5
67.5
81.0
114.0
73.5
75.0
129.0
63.0
52.5
184.5
22.5
235.5
75.0
249.0
21.0
129.0
58.5
43.5
229.5
48.0
78.0
126.0
84.0
90.0
85.5
133.5
85.5
105.0
55.5
148.5
96.0
162.0
19.5
144.0
76.5
82.5
79.5
15.0
145.5
30.0
100.5
49.5
67.5
178.5
49.5
150.0
144.0
81.0
82.5
15.0
93.0
103.5
39.0
85.5
121.5
30.0
111.0
111.0
58.5
72.0
85.5
88.5
102.0
76.5
120.0
258.0
192.0
45.0
54.0
60.0
88.5
102.0
36.0
90.0
88.5
37.5
31.5
34.5
34.5
88.5
61.5
12.0
21.0
45.0
109.5
85.5
115.5
127.5
97.5
63.0
112.5
12.0
36.0
52.5
87.0
129.0
103.5
142.5
60.0
33.0
27.0
15.0
66.0
76.5
21.0
42.0
34.5
222.0
175.5
93.0
159.0
112.5
112.5
84.0
36.0
169.5
9.0
103.5
12.0
64.5
184.5
193.5
291.0
48.0
265.5
33.0
19.5
61.5
73.5
153.0
81.0
24.0
154.5
106.5
85.5
144.0
84.0
178.5
159.0
75.0
133.5
85.5
78.0
169.5
96.0
112.5
129.0
48.0
124.5
153.0
55.5
145.5
49.5
202.5
67.5
100.5
39.0
70.5
85.5
45.0
115.5
66.0
156.0
148.5
31.5
190.5
25.5
103.5
94.5
49.5
156.0
85.5
126.0
91.5
118.5
30.0
73.5
70.5
27.0
67.5
45.0
121.5
33.0
66.0
46.5
151.5
373.5
153.0
132.0
94.5
93.0
58.5
13.5
33.0
27.0
129.0
123.0
103.5
210.0
