168.0
178.5
270.0
315.0
267.0
108.0
219.0
340.5
195.0
148.5
288.0
277.5
223.5
208.5
307.5
142.5
180.0
265.5
316.5
166.5
433.5
222.0
280.5
349.5
141.0
570.0
130.5
364.5
310.5
658.5
516.0
298.5
880.5
742.5
219.0
361.5
477.0
399.0
268.5
253.5
325.5
225.0
385.5
211.5
124.5
511.5
177.0
321.0
147.0
222.0
54.0
241.5
442.5
384.0
321.0
436.5
427.5
663.0
222.0
252.0
106.5
238.5
204.0
613.5
123.0
256.5
150.0
177.0
309.0
139.5
424.5
150.0
207.0
658.5
366.0
730.5
292.5
468.0
285.0
438.0
108.0
54.0
124.5
552.0
153.0
444.0
343.5
448.5
675.0
567.0
235.5
168.0
192.0
223.5
283.5
279.0
219.0
253.5
273.0
423.0
225.0
228.0
184.5
63.0
481.5
102.0
652.5
96.0
270.0
379.5
568.5
108.0
208.5
205.5
436.5
340.5
604.5
291.0
282.0
66.0
78.0
319.5
469.5
25.5
511.5
127.5
123.0
31.5
285.0
541.5
697.5
127.5
252.0
90.0
258.0
42.0
216.0
255.0
313.5
337.5
513.0
369.0
435.0
360.0
148.5
475.5
406.5
313.5
189.0
481.5
69.0
318.0
765.0
304.5
775.5
103.5
273.0
117.0
136.5
325.5
223.5
579.0
361.5
601.5
136.5
367.5
417.0
184.5
442.5
207.0
505.5
438.0
262.5
789.0
273.0
409.5
210.0
483.0
355.5
322.5
310.5
120.0
334.5
316.5
102.0
223.5
219.0
124.5
357.0
277.5
246.0
258.0
291.0
210.0
264.0
63.0
232.5
204.0
204.0
255.0
45.0
175.5
78.0
628.5
475.5
130.5
379.5
367.5
600.0
313.5
82.5
364.5
433.5
216.0
466.5
384.0
319.5
394.5
150.0
157.5
142.5
39.0
385.5
343.5
244.5
384.0
85.5
420.0
345.0
724.5
762.0
237.0
298.5
199.5
186.0
555.0
223.5
64.5
474.0
355.5
591.0
534.0
597.0
435.0
267.0
279.0
177.0
178.5
172.5
642.0
696.0
174.0
363.0
442.5
324.0
217.5
109.5
648.0
198.0
487.5
507.0
117.0
273.0
129.0
517.5
696.0
354.0
180.0
558.0
246.0
421.5
337.5
417.0
115.5
619.5
283.5
502.5
315.0
214.5
259.5
274.5
132.0
219.0
309.0
243.0
94.5
240.0
246.0
261.0
1068.0
300.0
219.0
370.5
196.5
315.0
556.5
727.5
225.0
33.0
132.0
109.5
172.5
733.5
268.5
249.0
270.0
292.5
345.0
376.5
447.0
325.5
327.0
231.0
384.0
435.0
157.5
84.0
120.0
277.5
265.5
705.0
816.0
847.5
232.5
495.0
67.5
538.5
354.0
177.0
60.0
541.5
181.5
591.0
1078.5
267.0
379.5
465.0
390.0
448.5
438.0
99.0
213.0
339.0
73.5
154.5
387.0
219.0
144.0
309.0
129.0
280.5
369.0
483.0
303.0
426.0
337.5
444.0
223.5
243.0
1174.5
279.0
333.0
274.5
190.5
469.5
201.0
427.5
69.0
388.5
343.5
285.0
183.0
169.5
415.5
688.5
70.5
591.0
327.0
348.0
169.5
363.0
450.0
553.5
301.5
580.5
202.5
331.5
127.5
166.5
124.5
90.0
346.5
511.5
450.0
325.5
36.0
493.5
241.5
130.5
360.0
396.0
283.5
441.0
217.5
501.0
259.5
574.5
133.5
373.5
144.0
156.0
127.5
558.0
274.5
664.5
697.5
565.5
537.0
256.5
549.0
252.0
237.0
39.0
151.5
237.0
216.0
387.0
192.0
280.5
655.5
336.0
190.5
421.5
370.5
253.5
454.5
637.5
151.5
204.0
166.5
307.5
771.0
390.0
130.5
315.0
256.5
579.0
183.0
787.5
102.0
424.5
421.5
198.0
79.5
222.0
114.0
100.5
75.0
468.0
757.5
180.0
36.0
507.0
303.0
717.0
315.0
729.0
256.5
687.0
501.0
165.0
249.0
243.0
226.5
246.0
69.0
343.5
307.5
214.5
264.0
445.5
231.0
210.0
279.0
309.0
289.5
303.0
697.5
498.0
21.0
111.0
654.0
451.5
234.0
486.0
250.5
538.5
654.0
330.0
156.0
315.0
438.0
580.5
423.0
313.5
516.0
465.0
319.5
195.0
114.0
712.5
184.5
120.0
214.5
789.0
420.0
600.0
861.0
175.5
607.5
99.0
351.0
367.5
91.5
24.0
864.0
268.5
514.5
178.5
450.0
205.5
460.5
40.5
450.0
205.5
427.5
310.5
210.0
178.5
184.5
220.5
802.5
336.0
421.5
364.5
537.0
313.5
295.5
415.5
283.5
138.0
75.0
79.5
57.0
334.5
123.0
198.0
348.0
222.0
190.5
817.5
247.5
334.5
490.5
963.0
201.0
139.5
199.5
477.0
241.5
508.5
136.5
217.5
795.0
627.0
664.5
186.0
87.0
577.5
853.5
418.5
604.5
381.0
379.5
249.0
141.0
388.5
115.5
292.5
381.0
117.0
91.5
190.5
489.0
159.0
301.5
534.0
243.0
640.5
691.5
112.5
604.5
238.5
376.5
342.0
444.0
210.0
219.0
295.5
526.5
91.5
522.0
577.5
283.5
310.5
250.5
397.5
105.0
292.5
664.5
67.5
93.0
604.5
130.5
288.0
379.5
409.5
280.5
330.0
253.5
99.0
180.0
144.0
24.0
360.0
126.0
540.0
210.0
337.5
147.0
493.5
256.5
342.0
141.0
373.5
360.0
184.5
196.5
147.0
553.5
205.5
145.5
226.5
163.5
429.0
1012.5
171.0
351.0
348.0
124.5
373.5
541.5
277.5
247.5
178.5
213.0
295.5
352.5
600.0
454.5
787.5
562.5
81.0
172.5
73.5
159.0
184.5
646.5
270.0
207.0
267.0
585.0
238.5
154.5
325.5
238.5
303.0
802.5
301.5
42.0
415.5
225.0
126.0
513.0
216.0
508.5
229.5
94.5
451.5
322.5
462.0
232.5
1167.0
297.0
534.0
265.5
468.0
582.0
735.0
274.5
531.0
15.0
364.5
252.0
349.5
370.5
469.5
345.0
285.0
253.5
549.0
439.5
159.0
91.5
439.5
303.0
43.5
450.0
504.0
339.0
739.5
300.0
211.5
267.0
586.5
555.0
174.0
486.0
220.5
109.5
127.5
210.0
339.0
337.5
706.5
300.0
345.0
187.5
313.5
400.5
111.0
163.5
232.5
60.0
184.5
220.5
201.0
252.0
412.5
234.0
690.0
165.0
76.5
267.0
267.0
564.0
271.5
55.5
331.5
255.0
387.0
253.5
127.5
172.5
405.0
688.5
117.0
400.5
229.5
280.5
516.0
316.5
513.0
841.5
183.0
342.0
159.0
181.5
250.5
612.0
381.0
7.5
319.5
153.0
166.5
208.5
220.5
231.0
223.5
292.5
183.0
502.5
97.5
172.5
334.5
102.0
156.0
367.5
78.0
154.5
486.0
457.5
90.0
724.5
361.5
183.0
514.5
472.5
217.5
82.5
420.0
303.0
372.0
379.5
489.0
261.0
315.0
277.5
288.0
262.5
189.0
222.0
144.0
108.0
336.0
160.5
226.5
261.0
319.5
456.0
646.5
166.5
315.0
430.5
379.5
250.5
84.0
283.5
31.5
247.5
169.5
792.0
252.0
333.0
199.5
172.5
288.0
243.0
36.0
370.5
421.5
442.5
391.5
567.0
108.0
433.5
517.5
412.5
297.0
325.5
537.0
361.5
144.0
658.5
388.5
186.0
106.5
226.5
400.5
516.0
690.0
397.5
40.5
82.5
400.5
319.5
562.5
310.5
258.0
267.0
373.5
238.5
142.5
291.0
159.0
276.0
225.0
91.5
664.5
402.0
118.5
406.5
168.0
1072.5
201.0
223.5
331.5
145.5
598.5
160.5
432.0
315.0
345.0
520.5
448.5
96.0
211.5
316.5
108.0
540.0
88.5
151.5
174.0
423.0
534.0
103.5
241.5
69.0
252.0
195.0
210.0
196.5
121.5
162.0
612.0
348.0
223.5
267.0
300.0
150.0
829.5
775.5
504.0
664.5
157.5
420.0
354.0
190.5
399.0
213.0
291.0
601.5
138.0
376.5
367.5
67.5
369.0
723.0
108.0
853.5
126.0
183.0
547.5
384.0
259.5
348.0
153.0
330.0
549.0
261.0
313.5
531.0
652.5
360.0
318.0
393.0
289.5
543.0
570.0
130.5
514.5
613.5
423.0
331.5
588.0
897.0
48.0
276.0
145.5
412.5
288.0
328.5
394.5
307.5
495.0
297.0
280.5
550.5
96.0
286.5
61.5
112.5
222.0
361.5
663.0
531.0
229.5
147.0
60.0
300.0
123.0
36.0
184.5
606.0
420.0
391.5
306.0
297.0
210.0
378.0
82.5
228.0
339.0
565.5
97.5
574.5
508.5
96.0
525.0
573.0
241.5
390.0
565.5
123.0
45.0
526.5
147.0
277.5
913.5
663.0
58.5
495.0
492.0
129.0
429.0
250.5
195.0
151.5
184.5
591.0
310.5
252.0
720.0
313.5
141.0
649.5
118.5
325.5
166.5
334.5
175.5
334.5
388.5
91.5
421.5
343.5
78.0
288.0
219.0
235.5
351.0
201.0
195.0
549.0
202.5
192.0
133.5
519.0
321.0
450.0
448.5
561.0
463.5
37.5
444.0
1092.0
397.5
426.0
165.0
513.0
354.0
247.5
859.5
391.5
271.5
112.5
358.5
124.5
112.5
217.5
264.0
339.0
54.0
262.5
420.0
603.0
325.5
270.0
424.5
514.5
247.5
376.5
252.0
396.0
288.0
532.5
292.5
565.5
67.5
114.0
232.5
246.0
214.5
846.0
88.5
387.0
351.0
115.5
408.0
226.5
238.5
351.0
135.0
121.5
696.0
493.5
120.0
532.5
85.5
681.0
300.0
222.0
154.5
52.5
729.0
264.0
147.0
229.5
367.5
123.0
394.5
214.5
450.0
79.5
265.5
211.5
117.0
187.5
165.0
454.5
64.5
726.0
594.0
142.5
318.0
784.5
456.0
144.0
744.0
45.0
328.5
502.5
648.0
609.0
237.0
196.5
208.5
402.0
177.0
249.0
244.5
150.0
315.0
349.5
250.5
310.5
298.5
205.5
81.0
75.0
462.0
862.5
160.5
127.5
264.0
144.0
750.0
216.0
283.5
778.5
138.0
504.0
450.0
222.0
150.0
369.0
126.0
475.5
354.0
297.0
100.5
466.5
177.0
396.0
534.0
46.5
70.5
318.0
99.0
201.0
228.0
340.5
327.0
475.5
333.0
7.5
307.5
322.5
139.5
685.5
813.0
126.0
7.5
192.0
291.0
612.0
214.5
246.0
388.5
358.5
267.0
346.5
337.5
315.0
390.0
391.5
165.0
187.5
285.0
273.0
142.5
157.5
54.0
109.5
261.0
334.5
217.5
282.0
375.0
426.0
592.5
597.0
88.5
177.0
327.0
379.5
238.5
156.0
111.0
220.5
282.0
391.5
231.0
27.0
513.0
637.5
345.0
144.0
475.5
310.5
301.5
198.0
94.5
439.5
163.5
499.5
586.5
90.0
91.5
696.0
474.0
240.0
99.0
789.0
339.0
303.0
204.0
606.0
532.5
550.5
306.0
202.5
337.5
570.0
285.0
223.5
133.5
318.0
132.0
247.5
538.5
549.0
261.0
469.5
267.0
336.0
99.0
33.0
832.5
195.0
190.5
282.0
427.5
144.0
430.5
189.0
99.0
268.5
93.0
199.5
610.5
363.0
445.5
298.5
384.0
145.5
495.0
334.5
186.0
343.5
378.0
202.5
147.0
315.0
1176.0
55.5
210.0
285.0
375.0
303.0
372.0
370.5
592.5
18.0
237.0
73.5
510.0
547.5
258.0
78.0
187.5
150.0
222.0
217.5
225.0
39.0
318.0
64.5
169.5
327.0
268.5
369.0
469.5
733.5
607.5
244.5
34.5
414.0
228.0
201.0
184.5
150.0
133.5
109.5
601.5
247.5
250.5
592.5
199.5
522.0
85.5
709.5
364.5
223.5
367.5
406.5
306.0
145.5
225.0
136.5
186.0
45.0
126.0
304.5
285.0
226.5
696.0
100.5
469.5
211.5
156.0
154.5
280.5
259.5
357.0
163.5
243.0
51.0
91.5
547.5
241.5
820.5
177.0
82.5
424.5
190.5
490.5
45.0
18.0
250.5
150.0
208.5
246.0
385.5
633.0
270.0
325.5
384.0
226.5
172.5
132.0
234.0
244.5
27.0
159.0
486.0
343.5
228.0
255.0
604.5
631.5
688.5
253.5
31.5
213.0
244.5
136.5
58.5
363.0
126.0
979.5
612.0
762.0
232.5
105.0
526.5
811.5
31.5
385.5
324.0
271.5
120.0
88.5
169.5
352.5
474.0
76.5
499.5
502.5
265.5
175.5
262.5
231.0
430.5
142.5
295.5
210.0
660.0
45.0
34.5
418.5
153.0
361.5
105.0
243.0
222.0
186.0
489.0
316.5
90.0
333.0
730.5
558.0
235.5
552.0
481.5
411.0
190.5
672.0
247.5
180.0
66.0
432.0
126.0
249.0
646.5
291.0
328.5
198.0
127.5
96.0
225.0
541.5
309.0
180.0
381.0
90.0
336.0
282.0
60.0
592.5
339.0
97.5
93.0
456.0
709.5
253.5
220.5
208.5
250.5
163.5
42.0
391.5
340.5
379.5
112.5
529.5
657.0
655.5
526.5
9.0
261.0
288.0
367.5
247.5
451.5
268.5
352.5
186.0
319.5
675.0
361.5
388.5
232.5
117.0
498.0
231.0
435.0
387.0
112.5
382.5
127.5
292.5
436.5
370.5
571.5
241.5
280.5
466.5
237.0
319.5
373.5
30.0
106.5
213.0
178.5
172.5
574.5
222.0
96.0
243.0
490.5
102.0
252.0
67.5
151.5
555.0
637.5
226.5
390.0
321.0
192.0
334.5
358.5
367.5
153.0
115.5
115.5
714.0
379.5
303.0
517.5
327.0
327.0
135.0
331.5
49.5
100.5
304.5
445.5
105.0
64.5
280.5
492.0
585.0
313.5
319.5
273.0
216.0
192.0
115.5
450.0
426.0
481.5
388.5
111.0
484.5
220.5
390.0
219.0
154.5
64.5
147.0
37.5
427.5
457.5
66.0
297.0
181.5
723.0
190.5
864.0
187.5
220.5
522.0
40.5
321.0
351.0
735.0
138.0
154.5
438.0
337.5
295.5
468.0
544.5
132.0
267.0
262.5
175.5
193.5
309.0
132.0
231.0
159.0
406.5
186.0
357.0
403.5
213.0
502.5
132.0
271.5
717.0
738.0
144.0
517.5
357.0
162.0
499.5
318.0
153.0
381.0
105.0
33.0
370.5
205.5
498.0
331.5
180.0
406.5
163.5
313.5
481.5
387.0
192.0
237.0
726.0
207.0
483.0
351.0
73.5
66.0
304.5
361.5
327.0
328.5
289.5
370.5
87.0
679.5
616.5
903.0
361.5
850.5
298.5
153.0
636.0
144.0
241.5
324.0
166.5
145.5
75.0
210.0
205.5
892.5
94.5
433.5
174.0
213.0
213.0
433.5
492.0
280.5
423.0
171.0
370.5
322.5
618.0
255.0
183.0
294.0
384.0
156.0
259.5
276.0
87.0
177.0
228.0
129.0
708.0
423.0
76.5
135.0
87.0
100.5
445.5
186.0
162.0
109.5
181.5
385.5
321.0
319.5
151.5
550.5
240.0
186.0
634.5
153.0
232.5
75.0
313.5
190.5
90.0
511.5
309.0
331.5
73.5
933.0
322.5
639.0
81.0
60.0
57.0
37.5
213.0
471.0
198.0
313.5
174.0
330.0
282.0
1006.5
826.5
195.0
58.5
430.5
373.5
490.5
90.0
237.0
163.5
199.5
324.0
162.0
232.5
331.5
193.5
232.5
544.5
292.5
736.5
174.0
411.0
108.0
366.0
291.0
307.5
54.0
57.0
361.5
168.0
972.0
648.0
669.0
589.5
820.5
102.0
366.0
355.5
144.0
310.5
187.5
412.5
253.5
531.0
72.0
282.0
295.5
193.5
196.5
486.0
426.0
286.5
244.5
430.5
190.5
153.0
234.0
256.5
178.5
268.5
402.0
723.0
235.5
456.0
210.0
318.0
550.5
538.5
351.0
334.5
336.0
445.5
133.5
489.0
337.5
349.5
99.0
684.0
150.0
603.0
406.5
267.0
130.5
495.0
285.0
202.5
228.0
213.0
226.5
223.5
1008.0
678.0
565.5
420.0
306.0
156.0
547.5
463.5
388.5
219.0
267.0
87.0
283.5
115.5
79.5
139.5
420.0
604.5
462.0
451.5
373.5
414.0
177.0
76.5
310.5
234.0
117.0
409.5
489.0
150.0
304.5
112.5
406.5
148.5
616.5
423.0
222.0
241.5
271.5
198.0
88.5
385.5
469.5
144.0
258.0
135.0
319.5
412.5
225.0
210.0
178.5
484.5
250.5
285.0
241.5
288.0
325.5
391.5
327.0
648.0
481.5
88.5
436.5
604.5
588.0
336.0
172.5
258.0
192.0
79.5
705.0
234.0
375.0
340.5
679.5
352.5
541.5
400.5
192.0
93.0
838.5
468.0
121.5
597.0
523.5
130.5
64.5
193.5
139.5
340.5
216.0
355.5
87.0
285.0
388.5
325.5
306.0
274.5
772.5
220.5
189.0
375.0
481.5
421.5
223.5
208.5
504.0
585.0
180.0
157.5
379.5
295.5
117.0
108.0
541.5
828.0
112.5
121.5
262.5
828.0
367.5
135.0
327.0
361.5
70.5
300.0
430.5
405.0
231.0
487.5
223.5
177.0
276.0
259.5
79.5
180.0
231.0
223.5
654.0
160.5
214.5
316.5
295.5
132.0
286.5
216.0
159.0
331.5
547.5
574.5
345.0
280.5
207.0
780.0
256.5
160.5
334.5
457.5
228.0
484.5
424.5
306.0
274.5
367.5
412.5
1017.0
538.5
484.5
423.0
735.0
936.0
181.5
351.0
571.5
175.5
153.0
892.5
274.5
327.0
282.0
103.5
354.0
594.0
240.0
358.5
469.5
736.5
685.5
334.5
402.0
301.5
774.0
165.0
138.0
315.0
289.5
387.0
331.5
447.0
463.5
60.0
201.0
762.0
136.5
613.5
154.5
276.0
79.5
300.0
685.5
184.5
226.5
510.0
207.0
174.0
301.5
150.0
168.0
639.0
372.0
99.0
295.5
486.0
312.0
280.5
648.0
226.5
417.0
133.5
148.5
303.0
106.5
135.0
540.0
112.5
501.0
346.5
526.5
492.0
537.0
777.0
34.5
528.0
343.5
466.5
466.5
249.0
165.0
852.0
642.0
571.5
472.5
255.0
472.5
390.0
570.0
663.0
1068.0
409.5
501.0
753.0
229.5
361.5
219.0
597.0
177.0
250.5
321.0
720.0
505.5
240.0
228.0
465.0
264.0
178.5
571.5
253.5
295.5
154.5
370.5
190.5
609.0
141.0
322.5
168.0
258.0
118.5
121.5
157.5
243.0
511.5
807.0
666.0
60.0
157.5
96.0
99.0
58.5
148.5
265.5
117.0
457.5
489.0
435.0
574.5
345.0
153.0
397.5
49.5
294.0
327.0
423.0
411.0
157.5
283.5
270.0
300.0
283.5
234.0
352.5
414.0
429.0
1008.0
202.5
234.0
496.5
652.5
889.5
558.0
601.5
333.0
127.5
469.5
174.0
192.0
366.0
366.0
610.5
258.0
234.0
229.5
1342.5
352.5
444.0
474.0
252.0
528.0
367.5
319.5
189.0
157.5
489.0
262.5
186.0
783.0
726.0
360.0
447.0
240.0
948.0
46.5
516.0
213.0
297.0
420.0
300.0
207.0
205.5
547.5
333.0
535.5
232.5
16.5
336.0
238.5
144.0
207.0
139.5
376.5
508.5
304.5
183.0
102.0
192.0
450.0
234.0
369.0
327.0
607.5
196.5
363.0
156.0
150.0
351.0
544.5
259.5
291.0
859.5
148.5
775.5
220.5
250.5
1087.5
348.0
619.5
202.5
517.5
75.0
274.5
474.0
405.0
379.5
139.5
453.0
120.0
114.0
414.0
354.0
277.5
57.0
87.0
222.0
160.5
256.5
441.0
358.5
355.5
37.5
126.0
250.5
174.0
220.5
85.5
69.0
454.5
175.5
406.5
198.0
202.5
285.0
225.0
264.0
340.5
541.5
276.0
264.0
264.0
220.5
340.5
214.5
274.5
448.5
303.0
228.0
538.5
204.0
387.0
432.0
205.5
433.5
220.5
291.0
210.0
223.5
349.5
685.5
22.5
223.5
504.0
286.5
159.0
312.0
193.5
249.0
495.0
325.5
271.5
277.5
228.0
448.5
259.5
180.0
562.5
178.5
775.5
253.5
538.5
201.0
159.0
213.0
102.0
417.0
199.5
202.5
360.0
163.5
418.5
198.0
255.0
420.0
52.5
147.0
477.0
159.0
276.0
879.0
751.5
429.0
250.5
430.5
492.0
343.5
507.0
622.5
430.5
108.0
432.0
409.5
318.0
399.0
241.5
532.5
373.5
541.5
429.0
81.0
250.5
105.0
325.5
189.0
381.0
124.5
369.0
421.5
394.5
409.5
39.0
48.0
271.5
51.0
208.5
295.5
313.5
316.5
55.5
145.5
36.0
97.5
325.5
252.0
717.0
759.0
486.0
157.5
522.0
552.0
267.0
327.0
267.0
468.0
424.5
451.5
75.0
118.5
466.5
346.5
346.5
43.5
112.5
244.5
420.0
78.0
121.5
58.5
207.0
436.5
96.0
564.0
304.5
144.0
475.5
444.0
328.5
154.5
714.0
207.0
223.5
528.0
253.5
753.0
301.5
327.0
133.5
156.0
498.0
541.5
180.0
318.0
706.5
286.5
363.0
111.0
535.5
414.0
51.0
48.0
321.0
378.0
1221.0
652.5
438.0
439.5
82.5
669.0
645.0
232.5
486.0
168.0
121.5
351.0
414.0
243.0
202.5
51.0
102.0
183.0
142.5
405.0
796.5
303.0
406.5
628.5
66.0
85.5
531.0
25.5
367.5
331.5
129.0
160.5
195.0
693.0
351.0
336.0
219.0
175.5
190.5
210.0
172.5
421.5
169.5
357.0
472.5
106.5
628.5
211.5
225.0
126.0
208.5
340.5
312.0
409.5
246.0
292.5
204.0
363.0
277.5
366.0
501.0
442.5
313.5
216.0
378.0
81.0
87.0
481.5
579.0
331.5
271.5
150.0
217.5
276.0
654.0
34.5
270.0
97.5
13.5
309.0
376.5
400.5
129.0
256.5
304.5
237.0
645.0
228.0
426.0
156.0
429.0
121.5
382.5
349.5
462.0
303.0
525.0
219.0
391.5
210.0
661.5
412.5
507.0
289.5
277.5
286.5
105.0
313.5
375.0
496.5
157.5
103.5
420.0
375.0
133.5
1087.5
405.0
697.5
315.0
207.0
250.5
498.0
21.0
400.5
298.5
396.0
259.5
213.0
484.5
604.5
265.5
570.0
715.5
165.0
225.0
130.5
109.5
15.0
394.5
162.0
493.5
499.5
141.0
1053.0
306.0
94.5
16.5
138.0
328.5
193.5
391.5
319.5
70.5
129.0
180.0
367.5
348.0
318.0
114.0
378.0
408.0
214.5
619.5
414.0
114.0
421.5
708.0
361.5
708.0
346.5
312.0
583.5
424.5
232.5
246.0
96.0
372.0
420.0
511.5
147.0
229.5
103.5
175.5
210.0
99.0
442.5
520.5
130.5
715.5
291.0
342.0
453.0
436.5
418.5
351.0
160.5
919.5
520.5
102.0
357.0
532.5
201.0
268.5
429.0
121.5
345.0
426.0
124.5
132.0
178.5
115.5
123.0
262.5
303.0
502.5
196.5
49.5
58.5
348.0
78.0
183.0
519.0
132.0
235.5
1.5
67.5
148.5
769.5
148.5
288.0
136.5
234.0
556.5
208.5
210.0
361.5
352.5
60.0
117.0
285.0
348.0
652.5
324.0
586.5
81.0
531.0
216.0
841.5
147.0
198.0
396.0
570.0
300.0
408.0
468.0
235.5
213.0
412.5
762.0
576.0
373.5
309.0
180.0
261.0
277.5
339.0
319.5
283.5
361.5
163.5
432.0
426.0
90.0
360.0
600.0
193.5
222.0
210.0
492.0
219.0
520.5
396.0
231.0
175.5
295.5
171.0
274.5
88.5
354.0
60.0
516.0
129.0
244.5
420.0
219.0
184.5
118.5
199.5
163.5
298.5
741.0
409.5
178.5
154.5
238.5
235.5
223.5
286.5
318.0
552.0
684.0
355.5
279.0
753.0
499.5
594.0
183.0
490.5
570.0
325.5
294.0
418.5
13.5
9.0
219.0
78.0
531.0
79.5
27.0
481.5
922.5
697.5
277.5
117.0
450.0
196.5
115.5
162.0
112.5
303.0
127.5
135.0
310.5
196.5
154.5
132.0
508.5
273.0
340.5
147.0
351.0
276.0
331.5
105.0
133.5
786.0
507.0
130.5
472.5
459.0
307.5
747.0
40.5
252.0
520.5
426.0
301.5
447.0
385.5
124.5
511.5
171.0
291.0
547.5
214.5
291.0
397.5
178.5
199.5
600.0
180.0
502.5
733.5
289.5
772.5
330.0
325.5
103.5
396.0
117.0
120.0
186.0
573.0
369.0
513.0
312.0
322.5
388.5
225.0
526.5
220.5
522.0
100.5
127.5
421.5
72.0
219.0
255.0
597.0
112.5
306.0
166.5
228.0
490.5
205.5
1117.5
334.5
382.5
75.0
163.5
315.0
280.5
537.0
340.5
516.0
162.0
64.5
244.5
342.0
99.0
270.0
178.5
723.0
481.5
571.5
346.5
417.0
765.0
475.5
253.5
355.5
481.5
309.0
660.0
586.5
436.5
337.5
405.0
313.5
541.5
645.0
127.5
313.5
225.0
361.5
45.0
277.5
142.5
358.5
342.0
99.0
189.0
234.0
154.5
478.5
280.5
580.5
498.0
70.5
153.0
466.5
487.5
111.0
256.5
414.0
475.5
328.5
621.0
550.5
798.0
235.5
354.0
471.0
405.0
234.0
165.0
409.5
472.5
376.5
61.5
213.0
537.0
565.5
256.5
231.0
201.0
271.5
238.5
229.5
385.5
315.0
402.0
472.5
226.5
412.5
175.5
228.0
268.5
336.0
141.0
153.0
190.5
264.0
226.5
409.5
510.0
109.5
676.5
232.5
117.0
118.5
220.5
694.5
487.5
325.5
565.5
243.0
585.0
541.5
607.5
132.0
247.5
409.5
705.0
160.5
238.5
117.0
996.0
273.0
259.5
304.5
247.5
529.5
324.0
604.5
309.0
300.0
262.5
112.5
732.0
396.0
156.0
303.0
186.0
201.0
87.0
480.0
238.5
87.0
478.5
355.5
330.0
235.5
205.5
327.0
582.0
249.0
273.0
372.0
142.5
274.5
180.0
160.5
288.0
559.5
427.5
345.0
423.0
637.5
957.0
274.5
316.5
766.5
279.0
438.0
300.0
546.0
615.0
312.0
72.0
609.0
253.5
24.0
408.0
333.0
91.5
312.0
300.0
261.0
343.5
147.0
129.0
376.5
294.0
249.0
196.5
225.0
396.0
217.5
621.0
240.0
511.5
441.0
340.5
145.5
849.0
840.0
309.0
376.5
241.5
333.0
429.0
220.5
345.0
90.0
147.0
391.5
406.5
354.0
301.5
291.0
442.5
450.0
370.5
438.0
226.5
519.0
127.5
76.5
25.5
139.5
735.0
264.0
828.0
558.0
340.5
396.0
412.5
393.0
148.5
397.5
108.0
142.5
522.0
622.5
436.5
354.0
396.0
189.0
136.5
318.0
66.0
445.5
633.0
297.0
67.5
55.5
243.0
315.0
321.0
358.5
562.5
274.5
481.5
778.5
441.0
460.5
198.0
276.0
721.5
369.0
714.0
400.5
379.5
685.5
352.5
409.5
394.5
204.0
633.0
367.5
312.0
217.5
364.5
387.0
402.0
295.5
232.5
471.0
268.5
228.0
465.0
316.5
573.0
193.5
553.5
465.0
198.0
313.5
600.0
135.0
154.5
165.0
439.5
387.0
259.5
285.0
189.0
645.0
63.0
382.5
174.0
777.0
129.0
480.0
397.5
444.0
69.0
127.5
333.0
411.0
406.5
651.0
888.0
124.5
324.0
156.0
487.5
621.0
837.0
256.5
181.5
231.0
208.5
310.5
520.5
226.5
268.5
411.0
148.5
310.5
297.0
303.0
408.0
61.5
303.0
219.0
460.5
285.0
324.0
105.0
247.5
529.5
555.0
490.5
204.0
1191.0
576.0
85.5
321.0
228.0
118.5
261.0
564.0
186.0
201.0
349.5
405.0
531.0
534.0
949.5
288.0
195.0
669.0
268.5
76.5
364.5
169.5
114.0
184.5
417.0
316.5
579.0
168.0
262.5
78.0
291.0
162.0
243.0
286.5
148.5
309.0
373.5
339.0
316.5
486.0
595.5
577.5
132.0
799.5
811.5
300.0
373.5
123.0
114.0
246.0
307.5
451.5
726.0
478.5
301.5
148.5
169.5
438.0
274.5
327.0
276.0
228.0
283.5
54.0
417.0
103.5
567.0
951.0
307.5
198.0
345.0
235.5
241.5
229.5
142.5
34.5
361.5
292.5
673.5
330.0
159.0
136.5
235.5
576.0
372.0
423.0
87.0
196.5
156.0
205.5
424.5
285.0
108.0
277.5
733.5
435.0
589.5
324.0
166.5
121.5
447.0
531.0
57.0
150.0
640.5
300.0
562.5
154.5
222.0
552.0
201.0
354.0
268.5
189.0
99.0
258.0
384.0
415.5
406.5
297.0
463.5
592.5
657.0
459.0
397.5
438.0
556.5
540.0
819.0
231.0
541.5
183.0
312.0
42.0
114.0
172.5
265.5
859.5
381.0
388.5
462.0
151.5
309.0
313.5
141.0
330.0
145.5
226.5
120.0
114.0
43.5
541.5
183.0
652.5
264.0
148.5
175.5
315.0
205.5
220.5
237.0
213.0
193.5
427.5
222.0
274.5
421.5
339.0
313.5
519.0
429.0
501.0
283.5
210.0
387.0
730.5
276.0
286.5
231.0
109.5
172.5
246.0
345.0
249.0
142.5
388.5
156.0
165.0
403.5
213.0
63.0
88.5
283.5
295.5
268.5
361.5
180.0
208.5
627.0
114.0
265.5
342.0
106.5
159.0
298.5
211.5
270.0
258.0
673.5
624.0
234.0
484.5
136.5
291.0
519.0
435.0
327.0
91.5
246.0
237.0
301.5
456.0
288.0
313.5
361.5
334.5
168.0
175.5
268.5
1060.5
814.5
265.5
385.5
108.0
265.5
202.5
486.0
328.5
99.0
96.0
339.0
189.0
147.0
399.0
154.5
487.5
760.5
166.5
267.0
408.0
102.0
414.0
322.5
309.0
262.5
397.5
375.0
331.5
159.0
474.0
181.5
490.5
142.5
174.0
345.0
76.5
504.0
435.0
354.0
69.0
337.5
322.5
550.5
649.5
331.5
153.0
162.0
226.5
186.0
228.0
157.5
387.0
319.5
190.5
219.0
289.5
406.5
54.0
427.5
595.5
480.0
244.5
289.5
279.0
34.5
226.5
508.5
267.0
144.0
205.5
121.5
190.5
129.0
193.5
67.5
216.0
763.5
477.0
228.0
216.0
433.5
240.0
394.5
259.5
127.5
45.0
126.0
471.0
262.5
384.0
61.5
357.0
174.0
229.5
202.5
241.5
636.0
325.5
408.0
295.5
28.5
849.0
598.5
709.5
207.0
318.0
130.5
366.0
474.0
286.5
384.0
370.5
288.0
493.5
327.0
57.0
162.0
66.0
394.5
108.0
564.0
187.5
580.5
477.0
330.0
720.0
171.0
357.0
628.5
204.0
58.5
145.5
279.0
235.5
291.0
255.0
103.5
382.5
42.0
127.5
153.0
139.5
768.0
375.0
393.0
31.5
814.5
333.0
174.0
225.0
244.5
304.5
576.0
42.0
706.5
802.5
546.0
255.0
181.5
103.5
217.5
187.5
487.5
235.5
180.0
229.5
226.5
168.0
438.0
631.5
634.5
232.5
252.0
223.5
229.5
459.0
54.0
183.0
549.0
424.5
211.5
72.0
151.5
466.5
357.0
424.5
246.0
361.5
72.0
250.5
468.0
327.0
138.0
313.5
88.5
567.0
336.0
445.5
495.0
223.5
66.0
253.5
414.0
31.5
400.5
225.0
157.5
295.5
262.5
142.5
303.0
295.5
627.0
153.0
117.0
147.0
246.0
300.0
274.5
594.0
255.0
642.0
288.0
277.5
349.5
33.0
198.0
85.5
181.5
190.5
73.5
459.0
231.0
199.5
211.5
99.0
87.0
561.0
331.5
328.5
247.5
301.5
174.0
288.0
691.5
625.5
112.5
247.5
879.0
430.5
52.5
775.5
541.5
303.0
442.5
169.5
286.5
156.0
577.5
52.5
153.0
216.0
120.0
354.0
112.5
613.5
211.5
295.5
637.5
48.0
762.0
673.5
625.5
246.0
457.5
64.5
369.0
231.0
105.0
49.5
265.5
64.5
339.0
714.0
226.5
378.0
777.0
558.0
274.5
76.5
247.5
256.5
429.0
499.5
333.0
252.0
174.0
201.0
276.0
238.5
81.0
321.0
942.0
117.0
246.0
358.5
337.5
511.5
642.0
325.5
628.5
606.0
708.0
303.0
423.0
634.5
118.5
612.0
1030.5
285.0
340.5
100.5
181.5
69.0
342.0
193.5
189.0
70.5
333.0
324.0
193.5
577.5
69.0
742.5
481.5
151.5
193.5
654.0
306.0
123.0
181.5
154.5
46.5
123.0
273.0
129.0
420.0
313.5
66.0
229.5
375.0
49.5
303.0
46.5
211.5
219.0
540.0
430.5
555.0
648.0
666.0
703.5
249.0
111.0
94.5
385.5
370.5
52.5
234.0
103.5
532.5
336.0
126.0
169.5
384.0
199.5
364.5
426.0
363.0
163.5
385.5
660.0
202.5
199.5
186.0
237.0
244.5
265.5
226.5
432.0
72.0
360.0
169.5
198.0
559.5
346.5
156.0
375.0
408.0
157.5
354.0
510.0
429.0
822.0
594.0
76.5
408.0
910.5
121.5
172.5
546.0
406.5
412.5
264.0
301.5
294.0
162.0
223.5
520.5
238.5
337.5
97.5
18.0
192.0
394.5
298.5
310.5
163.5
504.0
51.0
615.0
186.0
202.5
217.5
141.0
192.0
336.0
64.5
235.5
313.5
351.0
255.0
186.0
129.0
159.0
163.5
325.5
277.5
448.5
154.5
211.5
96.0
201.0
195.0
562.5
220.5
168.0
234.0
379.5
445.5
267.0
217.5
190.5
163.5
214.5
457.5
229.5
496.5
226.5
109.5
64.5
255.0
981.0
225.0
753.0
370.5
361.5
522.0
399.0
361.5
436.5
520.5
303.0
156.0
175.5
249.0
180.0
588.0
195.0
489.0
561.0
483.0
93.0
474.0
813.0
298.5
186.0
292.5
54.0
172.5
333.0
241.5
534.0
360.0
214.5
886.5
928.5
357.0
301.5
123.0
255.0
277.5
205.5
123.0
312.0
129.0
274.5
46.5
177.0
270.0
394.5
162.0
523.5
54.0
121.5
331.5
628.5
136.5
90.0
201.0
483.0
178.5
625.5
858.0
337.5
319.5
300.0
222.0
352.5
211.5
625.5
913.5
912.0
234.0
282.0
87.0
417.0
484.5
271.5
442.5
142.5
282.0
223.5
1003.5
384.0
739.5
448.5
319.5
171.0
271.5
391.5
292.5
282.0
271.5
1042.5
268.5
358.5
643.5
178.5
765.0
370.5
429.0
682.5
360.0
352.5
244.5
147.0
76.5
393.0
372.0
750.0
418.5
259.5
108.0
367.5
282.0
235.5
333.0
145.5
459.0
210.0
216.0
219.0
199.5
52.5
460.5
177.0
268.5
651.0
358.5
406.5
406.5
358.5
381.0
214.5
109.5
184.5
430.5
217.5
490.5
160.5
567.0
727.5
1084.5
384.0
519.0
403.5
40.5
318.0
412.5
739.5
637.5
240.0
240.0
360.0
279.0
229.5
210.0
172.5
234.0
192.0
390.0
726.0
421.5
451.5
358.5
441.0
202.5
183.0
223.5
328.5
465.0
868.5
336.0
237.0
387.0
393.0
387.0
274.5
163.5
42.0
397.5
204.0
211.5
130.5
177.0
766.5
675.0
240.0
372.0
534.0
697.5
213.0
40.5
124.5
91.5
300.0
219.0
295.5
78.0
312.0
51.0
208.5
265.5
385.5
441.0
292.5
612.0
177.0
304.5
103.5
238.5
96.0
160.5
868.5
433.5
643.5
607.5
507.0
102.0
51.0
205.5
267.0
63.0
157.5
328.5
163.5
166.5
349.5
256.5
204.0
232.5
388.5
43.5
105.0
156.0
340.5
280.5
33.0
340.5
390.0
214.5
79.5
331.5
714.0
40.5
255.0
180.0
39.0
382.5
259.5
432.0
177.0
409.5
25.5
76.5
151.5
159.0
354.0
129.0
72.0
375.0
67.5
145.5
378.0
339.0
622.5
342.0
192.0
90.0
61.5
369.0
157.5
73.5
603.0
544.5
538.5
81.0
172.5
819.0
303.0
366.0
163.5
240.0
439.5
594.0
105.0
187.5
201.0
340.5
51.0
82.5
228.0
157.5
402.0
177.0
112.5
190.5
205.5
394.5
328.5
292.5
426.0
408.0
352.5
264.0
120.0
171.0
169.5
346.5
627.0
643.5
49.5
195.0
369.0
268.5
439.5
195.0
432.0
433.5
625.5
544.5
246.0
334.5
181.5
510.0
366.0
99.0
1035.0
279.0
931.5
424.5
675.0
192.0
271.5
187.5
324.0
600.0
114.0
514.5
126.0
535.5
498.0
174.0
96.0
210.0
234.0
159.0
235.5
579.0
259.5
388.5
214.5
333.0
552.0
573.0
280.5
355.5
70.5
286.5
76.5
355.5
111.0
231.0
528.0
645.0
252.0
436.5
159.0
387.0
93.0
310.5
156.0
487.5
67.5
96.0
327.0
640.5
250.5
406.5
312.0
262.5
514.5
889.5
466.5
60.0
324.0
81.0
544.5
199.5
391.5
604.5
535.5
655.5
103.5
781.5
205.5
430.5
255.0
546.0
235.5
253.5
520.5
237.0
201.0
270.0
466.5
333.0
102.0
190.5
81.0
49.5
132.0
90.0
160.5
246.0
469.5
229.5
61.5
159.0
462.0
262.5
163.5
643.5
562.5
196.5
414.0
351.0
163.5
232.5
259.5
189.0
253.5
426.0
162.0
330.0
655.5
256.5
366.0
274.5
169.5
405.0
288.0
610.5
412.5
336.0
598.5
139.5
190.5
390.0
229.5
294.0
318.0
172.5
579.0
388.5
217.5
295.5
492.0
547.5
232.5
490.5
580.5
652.5
501.0
421.5
366.0
180.0
66.0
228.0
309.0
366.0
40.5
309.0
213.0
358.5
201.0
211.5
130.5
249.0
174.0
646.5
595.5
492.0
405.0
268.5
378.0
261.0
103.5
312.0
291.0
328.5
210.0
202.5
163.5
312.0
190.5
28.5
207.0
429.0
274.5
276.0
369.0
16.5
91.5
255.0
241.5
121.5
582.0
744.0
472.5
343.5
229.5
174.0
280.5
196.5
129.0
411.0
58.5
303.0
244.5
244.5
441.0
931.5
376.5
394.5
510.0
508.5
256.5
471.0
106.5
78.0
460.5
39.0
84.0
79.5
267.0
721.5
303.0
88.5
241.5
211.5
249.0
396.0
330.0
90.0
298.5
304.5
139.5
112.5
184.5
270.0
357.0
346.5
88.5
76.5
132.0
348.0
273.0
244.5
153.0
240.0
276.0
420.0
249.0
37.5
237.0
285.0
133.5
636.0
240.0
622.5
517.5
343.5
451.5
66.0
475.5
585.0
400.5
283.5
496.5
531.0
64.5
462.0
280.5
672.0
184.5
873.0
693.0
514.5
133.5
219.0
834.0
336.0
456.0
154.5
144.0
532.5
141.0
303.0
348.0
427.5
306.0
394.5
202.5
171.0
181.5
162.0
138.0
132.0
180.0
292.5
468.0
568.5
504.0
154.5
955.5
159.0
199.5
58.5
180.0
264.0
373.5
558.0
583.5
504.0
84.0
318.0
283.5
708.0
253.5
175.5
297.0
390.0
190.5
192.0
846.0
183.0
745.5
273.0
328.5
421.5
876.0
244.5
222.0
178.5
166.5
270.0
376.5
198.0
325.5
357.0
223.5
162.0
214.5
267.0
618.0
30.0
283.5
750.0
255.0
384.0
234.0
553.5
97.5
133.5
279.0
475.5
75.0
67.5
79.5
901.5
787.5
136.5
378.0
199.5
238.5
565.5
220.5
171.0
442.5
264.0
202.5
510.0
729.0
276.0
327.0
633.0
391.5
414.0
753.0
283.5
414.0
249.0
333.0
399.0
583.5
291.0
63.0
324.0
829.5
322.5
205.5
249.0
546.0
354.0
397.5
402.0
546.0
97.5
214.5
522.0
90.0
147.0
156.0
451.5
330.0
226.5
165.0
78.0
148.5
358.5
220.5
295.5
550.5
412.5
694.5
289.5
297.0
343.5
352.5
151.5
387.0
448.5
133.5
31.5
205.5
717.0
127.5
144.0
214.5
438.0
130.5
226.5
771.0
87.0
933.0
411.0
244.5
234.0
115.5
345.0
351.0
375.0
369.0
511.5
396.0
205.5
246.0
441.0
325.5
145.5
259.5
498.0
600.0
547.5
249.0
147.0
151.5
349.5
280.5
267.0
63.0
817.5
58.5
360.0
600.0
441.0
513.0
184.5
337.5
513.0
501.0
328.5
178.5
226.5
183.0
256.5
274.5
588.0
229.5
322.5
106.5
217.5
858.0
724.5
96.0
40.5
243.0
181.5
285.0
105.0
160.5
157.5
523.5
79.5
213.0
255.0
546.0
136.5
129.0
495.0
223.5
79.5
345.0
175.5
297.0
202.5
441.0
343.5
514.5
274.5
313.5
231.0
345.0
111.0
174.0
387.0
31.5
309.0
334.5
727.5
543.0
307.5
742.5
24.0
397.5
627.0
198.0
319.5
358.5
603.0
261.0
237.0
171.0
298.5
429.0
70.5
192.0
442.5
186.0
450.0
249.0
342.0
562.5
495.0
105.0
279.0
181.5
456.0
376.5
348.0
51.0
40.5
424.5
390.0
178.5
54.0
259.5
352.5
250.5
247.5
340.5
352.5
280.5
447.0
456.0
202.5
294.0
198.0
175.5
600.0
558.0
735.0
154.5
361.5
345.0
432.0
457.5
463.5
415.5
282.0
306.0
340.5
303.0
118.5
379.5
597.0
193.5
507.0
277.5
187.5
525.0
729.0
121.5
340.5
499.5
214.5
240.0
403.5
40.5
198.0
363.0
217.5
142.5
283.5
73.5
211.5
268.5
112.5
322.5
144.0
88.5
442.5
289.5
708.0
264.0
367.5
517.5
268.5
303.0
33.0
646.5
81.0
172.5
60.0
241.5
316.5
198.0
135.0
276.0
357.0
115.5
165.0
685.5
234.0
310.5
90.0
451.5
135.0
333.0
319.5
576.0
216.0
346.5
292.5
165.0
424.5
271.5
405.0
606.0
457.5
336.0
616.5
244.5
256.5
87.0
838.5
462.0
135.0
355.5
861.0
517.5
217.5
292.5
246.0
139.5
58.5
72.0
324.0
339.0
243.0
148.5
561.0
39.0
183.0
765.0
237.0
234.0
235.5
271.5
331.5
526.5
288.0
328.5
246.0
429.0
328.5
204.0
442.5
223.5
112.5
240.0
169.5
376.5
463.5
228.0
192.0
540.0
94.5
195.0
193.5
789.0
411.0
130.5
157.5
160.5
415.5
114.0
43.5
141.0
234.0
567.0
303.0
801.0
288.0
333.0
301.5
120.0
78.0
309.0
460.5
