451.5
543.0
210.0
246.0
387.0
45.0
250.5
318.0
529.5
114.0
667.5
267.0
249.0
262.5
478.5
505.5
177.0
499.5
142.5
904.5
795.0
270.0
430.5
349.5
225.0
93.0
309.0
79.5
136.5
607.5
361.5
432.0
340.5
322.5
618.0
78.0
375.0
112.5
232.5
397.5
471.0
216.0
472.5
330.0
282.0
315.0
610.5
273.0
390.0
175.5
670.5
252.0
130.5
165.0
162.0
91.5
720.0
547.5
685.5
627.0
231.0
960.0
478.5
180.0
616.5
456.0
775.5
724.5
424.5
463.5
477.0
525.0
436.5
382.5
526.5
237.0
300.0
90.0
276.0
349.5
192.0
49.5
180.0
72.0
154.5
175.5
1212.0
214.5
66.0
189.0
178.5
363.0
537.0
316.5
484.5
207.0
652.5
391.5
417.0
424.5
261.0
361.5
448.5
255.0
289.5
342.0
933.0
567.0
609.0
889.5
322.5
499.5
343.5
760.5
372.0
580.5
594.0
717.0
255.0
486.0
285.0
318.0
646.5
240.0
64.5
45.0
201.0
750.0
430.5
108.0
369.0
469.5
429.0
301.5
273.0
61.5
711.0
556.5
625.5
1072.5
490.5
393.0
367.5
234.0
358.5
1213.5
36.0
445.5
585.0
861.0
499.5
489.0
121.5
807.0
13.5
259.5
142.5
574.5
193.5
262.5
234.0
102.0
447.0
367.5
597.0
183.0
133.5
784.5
157.5
292.5
588.0
417.0
514.5
69.0
783.0
166.5
427.5
475.5
480.0
256.5
343.5
777.0
124.5
1285.5
880.5
429.0
408.0
949.5
340.5
561.0
702.0
316.5
486.0
628.5
270.0
103.5
369.0
42.0
288.0
393.0
73.5
475.5
525.0
511.5
183.0
403.5
300.0
388.5
46.5
711.0
295.5
199.5
364.5
274.5
582.0
142.5
769.5
820.5
205.5
448.5
691.5
424.5
436.5
265.5
111.0
208.5
427.5
105.0
309.0
102.0
643.5
312.0
1032.0
187.5
150.0
187.5
693.0
345.0
922.5
1173.0
472.5
159.0
435.0
489.0
981.0
799.5
310.5
318.0
367.5
97.5
219.0
201.0
301.5
832.5
232.5
838.5
318.0
477.0
801.0
300.0
144.0
499.5
579.0
646.5
18.0
192.0
157.5
103.5
121.5
580.5
202.5
585.0
186.0
868.5
619.5
213.0
292.5
204.0
352.5
1165.5
163.5
522.0
351.0
321.0
361.5
562.5
579.0
970.5
840.0
546.0
585.0
592.5
673.5
328.5
1219.5
228.0
147.0
606.0
238.5
1047.0
316.5
307.5
432.0
444.0
607.5
216.0
978.0
216.0
616.5
75.0
187.5
31.5
811.5
492.0
580.5
379.5
108.0
972.0
969.0
990.0
919.5
306.0
649.5
132.0
238.5
345.0
532.5
834.0
804.0
844.5
165.0
678.0
1009.5
279.0
672.0
724.5
270.0
106.5
460.5
535.5
177.0
255.0
625.5
849.0
187.5
547.5
469.5
505.5
618.0
322.5
663.0
555.0
333.0
688.5
193.5
592.5
217.5
262.5
240.0
151.5
645.0
99.0
604.5
579.0
168.0
90.0
516.0
105.0
423.0
160.5
349.5
921.0
684.0
109.5
369.0
82.5
282.0
820.5
304.5
447.0
372.0
324.0
76.5
394.5
829.5
829.5
87.0
288.0
141.0
798.0
367.5
34.5
438.0
478.5
361.5
382.5
72.0
727.5
225.0
552.0
301.5
423.0
208.5
49.5
132.0
159.0
510.0
15.0
517.5
891.0
349.5
594.0
283.5
795.0
133.5
723.0
415.5
168.0
60.0
526.5
676.5
69.0
570.0
255.0
570.0
306.0
609.0
285.0
129.0
427.5
463.5
442.5
712.5
240.0
139.5
367.5
462.0
108.0
660.0
1150.5
84.0
81.0
34.5
307.5
49.5
115.5
177.0
270.0
70.5
966.0
387.0
678.0
477.0
225.0
172.5
736.5
840.0
1140.0
103.5
190.5
360.0
996.0
475.5
409.5
99.0
250.5
255.0
313.5
139.5
402.0
384.0
612.0
463.5
114.0
336.0
315.0
282.0
154.5
258.0
589.5
40.5
240.0
376.5
412.5
309.0
619.5
498.0
400.5
84.0
256.5
393.0
681.0
517.5
504.0
87.0
175.5
120.0
31.5
330.0
397.5
198.0
294.0
589.5
678.0
543.0
268.5
225.0
202.5
195.0
795.0
322.5
535.5
228.0
412.5
108.0
240.0
37.5
595.5
312.0
423.0
265.5
166.5
217.5
486.0
109.5
223.5
240.0
628.5
660.0
291.0
370.5
118.5
510.0
636.0
759.0
778.5
277.5
141.0
457.5
427.5
406.5
885.0
432.0
562.5
1072.5
139.5
340.5
387.0
192.0
985.5
249.0
499.5
252.0
150.0
217.5
570.0
285.0
829.5
325.5
243.0
330.0
250.5
264.0
205.5
382.5
250.5
234.0
807.0
295.5
363.0
196.5
547.5
678.0
286.5
324.0
250.5
1036.5
432.0
615.0
298.5
595.5
912.0
888.0
127.5
178.5
430.5
220.5
679.5
79.5
541.5
201.0
150.0
367.5
264.0
259.5
693.0
319.5
195.0
733.5
102.0
294.0
258.0
267.0
622.5
360.0
495.0
225.0
454.5
223.5
447.0
181.5
937.5
1356.0
76.5
213.0
274.5
823.5
546.0
379.5
130.5
336.0
288.0
696.0
259.5
450.0
286.5
205.5
471.0
403.5
172.5
427.5
282.0
526.5
418.5
651.0
25.5
702.0
178.5
180.0
532.5
385.5
343.5
666.0
220.5
396.0
912.0
267.0
939.0
616.5
1006.5
369.0
151.5
345.0
361.5
705.0
253.5
772.5
720.0
750.0
391.5
199.5
223.5
409.5
148.5
310.5
291.0
396.0
87.0
246.0
361.5
579.0
825.0
277.5
886.5
117.0
957.0
295.5
393.0
411.0
685.5
144.0
385.5
448.5
231.0
67.5
210.0
567.0
549.0
117.0
967.5
235.5
604.5
178.5
261.0
316.5
972.0
801.0
631.5
508.5
516.0
352.5
400.5
498.0
123.0
285.0
208.5
91.5
114.0
562.5
274.5
1393.5
198.0
1062.0
66.0
304.5
439.5
631.5
282.0
1449.0
525.0
273.0
276.0
393.0
85.5
196.5
307.5
211.5
169.5
99.0
495.0
408.0
175.5
189.0
1410.0
307.5
442.5
154.5
493.5
25.5
498.0
559.5
535.5
193.5
114.0
370.5
859.5
87.0
277.5
61.5
315.0
670.5
82.5
525.0
439.5
526.5
505.5
694.5
618.0
531.0
597.0
265.5
693.0
34.5
973.5
265.5
186.0
319.5
429.0
108.0
258.0
261.0
516.0
270.0
325.5
25.5
502.5
111.0
136.5
96.0
400.5
438.0
564.0
598.5
172.5
588.0
288.0
361.5
244.5
94.5
666.0
102.0
801.0
211.5
282.0
672.0
186.0
267.0
102.0
90.0
348.0
303.0
640.5
295.5
840.0
498.0
388.5
574.5
463.5
345.0
193.5
262.5
786.0
1102.5
204.0
139.5
15.0
288.0
240.0
45.0
49.5
120.0
291.0
436.5
339.0
229.5
217.5
291.0
352.5
148.5
109.5
627.0
388.5
285.0
258.0
147.0
421.5
358.5
355.5
600.0
723.0
579.0
264.0
97.5
258.0
1080.0
376.5
1320.0
484.5
279.0
172.5
253.5
546.0
346.5
1264.5
513.0
189.0
235.5
76.5
283.5
1212.0
525.0
672.0
453.0
826.5
1065.0
426.0
330.0
823.5
480.0
435.0
202.5
726.0
759.0
741.0
340.5
175.5
621.0
396.0
226.5
111.0
189.0
339.0
886.5
145.5
136.5
598.5
163.5
327.0
312.0
306.0
100.5
399.0
264.0
238.5
543.0
616.5
202.5
529.5
145.5
207.0
469.5
933.0
64.5
438.0
120.0
306.0
250.5
868.5
1084.5
729.0
357.0
582.0
27.0
537.0
331.5
483.0
768.0
1015.5
573.0
756.0
787.5
555.0
222.0
90.0
304.5
358.5
69.0
465.0
36.0
316.5
112.5
367.5
165.0
231.0
121.5
171.0
513.0
207.0
360.0
175.5
445.5
286.5
1123.5
612.0
439.5
330.0
433.5
213.0
228.0
702.0
102.0
207.0
55.5
823.5
333.0
216.0
484.5
79.5
631.5
549.0
895.5
408.0
142.5
1347.0
1231.5
907.5
721.5
627.0
654.0
156.0
585.0
523.5
229.5
375.0
189.0
429.0
469.5
234.0
96.0
498.0
699.0
472.5
424.5
114.0
594.0
175.5
739.5
220.5
445.5
130.5
289.5
301.5
294.0
501.0
262.5
82.5
190.5
109.5
379.5
168.0
364.5
768.0
622.5
276.0
336.0
240.0
847.5
535.5
241.5
262.5
558.0
274.5
478.5
387.0
304.5
871.5
801.0
922.5
288.0
733.5
282.0
1297.5
276.0
280.5
753.0
847.5
325.5
46.5
373.5
397.5
561.0
582.0
487.5
436.5
742.5
190.5
414.0
639.0
345.0
529.5
684.0
258.0
342.0
772.5
222.0
619.5
340.5
1068.0
448.5
340.5
234.0
165.0
151.5
247.5
535.5
252.0
646.5
430.5
6.0
600.0
171.0
634.5
327.0
102.0
267.0
232.5
213.0
337.5
1140.0
361.5
298.5
552.0
235.5
975.0
540.0
46.5
555.0
85.5
1201.5
1186.5
466.5
250.5
105.0
178.5
292.5
618.0
1011.0
148.5
175.5
991.5
1066.5
141.0
837.0
279.0
483.0
763.5
892.5
351.0
453.0
273.0
202.5
297.0
643.5
960.0
544.5
246.0
325.5
529.5
534.0
273.0
661.5
232.5
468.0
306.0
297.0
679.5
550.5
238.5
109.5
106.5
504.0
274.5
582.0
1132.5
751.5
258.0
163.5
1000.5
240.0
147.0
253.5
925.5
342.0
394.5
99.0
768.0
456.0
1171.5
361.5
202.5
432.0
270.0
387.0
450.0
427.5
145.5
433.5
366.0
298.5
124.5
223.5
208.5
270.0
223.5
135.0
204.0
490.5
66.0
436.5
763.5
406.5
151.5
574.5
138.0
409.5
310.5
495.0
432.0
444.0
136.5
807.0
252.0
1128.0
805.5
547.5
264.0
81.0
724.5
352.5
343.5
367.5
25.5
79.5
601.5
558.0
420.0
112.5
394.5
142.5
676.5
130.5
621.0
774.0
1185.0
504.0
364.5
637.5
42.0
85.5
717.0
220.5
900.0
481.5
396.0
918.0
198.0
364.5
220.5
525.0
547.5
294.0
391.5
85.5
90.0
478.5
733.5
718.5
249.0
348.0
607.5
675.0
811.5
634.5
853.5
874.5
999.0
157.5
528.0
148.5
384.0
1257.0
615.0
550.5
307.5
454.5
748.5
855.0
322.5
603.0
117.0
517.5
486.0
613.5
241.5
643.5
145.5
604.5
540.0
840.0
166.5
297.0
579.0
54.0
294.0
228.0
445.5
258.0
364.5
610.5
499.5
55.5
376.5
516.0
318.0
90.0
282.0
250.5
961.5
709.5
120.0
271.5
241.5
609.0
60.0
981.0
97.5
217.5
816.0
658.5
300.0
172.5
564.0
261.0
135.0
256.5
186.0
787.5
238.5
1042.5
163.5
370.5
303.0
226.5
85.5
453.0
264.0
469.5
537.0
102.0
228.0
129.0
972.0
261.0
475.5
478.5
973.5
189.0
547.5
633.0
160.5
418.5
310.5
616.5
502.5
588.0
285.0
210.0
159.0
88.5
135.0
315.0
34.5
351.0
459.0
46.5
258.0
612.0
121.5
280.5
118.5
198.0
289.5
265.5
453.0
309.0
358.5
541.5
564.0
130.5
150.0
630.0
27.0
163.5
235.5
336.0
310.5
463.5
391.5
634.5
280.5
268.5
279.0
586.5
244.5
205.5
85.5
216.0
588.0
561.0
331.5
372.0
802.5
136.5
400.5
228.0
169.5
187.5
472.5
190.5
342.0
285.0
282.0
126.0
573.0
85.5
243.0
423.0
156.0
291.0
63.0
283.5
504.0
478.5
507.0
171.0
196.5
331.5
168.0
25.5
348.0
480.0
493.5
235.5
288.0
327.0
933.0
133.5
882.0
187.5
69.0
501.0
1107.0
639.0
337.5
543.0
289.5
103.5
201.0
601.5
151.5
340.5
315.0
285.0
34.5
244.5
42.0
235.5
240.0
1021.5
874.5
907.5
247.5
222.0
346.5
772.5
408.0
700.5
336.0
841.5
178.5
1378.5
129.0
565.5
228.0
376.5
102.0
283.5
247.5
459.0
528.0
291.0
799.5
88.5
454.5
253.5
343.5
168.0
574.5
447.0
729.0
474.0
489.0
202.5
595.5
507.0
540.0
105.0
202.5
237.0
633.0
574.5
1104.0
147.0
1506.0
610.5
427.5
363.0
1063.5
636.0
157.5
190.5
61.5
186.0
133.5
406.5
340.5
117.0
546.0
33.0
651.0
781.5
823.5
328.5
255.0
117.0
351.0
109.5
384.0
729.0
328.5
286.5
616.5
411.0
717.0
276.0
490.5
610.5
459.0
103.5
162.0
715.5
355.5
969.0
213.0
753.0
193.5
114.0
615.0
427.5
292.5
226.5
243.0
184.5
370.5
417.0
214.5
373.5
466.5
268.5
469.5
234.0
40.5
151.5
402.0
366.0
1087.5
1146.0
55.5
697.5
132.0
216.0
940.5
1126.5
342.0
342.0
492.0
657.0
454.5
168.0
586.5
495.0
300.0
208.5
459.0
735.0
274.5
633.0
565.5
538.5
361.5
615.0
262.5
178.5
573.0
285.0
463.5
561.0
621.0
124.5
324.0
600.0
619.5
118.5
153.0
130.5
166.5
468.0
237.0
190.5
274.5
132.0
286.5
34.5
262.5
123.0
141.0
231.0
256.5
466.5
132.0
273.0
351.0
306.0
42.0
57.0
49.5
601.5
528.0
235.5
951.0
312.0
318.0
712.5
688.5
139.5
279.0
352.5
243.0
159.0
228.0
355.5
661.5
961.5
237.0
412.5
249.0
406.5
373.5
163.5
390.0
150.0
172.5
330.0
157.5
276.0
157.5
609.0
639.0
157.5
198.0
214.5
328.5
247.5
135.0
85.5
523.5
133.5
270.0
222.0
297.0
159.0
456.0
120.0
751.5
208.5
370.5
871.5
652.5
1075.5
550.5
268.5
457.5
243.0
73.5
253.5
120.0
264.0
69.0
430.5
141.0
127.5
412.5
649.5
195.0
666.0
1171.5
682.5
580.5
417.0
190.5
294.0
36.0
1278.0
148.5
451.5
138.0
97.5
174.0
1069.5
552.0
336.0
457.5
34.5
64.5
226.5
36.0
30.0
147.0
477.0
199.5
580.5
487.5
129.0
622.5
396.0
699.0
240.0
135.0
765.0
679.5
345.0
286.5
345.0
141.0
342.0
420.0
561.0
733.5
241.5
115.5
301.5
352.5
333.0
250.5
436.5
81.0
397.5
327.0
382.5
333.0
1006.5
304.5
705.0
504.0
147.0
319.5
141.0
286.5
535.5
418.5
682.5
123.0
357.0
205.5
550.5
216.0
715.5
621.0
349.5
291.0
63.0
225.0
271.5
307.5
214.5
351.0
339.0
241.5
207.0
433.5
801.0
364.5
978.0
787.5
465.0
253.5
354.0
723.0
313.5
391.5
1120.5
186.0
261.0
379.5
903.0
795.0
1294.5
892.5
504.0
508.5
231.0
364.5
406.5
114.0
261.0
757.5
999.0
393.0
588.0
250.5
360.0
348.0
381.0
85.5
397.5
183.0
333.0
792.0
202.5
804.0
1084.5
646.5
741.0
801.0
139.5
331.5
747.0
472.5
594.0
187.5
127.5
426.0
480.0
30.0
297.0
460.5
123.0
372.0
210.0
238.5
904.5
246.0
309.0
922.5
277.5
145.5
538.5
528.0
303.0
204.0
118.5
97.5
661.5
627.0
238.5
337.5
456.0
180.0
645.0
324.0
231.0
271.5
298.5
112.5
591.0
313.5
697.5
634.5
528.0
93.0
105.0
453.0
289.5
261.0
334.5
346.5
271.5
484.5
151.5
279.0
216.0
555.0
586.5
880.5
930.0
531.0
298.5
207.0
403.5
409.5
304.5
496.5
498.0
34.5
460.5
744.0
744.0
439.5
321.0
108.0
958.5
337.5
270.0
463.5
213.0
339.0
42.0
889.5
459.0
582.0
409.5
69.0
412.5
741.0
340.5
1107.0
271.5
55.5
154.5
183.0
519.0
301.5
513.0
289.5
159.0
228.0
835.5
553.5
133.5
126.0
175.5
415.5
732.0
639.0
486.0
736.5
774.0
460.5
292.5
241.5
630.0
144.0
355.5
375.0
600.0
241.5
373.5
466.5
306.0
556.5
427.5
237.0
117.0
181.5
579.0
282.0
522.0
183.0
198.0
613.5
634.5
286.5
438.0
45.0
331.5
199.5
616.5
852.0
733.5
747.0
336.0
480.0
327.0
549.0
132.0
208.5
475.5
294.0
9.0
97.5
457.5
420.0
180.0
226.5
102.0
444.0
352.5
157.5
139.5
127.5
369.0
480.0
379.5
339.0
61.5
945.0
363.0
907.5
756.0
769.5
408.0
336.0
822.0
93.0
273.0
526.5
151.5
634.5
1161.0
1012.5
157.5
283.5
636.0
433.5
144.0
609.0
256.5
346.5
849.0
612.0
361.5
85.5
673.5
288.0
231.0
636.0
721.5
283.5
328.5
64.5
424.5
364.5
813.0
567.0
400.5
373.5
390.0
133.5
663.0
400.5
195.0
540.0
129.0
144.0
163.5
411.0
1107.0
400.5
520.5
652.5
334.5
1188.0
319.5
312.0
543.0
300.0
534.0
609.0
316.5
876.0
196.5
630.0
483.0
336.0
115.5
225.0
399.0
978.0
291.0
570.0
307.5
627.0
537.0
537.0
255.0
99.0
412.5
301.5
243.0
451.5
451.5
399.0
787.5
85.5
591.0
222.0
168.0
159.0
343.5
76.5
172.5
243.0
565.5
327.0
1074.0
682.5
619.5
237.0
612.0
778.5
946.5
478.5
237.0
369.0
334.5
204.0
340.5
837.0
250.5
358.5
456.0
415.5
1141.5
142.5
795.0
937.5
525.0
592.5
390.0
441.0
196.5
174.0
1066.5
417.0
517.5
582.0
736.5
219.0
567.0
394.5
405.0
292.5
402.0
424.5
663.0
580.5
466.5
249.0
358.5
127.5
283.5
384.0
258.0
529.5
547.5
285.0
277.5
432.0
424.5
223.5
103.5
193.5
255.0
48.0
124.5
474.0
331.5
292.5
489.0
589.5
469.5
171.0
934.5
115.5
780.0
421.5
661.5
258.0
396.0
64.5
337.5
400.5
591.0
865.5
288.0
202.5
735.0
211.5
159.0
208.5
213.0
561.0
264.0
379.5
220.5
96.0
280.5
183.0
133.5
268.5
243.0
214.5
105.0
271.5
207.0
150.0
187.5
165.0
435.0
226.5
609.0
219.0
678.0
208.5
342.0
583.5
97.5
202.5
115.5
457.5
205.5
280.5
402.0
60.0
219.0
612.0
511.5
234.0
330.0
309.0
267.0
397.5
859.5
294.0
447.0
661.5
180.0
574.5
82.5
279.0
393.0
585.0
159.0
181.5
48.0
451.5
640.5
375.0
120.0
343.5
108.0
273.0
222.0
588.0
189.0
108.0
385.5
1143.0
88.5
1125.0
624.0
607.5
262.5
1006.5
223.5
117.0
250.5
211.5
90.0
505.5
273.0
52.5
271.5
429.0
90.0
300.0
423.0
162.0
91.5
315.0
744.0
331.5
282.0
226.5
129.0
112.5
99.0
99.0
615.0
886.5
1122.0
639.0
270.0
315.0
211.5
85.5
229.5
210.0
366.0
808.5
675.0
219.0
304.5
330.0
475.5
322.5
612.0
634.5
390.0
691.5
28.5
223.5
282.0
456.0
363.0
163.5
108.0
442.5
822.0
229.5
115.5
90.0
231.0
784.5
102.0
315.0
310.5
354.0
462.0
288.0
189.0
396.0
75.0
54.0
429.0
813.0
1072.5
796.5
309.0
682.5
156.0
381.0
403.5
366.0
295.5
436.5
397.5
495.0
43.5
108.0
378.0
124.5
478.5
496.5
568.5
150.0
999.0
249.0
316.5
198.0
253.5
366.0
166.5
402.0
720.0
633.0
558.0
238.5
189.0
471.0
592.5
264.0
652.5
454.5
787.5
453.0
940.5
609.0
421.5
360.0
171.0
132.0
136.5
336.0
270.0
363.0
132.0
372.0
495.0
756.0
504.0
225.0
256.5
316.5
687.0
148.5
252.0
93.0
409.5
220.5
220.5
661.5
292.5
546.0
198.0
330.0
136.5
264.0
48.0
459.0
183.0
151.5
546.0
262.5
115.5
436.5
220.5
304.5
555.0
871.5
756.0
618.0
91.5
18.0
523.5
346.5
256.5
943.5
511.5
450.0
519.0
262.5
334.5
624.0
118.5
399.0
142.5
501.0
292.5
651.0
411.0
498.0
541.5
370.5
886.5
312.0
61.5
357.0
441.0
378.0
883.5
219.0
148.5
1314.0
997.5
333.0
592.5
469.5
336.0
381.0
592.5
547.5
828.0
613.5
228.0
216.0
258.0
234.0
654.0
165.0
55.5
243.0
259.5
126.0
297.0
67.5
798.0
196.5
552.0
253.5
717.0
799.5
66.0
658.5
640.5
277.5
604.5
75.0
405.0
342.0
705.0
210.0
520.5
243.0
55.5
238.5
189.0
286.5
22.5
466.5
751.5
561.0
885.0
523.5
532.5
648.0
144.0
309.0
205.5
247.5
1150.5
181.5
256.5
406.5
280.5
82.5
546.0
696.0
507.0
637.5
90.0
229.5
274.5
580.5
520.5
613.5
384.0
163.5
490.5
310.5
417.0
180.0
198.0
208.5
621.0
207.0
502.5
468.0
978.0
310.5
120.0
127.5
787.5
295.5
385.5
772.5
481.5
196.5
304.5
885.0
183.0
258.0
351.0
129.0
324.0
856.5
130.5
550.5
460.5
232.5
384.0
285.0
250.5
156.0
223.5
645.0
60.0
166.5
205.5
331.5
192.0
330.0
481.5
277.5
934.5
429.0
445.5
430.5
379.5
291.0
216.0
216.0
186.0
783.0
153.0
327.0
243.0
541.5
282.0
637.5
964.5
382.5
595.5
895.5
268.5
394.5
610.5
942.0
231.0
156.0
541.5
58.5
180.0
541.5
394.5
252.0
505.5
217.5
487.5
120.0
364.5
286.5
783.0
216.0
426.0
93.0
225.0
148.5
271.5
240.0
142.5
565.5
351.0
271.5
366.0
471.0
405.0
388.5
675.0
525.0
103.5
343.5
837.0
286.5
858.0
1146.0
466.5
645.0
348.0
372.0
379.5
400.5
475.5
169.5
412.5
660.0
91.5
337.5
529.5
493.5
264.0
294.0
400.5
198.0
228.0
459.0
384.0
664.5
237.0
430.5
196.5
838.5
697.5
28.5
811.5
444.0
273.0
256.5
456.0
640.5
684.0
1128.0
694.5
1002.0
580.5
307.5
75.0
385.5
247.5
267.0
589.5
172.5
73.5
561.0
84.0
417.0
648.0
697.5
202.5
36.0
288.0
48.0
1423.5
439.5
249.0
217.5
165.0
289.5
156.0
390.0
555.0
391.5
103.5
736.5
973.5
666.0
321.0
798.0
265.5
177.0
301.5
657.0
181.5
664.5
271.5
403.5
193.5
793.5
169.5
276.0
853.5
520.5
286.5
679.5
292.5
286.5
505.5
246.0
258.0
489.0
766.5
358.5
570.0
307.5
372.0
291.0
250.5
400.5
496.5
717.0
78.0
522.0
607.5
1045.5
610.5
634.5
804.0
765.0
834.0
546.0
268.5
136.5
594.0
367.5
429.0
448.5
373.5
255.0
468.0
787.5
442.5
408.0
184.5
228.0
138.0
765.0
154.5
70.5
207.0
39.0
240.0
291.0
684.0
267.0
48.0
339.0
409.5
693.0
513.0
220.5
531.0
406.5
447.0
454.5
306.0
151.5
249.0
156.0
373.5
1159.5
564.0
369.0
442.5
234.0
346.5
379.5
199.5
88.5
742.5
790.5
340.5
316.5
825.0
361.5
324.0
862.5
598.5
732.0
423.0
450.0
289.5
601.5
273.0
438.0
417.0
424.5
153.0
168.0
691.5
250.5
411.0
454.5
214.5
321.0
910.5
426.0
159.0
625.5
1207.5
219.0
640.5
364.5
741.0
151.5
151.5
307.5
211.5
259.5
747.0
510.0
190.5
606.0
243.0
592.5
240.0
313.5
397.5
166.5
504.0
231.0
147.0
490.5
550.5
307.5
352.5
763.5
655.5
732.0
1215.0
180.0
628.5
466.5
436.5
228.0
328.5
202.5
352.5
54.0
229.5
285.0
234.0
142.5
489.0
159.0
477.0
663.0
477.0
297.0
342.0
102.0
498.0
178.5
765.0
597.0
427.5
114.0
97.5
291.0
550.5
264.0
154.5
246.0
264.0
366.0
918.0
312.0
271.5
447.0
168.0
343.5
171.0
48.0
70.5
582.0
262.5
418.5
217.5
354.0
385.5
771.0
1188.0
955.5
330.0
382.5
696.0
451.5
156.0
130.5
456.0
238.5
313.5
613.5
423.0
360.0
456.0
645.0
123.0
417.0
810.0
42.0
523.5
207.0
15.0
288.0
213.0
543.0
622.5
156.0
331.5
1008.0
256.5
876.0
69.0
234.0
661.5
205.5
669.0
598.5
205.5
411.0
472.5
241.5
574.5
283.5
244.5
627.0
405.0
357.0
561.0
450.0
157.5
222.0
214.5
262.5
247.5
381.0
975.0
451.5
127.5
109.5
271.5
376.5
108.0
175.5
285.0
937.5
441.0
234.0
385.5
322.5
645.0
652.5
258.0
634.5
348.0
370.5
849.0
658.5
373.5
306.0
768.0
139.5
199.5
345.0
697.5
439.5
457.5
216.0
456.0
165.0
318.0
765.0
361.5
445.5
652.5
630.0
165.0
763.5
546.0
597.0
324.0
271.5
544.5
534.0
547.5
237.0
24.0
114.0
363.0
474.0
430.5
115.5
426.0
409.5
559.5
40.5
342.0
931.5
310.5
381.0
580.5
432.0
462.0
640.5
802.5
435.0
387.0
471.0
559.5
733.5
387.0
285.0
226.5
396.0
586.5
376.5
711.0
421.5
642.0
988.5
130.5
111.0
340.5
213.0
220.5
346.5
258.0
139.5
445.5
277.5
597.0
763.5
34.5
172.5
393.0
397.5
568.5
520.5
238.5
369.0
1056.0
135.0
517.5
339.0
327.0
322.5
429.0
300.0
256.5
258.0
585.0
222.0
202.5
205.5
181.5
253.5
87.0
106.5
114.0
795.0
421.5
825.0
474.0
345.0
940.5
1204.5
753.0
1393.5
994.5
928.5
441.0
631.5
531.0
234.0
600.0
169.5
210.0
414.0
570.0
67.5
162.0
181.5
222.0
736.5
205.5
306.0
159.0
456.0
475.5
198.0
561.0
276.0
1008.0
772.5
259.5
538.5
634.5
552.0
625.5
1071.0
180.0
297.0
576.0
241.5
172.5
190.5
649.5
316.5
967.5
133.5
210.0
400.5
100.5
784.5
768.0
381.0
487.5
121.5
66.0
241.5
456.0
492.0
406.5
564.0
424.5
177.0
402.0
201.0
676.5
604.5
337.5
900.0
139.5
616.5
196.5
768.0
334.5
648.0
481.5
135.0
88.5
175.5
162.0
283.5
528.0
39.0
588.0
219.0
402.0
582.0
177.0
117.0
162.0
309.0
571.5
763.5
343.5
394.5
334.5
342.0
534.0
717.0
553.5
391.5
274.5
184.5
312.0
234.0
655.5
744.0
1042.5
583.5
414.0
1185.0
655.5
610.5
378.0
304.5
127.5
451.5
75.0
157.5
372.0
810.0
1053.0
286.5
219.0
69.0
412.5
378.0
174.0
211.5
190.5
394.5
496.5
336.0
94.5
531.0
1294.5
172.5
1117.5
283.5
447.0
709.5
472.5
715.5
592.5
447.0
310.5
1281.0
1378.5
249.0
385.5
333.0
78.0
94.5
930.0
559.5
202.5
444.0
259.5
57.0
130.5
675.0
826.5
177.0
148.5
286.5
460.5
403.5
253.5
183.0
1065.0
715.5
346.5
142.5
141.0
454.5
9.0
492.0
475.5
1090.5
151.5
354.0
844.5
468.0
195.0
198.0
148.5
313.5
552.0
483.0
774.0
249.0
466.5
219.0
129.0
414.0
756.0
505.5
219.0
64.5
1017.0
538.5
271.5
312.0
156.0
343.5
496.5
886.5
474.0
273.0
607.5
621.0
549.0
658.5
288.0
219.0
211.5
160.5
216.0
183.0
583.5
339.0
264.0
295.5
798.0
369.0
225.0
876.0
370.5
147.0
399.0
442.5
438.0
898.5
283.5
360.0
139.5
388.5
838.5
39.0
1194.0
334.5
184.5
684.0
492.0
301.5
120.0
460.5
235.5
417.0
318.0
831.0
198.0
372.0
45.0
211.5
414.0
96.0
184.5
606.0
906.0
268.5
199.5
411.0
988.5
643.5
144.0
78.0
1231.5
522.0
225.0
133.5
964.5
420.0
348.0
745.5
426.0
136.5
142.5
148.5
169.5
481.5
847.5
420.0
103.5
91.5
499.5
183.0
453.0
684.0
300.0
615.0
223.5
672.0
334.5
292.5
189.0
549.0
567.0
94.5
165.0
451.5
157.5
364.5
246.0
208.5
1063.5
762.0
225.0
291.0
561.0
78.0
132.0
463.5
211.5
19.5
147.0
535.5
250.5
265.5
112.5
108.0
442.5
799.5
480.0
424.5
244.5
193.5
222.0
382.5
381.0
333.0
514.5
184.5
978.0
201.0
1225.5
313.5
285.0
271.5
346.5
610.5
145.5
319.5
67.5
109.5
555.0
441.0
201.0
328.5
223.5
486.0
115.5
1198.5
156.0
544.5
1204.5
868.5
208.5
469.5
354.0
759.0
159.0
181.5
175.5
198.0
100.5
219.0
139.5
1132.5
420.0
930.0
772.5
358.5
31.5
669.0
246.0
391.5
201.0
1108.5
832.5
310.5
190.5
435.0
262.5
231.0
121.5
891.0
144.0
153.0
342.0
603.0
231.0
870.0
928.5
753.0
294.0
340.5
115.5
186.0
295.5
291.0
300.0
402.0
697.5
189.0
720.0
684.0
1242.0
529.5
159.0
448.5
540.0
495.0
130.5
537.0
237.0
877.5
759.0
201.0
339.0
816.0
138.0
723.0
657.0
990.0
480.0
441.0
753.0
784.5
1101.0
255.0
771.0
91.5
529.5
627.0
345.0
495.0
69.0
916.5
196.5
102.0
397.5
84.0
277.5
796.5
237.0
414.0
1131.0
300.0
718.5
666.0
910.5
408.0
1024.5
811.5
100.5
306.0
741.0
345.0
231.0
1128.0
741.0
1068.0
684.0
367.5
435.0
294.0
196.5
328.5
141.0
112.5
187.5
316.5
156.0
561.0
247.5
514.5
1306.5
375.0
235.5
271.5
102.0
625.5
642.0
678.0
511.5
577.5
1053.0
255.0
456.0
273.0
265.5
361.5
325.5
145.5
193.5
112.5
967.5
600.0
402.0
666.0
687.0
235.5
204.0
298.5
189.0
148.5
628.5
309.0
306.0
993.0
445.5
531.0
412.5
607.5
669.0
751.5
412.5
112.5
418.5
213.0
75.0
342.0
178.5
925.5
541.5
673.5
1242.0
181.5
636.0
948.0
541.5
744.0
796.5
741.0
1029.0
591.0
336.0
421.5
714.0
580.5
291.0
208.5
391.5
898.5
339.0
397.5
93.0
177.0
984.0
345.0
696.0
295.5
529.5
460.5
246.0
468.0
634.5
295.5
157.5
31.5
904.5
657.0
282.0
207.0
1306.5
181.5
279.0
528.0
400.5
133.5
312.0
198.0
381.0
402.0
201.0
753.0
97.5
492.0
679.5
385.5
859.5
490.5
1092.0
651.0
450.0
1011.0
106.5
339.0
723.0
234.0
303.0
69.0
309.0
405.0
540.0
315.0
349.5
163.5
408.0
405.0
351.0
550.5
819.0
498.0
492.0
369.0
525.0
121.5
289.5
373.5
193.5
312.0
303.0
171.0
261.0
798.0
360.0
597.0
277.5
97.5
432.0
432.0
739.5
433.5
151.5
189.0
408.0
586.5
568.5
294.0
217.5
387.0
283.5
429.0
276.0
43.5
366.0
574.5
718.5
384.0
603.0
219.0
300.0
220.5
388.5
288.0
28.5
165.0
399.0
274.5
429.0
231.0
582.0
454.5
105.0
276.0
201.0
391.5
523.5
144.0
483.0
724.5
546.0
169.5
831.0
1084.5
346.5
352.5
331.5
249.0
360.0
1017.0
688.5
396.0
790.5
748.5
321.0
606.0
216.0
372.0
274.5
744.0
543.0
481.5
429.0
166.5
141.0
87.0
421.5
1134.0
282.0
1042.5
307.5
595.5
355.5
262.5
186.0
666.0
285.0
468.0
412.5
379.5
384.0
649.5
277.5
135.0
145.5
384.0
360.0
544.5
172.5
321.0
118.5
742.5
450.0
291.0
675.0
526.5
115.5
399.0
189.0
648.0
768.0
1023.0
168.0
462.0
921.0
426.0
474.0
159.0
456.0
693.0
85.5
693.0
628.5
265.5
433.5
231.0
606.0
255.0
279.0
510.0
282.0
573.0
397.5
1134.0
288.0
205.5
583.5
160.5
561.0
132.0
373.5
264.0
279.0
343.5
132.0
196.5
67.5
24.0
220.5
703.5
144.0
828.0
510.0
810.0
327.0
252.0
669.0
1243.5
253.5
441.0
513.0
823.5
204.0
315.0
648.0
385.5
822.0
229.5
411.0
441.0
357.0
567.0
664.5
474.0
475.5
202.5
738.0
702.0
399.0
414.0
534.0
522.0
142.5
198.0
463.5
511.5
504.0
138.0
109.5
552.0
409.5
49.5
145.5
135.0
411.0
69.0
51.0
688.5
832.5
264.0
186.0
361.5
106.5
220.5
502.5
438.0
207.0
564.0
502.5
1099.5
477.0
361.5
739.5
531.0
291.0
658.5
109.5
232.5
585.0
207.0
451.5
292.5
403.5
238.5
579.0
192.0
325.5
279.0
366.0
186.0
523.5
174.0
832.5
198.0
729.0
307.5
342.0
648.0
153.0
268.5
270.0
355.5
229.5
349.5
417.0
672.0
340.5
265.5
408.0
718.5
862.5
669.0
432.0
195.0
798.0
894.0
310.5
933.0
1068.0
385.5
628.5
40.5
756.0
438.0
480.0
582.0
1104.0
1141.5
34.5
417.0
609.0
637.5
477.0
204.0
570.0
454.5
859.5
477.0
528.0
448.5
166.5
232.5
381.0
690.0
109.5
384.0
481.5
1009.5
391.5
240.0
739.5
378.0
195.0
262.5
235.5
414.0
298.5
196.5
756.0
487.5
213.0
358.5
393.0
232.5
222.0
417.0
333.0
186.0
298.5
553.5
123.0
312.0
196.5
331.5
205.5
274.5
190.5
637.5
249.0
331.5
432.0
669.0
136.5
205.5
736.5
406.5
538.5
171.0
264.0
102.0
555.0
268.5
348.0
342.0
429.0
198.0
747.0
327.0
430.5
270.0
979.5
55.5
979.5
439.5
841.5
360.0
258.0
60.0
426.0
337.5
261.0
241.5
936.0
567.0
264.0
415.5
271.5
222.0
199.5
147.0
183.0
258.0
669.0
69.0
390.0
433.5
532.5
666.0
559.5
370.5
231.0
622.5
183.0
219.0
138.0
226.5
472.5
265.5
558.0
309.0
402.0
601.5
340.5
1290.0
340.5
279.0
1047.0
219.0
79.5
280.5
211.5
172.5
156.0
736.5
241.5
475.5
468.0
562.5
616.5
801.0
304.5
720.0
372.0
63.0
303.0
105.0
667.5
1218.0
567.0
360.0
181.5
447.0
280.5
333.0
225.0
259.5
396.0
84.0
208.5
141.0
490.5
115.5
204.0
369.0
484.5
249.0
196.5
354.0
426.0
135.0
123.0
388.5
753.0
310.5
739.5
295.5
343.5
684.0
774.0
244.5
216.0
133.5
306.0
117.0
264.0
103.5
183.0
253.5
319.5
31.5
418.5
351.0
405.0
94.5
894.0
99.0
793.5
298.5
615.0
117.0
318.0
606.0
300.0
568.5
444.0
318.0
462.0
337.5
214.5
165.0
636.0
400.5
687.0
490.5
184.5
273.0
199.5
418.5
547.5
115.5
249.0
310.5
439.5
504.0
579.0
637.5
141.0
939.0
204.0
345.0
445.5
352.5
273.0
151.5
384.0
1299.0
97.5
46.5
553.5
379.5
432.0
192.0
105.0
475.5
799.5
346.5
154.5
157.5
460.5
288.0
264.0
858.0
543.0
597.0
298.5
312.0
126.0
546.0
547.5
489.0
225.0
321.0
709.5
129.0
225.0
445.5
448.5
531.0
841.5
532.5
292.5
318.0
429.0
700.5
669.0
847.5
898.5
550.5
462.0
861.0
436.5
292.5
507.0
183.0
367.5
204.0
298.5
108.0
88.5
871.5
96.0
303.0
384.0
399.0
259.5
762.0
301.5
843.0
147.0
172.5
111.0
384.0
573.0
711.0
213.0
484.5
472.5
444.0
276.0
145.5
306.0
243.0
60.0
730.5
195.0
778.5
315.0
558.0
504.0
126.0
231.0
93.0
405.0
637.5
237.0
307.5
184.5
286.5
496.5
172.5
636.0
990.0
454.5
127.5
484.5
52.5
957.0
418.5
94.5
312.0
991.5
921.0
495.0
244.5
214.5
534.0
448.5
435.0
279.0
690.0
781.5
426.0
174.0
171.0
373.5
190.5
207.0
337.5
720.0
577.5
588.0
225.0
232.5
154.5
235.5
472.5
309.0
472.5
910.5
318.0
156.0
309.0
297.0
582.0
129.0
87.0
327.0
726.0
460.5
93.0
424.5
304.5
175.5
181.5
415.5
757.5
204.0
723.0
355.5
844.5
100.5
516.0
510.0
138.0
1065.0
345.0
895.5
619.5
561.0
319.5
367.5
106.5
90.0
178.5
915.0
154.5
508.5
309.0
225.0
406.5
219.0
496.5
339.0
231.0
766.5
319.5
705.0
355.5
774.0
348.0
844.5
526.5
586.5
82.5
256.5
984.0
468.0
795.0
153.0
342.0
222.0
838.5
844.5
159.0
234.0
226.5
564.0
519.0
64.5
568.5
1243.5
390.0
358.5
273.0
129.0
114.0
172.5
252.0
330.0
118.5
718.5
310.5
540.0
475.5
21.0
261.0
756.0
387.0
1200.0
184.5
507.0
186.0
274.5
265.5
147.0
354.0
444.0
115.5
456.0
145.5
304.5
373.5
787.5
717.0
1026.0
631.5
1186.5
1279.5
993.0
423.0
688.5
810.0
393.0
165.0
231.0
490.5
183.0
222.0
378.0
555.0
405.0
544.5
94.5
228.0
219.0
459.0
298.5
400.5
319.5
90.0
166.5
354.0
250.5
349.5
402.0
490.5
507.0
628.5
118.5
417.0
249.0
157.5
847.5
451.5
367.5
541.5
189.0
145.5
385.5
529.5
268.5
486.0
250.5
282.0
321.0
265.5
271.5
121.5
66.0
783.0
409.5
396.0
547.5
406.5
192.0
453.0
435.0
271.5
196.5
918.0
336.0
166.5
493.5
370.5
421.5
249.0
210.0
829.5
94.5
435.0
643.5
370.5
199.5
882.0
714.0
354.0
555.0
301.5
207.0
106.5
114.0
378.0
195.0
405.0
337.5
568.5
729.0
792.0
280.5
190.5
226.5
162.0
267.0
159.0
216.0
231.0
228.0
430.5
477.0
367.5
316.5
438.0
253.5
139.5
256.5
328.5
856.5
169.5
526.5
354.0
319.5
486.0
391.5
169.5
234.0
606.0
640.5
259.5
172.5
400.5
367.5
180.0
525.0
150.0
450.0
930.0
396.0
288.0
247.5
550.5
442.5
175.5
220.5
120.0
136.5
516.0
439.5
456.0
576.0
165.0
144.0
637.5
475.5
144.0
690.0
424.5
154.5
807.0
82.5
744.0
94.5
93.0
156.0
255.0
148.5
336.0
672.0
180.0
1029.0
859.5
136.5
709.5
609.0
445.5
633.0
451.5
190.5
648.0
444.0
379.5
310.5
516.0
637.5
1096.5
328.5
732.0
1024.5
220.5
369.0
70.5
505.5
90.0
298.5
330.0
513.0
579.0
1068.0
204.0
163.5
544.5
969.0
421.5
337.5
153.0
531.0
838.5
259.5
127.5
184.5
318.0
168.0
717.0
345.0
370.5
553.5
1254.0
366.0
1113.0
387.0
237.0
336.0
657.0
205.5
159.0
673.5
207.0
1063.5
538.5
379.5
153.0
141.0
172.5
106.5
51.0
202.5
160.5
66.0
283.5
403.5
1113.0
487.5
486.0
169.5
174.0
811.5
349.5
372.0
192.0
285.0
267.0
76.5
186.0
96.0
153.0
424.5
24.0
669.0
345.0
300.0
589.5
256.5
279.0
306.0
355.5
327.0
553.5
585.0
319.5
561.0
195.0
264.0
1062.0
40.5
669.0
514.5
177.0
355.5
237.0
469.5
481.5
222.0
243.0
582.0
309.0
819.0
474.0
238.5
202.5
330.0
217.5
1065.0
91.5
580.5
165.0
525.0
351.0
505.5
391.5
346.5
442.5
240.0
820.5
208.5
627.0
388.5
286.5
568.5
633.0
856.5
541.5
1092.0
279.0
1027.5
630.0
528.0
150.0
184.5
424.5
526.5
364.5
199.5
337.5
255.0
190.5
408.0
288.0
499.5
514.5
513.0
213.0
310.5
424.5
592.5
298.5
456.0
856.5
631.5
625.5
247.5
546.0
70.5
705.0
565.5
963.0
322.5
654.0
369.0
1219.5
850.5
208.5
120.0
733.5
330.0
252.0
843.0
361.5
424.5
576.0
222.0
387.0
261.0
499.5
981.0
748.5
253.5
166.5
393.0
504.0
235.5
307.5
465.0
688.5
210.0
316.5
279.0
1047.0
631.5
397.5
492.0
46.5
469.5
282.0
192.0
336.0
198.0
490.5
351.0
489.0
466.5
72.0
223.5
621.0
346.5
1221.0
148.5
316.5
295.5
615.0
99.0
90.0
631.5
1227.0
453.0
163.5
456.0
141.0
759.0
174.0
597.0
922.5
867.0
723.0
352.5
324.0
213.0
738.0
1009.5
289.5
162.0
102.0
271.5
427.5
67.5
417.0
616.5
880.5
370.5
435.0
486.0
255.0
664.5
370.5
442.5
127.5
510.0
325.5
73.5
223.5
465.0
438.0
520.5
924.0
552.0
408.0
327.0
432.0
970.5
241.5
204.0
139.5
591.0
480.0
358.5
295.5
130.5
367.5
142.5
438.0
213.0
597.0
246.0
240.0
43.5
820.5
403.5
402.0
228.0
442.5
273.0
64.5
585.0
394.5
231.0
198.0
568.5
957.0
300.0
609.0
211.5
426.0
550.5
252.0
262.5
411.0
355.5
601.5
220.5
330.0
238.5
318.0
472.5
1186.5
478.5
244.5
706.5
333.0
868.5
432.0
406.5
595.5
217.5
261.0
727.5
286.5
597.0
381.0
549.0
202.5
247.5
643.5
103.5
171.0
310.5
805.5
877.5
897.0
114.0
364.5
526.5
310.5
402.0
667.5
886.5
348.0
109.5
126.0
268.5
868.5
364.5
367.5
208.5
750.0
502.5
292.5
90.0
15.0
546.0
598.5
412.5
312.0
246.0
426.0
502.5
549.0
487.5
91.5
250.5
180.0
153.0
217.5
382.5
519.0
354.0
424.5
132.0
217.5
198.0
423.0
652.5
526.5
400.5
223.5
129.0
267.0
396.0
288.0
94.5
745.5
205.5
775.5
564.0
381.0
138.0
151.5
268.5
84.0
327.0
705.0
141.0
823.5
387.0
310.5
315.0
394.5
138.0
154.5
217.5
1042.5
360.0
244.5
324.0
213.0
825.0
235.5
180.0
255.0
282.0
252.0
889.5
292.5
217.5
67.5
70.5
303.0
607.5
412.5
409.5
91.5
438.0
799.5
225.0
591.0
409.5
508.5
