1636.5
454.5
787.5
1224.0
1698.0
948.0
1726.5
564.0
1753.5
1381.5
1186.5
927.0
1506.0
1347.0
1854.0
1582.5
1669.5
1252.5
976.5
633.0
1374.0
1542.0
1516.5
540.0
1483.5
1473.0
1606.5
1344.0
1890.0
1227.0
1287.0
1786.5
1684.5
295.5
1564.5
1212.0
1672.5
1218.0
1665.0
1335.0
1176.0
93.0
49.5
990.0
358.5
1233.0
1296.0
1543.5
1530.0
1725.0
1558.5
705.0
808.5
483.0
1470.0
544.5
1575.0
642.0
669.0
1602.0
1489.5
1399.5
474.0
1419.0
1714.5
1618.5
817.5
486.0
1428.0
840.0
463.5
1540.5
1687.5
618.0
1545.0
1732.5
1702.5
733.5
1323.0
1509.0
940.5
1161.0
1545.0
729.0
1062.0
1503.0
1251.0
997.5
261.0
1536.0
733.5
1578.0
481.5
1380.0
484.5
553.5
76.5
1399.5
1353.0
585.0
1056.0
913.5
1410.0
177.0
949.5
1038.0
1161.0
1329.0
1377.0
312.0
1863.0
925.5
1642.5
750.0
1068.0
1303.5
424.5
1464.0
633.0
321.0
171.0
883.5
516.0
1278.0
613.5
903.0
1609.5
1623.0
1609.5
1003.5
900.0
1366.5
963.0
1311.0
1849.5
1182.0
1789.5
1549.5
931.5
1239.0
1572.0
963.0
390.0
1701.0
1326.0
1330.5
1044.0
1179.0
535.5
1635.0
1294.5
451.5
163.5
540.0
1057.5
1245.0
1540.5
330.0
1096.5
1447.5
928.5
1599.0
1107.0
1386.0
693.0
1626.0
1464.0
1299.0
712.5
1348.5
585.0
1812.0
1503.0
1432.5
1789.5
708.0
1401.0
1522.5
537.0
529.5
1189.5
931.5
1567.5
1578.0
1389.0
813.0
669.0
1531.5
1651.5
1522.5
1008.0
1515.0
1294.5
921.0
1236.0
1666.5
1597.5
1258.5
1251.0
265.5
568.5
354.0
1164.0
987.0
1126.5
1324.5
1752.0
291.0
1207.5
1363.5
1647.0
624.0
558.0
1674.0
1140.0
888.0
1141.5
1570.5
661.5
1525.5
924.0
1443.0
1269.0
1749.0
765.0
1086.0
738.0
987.0
841.5
1132.5
355.5
1671.0
741.0
1006.5
1462.5
1192.5
1242.0
544.5
1654.5
1459.5
706.5
1410.0
1437.0
1107.0
847.5
1275.0
901.5
1015.5
1179.0
1440.0
280.5
778.5
969.0
1026.0
241.5
1018.5
747.0
1375.5
1129.5
1564.5
1045.5
1495.5
948.0
1677.0
747.0
715.5
1597.5
942.0
1339.5
1495.5
745.5
741.0
1576.5
1326.0
1483.5
1588.5
1615.5
1036.5
1405.5
1500.0
1342.5
394.5
826.5
855.0
889.5
1285.5
1488.0
1515.0
1293.0
169.5
1591.5
1150.5
1323.0
1408.5
1696.5
345.0
1632.0
1453.5
1011.0
660.0
964.5
1428.0
1033.5
1462.5
1809.0
1153.5
882.0
1546.5
192.0
1410.0
1591.5
1477.5
1198.5
1824.0
1714.5
787.5
1419.0
1627.5
1056.0
519.0
1276.5
1606.5
1656.0
1029.0
1489.5
777.0
1485.0
1395.0
1779.0
1137.0
1584.0
1431.0
1222.5
1552.5
1491.0
1351.5
987.0
550.5
1161.0
1741.5
544.5
1324.5
1599.0
510.0
1686.0
1765.5
678.0
544.5
607.5
1183.5
673.5
1101.0
991.5
1411.5
957.0
201.0
1521.0
1509.0
1431.0
1425.0
1761.0
1141.5
669.0
1848.0
1293.0
1639.5
982.5
1201.5
1233.0
462.0
373.5
921.0
519.0
538.5
780.0
1093.5
981.0
231.0
525.0
1603.5
363.0
1554.0
328.5
1200.0
1117.5
1230.0
1242.0
726.0
1939.5
1405.5
756.0
907.5
888.0
1522.5
1323.0
1462.5
585.0
1543.5
1344.0
1576.5
1743.0
1471.5
1102.5
1491.0
1666.5
130.5
1683.0
1485.0
1552.5
615.0
1362.0
1378.5
699.0
1111.5
678.0
528.0
1581.0
1459.5
1434.0
1452.0
1609.5
1522.5
1735.5
1249.5
358.5
1581.0
796.5
1789.5
1230.0
1284.0
931.5
1312.5
588.0
1044.0
862.5
1555.5
867.0
1624.5
1687.5
1810.5
478.5
1108.5
1548.0
444.0
1695.0
367.5
1096.5
861.0
1848.0
1441.5
90.0
1597.5
1651.5
1830.0
1336.5
1158.0
1063.5
1342.5
795.0
1498.5
1395.0
1759.5
1570.5
1209.0
762.0
1566.0
946.5
1468.5
940.5
912.0
375.0
624.0
1702.5
643.5
1003.5
1503.0
1302.0
1578.0
1248.0
1095.0
573.0
1677.0
820.5
1821.0
876.0
1288.5
558.0
849.0
1623.0
1641.0
1542.0
1530.0
841.5
651.0
1506.0
1090.5
241.5
1014.0
922.5
1858.5
1564.5
1608.0
1198.5
78.0
1719.0
913.5
538.5
1071.0
867.0
1422.0
1284.0
1284.0
751.5
1422.0
895.5
609.0
769.5
1653.0
1534.5
757.5
1086.0
1176.0
1291.5
1081.5
1056.0
1066.5
1015.5
1171.5
1198.5
1717.5
1677.0
1414.5
958.5
1558.5
1191.0
1077.0
184.5
1110.0
1431.0
850.5
1359.0
1390.5
1332.0
1114.5
1393.5
337.5
1908.0
565.5
1471.5
1495.5
661.5
1143.0
1675.5
1522.5
1686.0
1392.0
1251.0
445.5
385.5
1645.5
612.0
1138.5
595.5
1522.5
1164.0
922.5
994.5
1462.5
924.0
1800.0
1548.0
505.5
1252.5
1677.0
1615.5
1801.5
1792.5
1753.5
1078.5
397.5
1669.5
1654.5
1516.5
1783.5
498.0
1510.5
492.0
1354.5
1101.0
1470.0
1318.5
634.5
1272.0
949.5
1102.5
1638.0
1470.0
1365.0
171.0
1527.0
1519.5
1611.0
145.5
820.5
901.5
1708.5
1335.0
1183.5
1576.5
1440.0
729.0
1591.5
1768.5
1558.5
1042.5
1501.5
1132.5
1329.0
1431.0
1389.0
690.0
966.0
790.5
312.0
1164.0
1327.5
1408.5
1315.5
447.0
1372.5
1575.0
1650.0
1228.5
1419.0
1543.5
630.0
1618.5
1602.0
795.0
1648.5
1459.5
694.5
1080.0
1627.5
463.5
724.5
478.5
468.0
1371.0
1113.0
301.5
1140.0
1554.0
286.5
1419.0
1392.0
1773.0
996.0
1069.5
288.0
1326.0
502.5
1380.0
1717.5
1716.0
1506.0
1078.5
969.0
628.5
1071.0
469.5
1395.0
1015.5
891.0
1639.5
1719.0
1648.5
1657.5
1414.5
621.0
1267.5
1591.5
1594.5
909.0
1387.5
1333.5
1656.0
1395.0
1576.5
703.5
1084.5
1477.5
1011.0
1303.5
1383.0
796.5
1183.5
1470.0
478.5
1548.0
1687.5
1390.5
1167.0
1830.0
1518.0
477.0
1740.0
1629.0
885.0
1386.0
1023.0
987.0
307.5
1632.0
1327.5
793.5
1429.5
1279.5
1290.0
1080.0
712.5
1863.0
1752.0
1399.5
1549.5
1660.5
853.5
1483.5
1450.5
1746.0
1408.5
1494.0
697.5
1657.5
1423.5
1705.5
1129.5
180.0
1468.5
1101.0
1741.5
1167.0
1338.0
1480.5
1701.0
723.0
1653.0
799.5
462.0
1041.0
843.0
1402.5
667.5
736.5
1626.0
573.0
1525.5
750.0
1683.0
1626.0
1545.0
1326.0
1569.0
1824.0
1723.5
1138.5
1651.5
1360.5
1291.5
1614.0
768.0
640.5
1267.5
1012.5
1381.5
834.0
1771.5
436.5
246.0
1813.5
1849.5
373.5
502.5
1236.0
340.5
1458.0
682.5
1612.5
372.0
1731.0
967.5
1626.0
1627.5
1396.5
108.0
1434.0
1032.0
1138.5
1642.5
1543.5
1165.5
1767.0
949.5
1335.0
1056.0
1489.5
667.5
645.0
162.0
1212.0
1155.0
1527.0
1282.5
907.5
1689.0
1126.5
1063.5
607.5
1641.0
1125.0
406.5
1714.5
1596.0
1305.0
1432.5
1077.0
1158.0
1864.5
729.0
1468.5
1707.0
1407.0
1707.0
1464.0
1285.5
714.0
1347.0
271.5
900.0
1383.0
604.5
1195.5
1477.5
256.5
1432.5
1483.5
520.5
675.0
307.5
1350.0
1557.0
1503.0
1563.0
1453.5
1401.0
666.0
1059.0
651.0
1153.5
1360.5
778.5
1272.0
1722.0
1411.5
711.0
1420.5
1768.5
1444.5
990.0
1156.5
1095.0
1513.5
1396.5
715.5
1569.0
678.0
481.5
1266.0
1728.0
1254.0
871.5
948.0
1158.0
1411.5
1071.0
1621.5
1215.0
573.0
616.5
1672.5
1768.5
1357.5
916.5
930.0
106.5
376.5
771.0
882.0
294.0
378.0
1111.5
1764.0
1159.5
1548.0
1398.0
1317.0
1444.5
1554.0
901.5
1543.5
775.5
201.0
688.5
906.0
1749.0
874.5
507.0
1716.0
1363.5
1300.5
1281.0
601.5
832.5
867.0
279.0
1722.0
1218.0
1233.0
1639.5
1722.0
855.0
702.0
1629.0
514.5
219.0
1396.5
667.5
967.5
1563.0
1735.5
1413.0
1752.0
771.0
534.0
1417.5
1125.0
474.0
1725.0
103.5
697.5
1312.5
1548.0
436.5
1317.0
1594.5
1518.0
1552.5
1198.5
424.5
510.0
1261.5
726.0
427.5
1563.0
1002.0
1642.5
1666.5
379.5
1522.5
1437.0
1131.0
814.5
340.5
1411.5
1539.0
1447.5
1506.0
1740.0
1675.5
1411.5
1155.0
1518.0
1305.0
934.5
1662.0
1608.0
1017.0
708.0
1495.5
1405.5
883.5
1215.0
1617.0
1507.5
510.0
1563.0
720.0
1599.0
475.5
1093.5
1440.0
1600.5
1080.0
573.0
1251.0
1717.5
1633.5
1336.5
1416.0
1384.5
1369.5
1441.5
1651.5
1575.0
765.0
1734.0
153.0
627.0
1428.0
1702.5
325.5
409.5
1324.5
1225.5
1275.0
1440.0
1624.5
1182.0
571.5
1539.0
1053.0
1222.5
243.0
1800.0
871.5
315.0
847.5
1780.5
1674.0
1618.5
646.5
1236.0
1291.5
1543.5
1417.5
1383.0
1384.5
168.0
1635.0
1635.0
1680.0
1372.5
1531.5
1257.0
1530.0
283.5
1533.0
387.0
1449.0
1054.5
856.5
1099.5
1245.0
1014.0
1456.5
783.0
670.5
1450.5
1455.0
1653.0
1384.5
829.5
1534.5
1675.5
1267.5
1600.5
1608.0
1701.0
379.5
252.0
1318.5
1069.5
610.5
745.5
589.5
292.5
1740.0
1377.0
826.5
1315.5
708.0
1297.5
289.5
1414.5
426.0
978.0
852.0
1560.0
1203.0
1596.0
910.5
1473.0
444.0
1578.0
1570.5
1375.5
1288.5
801.0
582.0
1377.0
1123.5
1663.5
1620.0
1527.0
1042.5
1329.0
1261.5
1645.5
1204.5
1446.0
1506.0
1395.0
1618.5
507.0
990.0
1554.0
331.5
1738.5
1857.0
1473.0
1576.5
1644.0
990.0
414.0
1656.0
747.0
1479.0
675.0
1861.5
1420.5
1689.0
1476.0
1102.5
651.0
1506.0
877.5
1519.5
753.0
1068.0
1317.0
637.5
1554.0
1428.0
1623.0
339.0
1224.0
1432.5
1374.0
1285.5
1108.5
1422.0
1600.5
1044.0
232.5
393.0
1738.5
463.5
1282.5
1230.0
1335.0
646.5
1516.5
235.5
1117.5
1077.0
1582.5
532.5
1645.5
838.5
1749.0
1537.5
1456.5
1650.0
1365.0
1009.5
1683.0
1479.0
1230.0
1245.0
109.5
1137.0
1834.5
1284.0
1824.0
825.0
642.0
1330.5
1810.5
1632.0
1543.5
967.5
1033.5
1122.0
961.5
1548.0
1384.5
501.0
1755.0
610.5
1324.5
673.5
1512.0
1359.0
1606.5
1116.0
1221.0
408.0
1731.0
1482.0
1596.0
1197.0
1276.5
964.5
208.5
1654.5
1564.5
1297.5
1374.0
1729.5
937.5
1548.0
1666.5
1375.5
1407.0
870.0
424.5
1323.0
1128.0
1692.0
1648.5
360.0
1810.5
1186.5
1498.5
469.5
955.5
1552.5
1228.5
1633.5
564.0
1597.5
988.5
1279.5
985.5
1668.0
1009.5
1540.5
220.5
1500.0
1801.5
1698.0
1480.5
1360.5
163.5
1143.0
1485.0
1495.5
1266.0
663.0
1681.5
625.5
1513.5
246.0
1471.5
1381.5
1486.5
1152.0
930.0
1432.5
228.0
1651.5
1674.0
1117.5
1303.5
1744.5
549.0
411.0
322.5
190.5
1615.5
1758.0
1479.0
747.0
1392.0
1221.0
1479.0
510.0
1300.5
1536.0
633.0
1485.0
606.0
1275.0
1749.0
1218.0
88.5
1717.5
1408.5
426.0
318.0
1131.0
799.5
1741.5
1698.0
1372.5
1419.0
1692.0
1455.0
1425.0
1747.5
1155.0
579.0
1263.0
1653.0
1621.5
1072.5
1705.5
1588.5
1059.0
1773.0
1228.5
1063.5
1522.5
1731.0
1326.0
1393.5
979.5
958.5
1585.5
595.5
831.0
1204.5
1708.5
420.0
1338.0
907.5
849.0
1630.5
285.0
879.0
825.0
1875.0
1074.0
1683.0
775.5
1593.0
733.5
1375.5
1647.0
1254.0
783.0
1411.5
1084.5
1536.0
1095.0
1369.5
595.5
832.5
703.5
670.5
1624.5
1255.5
715.5
979.5
1156.5
321.0
1422.0
1089.0
918.0
1291.5
360.0
1341.0
580.5
1033.5
922.5
406.5
1447.5
1740.0
1384.5
1633.5
810.0
1369.5
1212.0
1630.5
1615.5
982.5
1347.0
595.5
1446.0
1774.5
1423.5
1273.5
504.0
1524.0
622.5
1638.0
1681.5
1233.0
1668.0
1093.5
1104.0
1005.0
924.0
1398.0
1080.0
1414.5
1129.5
1540.5
1402.5
1435.5
901.5
1200.0
828.0
1758.0
1498.5
121.5
937.5
1612.5
579.0
1707.0
1341.0
1575.0
1830.0
970.5
1555.5
946.5
1776.0
1566.0
1272.0
1129.5
1113.0
1620.0
1390.5
1650.0
1528.5
348.0
1623.0
1645.5
1422.0
826.5
1525.5
1138.5
693.0
1719.0
1060.5
1735.5
1234.5
589.5
1632.0
1639.5
181.5
1614.0
1279.5
1572.0
1245.0
304.5
1800.0
1687.5
1687.5
934.5
1650.0
1705.5
1471.5
1435.5
1476.0
1470.0
481.5
1036.5
1378.5
759.0
1774.5
1299.0
1572.0
1236.0
1692.0
1359.0
1692.0
1159.5
798.0
1143.0
975.0
1440.0
1174.5
1570.5
1354.5
787.5
1579.5
351.0
1000.5
997.5
1741.5
261.0
1186.5
1662.0
1326.0
330.0
960.0
1320.0
711.0
522.0
603.0
556.5
1489.5
1114.5
1051.5
844.5
1470.0
1318.5
1306.5
1519.5
964.5
1567.5
1632.0
1308.0
1462.5
1549.5
1717.5
1044.0
1591.5
594.0
1026.0
1755.0
574.5
1527.0
909.0
1527.0
1368.0
1342.5
1641.0
351.0
1221.0
451.5
1663.5
1726.5
841.5
1386.0
1026.0
432.0
1020.0
1480.5
363.0
1182.0
1291.5
1053.0
1519.5
1537.5
493.5
1554.0
607.5
1360.5
1513.5
895.5
1435.5
658.5
1119.0
1438.5
1651.5
1531.5
1359.0
1453.5
1347.0
370.5
1522.5
522.0
1299.0
1404.0
1596.0
1480.5
1387.5
978.0
217.5
889.5
1644.0
1863.0
1305.0
793.5
1401.0
951.0
1014.0
1416.0
1515.0
1146.0
1554.0
1291.5
1717.5
637.5
1504.5
1387.5
1375.5
258.0
201.0
1515.0
1536.0
1149.0
996.0
817.5
1419.0
681.0
1194.0
298.5
277.5
553.5
1236.0
1521.0
1324.5
636.0
1741.5
820.5
492.0
1486.5
1734.0
1230.0
1320.0
1335.0
1597.5
1345.5
1344.0
1809.0
1200.0
1545.0
804.0
1507.5
1686.0
1356.0
364.5
1659.0
1596.0
1771.5
1620.0
1360.5
1195.5
1060.5
1843.5
1473.0
1713.0
1479.0
1372.5
1645.5
1857.0
1308.0
780.0
933.0
906.0
1162.5
1408.5
1432.5
844.5
402.0
1338.0
1734.0
1432.5
1668.0
718.5
1539.0
939.0
1390.5
1263.0
1635.0
1284.0
1588.5
235.5
1602.0
1249.5
202.5
606.0
547.5
930.0
1704.0
1618.5
1062.0
1237.5
1579.5
943.5
1519.5
1381.5
1402.5
1639.5
1618.5
994.5
1374.0
1780.5
1732.5
883.5
961.5
1404.0
1080.0
1092.0
1308.0
1377.0
1600.5
1719.0
1393.5
1195.5
642.0
1227.0
1609.5
1353.0
1483.5
1651.5
1134.0
1437.0
568.5
1770.0
1272.0
1701.0
1384.5
1422.0
1638.0
1201.5
1021.5
823.5
1450.5
1500.0
823.5
1449.0
1792.5
1732.5
951.0
273.0
883.5
1159.5
750.0
1080.0
651.0
1434.0
993.0
1132.5
1740.0
435.0
1489.5
1282.5
250.5
165.0
1786.5
667.5
825.0
1500.0
1359.0
1638.0
1711.5
1558.5
1567.5
772.5
1138.5
1648.5
1243.5
1555.5
1492.5
1657.5
1569.0
406.5
1761.0
1464.0
1614.0
1456.5
1692.0
1224.0
495.0
1041.0
1365.0
1506.0
1495.5
1438.5
1180.5
1302.0
976.5
1737.0
706.5
232.5
1536.0
1146.0
1723.5
1596.0
1516.5
1611.0
1672.5
1588.5
846.0
634.5
549.0
1506.0
1696.5
1501.5
1477.5
379.5
1270.5
576.0
1690.5
250.5
1089.0
1006.5
1270.5
1669.5
298.5
1455.0
1653.0
1851.0
664.5
1143.0
709.5
558.0
1764.0
1482.0
1701.0
1231.5
1533.0
1642.5
1209.0
1183.5
1303.5
160.5
1458.0
538.5
1221.0
234.0
1017.0
1480.5
1851.0
1774.5
1383.0
936.0
619.5
502.5
1206.0
850.5
1606.5
1473.0
1446.0
370.5
1116.0
1308.0
1515.0
1725.0
1234.5
1585.5
1734.0
1455.0
1419.0
609.0
1389.0
1366.5
1531.5
1734.0
885.0
1809.0
1744.5
117.0
1116.0
1017.0
1045.5
1450.5
1702.5
1423.5
693.0
1554.0
1645.5
1645.5
1647.0
877.5
1629.0
157.5
1200.0
799.5
1723.5
1135.5
1323.0
1752.0
1707.0
1179.0
1678.5
1644.0
1245.0
1659.0
271.5
1587.0
1699.5
1125.0
1755.0
1681.5
910.5
1014.0
1732.5
1416.0
513.0
165.0
1476.0
1483.5
1515.0
1719.0
847.5
1650.0
1423.5
1573.5
1234.5
1518.0
1713.0
990.0
313.5
1626.0
1738.5
1567.5
1875.0
930.0
1186.5
1626.0
1069.5
1564.5
1492.5
1590.0
1174.5
1435.5
742.5
1465.5
687.0
1594.5
1147.5
439.5
496.5
1359.0
619.5
1206.0
1578.0
1438.5
1476.0
1617.0
1821.0
1015.5
1414.5
1530.0
1645.5
1200.0
699.0
1555.5
598.5
1297.5
1497.0
1081.5
1471.5
1500.0
1809.0
1332.0
1611.0
1228.5
1306.5
1302.0
1389.0
1624.5
1596.0
1626.0
1134.0
1093.5
1639.5
1548.0
910.5
667.5
1326.0
1647.0
1704.0
1759.5
1626.0
1647.0
1762.5
1117.5
1512.0
1252.5
946.5
1609.5
766.5
1525.5
1689.0
1720.5
1354.5
1371.0
265.5
826.5
1243.5
975.0
1578.0
1492.5
1440.0
738.0
568.5
805.5
1537.5
1741.5
1410.0
1741.5
1438.5
1797.0
1669.5
420.0
706.5
1398.0
1075.5
1263.0
163.5
888.0
1356.0
1627.5
1678.5
1083.0
1563.0
337.5
532.5
1794.0
1396.5
1089.0
1602.0
937.5
373.5
1443.0
1705.5
1461.0
1036.5
1759.5
841.5
1624.5
784.5
1431.0
1576.5
1053.0
540.0
243.0
1158.0
1230.0
237.0
1378.5
996.0
1299.0
1593.0
549.0
1075.5
1735.5
1506.0
1152.0
1746.0
1377.0
1158.0
1473.0
1206.0
1546.5
697.5
1674.0
435.0
825.0
1188.0
1083.0
1435.5
1101.0
1635.0
1770.0
1099.5
1714.5
1626.0
1459.5
250.5
975.0
1504.5
1035.0
618.0
1492.5
1707.0
1297.5
1392.0
262.5
1291.5
1632.0
1555.5
1722.0
1605.0
789.0
1263.0
1695.0
498.0
837.0
1074.0
1125.0
994.5
940.5
1620.0
1861.5
1180.5
1717.5
534.0
1251.0
847.5
456.0
1278.0
1687.5
415.5
318.0
1057.5
1429.5
403.5
1671.0
1524.0
76.5
1794.0
1726.5
936.0
1579.5
886.5
1585.5
1701.0
852.0
1518.0
1456.5
1618.5
1513.5
159.0
1759.5
1344.0
1167.0
1396.5
1321.5
1539.0
1149.0
226.5
598.5
1429.5
960.0
1861.5
922.5
561.0
1029.0
1530.0
1704.0
1519.5
276.0
1272.0
1611.0
1312.5
949.5
1579.5
1396.5
1624.5
546.0
1519.5
867.0
415.5
1171.5
1138.5
1873.5
259.5
1555.5
634.5
1230.0
1480.5
1570.5
1761.0
1159.5
1482.0
1324.5
1792.5
1104.0
1596.0
658.5
1041.0
1620.0
1579.5
1624.5
1813.5
1744.5
1560.0
1761.0
1632.0
1659.0
1234.5
1669.5
936.0
1485.0
1065.0
417.0
1447.5
1255.5
1186.5
366.0
828.0
772.5
1185.0
1435.5
1513.5
1206.0
291.0
450.0
1699.5
1134.0
1108.5
562.5
1399.5
1692.0
1528.5
951.0
1488.0
1543.5
1701.0
1129.5
1701.0
1078.5
999.0
1576.5
631.5
1261.5
1302.0
1626.0
1350.0
1302.0
313.5
877.5
1656.0
1212.0
1561.5
351.0
289.5
1384.5
1516.5
1594.5
999.0
223.5
1674.0
1596.0
795.0
1680.0
1683.0
747.0
1611.0
1312.5
493.5
639.0
973.5
789.0
730.5
1641.0
1543.5
780.0
1666.5
1194.0
1351.5
609.0
1728.0
1521.0
784.5
1257.0
637.5
1057.5
1543.5
444.0
1744.5
1419.0
1203.0
141.0
1545.0
1747.5
691.5
1255.5
511.5
1050.0
1687.5
1732.5
535.5
421.5
1131.0
1327.5
1122.0
1377.0
826.5
1368.0
1629.0
1434.0
988.5
388.5
1437.0
1704.0
1228.5
1506.0
1032.0
1342.5
507.0
1033.5
1047.0
991.5
1702.5
1611.0
223.5
1159.5
1386.0
1587.0
978.0
217.5
1624.5
124.5
1584.0
772.5
1369.5
388.5
1650.0
1702.5
1753.5
1707.0
1467.0
477.0
933.0
490.5
1582.5
730.5
1494.0
555.0
1036.5
1557.0
1360.5
1410.0
1269.0
738.0
1123.5
1173.0
1296.0
1192.5
1446.0
595.5
1080.0
966.0
1710.0
1738.5
1821.0
876.0
1233.0
1218.0
856.5
1722.0
1062.0
1567.5
1339.5
1396.5
549.0
1198.5
1327.5
1552.5
1080.0
1651.5
1746.0
1062.0
1524.0
1525.5
1258.5
418.5
822.0
1185.0
1738.5
1206.0
1044.0
1450.5
538.5
1420.5
1695.0
1554.0
478.5
1567.5
1444.5
258.0
1234.5
1513.5
1536.0
1752.0
940.5
1570.5
1564.5
679.5
357.0
1384.5
952.5
1414.5
1278.0
1054.5
1066.5
1501.5
1573.5
1545.0
886.5
678.0
1438.5
982.5
1551.0
540.0
1465.5
1279.5
1086.0
1471.5
1309.5
1476.0
1029.0
1713.0
1540.5
913.5
1746.0
177.0
1407.0
1648.5
1530.0
1116.0
1629.0
1348.5
1812.0
85.5
1455.0
963.0
523.5
1393.5
1683.0
1347.0
1554.0
1260.0
379.5
1612.5
1296.0
261.0
285.0
1234.5
1543.5
1387.5
478.5
1642.5
1087.5
1353.0
378.0
600.0
1528.5
1471.5
676.5
1545.0
1305.0
1569.0
1623.0
874.5
585.0
232.5
1015.5
1321.5
1429.5
142.5
1557.0
1147.5
1174.5
1344.0
1579.5
1210.5
1521.0
351.0
1632.0
396.0
1308.0
1021.5
928.5
1020.0
912.0
1426.5
1681.5
1387.5
1788.0
1387.5
1150.5
984.0
277.5
1698.0
1440.0
1504.5
1758.0
1510.5
1156.5
1162.5
1380.0
1173.0
1201.5
1083.0
1744.5
1456.5
310.5
261.0
786.0
375.0
1552.5
1438.5
823.5
465.0
1054.5
1738.5
1626.0
1299.0
1543.5
1459.5
1131.0
1758.0
273.0
787.5
895.5
1275.0
1030.5
1033.5
522.0
1371.0
1192.5
1581.0
1095.0
1441.5
1194.0
1896.0
1270.5
1476.0
727.5
1417.5
1432.5
645.0
1303.5
1221.0
582.0
1542.0
1548.0
1015.5
927.0
1617.0
1366.5
1654.5
1192.5
1344.0
430.5
70.5
1186.5
810.0
1749.0
1669.5
1632.0
798.0
1419.0
1336.5
672.0
964.5
1513.5
1453.5
577.5
1600.5
1324.5
286.5
1695.0
1329.0
1764.0
969.0
1785.0
1512.0
868.5
363.0
1711.5
1609.5
298.5
1678.5
1455.0
1351.5
1671.0
990.0
1527.0
1384.5
1462.5
1441.5
1389.0
1726.5
952.5
1342.5
1291.5
1450.5
1725.0
1231.5
1378.5
297.0
1476.0
1656.0
601.5
1621.5
909.0
901.5
1378.5
1213.5
640.5
796.5
273.0
1666.5
1387.5
823.5
1212.0
1074.0
1656.0
1333.5
1303.5
1453.5
1213.5
1651.5
1315.5
1680.0
1026.0
781.5
1051.5
564.0
1446.0
391.5
1740.0
546.0
1558.5
1545.0
604.5
1653.0
1617.0
1465.5
1567.5
1287.0
993.0
1549.5
933.0
1794.0
1387.5
828.0
477.0
1359.0
1365.0
811.5
807.0
1404.0
963.0
1398.0
1498.5
1875.0
990.0
1074.0
967.5
627.0
343.5
502.5
1833.0
525.0
1681.5
693.0
1611.0
1785.0
856.5
1296.0
1818.0
760.5
207.0
1296.0
1257.0
1128.0
1450.5
1741.5
1689.0
789.0
1639.5
1771.5
307.5
1135.5
930.0
1647.0
631.5
1216.5
1110.0
429.0
168.0
1312.5
1261.5
1783.5
706.5
1320.0
1732.5
1164.0
1713.0
1275.0
1605.0
1651.5
1513.5
1669.5
412.5
1339.5
756.0
1038.0
1434.0
1453.5
978.0
1753.5
1542.0
1258.5
1623.0
1290.0
687.0
1497.0
826.5
1411.5
192.0
1126.5
1513.5
1380.0
1588.5
1302.0
646.5
1059.0
1611.0
1264.5
531.0
1800.0
1708.5
1497.0
1134.0
1387.5
1575.0
1576.5
1566.0
1245.0
1483.5
732.0
1218.0
123.0
687.0
1749.0
1549.5
877.5
1197.0
1779.0
888.0
1212.0
865.5
441.0
1729.5
1282.5
1438.5
1468.5
1560.0
1347.0
297.0
379.5
534.0
1563.0
415.5
852.0
1345.5
1650.0
768.0
900.0
966.0
1755.0
522.0
369.0
1582.5
789.0
246.0
1405.5
1444.5
1275.0
1462.5
1273.5
567.0
529.5
1378.5
1413.0
687.0
1267.5
1440.0
534.0
1486.5
1626.0
1143.0
1177.5
858.0
1270.5
954.0
1528.5
864.0
193.5
1096.5
1594.5
1657.5
1065.0
1600.5
1246.5
1584.0
1659.0
1563.0
880.5
1201.5
1827.0
1164.0
657.0
1336.5
1782.0
1663.5
1366.5
1851.0
1333.5
61.5
1401.0
1068.0
985.5
1104.0
1251.0
1185.0
1479.0
1588.5
222.0
1543.5
1557.0
1377.0
1273.5
1581.0
1683.0
1596.0
1639.5
1551.0
627.0
1668.0
630.0
829.5
1689.0
1270.5
1599.0
1827.0
1482.0
663.0
1179.0
721.5
735.0
883.5
1480.5
90.0
1135.5
1371.0
1137.0
1242.0
1026.0
1522.5
883.5
1350.0
1360.5
1690.5
1345.5
1017.0
1590.0
1327.5
1536.0
586.5
1227.0
1561.5
721.5
1711.5
1893.0
1680.0
1380.0
1687.5
1297.5
1276.5
1566.0
1719.0
1698.0
1554.0
1566.0
723.0
1383.0
1516.5
1402.5
1215.0
1024.5
1432.5
1536.0
405.0
1398.0
1591.5
1006.5
1168.5
1573.5
808.5
1785.0
256.5
952.5
1326.0
1677.0
1687.5
1432.5
1612.5
1222.5
741.0
1521.0
45.0
1356.0
1473.0
1531.5
1246.5
816.0
802.5
1381.5
1501.5
1810.5
984.0
700.5
319.5
1467.0
1242.0
1606.5
1408.5
1723.5
1810.5
1852.5
1659.0
1578.0
1665.0
1744.5
1479.0
466.5
1203.0
1236.0
1074.0
1599.0
1377.0
1150.5
1263.0
1788.0
1708.5
1627.5
1239.0
189.0
1333.5
1317.0
1539.0
1492.5
1536.0
1659.0
1861.5
1531.5
1554.0
894.0
1423.5
616.5
1000.5
432.0
259.5
130.5
837.0
1621.5
1597.5
1569.0
1714.5
1530.0
754.5
1417.5
1278.0
279.0
1318.5
1539.0
1302.0
1690.5
1054.5
1404.0
1452.0
906.0
1440.0
940.5
1702.5
1588.5
796.5
1378.5
912.0
1338.0
1494.0
637.5
1699.5
1084.5
1666.5
1336.5
1239.0
706.5
159.0
1434.0
1668.0
753.0
1369.5
135.0
1161.0
552.0
1227.0
1068.0
531.0
930.0
1572.0
1341.0
1414.5
628.5
1810.5
990.0
1119.0
604.5
1642.5
1570.5
1209.0
1426.5
997.5
711.0
1455.0
1074.0
1761.0
1080.0
1380.0
1500.0
837.0
942.0
1531.5
1567.5
1557.0
1656.0
1347.0
460.5
1156.5
817.5
880.5
1179.0
592.5
1599.0
1236.0
1062.0
1207.5
1200.0
1546.5
1422.0
1417.5
1305.0
1108.5
1578.0
738.0
345.0
1311.0
1467.0
1051.5
618.0
1335.0
867.0
1470.0
678.0
1453.5
1539.0
1657.5
805.5
834.0
1158.0
1614.0
1347.0
1548.0
708.0
1897.5
1546.5
1672.5
87.0
1707.0
1630.5
1561.5
1669.5
1092.0
1335.0
1053.0
1045.5
1390.5
739.5
1257.0
1575.0
561.0
855.0
1543.5
1209.0
1123.5
1788.0
1161.0
1749.0
1524.0
1174.5
1546.5
1153.5
966.0
447.0
634.5
1618.5
1039.5
1560.0
1759.5
1824.0
1882.5
1663.5
1416.0
1789.5
1294.5
1692.0
790.5
961.5
1459.5
1492.5
1275.0
1570.5
528.0
711.0
589.5
492.0
1345.5
1710.0
1585.5
1224.0
1572.0
1492.5
1267.5
1476.0
1587.0
1653.0
552.0
1801.5
1234.5
207.0
1770.0
817.5
930.0
1441.5
1707.0
1315.5
834.0
520.5
1764.0
843.0
1600.5
1323.0
924.0
1584.0
1171.5
1242.0
1300.5
618.0
463.5
1311.0
1698.0
1575.0
1863.0
429.0
1110.0
1437.0
184.5
1108.5
286.5
1854.0
1354.5
258.0
1366.5
1438.5
1050.0
411.0
754.5
742.5
1155.0
1752.0
1621.5
928.5
1563.0
1254.0
1032.0
1258.5
1198.5
1510.5
1324.5
1419.0
1585.5
1134.0
1071.0
1222.5
333.0
1387.5
1441.5
1431.0
1006.5
495.0
649.5
1402.5
1308.0
970.5
1267.5
1581.0
1725.0
1410.0
603.0
1408.5
381.0
1209.0
1626.0
1041.0
1429.5
1636.5
1443.0
1062.0
1497.0
1704.0
1492.5
1441.5
37.5
1588.5
1257.0
1269.0
1126.5
175.5
546.0
1461.0
1366.5
757.5
1578.0
1188.0
1569.0
1329.0
1368.0
273.0
558.0
406.5
1018.5
1461.0
591.0
1623.0
1633.5
1203.0
862.5
1416.0
1092.0
1308.0
588.0
1372.5
363.0
1018.5
1195.5
1437.0
1498.5
1303.5
1438.5
1365.0
1444.5
1462.5
1857.0
1675.5
1350.0
1032.0
1371.0
1326.0
1665.0
1560.0
1368.0
1738.5
1363.5
301.5
1570.5
1642.5
1105.5
1353.0
1881.0
1546.5
1402.5
1213.5
1267.5
205.5
690.0
1662.0
1762.5
1302.0
1803.0
760.5
1416.0
1548.0
1281.0
1870.5
409.5
1087.5
402.0
1023.0
418.5
309.0
307.5
1098.0
1329.0
1395.0
1482.0
1623.0
1321.5
1411.5
1342.5
1389.0
1126.5
1123.5
475.5
1659.0
1417.5
1537.5
1663.5
1599.0
1527.0
1189.5
262.5
1650.0
636.0
1287.0
577.5
1258.5
1480.5
582.0
1675.5
1530.0
1348.5
802.5
1693.5
562.5
1300.5
738.0
807.0
1401.0
288.0
1615.5
1516.5
1557.0
1597.5
814.5
1267.5
442.5
1129.5
783.0
1348.5
1671.0
1231.5
276.0
916.5
636.0
1491.0
1776.0
1132.5
523.5
1176.0
1599.0
447.0
1576.5
1669.5
1398.0
831.0
1522.5
1236.0
945.0
1465.5
325.5
1107.0
465.0
1542.0
1501.5
1866.0
1266.0
1350.0
1294.5
1129.5
828.0
714.0
369.0
1050.0
1437.0
1575.0
1645.5
1143.0
1269.0
1713.0
1795.5
1051.5
852.0
1195.5
1527.0
1474.5
1645.5
409.5
1285.5
1188.0
1210.5
1599.0
603.0
1078.5
1674.0
1618.5
1353.0
1411.5
1260.0
1414.5
1020.0
1582.5
1626.0
1017.0
651.0
441.0
730.5
1485.0
1587.0
1675.5
418.5
1111.5
1134.0
931.5
1131.0
1365.0
1413.0
1350.0
1188.0
90.0
1669.5
906.0
594.0
805.5
1600.5
1633.5
1641.0
1573.5
1158.0
1453.5
645.0
492.0
427.5
1489.5
288.0
1827.0
1479.0
913.5
1639.5
1054.5
1713.0
279.0
1645.5
439.5
624.0
1648.5
660.0
555.0
1489.5
349.5
1578.0
1731.0
1476.0
1510.5
528.0
184.5
835.5
1689.0
598.5
663.0
1444.5
1405.5
1422.0
1228.5
657.0
1719.0
763.5
1423.5
895.5
1602.0
1387.5
1305.0
724.5
1590.0
1732.5
1704.0
721.5
646.5
855.0
333.0
1375.5
810.0
1305.0
1635.0
1729.5
1687.5
1498.5
1843.5
1516.5
1581.0
1125.0
705.0
280.5
1203.0
565.5
427.5
1567.5
274.5
1431.0
1500.0
438.0
579.0
1491.0
1320.0
1156.5
1809.0
1165.5
1065.0
546.0
928.5
1503.0
1333.5
1564.5
1393.5
498.0
633.0
1161.0
1314.0
1678.5
1446.0
181.5
343.5
1327.5
1386.0
1438.5
996.0
1132.5
1560.0
1441.5
1224.0
820.5
1038.0
1588.5
130.5
441.0
1329.0
1008.0
1015.5
517.5
1650.0
1516.5
1501.5
282.0
1458.0
1554.0
1068.0
1320.0
1107.0
1378.5
1456.5
1501.5
1522.5
1236.0
1576.5
1792.5
1326.0
1792.5
235.5
1140.0
1213.5
1519.5
1171.5
1690.5
597.0
931.5
883.5
1047.0
1252.5
759.0
1458.0
1035.0
286.5
1666.5
1668.0
1590.0
1507.5
1711.5
1158.0
1096.5
1434.0
1647.0
619.5
1459.5
1392.0
1533.0
1168.5
1024.5
192.0
1323.0
1333.5
685.5
1441.5
1323.0
1542.0
1714.5
1218.0
775.5
1147.5
145.5
240.0
1732.5
694.5
721.5
1432.5
1503.0
1726.5
1447.5
1752.0
1149.0
1045.5
1201.5
894.0
510.0
1650.0
1581.0
793.5
1021.5
1698.0
541.5
703.5
879.0
1708.5
1294.5
1530.0
1312.5
1152.0
289.5
1525.5
435.0
1528.5
487.5
1177.5
1344.0
816.0
1834.5
1249.5
1174.5
1665.0
820.5
1252.5
1446.0
591.0
1224.0
1348.5
1741.5
1009.5
1245.0
454.5
1431.0
1233.0
1440.0
399.0
1390.5
1635.0
1006.5
351.0
739.5
1858.5
1342.5
1494.0
1635.0
934.5
1164.0
1009.5
1464.0
606.0
1534.5
1347.0
37.5
1390.5
1368.0
1021.5
1215.0
756.0
289.5
1608.0
364.5
1612.5
1486.5
1696.5
1075.5
906.0
1486.5
1809.0
1437.0
1813.5
1572.0
913.5
825.0
1309.5
913.5
486.0
846.0
1369.5
1339.5
1660.5
798.0
1575.0
1174.5
1383.0
1032.0
1518.0
1461.0
1180.5
642.0
66.0
1633.5
1272.0
1171.5
822.0
880.5
1593.0
882.0
214.5
1695.0
1657.5
681.0
1615.5
1729.5
523.5
1488.0
1483.5
174.0
240.0
601.5
1285.5
1627.5
1129.5
1530.0
1693.5
1233.0
675.0
1551.0
760.5
1569.0
1008.0
1114.5
937.5
1381.5
1387.5
1491.0
1474.5
1099.5
1564.5
1233.0
1192.5
694.5
1084.5
1390.5
1416.0
214.5
1102.5
1635.0
1689.0
1618.5
1624.5
322.5
1035.0
1509.0
1539.0
1338.0
1773.0
201.0
1497.0
834.0
1176.0
595.5
1377.0
676.5
1155.0
1528.5
1795.5
858.0
1134.0
585.0
1606.5
1591.5
181.5
244.5
1819.5
606.0
1551.0
762.0
1665.0
862.5
120.0
1240.5
1671.0
249.0
1381.5
1447.5
730.5
1119.0
733.5
1048.5
1494.0
727.5
1690.5
445.5
1765.5
1629.0
430.5
1348.5
1711.5
1135.5
814.5
186.0
996.0
856.5
274.5
1390.5
1711.5
1384.5
1605.0
1728.0
1236.0
543.0
1569.0
708.0
1428.0
417.0
1716.0
1020.0
1534.5
1390.5
729.0
637.5
1407.0
1485.0
1483.5
1681.5
1077.0
892.5
117.0
1773.0
1237.5
1497.0
763.5
1683.0
1416.0
345.0
286.5
1416.0
1239.0
1266.0
1761.0
735.0
796.5
1629.0
1623.0
916.5
1518.0
1213.5
1713.0
1650.0
1560.0
1768.5
1564.5
1176.0
1680.0
1333.5
1390.5
1114.5
1503.0
1567.5
1771.5
1543.5
1299.0
1432.5
1576.5
1008.0
1842.0
1524.0
963.0
1804.5
1677.0
1410.0
1170.0
1065.0
727.5
1284.0
1377.0
1567.5
1522.5
1684.5
766.5
1608.0
1075.5
1506.0
408.0
1641.0
478.5
1141.5
1717.5
1510.5
364.5
1251.0
1386.0
1810.5
364.5
1732.5
1462.5
1396.5
301.5
559.5
1074.0
1170.0
270.0
831.0
880.5
1273.5
1057.5
1410.0
1525.5
1239.0
759.0
1857.0
1341.0
1095.0
1593.0
1830.0
102.0
1381.5
1531.5
1663.5
1681.5
1522.5
1228.5
1371.0
1450.5
879.0
1716.0
1720.5
1726.5
1557.0
528.0
204.0
1458.0
616.5
676.5
937.5
969.0
1815.0
1456.5
1573.5
144.0
736.5
1657.5
1386.0
1437.0
1552.5
444.0
1687.5
292.5
1174.5
1761.0
855.0
1407.0
1477.5
1426.5
1738.5
1123.5
1287.0
568.5
552.0
1185.0
1597.5
1188.0
1402.5
1755.0
717.0
1663.5
1582.5
576.0
1363.5
1738.5
1336.5
1611.0
435.0
1945.5
1011.0
259.5
1702.5
315.0
340.5
1594.5
1614.0
1599.0
1374.0
480.0
163.5
1080.0
1486.5
1659.0
1602.0
1057.5
1422.0
1522.5
424.5
943.5
1222.5
1657.5
778.5
1602.0
1671.0
1596.0
1696.5
1588.5
1627.5
1179.0
711.0
171.0
1234.5
1645.5
1273.5
501.0
1555.5
1780.5
1656.0
1203.0
1030.5
1389.0
783.0
1578.0
817.5
930.0
1027.5
1057.5
1755.0
1569.0
1473.0
1711.5
255.0
1251.0
1558.5
1068.0
1090.5
798.0
918.0
574.5
1503.0
168.0
1873.5
1521.0
589.5
1507.5
1095.0
1521.0
937.5
1552.5
1683.0
1764.0
1657.5
1014.0
1111.5
1725.0
1107.0
1476.0
778.5
544.5
1297.5
1407.0
1626.0
1219.5
994.5
1323.0
240.0
1372.5
1495.5
1003.5
1327.5
1557.0
1386.0
1345.5
1465.5
1342.5
1338.0
882.0
544.5
909.0
1026.0
1029.0
1621.5
1653.0
1387.5
1159.5
1435.5
1482.0
946.5
643.5
1414.5
1428.0
1755.0
1612.5
972.0
1657.5
1429.5
213.0
1525.5
951.0
1450.5
1387.5
1063.5
727.5
561.0
1572.0
966.0
811.5
1449.0
1702.5
801.0
1132.5
1387.5
1839.0
1350.0
1686.0
1555.5
1677.0
898.5
1224.0
1102.5
1165.5
642.0
907.5
511.5
343.5
495.0
1576.5
1759.5
763.5
1353.0
1734.0
1237.5
1039.5
1423.5
643.5
1668.0
151.5
1383.0
1581.0
1315.5
1675.5
160.5
1291.5
1308.0
1627.5
1675.5
1147.5
501.0
943.5
604.5
537.0
616.5
1623.0
1660.5
1384.5
645.0
1522.5
1882.5
1467.0
1495.5
1348.5
1012.5
1332.0
421.5
1294.5
1668.0
798.0
1221.0
988.5
1288.5
1092.0
1534.5
1521.0
1578.0
955.5
486.0
1585.5
897.0
1527.0
1317.0
1450.5
660.0
1113.0
1519.5
1615.5
1554.0
456.0
1671.0
277.5
1402.5
654.0
1027.5
1495.5
1519.5
1617.0
795.0
1539.0
1489.5
1357.5
1545.0
1230.0
1776.0
1362.0
1827.0
1513.5
745.5
1243.5
1609.5
1549.5
579.0
1164.0
559.5
574.5
1549.5
997.5
1675.5
1533.0
1372.5
505.5
723.0
1224.0
1732.5
1419.0
1648.5
583.5
241.5
1494.0
1572.0
1212.0
1492.5
1594.5
852.0
1510.5
1240.5
309.0
1702.5
1218.0
1072.5
1321.5
798.0
1699.5
1305.0
1816.5
1549.5
1693.5
996.0
1606.5
16.5
1404.0
1405.5
342.0
664.5
1159.5
1366.5
1188.0
1372.5
1279.5
471.0
1464.0
1567.5
379.5
1584.0
1594.5
867.0
1764.0
1026.0
934.5
798.0
222.0
1656.0
1485.0
613.5
1731.0
856.5
1336.5
985.5
1348.5
1431.0
708.0
1120.5
1173.0
1653.0
583.5
858.0
376.5
1563.0
1503.0
1143.0
1531.5
1162.5
1398.0
915.0
1549.5
1180.5
1518.0
1209.0
1081.5
1486.5
1459.5
1365.0
297.0
1525.5
1740.0
1633.5
1093.5
943.5
775.5
1440.0
1428.0
435.0
589.5
438.0
1105.5
499.5
253.5
1074.0
1675.5
1555.5
1369.5
1062.0
1614.0
1722.0
1134.0
891.0
1398.0
1488.0
1440.0
850.5
352.5
1524.0
162.0
1312.5
1746.0
1222.5
1317.0
1774.5
246.0
1443.0
1663.5
780.0
1246.5
1407.0
1002.0
199.5
1665.0
1438.5
1222.5
1756.5
1290.0
1231.5
634.5
1582.5
1767.0
915.0
1281.0
423.0
1576.5
862.5
1318.5
435.0
1647.0
1668.0
666.0
1621.5
819.0
879.0
1560.0
1833.0
1386.0
1537.5
1509.0
1102.5
1651.5
570.0
1062.0
1005.0
1545.0
1674.0
1267.5
1707.0
601.5
1101.0
1255.5
1413.0
987.0
1104.0
1708.5
1618.5
1708.5
1584.0
1213.5
486.0
1747.5
1611.0
1594.5
813.0
652.5
1534.5
619.5
307.5
1312.5
1594.5
1197.0
1291.5
448.5
1509.0
1573.5
426.0
1582.5
1678.5
1483.5
1612.5
1128.0
1227.0
1029.0
714.0
1410.0
277.5
1720.5
1447.5
1515.0
1702.5
805.5
214.5
1416.0
1842.0
1351.5
298.5
1638.0
721.5
457.5
1348.5
1023.0
397.5
1762.5
916.5
1542.0
1440.0
1584.0
708.0
1278.0
1579.5
741.0
1759.5
1566.0
1404.0
606.0
1323.0
700.5
1566.0
300.0
1521.0
558.0
1684.5
1522.5
1156.5
1365.0
1000.5
808.5
1348.5
1605.0
1500.0
1603.5
1303.5
1555.5
1368.0
1260.0
814.5
1453.5
1339.5
1639.5
1215.0
838.5
1423.5
1437.0
408.0
747.0
1221.0
1311.0
1122.0
1030.5
901.5
1873.5
1360.5
1795.5
1261.5
1387.5
1420.5
1504.5
1749.0
1425.0
531.0
1654.5
1135.5
1534.5
1522.5
1813.5
223.5
891.0
1539.0
1474.5
534.0
1317.0
1081.5
379.5
1594.5
678.0
1000.5
1470.0
636.0
1275.0
396.0
1020.0
436.5
642.0
1081.5
1054.5
1396.5
1069.5
1696.5
1339.5
1755.0
628.5
1284.0
1665.0
349.5
655.5
847.5
940.5
1765.5
1395.0
1116.0
1237.5
1593.0
960.0
1639.5
1617.0
1168.5
1383.0
384.0
1645.5
1369.5
1243.5
1537.5
1453.5
895.5
1357.5
1264.5
1639.5
1401.0
1254.0
1626.0
1431.0
1171.5
1198.5
366.0
705.0
1434.0
844.5
1504.5
1419.0
276.0
1756.5
1417.5
1086.0
1146.0
378.0
1359.0
1038.0
927.0
1722.0
1135.5
1423.5
1351.5
394.5
1456.5
894.0
471.0
1248.0
883.5
697.5
1137.0
1710.0
1410.0
600.0
1435.5
1443.0
1770.0
1804.5
1284.0
1333.5
1443.0
654.0
1564.5
613.5
1558.5
1468.5
1437.0
528.0
1240.5
1345.5
1132.5
1281.0
1426.5
1842.0
1431.0
1350.0
1104.0
1770.0
1213.5
1158.0
600.0
1243.5
871.5
1291.5
861.0
1021.5
622.5
1227.0
417.0
517.5
1155.0
1051.5
1045.5
1162.5
357.0
1579.5
1216.5
832.5
1843.5
684.0
1084.5
1587.0
1077.0
1602.0
46.5
673.5
1480.5
789.0
652.5
1395.0
1440.0
1191.0
871.5
1309.5
1464.0
1279.5
894.0
1533.0
1182.0
1248.0
1575.0
1030.5
607.5
1146.0
991.5
1357.5
1666.5
690.0
1045.5
886.5
1801.5
1135.5
1203.0
1420.5
1561.5
1435.5
901.5
1309.5
1269.0
1587.0
1573.5
240.0
75.0
1281.0
1246.5
280.5
1275.0
1513.5
828.0
1047.0
1356.0
1254.0
1104.0
1489.5
1608.0
1338.0
1824.0
873.0
1128.0
903.0
1579.5
828.0
204.0
306.0
1141.5
1699.5
1612.5
439.5
1359.0
1443.0
1050.0
1417.5
342.0
873.0
981.0
1576.5
1128.0
1512.0
1149.0
189.0
1444.5
928.5
478.5
1285.5
1551.0
1299.0
999.0
955.5
862.5
1065.0
1101.0
1854.0
385.5
354.0
1416.0
1717.5
409.5
1365.0
684.0
1611.0
1383.0
187.5
1639.5
1180.5
519.0
1468.5
1030.5
568.5
1515.0
967.5
1068.0
1567.5
1740.0
1027.5
1249.5
148.5
1500.0
1549.5
1633.5
1903.5
1684.5
1510.5
846.0
1644.0
1437.0
1623.0
993.0
1117.5
1731.0
1128.0
1048.5
1608.0
1383.0
1729.5
1413.0
979.5
103.5
649.5
1218.0
735.0
1303.5
1513.5
1120.5
1609.5
1648.5
1623.0
1540.5
1578.0
1534.5
1060.5
1315.5
729.0
1210.5
1371.0
1614.0
942.0
1263.0
534.0
523.5
1254.0
1579.5
1656.0
1698.0
1200.0
658.5
1441.5
1519.5
799.5
1249.5
936.0
1572.0
1351.5
1750.5
1533.0
1707.0
603.0
1375.5
1369.5
888.0
1438.5
1870.5
949.5
912.0
783.0
1609.5
1354.5
1254.0
1683.0
1743.0
1173.0
1444.5
712.5
1753.5
1653.0
1801.5
843.0
1795.5
1767.0
861.0
1198.5
1288.5
699.0
471.0
1741.5
1222.5
1320.0
1102.5
1288.5
1206.0
274.5
1384.5
960.0
1126.5
1051.5
1381.5
1324.5
1186.5
1158.0
624.0
1314.0
1077.0
363.0
907.5
949.5
1428.0
1755.0
1737.0
510.0
1579.5
1530.0
1330.5
723.0
1237.5
652.5
1057.5
1713.0
1467.0
1357.5
1605.0
799.5
1755.0
949.5
1635.0
736.5
544.5
399.0
828.0
997.5
1668.0
672.0
772.5
1272.0
1657.5
1257.0
1650.0
685.5
1020.0
1581.0
1725.0
999.0
1291.5
1630.5
952.5
835.5
1747.5
1491.0
1212.0
1674.0
1369.5
102.0
1285.5
576.0
60.0
1546.5
1233.0
1545.0
903.0
1570.5
1321.5
1188.0
483.0
1224.0
993.0
1240.5
1798.5
1708.5
1552.5
322.5
1636.5
1197.0
1431.0
1434.0
631.5
1506.0
1534.5
1707.0
168.0
817.5
594.0
1068.0
421.5
1081.5
1315.5
1446.0
1657.5
1651.5
934.5
486.0
339.0
1713.0
1674.0
168.0
1558.5
322.5
1270.5
438.0
547.5
1429.5
1036.5
162.0
1825.5
1435.5
1803.0
669.0
1428.0
1033.5
1155.0
1653.0
597.0
1234.5
1626.0
762.0
220.5
1617.0
1654.5
285.0
1531.5
820.5
1515.0
1680.0
295.5
1792.5
723.0
943.5
1192.5
1240.5
1048.5
1201.5
340.5
1119.0
1782.0
1432.5
319.5
1221.0
474.0
67.5
322.5
1462.5
1485.0
903.0
1593.0
1635.0
1659.0
1465.5
1596.0
1335.0
1641.0
1434.0
1794.0
1248.0
1453.5
1476.0
1047.0
1314.0
729.0
1201.5
