214.5
378.0
34.5
415.5
457.5
811.5
276.0
207.0
1174.5
396.0
420.0
460.5
837.0
667.5
252.0
250.5
816.0
699.0
355.5
658.5
1218.0
717.0
1236.0
1089.0
258.0
645.0
499.5
1410.0
756.0
1282.5
21.0
481.5
345.0
672.0
1344.0
427.5
271.5
567.0
412.5
469.5
37.5
892.5
714.0
645.0
1111.5
619.5
181.5
216.0
729.0
285.0
952.5
1144.5
211.5
685.5
949.5
114.0
543.0
1048.5
520.5
427.5
60.0
1141.5
1569.0
414.0
529.5
126.0
334.5
933.0
465.0
403.5
79.5
403.5
552.0
282.0
448.5
1042.5
1168.5
78.0
940.5
430.5
573.0
264.0
475.5
366.0
573.0
565.5
195.0
1246.5
1134.0
310.5
1146.0
550.5
603.0
537.0
669.0
313.5
486.0
562.5
664.5
196.5
436.5
120.0
270.0
400.5
406.5
1026.0
297.0
571.5
391.5
1026.0
1294.5
574.5
226.5
214.5
513.0
603.0
721.5
430.5
343.5
550.5
1102.5
388.5
744.0
79.5
709.5
321.0
538.5
202.5
339.0
136.5
301.5
961.5
550.5
543.0
1468.5
222.0
1045.5
367.5
472.5
702.0
355.5
721.5
499.5
580.5
642.0
343.5
1003.5
843.0
331.5
403.5
421.5
304.5
607.5
1306.5
790.5
1102.5
1068.0
565.5
252.0
403.5
1635.0
519.0
598.5
769.5
322.5
171.0
708.0
1342.5
495.0
901.5
346.5
87.0
1110.0
291.0
210.0
612.0
340.5
483.0
1045.5
573.0
280.5
415.5
514.5
427.5
894.0
309.0
468.0
103.5
352.5
243.0
1197.0
1159.5
1003.5
817.5
1003.5
156.0
555.0
300.0
1237.5
454.5
772.5
1254.0
298.5
847.5
777.0
724.5
240.0
792.0
1002.0
961.5
429.0
706.5
754.5
286.5
1060.5
915.0
1149.0
469.5
85.5
274.5
55.5
249.0
571.5
492.0
1384.5
925.5
1369.5
615.0
946.5
237.0
292.5
915.0
904.5
1050.0
363.0
648.0
397.5
787.5
103.5
337.5
423.0
1504.5
132.0
1374.0
630.0
1131.0
1107.0
825.0
559.5
381.0
597.0
1092.0
1564.5
492.0
1167.0
108.0
252.0
226.5
346.5
1101.0
510.0
1032.0
1312.5
1023.0
282.0
339.0
432.0
264.0
430.5
174.0
1041.0
243.0
838.5
574.5
187.5
846.0
339.0
801.0
633.0
760.5
655.5
90.0
840.0
556.5
667.5
153.0
1216.5
204.0
840.0
849.0
303.0
805.5
495.0
441.0
592.5
345.0
52.5
750.0
691.5
1321.5
135.0
559.5
309.0
948.0
727.5
1267.5
813.0
340.5
438.0
234.0
810.0
636.0
459.0
910.5
450.0
324.0
931.5
570.0
759.0
292.5
619.5
493.5
651.0
817.5
855.0
298.5
612.0
625.5
834.0
877.5
1738.5
1378.5
108.0
922.5
1167.0
810.0
202.5
1300.5
1120.5
444.0
777.0
462.0
486.0
447.0
610.5
79.5
504.0
124.5
1389.0
751.5
309.0
112.5
739.5
99.0
379.5
1188.0
700.5
933.0
1267.5
550.5
865.5
403.5
366.0
166.5
568.5
1041.0
367.5
333.0
1417.5
1132.5
178.5
711.0
234.0
1023.0
705.0
747.0
525.0
592.5
145.5
295.5
546.0
487.5
789.0
967.5
789.0
1101.0
196.5
346.5
741.0
1141.5
244.5
538.5
720.0
802.5
367.5
838.5
771.0
558.0
393.0
552.0
883.5
408.0
31.5
426.0
375.0
220.5
1137.0
367.5
885.0
712.5
379.5
654.0
1248.0
1032.0
1182.0
460.5
1068.0
844.5
660.0
358.5
510.0
559.5
588.0
220.5
387.0
424.5
1159.5
621.0
376.5
597.0
181.5
994.5
1294.5
141.0
1434.0
355.5
388.5
793.5
1254.0
1486.5
330.0
513.0
1515.0
543.0
468.0
442.5
312.0
979.5
198.0
286.5
1113.0
813.0
1011.0
363.0
324.0
1441.5
795.0
381.0
226.5
729.0
598.5
493.5
324.0
460.5
1114.5
399.0
595.5
1087.5
582.0
1159.5
423.0
357.0
165.0
952.5
159.0
1158.0
826.5
99.0
1000.5
600.0
232.5
1146.0
1299.0
103.5
591.0
117.0
721.5
1356.0
1512.0
643.5
522.0
1249.5
108.0
573.0
205.5
652.5
456.0
1267.5
252.0
411.0
1210.5
207.0
409.5
618.0
589.5
357.0
402.0
445.5
420.0
106.5
264.0
436.5
664.5
373.5
645.0
283.5
153.0
258.0
1147.5
1198.5
481.5
375.0
744.0
948.0
838.5
1053.0
784.5
187.5
384.0
493.5
441.0
478.5
346.5
849.0
537.0
1107.0
69.0
525.0
1066.5
343.5
918.0
699.0
930.0
309.0
933.0
270.0
493.5
357.0
541.5
184.5
319.5
639.0
351.0
552.0
778.5
691.5
379.5
388.5
426.0
535.5
745.5
265.5
463.5
690.0
763.5
511.5
942.0
804.0
502.5
432.0
1015.5
796.5
1507.5
1411.5
244.5
1065.0
279.0
57.0
541.5
300.0
451.5
898.5
1054.5
489.0
892.5
259.5
712.5
619.5
549.0
637.5
841.5
159.0
678.0
342.0
484.5
361.5
508.5
240.0
759.0
1408.5
538.5
1225.5
817.5
261.0
675.0
426.0
213.0
514.5
259.5
498.0
499.5
391.5
795.0
897.0
276.0
736.5
543.0
222.0
423.0
496.5
540.0
1005.0
706.5
235.5
870.0
153.0
801.0
330.0
685.5
529.5
1390.5
814.5
184.5
390.0
891.0
177.0
87.0
634.5
1155.0
309.0
795.0
780.0
228.0
286.5
99.0
453.0
769.5
796.5
447.0
588.0
1143.0
267.0
451.5
115.5
928.5
466.5
1387.5
841.5
1123.5
105.0
231.0
844.5
591.0
186.0
471.0
1326.0
928.5
1501.5
402.0
159.0
193.5
906.0
613.5
298.5
438.0
160.5
420.0
733.5
328.5
288.0
295.5
1167.0
310.5
1182.0
1089.0
462.0
601.5
394.5
595.5
171.0
975.0
139.5
750.0
498.0
615.0
657.0
319.5
180.0
282.0
631.5
252.0
331.5
664.5
360.0
838.5
844.5
627.0
618.0
531.0
148.5
1140.0
151.5
1195.5
823.5
907.5
1192.5
555.0
1167.0
204.0
439.5
1438.5
1375.5
100.5
481.5
24.0
658.5
751.5
388.5
333.0
570.0
244.5
837.0
600.0
1413.0
910.5
409.5
1057.5
1179.0
406.5
1215.0
343.5
280.5
319.5
1339.5
474.0
109.5
639.0
120.0
559.5
367.5
202.5
364.5
948.0
306.0
1264.5
328.5
1287.0
115.5
180.0
1408.5
393.0
595.5
276.0
487.5
229.5
10.5
294.0
541.5
730.5
571.5
400.5
724.5
202.5
1581.0
1489.5
292.5
210.0
474.0
364.5
481.5
816.0
1231.5
1300.5
147.0
346.5
324.0
384.0
817.5
640.5
726.0
916.5
108.0
921.0
292.5
511.5
1005.0
469.5
993.0
174.0
1068.0
325.5
285.0
411.0
805.5
427.5
166.5
517.5
592.5
655.5
433.5
717.0
336.0
1333.5
234.0
358.5
1129.5
898.5
852.0
193.5
672.0
408.0
81.0
970.5
501.0
528.0
396.0
477.0
576.0
514.5
601.5
534.0
327.0
541.5
313.5
348.0
375.0
810.0
940.5
810.0
1276.5
324.0
178.5
516.0
1585.5
153.0
799.5
319.5
552.0
883.5
513.0
1311.0
142.5
379.5
121.5
349.5
465.0
690.0
483.0
898.5
183.0
739.5
726.0
108.0
747.0
205.5
643.5
286.5
1299.0
405.0
532.5
649.5
850.5
405.0
894.0
730.5
1090.5
1083.0
763.5
729.0
609.0
390.0
327.0
1195.5
996.0
643.5
742.5
1222.5
226.5
447.0
577.5
717.0
208.5
91.5
573.0
135.0
154.5
672.0
252.0
540.0
567.0
361.5
486.0
132.0
448.5
162.0
274.5
262.5
448.5
633.0
235.5
213.0
666.0
501.0
160.5
360.0
243.0
169.5
1591.5
676.5
304.5
138.0
519.0
271.5
382.5
234.0
369.0
466.5
307.5
513.0
553.5
1479.0
415.5
595.5
454.5
1098.0
220.5
316.5
424.5
883.5
306.0
970.5
156.0
165.0
585.0
426.0
1330.5
538.5
391.5
532.5
759.0
1000.5
171.0
492.0
636.0
271.5
720.0
330.0
957.0
916.5
150.0
361.5
1299.0
399.0
342.0
256.5
343.5
612.0
783.0
765.0
495.0
1060.5
582.0
579.0
271.5
672.0
568.5
177.0
1440.0
108.0
618.0
438.0
576.0
460.5
181.5
345.0
723.0
160.5
339.0
201.0
444.0
1074.0
250.5
720.0
1057.5
543.0
360.0
867.0
699.0
193.5
108.0
804.0
261.0
162.0
253.5
463.5
862.5
996.0
330.0
1465.5
268.5
318.0
16.5
408.0
309.0
280.5
277.5
156.0
229.5
958.5
1230.0
897.0
418.5
361.5
436.5
498.0
361.5
637.5
400.5
1504.5
508.5
297.0
358.5
1471.5
1297.5
318.0
607.5
829.5
310.5
798.0
1432.5
751.5
409.5
1155.0
300.0
585.0
456.0
711.0
394.5
460.5
778.5
1719.0
198.0
1296.0
295.5
225.0
1236.0
604.5
1003.5
1200.0
531.0
433.5
196.5
328.5
1239.0
202.5
561.0
424.5
325.5
907.5
1501.5
253.5
397.5
358.5
1251.0
1201.5
199.5
91.5
472.5
436.5
271.5
147.0
888.0
913.5
340.5
856.5
387.0
627.0
384.0
396.0
333.0
862.5
313.5
735.0
391.5
522.0
865.5
282.0
145.5
700.5
724.5
144.0
288.0
30.0
603.0
31.5
453.0
750.0
865.5
420.0
355.5
472.5
330.0
457.5
1005.0
1477.5
586.5
516.0
519.0
172.5
900.0
1324.5
52.5
1048.5
661.5
1378.5
756.0
441.0
816.0
454.5
1182.0
1443.0
1231.5
348.0
724.5
585.0
534.0
318.0
1410.0
292.5
664.5
441.0
292.5
867.0
559.5
663.0
118.5
529.5
246.0
502.5
433.5
285.0
726.0
883.5
196.5
279.0
664.5
643.5
327.0
588.0
39.0
420.0
829.5
436.5
75.0
1083.0
322.5
870.0
748.5
351.0
790.5
243.0
343.5
517.5
409.5
1476.0
426.0
1458.0
519.0
316.5
169.5
99.0
402.0
232.5
921.0
354.0
1359.0
907.5
1114.5
133.5
210.0
259.5
433.5
451.5
72.0
754.5
288.0
306.0
297.0
402.0
661.5
529.5
1395.0
265.5
88.5
315.0
463.5
361.5
207.0
648.0
1531.5
1147.5
382.5
613.5
531.0
579.0
1462.5
544.5
454.5
384.0
264.0
1005.0
541.5
1519.5
520.5
1045.5
250.5
228.0
784.5
751.5
1210.5
1434.0
223.5
429.0
1048.5
753.0
394.5
181.5
231.0
598.5
1069.5
294.0
376.5
670.5
360.0
573.0
636.0
519.0
540.0
510.0
60.0
277.5
883.5
318.0
786.0
763.5
271.5
837.0
307.5
832.5
832.5
579.0
283.5
195.0
352.5
178.5
171.0
480.0
202.5
1188.0
916.5
1017.0
277.5
366.0
330.0
106.5
402.0
573.0
1081.5
1347.0
798.0
663.0
849.0
1018.5
501.0
585.0
675.0
823.5
747.0
871.5
838.5
291.0
505.5
990.0
931.5
408.0
1345.5
315.0
574.5
369.0
820.5
603.0
1132.5
591.0
531.0
715.5
1228.5
1011.0
571.5
694.5
1266.0
1093.5
762.0
975.0
1272.0
1690.5
60.0
646.5
589.5
280.5
424.5
180.0
351.0
399.0
549.0
229.5
468.0
1213.5
928.5
838.5
202.5
387.0
363.0
756.0
642.0
843.0
396.0
1522.5
808.5
511.5
468.0
583.5
322.5
222.0
435.0
195.0
427.5
1123.5
415.5
798.0
319.5
189.0
862.5
1645.5
480.0
487.5
792.0
571.5
619.5
193.5
556.5
1095.0
504.0
286.5
948.0
435.0
372.0
160.5
1015.5
793.5
207.0
456.0
649.5
624.0
937.5
13.5
841.5
411.0
430.5
535.5
1320.0
1143.0
1134.0
250.5
342.0
1156.5
373.5
990.0
276.0
525.0
190.5
483.0
1123.5
324.0
456.0
760.5
1224.0
724.5
276.0
1269.0
748.5
390.0
388.5
607.5
408.0
918.0
376.5
403.5
1053.0
261.0
273.0
231.0
142.5
394.5
196.5
1035.0
676.5
276.0
912.0
364.5
537.0
795.0
294.0
871.5
391.5
492.0
162.0
129.0
294.0
687.0
984.0
1012.5
1033.5
255.0
363.0
27.0
391.5
201.0
264.0
648.0
387.0
169.5
910.5
684.0
376.5
1060.5
283.5
963.0
255.0
1462.5
171.0
616.5
609.0
120.0
741.0
450.0
823.5
642.0
1006.5
903.0
1075.5
774.0
603.0
610.5
195.0
381.0
651.0
316.5
397.5
306.0
259.5
426.0
571.5
325.5
505.5
214.5
990.0
214.5
388.5
1404.0
1020.0
621.0
1332.0
1020.0
288.0
585.0
1293.0
628.5
174.0
357.0
636.0
756.0
1056.0
906.0
399.0
568.5
232.5
516.0
1515.0
259.5
1327.5
234.0
936.0
745.5
859.5
919.5
861.0
282.0
546.0
150.0
553.5
1140.0
876.0
433.5
636.0
369.0
172.5
577.5
1285.5
702.0
175.5
831.0
846.0
90.0
909.0
169.5
459.0
297.0
271.5
793.5
529.5
1065.0
430.5
1432.5
291.0
990.0
520.5
801.0
1204.5
567.0
967.5
411.0
190.5
981.0
1180.5
55.5
258.0
294.0
349.5
1360.5
690.0
343.5
51.0
343.5
438.0
999.0
924.0
907.5
369.0
907.5
265.5
678.0
103.5
247.5
510.0
459.0
607.5
372.0
240.0
303.0
1140.0
82.5
219.0
399.0
168.0
274.5
576.0
330.0
327.0
552.0
316.5
259.5
445.5
1234.5
378.0
1284.0
319.5
1209.0
252.0
244.5
916.5
414.0
522.0
493.5
1185.0
1239.0
1179.0
301.5
181.5
156.0
531.0
525.0
688.5
424.5
315.0
75.0
105.0
459.0
804.0
820.5
619.5
577.5
804.0
427.5
202.5
1423.5
525.0
447.0
807.0
714.0
207.0
286.5
355.5
595.5
1095.0
618.0
684.0
378.0
900.0
232.5
810.0
1477.5
295.5
738.0
871.5
522.0
280.5
136.5
1269.0
64.5
604.5
582.0
400.5
316.5
454.5
991.5
543.0
720.0
984.0
1003.5
312.0
139.5
342.0
172.5
36.0
202.5
897.0
339.0
826.5
649.5
97.5
505.5
739.5
849.0
688.5
432.0
694.5
528.0
616.5
1159.5
543.0
1150.5
775.5
355.5
199.5
747.0
661.5
976.5
256.5
459.0
328.5
838.5
556.5
253.5
619.5
1311.0
420.0
154.5
810.0
268.5
264.0
780.0
162.0
120.0
1188.0
208.5
640.5
141.0
447.0
43.5
1072.5
898.5
312.0
369.0
76.5
511.5
975.0
195.0
708.0
460.5
145.5
997.5
1051.5
285.0
909.0
855.0
346.5
453.0
282.0
783.0
1239.0
361.5
853.5
864.0
430.5
222.0
1240.5
238.5
300.0
928.5
582.0
436.5
463.5
495.0
388.5
780.0
1068.0
537.0
361.5
597.0
243.0
417.0
340.5
976.5
928.5
456.0
807.0
339.0
588.0
1120.5
1263.0
670.5
826.5
459.0
82.5
256.5
346.5
709.5
148.5
186.0
514.5
849.0
504.0
457.5
1183.5
598.5
123.0
606.0
373.5
570.0
799.5
1587.0
253.5
616.5
555.0
516.0
541.5
367.5
166.5
538.5
1102.5
171.0
1123.5
34.5
913.5
501.0
975.0
982.5
441.0
523.5
253.5
847.5
705.0
96.0
463.5
292.5
883.5
195.0
685.5
1035.0
214.5
175.5
844.5
685.5
1483.5
1084.5
195.0
153.0
787.5
205.5
705.0
441.0
138.0
394.5
459.0
480.0
319.5
673.5
526.5
858.0
628.5
514.5
235.5
288.0
702.0
628.5
177.0
580.5
565.5
471.0
582.0
1353.0
319.5
180.0
375.0
1338.0
793.5
628.5
552.0
1323.0
391.5
154.5
417.0
913.5
606.0
919.5
495.0
654.0
882.0
481.5
646.5
906.0
352.5
733.5
333.0
337.5
352.5
486.0
484.5
501.0
675.0
574.5
993.0
1000.5
943.5
421.5
307.5
115.5
298.5
342.0
369.0
856.5
292.5
973.5
370.5
201.0
150.0
277.5
291.0
952.5
546.0
1209.0
709.5
445.5
421.5
315.0
390.0
82.5
82.5
195.0
330.0
145.5
772.5
90.0
484.5
387.0
199.5
664.5
73.5
1054.5
444.0
339.0
718.5
411.0
823.5
355.5
502.5
321.0
340.5
591.0
235.5
702.0
1243.5
279.0
93.0
420.0
915.0
898.5
244.5
1023.0
1068.0
277.5
618.0
309.0
763.5
297.0
472.5
405.0
418.5
988.5
637.5
796.5
211.5
516.0
195.0
481.5
162.0
465.0
648.0
757.5
120.0
489.0
912.0
196.5
570.0
534.0
1386.0
186.0
105.0
472.5
391.5
360.0
978.0
594.0
498.0
562.5
397.5
564.0
1126.5
837.0
996.0
771.0
237.0
990.0
387.0
757.5
414.0
322.5
180.0
250.5
624.0
1054.5
451.5
343.5
319.5
324.0
763.5
1003.5
193.5
846.0
604.5
262.5
96.0
979.5
178.5
435.0
328.5
756.0
1191.0
160.5
330.0
733.5
256.5
663.0
247.5
1177.5
553.5
22.5
894.0
195.0
831.0
1041.0
858.0
69.0
1333.5
816.0
378.0
265.5
1158.0
835.5
769.5
202.5
274.5
139.5
625.5
786.0
288.0
796.5
753.0
588.0
591.0
403.5
484.5
484.5
508.5
610.5
676.5
805.5
259.5
1096.5
639.0
108.0
396.0
247.5
762.0
703.5
67.5
274.5
1185.0
867.0
654.0
517.5
681.0
637.5
249.0
771.0
1179.0
361.5
450.0
880.5
1312.5
210.0
865.5
405.0
226.5
688.5
673.5
1462.5
1180.5
283.5
616.5
696.0
306.0
205.5
174.0
1243.5
1197.0
79.5
864.0
133.5
540.0
361.5
118.5
1066.5
291.0
546.0
579.0
741.0
592.5
489.0
1090.5
604.5
307.5
1170.0
780.0
1302.0
90.0
381.0
789.0
174.0
285.0
1021.5
460.5
937.5
379.5
408.0
112.5
607.5
555.0
603.0
579.0
538.5
321.0
363.0
966.0
196.5
231.0
423.0
135.0
148.5
133.5
1501.5
1093.5
553.5
714.0
708.0
286.5
996.0
1114.5
903.0
318.0
285.0
877.5
1041.0
429.0
496.5
439.5
1189.5
717.0
823.5
970.5
378.0
591.0
207.0
892.5
1260.0
283.5
508.5
178.5
646.5
222.0
172.5
96.0
711.0
145.5
1125.0
1084.5
1144.5
592.5
930.0
604.5
360.0
331.5
181.5
432.0
1129.5
150.0
625.5
183.0
478.5
1261.5
244.5
702.0
214.5
172.5
621.0
1126.5
817.5
231.0
1225.5
775.5
466.5
210.0
853.5
436.5
301.5
1054.5
777.0
1095.0
670.5
376.5
862.5
759.0
1008.0
225.0
237.0
1053.0
747.0
631.5
454.5
1228.5
241.5
553.5
736.5
1393.5
136.5
430.5
1335.0
115.5
862.5
375.0
616.5
264.0
1081.5
708.0
805.5
273.0
166.5
597.0
919.5
628.5
933.0
579.0
837.0
885.0
178.5
828.0
321.0
529.5
1174.5
675.0
193.5
441.0
352.5
508.5
624.0
397.5
952.5
706.5
678.0
174.0
859.5
514.5
340.5
1360.5
1197.0
534.0
402.0
198.0
666.0
1218.0
474.0
298.5
441.0
751.5
213.0
475.5
486.0
283.5
213.0
283.5
795.0
604.5
478.5
642.0
891.0
346.5
549.0
1375.5
550.5
412.5
621.0
571.5
24.0
645.0
525.0
699.0
700.5
1057.5
292.5
808.5
88.5
441.0
219.0
799.5
1255.5
360.0
1165.5
477.0
819.0
645.0
816.0
105.0
432.0
303.0
432.0
354.0
613.5
1069.5
19.5
280.5
574.5
151.5
996.0
913.5
660.0
688.5
394.5
469.5
1549.5
696.0
760.5
763.5
664.5
676.5
328.5
453.0
690.0
988.5
262.5
985.5
205.5
1174.5
759.0
367.5
610.5
280.5
715.5
127.5
514.5
729.0
294.0
825.0
486.0
268.5
130.5
102.0
459.0
229.5
643.5
1357.5
817.5
421.5
1048.5
424.5
1164.0
156.0
109.5
862.5
186.0
1132.5
427.5
175.5
183.0
553.5
564.0
336.0
639.0
363.0
673.5
771.0
537.0
534.0
1021.5
1201.5
165.0
904.5
450.0
1101.0
685.5
337.5
411.0
402.0
498.0
399.0
1270.5
1239.0
525.0
1384.5
502.5
456.0
288.0
627.0
945.0
417.0
1141.5
294.0
1305.0
469.5
579.0
1434.0
247.5
534.0
546.0
492.0
388.5
817.5
64.5
355.5
1149.0
501.0
642.0
265.5
345.0
465.0
508.5
243.0
1221.0
129.0
1203.0
1092.0
139.5
414.0
928.5
328.5
988.5
556.5
360.0
447.0
1000.5
499.5
264.0
79.5
1431.0
1182.0
825.0
505.5
571.5
849.0
579.0
417.0
820.5
868.5
591.0
1294.5
561.0
142.5
246.0
925.5
265.5
951.0
612.0
400.5
457.5
205.5
1219.5
522.0
951.0
534.0
346.5
63.0
654.0
213.0
328.5
1134.0
313.5
745.5
535.5
105.0
412.5
52.5
814.5
673.5
306.0
894.0
397.5
427.5
561.0
660.0
103.5
705.0
979.5
1005.0
304.5
309.0
612.0
931.5
586.5
667.5
1167.0
136.5
475.5
70.5
963.0
643.5
1089.0
232.5
363.0
1179.0
996.0
994.5
325.5
987.0
586.5
165.0
481.5
822.0
1102.5
700.5
1039.5
469.5
414.0
310.5
460.5
436.5
424.5
1326.0
379.5
664.5
597.0
715.5
415.5
1191.0
994.5
1140.0
211.5
747.0
313.5
879.0
933.0
556.5
768.0
879.0
343.5
816.0
97.5
417.0
183.0
379.5
255.0
454.5
249.0
328.5
1273.5
552.0
441.0
480.0
630.0
472.5
256.5
1132.5
111.0
1012.5
490.5
793.5
157.5
414.0
123.0
414.0
1183.5
748.5
406.5
343.5
607.5
531.0
382.5
613.5
1047.0
823.5
351.0
310.5
1152.0
270.0
99.0
1101.0
709.5
1284.0
487.5
645.0
228.0
267.0
438.0
519.0
879.0
352.5
726.0
696.0
318.0
357.0
279.0
843.0
865.5
120.0
1090.5
136.5
148.5
1221.0
193.5
609.0
352.5
637.5
228.0
1206.0
897.0
364.5
430.5
768.0
619.5
490.5
636.0
522.0
1015.5
1285.5
792.0
201.0
489.0
402.0
279.0
939.0
189.0
1105.5
832.5
88.5
556.5
222.0
586.5
333.0
513.0
546.0
1041.0
546.0
1200.0
607.5
655.5
418.5
157.5
379.5
114.0
508.5
1165.5
289.5
331.5
907.5
306.0
522.0
324.0
262.5
292.5
495.0
1068.0
1153.5
240.0
1090.5
543.0
303.0
603.0
298.5
120.0
156.0
444.0
1258.5
460.5
721.5
466.5
415.5
456.0
1287.0
814.5
940.5
754.5
891.0
253.5
1257.0
505.5
481.5
937.5
795.0
406.5
1264.5
172.5
1095.0
490.5
180.0
682.5
1218.0
415.5
570.0
945.0
975.0
282.0
198.0
211.5
172.5
172.5
363.0
1120.5
832.5
1174.5
102.0
435.0
708.0
358.5
375.0
1062.0
222.0
475.5
807.0
1326.0
81.0
1348.5
1012.5
501.0
1119.0
753.0
115.5
375.0
1128.0
1183.5
549.0
1315.5
300.0
553.5
841.5
1687.5
562.5
358.5
1302.0
438.0
579.0
267.0
279.0
178.5
640.5
364.5
327.0
150.0
234.0
1186.5
991.5
859.5
331.5
898.5
240.0
424.5
522.0
318.0
496.5
292.5
307.5
223.5
771.0
298.5
258.0
313.5
811.5
1002.0
223.5
526.5
339.0
721.5
990.0
709.5
180.0
1246.5
405.0
189.0
280.5
94.5
870.0
192.0
747.0
429.0
592.5
522.0
436.5
189.0
264.0
856.5
1260.0
424.5
588.0
45.0
262.5
849.0
667.5
499.5
327.0
358.5
906.0
234.0
1020.0
292.5
94.5
982.5
996.0
262.5
255.0
603.0
963.0
829.5
391.5
555.0
1300.5
168.0
360.0
882.0
390.0
1095.0
1645.5
963.0
873.0
937.5
1198.5
1042.5
190.5
531.0
786.0
294.0
73.5
370.5
894.0
273.0
274.5
432.0
832.5
555.0
736.5
463.5
364.5
442.5
1296.0
184.5
477.0
1147.5
1137.0
294.0
309.0
792.0
111.0
202.5
778.5
973.5
250.5
307.5
177.0
762.0
289.5
234.0
1609.5
249.0
751.5
634.5
1213.5
1251.0
276.0
382.5
337.5
934.5
1261.5
459.0
138.0
529.5
1096.5
367.5
1165.5
753.0
975.0
243.0
880.5
228.0
345.0
249.0
655.5
1438.5
1281.0
349.5
355.5
1084.5
1134.0
765.0
321.0
343.5
1002.0
531.0
351.0
943.5
117.0
297.0
894.0
225.0
324.0
307.5
550.5
1005.0
220.5
475.5
58.5
222.0
1150.5
1033.5
226.5
651.0
703.5
168.0
664.5
1240.5
459.0
252.0
334.5
426.0
526.5
814.5
775.5
1467.0
1342.5
294.0
930.0
1309.5
505.5
549.0
400.5
454.5
432.0
571.5
367.5
354.0
409.5
40.5
234.0
229.5
1050.0
781.5
567.0
1452.0
283.5
426.0
369.0
640.5
610.5
61.5
949.5
1432.5
382.5
1006.5
295.5
675.0
393.0
207.0
850.5
466.5
843.0
1059.0
1026.0
261.0
156.0
102.0
565.5
906.0
591.0
514.5
978.0
207.0
202.5
331.5
1368.0
429.0
1180.5
342.0
1036.5
747.0
361.5
666.0
625.5
207.0
610.5
154.5
1281.0
1090.5
192.0
565.5
730.5
198.0
750.0
961.5
567.0
681.0
223.5
252.0
534.0
253.5
181.5
192.0
145.5
411.0
294.0
781.5
532.5
885.0
733.5
402.0
600.0
1336.5
288.0
295.5
366.0
721.5
385.5
303.0
487.5
366.0
69.0
526.5
406.5
898.5
564.0
346.5
837.0
729.0
144.0
412.5
240.0
910.5
157.5
142.5
1143.0
843.0
88.5
1015.5
1146.0
807.0
1461.0
1255.5
391.5
553.5
57.0
664.5
297.0
264.0
478.5
367.5
673.5
1278.0
405.0
964.5
387.0
579.0
1219.5
319.5
922.5
573.0
781.5
195.0
1498.5
246.0
169.5
430.5
510.0
553.5
160.5
790.5
1033.5
766.5
913.5
265.5
367.5
550.5
571.5
1053.0
622.5
144.0
337.5
814.5
502.5
235.5
93.0
1423.5
220.5
598.5
1129.5
444.0
1182.0
546.0
805.5
184.5
1375.5
438.0
729.0
126.0
283.5
765.0
678.0
265.5
306.0
925.5
583.5
894.0
972.0
381.0
346.5
681.0
348.0
394.5
400.5
382.5
106.5
771.0
465.0
1075.5
669.0
646.5
94.5
693.0
966.0
741.0
853.5
531.0
744.0
894.0
463.5
330.0
519.0
916.5
477.0
859.5
751.5
366.0
1117.5
891.0
195.0
1249.5
250.5
433.5
400.5
939.0
151.5
565.5
424.5
705.0
615.0
546.0
124.5
1315.5
93.0
256.5
397.5
1009.5
1122.0
715.5
285.0
816.0
190.5
502.5
787.5
763.5
136.5
961.5
910.5
1395.0
309.0
774.0
1086.0
699.0
177.0
730.5
585.0
1279.5
894.0
622.5
681.0
450.0
538.5
510.0
408.0
282.0
282.0
855.0
724.5
330.0
633.0
313.5
166.5
183.0
844.5
259.5
168.0
382.5
327.0
439.5
606.0
1048.5
564.0
742.5
675.0
934.5
571.5
646.5
574.5
714.0
129.0
73.5
664.5
718.5
909.0
64.5
388.5
661.5
1134.0
1122.0
343.5
1363.5
453.0
846.0
1005.0
168.0
898.5
382.5
1150.5
651.0
1495.5
1263.0
142.5
358.5
967.5
811.5
283.5
205.5
61.5
444.0
330.0
502.5
325.5
543.0
453.0
1128.0
213.0
1023.0
967.5
192.0
1231.5
969.0
655.5
468.0
984.0
585.0
213.0
771.0
373.5
742.5
289.5
859.5
225.0
214.5
315.0
1174.5
511.5
24.0
1354.5
913.5
315.0
1243.5
384.0
745.5
379.5
553.5
496.5
84.0
327.0
129.0
1120.5
565.5
385.5
820.5
73.5
835.5
762.0
1138.5
1030.5
234.0
418.5
1297.5
387.0
1162.5
408.0
1146.0
1452.0
882.0
948.0
316.5
733.5
939.0
547.5
382.5
888.0
417.0
870.0
577.5
1174.5
696.0
168.0
1150.5
501.0
483.0
115.5
100.5
289.5
1104.0
766.5
1374.0
142.5
370.5
1071.0
1021.5
591.0
724.5
1353.0
459.0
1407.0
400.5
447.0
513.0
414.0
178.5
694.5
159.0
904.5
841.5
1113.0
1497.0
304.5
858.0
162.0
289.5
1546.5
441.0
375.0
502.5
87.0
411.0
1404.0
186.0
345.0
207.0
1063.5
301.5
523.5
552.0
262.5
273.0
291.0
453.0
67.5
177.0
825.0
456.0
1234.5
1294.5
1015.5
462.0
145.5
748.5
1228.5
487.5
994.5
1008.0
1380.0
183.0
438.0
1201.5
1270.5
523.5
927.0
750.0
1345.5
568.5
504.0
417.0
240.0
637.5
703.5
457.5
516.0
156.0
892.5
711.0
742.5
273.0
699.0
393.0
591.0
735.0
618.0
370.5
102.0
370.5
345.0
226.5
553.5
454.5
1305.0
903.0
699.0
358.5
484.5
408.0
423.0
118.5
1057.5
1069.5
357.0
606.0
817.5
894.0
925.5
1410.0
468.0
1363.5
369.0
75.0
964.5
135.0
478.5
390.0
354.0
750.0
315.0
855.0
454.5
606.0
351.0
589.5
588.0
312.0
463.5
93.0
397.5
568.5
829.5
750.0
553.5
1138.5
345.0
1021.5
526.5
940.5
1300.5
919.5
150.0
153.0
1072.5
880.5
145.5
565.5
442.5
187.5
129.0
304.5
1030.5
352.5
606.0
622.5
714.0
166.5
274.5
217.5
1725.0
361.5
771.0
108.0
132.0
462.0
976.5
1147.5
846.0
609.0
204.0
244.5
429.0
319.5
249.0
357.0
952.5
180.0
1338.0
24.0
1339.5
427.5
253.5
856.5
951.0
138.0
111.0
457.5
343.5
426.0
1245.0
325.5
169.5
627.0
487.5
190.5
832.5
1651.5
604.5
745.5
760.5
694.5
387.0
564.0
531.0
823.5
499.5
1204.5
681.0
316.5
261.0
300.0
468.0
370.5
637.5
1204.5
190.5
538.5
429.0
921.0
352.5
403.5
1425.0
405.0
382.5
967.5
1804.5
871.5
1200.0
351.0
969.0
334.5
1077.0
768.0
328.5
342.0
667.5
537.0
244.5
211.5
1038.0
603.0
195.0
549.0
643.5
562.5
685.5
454.5
769.5
567.0
475.5
319.5
1278.0
885.0
1018.5
1051.5
171.0
963.0
1204.5
171.0
820.5
999.0
637.5
150.0
364.5
451.5
418.5
1207.5
504.0
612.0
748.5
408.0
319.5
55.5
697.5
1410.0
366.0
607.5
1017.0
484.5
379.5
478.5
291.0
487.5
1318.5
631.5
478.5
763.5
861.0
298.5
549.0
852.0
1071.0
664.5
600.0
825.0
334.5
354.0
348.0
514.5
1296.0
252.0
1029.0
691.5
895.5
150.0
330.0
1057.5
595.5
726.0
444.0
877.5
388.5
594.0
28.5
1153.5
430.5
730.5
336.0
741.0
316.5
426.0
918.0
456.0
154.5
1011.0
456.0
952.5
471.0
345.0
673.5
756.0
1048.5
372.0
1144.5
679.5
267.0
357.0
282.0
364.5
1195.5
628.5
1357.5
426.0
216.0
739.5
379.5
687.0
1378.5
351.0
406.5
477.0
349.5
439.5
1450.5
667.5
429.0
403.5
375.0
193.5
883.5
1009.5
807.0
319.5
735.0
333.0
856.5
237.0
390.0
82.5
873.0
240.0
615.0
970.5
364.5
1260.0
999.0
345.0
322.5
403.5
970.5
585.0
355.5
823.5
715.5
774.0
666.0
760.5
630.0
151.5
543.0
453.0
1257.0
651.0
966.0
919.5
837.0
505.5
372.0
682.5
283.5
586.5
736.5
91.5
436.5
603.0
967.5
469.5
436.5
898.5
142.5
157.5
390.0
493.5
462.0
496.5
129.0
673.5
625.5
231.0
345.0
496.5
274.5
703.5
382.5
462.0
733.5
1395.0
1458.0
456.0
391.5
1102.5
562.5
694.5
625.5
855.0
297.0
288.0
295.5
906.0
1461.0
447.0
309.0
511.5
268.5
169.5
147.0
687.0
240.0
381.0
475.5
837.0
595.5
747.0
151.5
259.5
238.5
868.5
229.5
840.0
415.5
537.0
1218.0
244.5
888.0
180.0
37.5
58.5
819.0
1365.0
235.5
91.5
231.0
171.0
472.5
949.5
928.5
306.0
229.5
682.5
286.5
282.0
348.0
243.0
259.5
687.0
270.0
853.5
393.0
903.0
541.5
88.5
807.0
376.5
235.5
229.5
325.5
600.0
568.5
768.0
999.0
1348.5
189.0
48.0
280.5
396.0
765.0
246.0
211.5
1351.5
195.0
672.0
499.5
229.5
334.5
226.5
406.5
469.5
877.5
369.0
1137.0
1321.5
12.0
282.0
364.5
265.5
1186.5
1081.5
507.0
657.0
673.5
126.0
91.5
418.5
876.0
1233.0
585.0
39.0
36.0
447.0
762.0
409.5
973.5
610.5
169.5
178.5
1030.5
772.5
780.0
283.5
387.0
453.0
514.5
175.5
327.0
523.5
162.0
336.0
526.5
201.0
165.0
637.5
456.0
388.5
24.0
541.5
90.0
729.0
282.0
501.0
598.5
1267.5
240.0
661.5
322.5
169.5
1182.0
768.0
1188.0
684.0
618.0
514.5
1506.0
171.0
1390.5
303.0
112.5
738.0
432.0
862.5
166.5
1227.0
553.5
387.0
1135.5
517.5
1411.5
265.5
654.0
469.5
1006.5
1287.0
861.0
1321.5
1215.0
405.0
589.5
534.0
375.0
619.5
544.5
478.5
195.0
273.0
1237.5
466.5
819.0
1074.0
199.5
1206.0
190.5
468.0
1434.0
918.0
1011.0
604.5
439.5
423.0
646.5
378.0
316.5
433.5
405.0
1399.5
430.5
253.5
876.0
277.5
415.5
99.0
303.0
552.0
142.5
427.5
181.5
447.0
568.5
363.0
1146.0
369.0
787.5
1003.5
109.5
654.0
618.0
181.5
850.5
630.0
96.0
55.5
157.5
163.5
124.5
709.5
402.0
828.0
1416.0
541.5
184.5
1159.5
210.0
205.5
1189.5
703.5
363.0
1098.0
159.0
345.0
594.0
603.0
1336.5
186.0
1212.0
297.0
633.0
826.5
595.5
304.5
679.5
211.5
762.0
112.5
567.0
111.0
1131.0
930.0
180.0
520.5
399.0
949.5
1050.0
312.0
750.0
249.0
529.5
379.5
186.0
379.5
1249.5
1155.0
384.0
370.5
505.5
409.5
594.0
454.5
357.0
1117.5
865.5
375.0
298.5
1186.5
331.5
688.5
385.5
772.5
1164.0
1315.5
402.0
858.0
445.5
538.5
360.0
385.5
654.0
349.5
303.0
184.5
996.0
219.0
447.0
763.5
729.0
825.0
312.0
945.0
436.5
1024.5
717.0
570.0
525.0
303.0
895.5
267.0
217.5
79.5
571.5
480.0
742.5
195.0
406.5
450.0
109.5
111.0
811.5
414.0
261.0
399.0
462.0
909.0
351.0
301.5
679.5
367.5
474.0
384.0
1134.0
291.0
390.0
280.5
112.5
595.5
435.0
1033.5
132.0
211.5
651.0
705.0
108.0
445.5
360.0
276.0
27.0
603.0
1330.5
748.5
547.5
738.0
946.5
681.0
580.5
256.5
441.0
424.5
649.5
192.0
429.0
585.0
1255.5
558.0
79.5
471.0
336.0
742.5
333.0
901.5
921.0
450.0
543.0
337.5
525.0
69.0
384.0
240.0
564.0
412.5
1059.0
553.5
102.0
402.0
163.5
115.5
1293.0
325.5
624.0
1407.0
130.5
786.0
474.0
262.5
138.0
447.0
1326.0
723.0
523.5
570.0
844.5
499.5
37.5
454.5
123.0
1108.5
412.5
972.0
1026.0
657.0
141.0
348.0
289.5
985.5
484.5
247.5
610.5
711.0
687.0
805.5
489.0
150.0
291.0
778.5
358.5
351.0
784.5
382.5
171.0
627.0
157.5
249.0
496.5
675.0
118.5
294.0
127.5
775.5
382.5
441.0
259.5
174.0
327.0
174.0
327.0
616.5
553.5
1012.5
345.0
354.0
192.0
651.0
600.0
190.5
439.5
195.0
294.0
1174.5
469.5
826.5
1362.0
787.5
360.0
577.5
960.0
520.5
571.5
933.0
1560.0
169.5
642.0
1348.5
183.0
1198.5
1192.5
16.5
1270.5
177.0
711.0
954.0
580.5
786.0
717.0
558.0
627.0
798.0
258.0
277.5
1068.0
364.5
216.0
396.0
243.0
537.0
750.0
751.5
619.5
471.0
936.0
288.0
508.5
352.5
1324.5
1027.5
258.0
757.5
94.5
531.0
114.0
645.0
417.0
402.0
318.0
651.0
412.5
924.0
1086.0
624.0
339.0
1167.0
762.0
333.0
385.5
519.0
357.0
516.0
642.0
502.5
45.0
1210.5
1387.5
1087.5
1182.0
1278.0
1155.0
1156.5
1350.0
775.5
876.0
825.0
319.5
729.0
61.5
414.0
1015.5
403.5
31.5
243.0
1053.0
327.0
70.5
889.5
261.0
87.0
789.0
1030.5
1231.5
1377.0
216.0
147.0
541.5
472.5
502.5
876.0
385.5
501.0
648.0
561.0
7.5
282.0
903.0
252.0
46.5
697.5
210.0
453.0
259.5
268.5
60.0
543.0
460.5
72.0
249.0
1554.0
595.5
456.0
403.5
1026.0
663.0
214.5
298.5
70.5
480.0
714.0
532.5
448.5
804.0
813.0
948.0
222.0
1140.0
822.0
61.5
733.5
549.0
576.0
147.0
811.5
990.0
373.5
1692.0
31.5
627.0
517.5
456.0
654.0
685.5
472.5
796.5
426.0
972.0
280.5
282.0
360.0
811.5
846.0
778.5
1386.0
397.5
655.5
790.5
721.5
1374.0
553.5
439.5
420.0
285.0
447.0
148.5
331.5
604.5
940.5
1114.5
615.0
454.5
994.5
372.0
465.0
963.0
306.0
819.0
466.5
1140.0
304.5
648.0
135.0
795.0
495.0
844.5
708.0
330.0
1609.5
168.0
850.5
384.0
202.5
948.0
132.0
927.0
1285.5
201.0
883.5
414.0
225.0
957.0
61.5
244.5
112.5
175.5
562.5
393.0
289.5
111.0
483.0
322.5
448.5
1159.5
390.0
963.0
702.0
124.5
262.5
381.0
957.0
477.0
825.0
820.5
405.0
151.5
102.0
246.0
1084.5
139.5
886.5
238.5
159.0
295.5
1047.0
454.5
549.0
528.0
1282.5
370.5
688.5
501.0
882.0
696.0
997.5
592.5
585.0
535.5
517.5
429.0
795.0
604.5
357.0
418.5
354.0
1063.5
1153.5
732.0
874.5
354.0
55.5
295.5
378.0
475.5
199.5
301.5
783.0
285.0
1434.0
592.5
733.5
460.5
300.0
183.0
633.0
292.5
190.5
1426.5
94.5
927.0
745.5
186.0
352.5
309.0
600.0
322.5
205.5
298.5
163.5
517.5
771.0
391.5
498.0
924.0
486.0
673.5
363.0
505.5
562.5
466.5
423.0
402.0
1009.5
267.0
1398.0
1485.0
817.5
145.5
1038.0
501.0
477.0
867.0
915.0
661.5
220.5
1134.0
286.5
760.5
559.5
654.0
1150.5
256.5
381.0
412.5
156.0
174.0
1173.0
487.5
423.0
1093.5
729.0
565.5
223.5
1078.5
736.5
108.0
277.5
574.5
439.5
1344.0
666.0
184.5
312.0
411.0
27.0
166.5
165.0
408.0
223.5
439.5
726.0
349.5
274.5
988.5
279.0
853.5
718.5
237.0
669.0
267.0
753.0
327.0
1012.5
441.0
1152.0
166.5
493.5
625.5
121.5
436.5
261.0
153.0
327.0
997.5
1321.5
120.0
610.5
571.5
289.5
1300.5
1263.0
634.5
1033.5
286.5
1084.5
805.5
441.0
891.0
685.5
955.5
1159.5
675.0
1407.0
376.5
1182.0
450.0
330.0
309.0
847.5
331.5
915.0
532.5
484.5
657.0
199.5
208.5
1195.5
136.5
301.5
1300.5
289.5
327.0
370.5
195.0
855.0
303.0
840.0
195.0
228.0
283.5
501.0
928.5
1228.5
313.5
259.5
319.5
279.0
130.5
735.0
778.5
471.0
103.5
322.5
532.5
486.0
1098.0
315.0
1716.0
997.5
309.0
328.5
201.0
247.5
1125.0
240.0
945.0
892.5
201.0
546.0
211.5
303.0
273.0
888.0
415.5
486.0
955.5
367.5
316.5
624.0
918.0
745.5
1132.5
361.5
1291.5
841.5
192.0
864.0
483.0
1143.0
291.0
1039.5
337.5
960.0
1204.5
204.0
538.5
402.0
325.5
945.0
291.0
415.5
273.0
792.0
273.0
933.0
1093.5
615.0
709.5
483.0
478.5
154.5
1045.5
735.0
1147.5
396.0
544.5
889.5
441.0
471.0
178.5
507.0
169.5
469.5
220.5
730.5
354.0
354.0
402.0
978.0
655.5
159.0
657.0
433.5
1440.0
861.0
631.5
298.5
325.5
1069.5
298.5
424.5
700.5
741.0
384.0
700.5
412.5
424.5
765.0
562.5
558.0
364.5
162.0
892.5
135.0
1182.0
597.0
688.5
223.5
280.5
265.5
733.5
265.5
526.5
853.5
447.0
205.5
1186.5
231.0
903.0
234.0
516.0
76.5
1060.5
606.0
787.5
601.5
712.5
555.0
1324.5
646.5
292.5
888.0
1128.0
1284.0
837.0
124.5
477.0
550.5
429.0
445.5
481.5
504.0
736.5
784.5
573.0
96.0
1050.0
288.0
486.0
246.0
1168.5
474.0
169.5
618.0
639.0
406.5
339.0
982.5
604.5
307.5
108.0
337.5
889.5
853.5
447.0
141.0
364.5
325.5
751.5
1255.5
306.0
276.0
420.0
142.5
1123.5
240.0
187.5
508.5
456.0
325.5
684.0
1411.5
1063.5
808.5
1426.5
180.0
711.0
940.5
585.0
1125.0
847.5
630.0
286.5
450.0
1096.5
145.5
351.0
376.5
1026.0
229.5
145.5
717.0
460.5
466.5
895.5
93.0
336.0
1273.5
925.5
517.5
1071.0
330.0
604.5
154.5
1035.0
696.0
304.5
154.5
261.0
130.5
789.0
469.5
393.0
451.5
423.0
622.5
256.5
280.5
1141.5
396.0
640.5
424.5
1315.5
1119.0
1125.0
606.0
1248.0
1713.0
468.0
1153.5
1425.0
646.5
619.5
642.0
358.5
694.5
976.5
1362.0
513.0
979.5
1629.0
505.5
171.0
229.5
391.5
714.0
396.0
691.5
349.5
204.0
520.5
258.0
297.0
553.5
445.5
1402.5
480.0
925.5
1558.5
799.5
378.0
408.0
622.5
828.0
313.5
678.0
847.5
717.0
391.5
441.0
684.0
1291.5
880.5
274.5
459.0
1089.0
1125.0
663.0
271.5
855.0
181.5
994.5
387.0
180.0
235.5
321.0
912.0
1461.0
1174.5
160.5
729.0
685.5
144.0
300.0
225.0
568.5
538.5
1008.0
924.0
306.0
415.5
289.5
328.5
40.5
174.0
844.5
804.0
495.0
202.5
294.0
375.0
493.5
1006.5
979.5
249.0
1452.0
522.0
466.5
513.0
481.5
588.0
274.5
321.0
889.5
651.0
669.0
606.0
624.0
468.0
606.0
64.5
235.5
153.0
685.5
259.5
654.0
183.0
411.0
829.5
432.0
924.0
309.0
402.0
256.5
391.5
1408.5
250.5
312.0
921.0
1258.5
324.0
315.0
1027.5
190.5
576.0
516.0
421.5
519.0
