664.5
1146.0
576.0
294.0
1063.5
654.0
541.5
736.5
78.0
333.0
999.0
318.0
249.0
1018.5
448.5
312.0
706.5
796.5
414.0
528.0
1455.0
1033.5
175.5
961.5
1177.5
562.5
355.5
1387.5
312.0
820.5
927.0
388.5
528.0
1474.5
168.0
754.5
213.0
78.0
202.5
100.5
310.5
304.5
549.0
601.5
709.5
1348.5
67.5
1104.0
109.5
1234.5
876.0
267.0
976.5
334.5
756.0
286.5
1092.0
646.5
993.0
645.0
736.5
1092.0
933.0
577.5
84.0
1018.5
495.0
1119.0
364.5
234.0
891.0
798.0
595.5
556.5
1116.0
432.0
37.5
946.5
237.0
1167.0
1153.5
1036.5
214.5
508.5
423.0
726.0
637.5
277.5
382.5
1059.0
334.5
655.5
1287.0
1272.0
879.0
453.0
100.5
331.5
1323.0
264.0
198.0
1143.0
738.0
1221.0
51.0
1086.0
1005.0
667.5
639.0
759.0
474.0
201.0
753.0
315.0
265.5
271.5
70.5
817.5
1072.5
1171.5
669.0
1183.5
526.5
621.0
510.0
337.5
448.5
1083.0
1266.0
766.5
505.5
577.5
1419.0
181.5
918.0
795.0
639.0
1711.5
1141.5
1240.5
154.5
1168.5
460.5
285.0
936.0
349.5
472.5
1260.0
729.0
744.0
549.0
669.0
448.5
472.5
993.0
807.0
345.0
1327.5
1125.0
1153.5
313.5
213.0
1201.5
327.0
787.5
456.0
483.0
1033.5
1462.5
562.5
712.5
1122.0
837.0
382.5
1245.0
132.0
1384.5
205.5
1026.0
607.5
549.0
996.0
346.5
1315.5
355.5
817.5
594.0
640.5
283.5
435.0
234.0
99.0
121.5
1054.5
633.0
847.5
1273.5
772.5
1036.5
327.0
511.5
600.0
841.5
1020.0
865.5
208.5
484.5
667.5
1339.5
831.0
948.0
357.0
196.5
970.5
642.0
1126.5
1191.0
307.5
235.5
286.5
1440.0
757.5
217.5
919.5
477.0
379.5
465.0
496.5
903.0
681.0
322.5
861.0
391.5
591.0
147.0
744.0
198.0
157.5
421.5
192.0
757.5
1312.5
832.5
277.5
271.5
687.0
507.0
612.0
357.0
573.0
942.0
876.0
778.5
1054.5
406.5
250.5
421.5
364.5
261.0
202.5
1012.5
310.5
63.0
1576.5
706.5
790.5
276.0
1147.5
1381.5
220.5
958.5
769.5
354.0
624.0
355.5
604.5
213.0
663.0
325.5
165.0
672.0
445.5
582.0
807.0
454.5
480.0
291.0
772.5
486.0
913.5
1111.5
907.5
183.0
406.5
907.5
1258.5
411.0
210.0
1075.5
1365.0
397.5
289.5
762.0
1065.0
180.0
1111.5
721.5
576.0
582.0
264.0
307.5
1042.5
1231.5
385.5
361.5
144.0
187.5
519.0
199.5
417.0
373.5
150.0
721.5
253.5
163.5
526.5
181.5
744.0
957.0
789.0
1114.5
741.0
228.0
1140.0
133.5
106.5
372.0
891.0
976.5
198.0
1117.5
321.0
649.5
417.0
384.0
288.0
321.0
364.5
223.5
837.0
1495.5
301.5
1101.0
643.5
813.0
786.0
357.0
880.5
996.0
364.5
693.0
63.0
945.0
552.0
705.0
408.0
1393.5
205.5
142.5
610.5
360.0
211.5
103.5
184.5
1078.5
67.5
241.5
318.0
420.0
454.5
1036.5
775.5
462.0
673.5
180.0
390.0
477.0
1096.5
982.5
370.5
366.0
244.5
757.5
456.0
1198.5
258.0
451.5
213.0
178.5
511.5
1027.5
213.0
1258.5
892.5
240.0
411.0
913.5
1032.0
1240.5
1645.5
597.0
294.0
264.0
823.5
837.0
583.5
189.0
322.5
1224.0
580.5
339.0
1071.0
297.0
667.5
390.0
340.5
520.5
462.0
306.0
724.5
1080.0
262.5
450.0
537.0
810.0
655.5
1159.5
783.0
334.5
606.0
169.5
598.5
531.0
456.0
609.0
471.0
328.5
396.0
612.0
543.0
1624.5
510.0
211.5
1221.0
261.0
661.5
528.0
171.0
511.5
672.0
294.0
186.0
291.0
252.0
273.0
1267.5
1461.0
1542.0
1483.5
1519.5
516.0
402.0
645.0
1168.5
829.5
480.0
505.5
724.5
970.5
1623.0
1377.0
882.0
622.5
184.5
322.5
352.5
408.0
742.5
897.0
694.5
147.0
1045.5
1302.0
726.0
1120.5
736.5
459.0
537.0
661.5
375.0
1381.5
1350.0
942.0
370.5
465.0
264.0
330.0
691.5
490.5
16.5
730.5
246.0
822.0
631.5
240.0
787.5
144.0
501.0
66.0
883.5
229.5
465.0
205.5
523.5
442.5
397.5
916.5
1102.5
1036.5
1455.0
798.0
366.0
613.5
313.5
1081.5
712.5
1569.0
592.5
633.0
870.0
412.5
432.0
804.0
693.0
495.0
1287.0
355.5
1650.0
1009.5
382.5
420.0
357.0
465.0
1393.5
163.5
330.0
639.0
63.0
841.5
352.5
678.0
187.5
378.0
283.5
663.0
1185.0
423.0
912.0
768.0
756.0
1084.5
505.5
816.0
700.5
457.5
691.5
559.5
415.5
312.0
106.5
994.5
232.5
1191.0
531.0
339.0
337.5
1108.5
1662.0
670.5
196.5
895.5
261.0
1284.0
324.0
517.5
162.0
43.5
441.0
711.0
495.0
229.5
1008.0
928.5
426.0
952.5
786.0
753.0
456.0
1441.5
996.0
135.0
597.0
129.0
1105.5
538.5
832.5
369.0
235.5
1335.0
252.0
1012.5
451.5
1092.0
1141.5
37.5
1057.5
207.0
315.0
538.5
168.0
880.5
288.0
153.0
213.0
793.5
289.5
573.0
316.5
631.5
1287.0
921.0
472.5
961.5
660.0
190.5
166.5
814.5
658.5
501.0
982.5
270.0
1126.5
487.5
832.5
1414.5
225.0
885.0
331.5
1342.5
231.0
1068.0
241.5
160.5
636.0
1044.0
732.0
348.0
54.0
643.5
460.5
424.5
741.0
565.5
891.0
205.5
1147.5
132.0
892.5
457.5
934.5
777.0
211.5
1077.0
300.0
301.5
189.0
328.5
736.5
630.0
1374.0
274.5
190.5
880.5
1116.0
402.0
165.0
1060.5
646.5
670.5
1083.0
184.5
556.5
367.5
519.0
1666.5
1609.5
1201.5
1792.5
1467.0
1225.5
499.5
748.5
402.0
1134.0
337.5
261.0
949.5
733.5
168.0
286.5
709.5
1021.5
850.5
894.0
277.5
385.5
435.0
399.0
207.0
327.0
1143.0
751.5
156.0
891.0
1461.0
262.5
651.0
231.0
544.5
141.0
1437.0
213.0
520.5
291.0
460.5
253.5
573.0
130.5
924.0
403.5
262.5
916.5
921.0
1200.0
198.0
1119.0
67.5
1131.0
75.0
1290.0
729.0
691.5
751.5
556.5
438.0
1291.5
417.0
238.5
588.0
840.0
514.5
1041.0
817.5
286.5
379.5
607.5
121.5
106.5
432.0
435.0
694.5
460.5
574.5
1125.0
292.5
271.5
447.0
1129.5
675.0
1164.0
1068.0
366.0
88.5
990.0
1443.0
702.0
271.5
126.0
274.5
450.0
943.5
432.0
733.5
430.5
1036.5
792.0
343.5
324.0
139.5
510.0
571.5
534.0
121.5
280.5
741.0
564.0
268.5
354.0
274.5
211.5
294.0
1000.5
966.0
610.5
568.5
798.0
756.0
642.0
954.0
1350.0
579.0
384.0
910.5
412.5
1015.5
214.5
259.5
327.0
679.5
1050.0
336.0
420.0
243.0
256.5
541.5
1117.5
910.5
276.0
715.5
754.5
628.5
472.5
325.5
970.5
537.0
1024.5
664.5
331.5
570.0
196.5
424.5
1035.0
118.5
526.5
466.5
505.5
1323.0
324.0
760.5
1162.5
888.0
1335.0
940.5
798.0
594.0
1242.0
691.5
703.5
559.5
1102.5
901.5
285.0
343.5
234.0
498.0
258.0
775.5
144.0
493.5
586.5
1032.0
255.0
1104.0
402.0
255.0
367.5
252.0
241.5
255.0
205.5
190.5
997.5
1113.0
180.0
181.5
334.5
1413.0
1224.0
456.0
819.0
588.0
568.5
994.5
687.0
157.5
229.5
390.0
1549.5
991.5
361.5
991.5
744.0
1716.0
666.0
570.0
343.5
891.0
1081.5
6.0
463.5
340.5
640.5
850.5
864.0
741.0
184.5
442.5
343.5
106.5
229.5
850.5
325.5
177.0
325.5
861.0
264.0
838.5
1228.5
577.5
361.5
310.5
768.0
499.5
816.0
516.0
760.5
870.0
972.0
1077.0
259.5
652.5
423.0
324.0
198.0
312.0
271.5
271.5
439.5
211.5
250.5
1015.5
333.0
913.5
1071.0
246.0
787.5
951.0
669.0
882.0
562.5
861.0
132.0
439.5
805.5
579.0
1005.0
934.5
474.0
535.5
696.0
969.0
720.0
670.5
186.0
1257.0
498.0
316.5
147.0
916.5
646.5
249.0
390.0
1183.5
700.5
648.0
636.0
99.0
189.0
529.5
480.0
285.0
475.5
1189.5
1188.0
91.5
1326.0
526.5
532.5
319.5
1206.0
882.0
382.5
393.0
873.0
510.0
1231.5
1189.5
1144.5
931.5
1018.5
1341.0
264.0
955.5
624.0
105.0
622.5
715.5
1566.0
175.5
523.5
648.0
1038.0
780.0
1344.0
10.5
705.0
636.0
649.5
969.0
1021.5
783.0
952.5
1054.5
250.5
283.5
925.5
385.5
1096.5
774.0
1423.5
325.5
298.5
409.5
430.5
658.5
270.0
661.5
835.5
1237.5
213.0
453.0
1027.5
454.5
261.0
1041.0
528.0
945.0
729.0
517.5
807.0
432.0
247.5
1186.5
387.0
219.0
1327.5
505.5
232.5
117.0
651.0
715.5
444.0
957.0
504.0
771.0
73.5
246.0
249.0
544.5
843.0
123.0
391.5
289.5
813.0
361.5
441.0
472.5
375.0
898.5
1192.5
612.0
853.5
319.5
406.5
615.0
103.5
124.5
451.5
603.0
441.0
280.5
967.5
321.0
319.5
603.0
321.0
840.0
390.0
304.5
705.0
121.5
787.5
531.0
222.0
960.0
966.0
448.5
792.0
1237.5
1191.0
405.0
480.0
1536.0
825.0
346.5
180.0
76.5
658.5
1357.5
235.5
399.0
598.5
372.0
1032.0
871.5
351.0
1384.5
346.5
1339.5
841.5
657.0
1597.5
523.5
223.5
777.0
63.0
493.5
448.5
939.0
931.5
1152.0
201.0
636.0
655.5
904.5
1272.0
903.0
1074.0
1273.5
718.5
216.0
880.5
418.5
348.0
1309.5
1666.5
1483.5
1066.5
802.5
817.5
321.0
943.5
1014.0
262.5
1080.0
1041.0
487.5
330.0
426.0
922.5
504.0
1083.0
366.0
1066.5
1263.0
345.0
1050.0
501.0
333.0
612.0
496.5
1074.0
516.0
724.5
190.5
184.5
636.0
595.5
210.0
613.5
244.5
909.0
235.5
547.5
858.0
916.5
210.0
750.0
475.5
831.0
648.0
673.5
558.0
1164.0
943.5
240.0
724.5
969.0
421.5
94.5
421.5
1186.5
847.5
798.0
1249.5
321.0
235.5
457.5
894.0
475.5
720.0
949.5
304.5
819.0
286.5
1516.5
789.0
217.5
1197.0
684.0
1294.5
531.0
123.0
742.5
1077.0
193.5
846.0
477.0
540.0
544.5
1545.0
727.5
1134.0
1152.0
1125.0
435.0
652.5
213.0
697.5
279.0
936.0
240.0
357.0
627.0
435.0
681.0
213.0
652.5
259.5
1533.0
196.5
700.5
672.0
196.5
520.5
400.5
282.0
1119.0
631.5
813.0
81.0
1150.5
342.0
213.0
307.5
969.0
406.5
499.5
262.5
183.0
249.0
1152.0
1120.5
1174.5
219.0
1200.0
540.0
390.0
195.0
1458.0
316.5
346.5
1035.0
667.5
271.5
738.0
534.0
1131.0
340.5
144.0
1054.5
841.5
222.0
865.5
1059.0
603.0
1248.0
837.0
751.5
1101.0
940.5
195.0
93.0
360.0
312.0
28.5
852.0
1027.5
987.0
753.0
912.0
1587.0
1128.0
450.0
469.5
294.0
513.0
543.0
342.0
439.5
738.0
514.5
520.5
1020.0
490.5
1312.5
673.5
352.5
1165.5
216.0
198.0
1146.0
501.0
21.0
1509.0
768.0
699.0
1168.5
510.0
1269.0
277.5
373.5
363.0
1107.0
586.5
472.5
301.5
124.5
718.5
528.0
1543.5
1044.0
844.5
745.5
361.5
765.0
268.5
729.0
195.0
289.5
360.0
744.0
751.5
382.5
156.0
357.0
199.5
382.5
381.0
415.5
436.5
300.0
307.5
1524.0
1230.0
468.0
220.5
853.5
285.0
585.0
1297.5
384.0
712.5
756.0
288.0
846.0
222.0
771.0
144.0
162.0
312.0
511.5
883.5
784.5
1393.5
942.0
186.0
678.0
790.5
1621.5
328.5
267.0
939.0
444.0
333.0
769.5
651.0
448.5
72.0
625.5
1110.0
1477.5
277.5
787.5
540.0
838.5
787.5
177.0
846.0
97.5
532.5
384.0
276.0
993.0
1054.5
825.0
601.5
183.0
330.0
646.5
349.5
841.5
223.5
1321.5
898.5
541.5
252.0
157.5
468.0
1153.5
589.5
966.0
472.5
511.5
307.5
778.5
601.5
141.0
936.0
681.0
898.5
150.0
238.5
816.0
555.0
775.5
303.0
952.5
181.5
1024.5
213.0
403.5
571.5
847.5
1018.5
1237.5
331.5
351.0
1093.5
276.0
1393.5
769.5
301.5
541.5
177.0
1090.5
697.5
190.5
646.5
445.5
682.5
396.0
793.5
715.5
178.5
64.5
259.5
691.5
789.0
703.5
681.0
508.5
271.5
474.0
354.0
250.5
604.5
744.0
808.5
774.0
855.0
945.0
136.5
975.0
738.0
319.5
417.0
331.5
376.5
279.0
574.5
951.0
826.5
282.0
687.0
213.0
151.5
364.5
657.0
397.5
91.5
586.5
226.5
318.0
522.0
634.5
549.0
1482.0
354.0
658.5
1203.0
894.0
465.0
1252.5
157.5
642.0
412.5
831.0
357.0
795.0
522.0
697.5
595.5
658.5
600.0
157.5
459.0
187.5
171.0
438.0
1248.0
1122.0
717.0
1566.0
339.0
1150.5
459.0
163.5
1018.5
1083.0
1372.5
628.5
736.5
210.0
421.5
369.0
327.0
384.0
615.0
313.5
405.0
196.5
612.0
784.5
163.5
1258.5
622.5
267.0
781.5
765.0
786.0
355.5
385.5
1051.5
1011.0
504.0
1302.0
1594.5
483.0
1021.5
211.5
438.0
367.5
114.0
601.5
234.0
163.5
460.5
666.0
385.5
412.5
781.5
730.5
315.0
1218.0
799.5
1156.5
850.5
1521.0
1134.0
1246.5
1173.0
727.5
366.0
1053.0
661.5
321.0
598.5
982.5
321.0
846.0
979.5
1081.5
165.0
175.5
363.0
151.5
1047.0
651.0
1065.0
655.5
499.5
555.0
660.0
141.0
621.0
727.5
226.5
553.5
1081.5
712.5
718.5
564.0
1039.5
693.0
763.5
253.5
414.0
459.0
904.5
214.5
618.0
310.5
1017.0
1048.5
1089.0
489.0
1096.5
676.5
850.5
1279.5
319.5
606.0
1069.5
330.0
385.5
1488.0
481.5
702.0
528.0
139.5
1578.0
883.5
93.0
292.5
244.5
561.0
477.0
564.0
927.0
724.5
970.5
79.5
516.0
1275.0
444.0
577.5
409.5
202.5
184.5
193.5
522.0
136.5
1080.0
1390.5
216.0
297.0
234.0
252.0
288.0
103.5
771.0
655.5
814.5
682.5
276.0
586.5
520.5
1399.5
547.5
874.5
540.0
1015.5
877.5
349.5
787.5
507.0
1126.5
957.0
1233.0
499.5
193.5
1023.0
1348.5
682.5
702.0
1099.5
979.5
573.0
930.0
192.0
787.5
355.5
588.0
424.5
703.5
484.5
847.5
756.0
1125.0
669.0
1162.5
1227.0
679.5
772.5
198.0
274.5
381.0
432.0
1291.5
498.0
180.0
300.0
597.0
1000.5
714.0
547.5
328.5
826.5
573.0
700.5
330.0
1600.5
418.5
313.5
1156.5
819.0
529.5
447.0
876.0
955.5
955.5
1021.5
321.0
889.5
586.5
1255.5
460.5
384.0
1092.0
741.0
715.5
337.5
387.0
376.5
564.0
618.0
546.0
339.0
825.0
354.0
796.5
1027.5
820.5
393.0
262.5
1012.5
769.5
1351.5
919.5
337.5
241.5
321.0
336.0
721.5
402.0
492.0
664.5
345.0
519.0
1138.5
1189.5
609.0
162.0
1065.0
541.5
289.5
471.0
130.5
843.0
252.0
187.5
468.0
352.5
745.5
636.0
487.5
877.5
549.0
387.0
465.0
544.5
522.0
730.5
1257.0
670.5
1155.0
648.0
958.5
330.0
294.0
157.5
820.5
516.0
204.0
597.0
567.0
516.0
54.0
205.5
711.0
315.0
385.5
274.5
334.5
243.0
402.0
430.5
1225.5
1207.5
480.0
414.0
780.0
531.0
244.5
262.5
720.0
211.5
250.5
694.5
702.0
213.0
1321.5
775.5
324.0
1177.5
550.5
333.0
1293.0
603.0
924.0
396.0
1554.0
592.5
541.5
366.0
1234.5
226.5
1177.5
700.5
340.5
315.0
52.5
1216.5
222.0
99.0
406.5
1270.5
720.0
517.5
832.5
481.5
301.5
411.0
588.0
729.0
978.0
69.0
946.5
285.0
273.0
1075.5
589.5
1597.5
958.5
220.5
643.5
384.0
337.5
850.5
297.0
570.0
394.5
565.5
960.0
837.0
517.5
252.0
384.0
477.0
106.5
345.0
178.5
99.0
993.0
1435.5
1077.0
867.0
154.5
778.5
919.5
897.0
586.5
391.5
1287.0
240.0
529.5
714.0
1329.0
1126.5
687.0
471.0
529.5
805.5
1278.0
747.0
1210.5
748.5
699.0
1308.0
177.0
661.5
64.5
400.5
1378.5
534.0
843.0
646.5
183.0
279.0
1054.5
633.0
990.0
1437.0
667.5
529.5
741.0
511.5
699.0
244.5
1303.5
322.5
520.5
1215.0
1491.0
961.5
645.0
1237.5
480.0
505.5
414.0
963.0
1248.0
718.5
357.0
58.5
856.5
829.5
84.0
570.0
441.0
579.0
390.0
300.0
987.0
925.5
1035.0
399.0
151.5
525.0
757.5
216.0
124.5
969.0
456.0
1017.0
466.5
751.5
561.0
447.0
1618.5
1054.5
723.0
186.0
775.5
1456.5
768.0
1018.5
274.5
621.0
1266.0
1437.0
1201.5
541.5
1464.0
1059.0
498.0
271.5
1023.0
691.5
1144.5
519.0
774.0
954.0
513.0
256.5
1272.0
243.0
895.5
991.5
312.0
201.0
435.0
498.0
327.0
1093.5
592.5
657.0
1059.0
1318.5
460.5
78.0
819.0
442.5
780.0
279.0
852.0
685.5
781.5
1453.5
430.5
460.5
1035.0
786.0
544.5
577.5
954.0
1521.0
283.5
546.0
604.5
157.5
388.5
756.0
295.5
556.5
735.0
331.5
657.0
103.5
490.5
820.5
432.0
163.5
1036.5
145.5
261.0
385.5
391.5
235.5
138.0
507.0
514.5
486.0
573.0
1368.0
148.5
34.5
373.5
166.5
213.0
768.0
664.5
1122.0
279.0
579.0
994.5
1261.5
316.5
807.0
1008.0
580.5
1432.5
1086.0
693.0
460.5
210.0
1611.0
541.5
306.0
1290.0
1374.0
816.0
708.0
828.0
594.0
234.0
331.5
1056.0
490.5
1423.5
354.0
496.5
202.5
439.5
78.0
495.0
538.5
520.5
694.5
555.0
520.5
334.5
640.5
241.5
273.0
220.5
213.0
444.0
465.0
1378.5
676.5
478.5
417.0
331.5
412.5
807.0
531.0
117.0
595.5
957.0
280.5
361.5
871.5
645.0
480.0
144.0
1227.0
726.0
930.0
511.5
678.0
165.0
961.5
195.0
1273.5
982.5
528.0
940.5
1273.5
1260.0
634.5
388.5
1437.0
810.0
993.0
1012.5
285.0
501.0
351.0
666.0
276.0
919.5
588.0
225.0
375.0
460.5
396.0
319.5
114.0
679.5
1045.5
568.5
382.5
370.5
237.0
757.5
789.0
423.0
921.0
238.5
118.5
322.5
1074.0
114.0
291.0
954.0
1012.5
30.0
591.0
822.0
295.5
544.5
556.5
105.0
373.5
1120.5
295.5
342.0
261.0
258.0
772.5
109.5
594.0
690.0
1239.0
577.5
405.0
564.0
300.0
247.5
595.5
1284.0
1224.0
936.0
312.0
954.0
342.0
520.5
1299.0
1387.5
400.5
960.0
613.5
784.5
177.0
522.0
507.0
1180.5
1104.0
966.0
355.5
718.5
28.5
460.5
175.5
708.0
1512.0
297.0
351.0
289.5
417.0
162.0
754.5
804.0
198.0
1189.5
1291.5
462.0
369.0
219.0
234.0
252.0
220.5
150.0
246.0
328.5
399.0
358.5
1155.0
934.5
1050.0
681.0
336.0
639.0
688.5
232.5
586.5
420.0
247.5
999.0
97.5
289.5
726.0
450.0
699.0
552.0
220.5
289.5
364.5
982.5
759.0
391.5
459.0
900.0
117.0
1453.5
291.0
906.0
1254.0
913.5
795.0
1221.0
277.5
337.5
124.5
910.5
951.0
1089.0
1018.5
742.5
732.0
337.5
685.5
1299.0
318.0
1021.5
565.5
220.5
541.5
1291.5
214.5
727.5
519.0
304.5
565.5
607.5
327.0
96.0
484.5
904.5
819.0
409.5
1159.5
331.5
798.0
1600.5
202.5
549.0
231.0
793.5
129.0
333.0
862.5
528.0
478.5
448.5
594.0
537.0
709.5
1209.0
951.0
640.5
237.0
397.5
819.0
231.0
504.0
766.5
478.5
219.0
211.5
724.5
1167.0
1185.0
877.5
1452.0
682.5
1159.5
297.0
622.5
771.0
189.0
489.0
459.0
342.0
412.5
655.5
78.0
262.5
1090.5
1057.5
645.0
613.5
130.5
1311.0
219.0
357.0
1294.5
364.5
402.0
618.0
105.0
426.0
967.5
784.5
565.5
424.5
450.0
252.0
859.5
126.0
564.0
390.0
537.0
210.0
550.5
660.0
1120.5
714.0
567.0
720.0
261.0
799.5
459.0
322.5
94.5
307.5
1071.0
300.0
397.5
414.0
610.5
958.5
1138.5
627.0
702.0
1333.5
841.5
313.5
432.0
622.5
859.5
1408.5
270.0
1285.5
538.5
747.0
316.5
363.0
892.5
685.5
270.0
115.5
559.5
97.5
367.5
1408.5
289.5
1044.0
283.5
223.5
780.0
478.5
226.5
1017.0
279.0
954.0
723.0
73.5
199.5
1272.0
1305.0
351.0
996.0
741.0
1005.0
528.0
352.5
694.5
144.0
1480.5
360.0
1369.5
484.5
981.0
1126.5
400.5
382.5
366.0
199.5
283.5
444.0
949.5
1171.5
951.0
1330.5
694.5
301.5
961.5
150.0
1485.0
366.0
40.5
628.5
1098.0
919.5
355.5
859.5
520.5
186.0
373.5
859.5
825.0
1333.5
1231.5
762.0
691.5
880.5
202.5
726.0
487.5
1474.5
1366.5
1011.0
370.5
1384.5
1284.0
409.5
508.5
1125.0
600.0
318.0
733.5
477.0
370.5
973.5
240.0
1129.5
759.0
861.0
844.5
1032.0
727.5
474.0
1080.0
594.0
301.5
370.5
417.0
676.5
954.0
1224.0
418.5
265.5
537.0
225.0
1441.5
921.0
1401.0
591.0
304.5
151.5
645.0
1219.5
861.0
720.0
1182.0
685.5
1182.0
1591.5
379.5
148.5
342.0
1146.0
270.0
273.0
591.0
454.5
544.5
286.5
321.0
424.5
91.5
223.5
288.0
525.0
523.5
1230.0
1554.0
1231.5
348.0
639.0
432.0
1354.5
598.5
301.5
1357.5
1317.0
1108.5
976.5
783.0
628.5
280.5
282.0
174.0
183.0
835.5
615.0
549.0
412.5
1201.5
285.0
1000.5
1074.0
193.5
1714.5
328.5
315.0
837.0
1102.5
1237.5
369.0
753.0
510.0
1474.5
1065.0
1023.0
1462.5
334.5
283.5
801.0
1285.5
124.5
214.5
786.0
270.0
258.0
1074.0
489.0
1243.5
759.0
352.5
103.5
630.0
342.0
1180.5
385.5
306.0
1375.5
723.0
537.0
741.0
94.5
279.0
856.5
889.5
252.0
217.5
643.5
634.5
436.5
738.0
535.5
567.0
778.5
648.0
250.5
1218.0
538.5
331.5
307.5
1611.0
256.5
748.5
340.5
697.5
1224.0
684.0
910.5
373.5
292.5
709.5
442.5
330.0
361.5
504.0
466.5
444.0
234.0
444.0
850.5
234.0
97.5
690.0
310.5
633.0
481.5
400.5
840.0
300.0
144.0
163.5
451.5
1437.0
1611.0
1500.0
1321.5
981.0
175.5
217.5
880.5
391.5
1449.0
234.0
201.0
358.5
604.5
54.0
553.5
99.0
439.5
811.5
957.0
1108.5
486.0
1027.5
577.5
243.0
595.5
265.5
70.5
285.0
1389.0
249.0
274.5
369.0
753.0
333.0
556.5
1002.0
1558.5
79.5
213.0
348.0
994.5
990.0
364.5
165.0
1501.5
480.0
436.5
987.0
1299.0
816.0
258.0
858.0
792.0
1372.5
378.0
162.0
1405.5
471.0
1587.0
1107.0
222.0
264.0
933.0
873.0
655.5
618.0
172.5
220.5
393.0
664.5
360.0
1071.0
729.0
1170.0
102.0
523.5
1321.5
67.5
540.0
67.5
1224.0
1216.5
1104.0
583.5
255.0
1353.0
525.0
598.5
714.0
688.5
196.5
225.0
132.0
552.0
375.0
403.5
282.0
1237.5
237.0
996.0
1330.5
993.0
232.5
495.0
703.5
378.0
766.5
328.5
927.0
594.0
561.0
406.5
97.5
1479.0
937.5
409.5
1024.5
984.0
387.0
298.5
145.5
1002.0
1423.5
918.0
648.0
298.5
694.5
687.0
90.0
667.5
625.5
519.0
1339.5
744.0
954.0
526.5
499.5
160.5
985.5
1032.0
804.0
856.5
502.5
694.5
423.0
385.5
490.5
910.5
1078.5
730.5
121.5
162.0
270.0
57.0
841.5
372.0
624.0
400.5
897.0
489.0
736.5
840.0
1219.5
1456.5
1191.0
369.0
661.5
315.0
1233.0
435.0
819.0
1323.0
280.5
757.5
157.5
1200.0
738.0
1336.5
210.0
474.0
303.0
169.5
564.0
879.0
870.0
816.0
198.0
351.0
217.5
76.5
471.0
189.0
483.0
909.0
807.0
415.5
418.5
366.0
946.5
898.5
306.0
424.5
633.0
477.0
853.5
325.5
514.5
177.0
652.5
1065.0
175.5
268.5
309.0
75.0
826.5
151.5
937.5
463.5
957.0
238.5
318.0
358.5
156.0
537.0
1261.5
558.0
664.5
816.0
1233.0
487.5
1077.0
487.5
555.0
321.0
1438.5
342.0
1473.0
648.0
993.0
114.0
765.0
708.0
633.0
249.0
379.5
1225.5
678.0
513.0
1092.0
651.0
871.5
738.0
205.5
649.5
465.0
466.5
196.5
1032.0
451.5
756.0
177.0
763.5
316.5
550.5
571.5
123.0
564.0
277.5
1248.0
1102.5
402.0
334.5
336.0
595.5
1159.5
1249.5
463.5
1216.5
339.0
270.0
1393.5
268.5
262.5
934.5
900.0
193.5
643.5
522.0
334.5
319.5
486.0
769.5
868.5
585.0
1138.5
430.5
643.5
328.5
1408.5
393.0
528.0
1507.5
300.0
1578.0
934.5
510.0
394.5
1507.5
970.5
252.0
600.0
697.5
154.5
765.0
534.0
532.5
796.5
315.0
1113.0
385.5
558.0
376.5
1341.0
582.0
120.0
256.5
649.5
565.5
1284.0
414.0
507.0
97.5
504.0
775.5
949.5
564.0
1107.0
166.5
501.0
742.5
1447.5
1386.0
1126.5
483.0
217.5
1006.5
339.0
582.0
612.0
1236.0
772.5
697.5
208.5
166.5
817.5
460.5
507.0
592.5
499.5
882.0
1164.0
201.0
178.5
637.5
402.0
1020.0
106.5
397.5
879.0
381.0
1036.5
883.5
498.0
1318.5
229.5
529.5
352.5
624.0
376.5
210.0
451.5
117.0
939.0
421.5
1009.5
130.5
192.0
123.0
159.0
760.5
598.5
331.5
153.0
654.0
543.0
822.0
424.5
256.5
1177.5
537.0
159.0
1339.5
228.0
1042.5
1417.5
172.5
271.5
466.5
1024.5
378.0
1011.0
519.0
843.0
643.5
1234.5
1447.5
1249.5
184.5
558.0
171.0
1116.0
1080.0
601.5
777.0
726.0
411.0
636.0
274.5
1608.0
828.0
801.0
180.0
973.5
625.5
127.5
394.5
331.5
538.5
478.5
411.0
637.5
469.5
477.0
379.5
421.5
759.0
385.5
321.0
1146.0
523.5
174.0
859.5
1398.0
1261.5
520.5
1111.5
246.0
106.5
909.0
670.5
304.5
411.0
550.5
855.0
397.5
703.5
742.5
568.5
1311.0
625.5
355.5
430.5
762.0
858.0
405.0
1186.5
300.0
1360.5
466.5
1240.5
601.5
958.5
1323.0
349.5
76.5
1131.0
297.0
579.0
435.0
928.5
1045.5
994.5
360.0
345.0
135.0
696.0
394.5
571.5
501.0
118.5
516.0
601.5
1195.5
574.5
1030.5
477.0
870.0
1038.0
525.0
664.5
1075.5
220.5
784.5
607.5
1317.0
1615.5
1501.5
361.5
354.0
1092.0
549.0
483.0
358.5
828.0
1204.5
427.5
276.0
1210.5
676.5
831.0
682.5
852.0
505.5
1168.5
240.0
664.5
439.5
589.5
453.0
253.5
508.5
732.0
753.0
727.5
168.0
666.0
1278.0
342.0
249.0
258.0
195.0
717.0
957.0
649.5
1401.0
700.5
712.5
390.0
708.0
1165.5
453.0
301.5
309.0
343.5
519.0
1509.0
1410.0
589.5
550.5
211.5
337.5
375.0
1057.5
585.0
240.0
124.5
832.5
697.5
1102.5
720.0
537.0
444.0
1078.5
1674.0
396.0
1372.5
376.5
234.0
709.5
804.0
766.5
1329.0
619.5
315.0
766.5
765.0
321.0
697.5
1069.5
607.5
672.0
1804.5
700.5
615.0
283.5
307.5
286.5
336.0
624.0
1110.0
412.5
244.5
1534.5
1209.0
1023.0
826.5
724.5
844.5
117.0
625.5
817.5
369.0
1045.5
501.0
454.5
253.5
367.5
513.0
642.0
360.0
391.5
186.0
904.5
850.5
873.0
1269.0
448.5
913.5
1042.5
873.0
300.0
507.0
870.0
1278.0
1296.0
270.0
780.0
394.5
936.0
1081.5
996.0
292.5
766.5
466.5
634.5
150.0
229.5
136.5
519.0
636.0
652.5
276.0
634.5
1084.5
147.0
241.5
526.5
226.5
181.5
19.5
1098.0
564.0
663.0
1444.5
498.0
471.0
1596.0
1041.0
418.5
334.5
1411.5
432.0
270.0
405.0
706.5
391.5
933.0
217.5
309.0
1236.0
768.0
960.0
523.5
727.5
588.0
1648.5
484.5
148.5
568.5
978.0
58.5
628.5
592.5
495.0
736.5
414.0
646.5
493.5
705.0
733.5
528.0
433.5
1111.5
666.0
466.5
1045.5
654.0
858.0
90.0
645.0
1273.5
564.0
646.5
537.0
451.5
1050.0
570.0
651.0
580.5
567.0
385.5
376.5
253.5
1026.0
1279.5
387.0
1638.0
373.5
1053.0
472.5
468.0
1152.0
940.5
1186.5
267.0
696.0
460.5
40.5
313.5
79.5
771.0
235.5
288.0
588.0
384.0
717.0
1179.0
727.5
480.0
199.5
1012.5
300.0
597.0
657.0
355.5
334.5
879.0
205.5
925.5
624.0
295.5
279.0
856.5
313.5
315.0
408.0
367.5
351.0
256.5
432.0
804.0
418.5
868.5
427.5
1756.5
166.5
285.0
751.5
121.5
133.5
916.5
775.5
366.0
234.0
621.0
147.0
498.0
427.5
771.0
1188.0
843.0
465.0
484.5
585.0
495.0
568.5
1036.5
1299.0
466.5
778.5
244.5
1657.5
570.0
1324.5
417.0
499.5
1081.5
997.5
196.5
862.5
210.0
543.0
466.5
624.0
595.5
357.0
555.0
133.5
186.0
1099.5
1200.0
757.5
1209.0
63.0
933.0
322.5
273.0
1231.5
369.0
226.5
1158.0
279.0
699.0
163.5
1297.5
225.0
216.0
417.0
387.0
706.5
723.0
501.0
670.5
397.5
375.0
279.0
981.0
244.5
1407.0
1116.0
1543.5
937.5
328.5
1053.0
460.5
484.5
775.5
490.5
172.5
373.5
159.0
1335.0
784.5
622.5
72.0
628.5
865.5
246.0
475.5
1377.0
588.0
646.5
1194.0
1329.0
337.5
718.5
894.0
1102.5
916.5
316.5
1417.5
429.0
868.5
1165.5
1147.5
472.5
756.0
355.5
199.5
691.5
508.5
291.0
415.5
628.5
634.5
787.5
535.5
630.0
177.0
211.5
855.0
330.0
1000.5
447.0
307.5
820.5
160.5
325.5
306.0
1356.0
1513.5
561.0
1600.5
924.0
916.5
303.0
405.0
762.0
1080.0
250.5
1095.0
429.0
972.0
411.0
925.5
997.5
1431.0
265.5
333.0
1294.5
862.5
1195.5
618.0
1165.5
916.5
93.0
885.0
667.5
345.0
1348.5
199.5
261.0
42.0
637.5
739.5
934.5
243.0
108.0
333.0
625.5
558.0
309.0
790.5
597.0
693.0
1038.0
399.0
459.0
1086.0
129.0
685.5
180.0
988.5
1398.0
1204.5
447.0
681.0
1044.0
723.0
1458.0
1179.0
1033.5
1119.0
379.5
298.5
324.0
834.0
109.5
763.5
136.5
87.0
585.0
574.5
795.0
1384.5
171.0
1231.5
768.0
241.5
1044.0
517.5
961.5
733.5
183.0
346.5
78.0
81.0
336.0
861.0
100.5
1005.0
939.0
1494.0
630.0
1174.5
295.5
379.5
348.0
474.0
409.5
631.5
769.5
657.0
250.5
1177.5
1065.0
702.0
796.5
403.5
783.0
654.0
46.5
120.0
505.5
213.0
504.0
913.5
232.5
484.5
327.0
970.5
783.0
1249.5
766.5
1017.0
963.0
412.5
39.0
394.5
484.5
1168.5
1317.0
151.5
288.0
1005.0
1191.0
630.0
550.5
591.0
195.0
342.0
768.0
594.0
586.5
783.0
891.0
570.0
937.5
564.0
174.0
507.0
297.0
1318.5
690.0
214.5
256.5
264.0
255.0
373.5
660.0
675.0
190.5
621.0
811.5
981.0
648.0
201.0
747.0
1267.5
66.0
310.5
625.5
322.5
142.5
424.5
1011.0
1140.0
1356.0
1222.5
321.0
178.5
480.0
573.0
388.5
1143.0
400.5
850.5
1170.0
979.5
1165.5
729.0
513.0
216.0
70.5
387.0
834.0
997.5
1557.0
1147.5
1144.5
1804.5
582.0
334.5
1212.0
1234.5
684.0
643.5
471.0
415.5
285.0
687.0
1015.5
282.0
279.0
370.5
373.5
538.5
474.0
129.0
346.5
139.5
48.0
240.0
1029.0
468.0
622.5
607.5
366.0
703.5
256.5
124.5
1027.5
1363.5
414.0
420.0
448.5
684.0
1003.5
304.5
223.5
72.0
183.0
129.0
303.0
394.5
349.5
820.5
547.5
169.5
763.5
310.5
327.0
1195.5
897.0
1173.0
508.5
579.0
339.0
150.0
343.5
282.0
432.0
396.0
423.0
1282.5
1213.5
1284.0
255.0
580.5
550.5
418.5
321.0
1102.5
210.0
826.5
433.5
703.5
849.0
982.5
327.0
295.5
789.0
1392.0
621.0
1063.5
376.5
1209.0
988.5
810.0
961.5
381.0
223.5
402.0
963.0
930.0
1354.5
1200.0
1561.5
1389.0
771.0
504.0
840.0
148.5
262.5
798.0
1524.0
1050.0
201.0
958.5
1336.5
52.5
201.0
321.0
936.0
343.5
153.0
474.0
1527.0
1096.5
246.0
1107.0
1030.5
1233.0
730.5
1363.5
780.0
835.5
321.0
1032.0
750.0
324.0
657.0
304.5
406.5
193.5
417.0
1261.5
259.5
1677.0
1114.5
399.0
184.5
163.5
405.0
1125.0
883.5
234.0
784.5
520.5
1281.0
783.0
1099.5
703.5
1120.5
1282.5
949.5
549.0
910.5
837.0
1078.5
916.5
111.0
490.5
475.5
187.5
357.0
949.5
748.5
291.0
400.5
612.0
285.0
231.0
763.5
562.5
823.5
141.0
409.5
915.0
523.5
778.5
370.5
865.5
489.0
754.5
1549.5
1092.0
562.5
609.0
283.5
516.0
735.0
1317.0
729.0
484.5
747.0
441.0
514.5
1275.0
76.5
799.5
444.0
220.5
384.0
667.5
189.0
561.0
1285.5
507.0
298.5
139.5
244.5
297.0
933.0
957.0
1060.5
429.0
291.0
247.5
514.5
1287.0
270.0
85.5
118.5
384.0
271.5
592.5
331.5
1264.5
367.5
484.5
939.0
427.5
222.0
322.5
471.0
1410.0
1162.5
1149.0
1039.5
234.0
1387.5
723.0
721.5
1401.0
399.0
591.0
73.5
1108.5
1003.5
430.5
295.5
507.0
711.0
1203.0
1108.5
1206.0
700.5
826.5
433.5
685.5
360.0
316.5
742.5
307.5
474.0
270.0
892.5
1176.0
195.0
268.5
760.5
606.0
300.0
552.0
667.5
697.5
768.0
883.5
493.5
426.0
1273.5
471.0
459.0
1644.0
595.5
195.0
820.5
739.5
367.5
1129.5
492.0
576.0
987.0
889.5
1147.5
1069.5
678.0
367.5
144.0
655.5
1123.5
325.5
595.5
759.0
301.5
123.0
222.0
915.0
265.5
276.0
1167.0
459.0
985.5
954.0
726.0
39.0
1167.0
145.5
631.5
928.5
576.0
1096.5
517.5
162.0
501.0
1036.5
592.5
928.5
579.0
634.5
900.0
972.0
349.5
261.0
783.0
460.5
259.5
258.0
1273.5
1141.5
274.5
384.0
136.5
1519.5
655.5
507.0
48.0
139.5
69.0
349.5
948.0
270.0
538.5
937.5
403.5
837.0
807.0
910.5
975.0
870.0
336.0
594.0
970.5
475.5
273.0
118.5
577.5
520.5
882.0
633.0
877.5
645.0
489.0
549.0
411.0
415.5
1000.5
351.0
1155.0
1639.5
667.5
331.5
1266.0
508.5
6.0
453.0
891.0
417.0
1012.5
825.0
316.5
468.0
243.0
420.0
339.0
763.5
256.5
864.0
1221.0
834.0
526.5
319.5
256.5
295.5
496.5
613.5
351.0
829.5
337.5
840.0
639.0
733.5
333.0
213.0
505.5
114.0
1015.5
606.0
268.5
775.5
450.0
168.0
1278.0
627.0
1102.5
763.5
550.5
454.5
364.5
594.0
727.5
484.5
460.5
262.5
382.5
297.0
246.0
1125.0
1086.0
537.0
1399.5
343.5
639.0
252.0
409.5
454.5
444.0
208.5
255.0
502.5
571.5
786.0
19.5
432.0
1278.0
867.0
637.5
417.0
505.5
88.5
454.5
301.5
736.5
544.5
1338.0
1036.5
1702.5
306.0
651.0
643.5
249.0
277.5
1215.0
267.0
276.0
799.5
532.5
813.0
954.0
744.0
822.0
309.0
700.5
588.0
549.0
270.0
553.5
493.5
444.0
1021.5
858.0
847.5
1216.5
255.0
1198.5
567.0
697.5
829.5
622.5
565.5
306.0
319.5
604.5
115.5
360.0
778.5
510.0
448.5
709.5
465.0
189.0
495.0
135.0
369.0
1140.0
1437.0
691.5
817.5
624.0
270.0
630.0
1285.5
1002.0
483.0
694.5
49.5
309.0
414.0
834.0
1341.0
264.0
1114.5
1203.0
873.0
949.5
141.0
1168.5
66.0
99.0
243.0
427.5
714.0
1050.0
975.0
738.0
121.5
871.5
1008.0
156.0
862.5
879.0
973.5
354.0
454.5
609.0
1504.5
463.5
781.5
700.5
631.5
1408.5
1500.0
1621.5
264.0
271.5
768.0
292.5
303.0
651.0
825.0
1008.0
571.5
207.0
922.5
388.5
156.0
1450.5
465.0
1012.5
600.0
619.5
237.0
511.5
565.5
694.5
178.5
783.0
205.5
201.0
328.5
993.0
687.0
193.5
454.5
1135.5
1471.5
190.5
1218.0
1225.5
1302.0
244.5
799.5
919.5
291.0
915.0
369.0
327.0
460.5
738.0
630.0
175.5
111.0
292.5
1212.0
985.5
382.5
852.0
574.5
591.0
183.0
753.0
589.5
321.0
798.0
954.0
501.0
693.0
165.0
97.5
234.0
838.5
633.0
564.0
304.5
330.0
324.0
286.5
456.0
1192.5
219.0
228.0
1182.0
384.0
309.0
643.5
844.5
757.5
867.0
834.0
133.5
208.5
189.0
1192.5
171.0
351.0
648.0
526.5
1206.0
474.0
802.5
663.0
1059.0
993.0
951.0
777.0
1162.5
562.5
412.5
967.5
432.0
1422.0
327.0
511.5
861.0
963.0
300.0
612.0
190.5
568.5
628.5
688.5
337.5
478.5
379.5
99.0
571.5
801.0
315.0
402.0
82.5
252.0
99.0
790.5
880.5
1303.5
216.0
601.5
715.5
970.5
253.5
529.5
919.5
298.5
1029.0
385.5
238.5
876.0
1041.0
858.0
199.5
706.5
357.0
277.5
864.0
106.5
1024.5
304.5
843.0
310.5
277.5
960.0
1188.0
897.0
555.0
352.5
616.5
640.5
613.5
1350.0
388.5
928.5
1251.0
519.0
1534.5
1395.0
927.0
123.0
322.5
457.5
580.5
522.0
673.5
267.0
1108.5
210.0
741.0
970.5
258.0
678.0
109.5
933.0
445.5
198.0
801.0
454.5
1323.0
715.5
723.0
1299.0
1348.5
930.0
201.0
277.5
1080.0
99.0
549.0
456.0
819.0
973.5
216.0
417.0
58.5
118.5
1161.0
780.0
907.5
1006.5
403.5
142.5
748.5
174.0
516.0
396.0
351.0
486.0
324.0
64.5
265.5
171.0
433.5
505.5
133.5
141.0
153.0
1239.0
1512.0
277.5
343.5
282.0
583.5
834.0
499.5
198.0
174.0
298.5
243.0
831.0
1089.0
396.0
111.0
160.5
1287.0
1405.5
1632.0
342.0
1036.5
126.0
979.5
1458.0
451.5
214.5
717.0
589.5
1263.0
499.5
756.0
565.5
418.5
378.0
583.5
787.5
681.0
303.0
145.5
802.5
534.0
1323.0
370.5
1414.5
691.5
846.0
559.5
819.0
298.5
549.0
757.5
834.0
139.5
612.0
1135.5
1017.0
654.0
1033.5
75.0
1504.5
340.5
387.0
988.5
514.5
537.0
432.0
1060.5
1458.0
813.0
852.0
510.0
375.0
450.0
1045.5
1429.5
1465.5
411.0
1032.0
943.5
927.0
118.5
181.5
769.5
300.0
241.5
156.0
588.0
1489.5
258.0
1000.5
556.5
1221.0
631.5
540.0
405.0
244.5
781.5
1246.5
937.5
105.0
111.0
169.5
933.0
507.0
714.0
981.0
265.5
288.0
634.5
352.5
1051.5
730.5
568.5
337.5
1152.0
1141.5
1270.5
538.5
1044.0
1453.5
735.0
252.0
1041.0
516.0
474.0
217.5
253.5
1111.5
430.5
283.5
258.0
580.5
319.5
292.5
493.5
720.0
1255.5
438.0
559.5
423.0
1450.5
475.5
169.5
964.5
310.5
487.5
226.5
747.0
639.0
1102.5
333.0
544.5
270.0
1297.5
184.5
1582.5
111.0
685.5
337.5
202.5
850.5
427.5
118.5
424.5
835.5
423.0
400.5
255.0
138.0
297.0
102.0
457.5
661.5
901.5
406.5
951.0
363.0
411.0
135.0
691.5
192.0
640.5
273.0
543.0
393.0
163.5
328.5
891.0
166.5
462.0
915.0
43.5
55.5
439.5
415.5
144.0
793.5
421.5
1153.5
112.5
229.5
1159.5
300.0
436.5
660.0
178.5
93.0
106.5
421.5
799.5
1267.5
564.0
336.0
406.5
1282.5
1444.5
228.0
1050.0
292.5
234.0
1152.0
1027.5
1705.5
591.0
1353.0
544.5
571.5
723.0
814.5
1068.0
964.5
334.5
336.0
472.5
595.5
255.0
714.0
799.5
523.5
141.0
456.0
405.0
712.5
328.5
787.5
1227.0
205.5
304.5
289.5
459.0
523.5
343.5
546.0
394.5
150.0
754.5
492.0
393.0
969.0
883.5
1125.0
790.5
168.0
490.5
1651.5
1287.0
312.0
553.5
321.0
738.0
714.0
337.5
195.0
249.0
945.0
552.0
423.0
682.5
496.5
327.0
663.0
775.5
1125.0
751.5
1014.0
826.5
1011.0
1453.5
115.5
307.5
1500.0
300.0
175.5
1162.5
259.5
111.0
693.0
312.0
235.5
663.0
981.0
321.0
732.0
1413.0
742.5
903.0
772.5
843.0
1425.0
331.5
531.0
147.0
615.0
253.5
493.5
1288.5
1023.0
733.5
552.0
