493.5
1542.0
1600.5
1305.0
892.5
813.0
966.0
1113.0
964.5
961.5
1056.0
358.5
1399.5
1096.5
804.0
469.5
1719.0
1549.5
1242.0
246.0
276.0
862.5
364.5
973.5
993.0
601.5
525.0
1557.0
1273.5
1336.5
747.0
721.5
832.5
1659.0
672.0
1488.0
789.0
1075.5
418.5
1672.5
202.5
955.5
945.0
1858.5
1323.0
436.5
781.5
1576.5
1227.0
1477.5
877.5
1849.5
450.0
1752.0
327.0
991.5
1371.0
331.5
1741.5
655.5
309.0
330.0
1549.5
1296.0
702.0
1702.5
952.5
984.0
1671.0
1033.5
1185.0
1287.0
1537.5
109.5
1117.5
1653.0
237.0
1642.5
942.0
564.0
334.5
1597.5
460.5
1120.5
787.5
1053.0
673.5
1233.0
1006.5
1123.5
1449.0
294.0
1504.5
1390.5
1527.0
1617.0
747.0
1600.5
237.0
487.5
745.5
864.0
697.5
1584.0
546.0
1156.5
444.0
612.0
1443.0
1132.5
1503.0
982.5
1215.0
1086.0
1485.0
631.5
1584.0
1561.5
1543.5
988.5
951.0
1545.0
1627.5
483.0
874.5
1432.5
1774.5
598.5
430.5
511.5
571.5
1218.0
232.5
684.0
424.5
1084.5
1675.5
153.0
1882.5
1278.0
1032.0
597.0
403.5
277.5
1117.5
391.5
1690.5
571.5
1672.5
1558.5
1071.0
1287.0
1468.5
832.5
1155.0
1093.5
295.5
1104.0
160.5
1096.5
580.5
1566.0
1630.5
850.5
1017.0
1468.5
1581.0
426.0
1375.5
1183.5
1654.5
1726.5
606.0
1495.5
1129.5
1285.5
1105.5
499.5
976.5
1584.0
1716.0
1116.0
222.0
1401.0
415.5
1074.0
1390.5
1402.5
1600.5
874.5
1069.5
1122.0
1017.0
909.0
1233.0
535.5
1315.5
255.0
639.0
403.5
1176.0
733.5
1690.5
1471.5
826.5
798.0
1579.5
291.0
1734.0
790.5
693.0
481.5
1305.0
673.5
1389.0
1554.0
1168.5
1005.0
1503.0
849.0
1432.5
606.0
1063.5
468.0
1750.5
772.5
1554.0
1356.0
1549.5
1009.5
1237.5
271.5
1447.5
1618.5
901.5
711.0
1627.5
354.0
1363.5
508.5
975.0
1297.5
454.5
1483.5
234.0
538.5
945.0
1393.5
1482.0
634.5
1512.0
99.0
888.0
489.0
1500.0
684.0
681.0
1803.0
309.0
1356.0
916.5
1222.5
1353.0
714.0
1638.0
1002.0
130.5
1278.0
513.0
1138.5
450.0
1609.5
828.0
315.0
1233.0
1717.5
1461.0
472.5
1438.5
787.5
1602.0
984.0
673.5
1525.5
1384.5
1275.0
1434.0
1323.0
373.5
571.5
1177.5
948.0
441.0
601.5
1402.5
1260.0
604.5
1482.0
1425.0
1150.5
828.0
849.0
1126.5
295.5
492.0
1474.5
1032.0
924.0
1356.0
1105.5
1026.0
1246.5
1098.0
738.0
934.5
1441.5
1198.5
214.5
648.0
438.0
1189.5
1240.5
837.0
1759.5
1516.5
1122.0
1518.0
1768.5
1597.5
415.5
1461.0
1173.0
601.5
1293.0
628.5
856.5
859.5
1741.5
1480.5
1132.5
700.5
1116.0
1461.0
1323.0
1326.0
160.5
1401.0
1179.0
1371.0
946.5
1488.0
1099.5
255.0
1540.5
754.5
1095.0
642.0
1606.5
1422.0
114.0
726.0
1033.5
412.5
841.5
1294.5
768.0
823.5
490.5
406.5
714.0
336.0
1605.0
964.5
721.5
345.0
486.0
708.0
1441.5
1084.5
1530.0
1389.0
1408.5
1038.0
808.5
1068.0
322.5
1438.5
1363.5
262.5
1462.5
642.0
753.0
684.0
1330.5
175.5
1120.5
252.0
1552.5
421.5
1653.0
1710.0
882.0
1260.0
1021.5
1306.5
1305.0
1614.0
1387.5
807.0
493.5
1129.5
1752.0
1453.5
1578.0
895.5
907.5
1209.0
408.0
1626.0
357.0
1725.0
967.5
931.5
909.0
1359.0
844.5
1431.0
963.0
624.0
592.5
1029.0
817.5
1450.5
487.5
987.0
1320.0
492.0
532.5
1488.0
460.5
379.5
1587.0
1231.5
1125.0
1473.0
895.5
373.5
790.5
1618.5
1219.5
1231.5
933.0
1443.0
705.0
1212.0
1671.0
1564.5
1435.5
883.5
297.0
931.5
1690.5
624.0
1483.5
777.0
1518.0
1644.0
852.0
1708.5
277.5
351.0
850.5
558.0
894.0
1456.5
1306.5
1446.0
300.0
1590.0
459.0
463.5
1276.5
1312.5
793.5
1312.5
997.5
1266.0
1371.0
1611.0
1410.0
361.5
1026.0
1063.5
1659.0
876.0
112.5
483.0
442.5
213.0
694.5
648.0
1440.0
1549.5
1294.5
345.0
505.5
1060.5
1651.5
1627.5
771.0
477.0
742.5
1573.5
1633.5
1255.5
792.0
954.0
1273.5
114.0
1533.0
1348.5
165.0
1003.5
1144.5
468.0
1366.5
1573.5
616.5
1375.5
1224.0
1089.0
685.5
708.0
799.5
807.0
1774.5
618.0
1122.0
1101.0
1093.5
535.5
1671.0
205.5
1267.5
684.0
372.0
1186.5
1282.5
1281.0
1513.5
1287.0
1096.5
1423.5
394.5
768.0
411.0
625.5
1318.5
1213.5
727.5
1888.5
1804.5
1311.0
1665.0
1404.0
1677.0
349.5
654.0
1279.5
378.0
1428.0
1653.0
382.5
1749.0
1731.0
1447.5
1408.5
477.0
1317.0
1456.5
1149.0
1701.0
1302.0
1195.5
649.5
565.5
1219.5
435.0
1744.5
1594.5
1282.5
1072.5
1383.0
1126.5
1458.0
1167.0
799.5
333.0
289.5
945.0
1174.5
598.5
1012.5
379.5
1441.5
1321.5
1290.0
84.0
148.5
1009.5
174.0
1365.0
1242.0
375.0
517.5
309.0
1531.5
1584.0
1011.0
1071.0
1120.5
1494.0
1374.0
1363.5
1285.5
1237.5
108.0
225.0
442.5
585.0
501.0
487.5
817.5
688.5
1465.5
1483.5
1143.0
966.0
682.5
835.5
1576.5
169.5
1300.5
181.5
1582.5
1413.0
1462.5
85.5
553.5
552.0
484.5
1305.0
762.0
877.5
1327.5
160.5
1660.5
1018.5
228.0
364.5
537.0
1734.0
861.0
915.0
1381.5
1504.5
1146.0
1467.0
1804.5
921.0
1065.0
147.0
877.5
814.5
1342.5
390.0
1119.0
1387.5
1096.5
1620.0
231.0
780.0
1072.5
1677.0
366.0
1351.5
478.5
1612.5
1200.0
723.0
1579.5
1564.5
1015.5
253.5
351.0
868.5
388.5
1569.0
760.5
181.5
1029.0
1555.5
1281.0
766.5
270.0
510.0
427.5
1414.5
1029.0
1588.5
1740.0
16.5
1195.5
648.0
685.5
922.5
534.0
1194.0
1546.5
177.0
1396.5
943.5
1341.0
358.5
1518.0
1324.5
591.0
979.5
1716.0
1501.5
1075.5
469.5
841.5
544.5
892.5
340.5
844.5
703.5
832.5
1585.5
433.5
1713.0
849.0
1590.0
1168.5
690.0
1663.5
1509.0
465.0
175.5
565.5
1350.0
1282.5
1011.0
1576.5
408.0
261.0
706.5
1189.5
1620.0
1548.0
568.5
648.0
1140.0
1003.5
1222.5
547.5
220.5
1204.5
1179.0
1344.0
934.5
1009.5
426.0
151.5
1246.5
172.5
1411.5
1176.0
976.5
1665.0
1375.5
1567.5
1380.0
1399.5
211.5
831.0
442.5
462.0
1558.5
696.0
432.0
433.5
721.5
1272.0
384.0
576.0
1149.0
745.5
801.0
850.5
754.5
1105.5
711.0
864.0
306.0
1545.0
1471.5
1017.0
1293.0
1017.0
1066.5
1197.0
1320.0
1521.0
549.0
1290.0
1426.5
1602.0
841.5
1348.5
1549.5
142.5
811.5
622.5
1237.5
832.5
1438.5
1636.5
1467.0
1171.5
1422.0
1375.5
1132.5
1300.5
1486.5
895.5
853.5
271.5
888.0
352.5
1362.0
1440.0
1336.5
378.0
249.0
1804.5
1444.5
1135.5
985.5
1147.5
484.5
1405.5
1626.0
1174.5
1557.0
1558.5
598.5
1563.0
525.0
178.5
1554.0
501.0
1812.0
808.5
1093.5
1561.5
1573.5
412.5
418.5
820.5
834.0
1209.0
432.0
120.0
1492.5
975.0
1021.5
342.0
1252.5
882.0
621.0
1200.0
769.5
493.5
484.5
318.0
1122.0
1066.5
1519.5
1096.5
1216.5
51.0
1596.0
415.5
1602.0
784.5
1215.0
673.5
288.0
1719.0
474.0
1653.0
1300.5
1524.0
1581.0
277.5
1320.0
634.5
789.0
1362.0
1432.5
1089.0
382.5
672.0
1458.0
943.5
603.0
1432.5
1324.5
270.0
1155.0
1450.5
543.0
1474.5
1206.0
1204.5
1176.0
1230.0
1135.5
1305.0
1617.0
822.0
397.5
1540.5
1675.5
655.5
1524.0
1176.0
1125.0
558.0
412.5
544.5
1570.5
1369.5
1731.0
1356.0
763.5
1576.5
766.5
993.0
1605.0
1596.0
1338.0
486.0
1608.0
747.0
789.0
573.0
1183.5
1419.0
862.5
937.5
501.0
1017.0
723.0
1476.0
1473.0
1032.0
1179.0
1431.0
313.5
850.5
411.0
508.5
442.5
1135.5
522.0
1017.0
1477.5
1729.5
1459.5
424.5
1363.5
150.0
216.0
1488.0
373.5
453.0
1758.0
1008.0
1480.5
1120.5
1530.0
55.5
1588.5
1600.5
1702.5
723.0
255.0
880.5
1474.5
1557.0
1084.5
1461.0
1539.0
1437.0
1239.0
582.0
867.0
919.5
829.5
1597.5
1293.0
1593.0
1218.0
1453.5
840.0
760.5
1633.5
853.5
757.5
1137.0
1422.0
882.0
1861.5
427.5
151.5
1294.5
411.0
915.0
1770.0
1029.0
583.5
393.0
553.5
678.0
367.5
1158.0
1333.5
643.5
1230.0
1135.5
1606.5
729.0
1419.0
1146.0
280.5
207.0
358.5
1323.0
960.0
1392.0
1156.5
1282.5
1603.5
354.0
1648.5
1542.0
855.0
1393.5
1024.5
1105.5
447.0
624.0
1704.0
676.5
1161.0
1171.5
1434.0
61.5
1462.5
493.5
1480.5
1359.0
252.0
652.5
979.5
1506.0
1402.5
472.5
963.0
993.0
838.5
468.0
1339.5
628.5
109.5
135.0
216.0
657.0
1056.0
385.5
1482.0
1387.5
1419.0
690.0
717.0
1602.0
1341.0
507.0
1569.0
1227.0
1479.0
1264.5
1537.5
349.5
1366.5
298.5
1333.5
580.5
615.0
690.0
1614.0
1176.0
736.5
1458.0
1008.0
588.0
1582.5
1651.5
858.0
352.5
1020.0
1693.5
315.0
1009.5
418.5
960.0
409.5
1120.5
1395.0
555.0
847.5
1134.0
982.5
1675.5
1393.5
190.5
1390.5
412.5
1080.0
1015.5
1165.5
1476.0
463.5
597.0
1521.0
1236.0
1014.0
1200.0
1171.5
436.5
1359.0
1438.5
708.0
342.0
510.0
1410.0
1279.5
1569.0
1629.0
1053.0
1348.5
838.5
1620.0
1384.5
1063.5
1852.5
571.5
984.0
919.5
378.0
312.0
843.0
1555.5
292.5
1608.0
745.5
867.0
1237.5
1483.5
1417.5
742.5
1654.5
906.0
1732.5
895.5
729.0
1734.0
1479.0
879.0
472.5
1350.0
370.5
1278.0
595.5
646.5
997.5
1426.5
1020.0
1078.5
148.5
517.5
921.0
541.5
1428.0
1500.0
765.0
693.0
1165.5
1494.0
1402.5
1354.5
241.5
895.5
1527.0
1522.5
693.0
147.0
927.0
577.5
1024.5
1467.0
403.5
1297.5
1063.5
1024.5
921.0
646.5
1096.5
724.5
1657.5
1744.5
918.0
826.5
970.5
1252.5
928.5
549.0
1605.0
910.5
285.0
1228.5
1593.0
618.0
1279.5
1483.5
1576.5
339.0
223.5
973.5
174.0
1026.0
1666.5
1105.5
1090.5
1732.5
811.5
367.5
1524.0
1542.0
1480.5
1539.0
633.0
733.5
1515.0
1096.5
1306.5
1461.0
610.5
1579.5
178.5
1311.0
877.5
955.5
1666.5
1311.0
886.5
454.5
979.5
370.5
487.5
597.0
1288.5
390.0
1369.5
10.5
1060.5
1395.0
957.0
1035.0
357.0
880.5
1176.0
592.5
880.5
1647.0
486.0
762.0
1449.0
1102.5
1818.0
1276.5
1594.5
1050.0
1045.5
321.0
1512.0
810.0
735.0
688.5
1081.5
856.5
967.5
654.0
298.5
330.0
315.0
1453.5
396.0
171.0
390.0
1096.5
1270.5
1351.5
225.0
577.5
1198.5
336.0
1441.5
1710.0
1339.5
1453.5
1092.0
544.5
1503.0
325.5
567.0
1342.5
1189.5
1309.5
708.0
1344.0
1698.0
244.5
319.5
672.0
789.0
499.5
1552.5
645.0
382.5
454.5
1726.5
732.0
861.0
924.0
663.0
1732.5
267.0
430.5
1671.0
1672.5
994.5
1540.5
655.5
1284.0
1506.0
1539.0
495.0
1435.5
960.0
1174.5
363.0
1384.5
1516.5
316.5
441.0
1279.5
1069.5
1272.0
603.0
1579.5
493.5
1189.5
927.0
1023.0
1666.5
1357.5
1015.5
1258.5
381.0
1560.0
391.5
718.5
916.5
1459.5
1227.0
603.0
1099.5
307.5
1134.0
1137.0
1432.5
603.0
1189.5
1359.0
468.0
1540.5
571.5
792.0
1446.0
1357.5
1707.0
991.5
433.5
1087.5
1111.5
934.5
871.5
1114.5
300.0
1011.0
454.5
714.0
301.5
1626.0
1384.5
1156.5
946.5
1572.0
1257.0
1941.0
1731.0
1176.0
165.0
708.0
1450.5
1627.5
589.5
1236.0
1125.0
945.0
1072.5
619.5
1128.0
1504.5
1552.5
478.5
735.0
621.0
1590.0
681.0
1267.5
1299.0
889.5
1270.5
330.0
1264.5
598.5
534.0
622.5
1428.0
910.5
1351.5
1101.0
1113.0
1053.0
987.0
1234.5
252.0
357.0
1048.5
1827.0
1093.5
1363.5
367.5
1473.0
495.0
516.0
1318.5
475.5
1441.5
1348.5
271.5
559.5
211.5
436.5
376.5
450.0
304.5
582.0
1584.0
840.0
1594.5
1543.5
1471.5
1569.0
1527.0
1437.0
447.0
175.5
1816.5
1300.5
1560.0
231.0
388.5
1473.0
831.0
1342.5
1465.5
423.0
774.0
1440.0
1356.0
601.5
796.5
1350.0
361.5
1506.0
1128.0
1201.5
645.0
1275.0
1716.0
984.0
1092.0
715.5
805.5
1032.0
1525.5
520.5
829.5
1600.5
1065.0
312.0
846.0
1768.5
1263.0
642.0
544.5
1182.0
1390.5
1207.5
1690.5
1482.0
946.5
234.0
195.0
565.5
681.0
1344.0
1477.5
1378.5
421.5
1168.5
1411.5
1407.0
1596.0
1603.5
1194.0
1312.5
1405.5
483.0
1695.0
1050.0
559.5
1759.5
295.5
1165.5
1323.0
534.0
357.0
394.5
549.0
772.5
630.0
442.5
1290.0
1434.0
1684.5
282.0
1018.5
1729.5
1191.0
324.0
1431.0
247.5
1501.5
1588.5
1443.0
940.5
372.0
402.0
1050.0
1470.0
837.0
690.0
903.0
615.0
1183.5
484.5
1206.0
529.5
505.5
315.0
279.0
1033.5
739.5
633.0
1728.0
592.5
193.5
828.0
1056.0
387.0
835.5
709.5
705.0
682.5
1395.0
1170.0
1243.5
1006.5
1396.5
1587.0
1516.5
1407.0
877.5
1230.0
1728.0
1603.5
894.0
1135.5
1429.5
1474.5
471.0
969.0
1237.5
811.5
1573.5
568.5
852.0
496.5
1473.0
876.0
775.5
792.0
981.0
964.5
963.0
606.0
1242.0
735.0
1266.0
306.0
1785.0
412.5
1576.5
1413.0
420.0
1450.5
1461.0
661.5
595.5
1183.5
1285.5
117.0
1699.5
214.5
1495.5
1155.0
1443.0
1060.5
352.5
844.5
600.0
1557.0
864.0
1003.5
402.0
655.5
1314.0
396.0
546.0
1600.5
1699.5
640.5
259.5
1378.5
826.5
870.0
888.0
231.0
1200.0
985.5
480.0
1497.0
484.5
1018.5
310.5
1197.0
1476.0
615.0
852.0
475.5
286.5
231.0
1753.5
1351.5
1476.0
1113.0
1396.5
541.5
676.5
564.0
1518.0
1425.0
1650.0
481.5
981.0
624.0
1446.0
936.0
1123.5
1416.0
1225.5
1753.5
471.0
295.5
1117.5
1021.5
703.5
625.5
1033.5
1390.5
1519.5
1018.5
1543.5
940.5
685.5
1513.5
1005.0
351.0
724.5
1005.0
273.0
285.0
570.0
1423.5
948.0
297.0
909.0
1024.5
972.0
1525.5
1416.0
1137.0
1561.5
1036.5
1281.0
478.5
993.0
720.0
1509.0
37.5
262.5
241.5
559.5
1300.5
885.0
105.0
1843.5
1731.0
835.5
1113.0
1413.0
879.0
720.0
1219.5
408.0
1413.0
1312.5
289.5
1326.0
928.5
1407.0
388.5
1057.5
373.5
189.0
786.0
628.5
1096.5
1689.0
523.5
816.0
1761.0
393.0
337.5
1647.0
1632.0
1288.5
325.5
1392.0
1753.5
1633.5
1407.0
511.5
718.5
1626.0
1047.0
1591.5
1222.5
1707.0
1602.0
1053.0
1185.0
997.5
1750.5
1222.5
1572.0
439.5
1417.5
1269.0
1288.5
1438.5
195.0
976.5
331.5
672.0
487.5
1498.5
1113.0
559.5
1539.0
1438.5
357.0
1060.5
1710.0
223.5
1381.5
1063.5
289.5
1185.0
1248.0
564.0
835.5
951.0
1143.0
1279.5
792.0
777.0
858.0
1018.5
639.0
1150.5
1260.0
1323.0
1620.0
1267.5
541.5
456.0
1362.0
1507.5
1087.5
532.5
1597.5
901.5
948.0
267.0
1522.5
423.0
451.5
1456.5
625.5
1507.5
451.5
723.0
1275.0
840.0
489.0
792.0
1363.5
1174.5
210.0
360.0
457.5
1650.0
1332.0
949.5
1542.0
564.0
234.0
1084.5
1617.0
1621.5
885.0
183.0
378.0
1107.0
1674.0
1674.0
1731.0
1467.0
1506.0
1660.5
286.5
337.5
1009.5
1341.0
997.5
1477.5
309.0
964.5
166.5
1710.0
711.0
486.0
682.5
1120.5
1629.0
1560.0
1173.0
781.5
1078.5
225.0
636.0
1566.0
363.0
1135.5
1281.0
1224.0
1461.0
552.0
289.5
1534.5
1051.5
547.5
946.5
1519.5
1761.0
1432.5
517.5
193.5
1638.0
1474.5
181.5
421.5
1221.0
1456.5
1503.0
1026.0
883.5
1546.5
561.0
1710.0
1690.5
1089.0
1597.5
708.0
576.0
792.0
1437.0
520.5
1420.5
1333.5
1207.5
1077.0
1431.0
1186.5
177.0
1150.5
850.5
1477.5
985.5
727.5
1593.0
361.5
969.0
582.0
1294.5
1110.0
1533.0
1594.5
772.5
1134.0
447.0
1534.5
1075.5
271.5
909.0
1261.5
832.5
1176.0
991.5
1110.0
1534.5
1069.5
945.0
1500.0
1096.5
315.0
384.0
562.5
880.5
1590.0
1042.5
1180.5
187.5
906.0
394.5
246.0
1189.5
403.5
1597.5
144.0
967.5
1438.5
523.5
1179.0
531.0
753.0
1623.0
387.0
960.0
1413.0
748.5
330.0
1068.0
673.5
1710.0
756.0
597.0
1212.0
988.5
1143.0
1050.0
1359.0
780.0
1233.0
465.0
1434.0
711.0
1081.5
1314.0
1180.5
448.5
564.0
615.0
1303.5
1081.5
1438.5
685.5
787.5
1540.5
1542.0
915.0
1089.0
918.0
1209.0
1230.0
769.5
1243.5
945.0
271.5
1552.5
609.0
975.0
1377.0
180.0
195.0
1249.5
1221.0
1396.5
187.5
1050.0
882.0
1495.5
916.5
1177.5
1345.5
738.0
385.5
832.5
649.5
865.5
955.5
1423.5
757.5
1231.5
1243.5
589.5
234.0
181.5
1527.0
1192.5
1441.5
672.0
1419.0
742.5
385.5
1638.0
421.5
109.5
1234.5
1404.0
697.5
1797.0
1638.0
916.5
1096.5
823.5
726.0
1123.5
1140.0
682.5
1287.0
591.0
799.5
1354.5
586.5
634.5
679.5
1513.5
678.0
1261.5
772.5
327.0
1656.0
1263.0
331.5
1326.0
330.0
321.0
522.0
762.0
793.5
618.0
484.5
1404.0
817.5
469.5
1236.0
471.0
1816.5
1203.0
403.5
652.5
1083.0
382.5
67.5
447.0
1654.5
940.5
1209.0
441.0
1411.5
1293.0
1599.0
517.5
1348.5
1404.0
670.5
663.0
774.0
1291.5
1690.5
1347.0
244.5
658.5
1368.0
342.0
724.5
1257.0
1662.0
340.5
982.5
1524.0
1207.5
1453.5
1165.5
507.0
1282.5
760.5
954.0
502.5
178.5
1470.0
1033.5
690.0
1369.5
547.5
312.0
1305.0
1560.0
1438.5
772.5
1291.5
1186.5
1596.0
771.0
1212.0
504.0
1792.5
879.0
1335.0
249.0
1353.0
502.5
432.0
291.0
828.0
963.0
151.5
960.0
1213.5
882.0
1470.0
1087.5
870.0
451.5
1194.0
744.0
654.0
615.0
285.0
1152.0
1462.5
1231.5
1648.5
499.5
1582.5
396.0
1597.5
919.5
1768.5
324.0
565.5
1486.5
544.5
844.5
990.0
681.0
196.5
784.5
373.5
811.5
991.5
1404.0
471.0
1129.5
1563.0
1261.5
1479.0
1404.0
537.0
528.0
393.0
241.5
1308.0
1428.0
205.5
642.0
1339.5
940.5
1444.5
1209.0
802.5
456.0
1665.0
328.5
331.5
1443.0
792.0
1633.5
997.5
1818.0
535.5
1057.5
684.0
549.0
1657.5
1488.0
1510.5
1741.5
786.0
1125.0
174.0
1563.0
1441.5
685.5
1042.5
1558.5
271.5
1624.5
933.0
589.5
1086.0
1119.0
1176.0
963.0
1314.0
859.5
1917.0
1048.5
1690.5
1257.0
267.0
612.0
1440.0
640.5
1077.0
1140.0
1533.0
318.0
927.0
903.0
502.5
1156.5
574.5
886.5
1003.5
994.5
345.0
1011.0
1078.5
1062.0
408.0
144.0
918.0
1477.5
1261.5
717.0
538.5
426.0
478.5
147.0
1126.5
1330.5
648.0
456.0
447.0
1417.5
1362.0
1690.5
933.0
1524.0
171.0
1611.0
1572.0
793.5
1180.5
1281.0
933.0
1275.0
555.0
1345.5
1536.0
427.5
1254.0
343.5
732.0
709.5
1251.0
1488.0
12.0
1101.0
1038.0
111.0
1416.0
1135.5
105.0
1221.0
1471.5
547.5
1623.0
631.5
1597.5
1420.5
1161.0
348.0
1591.5
585.0
256.5
1821.0
1431.0
1252.5
870.0
1282.5
1129.5
315.0
1323.0
880.5
309.0
145.5
1519.5
1558.5
1140.0
1239.0
1201.5
552.0
489.0
96.0
921.0
1593.0
1042.5
1032.0
1614.0
919.5
1551.0
1309.5
1165.5
658.5
1098.0
771.0
1570.5
315.0
1447.5
379.5
60.0
646.5
756.0
624.0
945.0
721.5
1350.0
213.0
810.0
954.0
1602.0
694.5
1192.5
388.5
760.5
1620.0
1582.5
1326.0
1345.5
1536.0
1788.0
1341.0
756.0
309.0
1576.5
906.0
1177.5
1023.0
318.0
520.5
1228.5
385.5
1441.5
1297.5
1525.5
1428.0
411.0
1165.5
750.0
822.0
661.5
942.0
1576.5
1057.5
828.0
1725.0
889.5
1345.5
1492.5
729.0
583.5
213.0
651.0
898.5
895.5
178.5
939.0
1549.5
1609.5
1654.5
985.5
838.5
1105.5
1431.0
163.5
729.0
892.5
375.0
835.5
631.5
354.0
1593.0
321.0
1228.5
910.5
1326.0
90.0
936.0
1147.5
1260.0
1648.5
1036.5
1123.5
1242.0
753.0
487.5
1629.0
1395.0
1132.5
1665.0
1212.0
1591.5
1042.5
1365.0
1402.5
1264.5
1563.0
1077.0
826.5
381.0
1348.5
1111.5
495.0
196.5
1378.5
871.5
1510.5
1621.5
448.5
741.0
1542.0
1620.0
1363.5
1440.0
1311.0
1731.0
508.5
1434.0
1005.0
1068.0
57.0
681.0
288.0
1285.5
742.5
217.5
1359.0
1300.5
1093.5
1338.0
1483.5
1677.0
1410.0
1452.0
499.5
210.0
519.0
1161.0
970.5
636.0
381.0
804.0
1315.5
1570.5
810.0
907.5
1660.5
976.5
1629.0
282.0
825.0
1422.0
181.5
391.5
732.0
1552.5
520.5
169.5
1495.5
1474.5
336.0
928.5
915.0
777.0
445.5
1651.5
252.0
1570.5
802.5
1336.5
993.0
934.5
1294.5
96.0
930.0
771.0
648.0
1258.5
394.5
1416.0
874.5
1846.5
255.0
621.0
1251.0
1075.5
90.0
1020.0
502.5
1105.5
1422.0
1461.0
1087.5
129.0
1579.5
1147.5
963.0
333.0
1030.5
525.0
1710.0
678.0
1645.5
1138.5
1647.0
504.0
778.5
1711.5
570.0
1603.5
1333.5
1525.5
322.5
82.5
354.0
369.0
1410.0
1419.0
369.0
639.0
1482.0
334.5
534.0
409.5
1572.0
1173.0
813.0
573.0
78.0
1651.5
1743.0
925.5
550.5
1507.5
1396.5
535.5
945.0
973.5
1054.5
484.5
258.0
840.0
1324.5
828.0
1039.5
1404.0
427.5
610.5
1566.0
826.5
1540.5
1468.5
1152.0
1296.0
765.0
990.0
1428.0
960.0
390.0
1248.0
1509.0
972.0
685.5
909.0
1072.5
1515.0
283.5
993.0
72.0
1209.0
859.5
372.0
1035.0
517.5
1017.0
1522.5
267.0
967.5
1696.5
1278.0
684.0
355.5
1191.0
1588.5
1234.5
444.0
124.5
759.0
907.5
867.0
430.5
1446.0
459.0
1281.0
1089.0
1470.0
505.5
1260.0
1201.5
757.5
375.0
519.0
546.0
1008.0
1216.5
1341.0
855.0
679.5
1633.5
981.0
777.0
1578.0
1341.0
868.5
820.5
1495.5
1005.0
970.5
594.0
1333.5
1500.0
1236.0
309.0
1474.5
1426.5
1159.5
1401.0
1360.5
1228.5
237.0
1401.0
381.0
1650.0
1645.5
1404.0
1258.5
1572.0
778.5
756.0
1525.5
1161.0
648.0
906.0
1261.5
897.0
1504.5
1680.0
1014.0
304.5
1180.5
1492.5
1429.5
1350.0
912.0
1179.0
370.5
366.0
534.0
1585.5
480.0
903.0
357.0
556.5
114.0
1090.5
1432.5
1294.5
1468.5
397.5
1398.0
643.5
1365.0
1420.5
1342.5
1107.0
1816.5
381.0
1560.0
1306.5
1137.0
522.0
1137.0
1089.0
1402.5
555.0
1519.5
616.5
1738.5
1815.0
1041.0
618.0
1417.5
1276.5
1371.0
1386.0
1260.0
255.0
1374.0
1311.0
1470.0
390.0
1264.5
801.0
765.0
36.0
1477.5
1051.5
1549.5
588.0
1651.5
897.0
1534.5
1413.0
1344.0
1368.0
544.5
909.0
444.0
403.5
499.5
1681.5
1434.0
1396.5
390.0
297.0
1356.0
1237.5
930.0
1114.5
919.5
1164.0
397.5
1129.5
1378.5
918.0
1033.5
1267.5
1017.0
1438.5
870.0
1252.5
1261.5
1020.0
804.0
823.5
606.0
1515.0
1429.5
583.5
1165.5
589.5
780.0
162.0
652.5
636.0
402.0
208.5
505.5
930.0
258.0
607.5
211.5
457.5
1072.5
358.5
802.5
384.0
1086.0
151.5
231.0
754.5
843.0
655.5
1338.0
1473.0
402.0
540.0
853.5
1236.0
1191.0
1423.5
172.5
1167.0
352.5
1317.0
1072.5
484.5
510.0
1188.0
508.5
1252.5
276.0
1390.5
1260.0
1120.5
1452.0
735.0
813.0
339.0
1150.5
1294.5
915.0
1183.5
361.5
189.0
1506.0
790.5
619.5
1552.5
216.0
1428.0
514.5
1296.0
1084.5
714.0
741.0
1311.0
1564.5
633.0
1255.5
525.0
1320.0
1312.5
1236.0
843.0
1503.0
1153.5
1420.5
492.0
1126.5
967.5
694.5
1489.5
1327.5
511.5
903.0
1251.0
639.0
1477.5
1045.5
1405.5
1333.5
1302.0
1584.0
1105.5
913.5
768.0
1228.5
1146.0
1101.0
975.0
1746.0
903.0
1326.0
1165.5
679.5
1183.5
546.0
610.5
1686.0
429.0
1435.5
505.5
943.5
1432.5
507.0
253.5
1104.0
1494.0
1180.5
709.5
844.5
1300.5
853.5
1425.0
591.0
801.0
1269.0
291.0
1258.5
288.0
703.5
433.5
544.5
295.5
379.5
976.5
1495.5
856.5
1515.0
1333.5
355.5
1189.5
531.0
963.0
1447.5
691.5
936.0
298.5
430.5
372.0
1446.0
1101.0
1216.5
1519.5
517.5
427.5
1078.5
1698.0
1573.5
1785.0
450.0
1267.5
1072.5
525.0
1530.0
310.5
628.5
724.5
1404.0
1464.0
630.0
748.5
345.0
1359.0
396.0
1386.0
1303.5
1059.0
912.0
1572.0
1477.5
940.5
1669.5
825.0
837.0
544.5
1222.5
1030.5
24.0
622.5
1011.0
760.5
535.5
1053.0
531.0
904.5
339.0
714.0
865.5
757.5
366.0
1180.5
1009.5
1488.0
1293.0
589.5
1230.0
753.0
1279.5
1573.5
550.5
1293.0
1035.0
754.5
255.0
270.0
559.5
1255.5
1116.0
622.5
918.0
1303.5
1198.5
661.5
1116.0
1525.5
792.0
1654.5
1306.5
1675.5
1209.0
345.0
498.0
1026.0
1602.0
1563.0
1228.5
1662.0
837.0
1776.0
1575.0
1026.0
1501.5
349.5
642.0
867.0
1237.5
547.5
1309.5
1245.0
873.0
1185.0
1039.5
355.5
1035.0
1014.0
1402.5
237.0
594.0
211.5
1519.5
1039.5
1035.0
502.5
1575.0
376.5
1714.5
1036.5
984.0
828.0
447.0
583.5
294.0
177.0
1381.5
306.0
1429.5
753.0
1323.0
1063.5
1452.0
1273.5
843.0
456.0
1677.0
1122.0
1618.5
1465.5
1426.5
1611.0
582.0
1645.5
100.5
1201.5
315.0
643.5
1254.0
211.5
1167.0
375.0
1680.0
1045.5
814.5
532.5
1470.0
156.0
1113.0
505.5
435.0
280.5
1225.5
1095.0
1392.0
1051.5
1008.0
1411.5
883.5
498.0
1261.5
1182.0
945.0
1662.0
739.5
1329.0
1683.0
1675.5
556.5
603.0
1176.0
607.5
456.0
630.0
1471.5
319.5
579.0
1374.0
1660.5
984.0
1461.0
202.5
921.0
1213.5
1462.5
388.5
1305.0
1311.0
109.5
1050.0
487.5
1129.5
259.5
1362.0
681.0
1584.0
735.0
949.5
1329.0
1581.0
1345.5
1371.0
733.5
711.0
721.5
1189.5
1285.5
250.5
558.0
1276.5
1279.5
1306.5
616.5
1246.5
1674.0
132.0
1405.5
267.0
1240.5
435.0
1489.5
1632.0
877.5
1675.5
808.5
78.0
508.5
1080.0
501.0
1398.0
117.0
1276.5
1335.0
1477.5
1029.0
1197.0
1059.0
1605.0
1540.5
1641.0
630.0
325.5
690.0
1309.5
1548.0
1176.0
871.5
1228.5
1518.0
1069.5
531.0
1116.0
606.0
1081.5
1149.0
1440.0
610.5
1567.5
1477.5
597.0
835.5
1548.0
1626.0
1413.0
232.5
1402.5
1326.0
1356.0
1317.0
885.0
1648.5
697.5
208.5
1206.0
538.5
223.5
1711.5
121.5
1582.5
1644.0
1257.0
907.5
1383.0
1291.5
1365.0
1356.0
1266.0
1398.0
795.0
286.5
1773.0
426.0
1005.0
1648.5
820.5
1395.0
1435.5
496.5
477.0
1359.0
1773.0
933.0
451.5
382.5
882.0
1380.0
1608.0
1087.5
1258.5
1302.0
1663.5
1060.5
1468.5
724.5
465.0
810.0
1075.5
1182.0
855.0
936.0
1770.0
1210.5
508.5
1410.0
207.0
1527.0
496.5
1360.5
1435.5
1276.5
1591.5
1635.0
1446.0
1126.5
495.0
760.5
1101.0
1336.5
1356.0
930.0
895.5
1266.0
1515.0
1507.5
1078.5
1359.0
282.0
1531.5
1180.5
1147.5
1443.0
1017.0
1660.5
1080.0
396.0
1222.5
1087.5
1162.5
1743.0
999.0
1222.5
1098.0
934.5
609.0
415.5
1695.0
1041.0
534.0
1536.0
1566.0
1074.0
631.5
661.5
1201.5
1327.5
1128.0
907.5
1479.0
313.5
1252.5
682.5
780.0
1408.5
250.5
75.0
1210.5
1510.5
1333.5
736.5
304.5
324.0
1572.0
1579.5
1779.0
1173.0
1006.5
327.0
351.0
1606.5
1591.5
1102.5
1296.0
1582.5
1441.5
322.5
610.5
394.5
1615.5
1312.5
909.0
85.5
1558.5
796.5
444.0
1498.5
144.0
1320.0
348.0
331.5
301.5
627.0
1021.5
1291.5
1455.0
1446.0
1273.5
508.5
1456.5
1144.5
396.0
585.0
1344.0
516.0
691.5
918.0
1342.5
706.5
306.0
1110.0
144.0
1354.5
1072.5
1339.5
535.5
1101.0
1302.0
685.5
1620.0
1053.0
1062.0
1371.0
295.5
81.0
1740.0
1161.0
1654.5
963.0
1638.0
1873.5
1201.5
1554.0
1441.5
1492.5
958.5
955.5
720.0
1422.0
178.5
579.0
1428.0
1504.5
643.5
399.0
1278.0
675.0
408.0
1801.5
1551.0
1264.5
1210.5
1195.5
1312.5
1164.0
1519.5
1645.5
396.0
1248.0
760.5
1507.5
334.5
1386.0
1518.0
1576.5
1522.5
91.5
1408.5
1726.5
1278.0
1126.5
877.5
1032.0
1429.5
763.5
1392.0
1678.5
1231.5
1078.5
1309.5
517.5
1584.0
1459.5
960.0
1303.5
1480.5
1420.5
847.5
970.5
837.0
1171.5
606.0
550.5
1240.5
246.0
1588.5
1387.5
577.5
1741.5
750.0
916.5
1159.5
1678.5
987.0
1228.5
603.0
1434.0
313.5
945.0
493.5
985.5
484.5
987.0
951.0
1080.0
1548.0
1612.5
637.5
543.0
1504.5
402.0
685.5
1503.0
1659.0
652.5
111.0
541.5
1753.5
627.0
937.5
1497.0
610.5
613.5
1723.5
1662.0
661.5
1351.5
928.5
598.5
1467.0
1581.0
1575.0
846.0
337.5
1485.0
1062.0
1233.0
858.0
802.5
1636.5
292.5
1581.0
472.5
583.5
1053.0
1426.5
1462.5
1570.5
1654.5
1378.5
1506.0
943.5
1152.0
826.5
1569.0
1161.0
972.0
877.5
1080.0
1347.0
1372.5
1288.5
1543.5
1501.5
819.0
1564.5
1612.5
292.5
193.5
760.5
1480.5
1444.5
1236.0
748.5
1536.0
1516.5
1507.5
1249.5
1824.0
1798.5
1230.0
1636.5
406.5
1398.0
511.5
720.0
175.5
1101.0
366.0
859.5
1701.0
664.5
148.5
945.0
1437.0
424.5
603.0
1498.5
1329.0
216.0
234.0
225.0
255.0
1455.0
718.5
870.0
766.5
1468.5
115.5
324.0
715.5
415.5
1113.0
1477.5
903.0
673.5
1659.0
1627.5
399.0
477.0
579.0
1513.5
1452.0
951.0
1522.5
1302.0
1671.0
1228.5
1399.5
1044.0
1027.5
1204.5
636.0
1369.5
1356.0
1036.5
67.5
1342.5
1591.5
1548.0
1453.5
1575.0
544.5
801.0
1552.5
283.5
1636.5
1413.0
643.5
1221.0
1209.0
1437.0
343.5
1509.0
453.0
153.0
1599.0
1168.5
666.0
1660.5
1198.5
1269.0
1410.0
613.5
552.0
1377.0
1287.0
826.5
481.5
1254.0
1333.5
1557.0
961.5
1236.0
684.0
456.0
349.5
334.5
1693.5
337.5
1786.5
1689.0
1354.5
825.0
970.5
1240.5
1228.5
435.0
309.0
759.0
915.0
384.0
994.5
304.5
817.5
1126.5
1269.0
145.5
1662.0
867.0
1228.5
723.0
1266.0
741.0
261.0
937.5
1315.5
850.5
1152.0
1477.5
1063.5
1477.5
690.0
1386.0
1521.0
442.5
816.0
1440.0
1857.0
1686.0
1623.0
103.5
1053.0
1291.5
444.0
1039.5
892.5
1000.5
138.0
706.5
1072.5
211.5
1584.0
1503.0
1651.5
1153.5
1665.0
1422.0
1281.0
286.5
1272.0
1645.5
1143.0
1189.5
1050.0
1354.5
160.5
1288.5
453.0
1531.5
867.0
667.5
1368.0
495.0
699.0
1137.0
300.0
873.0
1431.0
414.0
681.0
1282.5
1209.0
1099.5
1131.0
1135.5
1365.0
1051.5
955.5
798.0
1345.5
1075.5
481.5
679.5
1159.5
913.5
895.5
1077.0
1630.5
1272.0
918.0
1393.5
1656.0
1390.5
1720.5
1026.0
1254.0
322.5
1402.5
909.0
612.0
1666.5
1662.0
1740.0
1666.5
1144.5
1045.5
612.0
670.5
201.0
1599.0
1078.5
1396.5
681.0
1209.0
1408.5
907.5
562.5
1569.0
1395.0
366.0
868.5
874.5
894.0
1290.0
1474.5
1675.5
747.0
1615.5
1575.0
624.0
534.0
1252.5
363.0
1050.0
1164.0
1177.5
880.5
1429.5
981.0
1629.0
978.0
636.0
1339.5
1338.0
1383.0
1065.0
1398.0
1354.5
1342.5
736.5
565.5
1429.5
1386.0
1300.5
267.0
1590.0
1605.0
669.0
1132.5
375.0
1471.5
642.0
1170.0
610.5
1585.5
258.0
1497.0
1264.5
1291.5
741.0
669.0
1098.0
1617.0
1743.0
1123.5
1635.0
547.5
178.5
1749.0
1122.0
1686.0
829.5
1315.5
1666.5
504.0
126.0
1498.5
1678.5
495.0
1486.5
1527.0
1374.0
1425.0
1567.5
1185.0
337.5
273.0
702.0
648.0
1089.0
1047.0
1584.0
1231.5
1756.5
1059.0
867.0
888.0
531.0
1006.5
1084.5
1333.5
1687.5
546.0
544.5
417.0
1483.5
1578.0
1710.0
268.5
1471.5
1525.5
750.0
1308.0
1461.0
1458.0
1111.5
1498.5
94.5
1537.5
895.5
306.0
1327.5
996.0
274.5
604.5
309.0
715.5
192.0
1218.0
339.0
903.0
1281.0
1219.5
811.5
1803.0
925.5
25.5
1764.0
556.5
264.0
853.5
1260.0
1540.5
1162.5
927.0
985.5
1159.5
1296.0
1053.0
1500.0
1140.0
76.5
1209.0
1282.5
1215.0
1332.0
1012.5
1368.0
1624.5
1354.5
340.5
1231.5
535.5
1096.5
1059.0
112.5
705.0
1600.5
963.0
1000.5
1096.5
399.0
943.5
901.5
1119.0
408.0
349.5
1191.0
841.5
1059.0
1108.5
1431.0
306.0
1311.0
1282.5
1260.0
738.0
1290.0
1606.5
1189.5
322.5
1398.0
822.0
918.0
529.5
1503.0
420.0
673.5
552.0
1140.0
1302.0
1672.5
598.5
657.0
421.5
1176.0
1311.0
1426.5
1536.0
1642.5
1267.5
1759.5
1471.5
1807.5
1096.5
1227.0
558.0
1120.5
1615.5
778.5
226.5
153.0
480.0
876.0
1108.5
1581.0
435.0
715.5
1662.0
286.5
727.5
1486.5
960.0
1623.0
556.5
1426.5
1275.0
169.5
937.5
1012.5
669.0
606.0
229.5
1399.5
1317.0
1596.0
1051.5
1458.0
1000.5
1410.0
253.5
1222.5
768.0
553.5
1345.5
306.0
633.0
1764.0
418.5
358.5
1059.0
358.5
1302.0
51.0
745.5
1293.0
1477.5
1282.5
667.5
1395.0
1222.5
454.5
978.0
430.5
1362.0
1377.0
561.0
598.5
858.0
1669.5
793.5
1167.0
1255.5
282.0
1177.5
1282.5
1638.0
925.5
646.5
414.0
1132.5
409.5
1366.5
1510.5
1021.5
490.5
765.0
957.0
520.5
1387.5
853.5
1021.5
1575.0
789.0
571.5
1057.5
793.5
886.5
799.5
759.0
385.5
1561.5
1320.0
1452.0
387.0
196.5
184.5
1338.0
1608.0
1461.0
1356.0
315.0
786.0
1341.0
1419.0
510.0
756.0
525.0
1492.5
732.0
207.0
447.0
423.0
1671.0
889.5
360.0
1803.0
1129.5
970.5
865.5
1642.5
1743.0
931.5
573.0
1230.0
141.0
453.0
552.0
762.0
610.5
999.0
1291.5
637.5
1177.5
1549.5
1276.5
1723.5
391.5
1251.0
504.0
1108.5
1608.0
1401.0
1671.0
270.0
378.0
1182.0
534.0
646.5
1221.0
1626.0
1324.5
603.0
1557.0
819.0
318.0
1045.5
1344.0
816.0
591.0
426.0
1351.5
1624.5
627.0
1098.0
1696.5
1569.0
1246.5
1303.5
685.5
741.0
1671.0
403.5
552.0
1216.5
910.5
1269.0
876.0
1576.5
354.0
1324.5
1317.0
766.5
1639.5
1546.5
1150.5
1408.5
1165.5
1350.0
99.0
1630.5
1606.5
894.0
1576.5
1500.0
1600.5
408.0
1561.5
1453.5
1402.5
1039.5
913.5
1615.5
882.0
483.0
166.5
199.5
1464.0
1293.0
732.0
1617.0
874.5
1413.0
1228.5
603.0
1684.5
1117.5
399.0
1344.0
664.5
1911.0
1314.0
1128.0
669.0
1351.5
1305.0
1735.5
531.0
738.0
1048.5
903.0
607.5
1722.0
1594.5
349.5
792.0
1416.0
103.5
1330.5
177.0
1623.0
570.0
681.0
1738.5
960.0
1194.0
1153.5
577.5
619.5
741.0
1329.0
532.5
706.5
1536.0
597.0
1069.5
1122.0
372.0
873.0
373.5
448.5
1246.5
1257.0
1668.0
1143.0
922.5
685.5
667.5
1465.5
1536.0
334.5
1042.5
1137.0
1296.0
640.5
871.5
801.0
339.0
1692.0
1710.0
1314.0
1327.5
991.5
1461.0
1188.0
465.0
229.5
235.5
312.0
714.0
1054.5
1519.5
55.5
1380.0
1498.5
1161.0
1702.5
957.0
1435.5
753.0
1204.5
1612.5
1683.0
1302.0
1446.0
1641.0
732.0
1002.0
1345.5
678.0
850.5
1375.5
1401.0
1375.5
1645.5
1536.0
864.0
693.0
1492.5
292.5
957.0
1165.5
1534.5
1693.5
1614.0
1243.5
1363.5
853.5
1218.0
972.0
1245.0
333.0
1182.0
781.5
1455.0
1287.0
1446.0
1410.0
1423.5
1632.0
1257.0
1443.0
1648.5
1464.0
1414.5
823.5
807.0
1353.0
1231.5
171.0
580.5
222.0
1468.5
1216.5
817.5
411.0
942.0
1407.0
919.5
1135.5
1344.0
904.5
1000.5
454.5
394.5
1009.5
457.5
913.5
675.0
291.0
841.5
399.0
1579.5
709.5
751.5
1477.5
382.5
367.5
894.0
1110.0
1710.0
477.0
1537.5
1431.0
1618.5
1590.0
813.0
1177.5
774.0
525.0
1878.0
867.0
538.5
399.0
1198.5
1090.5
1120.5
1009.5
1089.0
1359.0
309.0
366.0
997.5
1702.5
1558.5
234.0
1728.0
930.0
330.0
1524.0
316.5
318.0
1368.0
553.5
1705.5
1426.5
1069.5
1764.0
1627.5
1381.5
1371.0
1242.0
558.0
613.5
1065.0
1396.5
765.0
846.0
1311.0
1648.5
313.5
703.5
414.0
1605.0
1276.5
342.0
1201.5
1317.0
1299.0
1326.0
526.5
583.5
1207.5
1783.5
1222.5
990.0
1249.5
1438.5
768.0
1020.0
778.5
318.0
1057.5
997.5
430.5
1174.5
1240.5
1563.0
805.5
309.0
1771.5
564.0
1750.5
1632.0
849.0
1624.5
810.0
864.0
1399.5
1833.0
1503.0
1470.0
1296.0
426.0
1560.0
1047.0
1569.0
610.5
1201.5
1303.5
846.0
1009.5
796.5
730.5
1741.5
966.0
1236.0
568.5
627.0
1339.5
669.0
783.0
1654.5
1452.0
1593.0
862.5
1783.5
1407.0
1377.0
1083.0
1443.0
1204.5
1548.0
378.0
1338.0
646.5
1423.5
276.0
190.5
1129.5
1015.5
552.0
399.0
405.0
1303.5
1245.0
684.0
309.0
268.5
1755.0
372.0
837.0
1000.5
1732.5
460.5
1197.0
1177.5
1086.0
649.5
1332.0
927.0
1269.0
702.0
1725.0
220.5
267.0
1152.0
1524.0
1467.0
1044.0
955.5
1495.5
588.0
1681.5
1596.0
553.5
1365.0
520.5
462.0
825.0
1081.5
564.0
769.5
1395.0
823.5
949.5
1792.5
337.5
66.0
1320.0
1317.0
1446.0
1242.0
838.5
760.5
295.5
1089.0
1692.0
790.5
904.5
1209.0
1216.5
1005.0
1560.0
673.5
82.5
399.0
420.0
219.0
1666.5
1572.0
1374.0
873.0
1005.0
406.5
1567.5
1507.5
1750.5
1150.5
936.0
1137.0
1701.0
1272.0
1020.0
1572.0
1323.0
880.5
1084.5
366.0
1102.5
802.5
1524.0
1675.5
255.0
1582.5
1113.0
1143.0
535.5
1242.0
1311.0
252.0
1312.5
1036.5
568.5
930.0
594.0
964.5
165.0
1441.5
672.0
1380.0
1401.0
1702.5
1468.5
645.0
487.5
229.5
1012.5
1444.5
1222.5
1155.0
741.0
1680.0
1453.5
894.0
315.0
1486.5
1392.0
315.0
847.5
1276.5
591.0
922.5
192.0
1477.5
1030.5
1527.0
817.5
1615.5
1725.0
1105.5
1515.0
966.0
448.5
175.5
1068.0
1825.5
505.5
169.5
1606.5
973.5
303.0
316.5
219.0
1581.0
1828.5
987.0
417.0
985.5
1218.0
339.0
1287.0
1327.5
702.0
1744.5
838.5
1330.5
280.5
433.5
1114.5
1467.0
1816.5
1359.0
1351.5
861.0
700.5
1740.0
1426.5
910.5
673.5
1297.5
129.0
559.5
348.0
1137.0
1785.0
937.5
1117.5
1039.5
571.5
1356.0
543.0
922.5
1279.5
1518.0
208.5
1374.0
360.0
213.0
631.5
1302.0
687.0
381.0
672.0
348.0
1614.0
456.0
1104.0
1401.0
1485.0
934.5
1525.5
1567.5
1324.5
352.5
1380.0
1596.0
483.0
841.5
840.0
1473.0
1624.5
1189.5
618.0
1005.0
853.5
1407.0
1174.5
546.0
375.0
166.5
1146.0
286.5
700.5
733.5
1002.0
174.0
595.5
1152.0
1389.0
1701.0
1182.0
426.0
964.5
426.0
472.5
1060.5
327.0
513.0
457.5
1704.0
1099.5
477.0
1128.0
1878.0
1701.0
1353.0
1384.5
1252.5
928.5
337.5
1240.5
1204.5
1270.5
1672.5
1134.0
280.5
1024.5
742.5
1189.5
664.5
393.0
943.5
1161.0
1584.0
1122.0
211.5
1690.5
1377.0
435.0
1150.5
382.5
1119.0
835.5
324.0
1423.5
966.0
282.0
1063.5
1315.5
1234.5
142.5
1071.0
1228.5
373.5
816.0
639.0
1641.0
1215.0
556.5
627.0
565.5
1515.0
315.0
1431.0
1080.0
1423.5
1857.0
1552.5
1599.0
1354.5
1129.5
297.0
1572.0
681.0
1102.5
261.0
1278.0
1561.5
1548.0
214.5
352.5
1561.5
1398.0
435.0
204.0
1543.5
396.0
1291.5
148.5
1347.0
1264.5
463.5
793.5
1699.5
907.5
1507.5
570.0
376.5
1219.5
1095.0
1864.5
442.5
1861.5
415.5
744.0
1278.0
292.5
1275.0
387.0
882.0
1482.0
681.0
1126.5
1075.5
336.0
1633.5
286.5
1207.5
1825.5
714.0
1333.5
1173.0
1216.5
463.5
1029.0
1345.5
1815.0
1732.5
888.0
1567.5
486.0
1302.0
1053.0
1215.0
246.0
1230.0
717.0
1209.0
520.5
1015.5
1323.0
285.0
1542.0
420.0
1086.0
372.0
208.5
1641.0
1546.5
736.5
1779.0
1159.5
552.0
1516.5
1746.0
1639.5
900.0
1008.0
534.0
1309.5
