46.5
76.5
94.5
52.5
118.5
33.0
33.0
109.5
88.5
46.5
36.0
36.0
61.5
78.0
39.0
24.0
121.5
94.5
180.0
225.0
90.0
34.5
51.0
91.5
28.5
163.5
57.0
21.0
31.5
22.5
60.0
28.5
75.0
85.5
177.0
78.0
85.5
60.0
64.5
54.0
22.5
64.5
36.0
82.5
147.0
54.0
60.0
18.0
102.0
24.0
36.0
69.0
63.0
10.5
52.5
39.0
36.0
106.5
54.0
105.0
106.5
58.5
126.0
99.0
106.5
85.5
31.5
82.5
112.5
69.0
106.5
94.5
78.0
27.0
52.5
30.0
186.0
153.0
36.0
84.0
19.5
60.0
58.5
51.0
24.0
70.5
27.0
124.5
112.5
100.5
67.5
49.5
51.0
69.0
54.0
16.5
72.0
102.0
81.0
91.5
99.0
55.5
16.5
87.0
183.0
58.5
25.5
58.5
111.0
105.0
147.0
27.0
178.5
37.5
66.0
60.0
55.5
108.0
16.5
75.0
48.0
63.0
82.5
147.0
141.0
112.5
168.0
138.0
72.0
55.5
105.0
37.5
40.5
39.0
43.5
210.0
171.0
43.5
45.0
67.5
49.5
42.0
120.0
124.5
46.5
103.5
55.5
81.0
24.0
126.0
138.0
61.5
31.5
45.0
7.5
54.0
133.5
99.0
118.5
28.5
57.0
39.0
91.5
22.5
67.5
19.5
64.5
33.0
37.5
114.0
94.5
94.5
43.5
66.0
45.0
85.5
67.5
79.5
96.0
81.0
24.0
45.0
64.5
72.0
46.5
70.5
78.0
129.0
70.5
34.5
81.0
37.5
112.5
12.0
85.5
109.5
27.0
60.0
165.0
93.0
117.0
30.0
49.5
73.5
85.5
127.5
70.5
55.5
13.5
112.5
79.5
37.5
87.0
31.5
79.5
142.5
66.0
72.0
52.5
31.5
55.5
49.5
63.0
30.0
40.5
69.0
171.0
34.5
81.0
129.0
82.5
30.0
96.0
84.0
58.5
207.0
102.0
69.0
115.5
9.0
30.0
10.5
40.5
94.5
78.0
16.5
40.5
55.5
18.0
39.0
51.0
132.0
37.5
66.0
16.5
48.0
30.0
54.0
64.5
22.5
37.5
91.5
103.5
75.0
79.5
84.0
33.0
39.0
76.5
64.5
31.5
58.5
54.0
48.0
76.5
66.0
123.0
100.5
112.5
64.5
25.5
87.0
156.0
39.0
43.5
72.0
60.0
54.0
46.5
84.0
39.0
136.5
57.0
60.0
78.0
66.0
33.0
76.5
76.5
103.5
7.5
100.5
72.0
51.0
42.0
78.0
136.5
58.5
94.5
7.5
54.0
115.5
27.0
105.0
76.5
45.0
58.5
12.0
21.0
187.5
78.0
81.0
45.0
90.0
126.0
60.0
60.0
136.5
39.0
12.0
88.5
51.0
279.0
19.5
91.5
112.5
15.0
108.0
70.5
33.0
30.0
78.0
51.0
49.5
12.0
22.5
75.0
33.0
85.5
67.5
151.5
156.0
57.0
117.0
7.5
126.0
64.5
25.5
111.0
138.0
28.5
69.0
42.0
34.5
51.0
31.5
57.0
133.5
49.5
45.0
13.5
73.5
99.0
40.5
73.5
52.5
39.0
60.0
30.0
36.0
124.5
33.0
21.0
51.0
66.0
52.5
150.0
73.5
78.0
51.0
99.0
126.0
48.0
30.0
70.5
40.5
28.5
154.5
54.0
73.5
133.5
210.0
30.0
40.5
133.5
48.0
63.0
72.0
118.5
73.5
43.5
60.0
49.5
129.0
82.5
138.0
82.5
139.5
13.5
37.5
166.5
105.0
37.5
171.0
163.5
10.5
54.0
69.0
102.0
30.0
70.5
69.0
42.0
12.0
31.5
85.5
57.0
66.0
82.5
34.5
42.0
112.5
102.0
34.5
69.0
85.5
46.5
67.5
52.5
189.0
54.0
33.0
63.0
40.5
145.5
135.0
108.0
39.0
55.5
99.0
60.0
45.0
132.0
34.5
118.5
75.0
78.0
96.0
75.0
132.0
162.0
75.0
207.0
69.0
69.0
87.0
58.5
34.5
79.5
57.0
84.0
72.0
24.0
22.5
54.0
69.0
75.0
63.0
79.5
19.5
33.0
69.0
109.5
72.0
100.5
60.0
84.0
51.0
66.0
39.0
82.5
135.0
97.5
69.0
6.0
25.5
40.5
40.5
84.0
34.5
97.5
67.5
60.0
70.5
81.0
135.0
60.0
27.0
31.5
196.5
10.5
99.0
55.5
27.0
25.5
33.0
100.5
120.0
93.0
111.0
111.0
123.0
79.5
33.0
70.5
39.0
88.5
42.0
31.5
73.5
160.5
55.5
55.5
132.0
90.0
72.0
106.5
121.5
64.5
79.5
150.0
34.5
25.5
64.5
28.5
81.0
100.5
73.5
93.0
105.0
45.0
120.0
58.5
136.5
34.5
42.0
126.0
39.0
19.5
13.5
100.5
166.5
99.0
105.0
37.5
91.5
84.0
42.0
121.5
91.5
63.0
40.5
85.5
18.0
156.0
112.5
18.0
87.0
69.0
30.0
51.0
70.5
82.5
145.5
24.0
91.5
37.5
118.5
61.5
69.0
12.0
46.5
129.0
96.0
60.0
25.5
37.5
90.0
94.5
88.5
88.5
46.5
49.5
33.0
85.5
64.5
99.0
33.0
192.0
33.0
108.0
30.0
18.0
31.5
51.0
12.0
91.5
88.5
75.0
88.5
45.0
54.0
67.5
25.5
120.0
76.5
19.5
145.5
15.0
30.0
93.0
6.0
1.5
60.0
156.0
16.5
42.0
180.0
72.0
52.5
49.5
45.0
153.0
105.0
13.5
175.5
85.5
24.0
31.5
132.0
147.0
171.0
133.5
154.5
58.5
75.0
72.0
105.0
66.0
133.5
54.0
46.5
16.5
120.0
49.5
46.5
78.0
76.5
84.0
61.5
33.0
64.5
48.0
102.0
55.5
36.0
151.5
73.5
66.0
100.5
61.5
87.0
42.0
75.0
99.0
46.5
55.5
82.5
28.5
129.0
48.0
40.5
70.5
51.0
87.0
57.0
43.5
52.5
115.5
85.5
96.0
82.5
13.5
34.5
78.0
54.0
63.0
51.0
10.5
54.0
67.5
57.0
58.5
60.0
58.5
136.5
6.0
49.5
111.0
88.5
63.0
21.0
91.5
60.0
67.5
72.0
36.0
93.0
94.5
93.0
18.0
114.0
36.0
121.5
33.0
57.0
76.5
145.5
138.0
117.0
97.5
121.5
21.0
36.0
45.0
138.0
39.0
78.0
39.0
142.5
132.0
97.5
72.0
21.0
25.5
124.5
66.0
72.0
84.0
60.0
136.5
60.0
96.0
49.5
63.0
108.0
90.0
73.5
60.0
82.5
96.0
63.0
76.5
93.0
58.5
49.5
124.5
88.5
64.5
58.5
30.0
133.5
18.0
24.0
105.0
22.5
111.0
54.0
102.0
109.5
27.0
76.5
51.0
67.5
58.5
43.5
61.5
84.0
123.0
91.5
75.0
37.5
39.0
70.5
27.0
165.0
90.0
39.0
21.0
51.0
64.5
147.0
141.0
55.5
24.0
112.5
28.5
51.0
4.5
87.0
84.0
34.5
31.5
106.5
42.0
15.0
79.5
103.5
84.0
73.5
157.5
117.0
40.5
73.5
109.5
39.0
52.5
82.5
106.5
103.5
51.0
16.5
117.0
48.0
123.0
96.0
76.5
37.5
147.0
109.5
120.0
10.5
102.0
43.5
124.5
40.5
69.0
21.0
78.0
118.5
109.5
78.0
159.0
42.0
67.5
72.0
88.5
94.5
84.0
25.5
36.0
117.0
135.0
96.0
51.0
67.5
12.0
157.5
115.5
51.0
21.0
40.5
52.5
34.5
57.0
100.5
96.0
73.5
49.5
36.0
24.0
60.0
66.0
63.0
52.5
145.5
7.5
22.5
15.0
67.5
39.0
109.5
46.5
39.0
45.0
106.5
132.0
25.5
58.5
9.0
67.5
33.0
79.5
51.0
27.0
61.5
63.0
22.5
15.0
90.0
64.5
28.5
70.5
85.5
15.0
49.5
139.5
73.5
33.0
69.0
54.0
37.5
88.5
37.5
51.0
55.5
195.0
39.0
90.0
99.0
46.5
13.5
162.0
46.5
15.0
55.5
61.5
151.5
157.5
39.0
52.5
25.5
84.0
127.5
135.0
57.0
37.5
30.0
33.0
40.5
82.5
90.0
49.5
40.5
178.5
48.0
97.5
108.0
24.0
84.0
48.0
178.5
15.0
115.5
40.5
57.0
148.5
76.5
73.5
69.0
181.5
24.0
30.0
37.5
72.0
132.0
78.0
49.5
64.5
103.5
139.5
87.0
22.5
67.5
141.0
129.0
79.5
118.5
102.0
187.5
94.5
106.5
73.5
33.0
111.0
64.5
84.0
66.0
93.0
40.5
57.0
42.0
63.0
121.5
93.0
85.5
117.0
120.0
103.5
49.5
49.5
31.5
163.5
42.0
82.5
97.5
115.5
87.0
109.5
16.5
60.0
16.5
181.5
73.5
93.0
96.0
4.5
16.5
78.0
141.0
172.5
42.0
100.5
37.5
112.5
60.0
57.0
90.0
105.0
36.0
34.5
22.5
79.5
48.0
105.0
33.0
157.5
66.0
76.5
18.0
114.0
33.0
19.5
31.5
43.5
7.5
42.0
12.0
165.0
12.0
66.0
88.5
39.0
114.0
13.5
25.5
85.5
91.5
40.5
48.0
49.5
103.5
45.0
39.0
67.5
19.5
100.5
39.0
126.0
12.0
108.0
40.5
72.0
91.5
75.0
150.0
22.5
13.5
75.0
46.5
118.5
33.0
54.0
31.5
13.5
55.5
94.5
49.5
78.0
84.0
48.0
46.5
136.5
96.0
19.5
61.5
75.0
55.5
81.0
85.5
49.5
37.5
87.0
129.0
49.5
163.5
67.5
175.5
70.5
61.5
6.0
69.0
31.5
18.0
55.5
76.5
129.0
72.0
21.0
55.5
106.5
85.5
103.5
40.5
10.5
12.0
103.5
63.0
48.0
43.5
75.0
67.5
184.5
124.5
39.0
103.5
58.5
19.5
94.5
79.5
34.5
135.0
30.0
18.0
27.0
43.5
37.5
90.0
27.0
81.0
159.0
94.5
46.5
103.5
30.0
93.0
7.5
13.5
57.0
99.0
85.5
114.0
34.5
28.5
93.0
72.0
58.5
30.0
79.5
82.5
90.0
60.0
63.0
157.5
48.0
19.5
66.0
33.0
87.0
84.0
66.0
145.5
139.5
9.0
4.5
70.5
60.0
58.5
24.0
22.5
75.0
30.0
18.0
141.0
10.5
43.5
60.0
106.5
84.0
106.5
87.0
82.5
97.5
39.0
132.0
19.5
93.0
61.5
168.0
151.5
39.0
31.5
63.0
78.0
19.5
40.5
30.0
58.5
39.0
33.0
99.0
138.0
70.5
154.5
49.5
19.5
31.5
54.0
61.5
105.0
129.0
54.0
9.0
172.5
97.5
103.5
156.0
106.5
96.0
67.5
103.5
64.5
90.0
46.5
63.0
75.0
85.5
76.5
45.0
52.5
102.0
67.5
30.0
76.5
124.5
60.0
27.0
111.0
75.0
30.0
97.5
129.0
64.5
48.0
82.5
132.0
22.5
73.5
25.5
25.5
100.5
40.5
43.5
130.5
91.5
93.0
27.0
30.0
58.5
21.0
180.0
75.0
85.5
42.0
123.0
127.5
4.5
205.5
250.5
109.5
57.0
51.0
52.5
9.0
21.0
76.5
97.5
111.0
52.5
51.0
102.0
144.0
96.0
48.0
121.5
43.5
97.5
151.5
90.0
76.5
27.0
105.0
36.0
117.0
97.5
114.0
78.0
63.0
9.0
85.5
108.0
88.5
52.5
52.5
94.5
175.5
96.0
111.0
54.0
90.0
48.0
81.0
37.5
52.5
100.5
7.5
120.0
46.5
57.0
70.5
76.5
24.0
88.5
84.0
79.5
27.0
175.5
103.5
51.0
10.5
12.0
22.5
165.0
22.5
145.5
64.5
75.0
88.5
85.5
73.5
18.0
55.5
163.5
31.5
31.5
114.0
103.5
33.0
132.0
67.5
78.0
82.5
39.0
46.5
82.5
103.5
94.5
106.5
45.0
76.5
73.5
45.0
37.5
64.5
24.0
85.5
138.0
37.5
93.0
39.0
111.0
25.5
93.0
79.5
61.5
78.0
121.5
49.5
91.5
72.0
22.5
90.0
66.0
75.0
112.5
196.5
123.0
133.5
21.0
58.5
49.5
63.0
63.0
60.0
30.0
40.5
54.0
156.0
142.5
79.5
66.0
37.5
75.0
159.0
102.0
39.0
124.5
94.5
43.5
97.5
13.5
7.5
94.5
63.0
159.0
84.0
42.0
69.0
27.0
27.0
66.0
63.0
52.5
16.5
108.0
183.0
43.5
109.5
58.5
99.0
118.5
87.0
124.5
132.0
141.0
118.5
63.0
127.5
33.0
43.5
60.0
133.5
192.0
64.5
63.0
78.0
93.0
135.0
88.5
45.0
33.0
129.0
151.5
78.0
57.0
55.5
37.5
57.0
46.5
49.5
42.0
25.5
40.5
19.5
13.5
127.5
127.5
39.0
105.0
54.0
82.5
88.5
46.5
72.0
169.5
303.0
120.0
24.0
69.0
126.0
46.5
115.5
123.0
87.0
58.5
64.5
133.5
51.0
72.0
43.5
31.5
51.0
24.0
115.5
144.0
60.0
60.0
63.0
76.5
60.0
127.5
15.0
76.5
144.0
49.5
22.5
16.5
100.5
115.5
109.5
157.5
133.5
81.0
121.5
72.0
39.0
58.5
114.0
49.5
73.5
94.5
114.0
61.5
105.0
130.5
118.5
61.5
34.5
34.5
136.5
25.5
82.5
88.5
24.0
75.0
126.0
129.0
51.0
58.5
54.0
48.0
75.0
43.5
51.0
43.5
81.0
70.5
39.0
72.0
16.5
10.5
18.0
33.0
156.0
57.0
142.5
60.0
76.5
9.0
102.0
106.5
69.0
96.0
13.5
49.5
15.0
96.0
27.0
76.5
63.0
54.0
49.5
58.5
27.0
118.5
64.5
100.5
99.0
216.0
33.0
121.5
64.5
57.0
33.0
18.0
46.5
106.5
19.5
42.0
48.0
148.5
85.5
183.0
121.5
21.0
57.0
145.5
66.0
57.0
64.5
70.5
132.0
70.5
24.0
46.5
130.5
42.0
36.0
115.5
126.0
36.0
22.5
61.5
165.0
30.0
42.0
117.0
84.0
42.0
79.5
94.5
70.5
43.5
105.0
79.5
64.5
79.5
183.0
15.0
84.0
102.0
75.0
39.0
150.0
84.0
114.0
112.5
45.0
72.0
69.0
81.0
145.5
117.0
126.0
60.0
19.5
70.5
94.5
70.5
82.5
90.0
114.0
33.0
42.0
114.0
36.0
156.0
97.5
46.5
43.5
96.0
42.0
61.5
99.0
45.0
78.0
12.0
33.0
54.0
96.0
37.5
64.5
24.0
115.5
99.0
120.0
46.5
63.0
30.0
69.0
7.5
27.0
108.0
36.0
129.0
30.0
72.0
54.0
78.0
46.5
61.5
148.5
19.5
132.0
117.0
49.5
61.5
121.5
33.0
153.0
18.0
4.5
118.5
25.5
54.0
40.5
120.0
124.5
127.5
63.0
39.0
46.5
52.5
132.0
54.0
91.5
172.5
33.0
144.0
37.5
94.5
34.5
67.5
58.5
105.0
54.0
75.0
79.5
78.0
51.0
48.0
85.5
115.5
102.0
81.0
36.0
64.5
52.5
37.5
108.0
147.0
39.0
18.0
43.5
28.5
151.5
136.5
33.0
72.0
91.5
100.5
70.5
40.5
39.0
72.0
64.5
156.0
90.0
42.0
117.0
58.5
30.0
67.5
114.0
40.5
36.0
82.5
118.5
52.5
12.0
36.0
129.0
45.0
19.5
48.0
51.0
90.0
66.0
108.0
147.0
15.0
67.5
57.0
120.0
88.5
94.5
63.0
94.5
124.5
33.0
106.5
15.0
54.0
52.5
46.5
142.5
24.0
69.0
10.5
121.5
27.0
96.0
72.0
165.0
79.5
214.5
106.5
72.0
34.5
150.0
183.0
97.5
124.5
144.0
37.5
45.0
15.0
42.0
22.5
45.0
66.0
105.0
37.5
69.0
25.5
66.0
91.5
69.0
43.5
103.5
55.5
79.5
72.0
54.0
70.5
9.0
6.0
43.5
40.5
58.5
57.0
58.5
16.5
81.0
124.5
22.5
210.0
81.0
114.0
61.5
165.0
57.0
75.0
118.5
4.5
60.0
124.5
67.5
40.5
18.0
73.5
70.5
75.0
28.5
220.5
118.5
94.5
52.5
43.5
66.0
135.0
132.0
82.5
198.0
61.5
100.5
49.5
57.0
51.0
78.0
58.5
81.0
73.5
84.0
154.5
142.5
88.5
49.5
112.5
52.5
57.0
97.5
31.5
7.5
70.5
78.0
31.5
250.5
51.0
45.0
87.0
99.0
145.5
99.0
42.0
106.5
163.5
75.0
48.0
96.0
46.5
129.0
28.5
81.0
90.0
18.0
75.0
24.0
76.5
111.0
57.0
169.5
40.5
18.0
145.5
111.0
61.5
64.5
28.5
64.5
51.0
37.5
103.5
31.5
75.0
129.0
46.5
19.5
46.5
114.0
33.0
141.0
69.0
25.5
72.0
61.5
27.0
51.0
130.5
48.0
94.5
4.5
34.5
78.0
127.5
69.0
135.0
16.5
52.5
66.0
39.0
60.0
52.5
120.0
97.5
84.0
24.0
64.5
13.5
132.0
43.5
54.0
37.5
42.0
19.5
46.5
147.0
190.5
37.5
142.5
91.5
138.0
45.0
169.5
106.5
87.0
73.5
19.5
36.0
190.5
69.0
73.5
64.5
45.0
55.5
102.0
168.0
30.0
22.5
157.5
34.5
52.5
75.0
55.5
42.0
42.0
48.0
69.0
54.0
22.5
115.5
7.5
45.0
183.0
51.0
108.0
72.0
24.0
135.0
51.0
135.0
79.5
103.5
67.5
52.5
66.0
147.0
58.5
111.0
52.5
85.5
106.5
78.0
30.0
153.0
36.0
25.5
57.0
49.5
94.5
171.0
84.0
154.5
109.5
177.0
33.0
64.5
90.0
103.5
87.0
19.5
118.5
27.0
85.5
24.0
36.0
117.0
63.0
75.0
51.0
49.5
33.0
49.5
30.0
141.0
100.5
130.5
67.5
109.5
165.0
220.5
75.0
79.5
82.5
63.0
72.0
57.0
111.0
76.5
69.0
45.0
124.5
78.0
84.0
51.0
40.5
21.0
78.0
31.5
106.5
171.0
94.5
48.0
3.0
69.0
72.0
139.5
82.5
45.0
30.0
33.0
153.0
61.5
13.5
48.0
69.0
133.5
88.5
63.0
21.0
33.0
64.5
25.5
93.0
24.0
106.5
52.5
75.0
54.0
99.0
21.0
43.5
40.5
90.0
108.0
54.0
78.0
106.5
106.5
111.0
12.0
145.5
48.0
42.0
30.0
67.5
42.0
57.0
73.5
36.0
87.0
100.5
45.0
84.0
39.0
76.5
123.0
48.0
126.0
82.5
52.5
135.0
75.0
90.0
66.0
48.0
72.0
18.0
18.0
48.0
90.0
76.5
55.5
33.0
46.5
220.5
148.5
78.0
45.0
117.0
87.0
97.5
54.0
99.0
81.0
12.0
25.5
58.5
82.5
175.5
79.5
70.5
25.5
48.0
42.0
46.5
67.5
105.0
147.0
138.0
45.0
121.5
114.0
76.5
58.5
90.0
94.5
34.5
49.5
105.0
40.5
45.0
52.5
30.0
54.0
34.5
54.0
97.5
43.5
33.0
76.5
69.0
28.5
94.5
102.0
186.0
42.0
34.5
9.0
54.0
115.5
96.0
6.0
45.0
127.5
90.0
64.5
84.0
201.0
30.0
88.5
33.0
43.5
51.0
117.0
48.0
24.0
54.0
87.0
64.5
64.5
54.0
67.5
43.5
67.5
94.5
79.5
225.0
61.5
40.5
93.0
99.0
28.5
51.0
94.5
78.0
72.0
27.0
100.5
61.5
90.0
82.5
100.5
96.0
117.0
22.5
46.5
46.5
100.5
24.0
82.5
42.0
54.0
88.5
49.5
63.0
75.0
61.5
106.5
66.0
28.5
109.5
132.0
79.5
48.0
150.0
78.0
103.5
114.0
90.0
58.5
63.0
30.0
133.5
84.0
100.5
48.0
78.0
115.5
49.5
76.5
112.5
40.5
160.5
69.0
30.0
45.0
81.0
60.0
85.5
37.5
118.5
85.5
43.5
111.0
64.5
75.0
57.0
37.5
55.5
175.5
81.0
76.5
16.5
106.5
25.5
120.0
51.0
160.5
106.5
31.5
52.5
45.0
54.0
37.5
45.0
49.5
67.5
30.0
63.0
57.0
78.0
40.5
52.5
58.5
58.5
64.5
94.5
69.0
147.0
64.5
163.5
88.5
51.0
102.0
33.0
27.0
64.5
75.0
60.0
129.0
189.0
97.5
79.5
81.0
31.5
42.0
100.5
57.0
12.0
109.5
96.0
111.0
96.0
165.0
52.5
37.5
73.5
46.5
82.5
67.5
100.5
51.0
96.0
153.0
25.5
88.5
22.5
66.0
36.0
130.5
46.5
73.5
40.5
100.5
139.5
72.0
100.5
181.5
36.0
46.5
72.0
39.0
24.0
124.5
34.5
159.0
54.0
19.5
82.5
40.5
135.0
61.5
115.5
13.5
67.5
13.5
15.0
78.0
85.5
115.5
45.0
10.5
103.5
54.0
40.5
139.5
43.5
46.5
94.5
118.5
28.5
21.0
60.0
75.0
112.5
19.5
93.0
9.0
93.0
31.5
91.5
106.5
145.5
111.0
112.5
31.5
51.0
22.5
46.5
27.0
66.0
154.5
103.5
123.0
111.0
138.0
46.5
72.0
28.5
93.0
21.0
27.0
25.5
108.0
52.5
82.5
180.0
34.5
10.5
112.5
124.5
24.0
78.0
111.0
117.0
33.0
97.5
52.5
51.0
88.5
24.0
82.5
45.0
27.0
214.5
81.0
205.5
52.5
99.0
55.5
127.5
64.5
115.5
61.5
88.5
156.0
84.0
34.5
7.5
87.0
31.5
37.5
40.5
45.0
42.0
118.5
106.5
109.5
34.5
30.0
49.5
292.5
40.5
64.5
57.0
12.0
102.0
142.5
52.5
28.5
34.5
81.0
64.5
136.5
133.5
72.0
61.5
145.5
55.5
40.5
48.0
178.5
100.5
54.0
37.5
42.0
91.5
181.5
73.5
72.0
102.0
10.5
112.5
72.0
64.5
18.0
91.5
10.5
69.0
99.0
94.5
129.0
147.0
106.5
88.5
60.0
60.0
72.0
88.5
25.5
28.5
67.5
99.0
39.0
67.5
88.5
139.5
12.0
66.0
21.0
99.0
120.0
67.5
106.5
7.5
78.0
85.5
27.0
66.0
31.5
99.0
85.5
105.0
88.5
45.0
16.5
85.5
60.0
76.5
72.0
64.5
33.0
60.0
51.0
63.0
79.5
88.5
103.5
67.5
58.5
111.0
120.0
112.5
51.0
79.5
1.5
102.0
231.0
172.5
91.5
52.5
75.0
129.0
136.5
117.0
63.0
70.5
75.0
127.5
64.5
45.0
27.0
43.5
85.5
120.0
109.5
85.5
54.0
40.5
57.0
121.5
88.5
120.0
147.0
27.0
114.0
97.5
96.0
18.0
33.0
67.5
108.0
28.5
18.0
46.5
108.0
64.5
97.5
25.5
85.5
37.5
100.5
45.0
90.0
55.5
97.5
64.5
4.5
39.0
196.5
90.0
37.5
16.5
54.0
39.0
25.5
73.5
87.0
25.5
91.5
105.0
57.0
70.5
60.0
117.0
178.5
73.5
189.0
106.5
30.0
42.0
66.0
30.0
58.5
135.0
105.0
132.0
60.0
102.0
141.0
79.5
79.5
81.0
16.5
57.0
129.0
81.0
105.0
60.0
27.0
93.0
123.0
54.0
58.5
63.0
109.5
109.5
78.0
40.5
85.5
127.5
12.0
126.0
37.5
30.0
18.0
97.5
52.5
36.0
33.0
36.0
97.5
25.5
69.0
93.0
33.0
39.0
57.0
78.0
94.5
48.0
49.5
102.0
40.5
169.5
48.0
91.5
39.0
88.5
21.0
64.5
48.0
87.0
28.5
37.5
7.5
117.0
103.5
60.0
79.5
45.0
162.0
153.0
73.5
27.0
15.0
97.5
88.5
33.0
154.5
48.0
79.5
76.5
69.0
133.5
27.0
30.0
84.0
12.0
199.5
63.0
51.0
73.5
45.0
67.5
6.0
39.0
15.0
48.0
87.0
60.0
121.5
42.0
25.5
7.5
37.5
82.5
73.5
67.5
73.5
25.5
51.0
67.5
78.0
45.0
72.0
112.5
45.0
76.5
34.5
21.0
55.5
142.5
96.0
147.0
34.5
196.5
54.0
66.0
48.0
18.0
61.5
58.5
69.0
24.0
37.5
37.5
108.0
81.0
93.0
228.0
67.5
117.0
24.0
49.5
88.5
13.5
91.5
57.0
94.5
21.0
60.0
49.5
24.0
75.0
163.5
60.0
51.0
102.0
30.0
25.5
48.0
162.0
94.5
88.5
108.0
75.0
48.0
91.5
76.5
13.5
64.5
75.0
24.0
52.5
169.5
10.5
37.5
51.0
51.0
108.0
121.5
108.0
103.5
39.0
67.5
151.5
64.5
13.5
7.5
52.5
58.5
160.5
73.5
69.0
123.0
105.0
54.0
72.0
102.0
151.5
63.0
76.5
108.0
37.5
147.0
85.5
61.5
64.5
39.0
93.0
57.0
154.5
78.0
55.5
147.0
57.0
133.5
181.5
43.5
33.0
70.5
87.0
51.0
42.0
9.0
61.5
34.5
243.0
67.5
40.5
147.0
31.5
85.5
54.0
123.0
94.5
66.0
57.0
94.5
102.0
82.5
139.5
81.0
31.5
120.0
19.5
72.0
112.5
64.5
43.5
66.0
103.5
114.0
46.5
210.0
25.5
63.0
12.0
67.5
52.5
76.5
13.5
109.5
24.0
60.0
24.0
136.5
127.5
73.5
48.0
57.0
45.0
66.0
37.5
70.5
118.5
61.5
67.5
42.0
67.5
37.5
99.0
52.5
33.0
73.5
55.5
135.0
63.0
42.0
73.5
136.5
12.0
114.0
127.5
57.0
30.0
160.5
37.5
16.5
69.0
54.0
111.0
85.5
24.0
24.0
48.0
76.5
132.0
42.0
78.0
19.5
45.0
84.0
34.5
184.5
52.5
75.0
55.5
48.0
34.5
7.5
153.0
75.0
142.5
40.5
111.0
138.0
60.0
40.5
178.5
61.5
25.5
90.0
159.0
120.0
90.0
63.0
91.5
48.0
37.5
43.5
25.5
34.5
28.5
30.0
30.0
93.0
105.0
108.0
42.0
9.0
15.0
45.0
60.0
61.5
27.0
45.0
82.5
190.5
139.5
61.5
51.0
87.0
82.5
96.0
129.0
115.5
105.0
169.5
45.0
31.5
115.5
54.0
19.5
109.5
37.5
45.0
127.5
67.5
27.0
120.0
36.0
207.0
82.5
28.5
48.0
112.5
24.0
73.5
39.0
76.5
61.5
108.0
42.0
67.5
9.0
36.0
151.5
99.0
90.0
31.5
15.0
57.0
40.5
112.5
108.0
123.0
48.0
27.0
79.5
33.0
106.5
37.5
40.5
15.0
87.0
135.0
60.0
102.0
129.0
156.0
186.0
52.5
108.0
142.5
48.0
85.5
82.5
36.0
28.5
141.0
55.5
109.5
105.0
57.0
120.0
34.5
102.0
58.5
102.0
37.5
75.0
63.0
63.0
69.0
70.5
24.0
96.0
90.0
79.5
121.5
82.5
6.0
121.5
76.5
85.5
60.0
87.0
43.5
66.0
81.0
73.5
91.5
61.5
58.5
76.5
34.5
103.5
120.0
46.5
169.5
51.0
165.0
76.5
61.5
15.0
9.0
103.5
54.0
30.0
138.0
184.5
36.0
16.5
186.0
58.5
48.0
48.0
61.5
48.0
52.5
94.5
87.0
103.5
112.5
78.0
100.5
100.5
105.0
127.5
150.0
69.0
55.5
79.5
33.0
48.0
64.5
24.0
79.5
61.5
3.0
18.0
70.5
76.5
81.0
100.5
21.0
85.5
48.0
39.0
43.5
42.0
67.5
24.0
39.0
51.0
31.5
42.0
21.0
85.5
69.0
43.5
25.5
66.0
40.5
67.5
36.0
96.0
9.0
19.5
69.0
106.5
28.5
21.0
66.0
78.0
109.5
30.0
43.5
30.0
66.0
49.5
36.0
51.0
25.5
123.0
57.0
69.0
75.0
54.0
88.5
111.0
102.0
39.0
39.0
48.0
51.0
27.0
24.0
81.0
145.5
100.5
22.5
46.5
51.0
81.0
7.5
22.5
121.5
73.5
54.0
108.0
37.5
111.0
13.5
27.0
63.0
39.0
87.0
81.0
9.0
90.0
30.0
103.5
43.5
69.0
88.5
88.5
115.5
105.0
28.5
166.5
66.0
105.0
57.0
84.0
88.5
118.5
42.0
78.0
66.0
46.5
94.5
76.5
94.5
37.5
91.5
99.0
123.0
31.5
36.0
115.5
63.0
88.5
46.5
21.0
48.0
67.5
94.5
67.5
24.0
108.0
36.0
118.5
48.0
39.0
117.0
27.0
75.0
109.5
64.5
54.0
82.5
139.5
34.5
85.5
106.5
84.0
112.5
99.0
73.5
42.0
67.5
78.0
81.0
49.5
82.5
102.0
60.0
57.0
37.5
58.5
61.5
78.0
147.0
40.5
79.5
36.0
48.0
147.0
87.0
123.0
118.5
21.0
49.5
126.0
111.0
36.0
73.5
24.0
48.0
34.5
61.5
43.5
102.0
136.5
151.5
10.5
156.0
69.0
15.0
90.0
88.5
10.5
87.0
19.5
154.5
66.0
78.0
84.0
48.0
57.0
27.0
72.0
91.5
75.0
112.5
69.0
99.0
81.0
96.0
55.5
22.5
120.0
75.0
94.5
51.0
48.0
60.0
66.0
72.0
31.5
142.5
9.0
46.5
58.5
55.5
117.0
99.0
111.0
154.5
84.0
42.0
33.0
103.5
39.0
157.5
106.5
69.0
42.0
66.0
133.5
81.0
168.0
19.5
84.0
51.0
141.0
91.5
58.5
135.0
4.5
130.5
103.5
18.0
103.5
127.5
100.5
64.5
46.5
28.5
79.5
123.0
34.5
139.5
63.0
70.5
102.0
142.5
51.0
30.0
33.0
79.5
40.5
49.5
180.0
58.5
115.5
21.0
91.5
55.5
67.5
121.5
84.0
37.5
43.5
82.5
169.5
28.5
19.5
16.5
91.5
9.0
64.5
52.5
19.5
43.5
24.0
108.0
27.0
81.0
66.0
15.0
52.5
145.5
22.5
39.0
133.5
16.5
63.0
48.0
55.5
40.5
78.0
103.5
18.0
78.0
94.5
223.5
70.5
84.0
27.0
31.5
21.0
21.0
54.0
75.0
57.0
79.5
87.0
21.0
81.0
51.0
76.5
133.5
123.0
52.5
130.5
24.0
39.0
28.5
60.0
168.0
165.0
165.0
75.0
57.0
84.0
34.5
81.0
138.0
30.0
85.5
36.0
73.5
103.5
48.0
54.0
70.5
112.5
109.5
144.0
61.5
64.5
90.0
33.0
73.5
90.0
79.5
70.5
220.5
30.0
55.5
49.5
67.5
64.5
171.0
85.5
115.5
90.0
69.0
46.5
73.5
67.5
43.5
24.0
57.0
109.5
58.5
25.5
43.5
67.5
73.5
70.5
61.5
91.5
42.0
139.5
54.0
54.0
22.5
13.5
45.0
118.5
117.0
91.5
43.5
43.5
103.5
46.5
150.0
126.0
84.0
120.0
94.5
109.5
46.5
187.5
46.5
73.5
54.0
90.0
84.0
82.5
12.0
72.0
87.0
6.0
64.5
73.5
91.5
186.0
87.0
16.5
129.0
100.5
39.0
40.5
112.5
63.0
100.5
112.5
88.5
70.5
58.5
109.5
43.5
25.5
151.5
93.0
7.5
88.5
54.0
93.0
51.0
105.0
37.5
93.0
66.0
82.5
81.0
166.5
36.0
60.0
85.5
114.0
52.5
24.0
70.5
13.5
43.5
115.5
103.5
13.5
60.0
39.0
52.5
67.5
60.0
217.5
73.5
109.5
49.5
156.0
48.0
75.0
114.0
33.0
45.0
46.5
48.0
102.0
97.5
64.5
79.5
72.0
105.0
94.5
57.0
22.5
156.0
51.0
28.5
37.5
21.0
94.5
73.5
16.5
132.0
24.0
10.5
102.0
112.5
151.5
91.5
100.5
78.0
90.0
69.0
106.5
70.5
39.0
99.0
93.0
33.0
150.0
70.5
63.0
105.0
75.0
63.0
75.0
121.5
4.5
34.5
135.0
42.0
139.5
36.0
33.0
135.0
30.0
108.0
40.5
73.5
93.0
67.5
25.5
67.5
90.0
85.5
49.5
135.0
61.5
66.0
43.5
46.5
79.5
190.5
93.0
25.5
67.5
37.5
85.5
21.0
64.5
102.0
81.0
105.0
127.5
64.5
75.0
39.0
58.5
100.5
112.5
9.0
33.0
45.0
39.0
96.0
45.0
93.0
79.5
28.5
108.0
177.0
48.0
58.5
70.5
69.0
58.5
54.0
55.5
36.0
57.0
46.5
45.0
75.0
31.5
45.0
118.5
34.5
28.5
88.5
93.0
36.0
87.0
40.5
87.0
69.0
81.0
102.0
85.5
88.5
54.0
144.0
37.5
69.0
124.5
111.0
208.5
39.0
73.5
16.5
100.5
27.0
139.5
78.0
52.5
15.0
34.5
34.5
64.5
88.5
139.5
34.5
91.5
54.0
51.0
123.0
25.5
79.5
64.5
48.0
25.5
138.0
156.0
165.0
48.0
34.5
64.5
97.5
76.5
34.5
72.0
117.0
90.0
66.0
57.0
78.0
111.0
45.0
66.0
58.5
39.0
79.5
40.5
61.5
85.5
96.0
63.0
31.5
58.5
105.0
139.5
27.0
94.5
112.5
33.0
70.5
42.0
66.0
61.5
58.5
54.0
105.0
27.0
30.0
112.5
40.5
25.5
51.0
81.0
36.0
93.0
81.0
76.5
28.5
178.5
66.0
33.0
58.5
184.5
19.5
85.5
87.0
43.5
54.0
85.5
123.0
129.0
85.5
27.0
21.0
36.0
21.0
108.0
54.0
22.5
40.5
138.0
30.0
34.5
132.0
90.0
39.0
180.0
49.5
48.0
93.0
52.5
15.0
31.5
127.5
28.5
34.5
46.5
91.5
76.5
40.5
115.5
91.5
25.5
216.0
91.5
133.5
60.0
94.5
97.5
90.0
25.5
10.5
39.0
36.0
124.5
46.5
42.0
37.5
88.5
43.5
70.5
127.5
45.0
46.5
88.5
103.5
64.5
45.0
96.0
36.0
168.0
133.5
60.0
76.5
72.0
151.5
76.5
93.0
70.5
123.0
28.5
67.5
102.0
139.5
22.5
76.5
60.0
75.0
124.5
13.5
34.5
34.5
36.0
93.0
109.5
67.5
108.0
57.0
78.0
60.0
54.0
6.0
78.0
40.5
100.5
40.5
90.0
118.5
76.5
90.0
123.0
90.0
67.5
87.0
186.0
10.5
124.5
64.5
150.0
34.5
102.0
117.0
58.5
52.5
75.0
25.5
48.0
84.0
54.0
40.5
76.5
67.5
109.5
156.0
40.5
43.5
82.5
33.0
46.5
24.0
24.0
117.0
40.5
58.5
88.5
24.0
108.0
33.0
48.0
87.0
55.5
76.5
147.0
103.5
90.0
52.5
91.5
6.0
70.5
16.5
111.0
13.5
87.0
57.0
36.0
24.0
46.5
60.0
19.5
90.0
19.5
97.5
132.0
54.0
54.0
45.0
16.5
49.5
78.0
45.0
63.0
178.5
84.0
70.5
28.5
130.5
22.5
91.5
25.5
172.5
64.5
100.5
129.0
87.0
39.0
168.0
94.5
69.0
91.5
106.5
42.0
52.5
19.5
103.5
36.0
132.0
79.5
127.5
171.0
45.0
127.5
46.5
81.0
112.5
40.5
49.5
66.0
115.5
43.5
55.5
16.5
123.0
46.5
85.5
87.0
174.0
37.5
148.5
90.0
51.0
34.5
99.0
66.0
88.5
39.0
55.5
90.0
48.0
36.0
84.0
31.5
114.0
88.5
94.5
63.0
81.0
55.5
81.0
94.5
103.5
43.5
49.5
22.5
106.5
138.0
132.0
138.0
93.0
67.5
93.0
96.0
76.5
72.0
3.0
43.5
43.5
90.0
82.5
124.5
51.0
21.0
82.5
70.5
79.5
33.0
66.0
75.0
79.5
55.5
88.5
15.0
60.0
31.5
102.0
81.0
64.5
103.5
28.5
54.0
63.0
162.0
60.0
58.5
82.5
85.5
27.0
54.0
67.5
42.0
24.0
10.5
84.0
13.5
120.0
78.0
54.0
114.0
76.5
75.0
15.0
31.5
31.5
55.5
73.5
51.0
51.0
97.5
177.0
84.0
49.5
52.5
172.5
18.0
27.0
132.0
27.0
39.0
33.0
123.0
73.5
81.0
123.0
102.0
18.0
63.0
37.5
49.5
81.0
66.0
91.5
69.0
111.0
84.0
25.5
145.5
10.5
82.5
91.5
112.5
37.5
16.5
31.5
85.5
130.5
39.0
58.5
15.0
94.5
123.0
60.0
130.5
82.5
24.0
93.0
51.0
142.5
10.5
91.5
51.0
82.5
124.5
63.0
54.0
147.0
70.5
40.5
57.0
66.0
48.0
40.5
31.5
22.5
43.5
105.0
16.5
157.5
112.5
15.0
103.5
93.0
33.0
69.0
43.5
6.0
61.5
55.5
91.5
82.5
55.5
187.5
78.0
84.0
63.0
30.0
52.5
67.5
67.5
115.5
67.5
58.5
46.5
93.0
154.5
135.0
100.5
106.5
24.0
72.0
69.0
157.5
117.0
55.5
28.5
78.0
61.5
67.5
27.0
48.0
37.5
66.0
48.0
57.0
61.5
39.0
39.0
79.5
84.0
82.5
42.0
48.0
100.5
79.5
36.0
78.0
31.5
57.0
103.5
49.5
64.5
156.0
202.5
135.0
24.0
84.0
54.0
183.0
61.5
87.0
270.0
55.5
36.0
49.5
46.5
45.0
75.0
91.5
72.0
48.0
156.0
64.5
37.5
82.5
28.5
58.5
108.0
28.5
78.0
120.0
60.0
60.0
64.5
18.0
42.0
27.0
37.5
130.5
22.5
129.0
111.0
48.0
138.0
75.0
85.5
82.5
150.0
69.0
60.0
94.5
100.5
81.0
70.5
103.5
43.5
88.5
69.0
6.0
73.5
79.5
96.0
22.5
22.5
84.0
30.0
46.5
9.0
111.0
115.5
36.0
34.5
139.5
72.0
96.0
108.0
21.0
106.5
70.5
67.5
214.5
91.5
70.5
93.0
31.5
54.0
48.0
36.0
28.5
135.0
52.5
138.0
24.0
72.0
196.5
91.5
72.0
73.5
55.5
12.0
40.5
117.0
69.0
6.0
12.0
82.5
58.5
121.5
112.5
129.0
94.5
87.0
54.0
79.5
69.0
24.0
40.5
120.0
129.0
93.0
16.5
187.5
27.0
90.0
55.5
121.5
106.5
43.5
3.0
69.0
42.0
73.5
124.5
57.0
34.5
100.5
114.0
99.0
79.5
54.0
58.5
6.0
108.0
31.5
114.0
106.5
10.5
93.0
72.0
55.5
135.0
72.0
81.0
24.0
60.0
187.5
64.5
12.0
133.5
87.0
30.0
115.5
63.0
73.5
39.0
24.0
66.0
67.5
117.0
58.5
73.5
94.5
172.5
55.5
88.5
40.5
106.5
40.5
96.0
52.5
70.5
141.0
34.5
46.5
102.0
33.0
120.0
4.5
73.5
148.5
54.0
24.0
24.0
43.5
81.0
63.0
15.0
54.0
43.5
21.0
21.0
60.0
148.5
54.0
46.5
139.5
33.0
12.0
9.0
160.5
202.5
153.0
69.0
9.0
18.0
99.0
118.5
139.5
45.0
153.0
52.5
55.5
45.0
63.0
79.5
117.0
82.5
138.0
28.5
28.5
51.0
109.5
81.0
84.0
48.0
46.5
100.5
66.0
36.0
135.0
46.5
49.5
57.0
129.0
196.5
142.5
54.0
12.0
139.5
160.5
63.0
64.5
91.5
118.5
12.0
42.0
30.0
22.5
67.5
88.5
52.5
33.0
28.5
148.5
129.0
54.0
115.5
48.0
42.0
43.5
87.0
48.0
39.0
12.0
75.0
102.0
51.0
93.0
60.0
22.5
58.5
40.5
84.0
90.0
103.5
63.0
117.0
57.0
40.5
79.5
37.5
88.5
144.0
163.5
57.0
36.0
10.5
61.5
106.5
76.5
31.5
81.0
81.0
108.0
72.0
90.0
25.5
22.5
61.5
3.0
58.5
94.5
52.5
91.5
94.5
9.0
132.0
9.0
64.5
49.5
73.5
139.5
90.0
79.5
55.5
42.0
187.5
52.5
64.5
61.5
67.5
55.5
61.5
49.5
36.0
18.0
58.5
73.5
36.0
60.0
43.5
45.0
69.0
25.5
45.0
100.5
76.5
19.5
57.0
42.0
73.5
9.0
18.0
78.0
33.0
48.0
178.5
120.0
10.5
163.5
76.5
64.5
25.5
58.5
54.0
87.0
52.5
52.5
88.5
37.5
69.0
51.0
109.5
16.5
63.0
16.5
154.5
85.5
19.5
103.5
18.0
193.5
45.0
51.0
75.0
45.0
57.0
43.5
124.5
46.5
79.5
37.5
7.5
28.5
45.0
52.5
13.5
84.0
31.5
69.0
96.0
27.0
88.5
52.5
61.5
84.0
6.0
34.5
42.0
55.5
121.5
69.0
52.5
172.5
114.0
37.5
157.5
111.0
55.5
33.0
94.5
16.5
82.5
39.0
84.0
51.0
171.0
96.0
76.5
75.0
75.0
130.5
46.5
136.5
66.0
91.5
31.5
33.0
208.5
40.5
46.5
69.0
64.5
39.0
51.0
94.5
112.5
58.5
43.5
54.0
84.0
96.0
219.0
45.0
78.0
147.0
124.5
106.5
93.0
30.0
78.0
67.5
148.5
52.5
91.5
109.5
67.5
46.5
24.0
31.5
31.5
67.5
60.0
24.0
237.0
198.0
25.5
57.0
87.0
81.0
19.5
72.0
90.0
79.5
84.0
24.0
27.0
12.0
61.5
60.0
34.5
61.5
109.5
9.0
31.5
57.0
96.0
69.0
64.5
91.5
72.0
58.5
75.0
19.5
34.5
222.0
69.0
120.0
120.0
55.5
90.0
54.0
100.5
105.0
21.0
45.0
60.0
37.5
78.0
31.5
88.5
33.0
54.0
102.0
48.0
124.5
73.5
88.5
76.5
109.5
34.5
49.5
70.5
88.5
48.0
36.0
78.0
100.5
51.0
34.5
34.5
105.0
58.5
76.5
28.5
57.0
37.5
99.0
57.0
27.0
130.5
28.5
48.0
49.5
126.0
46.5
60.0
61.5
15.0
49.5
55.5
112.5
63.0
219.0
129.0
46.5
58.5
126.0
43.5
33.0
96.0
75.0
108.0
63.0
36.0
55.5
43.5
27.0
25.5
106.5
76.5
85.5
75.0
55.5
75.0
105.0
148.5
165.0
40.5
60.0
102.0
22.5
85.5
132.0
43.5
66.0
109.5
69.0
61.5
117.0
27.0
42.0
76.5
25.5
58.5
55.5
108.0
96.0
123.0
40.5
145.5
70.5
106.5
37.5
175.5
85.5
48.0
96.0
91.5
141.0
