370.5
322.5
195.0
132.0
297.0
121.5
124.5
534.0
238.5
231.0
235.5
255.0
33.0
234.0
178.5
162.0
39.0
333.0
148.5
327.0
187.5
69.0
607.5
90.0
60.0
678.0
184.5
90.0
262.5
198.0
295.5
282.0
222.0
123.0
75.0
498.0
951.0
694.5
129.0
255.0
406.5
45.0
139.5
81.0
181.5
348.0
396.0
214.5
423.0
166.5
154.5
330.0
135.0
163.5
291.0
261.0
283.5
283.5
271.5
121.5
136.5
705.0
571.5
483.0
387.0
117.0
24.0
123.0
166.5
93.0
456.0
202.5
300.0
201.0
172.5
312.0
348.0
190.5
64.5
234.0
394.5
402.0
193.5
103.5
52.5
66.0
187.5
294.0
414.0
411.0
13.5
141.0
103.5
343.5
114.0
283.5
69.0
132.0
310.5
417.0
249.0
138.0
648.0
94.5
343.5
64.5
304.5
325.5
249.0
484.5
75.0
214.5
120.0
436.5
103.5
481.5
397.5
310.5
69.0
286.5
318.0
183.0
109.5
204.0
274.5
115.5
114.0
318.0
75.0
124.5
192.0
237.0
256.5
172.5
420.0
604.5
103.5
252.0
360.0
513.0
247.5
399.0
229.5
136.5
477.0
66.0
57.0
100.5
252.0
213.0
43.5
48.0
129.0
297.0
454.5
130.5
130.5
453.0
429.0
486.0
297.0
376.5
150.0
415.5
381.0
393.0
120.0
103.5
363.0
250.5
66.0
276.0
252.0
370.5
400.5
348.0
82.5
219.0
88.5
54.0
742.5
483.0
207.0
219.0
192.0
493.5
222.0
246.0
318.0
361.5
418.5
210.0
328.5
433.5
208.5
87.0
63.0
160.5
64.5
319.5
460.5
238.5
267.0
484.5
472.5
193.5
301.5
313.5
217.5
70.5
168.0
66.0
180.0
78.0
657.0
190.5
406.5
228.0
235.5
277.5
360.0
339.0
213.0
115.5
243.0
291.0
228.0
373.5
160.5
138.0
477.0
750.0
478.5
319.5
322.5
247.5
235.5
210.0
165.0
372.0
403.5
397.5
274.5
345.0
429.0
294.0
429.0
171.0
360.0
57.0
345.0
39.0
246.0
43.5
147.0
330.0
154.5
228.0
168.0
403.5
250.5
102.0
43.5
229.5
574.5
238.5
186.0
171.0
490.5
88.5
73.5
453.0
67.5
421.5
556.5
432.0
184.5
234.0
270.0
178.5
336.0
135.0
198.0
201.0
141.0
309.0
228.0
387.0
642.0
427.5
214.5
259.5
204.0
136.5
109.5
171.0
58.5
214.5
361.5
97.5
210.0
214.5
139.5
175.5
163.5
45.0
306.0
199.5
427.5
82.5
223.5
352.5
291.0
228.0
412.5
141.0
82.5
301.5
333.0
217.5
306.0
552.0
480.0
474.0
97.5
375.0
442.5
352.5
102.0
186.0
78.0
540.0
235.5
387.0
180.0
453.0
186.0
564.0
358.5
375.0
534.0
190.5
19.5
136.5
162.0
237.0
534.0
565.5
468.0
226.5
82.5
280.5
118.5
267.0
145.5
261.0
99.0
201.0
730.5
10.5
156.0
622.5
159.0
100.5
240.0
219.0
636.0
753.0
81.0
130.5
477.0
226.5
88.5
393.0
520.5
408.0
328.5
363.0
139.5
126.0
207.0
127.5
300.0
205.5
319.5
87.0
73.5
142.5
51.0
123.0
256.5
268.5
127.5
235.5
79.5
124.5
526.5
31.5
532.5
231.0
103.5
60.0
154.5
207.0
145.5
85.5
223.5
126.0
294.0
357.0
247.5
279.0
247.5
222.0
127.5
310.5
195.0
292.5
171.0
219.0
252.0
318.0
286.5
354.0
288.0
288.0
180.0
244.5
193.5
540.0
180.0
150.0
111.0
817.5
277.5
474.0
439.5
265.5
129.0
90.0
262.5
462.0
409.5
213.0
168.0
133.5
103.5
274.5
181.5
139.5
75.0
139.5
90.0
154.5
327.0
142.5
150.0
271.5
760.5
108.0
240.0
226.5
442.5
219.0
124.5
588.0
259.5
100.5
255.0
243.0
63.0
139.5
117.0
279.0
18.0
289.5
432.0
136.5
163.5
172.5
84.0
321.0
340.5
114.0
349.5
190.5
382.5
280.5
261.0
226.5
177.0
280.5
229.5
301.5
244.5
79.5
114.0
526.5
126.0
477.0
112.5
327.0
157.5
420.0
228.0
309.0
435.0
178.5
133.5
369.0
306.0
102.0
534.0
328.5
40.5
378.0
42.0
252.0
352.5
132.0
129.0
264.0
168.0
279.0
262.5
397.5
265.5
177.0
129.0
136.5
283.5
297.0
243.0
270.0
72.0
399.0
94.5
307.5
405.0
462.0
117.0
54.0
199.5
339.0
205.5
369.0
340.5
175.5
153.0
241.5
220.5
186.0
342.0
87.0
498.0
159.0
333.0
447.0
223.5
237.0
307.5
364.5
499.5
220.5
291.0
220.5
61.5
162.0
217.5
27.0
130.5
474.0
594.0
295.5
487.5
180.0
255.0
34.5
100.5
399.0
186.0
249.0
256.5
228.0
240.0
235.5
213.0
301.5
255.0
126.0
231.0
171.0
466.5
234.0
273.0
345.0
136.5
258.0
129.0
337.5
229.5
195.0
763.5
396.0
223.5
286.5
396.0
604.5
498.0
219.0
127.5
583.5
99.0
219.0
163.5
54.0
423.0
172.5
88.5
103.5
198.0
180.0
192.0
199.5
198.0
336.0
108.0
184.5
123.0
355.5
163.5
183.0
253.5
112.5
150.0
186.0
339.0
271.5
292.5
160.5
145.5
109.5
547.5
150.0
396.0
385.5
262.5
406.5
658.5
78.0
312.0
312.0
229.5
244.5
249.0
375.0
289.5
135.0
300.0
201.0
193.5
142.5
352.5
217.5
99.0
229.5
282.0
118.5
51.0
283.5
217.5
202.5
361.5
327.0
222.0
306.0
310.5
324.0
169.5
412.5
240.0
271.5
322.5
462.0
586.5
138.0
246.0
162.0
670.5
192.0
51.0
553.5
126.0
69.0
84.0
429.0
345.0
142.5
175.5
364.5
319.5
411.0
127.5
502.5
237.0
237.0
174.0
306.0
535.5
106.5
184.5
193.5
97.5
276.0
156.0
220.5
199.5
217.5
246.0
55.5
267.0
37.5
517.5
133.5
225.0
58.5
184.5
169.5
117.0
165.0
232.5
279.0
162.0
139.5
283.5
132.0
141.0
100.5
127.5
114.0
264.0
196.5
48.0
295.5
94.5
226.5
594.0
172.5
60.0
82.5
345.0
91.5
136.5
298.5
129.0
211.5
331.5
598.5
439.5
117.0
114.0
625.5
64.5
633.0
190.5
229.5
163.5
190.5
222.0
141.0
201.0
19.5
426.0
324.0
115.5
96.0
414.0
222.0
156.0
124.5
226.5
276.0
513.0
597.0
487.5
195.0
300.0
190.5
207.0
144.0
439.5
618.0
277.5
103.5
259.5
160.5
75.0
223.5
568.5
312.0
294.0
250.5
172.5
346.5
279.0
123.0
136.5
640.5
196.5
768.0
177.0
163.5
312.0
184.5
186.0
274.5
37.5
169.5
582.0
85.5
85.5
202.5
318.0
64.5
153.0
222.0
70.5
141.0
294.0
172.5
97.5
306.0
94.5
51.0
229.5
192.0
250.5
115.5
444.0
357.0
262.5
364.5
111.0
118.5
291.0
579.0
363.0
307.5
193.5
283.5
196.5
39.0
334.5
250.5
373.5
223.5
163.5
306.0
219.0
469.5
505.5
129.0
192.0
130.5
36.0
202.5
309.0
603.0
342.0
231.0
441.0
409.5
483.0
123.0
165.0
162.0
304.5
130.5
55.5
498.0
270.0
294.0
46.5
57.0
241.5
312.0
361.5
396.0
177.0
132.0
408.0
237.0
52.5
9.0
130.5
112.5
175.5
243.0
216.0
193.5
462.0
196.5
547.5
139.5
225.0
607.5
160.5
282.0
354.0
42.0
285.0
433.5
543.0
714.0
84.0
264.0
238.5
145.5
133.5
282.0
97.5
313.5
291.0
315.0
463.5
258.0
337.5
124.5
252.0
151.5
544.5
223.5
40.5
129.0
403.5
256.5
196.5
246.0
31.5
66.0
121.5
190.5
280.5
49.5
472.5
73.5
91.5
286.5
246.0
105.0
108.0
190.5
436.5
160.5
289.5
414.0
178.5
381.0
85.5
234.0
109.5
267.0
315.0
426.0
331.5
223.5
249.0
150.0
141.0
333.0
99.0
219.0
676.5
129.0
264.0
37.5
193.5
129.0
82.5
114.0
486.0
615.0
285.0
181.5
48.0
154.5
492.0
210.0
114.0
262.5
15.0
418.5
399.0
217.5
246.0
60.0
192.0
327.0
336.0
441.0
312.0
87.0
261.0
36.0
241.5
252.0
300.0
159.0
285.0
93.0
36.0
13.5
132.0
216.0
306.0
100.5
234.0
108.0
174.0
214.5
367.5
91.5
193.5
390.0
201.0
180.0
165.0
99.0
94.5
72.0
205.5
300.0
456.0
121.5
189.0
126.0
318.0
172.5
99.0
199.5
840.0
688.5
297.0
453.0
247.5
136.5
195.0
232.5
70.5
124.5
196.5
400.5
268.5
249.0
246.0
375.0
34.5
655.5
64.5
277.5
129.0
277.5
118.5
124.5
279.0
355.5
415.5
279.0
175.5
157.5
478.5
177.0
507.0
139.5
142.5
373.5
94.5
621.0
228.0
225.0
129.0
445.5
94.5
252.0
402.0
172.5
214.5
271.5
238.5
301.5
244.5
250.5
70.5
295.5
162.0
294.0
340.5
127.5
93.0
81.0
543.0
331.5
274.5
237.0
352.5
151.5
247.5
226.5
36.0
21.0
235.5
318.0
111.0
250.5
180.0
211.5
175.5
507.0
331.5
225.0
387.0
280.5
181.5
175.5
250.5
487.5
465.0
292.5
66.0
327.0
48.0
328.5
139.5
310.5
390.0
159.0
106.5
85.5
394.5
751.5
139.5
91.5
159.0
363.0
123.0
240.0
93.0
52.5
136.5
240.0
184.5
127.5
153.0
198.0
178.5
186.0
217.5
196.5
363.0
19.5
438.0
148.5
132.0
438.0
282.0
537.0
298.5
162.0
124.5
328.5
90.0
303.0
322.5
22.5
465.0
36.0
159.0
457.5
54.0
285.0
448.5
370.5
654.0
342.0
343.5
120.0
291.0
211.5
76.5
529.5
163.5
73.5
174.0
138.0
166.5
174.0
99.0
258.0
250.5
93.0
309.0
183.0
670.5
169.5
76.5
85.5
372.0
238.5
118.5
147.0
339.0
157.5
463.5
345.0
289.5
144.0
571.5
85.5
267.0
202.5
148.5
399.0
84.0
321.0
301.5
168.0
882.0
135.0
492.0
72.0
208.5
597.0
109.5
426.0
331.5
310.5
295.5
184.5
124.5
456.0
825.0
144.0
577.5
174.0
307.5
78.0
675.0
253.5
492.0
286.5
336.0
165.0
558.0
502.5
91.5
244.5
184.5
501.0
577.5
606.0
172.5
405.0
210.0
196.5
507.0
136.5
243.0
373.5
69.0
76.5
144.0
114.0
78.0
160.5
417.0
36.0
94.5
159.0
154.5
82.5
387.0
259.5
364.5
471.0
166.5
198.0
384.0
297.0
124.5
84.0
90.0
147.0
154.5
166.5
364.5
255.0
184.5
148.5
328.5
76.5
273.0
685.5
313.5
171.0
231.0
124.5
186.0
487.5
457.5
190.5
190.5
247.5
123.0
46.5
480.0
150.0
187.5
136.5
136.5
118.5
186.0
201.0
252.0
216.0
450.0
502.5
247.5
418.5
88.5
270.0
39.0
60.0
285.0
252.0
69.0
102.0
243.0
684.0
93.0
58.5
297.0
169.5
255.0
243.0
141.0
145.5
181.5
246.0
40.5
150.0
246.0
171.0
168.0
217.5
261.0
433.5
214.5
406.5
543.0
87.0
153.0
538.5
81.0
225.0
510.0
378.0
123.0
690.0
585.0
480.0
301.5
465.0
538.5
331.5
72.0
181.5
147.0
262.5
136.5
118.5
340.5
40.5
378.0
271.5
63.0
31.5
385.5
102.0
64.5
27.0
177.0
108.0
154.5
318.0
366.0
507.0
91.5
136.5
502.5
244.5
151.5
459.0
180.0
366.0
183.0
174.0
340.5
117.0
109.5
286.5
246.0
585.0
90.0
454.5
145.5
75.0
30.0
151.5
144.0
105.0
249.0
87.0
337.5
244.5
193.5
400.5
132.0
280.5
441.0
324.0
402.0
175.5
319.5
346.5
639.0
423.0
43.5
241.5
111.0
226.5
31.5
379.5
202.5
232.5
159.0
154.5
490.5
471.0
156.0
25.5
520.5
330.0
174.0
291.0
193.5
85.5
387.0
213.0
159.0
402.0
82.5
93.0
307.5
559.5
216.0
276.0
342.0
159.0
334.5
132.0
213.0
132.0
399.0
139.5
180.0
400.5
22.5
289.5
286.5
78.0
627.0
556.5
346.5
280.5
172.5
511.5
115.5
342.0
331.5
387.0
685.5
199.5
585.0
505.5
859.5
424.5
316.5
388.5
267.0
370.5
97.5
126.0
123.0
436.5
508.5
282.0
252.0
105.0
66.0
205.5
181.5
376.5
354.0
97.5
202.5
213.0
156.0
13.5
282.0
148.5
190.5
129.0
151.5
159.0
31.5
124.5
226.5
346.5
175.5
492.0
97.5
207.0
432.0
168.0
72.0
76.5
331.5
369.0
249.0
46.5
444.0
235.5
250.5
184.5
270.0
84.0
139.5
94.5
193.5
84.0
85.5
346.5
51.0
51.0
57.0
195.0
225.0
333.0
162.0
271.5
510.0
394.5
372.0
345.0
286.5
810.0
303.0
250.5
538.5
151.5
166.5
81.0
172.5
369.0
175.5
454.5
156.0
123.0
60.0
24.0
559.5
337.5
181.5
171.0
57.0
207.0
471.0
220.5
151.5
166.5
151.5
210.0
640.5
129.0
151.5
225.0
195.0
330.0
531.0
262.5
298.5
189.0
496.5
417.0
477.0
147.0
318.0
190.5
181.5
147.0
240.0
187.5
133.5
255.0
12.0
118.5
433.5
219.0
465.0
205.5
121.5
192.0
198.0
141.0
313.5
33.0
409.5
168.0
130.5
52.5
235.5
376.5
175.5
103.5
157.5
381.0
832.5
285.0
151.5
157.5
340.5
333.0
282.0
349.5
724.5
360.0
358.5
265.5
42.0
123.0
114.0
400.5
391.5
139.5
222.0
550.5
219.0
129.0
180.0
295.5
298.5
441.0
172.5
264.0
352.5
226.5
148.5
210.0
73.5
222.0
105.0
231.0
199.5
145.5
193.5
178.5
106.5
379.5
216.0
268.5
270.0
343.5
195.0
204.0
424.5
64.5
99.0
67.5
198.0
402.0
277.5
172.5
498.0
274.5
133.5
457.5
303.0
103.5
336.0
313.5
255.0
109.5
336.0
277.5
133.5
555.0
199.5
139.5
145.5
127.5
280.5
85.5
133.5
166.5
81.0
310.5
361.5
100.5
66.0
237.0
189.0
373.5
255.0
94.5
108.0
426.0
313.5
210.0
69.0
537.0
100.5
333.0
111.0
84.0
466.5
210.0
79.5
570.0
243.0
321.0
43.5
225.0
261.0
424.5
108.0
358.5
186.0
52.5
21.0
180.0
96.0
192.0
189.0
291.0
126.0
535.5
294.0
70.5
441.0
264.0
417.0
172.5
297.0
154.5
271.5
123.0
58.5
256.5
223.5
439.5
174.0
387.0
186.0
94.5
211.5
157.5
288.0
157.5
150.0
295.5
322.5
246.0
174.0
90.0
42.0
805.5
231.0
72.0
289.5
397.5
201.0
603.0
421.5
210.0
90.0
352.5
370.5
205.5
699.0
103.5
207.0
340.5
633.0
322.5
310.5
46.5
91.5
130.5
499.5
297.0
129.0
373.5
99.0
217.5
223.5
21.0
300.0
148.5
321.0
127.5
193.5
217.5
258.0
327.0
39.0
90.0
324.0
52.5
46.5
532.5
244.5
586.5
105.0
645.0
541.5
115.5
40.5
340.5
253.5
33.0
223.5
298.5
255.0
147.0
198.0
106.5
217.5
69.0
111.0
309.0
40.5
325.5
597.0
129.0
303.0
349.5
285.0
255.0
81.0
466.5
436.5
171.0
472.5
250.5
376.5
261.0
121.5
88.5
243.0
144.0
124.5
183.0
141.0
82.5
213.0
241.5
181.5
108.0
147.0
126.0
162.0
165.0
301.5
210.0
82.5
105.0
537.0
546.0
448.5
424.5
151.5
432.0
426.0
444.0
484.5
157.5
195.0
387.0
162.0
120.0
145.5
355.5
324.0
505.5
600.0
309.0
72.0
120.0
400.5
142.5
333.0
75.0
114.0
370.5
351.0
51.0
303.0
625.5
157.5
96.0
153.0
151.5
118.5
442.5
106.5
291.0
93.0
172.5
237.0
357.0
283.5
106.5
204.0
231.0
267.0
234.0
646.5
430.5
124.5
115.5
99.0
114.0
61.5
457.5
310.5
831.0
162.0
75.0
439.5
69.0
181.5
147.0
381.0
369.0
130.5
157.5
397.5
132.0
214.5
243.0
277.5
216.0
216.0
315.0
352.5
355.5
133.5
343.5
163.5
375.0
352.5
153.0
162.0
349.5
135.0
282.0
237.0
183.0
55.5
322.5
297.0
169.5
172.5
244.5
192.0
106.5
109.5
837.0
37.5
213.0
373.5
120.0
1015.5
90.0
337.5
166.5
478.5
232.5
222.0
552.0
171.0
298.5
168.0
184.5
157.5
159.0
142.5
169.5
147.0
423.0
220.5
166.5
124.5
225.0
114.0
112.5
207.0
160.5
238.5
177.0
279.0
334.5
330.0
247.5
391.5
453.0
528.0
210.0
265.5
145.5
399.0
154.5
213.0
25.5
213.0
592.5
168.0
240.0
649.5
267.0
54.0
228.0
202.5
93.0
256.5
336.0
274.5
357.0
702.0
120.0
130.5
90.0
135.0
346.5
357.0
190.5
207.0
327.0
163.5
267.0
274.5
216.0
658.5
399.0
181.5
126.0
274.5
277.5
106.5
156.0
114.0
154.5
276.0
237.0
124.5
567.0
165.0
216.0
27.0
123.0
265.5
444.0
310.5
298.5
270.0
43.5
370.5
133.5
76.5
378.0
130.5
438.0
78.0
262.5
346.5
381.0
210.0
348.0
370.5
256.5
163.5
307.5
117.0
363.0
279.0
496.5
207.0
186.0
144.0
124.5
7.5
402.0
112.5
156.0
177.0
105.0
96.0
198.0
220.5
352.5
171.0
171.0
457.5
58.5
462.0
78.0
487.5
367.5
208.5
471.0
135.0
180.0
177.0
166.5
484.5
67.5
262.5
91.5
99.0
294.0
627.0
226.5
460.5
315.0
646.5
309.0
300.0
243.0
169.5
66.0
270.0
424.5
198.0
268.5
153.0
384.0
190.5
258.0
117.0
205.5
433.5
516.0
325.5
37.5
153.0
234.0
210.0
186.0
144.0
70.5
265.5
484.5
198.0
124.5
132.0
133.5
196.5
15.0
60.0
306.0
532.5
375.0
567.0
373.5
90.0
64.5
130.5
117.0
61.5
163.5
195.0
151.5
121.5
214.5
90.0
328.5
153.0
340.5
447.0
100.5
130.5
405.0
24.0
285.0
124.5
336.0
60.0
160.5
154.5
385.5
250.5
261.0
178.5
534.0
349.5
295.5
321.0
376.5
78.0
430.5
183.0
217.5
528.0
678.0
192.0
225.0
250.5
103.5
408.0
39.0
171.0
48.0
331.5
357.0
295.5
193.5
78.0
439.5
358.5
580.5
93.0
402.0
171.0
463.5
135.0
510.0
583.5
349.5
160.5
426.0
243.0
180.0
576.0
88.5
426.0
510.0
307.5
376.5
204.0
355.5
100.5
169.5
288.0
310.5
232.5
232.5
156.0
255.0
67.5
133.5
283.5
175.5
427.5
432.0
625.5
249.0
268.5
145.5
93.0
343.5
298.5
219.0
492.0
217.5
285.0
228.0
154.5
310.5
271.5
60.0
210.0
568.5
285.0
192.0
70.5
304.5
322.5
205.5
343.5
154.5
243.0
483.0
249.0
292.5
265.5
288.0
160.5
387.0
16.5
64.5
169.5
193.5
100.5
160.5
256.5
204.0
334.5
561.0
120.0
529.5
148.5
52.5
220.5
403.5
330.0
223.5
141.0
210.0
627.0
604.5
369.0
133.5
90.0
187.5
229.5
136.5
523.5
426.0
270.0
228.0
261.0
72.0
252.0
175.5
328.5
177.0
174.0
337.5
370.5
169.5
190.5
124.5
169.5
204.0
171.0
204.0
103.5
441.0
259.5
234.0
219.0
408.0
127.5
199.5
90.0
564.0
82.5
114.0
21.0
415.5
219.0
76.5
235.5
189.0
90.0
294.0
298.5
294.0
165.0
90.0
283.5
259.5
256.5
295.5
222.0
123.0
159.0
273.0
208.5
172.5
111.0
163.5
447.0
321.0
70.5
354.0
276.0
165.0
216.0
465.0
541.5
151.5
363.0
234.0
264.0
249.0
211.5
181.5
255.0
238.5
214.5
523.5
537.0
310.5
310.5
303.0
354.0
466.5
252.0
354.0
352.5
429.0
241.5
117.0
252.0
597.0
337.5
312.0
201.0
204.0
154.5
178.5
174.0
304.5
415.5
174.0
519.0
195.0
285.0
111.0
358.5
121.5
60.0
255.0
145.5
69.0
198.0
361.5
717.0
322.5
127.5
163.5
169.5
151.5
48.0
207.0
594.0
199.5
225.0
187.5
189.0
276.0
180.0
259.5
351.0
136.5
189.0
522.0
622.5
121.5
84.0
501.0
376.5
189.0
310.5
559.5
136.5
199.5
163.5
675.0
202.5
436.5
85.5
708.0
741.0
162.0
526.5
397.5
376.5
171.0
354.0
304.5
151.5
318.0
130.5
264.0
321.0
262.5
156.0
300.0
487.5
163.5
120.0
334.5
226.5
405.0
274.5
423.0
276.0
349.5
150.0
256.5
153.0
85.5
454.5
141.0
427.5
291.0
106.5
235.5
160.5
94.5
144.0
496.5
87.0
210.0
274.5
493.5
247.5
337.5
100.5
238.5
330.0
442.5
87.0
87.0
133.5
130.5
154.5
166.5
70.5
186.0
144.0
580.5
130.5
166.5
148.5
372.0
150.0
135.0
223.5
289.5
139.5
129.0
255.0
126.0
171.0
160.5
172.5
177.0
306.0
363.0
318.0
102.0
261.0
445.5
690.0
72.0
129.0
325.5
331.5
364.5
420.0
388.5
120.0
472.5
403.5
171.0
457.5
264.0
417.0
207.0
346.5
106.5
255.0
99.0
234.0
30.0
432.0
255.0
334.5
381.0
721.5
583.5
151.5
70.5
609.0
217.5
64.5
49.5
151.5
118.5
207.0
87.0
133.5
466.5
271.5
376.5
238.5
250.5
204.0
232.5
241.5
175.5
105.0
244.5
120.0
184.5
102.0
604.5
349.5
343.5
307.5
189.0
219.0
282.0
198.0
169.5
274.5
562.5
61.5
454.5
100.5
294.0
790.5
66.0
345.0
249.0
361.5
457.5
655.5
319.5
141.0
577.5
136.5
261.0
111.0
48.0
168.0
51.0
318.0
205.5
243.0
205.5
51.0
327.0
394.5
180.0
258.0
465.0
141.0
534.0
409.5
210.0
381.0
387.0
193.5
265.5
367.5
142.5
96.0
204.0
207.0
282.0
265.5
243.0
246.0
292.5
430.5
555.0
211.5
132.0
342.0
70.5
87.0
169.5
187.5
238.5
193.5
370.5
367.5
279.0
256.5
354.0
490.5
204.0
406.5
64.5
157.5
427.5
192.0
241.5
225.0
297.0
261.0
276.0
247.5
15.0
270.0
325.5
432.0
195.0
49.5
259.5
207.0
189.0
256.5
501.0
84.0
352.5
229.5
66.0
229.5
93.0
186.0
484.5
396.0
196.5
195.0
445.5
100.5
567.0
165.0
288.0
339.0
327.0
279.0
345.0
400.5
291.0
165.0
402.0
133.5
319.5
94.5
127.5
117.0
73.5
343.5
166.5
243.0
363.0
226.5
493.5
295.5
198.0
265.5
154.5
186.0
333.0
84.0
342.0
561.0
336.0
247.5
232.5
129.0
409.5
121.5
586.5
405.0
306.0
172.5
120.0
223.5
333.0
238.5
60.0
429.0
184.5
232.5
190.5
552.0
399.0
244.5
333.0
108.0
310.5
261.0
691.5
193.5
285.0
378.0
294.0
166.5
166.5
294.0
63.0
159.0
211.5
84.0
225.0
259.5
159.0
115.5
289.5
166.5
219.0
63.0
100.5
408.0
252.0
396.0
298.5
174.0
166.5
132.0
60.0
439.5
55.5
229.5
250.5
153.0
169.5
484.5
84.0
307.5
414.0
208.5
303.0
85.5
369.0
121.5
88.5
630.0
175.5
567.0
246.0
387.0
147.0
402.0
226.5
403.5
132.0
231.0
261.0
661.5
331.5
21.0
144.0
270.0
364.5
54.0
135.0
238.5
241.5
189.0
202.5
442.5
22.5
222.0
228.0
166.5
183.0
375.0
733.5
282.0
183.0
345.0
357.0
231.0
576.0
217.5
274.5
106.5
282.0
474.0
114.0
246.0
253.5
178.5
144.0
196.5
147.0
33.0
123.0
126.0
186.0
288.0
138.0
234.0
88.5
270.0
93.0
73.5
228.0
157.5
172.5
204.0
226.5
148.5
331.5
333.0
460.5
183.0
271.5
334.5
133.5
348.0
556.5
691.5
331.5
19.5
163.5
426.0
385.5
534.0
210.0
444.0
217.5
393.0
217.5
271.5
246.0
253.5
249.0
763.5
151.5
246.0
348.0
276.0
87.0
181.5
252.0
99.0
151.5
90.0
174.0
300.0
273.0
294.0
396.0
448.5
600.0
210.0
156.0
454.5
295.5
319.5
129.0
238.5
163.5
336.0
379.5
406.5
232.5
186.0
544.5
486.0
205.5
63.0
424.5
99.0
469.5
79.5
103.5
240.0
186.0
64.5
595.5
244.5
97.5
427.5
22.5
177.0
396.0
220.5
96.0
240.0
183.0
148.5
489.0
160.5
325.5
192.0
237.0
217.5
148.5
471.0
75.0
321.0
241.5
232.5
223.5
100.5
183.0
138.0
106.5
189.0
538.5
67.5
70.5
138.0
60.0
579.0
297.0
115.5
55.5
172.5
334.5
198.0
243.0
231.0
175.5
138.0
88.5
106.5
66.0
301.5
205.5
249.0
109.5
183.0
208.5
51.0
291.0
351.0
106.5
381.0
187.5
312.0
249.0
310.5
99.0
246.0
73.5
87.0
75.0
207.0
628.5
162.0
124.5
96.0
171.0
573.0
363.0
330.0
417.0
562.5
345.0
112.5
166.5
210.0
189.0
577.5
153.0
535.5
75.0
244.5
213.0
129.0
111.0
588.0
277.5
79.5
256.5
36.0
198.0
72.0
94.5
297.0
16.5
177.0
570.0
57.0
145.5
193.5
333.0
324.0
321.0
412.5
445.5
252.0
562.5
369.0
540.0
163.5
256.5
172.5
262.5
16.5
183.0
45.0
346.5
343.5
300.0
358.5
379.5
768.0
274.5
72.0
291.0
127.5
148.5
138.0
234.0
222.0
112.5
195.0
108.0
349.5
265.5
489.0
123.0
480.0
250.5
177.0
49.5
310.5
252.0
256.5
478.5
97.5
58.5
258.0
325.5
210.0
441.0
276.0
324.0
279.0
15.0
318.0
190.5
69.0
366.0
430.5
276.0
183.0
213.0
594.0
196.5
97.5
376.5
340.5
147.0
378.0
82.5
280.5
420.0
30.0
408.0
144.0
268.5
177.0
222.0
178.5
327.0
169.5
169.5
219.0
33.0
114.0
148.5
307.5
120.0
250.5
30.0
249.0
103.5
246.0
265.5
123.0
139.5
114.0
184.5
180.0
367.5
507.0
178.5
430.5
219.0
373.5
49.5
223.5
193.5
45.0
411.0
58.5
201.0
207.0
378.0
259.5
255.0
135.0
178.5
142.5
159.0
121.5
217.5
216.0
843.0
312.0
808.5
616.5
153.0
213.0
127.5
165.0
97.5
355.5
117.0
477.0
463.5
454.5
528.0
231.0
267.0
630.0
46.5
193.5
246.0
222.0
253.5
345.0
13.5
225.0
390.0
588.0
237.0
126.0
111.0
228.0
36.0
430.5
463.5
174.0
172.5
207.0
319.5
475.5
22.5
463.5
145.5
172.5
378.0
222.0
489.0
603.0
138.0
201.0
385.5
333.0
213.0
459.0
399.0
264.0
360.0
264.0
4.5
397.5
184.5
141.0
367.5
352.5
262.5
280.5
252.0
99.0
355.5
141.0
127.5
327.0
282.0
277.5
129.0
345.0
409.5
37.5
135.0
228.0
450.0
88.5
123.0
261.0
406.5
297.0
376.5
249.0
424.5
466.5
208.5
133.5
192.0
478.5
421.5
585.0
138.0
315.0
249.0
163.5
226.5
208.5
414.0
184.5
282.0
174.0
229.5
447.0
322.5
202.5
184.5
91.5
567.0
81.0
270.0
159.0
351.0
135.0
46.5
309.0
439.5
585.0
87.0
439.5
348.0
186.0
562.5
222.0
517.5
142.5
54.0
207.0
117.0
354.0
73.5
72.0
529.5
276.0
319.5
384.0
187.5
84.0
424.5
390.0
441.0
226.5
22.5
262.5
258.0
124.5
81.0
187.5
154.5
298.5
132.0
261.0
606.0
75.0
421.5
210.0
259.5
465.0
127.5
229.5
334.5
261.0
492.0
232.5
159.0
318.0
124.5
126.0
91.5
364.5
157.5
313.5
370.5
285.0
391.5
42.0
298.5
234.0
418.5
159.0
148.5
396.0
400.5
150.0
33.0
217.5
334.5
499.5
214.5
292.5
232.5
225.0
121.5
129.0
202.5
256.5
358.5
151.5
91.5
274.5
528.0
484.5
201.0
184.5
660.0
240.0
438.0
139.5
141.0
120.0
324.0
96.0
136.5
6.0
49.5
57.0
790.5
51.0
58.5
187.5
403.5
102.0
174.0
747.0
357.0
300.0
204.0
165.0
229.5
376.5
588.0
327.0
121.5
300.0
511.5
247.5
52.5
133.5
42.0
138.0
183.0
253.5
657.0
354.0
90.0
231.0
654.0
244.5
69.0
376.5
255.0
409.5
201.0
381.0
105.0
153.0
195.0
402.0
378.0
171.0
306.0
195.0
505.5
79.5
109.5
187.5
333.0
193.5
349.5
199.5
186.0
282.0
148.5
201.0
346.5
144.0
225.0
138.0
270.0
144.0
279.0
237.0
57.0
460.5
427.5
139.5
298.5
363.0
126.0
142.5
334.5
12.0
114.0
307.5
282.0
96.0
87.0
357.0
258.0
211.5
132.0
454.5
877.5
148.5
159.0
276.0
451.5
406.5
148.5
172.5
343.5
457.5
627.0
153.0
141.0
354.0
138.0
331.5
55.5
108.0
511.5
250.5
340.5
384.0
126.0
283.5
64.5
514.5
196.5
375.0
81.0
148.5
190.5
333.0
172.5
75.0
79.5
189.0
394.5
100.5
411.0
297.0
382.5
574.5
403.5
393.0
118.5
106.5
355.5
213.0
148.5
370.5
142.5
417.0
384.0
103.5
277.5
90.0
177.0
235.5
298.5
46.5
99.0
127.5
319.5
238.5
262.5
177.0
247.5
420.0
130.5
106.5
93.0
409.5
213.0
51.0
135.0
217.5
306.0
231.0
55.5
232.5
268.5
282.0
49.5
316.5
394.5
181.5
214.5
295.5
486.0
241.5
253.5
595.5
18.0
340.5
183.0
274.5
280.5
264.0
148.5
142.5
147.0
180.0
252.0
361.5
454.5
168.0
136.5
343.5
69.0
390.0
156.0
127.5
63.0
193.5
361.5
138.0
334.5
241.5
331.5
601.5
225.0
277.5
220.5
96.0
210.0
202.5
165.0
157.5
120.0
102.0
438.0
571.5
423.0
178.5
252.0
268.5
99.0
228.0
162.0
313.5
177.0
250.5
255.0
229.5
171.0
139.5
192.0
75.0
129.0
369.0
256.5
154.5
448.5
162.0
192.0
550.5
210.0
700.5
414.0
531.0
118.5
190.5
319.5
576.0
220.5
318.0
433.5
157.5
180.0
135.0
310.5
346.5
106.5
156.0
259.5
94.5
93.0
258.0
105.0
393.0
85.5
138.0
64.5
142.5
448.5
282.0
196.5
246.0
192.0
61.5
273.0
286.5
70.5
256.5
166.5
150.0
724.5
135.0
255.0
316.5
114.0
451.5
156.0
213.0
36.0
163.5
174.0
276.0
195.0
214.5
426.0
312.0
195.0
339.0
219.0
220.5
312.0
142.5
526.5
138.0
556.5
322.5
217.5
213.0
253.5
153.0
94.5
297.0
396.0
183.0
108.0
154.5
238.5
141.0
121.5
222.0
156.0
436.5
418.5
55.5
186.0
261.0
388.5
394.5
246.0
316.5
256.5
28.5
273.0
121.5
472.5
150.0
118.5
199.5
384.0
135.0
207.0
112.5
321.0
394.5
208.5
376.5
301.5
60.0
252.0
457.5
402.0
274.5
228.0
241.5
207.0
153.0
148.5
249.0
207.0
231.0
324.0
307.5
457.5
292.5
558.0
75.0
115.5
127.5
255.0
394.5
121.5
148.5
304.5
136.5
115.5
117.0
123.0
435.0
589.5
171.0
253.5
606.0
348.0
382.5
88.5
276.0
432.0
129.0
375.0
189.0
106.5
520.5
51.0
115.5
213.0
33.0
295.5
223.5
370.5
93.0
268.5
154.5
96.0
421.5
135.0
562.5
247.5
238.5
465.0
447.0
556.5
531.0
520.5
388.5
448.5
72.0
550.5
403.5
130.5
220.5
318.0
552.0
385.5
64.5
346.5
105.0
694.5
139.5
187.5
267.0
408.0
114.0
237.0
309.0
178.5
421.5
165.0
66.0
136.5
231.0
219.0
375.0
184.5
142.5
120.0
435.0
451.5
75.0
231.0
343.5
337.5
190.5
255.0
679.5
216.0
447.0
120.0
66.0
100.5
294.0
378.0
489.0
304.5
475.5
132.0
310.5
486.0
154.5
228.0
241.5
175.5
253.5
424.5
61.5
130.5
238.5
219.0
535.5
211.5
153.0
136.5
258.0
118.5
375.0
75.0
109.5
33.0
531.0
255.0
598.5
384.0
238.5
226.5
516.0
460.5
208.5
54.0
166.5
166.5
304.5
376.5
259.5
178.5
277.5
496.5
208.5
126.0
192.0
343.5
367.5
213.0
144.0
766.5
385.5
217.5
193.5
156.0
766.5
156.0
112.5
480.0
345.0
72.0
297.0
357.0
472.5
171.0
235.5
132.0
316.5
40.5
112.5
378.0
76.5
309.0
25.5
219.0
250.5
130.5
415.5
90.0
346.5
198.0
331.5
246.0
193.5
73.5
541.5
316.5
145.5
453.0
289.5
166.5
409.5
234.0
129.0
153.0
217.5
444.0
511.5
507.0
579.0
282.0
172.5
147.0
372.0
39.0
55.5
352.5
25.5
201.0
93.0
303.0
382.5
289.5
460.5
219.0
238.5
187.5
501.0
189.0
549.0
190.5
331.5
303.0
258.0
124.5
355.5
432.0
187.5
105.0
340.5
214.5
76.5
156.0
339.0
175.5
274.5
471.0
324.0
249.0
225.0
102.0
120.0
271.5
70.5
253.5
489.0
207.0
213.0
370.5
907.5
232.5
439.5
351.0
145.5
411.0
220.5
114.0
94.5
72.0
204.0
363.0
352.5
202.5
39.0
138.0
310.5
135.0
55.5
571.5
328.5
187.5
561.0
505.5
115.5
270.0
526.5
340.5
564.0
84.0
81.0
127.5
228.0
514.5
484.5
244.5
120.0
69.0
25.5
460.5
67.5
97.5
442.5
168.0
331.5
49.5
309.0
133.5
195.0
93.0
231.0
25.5
187.5
148.5
102.0
225.0
169.5
115.5
175.5
340.5
843.0
286.5
127.5
112.5
177.0
435.0
580.5
580.5
262.5
412.5
357.0
265.5
192.0
160.5
217.5
67.5
262.5
307.5
315.0
219.0
52.5
127.5
109.5
43.5
306.0
49.5
244.5
160.5
115.5
79.5
171.0
139.5
115.5
136.5
141.0
222.0
340.5
475.5
333.0
162.0
132.0
594.0
778.5
187.5
31.5
132.0
307.5
208.5
340.5
153.0
33.0
123.0
109.5
180.0
562.5
249.0
217.5
234.0
193.5
409.5
184.5
567.0
370.5
417.0
297.0
214.5
261.0
286.5
355.5
225.0
73.5
159.0
210.0
187.5
213.0
160.5
172.5
802.5
207.0
466.5
294.0
295.5
394.5
82.5
334.5
159.0
205.5
180.0
210.0
243.0
292.5
198.0
82.5
157.5
270.0
216.0
132.0
411.0
51.0
172.5
196.5
336.0
135.0
450.0
243.0
204.0
103.5
573.0
301.5
303.0
373.5
733.5
268.5
76.5
439.5
228.0
549.0
163.5
261.0
438.0
96.0
135.0
118.5
49.5
270.0
325.5
171.0
144.0
577.5
109.5
252.0
145.5
361.5
441.0
240.0
246.0
289.5
57.0
96.0
300.0
135.0
187.5
202.5
259.5
282.0
93.0
240.0
183.0
31.5
438.0
138.0
139.5
240.0
75.0
141.0
165.0
138.0
187.5
49.5
184.5
100.5
312.0
433.5
64.5
207.0
192.0
184.5
45.0
117.0
130.5
576.0
204.0
103.5
108.0
298.5
478.5
315.0
88.5
615.0
250.5
255.0
451.5
15.0
400.5
408.0
145.5
184.5
133.5
208.5
280.5
537.0
237.0
316.5
37.5
151.5
207.0
289.5
555.0
85.5
100.5
81.0
513.0
165.0
327.0
139.5
267.0
145.5
468.0
222.0
264.0
429.0
99.0
162.0
384.0
622.5
288.0
291.0
355.5
153.0
147.0
232.5
196.5
304.5
52.5
307.5
313.5
169.5
58.5
130.5
307.5
391.5
553.5
100.5
427.5
309.0
343.5
319.5
445.5
228.0
397.5
556.5
373.5
166.5
475.5
252.0
277.5
583.5
102.0
382.5
333.0
214.5
448.5
976.5
121.5
558.0
304.5
124.5
385.5
343.5
91.5
108.0
147.0
426.0
453.0
342.0
178.5
292.5
258.0
63.0
328.5
468.0
187.5
97.5
462.0
195.0
243.0
135.0
480.0
387.0
301.5
82.5
307.5
336.0
450.0
328.5
148.5
337.5
219.0
375.0
187.5
241.5
339.0
139.5
133.5
28.5
118.5
400.5
94.5
331.5
168.0
75.0
351.0
232.5
175.5
171.0
640.5
196.5
189.0
100.5
300.0
199.5
418.5
102.0
100.5
190.5
222.0
96.0
64.5
544.5
577.5
331.5
642.0
531.0
337.5
333.0
228.0
462.0
394.5
166.5
63.0
379.5
253.5
414.0
373.5
262.5
684.0
574.5
397.5
118.5
579.0
315.0
151.5
246.0
381.0
295.5
102.0
88.5
259.5
268.5
388.5
91.5
136.5
553.5
300.0
139.5
334.5
271.5
180.0
160.5
81.0
76.5
453.0
169.5
84.0
292.5
79.5
493.5
366.0
211.5
19.5
73.5
265.5
316.5
763.5
352.5
313.5
151.5
321.0
201.0
142.5
484.5
330.0
147.0
268.5
279.0
327.0
526.5
211.5
496.5
229.5
213.0
277.5
22.5
265.5
72.0
3.0
163.5
141.0
153.0
150.0
264.0
231.0
235.5
189.0
153.0
255.0
78.0
348.0
129.0
214.5
196.5
105.0
121.5
393.0
115.5
375.0
544.5
142.5
286.5
100.5
25.5
246.0
73.5
183.0
315.0
148.5
315.0
249.0
85.5
531.0
69.0
216.0
166.5
373.5
255.0
70.5
64.5
445.5
205.5
180.0
106.5
85.5
97.5
246.0
49.5
130.5
270.0
490.5
237.0
286.5
415.5
186.0
663.0
190.5
79.5
219.0
156.0
309.0
348.0
547.5
135.0
613.5
244.5
147.0
267.0
210.0
201.0
355.5
303.0
237.0
151.5
114.0
490.5
330.0
84.0
163.5
385.5
268.5
213.0
66.0
633.0
276.0
264.0
139.5
108.0
33.0
286.5
87.0
382.5
121.5
133.5
217.5
96.0
120.0
163.5
55.5
112.5
100.5
187.5
181.5
115.5
310.5
283.5
222.0
241.5
55.5
31.5
108.0
90.0
66.0
168.0
214.5
520.5
378.0
100.5
204.0
205.5
142.5
111.0
225.0
151.5
277.5
123.0
264.0
307.5
360.0
84.0
424.5
535.5
324.0
259.5
361.5
247.5
282.0
450.0
192.0
105.0
133.5
400.5
417.0
126.0
163.5
193.5
132.0
526.5
205.5
81.0
201.0
163.5
93.0
76.5
225.0
123.0
37.5
457.5
97.5
63.0
157.5
477.0
7.5
156.0
111.0
328.5
397.5
87.0
241.5
256.5
388.5
165.0
285.0
156.0
238.5
432.0
244.5
214.5
480.0
100.5
10.5
457.5
481.5
57.0
327.0
124.5
61.5
112.5
264.0
253.5
96.0
540.0
70.5
223.5
139.5
205.5
402.0
195.0
42.0
27.0
232.5
228.0
240.0
132.0
190.5
373.5
354.0
225.0
325.5
172.5
148.5
504.0
310.5
192.0
321.0
55.5
949.5
60.0
342.0
109.5
379.5
360.0
445.5
171.0
591.0
462.0
307.5
606.0
309.0
124.5
456.0
330.0
111.0
310.5
375.0
199.5
691.5
402.0
135.0
39.0
54.0
225.0
297.0
208.5
435.0
165.0
348.0
42.0
324.0
186.0
268.5
171.0
121.5
114.0
306.0
444.0
298.5
181.5
310.5
175.5
210.0
211.5
24.0
270.0
355.5
385.5
289.5
162.0
150.0
204.0
93.0
118.5
81.0
523.5
369.0
69.0
135.0
265.5
156.0
429.0
309.0
196.5
313.5
19.5
133.5
366.0
283.5
141.0
172.5
169.5
123.0
451.5
621.0
127.5
226.5
160.5
345.0
466.5
154.5
103.5
135.0
403.5
265.5
465.0
199.5
166.5
295.5
261.0
226.5
571.5
324.0
78.0
129.0
528.0
240.0
435.0
103.5
247.5
276.0
96.0
304.5
177.0
577.5
226.5
679.5
73.5
184.5
61.5
204.0
166.5
301.5
175.5
334.5
319.5
187.5
109.5
132.0
118.5
265.5
174.0
148.5
478.5
234.0
103.5
261.0
588.0
307.5
145.5
220.5
172.5
777.0
144.0
177.0
435.0
258.0
291.0
391.5
81.0
360.0
379.5
91.5
256.5
529.5
324.0
156.0
189.0
42.0
514.5
360.0
40.5
229.5
487.5
133.5
214.5
709.5
213.0
289.5
120.0
406.5
142.5
369.0
463.5
69.0
451.5
201.0
117.0
46.5
84.0
48.0
343.5
241.5
262.5
267.0
316.5
250.5
135.0
364.5
319.5
102.0
201.0
211.5
370.5
108.0
307.5
493.5
624.0
118.5
255.0
343.5
124.5
457.5
66.0
58.5
141.0
93.0
96.0
94.5
198.0
154.5
63.0
142.5
592.5
264.0
160.5
516.0
232.5
325.5
312.0
247.5
132.0
142.5
268.5
321.0
466.5
358.5
219.0
154.5
55.5
288.0
73.5
148.5
97.5
423.0
379.5
270.0
465.0
165.0
373.5
147.0
327.0
415.5
151.5
507.0
190.5
109.5
165.0
316.5
198.0
204.0
105.0
220.5
274.5
309.0
244.5
258.0
103.5
154.5
613.5
559.5
49.5
33.0
250.5
97.5
94.5
241.5
294.0
126.0
216.0
397.5
783.0
220.5
229.5
43.5
225.0
99.0
207.0
603.0
52.5
267.0
337.5
177.0
99.0
127.5
222.0
334.5
261.0
178.5
75.0
546.0
561.0
343.5
469.5
306.0
279.0
99.0
312.0
213.0
184.5
115.5
