891.0
358.5
88.5
357.0
619.5
148.5
676.5
225.0
420.0
168.0
369.0
127.5
364.5
670.5
769.5
382.5
523.5
279.0
70.5
450.0
622.5
211.5
268.5
91.5
313.5
720.0
151.5
234.0
189.0
414.0
336.0
135.0
550.5
249.0
462.0
108.0
286.5
297.0
159.0
372.0
180.0
304.5
264.0
943.5
559.5
138.0
301.5
319.5
309.0
348.0
637.5
598.5
144.0
475.5
424.5
36.0
660.0
1150.5
535.5
289.5
375.0
1197.0
817.5
321.0
589.5
655.5
69.0
330.0
292.5
69.0
613.5
571.5
810.0
679.5
300.0
115.5
862.5
306.0
339.0
220.5
394.5
528.0
313.5
526.5
493.5
274.5
982.5
564.0
441.0
214.5
912.0
549.0
1062.0
250.5
355.5
376.5
166.5
129.0
867.0
462.0
160.5
619.5
288.0
402.0
706.5
346.5
649.5
109.5
771.0
351.0
895.5
355.5
267.0
70.5
208.5
228.0
543.0
180.0
99.0
151.5
388.5
192.0
589.5
397.5
517.5
409.5
600.0
625.5
219.0
435.0
591.0
490.5
1117.5
240.0
526.5
324.0
351.0
166.5
201.0
466.5
861.0
622.5
178.5
235.5
612.0
66.0
447.0
1102.5
264.0
345.0
220.5
787.5
591.0
313.5
204.0
156.0
174.0
81.0
697.5
445.5
315.0
271.5
244.5
420.0
666.0
310.5
477.0
285.0
999.0
72.0
276.0
259.5
432.0
475.5
564.0
633.0
433.5
117.0
459.0
354.0
361.5
612.0
334.5
1128.0
88.5
193.5
460.5
363.0
165.0
840.0
456.0
415.5
261.0
208.5
580.5
192.0
679.5
342.0
238.5
126.0
981.0
118.5
852.0
166.5
229.5
411.0
108.0
243.0
376.5
186.0
693.0
646.5
703.5
607.5
433.5
619.5
357.0
151.5
345.0
447.0
129.0
309.0
222.0
34.5
354.0
130.5
202.5
633.0
250.5
268.5
370.5
304.5
105.0
675.0
195.0
490.5
210.0
547.5
165.0
109.5
103.5
25.5
150.0
256.5
237.0
186.0
397.5
261.0
192.0
181.5
171.0
187.5
364.5
789.0
249.0
267.0
43.5
592.5
775.5
331.5
204.0
97.5
276.0
291.0
259.5
156.0
600.0
378.0
117.0
294.0
58.5
243.0
97.5
322.5
234.0
504.0
625.5
946.5
154.5
853.5
351.0
543.0
454.5
451.5
756.0
750.0
384.0
504.0
270.0
454.5
484.5
183.0
270.0
162.0
258.0
265.5
837.0
327.0
451.5
192.0
282.0
423.0
441.0
250.5
559.5
241.5
519.0
319.5
463.5
564.0
310.5
196.5
514.5
361.5
712.5
541.5
226.5
109.5
904.5
246.0
450.0
244.5
360.0
429.0
252.0
519.0
282.0
822.0
171.0
205.5
547.5
265.5
261.0
280.5
673.5
12.0
123.0
387.0
66.0
435.0
871.5
129.0
546.0
499.5
264.0
210.0
852.0
762.0
552.0
366.0
330.0
126.0
274.5
406.5
255.0
508.5
223.5
247.5
136.5
627.0
223.5
306.0
193.5
318.0
123.0
381.0
300.0
565.5
762.0
228.0
121.5
480.0
301.5
103.5
699.0
1357.5
252.0
504.0
744.0
541.5
837.0
330.0
225.0
309.0
120.0
222.0
273.0
375.0
393.0
301.5
766.5
283.5
298.5
265.5
49.5
886.5
606.0
166.5
486.0
921.0
289.5
303.0
192.0
127.5
321.0
165.0
202.5
204.0
928.5
424.5
1129.5
699.0
594.0
268.5
945.0
327.0
609.0
265.5
322.5
208.5
198.0
33.0
96.0
324.0
307.5
268.5
480.0
924.0
532.5
162.0
552.0
198.0
270.0
342.0
60.0
66.0
481.5
258.0
439.5
208.5
259.5
346.5
81.0
69.0
499.5
265.5
163.5
195.0
430.5
310.5
390.0
381.0
777.0
340.5
498.0
178.5
231.0
367.5
102.0
198.0
357.0
276.0
238.5
316.5
640.5
375.0
553.5
222.0
415.5
417.0
184.5
543.0
172.5
141.0
382.5
1159.5
327.0
307.5
657.0
312.0
97.5
600.0
442.5
276.0
697.5
216.0
264.0
1069.5
121.5
528.0
541.5
195.0
277.5
741.0
492.0
513.0
363.0
144.0
193.5
265.5
304.5
676.5
166.5
756.0
625.5
493.5
712.5
396.0
750.0
135.0
169.5
621.0
238.5
486.0
564.0
418.5
619.5
277.5
187.5
657.0
756.0
351.0
52.5
136.5
102.0
454.5
853.5
849.0
112.5
556.5
828.0
853.5
408.0
387.0
847.5
583.5
316.5
340.5
186.0
372.0
112.5
570.0
496.5
166.5
636.0
360.0
328.5
273.0
300.0
351.0
243.0
367.5
595.5
568.5
502.5
328.5
331.5
165.0
93.0
97.5
658.5
520.5
171.0
438.0
603.0
585.0
379.5
675.0
816.0
388.5
832.5
264.0
318.0
373.5
688.5
564.0
142.5
177.0
282.0
370.5
529.5
370.5
453.0
987.0
514.5
481.5
373.5
145.5
109.5
507.0
103.5
165.0
277.5
196.5
484.5
265.5
624.0
561.0
118.5
804.0
327.0
94.5
244.5
457.5
202.5
229.5
577.5
150.0
340.5
216.0
375.0
558.0
256.5
493.5
628.5
597.0
685.5
636.0
853.5
610.5
400.5
16.5
490.5
688.5
471.0
138.0
211.5
481.5
559.5
639.0
261.0
478.5
357.0
672.0
168.0
325.5
825.0
517.5
232.5
259.5
201.0
339.0
339.0
199.5
214.5
268.5
280.5
342.0
706.5
409.5
568.5
427.5
519.0
571.5
105.0
115.5
70.5
124.5
774.0
321.0
238.5
94.5
327.0
412.5
171.0
273.0
487.5
391.5
157.5
376.5
742.5
439.5
756.0
97.5
379.5
387.0
447.0
607.5
373.5
72.0
82.5
256.5
772.5
330.0
208.5
441.0
250.5
69.0
235.5
531.0
192.0
256.5
82.5
286.5
366.0
211.5
459.0
448.5
540.0
444.0
499.5
849.0
102.0
316.5
244.5
379.5
666.0
508.5
219.0
772.5
213.0
489.0
951.0
112.5
423.0
222.0
925.5
690.0
772.5
1003.5
840.0
204.0
690.0
454.5
583.5
321.0
468.0
472.5
241.5
277.5
853.5
186.0
517.5
264.0
685.5
201.0
451.5
567.0
117.0
1525.5
595.5
928.5
232.5
232.5
175.5
127.5
691.5
132.0
355.5
217.5
139.5
532.5
315.0
82.5
411.0
235.5
91.5
490.5
45.0
213.0
700.5
856.5
124.5
184.5
157.5
466.5
298.5
19.5
69.0
618.0
499.5
106.5
612.0
363.0
525.0
141.0
412.5
214.5
349.5
474.0
352.5
186.0
775.5
796.5
262.5
1162.5
378.0
211.5
157.5
220.5
661.5
441.0
318.0
181.5
340.5
282.0
373.5
244.5
622.5
190.5
46.5
417.0
381.0
321.0
175.5
81.0
586.5
484.5
193.5
328.5
418.5
370.5
250.5
294.0
450.0
328.5
210.0
229.5
234.0
61.5
880.5
799.5
339.0
153.0
58.5
339.0
351.0
462.0
64.5
411.0
594.0
367.5
519.0
871.5
159.0
735.0
859.5
337.5
336.0
238.5
846.0
442.5
928.5
112.5
477.0
841.5
292.5
399.0
1036.5
379.5
469.5
754.5
1096.5
577.5
873.0
846.0
946.5
346.5
304.5
1162.5
367.5
91.5
265.5
721.5
237.0
259.5
349.5
258.0
100.5
204.0
279.0
259.5
103.5
57.0
283.5
454.5
622.5
664.5
1054.5
577.5
918.0
913.5
357.0
462.0
99.0
1272.0
205.5
237.0
37.5
246.0
73.5
399.0
219.0
216.0
147.0
490.5
225.0
468.0
418.5
466.5
496.5
219.0
160.5
387.0
366.0
493.5
147.0
91.5
175.5
201.0
88.5
100.5
727.5
138.0
118.5
216.0
285.0
382.5
111.0
799.5
684.0
72.0
996.0
568.5
124.5
204.0
732.0
168.0
615.0
868.5
150.0
457.5
349.5
205.5
295.5
460.5
267.0
1177.5
303.0
774.0
405.0
763.5
76.5
25.5
328.5
505.5
162.0
546.0
324.0
499.5
663.0
226.5
448.5
814.5
48.0
124.5
183.0
589.5
369.0
330.0
510.0
717.0
106.5
250.5
204.0
159.0
573.0
342.0
301.5
312.0
228.0
145.5
178.5
334.5
246.0
217.5
76.5
475.5
255.0
319.5
426.0
508.5
85.5
621.0
264.0
363.0
400.5
361.5
853.5
474.0
669.0
264.0
222.0
385.5
561.0
352.5
159.0
313.5
469.5
460.5
451.5
360.0
277.5
193.5
180.0
148.5
190.5
295.5
504.0
1176.0
609.0
460.5
607.5
321.0
982.5
427.5
528.0
97.5
174.0
265.5
204.0
237.0
831.0
234.0
424.5
232.5
433.5
60.0
25.5
348.0
292.5
391.5
742.5
438.0
300.0
226.5
297.0
252.0
244.5
219.0
294.0
252.0
433.5
103.5
520.5
328.5
883.5
736.5
312.0
70.5
511.5
409.5
115.5
174.0
483.0
201.0
649.5
375.0
319.5
277.5
255.0
105.0
454.5
228.0
244.5
15.0
261.0
174.0
255.0
210.0
255.0
180.0
294.0
210.0
100.5
553.5
651.0
114.0
48.0
1020.0
243.0
264.0
61.5
267.0
94.5
648.0
367.5
340.5
1095.0
409.5
648.0
538.5
696.0
91.5
831.0
619.5
507.0
211.5
624.0
813.0
573.0
202.5
184.5
559.5
769.5
1203.0
714.0
216.0
252.0
222.0
220.5
219.0
312.0
339.0
628.5
247.5
486.0
388.5
147.0
34.5
228.0
273.0
153.0
79.5
148.5
480.0
304.5
118.5
426.0
123.0
337.5
210.0
220.5
427.5
279.0
255.0
304.5
208.5
57.0
363.0
576.0
501.0
286.5
301.5
552.0
213.0
384.0
180.0
384.0
289.5
306.0
528.0
256.5
567.0
97.5
382.5
390.0
111.0
324.0
228.0
379.5
198.0
267.0
366.0
543.0
219.0
1177.5
316.5
796.5
723.0
525.0
204.0
504.0
691.5
447.0
255.0
189.0
334.5
507.0
330.0
292.5
316.5
729.0
469.5
181.5
378.0
126.0
679.5
267.0
217.5
331.5
616.5
445.5
315.0
201.0
193.5
213.0
345.0
429.0
601.5
112.5
574.5
603.0
259.5
330.0
222.0
159.0
238.5
115.5
105.0
271.5
204.0
232.5
181.5
267.0
334.5
135.0
219.0
562.5
333.0
42.0
645.0
247.5
180.0
582.0
358.5
988.5
82.5
327.0
154.5
390.0
552.0
705.0
498.0
319.5
559.5
586.5
220.5
228.0
442.5
136.5
355.5
987.0
277.5
297.0
256.5
619.5
268.5
318.0
382.5
198.0
246.0
409.5
96.0
319.5
237.0
264.0
420.0
381.0
204.0
366.0
777.0
642.0
697.5
451.5
280.5
277.5
451.5
382.5
1458.0
837.0
897.0
129.0
241.5
340.5
1086.0
577.5
877.5
175.5
562.5
183.0
474.0
609.0
885.0
465.0
727.5
30.0
327.0
387.0
24.0
1008.0
616.5
286.5
235.5
435.0
931.5
328.5
675.0
502.5
819.0
375.0
301.5
669.0
370.5
462.0
220.5
316.5
597.0
229.5
126.0
478.5
198.0
339.0
123.0
231.0
922.5
163.5
426.0
579.0
712.5
1258.5
495.0
295.5
621.0
376.5
222.0
295.5
628.5
309.0
948.0
226.5
538.5
1029.0
328.5
280.5
570.0
384.0
165.0
438.0
736.5
426.0
126.0
313.5
114.0
600.0
264.0
697.5
546.0
528.0
372.0
201.0
63.0
166.5
772.5
231.0
123.0
501.0
166.5
675.0
606.0
393.0
378.0
720.0
888.0
582.0
432.0
358.5
570.0
198.0
216.0
1135.5
289.5
129.0
718.5
799.5
381.0
259.5
253.5
243.0
93.0
643.5
651.0
238.5
622.5
240.0
688.5
361.5
256.5
130.5
234.0
420.0
627.0
235.5
432.0
97.5
547.5
477.0
358.5
705.0
550.5
745.5
150.0
453.0
271.5
501.0
148.5
25.5
379.5
138.0
166.5
70.5
340.5
63.0
537.0
832.5
150.0
570.0
93.0
349.5
231.0
715.5
694.5
639.0
231.0
282.0
601.5
387.0
451.5
243.0
63.0
667.5
453.0
201.0
268.5
853.5
294.0
417.0
148.5
114.0
162.0
97.5
291.0
522.0
160.5
480.0
85.5
216.0
429.0
87.0
558.0
67.5
259.5
726.0
480.0
375.0
363.0
205.5
90.0
250.5
217.5
154.5
148.5
109.5
336.0
85.5
267.0
337.5
664.5
103.5
790.5
220.5
144.0
412.5
262.5
66.0
585.0
127.5
171.0
156.0
283.5
156.0
933.0
777.0
175.5
996.0
573.0
228.0
298.5
165.0
234.0
262.5
172.5
337.5
213.0
72.0
163.5
136.5
498.0
534.0
403.5
504.0
100.5
325.5
474.0
138.0
292.5
115.5
453.0
535.5
339.0
247.5
196.5
549.0
951.0
501.0
205.5
537.0
115.5
246.0
169.5
288.0
148.5
310.5
352.5
1062.0
88.5
582.0
610.5
507.0
171.0
184.5
424.5
825.0
1033.5
184.5
352.5
301.5
675.0
1246.5
687.0
510.0
526.5
324.0
549.0
325.5
223.5
280.5
348.0
139.5
313.5
388.5
108.0
537.0
199.5
448.5
274.5
969.0
709.5
157.5
132.0
234.0
351.0
195.0
246.0
196.5
739.5
219.0
715.5
121.5
153.0
270.0
886.5
300.0
261.0
457.5
157.5
397.5
132.0
1083.0
453.0
1195.5
142.5
235.5
240.0
436.5
330.0
328.5
465.0
316.5
441.0
256.5
361.5
303.0
531.0
738.0
612.0
90.0
270.0
174.0
375.0
333.0
105.0
249.0
573.0
408.0
342.0
333.0
469.5
907.5
273.0
597.0
462.0
297.0
291.0
145.5
129.0
324.0
604.5
174.0
397.5
588.0
267.0
556.5
1140.0
333.0
334.5
421.5
442.5
312.0
271.5
342.0
352.5
312.0
445.5
324.0
78.0
319.5
405.0
355.5
585.0
349.5
175.5
258.0
1090.5
283.5
475.5
420.0
474.0
438.0
175.5
133.5
798.0
217.5
654.0
835.5
568.5
354.0
652.5
232.5
564.0
154.5
439.5
711.0
426.0
516.0
316.5
211.5
280.5
516.0
189.0
394.5
294.0
216.0
207.0
214.5
714.0
432.0
172.5
336.0
330.0
84.0
309.0
111.0
255.0
219.0
310.5
150.0
351.0
139.5
451.5
465.0
438.0
1078.5
643.5
465.0
495.0
300.0
27.0
981.0
435.0
246.0
261.0
523.5
144.0
363.0
571.5
520.5
552.0
139.5
373.5
285.0
705.0
94.5
315.0
180.0
903.0
787.5
346.5
771.0
532.5
255.0
175.5
99.0
246.0
711.0
208.5
687.0
268.5
630.0
931.5
246.0
366.0
246.0
183.0
492.0
673.5
349.5
732.0
462.0
171.0
171.0
747.0
528.0
361.5
529.5
388.5
708.0
526.5
957.0
169.5
42.0
133.5
100.5
183.0
168.0
831.0
408.0
393.0
186.0
270.0
330.0
273.0
352.5
541.5
424.5
321.0
894.0
304.5
225.0
528.0
414.0
378.0
349.5
531.0
508.5
249.0
129.0
294.0
253.5
370.5
178.5
202.5
226.5
262.5
306.0
157.5
351.0
528.0
583.5
280.5
490.5
495.0
249.0
705.0
384.0
481.5
1090.5
601.5
441.0
696.0
1048.5
250.5
147.0
717.0
606.0
66.0
261.0
357.0
268.5
352.5
597.0
586.5
420.0
519.0
181.5
246.0
144.0
520.5
351.0
313.5
514.5
322.5
105.0
355.5
411.0
78.0
367.5
333.0
619.5
430.5
118.5
264.0
216.0
211.5
156.0
139.5
216.0
285.0
513.0
745.5
558.0
547.5
772.5
685.5
132.0
565.5
67.5
327.0
193.5
345.0
294.0
760.5
220.5
261.0
427.5
661.5
777.0
291.0
427.5
448.5
372.0
226.5
246.0
544.5
276.0
898.5
277.5
570.0
408.0
519.0
354.0
450.0
228.0
826.5
604.5
879.0
39.0
127.5
303.0
136.5
267.0
103.5
172.5
150.0
79.5
555.0
921.0
372.0
694.5
301.5
207.0
198.0
267.0
117.0
234.0
322.5
184.5
321.0
810.0
235.5
259.5
220.5
379.5
150.0
318.0
415.5
379.5
93.0
1057.5
609.0
549.0
73.5
786.0
586.5
211.5
154.5
204.0
189.0
369.0
378.0
601.5
28.5
648.0
576.0
105.0
130.5
436.5
234.0
342.0
237.0
97.5
691.5
484.5
231.0
282.0
417.0
316.5
1087.5
1074.0
451.5
606.0
483.0
346.5
151.5
121.5
597.0
240.0
310.5
427.5
429.0
135.0
243.0
147.0
279.0
193.5
180.0
171.0
220.5
259.5
298.5
768.0
295.5
636.0
138.0
202.5
370.5
579.0
499.5
394.5
156.0
183.0
291.0
613.5
717.0
1003.5
114.0
162.0
141.0
495.0
492.0
255.0
387.0
298.5
97.5
381.0
157.5
508.5
375.0
625.5
532.5
553.5
759.0
619.5
538.5
324.0
832.5
309.0
325.5
73.5
400.5
549.0
39.0
81.0
366.0
511.5
1062.0
235.5
522.0
156.0
579.0
312.0
337.5
610.5
613.5
244.5
139.5
345.0
414.0
309.0
229.5
241.5
682.5
771.0
744.0
423.0
352.5
618.0
75.0
361.5
388.5
280.5
384.0
529.5
246.0
379.5
445.5
136.5
142.5
492.0
159.0
447.0
207.0
186.0
469.5
774.0
267.0
222.0
96.0
378.0
429.0
292.5
312.0
234.0
349.5
12.0
355.5
829.5
106.5
565.5
421.5
454.5
232.5
511.5
157.5
484.5
201.0
423.0
903.0
298.5
225.0
709.5
357.0
388.5
297.0
319.5
585.0
363.0
238.5
397.5
553.5
231.0
784.5
769.5
571.5
711.0
526.5
333.0
289.5
168.0
823.5
292.5
474.0
709.5
327.0
376.5
283.5
189.0
720.0
255.0
538.5
721.5
640.5
402.0
93.0
175.5
529.5
267.0
282.0
283.5
826.5
189.0
327.0
231.0
465.0
490.5
249.0
100.5
112.5
153.0
267.0
508.5
268.5
540.0
732.0
76.5
174.0
171.0
84.0
384.0
271.5
190.5
298.5
394.5
336.0
489.0
202.5
253.5
120.0
952.5
682.5
115.5
363.0
310.5
304.5
318.0
190.5
325.5
301.5
214.5
304.5
58.5
538.5
403.5
231.0
250.5
187.5
330.0
229.5
474.0
396.0
216.0
114.0
403.5
631.5
190.5
447.0
310.5
702.0
39.0
325.5
169.5
235.5
340.5
579.0
972.0
88.5
520.5
604.5
273.0
367.5
88.5
243.0
232.5
456.0
384.0
229.5
535.5
970.5
1374.0
561.0
153.0
82.5
559.5
645.0
310.5
528.0
165.0
42.0
898.5
322.5
1221.0
159.0
640.5
672.0
417.0
156.0
643.5
727.5
709.5
274.5
237.0
553.5
286.5
244.5
60.0
496.5
411.0
262.5
831.0
324.0
175.5
154.5
156.0
405.0
679.5
808.5
208.5
282.0
570.0
615.0
340.5
762.0
445.5
492.0
819.0
799.5
409.5
417.0
313.5
693.0
67.5
702.0
151.5
156.0
249.0
262.5
334.5
652.5
126.0
220.5
879.0
291.0
669.0
225.0
271.5
553.5
504.0
171.0
211.5
531.0
772.5
120.0
403.5
355.5
178.5
747.0
636.0
111.0
348.0
382.5
58.5
360.0
79.5
261.0
742.5
376.5
687.0
235.5
330.0
516.0
340.5
250.5
156.0
312.0
405.0
544.5
303.0
159.0
409.5
430.5
565.5
157.5
783.0
379.5
399.0
280.5
346.5
610.5
186.0
865.5
129.0
909.0
414.0
126.0
184.5
231.0
375.0
184.5
331.5
420.0
700.5
331.5
465.0
184.5
667.5
99.0
259.5
234.0
610.5
283.5
424.5
363.0
255.0
439.5
621.0
661.5
282.0
355.5
102.0
619.5
225.0
589.5
583.5
102.0
190.5
246.0
721.5
141.0
502.5
181.5
102.0
243.0
334.5
804.0
883.5
600.0
223.5
720.0
771.0
63.0
505.5
405.0
574.5
517.5
636.0
604.5
144.0
219.0
256.5
211.5
345.0
502.5
150.0
963.0
799.5
231.0
513.0
220.5
382.5
282.0
382.5
141.0
990.0
207.0
135.0
301.5
232.5
432.0
255.0
316.5
177.0
235.5
459.0
375.0
499.5
447.0
213.0
64.5
103.5
232.5
276.0
99.0
349.5
327.0
538.5
687.0
423.0
583.5
391.5
787.5
160.5
43.5
430.5
211.5
996.0
910.5
543.0
654.0
1068.0
891.0
741.0
693.0
363.0
309.0
198.0
654.0
193.5
454.5
856.5
193.5
673.5
187.5
307.5
274.5
106.5
303.0
64.5
234.0
247.5
222.0
175.5
171.0
729.0
772.5
1030.5
414.0
687.0
165.0
516.0
171.0
304.5
1050.0
390.0
367.5
318.0
492.0
267.0
312.0
46.5
258.0
96.0
39.0
355.5
375.0
334.5
258.0
190.5
216.0
28.5
220.5
324.0
327.0
138.0
252.0
903.0
259.5
24.0
115.5
795.0
1261.5
1315.5
183.0
513.0
634.5
117.0
490.5
55.5
433.5
403.5
952.5
349.5
280.5
385.5
468.0
546.0
340.5
496.5
727.5
553.5
282.0
444.0
816.0
207.0
442.5
553.5
438.0
367.5
354.0
684.0
102.0
372.0
1123.5
421.5
673.5
297.0
147.0
217.5
666.0
19.5
187.5
492.0
459.0
429.0
540.0
706.5
432.0
94.5
37.5
841.5
313.5
207.0
916.5
250.5
439.5
292.5
459.0
315.0
349.5
988.5
358.5
336.0
703.5
405.0
456.0
349.5
361.5
222.0
457.5
345.0
643.5
547.5
513.0
613.5
166.5
142.5
61.5
111.0
934.5
367.5
102.0
120.0
516.0
664.5
324.0
181.5
882.0
550.5
616.5
700.5
1105.5
205.5
255.0
235.5
327.0
253.5
670.5
186.0
753.0
640.5
654.0
406.5
784.5
72.0
313.5
607.5
69.0
993.0
846.0
192.0
172.5
1030.5
373.5
99.0
183.0
96.0
129.0
751.5
369.0
526.5
657.0
573.0
750.0
480.0
274.5
342.0
189.0
481.5
132.0
157.5
46.5
178.5
147.0
264.0
288.0
814.5
171.0
285.0
445.5
504.0
270.0
748.5
604.5
84.0
562.5
843.0
157.5
279.0
313.5
406.5
933.0
610.5
312.0
334.5
220.5
316.5
33.0
946.5
747.0
585.0
469.5
343.5
340.5
382.5
159.0
1093.5
1497.0
258.0
438.0
109.5
1266.0
717.0
183.0
178.5
96.0
343.5
370.5
574.5
427.5
907.5
82.5
102.0
268.5
217.5
588.0
429.0
90.0
454.5
678.0
988.5
360.0
528.0
634.5
384.0
217.5
60.0
93.0
643.5
274.5
270.0
321.0
201.0
214.5
753.0
979.5
501.0
193.5
114.0
102.0
240.0
699.0
402.0
69.0
666.0
217.5
1036.5
307.5
28.5
418.5
321.0
442.5
459.0
717.0
591.0
75.0
292.5
169.5
133.5
711.0
634.5
309.0
400.5
793.5
1087.5
424.5
145.5
352.5
891.0
475.5
627.0
636.0
27.0
190.5
1053.0
283.5
202.5
367.5
169.5
94.5
546.0
346.5
870.0
583.5
498.0
658.5
1053.0
433.5
441.0
256.5
691.5
175.5
504.0
681.0
715.5
634.5
304.5
97.5
652.5
240.0
538.5
361.5
427.5
214.5
130.5
346.5
592.5
424.5
471.0
1035.0
448.5
772.5
172.5
181.5
427.5
550.5
82.5
193.5
796.5
1032.0
211.5
408.0
1411.5
1029.0
298.5
600.0
280.5
571.5
550.5
570.0
478.5
286.5
757.5
253.5
141.0
357.0
528.0
658.5
556.5
403.5
180.0
538.5
18.0
133.5
472.5
195.0
115.5
460.5
418.5
406.5
234.0
676.5
558.0
133.5
229.5
531.0
115.5
289.5
993.0
408.0
72.0
610.5
642.0
511.5
658.5
84.0
616.5
154.5
124.5
222.0
76.5
450.0
174.0
142.5
580.5
199.5
855.0
106.5
235.5
393.0
177.0
121.5
210.0
114.0
307.5
685.5
157.5
211.5
306.0
840.0
859.5
499.5
9.0
196.5
328.5
774.0
732.0
589.5
501.0
159.0
31.5
357.0
486.0
343.5
259.5
414.0
363.0
214.5
174.0
162.0
49.5
436.5
228.0
136.5
651.0
745.5
291.0
120.0
192.0
328.5
160.5
838.5
262.5
360.0
525.0
207.0
282.0
292.5
187.5
603.0
138.0
273.0
984.0
397.5
130.5
144.0
238.5
180.0
508.5
106.5
369.0
484.5
114.0
747.0
327.0
256.5
429.0
414.0
201.0
975.0
595.5
517.5
642.0
828.0
367.5
741.0
403.5
481.5
291.0
292.5
709.5
478.5
816.0
310.5
127.5
387.0
331.5
168.0
240.0
375.0
651.0
696.0
508.5
186.0
546.0
531.0
504.0
454.5
354.0
175.5
292.5
466.5
72.0
532.5
286.5
276.0
283.5
363.0
186.0
346.5
589.5
105.0
297.0
408.0
558.0
502.5
399.0
450.0
139.5
643.5
324.0
210.0
357.0
846.0
784.5
771.0
135.0
729.0
238.5
223.5
648.0
199.5
327.0
799.5
252.0
511.5
321.0
354.0
481.5
1161.0
301.5
495.0
232.5
261.0
111.0
309.0
322.5
108.0
322.5
361.5
538.5
150.0
855.0
631.5
256.5
568.5
606.0
153.0
508.5
379.5
351.0
250.5
411.0
931.5
229.5
510.0
324.0
780.0
45.0
408.0
211.5
285.0
178.5
87.0
184.5
178.5
342.0
600.0
22.5
354.0
1105.5
544.5
288.0
198.0
1078.5
376.5
142.5
622.5
223.5
391.5
519.0
363.0
270.0
211.5
309.0
699.0
216.0
46.5
475.5
343.5
882.0
822.0
426.0
198.0
442.5
733.5
469.5
706.5
861.0
91.5
340.5
756.0
370.5
196.5
132.0
262.5
574.5
451.5
265.5
154.5
406.5
913.5
211.5
169.5
243.0
343.5
177.0
538.5
471.0
226.5
385.5
363.0
726.0
877.5
921.0
453.0
769.5
171.0
589.5
204.0
327.0
241.5
495.0
360.0
297.0
510.0
202.5
187.5
1074.0
439.5
88.5
336.0
288.0
192.0
376.5
216.0
97.5
328.5
265.5
360.0
1065.0
781.5
459.0
556.5
681.0
721.5
289.5
634.5
352.5
831.0
453.0
750.0
594.0
196.5
231.0
312.0
300.0
411.0
111.0
831.0
511.5
49.5
835.5
241.5
870.0
250.5
463.5
171.0
724.5
528.0
558.0
205.5
702.0
141.0
303.0
27.0
189.0
223.5
253.5
448.5
210.0
99.0
324.0
460.5
271.5
781.5
126.0
250.5
861.0
150.0
1002.0
148.5
609.0
145.5
291.0
502.5
610.5
565.5
385.5
631.5
402.0
708.0
426.0
328.5
397.5
657.0
684.0
337.5
94.5
270.0
870.0
516.0
388.5
117.0
894.0
573.0
243.0
628.5
138.0
1293.0
409.5
355.5
280.5
177.0
322.5
120.0
577.5
429.0
295.5
408.0
265.5
1060.5
33.0
573.0
148.5
129.0
294.0
457.5
565.5
1033.5
399.0
526.5
769.5
507.0
540.0
765.0
115.5
240.0
165.0
234.0
234.0
214.5
96.0
252.0
414.0
868.5
580.5
208.5
400.5
438.0
27.0
403.5
321.0
213.0
528.0
322.5
559.5
315.0
432.0
336.0
357.0
64.5
181.5
84.0
418.5
891.0
417.0
322.5
730.5
396.0
454.5
1044.0
406.5
357.0
570.0
186.0
99.0
631.5
640.5
336.0
58.5
304.5
250.5
163.5
96.0
583.5
610.5
294.0
970.5
327.0
784.5
463.5
1036.5
369.0
454.5
52.5
207.0
621.0
435.0
627.0
196.5
175.5
75.0
72.0
561.0
774.0
421.5
355.5
204.0
270.0
940.5
366.0
789.0
268.5
243.0
438.0
298.5
472.5
217.5
85.5
381.0
124.5
184.5
414.0
343.5
820.5
168.0
198.0
682.5
717.0
183.0
235.5
253.5
1240.5
1191.0
450.0
334.5
396.0
696.0
252.0
189.0
303.0
198.0
682.5
300.0
193.5
526.5
300.0
384.0
217.5
280.5
196.5
622.5
118.5
304.5
195.0
381.0
685.5
100.5
403.5
340.5
135.0
169.5
387.0
219.0
240.0
411.0
264.0
220.5
144.0
52.5
241.5
109.5
198.0
235.5
295.5
289.5
433.5
361.5
225.0
595.5
289.5
288.0
300.0
178.5
922.5
580.5
322.5
397.5
282.0
538.5
331.5
130.5
63.0
484.5
319.5
186.0
328.5
154.5
153.0
403.5
493.5
316.5
475.5
738.0
340.5
433.5
364.5
85.5
159.0
142.5
832.5
18.0
1032.0
90.0
304.5
255.0
124.5
355.5
460.5
129.0
345.0
673.5
535.5
483.0
9.0
433.5
255.0
987.0
684.0
516.0
1203.0
447.0
202.5
628.5
732.0
603.0
564.0
915.0
312.0
322.5
541.5
781.5
387.0
169.5
715.5
115.5
451.5
207.0
399.0
468.0
643.5
207.0
705.0
153.0
115.5
282.0
268.5
369.0
375.0
586.5
565.5
303.0
856.5
49.5
309.0
285.0
78.0
136.5
235.5
85.5
1102.5
741.0
741.0
472.5
52.5
192.0
421.5
444.0
495.0
249.0
357.0
379.5
690.0
211.5
75.0
517.5
432.0
649.5
243.0
865.5
795.0
825.0
543.0
109.5
33.0
424.5
207.0
67.5
235.5
637.5
315.0
612.0
771.0
402.0
516.0
613.5
228.0
172.5
358.5
133.5
327.0
297.0
342.0
828.0
309.0
165.0
388.5
418.5
955.5
241.5
984.0
178.5
118.5
382.5
354.0
186.0
580.5
577.5
400.5
730.5
1300.5
729.0
634.5
268.5
279.0
381.0
456.0
568.5
508.5
201.0
507.0
723.0
889.5
487.5
151.5
123.0
444.0
663.0
652.5
202.5
246.0
135.0
184.5
277.5
210.0
552.0
538.5
633.0
163.5
156.0
111.0
442.5
555.0
1105.5
208.5
693.0
408.0
528.0
489.0
711.0
885.0
148.5
375.0
220.5
427.5
493.5
402.0
325.5
244.5
180.0
63.0
286.5
250.5
475.5
537.0
796.5
168.0
568.5
126.0
259.5
390.0
351.0
441.0
247.5
675.0
334.5
108.0
373.5
1240.5
372.0
546.0
93.0
298.5
385.5
376.5
387.0
555.0
477.0
556.5
402.0
787.5
780.0
891.0
363.0
145.5
514.5
367.5
549.0
316.5
267.0
633.0
715.5
138.0
880.5
306.0
420.0
597.0
238.5
141.0
337.5
453.0
693.0
229.5
481.5
586.5
63.0
430.5
121.5
822.0
445.5
366.0
129.0
400.5
487.5
505.5
597.0
127.5
616.5
687.0
186.0
342.0
447.0
438.0
367.5
736.5
406.5
190.5
117.0
561.0
174.0
718.5
606.0
13.5
234.0
253.5
937.5
156.0
201.0
478.5
100.5
279.0
204.0
480.0
670.5
1021.5
270.0
418.5
412.5
523.5
645.0
573.0
345.0
409.5
136.5
711.0
732.0
1009.5
691.5
282.0
24.0
270.0
733.5
838.5
330.0
193.5
214.5
591.0
66.0
249.0
273.0
478.5
249.0
475.5
339.0
381.0
198.0
100.5
303.0
327.0
471.0
525.0
325.5
273.0
483.0
210.0
781.5
139.5
291.0
4.5
184.5
766.5
388.5
213.0
606.0
529.5
277.5
346.5
109.5
183.0
157.5
160.5
120.0
264.0
447.0
81.0
141.0
297.0
205.5
622.5
145.5
217.5
228.0
978.0
351.0
180.0
534.0
703.5
48.0
216.0
402.0
52.5
334.5
231.0
304.5
420.0
385.5
520.5
225.0
235.5
496.5
798.0
145.5
240.0
204.0
325.5
138.0
562.5
562.5
658.5
394.5
454.5
240.0
261.0
718.5
727.5
340.5
474.0
747.0
496.5
636.0
669.0
454.5
198.0
150.0
135.0
291.0
169.5
366.0
324.0
108.0
552.0
352.5
409.5
838.5
217.5
510.0
390.0
627.0
120.0
310.5
799.5
481.5
1504.5
219.0
1050.0
934.5
1038.0
1006.5
1635.0
394.5
721.5
262.5
64.5
252.0
277.5
259.5
234.0
1174.5
705.0
376.5
456.0
393.0
417.0
259.5
264.0
216.0
409.5
465.0
702.0
279.0
229.5
169.5
607.5
546.0
213.0
283.5
724.5
132.0
523.5
180.0
262.5
415.5
532.5
186.0
222.0
412.5
205.5
360.0
70.5
189.0
703.5
529.5
646.5
159.0
406.5
229.5
759.0
345.0
372.0
133.5
955.5
324.0
619.5
313.5
376.5
276.0
402.0
810.0
175.5
231.0
757.5
498.0
228.0
186.0
1039.5
513.0
976.5
312.0
468.0
34.5
598.5
199.5
183.0
586.5
273.0
273.0
1270.5
855.0
616.5
586.5
585.0
298.5
448.5
162.0
169.5
169.5
162.0
195.0
471.0
283.5
364.5
678.0
712.5
436.5
1042.5
274.5
310.5
562.5
210.0
327.0
705.0
438.0
505.5
217.5
510.0
223.5
445.5
624.0
160.5
363.0
229.5
610.5
351.0
139.5
297.0
112.5
445.5
498.0
126.0
363.0
232.5
127.5
388.5
447.0
675.0
616.5
891.0
373.5
364.5
913.5
474.0
144.0
355.5
439.5
106.5
178.5
306.0
457.5
316.5
328.5
252.0
505.5
288.0
106.5
249.0
1066.5
622.5
180.0
231.0
151.5
381.0
337.5
288.0
169.5
417.0
340.5
313.5
595.5
30.0
468.0
144.0
405.0
153.0
138.0
286.5
264.0
33.0
249.0
651.0
604.5
214.5
19.5
327.0
102.0
357.0
942.0
960.0
189.0
366.0
256.5
135.0
390.0
39.0
364.5
607.5
255.0
186.0
103.5
474.0
543.0
816.0
339.0
109.5
429.0
412.5
318.0
63.0
564.0
94.5
243.0
861.0
138.0
586.5
505.5
562.5
817.5
265.5
273.0
441.0
298.5
702.0
154.5
555.0
135.0
552.0
681.0
510.0
279.0
394.5
519.0
214.5
199.5
558.0
118.5
499.5
786.0
687.0
228.0
198.0
121.5
247.5
252.0
51.0
261.0
253.5
426.0
171.0
73.5
195.0
591.0
504.0
184.5
49.5
628.5
277.5
217.5
72.0
762.0
508.5
157.5
25.5
348.0
207.0
589.5
457.5
459.0
829.5
129.0
469.5
303.0
229.5
289.5
762.0
163.5
615.0
319.5
108.0
273.0
414.0
225.0
220.5
306.0
942.0
477.0
966.0
168.0
588.0
556.5
400.5
292.5
766.5
319.5
330.0
256.5
291.0
591.0
243.0
261.0
337.5
868.5
724.5
382.5
333.0
933.0
316.5
990.0
631.5
171.0
249.0
519.0
574.5
55.5
288.0
426.0
531.0
519.0
219.0
759.0
235.5
295.5
163.5
364.5
25.5
225.0
339.0
532.5
442.5
285.0
372.0
297.0
540.0
208.5
510.0
439.5
661.5
412.5
733.5
417.0
285.0
400.5
408.0
219.0
442.5
355.5
192.0
1053.0
544.5
511.5
298.5
172.5
454.5
285.0
564.0
337.5
147.0
493.5
139.5
312.0
165.0
133.5
409.5
469.5
270.0
486.0
177.0
64.5
558.0
447.0
403.5
147.0
190.5
730.5
901.5
177.0
789.0
324.0
381.0
519.0
201.0
264.0
198.0
294.0
376.5
739.5
820.5
319.5
255.0
816.0
619.5
604.5
313.5
214.5
858.0
463.5
679.5
415.5
451.5
519.0
357.0
319.5
307.5
723.0
327.0
208.5
280.5
94.5
669.0
900.0
223.5
216.0
97.5
357.0
855.0
427.5
585.0
355.5
273.0
207.0
336.0
448.5
276.0
45.0
343.5
483.0
1023.0
963.0
427.5
307.5
265.5
307.5
142.5
717.0
540.0
342.0
157.5
432.0
189.0
382.5
213.0
343.5
373.5
421.5
129.0
715.5
1431.0
301.5
145.5
87.0
168.0
117.0
355.5
112.5
694.5
685.5
373.5
535.5
642.0
234.0
664.5
525.0
265.5
378.0
376.5
120.0
387.0
256.5
90.0
241.5
1099.5
426.0
355.5
760.5
115.5
457.5
405.0
280.5
138.0
349.5
420.0
631.5
318.0
759.0
546.0
517.5
574.5
297.0
190.5
229.5
741.0
607.5
369.0
607.5
456.0
238.5
880.5
162.0
244.5
453.0
162.0
556.5
352.5
157.5
672.0
210.0
201.0
45.0
372.0
259.5
199.5
289.5
55.5
220.5
199.5
486.0
543.0
237.0
306.0
90.0
729.0
507.0
312.0
121.5
465.0
348.0
471.0
451.5
223.5
49.5
652.5
481.5
363.0
294.0
375.0
280.5
417.0
90.0
420.0
927.0
247.5
130.5
127.5
498.0
226.5
300.0
49.5
165.0
951.0
291.0
387.0
678.0
706.5
445.5
226.5
120.0
354.0
673.5
270.0
312.0
777.0
303.0
346.5
183.0
198.0
165.0
57.0
175.5
372.0
484.5
258.0
402.0
405.0
358.5
660.0
523.5
511.5
303.0
406.5
139.5
798.0
429.0
172.5
33.0
279.0
417.0
126.0
370.5
175.5
181.5
60.0
402.0
783.0
519.0
210.0
379.5
858.0
1183.5
285.0
504.0
87.0
673.5
310.5
259.5
357.0
229.5
99.0
561.0
346.5
273.0
187.5
196.5
408.0
513.0
382.5
588.0
363.0
48.0
547.5
118.5
469.5
172.5
108.0
108.0
87.0
579.0
498.0
175.5
750.0
1147.5
654.0
247.5
117.0
298.5
139.5
684.0
150.0
265.5
739.5
300.0
396.0
499.5
501.0
285.0
208.5
40.5
363.0
385.5
180.0
57.0
786.0
450.0
423.0
490.5
763.5
426.0
882.0
1188.0
184.5
522.0
180.0
160.5
189.0
141.0
366.0
712.5
150.0
231.0
898.5
517.5
49.5
196.5
249.0
405.0
226.5
508.5
229.5
489.0
1065.0
375.0
312.0
574.5
865.5
22.5
154.5
673.5
201.0
457.5
565.5
151.5
1083.0
238.5
199.5
405.0
115.5
111.0
619.5
456.0
430.5
201.0
264.0
705.0
1191.0
370.5
145.5
256.5
510.0
279.0
510.0
216.0
312.0
226.5
421.5
225.0
1456.5
798.0
343.5
97.5
630.0
117.0
132.0
378.0
181.5
190.5
103.5
625.5
489.0
465.0
351.0
919.5
871.5
304.5
57.0
772.5
28.5
73.5
627.0
231.0
81.0
297.0
330.0
474.0
289.5
1150.5
295.5
286.5
165.0
243.0
123.0
654.0
54.0
349.5
544.5
120.0
355.5
604.5
499.5
450.0
1173.0
937.5
574.5
172.5
571.5
837.0
205.5
609.0
405.0
412.5
549.0
193.5
315.0
417.0
342.0
370.5
487.5
598.5
681.0
330.0
235.5
912.0
529.5
117.0
138.0
406.5
439.5
162.0
553.5
117.0
331.5
333.0
246.0
798.0
130.5
114.0
645.0
304.5
145.5
279.0
564.0
1098.0
567.0
225.0
412.5
1113.0
309.0
1134.0
435.0
643.5
579.0
853.5
634.5
426.0
298.5
96.0
1075.5
951.0
661.5
259.5
331.5
484.5
334.5
438.0
798.0
867.0
46.5
1083.0
504.0
378.0
679.5
159.0
280.5
618.0
34.5
565.5
511.5
76.5
178.5
555.0
423.0
165.0
132.0
162.0
162.0
285.0
619.5
384.0
558.0
760.5
229.5
633.0
561.0
37.5
154.5
352.5
505.5
421.5
144.0
355.5
324.0
252.0
1012.5
979.5
690.0
172.5
316.5
280.5
240.0
168.0
207.0
180.0
438.0
385.5
996.0
673.5
363.0
565.5
88.5
36.0
366.0
286.5
748.5
180.0
546.0
549.0
180.0
442.5
316.5
979.5
1092.0
652.5
615.0
208.5
138.0
138.0
252.0
234.0
103.5
795.0
172.5
108.0
204.0
106.5
54.0
385.5
160.5
505.5
423.0
105.0
451.5
895.5
411.0
297.0
199.5
319.5
654.0
421.5
733.5
489.0
202.5
406.5
171.0
93.0
388.5
612.0
244.5
54.0
327.0
402.0
123.0
177.0
667.5
54.0
213.0
258.0
256.5
42.0
571.5
478.5
201.0
294.0
801.0
399.0
676.5
714.0
1066.5
493.5
643.5
430.5
253.5
246.0
313.5
480.0
259.5
744.0
643.5
393.0
360.0
187.5
268.5
219.0
547.5
97.5
295.5
520.5
223.5
616.5
616.5
162.0
178.5
139.5
232.5
142.5
211.5
166.5
99.0
354.0
354.0
508.5
634.5
741.0
651.0
54.0
229.5
198.0
228.0
807.0
274.5
87.0
619.5
312.0
235.5
84.0
145.5
364.5
729.0
687.0
289.5
321.0
300.0
121.5
687.0
1057.5
444.0
264.0
312.0
907.5
499.5
97.5
198.0
312.0
918.0
39.0
142.5
504.0
795.0
253.5
403.5
415.5
220.5
532.5
1069.5
265.5
327.0
363.0
639.0
891.0
468.0
456.0
336.0
165.0
127.5
327.0
270.0
516.0
828.0
691.5
127.5
301.5
346.5
267.0
349.5
246.0
538.5
312.0
480.0
198.0
730.5
513.0
151.5
166.5
261.0
673.5
232.5
304.5
366.0
247.5
82.5
153.0
105.0
144.0
195.0
117.0
367.5
504.0
189.0
510.0
400.5
217.5
622.5
1077.0
757.5
832.5
399.0
255.0
177.0
222.0
258.0
915.0
193.5
160.5
394.5
436.5
343.5
442.5
273.0
283.5
424.5
555.0
177.0
583.5
211.5
468.0
391.5
211.5
490.5
436.5
394.5
393.0
558.0
126.0
253.5
391.5
649.5
543.0
163.5
603.0
205.5
160.5
351.0
33.0
145.5
409.5
391.5
687.0
111.0
631.5
532.5
157.5
337.5
162.0
103.5
240.0
441.0
103.5
796.5
165.0
814.5
408.0
258.0
760.5
444.0
247.5
355.5
538.5
468.0
355.5
330.0
157.5
357.0
610.5
913.5
582.0
520.5
355.5
504.0
255.0
1017.0
384.0
1035.0
295.5
255.0
417.0
574.5
58.5
541.5
435.0
412.5
273.0
213.0
259.5
849.0
859.5
462.0
297.0
775.5
544.5
520.5
361.5
232.5
1177.5
168.0
457.5
207.0
516.0
408.0
190.5
360.0
465.0
1143.0
1000.5
330.0
369.0
330.0
129.0
778.5
222.0
373.5
558.0
570.0
462.0
345.0
367.5
624.0
817.5
750.0
288.0
168.0
225.0
265.5
418.5
856.5
384.0
36.0
504.0
261.0
304.5
370.5
313.5
135.0
415.5
252.0
574.5
735.0
33.0
286.5
364.5
277.5
211.5
177.0
286.5
165.0
600.0
556.5
390.0
337.5
213.0
979.5
169.5
157.5
31.5
333.0
673.5
562.5
741.0
189.0
160.5
967.5
579.0
487.5
432.0
342.0
559.5
252.0
273.0
285.0
172.5
372.0
654.0
163.5
337.5
178.5
757.5
256.5
