908.5
1000.0
1189.0
859.0
1150.0
908.5
739.0
1136.5
1174.0
1178.5
323.5
1130.5
1123.0
1183.0
544.0
1141.0
1313.5
1129.0
1097.5
968.5
1070.5
1150.0
857.5
1033.0
1136.5
1045.0
1022.5
532.0
701.5
1043.5
1084.0
1009.0
761.5
1114.0
785.5
590.5
1319.5
622.0
1282.0
1174.0
1190.5
832.0
938.5
473.5
1144.0
1234.0
293.5
920.5
1043.5
431.5
1246.0
1301.5
560.5
464.5
899.5
1145.5
790.0
1328.5
875.5
1004.5
121.0
689.5
1286.5
821.5
1120.0
1217.5
1244.5
749.5
754.0
1256.5
536.5
1325.5
1244.5
982.0
1066.0
1133.5
1292.5
1150.0
808.0
467.5
1117.0
1171.0
1184.5
1144.0
1022.5
1217.5
943.0
322.0
1099.0
1244.5
857.5
1294.0
979.0
755.5
1357.0
1157.5
967.0
544.0
104.5
970.0
892.0
989.5
928.0
842.5
986.5
671.5
1084.0
1114.0
1292.5
659.5
1205.5
1186.0
1304.5
1234.0
1130.5
770.5
1234.0
1094.5
1018.0
1193.5
1105.0
1099.0
1193.5
577.0
748.0
917.5
1114.0
1192.0
959.5
1096.0
1192.0
755.5
902.5
875.5
1232.5
1177.0
899.5
1211.5
883.0
887.5
1066.0
1105.0
1145.5
1136.5
263.5
911.5
874.0
791.5
1132.0
1100.5
1151.5
1210.0
1154.5
815.5
1126.0
688.0
1133.5
1183.0
277.0
514.0
1171.0
1163.5
1198.0
839.5
1163.5
554.5
742.0
1048.0
1117.0
943.0
1250.5
931.0
1196.5
1264.0
632.5
1139.5
1189.0
1097.5
1106.5
1211.5
668.5
1094.5
994.0
1174.0
736.0
1220.5
919.0
1241.5
1156.0
1160.5
265.0
1169.5
709.0
1105.0
374.5
883.0
1111.0
289.0
662.5
1142.5
1231.0
986.5
1118.5
1252.0
1306.0
793.0
415.0
1076.5
337.0
1189.0
1204.0
1190.5
1009.0
1247.5
557.5
988.0
1127.5
1144.0
1177.0
1172.5
1163.5
871.0
938.5
1069.0
1012.0
1141.0
1243.0
854.5
856.0
779.5
1286.5
1201.0
1129.0
979.0
1208.5
833.5
1117.0
1195.0
1147.0
1135.0
1045.0
814.0
671.5
1244.5
823.0
967.0
937.0
1195.0
1093.0
964.0
1090.0
635.5
407.5
1001.5
652.0
986.5
1159.0
1174.0
365.5
1034.5
1040.5
1261.0
547.0
1099.0
1030.0
1036.0
1177.0
1313.5
1337.5
911.5
884.5
1177.0
556.0
1301.5
892.0
859.0
1318.0
1171.0
1330.0
1160.5
1276.0
757.0
1096.0
532.0
1093.0
649.0
1018.0
1097.5
698.5
1219.0
329.5
460.0
1318.0
569.5
1124.5
1067.5
991.0
730.0
1171.0
1268.5
1102.0
1076.5
1129.0
373.0
1169.5
1222.0
1273.0
1159.0
1117.0
1204.0
1019.5
350.5
1279.0
1082.5
992.5
1216.0
1207.0
1265.5
679.0
307.0
1295.5
1180.0
1202.5
1127.5
841.0
1097.5
1099.0
1076.5
1133.5
1261.0
1216.0
1100.5
1031.5
1007.5
1250.5
1067.5
1088.5
913.0
1105.0
236.5
1201.0
869.5
1081.0
709.0
1255.0
1241.5
1208.5
739.0
1339.0
941.5
1171.0
946.0
265.0
503.5
283.0
1135.0
1123.0
1202.5
1115.5
901.0
1156.0
1018.0
431.5
314.5
1129.0
1111.0
1054.0
1217.5
1306.0
1178.5
617.5
1150.0
844.0
1138.0
1043.5
1151.5
1303.0
956.5
874.0
1211.5
1204.0
934.0
485.5
1129.0
346.0
1189.0
1162.0
1073.5
764.5
1171.0
1231.0
173.5
1076.5
383.5
1249.0
875.5
1238.5
917.5
787.0
1154.5
419.5
1019.5
712.0
1139.5
1121.5
1108.0
316.0
205.0
1106.5
1217.5
1246.0
883.0
1024.0
1198.0
1160.5
1112.5
1052.5
1154.5
1064.5
242.5
803.5
1217.5
1289.5
1216.0
842.5
1147.0
1292.5
1178.5
1045.0
1051.0
524.5
1049.5
1201.0
1213.0
1058.5
1078.0
1327.0
1289.5
1015.0
1196.5
1120.0
79.0
232.0
1138.0
803.5
536.5
1352.5
1135.0
1202.5
1253.5
1216.0
988.0
1126.0
860.5
542.5
1268.5
1132.0
1004.5
1004.5
760.0
1073.5
860.5
1142.5
1244.5
812.5
1289.5
1106.5
937.0
1256.5
592.0
1207.0
892.0
1205.5
224.5
725.5
737.5
701.5
520.0
803.5
802.0
820.0
1051.0
1003.0
545.5
977.5
917.5
1004.5
1102.0
1250.5
1130.5
1124.5
1123.0
749.5
826.0
1336.0
1159.0
743.5
617.5
839.5
1171.0
1229.5
1256.5
919.0
1198.0
967.0
1192.0
1228.0
742.0
940.0
238.0
691.0
116.5
1085.5
970.0
992.5
587.5
1087.0
1018.0
752.5
1088.5
1163.5
1121.5
1337.5
1102.0
923.5
1079.5
1127.5
644.5
1261.0
1154.5
1154.5
817.0
1112.5
1274.5
967.0
1277.5
829.0
737.5
826.0
509.5
535.0
731.5
1231.0
346.0
1094.5
962.5
682.0
1030.0
764.5
1063.0
917.5
983.5
499.0
1111.0
220.0
550.0
1162.0
1222.0
1069.0
449.5
1138.0
1102.0
1088.5
1150.0
845.5
1184.5
775.0
1172.5
1154.5
964.0
914.5
394.0
877.0
1103.5
1054.0
1049.5
1292.5
922.0
1243.0
1151.5
1204.0
1045.0
470.5
1103.5
953.5
1201.0
1166.5
1075.0
1084.0
916.0
1088.5
1178.5
290.5
1229.5
1217.5
1079.5
341.5
851.5
1127.5
439.0
788.5
682.0
1217.5
361.0
1087.0
1144.0
940.0
1097.5
1216.0
1226.5
1043.5
1345.0
1256.5
1049.5
1121.5
1178.5
1141.0
1199.5
1135.0
1246.0
125.5
647.5
1250.5
431.5
1226.5
1141.0
1286.5
985.0
686.5
1157.5
1174.0
917.5
932.5
892.0
1307.5
1106.5
1235.5
983.5
914.5
1016.5
1249.0
1196.5
977.5
875.5
947.5
1121.5
734.5
1088.5
1214.5
544.0
1211.5
1235.5
808.0
1012.0
637.0
1054.0
298.0
905.5
1145.5
157.0
1127.5
1174.0
1109.5
1190.5
1072.0
1243.0
817.0
694.0
1238.5
956.5
659.5
1268.5
674.5
1147.0
1162.0
940.0
1103.5
985.0
988.0
940.0
688.0
1168.0
1225.0
1256.5
1201.0
1156.0
455.5
1151.5
332.5
542.5
1237.0
920.5
1274.5
814.0
1088.5
1171.0
1192.0
1033.0
197.5
101.5
592.0
1088.5
1100.5
445.0
1120.0
556.0
1036.0
1330.0
857.5
946.0
1201.0
1232.5
1049.5
919.0
1306.0
1228.0
1115.5
1187.5
1016.5
1261.0
769.0
1028.5
265.0
1039.0
1027.0
1279.0
1174.0
1096.0
1103.5
854.5
997.0
967.0
683.5
974.5
1003.0
611.5
818.5
1067.5
901.0
775.0
1130.5
1063.0
1268.5
973.0
976.0
1048.0
1261.0
1121.5
1049.5
922.0
950.5
1094.5
1040.5
733.0
1117.0
1195.0
1073.5
1052.5
1213.0
803.5
226.0
718.0
806.5
1093.0
994.0
961.0
1240.0
1202.5
914.5
932.5
344.5
1129.0
1270.0
914.5
955.0
1061.5
625.0
1109.5
878.5
1241.5
947.5
977.5
844.0
1180.0
1205.5
1150.0
727.0
1241.5
1216.0
1142.5
1087.0
1015.0
1136.5
1118.5
1127.5
202.0
895.0
926.5
1219.0
1150.0
899.5
916.0
1018.0
1004.5
1096.0
1334.5
1247.5
616.0
1174.0
1216.0
860.5
1196.5
937.0
1286.5
788.5
1040.5
1162.0
1088.5
689.5
880.0
119.5
1180.0
1054.0
1069.0
1226.5
1208.5
1211.5
1123.0
1181.5
1079.5
997.0
953.5
1291.0
1060.0
1232.5
1142.5
1118.5
1211.5
1138.0
1018.0
1030.0
904.0
1256.5
1054.0
782.5
934.0
419.5
1157.5
1211.5
946.0
1228.0
1124.5
523.0
1136.5
691.0
1261.0
1169.5
574.0
1321.0
944.5
1241.5
1082.5
1217.5
904.0
1177.0
1220.5
1259.5
983.5
595.0
1025.5
1093.0
1150.0
1261.0
1321.0
52.0
1175.5
1160.5
1171.0
1180.0
866.5
1097.5
581.5
217.0
1138.0
1078.0
995.5
1181.5
877.0
1133.5
1186.0
1159.0
887.5
592.0
439.0
1087.0
1091.5
1246.0
1294.0
509.5
1316.5
1091.5
1325.5
1096.0
1141.0
925.0
1088.5
1066.0
1045.0
808.0
832.0
1177.0
499.0
356.5
1169.5
1109.5
1393.0
1135.0
1106.5
619.0
1336.0
1132.0
766.0
1229.5
1279.0
1141.0
1327.0
1303.0
757.0
338.5
1136.5
682.0
659.5
1150.0
920.5
1300.0
1150.0
1144.0
952.0
1258.0
973.0
1193.5
938.5
746.5
1241.5
950.5
1142.5
1067.5
331.0
1148.5
1073.5
1049.5
859.0
1297.0
1220.5
1037.5
1244.5
1174.0
1148.5
1238.5
788.5
298.0
725.5
1279.0
1175.5
973.0
1159.0
262.0
1099.0
1159.0
1015.0
1193.5
1060.0
698.5
1303.0
827.5
904.0
866.5
730.0
1123.0
1163.5
1238.5
1208.5
1157.5
1135.0
1006.0
1244.5
685.0
482.5
1297.0
1271.5
1141.0
1166.5
587.5
940.0
776.5
367.0
1103.5
779.5
1223.5
661.0
964.0
428.5
1079.5
824.5
1135.0
1069.0
775.0
437.5
1291.0
997.0
1366.0
1279.0
1154.5
899.5
1330.0
920.5
982.0
883.0
1255.0
743.5
1201.0
1243.0
1246.0
1207.0
1073.5
223.0
499.0
893.5
832.0
1037.5
1240.0
1144.0
1289.5
1193.5
1180.0
967.0
1214.5
1012.0
670.0
938.5
1084.0
1244.5
452.5
1121.5
1187.5
961.0
1162.0
839.5
1192.0
478.0
1265.5
1112.5
1025.5
794.5
1205.5
1094.5
1126.0
691.0
895.0
1267.0
907.0
1285.0
1171.0
1264.0
1288.0
875.5
1112.5
1222.0
367.0
229.0
188.5
551.5
61.0
1007.5
1025.5
1249.0
826.0
1256.5
898.0
877.0
1202.5
1193.5
985.0
1021.0
1136.5
1244.5
923.5
1031.5
1081.0
983.5
1321.0
1090.0
1184.5
1157.5
961.0
1076.5
740.5
658.0
1174.0
1255.0
1085.5
946.0
1292.5
763.0
1052.5
1028.5
989.5
1220.5
1148.5
1124.5
971.5
928.0
238.0
959.5
1124.5
1216.0
1118.5
998.5
1216.0
1310.5
472.0
892.0
727.0
425.5
157.0
853.0
1175.5
1118.5
1097.5
1060.0
1124.5
929.5
1105.0
1109.5
985.0
1141.0
541.0
1106.5
1255.0
1033.0
1234.0
1336.0
1007.5
853.0
1133.5
1109.5
1204.0
1040.5
685.0
1312.0
1232.5
1283.5
1250.5
1123.0
998.5
812.5
89.5
853.0
1219.0
1078.0
244.0
638.5
1363.0
800.5
1174.0
1268.5
1247.5
1250.5
1145.5
1198.0
590.5
388.0
1189.0
1183.0
976.0
1288.0
1037.5
838.0
1211.5
1148.5
1243.0
1232.5
1199.5
959.5
983.5
1229.5
1136.5
1082.5
995.5
1196.5
1201.0
955.0
764.5
661.0
988.0
1304.5
1214.5
1118.5
1108.0
1247.5
1070.5
944.5
1153.0
1102.0
1210.0
1021.0
1156.0
1195.0
326.5
1067.5
1217.5
1328.5
859.0
1033.0
1207.0
904.0
1202.5
1184.5
1055.5
1124.5
728.5
1010.5
973.0
853.0
1202.5
1153.0
1075.0
709.0
1001.5
598.0
1228.0
1021.0
1021.0
1031.5
1186.0
743.5
1195.0
1208.5
422.5
1241.5
1144.0
340.0
830.5
269.5
1097.5
1199.5
862.0
937.0
670.0
965.5
1115.5
1060.0
1253.5
149.5
911.5
1265.5
998.5
1130.5
907.0
1339.0
497.5
1201.0
1057.0
847.0
665.5
1345.0
1321.0
928.0
772.0
995.5
1195.0
1099.0
1087.0
1280.5
1144.0
269.5
496.0
956.5
1061.5
1138.0
1070.5
1313.5
745.0
1280.5
1205.5
478.0
355.0
1094.5
1199.5
464.5
520.0
1120.0
767.5
1145.5
925.0
574.0
967.0
689.5
626.5
1082.5
1009.0
1202.5
1204.0
1318.0
812.5
1388.5
1078.0
1162.0
1070.5
1258.0
728.5
860.5
1151.5
409.0
859.0
1072.0
655.0
1274.5
929.5
988.0
1144.0
1193.5
1162.0
1052.5
1070.5
427.0
403.0
977.5
949.0
1231.0
959.5
1028.5
313.0
1258.0
113.5
1117.0
1303.0
1058.5
1196.5
997.0
995.5
1352.5
1222.0
1286.5
917.5
1037.5
1184.5
616.0
1177.0
1114.0
544.0
943.0
790.0
677.5
752.5
1244.5
266.5
1049.5
1085.5
1168.0
722.5
712.0
941.5
944.5
1073.5
1139.5
422.5
1258.0
1115.5
647.5
1240.0
1369.0
1193.5
655.0
1267.0
961.0
838.0
1129.0
1024.0
911.5
1000.0
1162.0
913.0
1040.5
1154.5
1181.5
1091.5
590.5
769.0
823.0
767.5
1255.0
868.0
1061.5
1127.5
619.0
1153.0
1219.0
16.0
340.0
944.5
977.5
1288.0
421.0
1028.5
869.5
391.0
1183.0
1021.0
1160.5
443.5
832.0
1000.0
1301.5
988.0
1042.0
1232.5
1150.0
1315.0
1168.0
626.5
1076.5
1049.5
899.5
1301.5
1136.5
1091.5
1115.5
1228.0
1166.5
1339.0
1039.0
1109.5
688.0
413.5
1096.0
487.0
973.0
997.0
481.0
488.5
1061.5
701.5
1046.5
1157.5
1124.5
1151.5
1123.0
1007.5
1211.5
1162.0
1325.5
1247.5
1085.5
704.5
862.0
1091.5
712.0
1133.5
1075.0
1192.0
590.5
1333.0
577.0
1105.0
1313.5
898.0
866.5
883.0
914.5
826.0
1177.0
347.5
1090.0
892.0
1244.5
1166.5
742.0
1046.5
1195.0
1294.0
1093.0
1001.5
947.5
1265.5
1196.5
929.5
1154.5
707.5
908.5
544.0
1138.0
1153.0
1091.5
1193.5
1117.0
1076.5
1025.5
899.5
1157.5
1106.5
1244.5
631.0
1208.5
527.5
1219.0
1190.5
697.0
1174.0
493.0
751.0
1141.0
1006.0
1021.0
1291.0
1123.0
811.0
1079.5
410.5
1088.5
59.5
923.5
662.5
1124.5
1303.0
913.0
898.0
1123.0
1147.0
907.0
755.5
1211.5
371.5
659.5
1100.5
914.5
731.5
1165.0
338.5
976.0
707.5
1055.5
1027.0
1204.0
488.5
1040.5
994.0
850.0
770.5
1138.0
1159.0
1243.0
1040.5
544.0
79.0
1282.0
1079.5
1093.0
521.5
833.5
1217.5
775.0
1127.5
890.5
896.5
1220.5
1048.0
1193.5
1229.5
724.0
1136.5
1286.5
1148.5
1217.5
853.0
974.5
139.0
973.0
1282.0
989.5
1193.5
1163.5
1159.0
811.0
1261.0
923.5
1042.0
958.0
1073.5
362.5
706.0
1319.5
1271.5
220.0
670.0
986.5
965.5
1361.5
1297.0
244.0
320.5
1045.0
1048.0
986.5
836.5
1195.0
730.0
847.0
1003.0
362.5
1208.5
1243.0
803.5
1291.0
1015.0
281.5
1268.5
1246.0
857.5
1373.5
1007.5
1069.0
1163.5
560.5
1085.5
845.5
755.5
1292.5
1274.5
1274.5
1208.5
983.5
488.5
574.0
1001.5
1297.0
1133.5
1108.0
1085.5
1211.5
820.0
1099.0
1276.0
454.0
1189.0
437.5
292.0
958.0
1231.0
176.5
1190.5
1192.0
1265.5
220.0
1061.5
1217.5
1102.0
625.0
1186.0
676.0
680.5
1216.0
1010.5
1127.5
1246.0
760.0
1066.0
736.0
1330.0
1307.5
763.0
1126.0
1271.5
950.5
1244.5
1352.5
1144.0
463.0
1241.5
1049.5
886.0
1204.0
1060.0
997.0
1166.5
785.5
1187.5
1094.5
1165.0
811.0
959.5
1123.0
1238.5
470.5
1033.0
1139.5
1291.0
1297.0
1180.0
1324.0
1277.5
1067.5
1162.0
1169.5
1061.5
188.5
1103.5
985.0
950.5
1315.0
1145.5
671.5
1076.5
1289.5
1153.0
1111.0
1201.0
1201.0
1078.0
1240.0
1042.0
935.5
1259.5
1229.5
1067.5
881.5
1270.0
733.0
1330.0
1039.0
1172.5
1172.5
1219.0
1262.5
1073.5
998.5
632.5
1256.5
1004.5
952.0
856.0
794.5
1211.5
794.5
1297.0
1258.0
106.0
728.5
464.5
701.5
313.0
1240.0
247.0
1009.0
491.5
913.0
959.5
1315.0
983.5
1168.0
1192.0
806.5
1237.0
1147.0
860.5
1075.0
1109.5
916.0
1222.0
1165.0
1118.5
149.5
841.0
925.0
1208.5
1135.0
1051.0
974.5
853.0
1033.0
1028.5
691.0
1199.5
871.0
892.0
1153.0
1219.0
1132.0
1085.5
1181.5
1237.0
1045.0
296.5
692.5
1201.0
1193.5
743.5
1057.0
1183.0
1144.0
763.0
740.5
1009.0
716.5
1004.5
1045.0
1133.5
742.0
1120.0
1174.0
787.0
1249.0
662.5
1129.0
967.0
997.0
616.0
953.5
779.5
1114.0
1174.0
566.5
1252.0
1037.5
1379.5
503.5
1261.0
1090.0
1180.0
422.5
289.0
754.0
400.0
1049.5
1043.5
988.0
985.0
1084.0
977.5
856.0
1214.5
550.0
1139.5
688.0
881.5
1124.5
1148.5
1231.0
1091.5
1244.5
1120.0
556.0
1201.0
796.0
673.0
1222.0
1246.0
538.0
997.0
1177.0
1205.5
1157.5
779.5
1067.5
1109.5
1084.0
326.5
1256.5
1337.5
238.0
1160.5
1171.0
1327.0
1202.5
1201.0
1148.5
1228.0
1114.0
976.0
1118.5
973.0
1187.5
274.0
1183.0
853.0
520.0
1064.5
899.5
1031.5
1129.0
1277.5
673.0
962.5
1234.0
1105.0
1279.0
992.5
1181.5
1225.0
977.5
799.0
133.0
1112.5
169.0
907.0
694.0
1082.5
1057.0
1006.0
836.5
874.0
1222.0
1249.0
220.0
784.0
1193.5
1231.0
616.0
1252.0
1217.5
307.0
1120.0
1324.0
1081.0
1187.5
1283.5
1151.5
892.0
1256.5
1187.5
877.0
1177.0
1099.0
961.0
1261.0
619.0
1274.5
1208.5
355.0
805.0
1138.0
826.0
1273.0
473.5
1240.0
851.5
829.0
1099.0
733.0
1321.0
935.5
385.0
1027.0
584.5
1016.5
1195.0
959.5
1307.5
1166.5
953.5
884.5
761.5
1220.5
1171.0
884.5
404.5
1090.0
1073.5
1229.5
1072.0
916.0
1288.0
166.0
685.0
1315.0
1190.5
1333.0
1274.5
563.5
1208.5
503.5
959.5
973.0
874.0
1079.5
1226.5
1133.5
1171.0
1175.5
1144.0
445.0
1003.0
398.5
433.0
1189.0
1165.0
445.0
1226.5
1180.0
1172.5
1280.5
1301.5
1259.5
910.0
910.0
1223.5
1312.0
1147.0
1334.5
1202.5
1264.0
1405.0
1133.5
1027.0
1096.0
1144.0
1072.0
335.5
925.0
1061.5
991.0
1142.5
401.5
1268.5
676.0
1127.5
1213.0
1201.0
766.0
1208.5
1225.0
1202.5
1105.0
406.0
757.0
1121.5
1001.5
1279.0
1043.5
1006.0
1406.5
1048.0
1094.5
1165.0
557.5
1226.5
992.5
142.0
944.5
1010.5
971.5
950.5
1208.5
803.5
1237.0
1144.0
1177.0
697.0
1048.0
1085.5
1037.5
1060.0
1121.5
1237.0
1076.5
430.0
1130.5
1027.0
1193.5
1033.0
1229.5
1108.0
1169.5
1019.5
1124.5
1292.5
1231.0
1262.5
967.0
1115.5
1160.5
1240.0
493.0
545.5
1069.0
517.0
1073.5
452.5
1025.5
1307.5
722.5
1169.5
1238.5
1273.0
1195.0
1130.5
1048.0
838.0
974.5
1100.5
1045.0
1193.5
1333.0
250.0
1349.5
1124.5
1283.5
613.0
1007.5
1063.0
1328.5
1274.5
1148.5
1180.0
910.0
1151.5
1075.0
910.0
1255.0
833.5
344.5
1079.5
508.0
1112.5
1313.5
1249.0
1124.5
463.0
1046.5
1249.0
1238.5
1139.5
1231.0
1090.0
1187.5
979.0
1141.0
128.5
1049.5
1090.0
1192.0
890.5
1039.0
514.0
820.0
1283.5
1196.5
1304.5
920.5
787.0
796.0
935.5
280.0
635.5
1162.0
1244.5
1102.0
1285.0
970.0
757.0
1189.0
1093.0
622.0
1315.0
806.5
775.0
428.5
1172.5
1259.5
1304.5
898.0
592.0
736.0
1214.5
181.0
1249.0
305.5
1268.5
1190.5
1178.5
1112.5
1277.5
1025.5
1244.5
1199.5
1102.0
1232.5
1159.0
1219.0
152.5
1099.0
398.5
1154.5
1156.0
742.0
1201.0
1109.5
968.5
790.0
1126.0
1159.0
1061.5
976.0
1171.0
1286.5
500.5
1250.5
952.0
509.5
1271.5
1153.0
1093.0
737.5
1193.5
1081.0
115.0
916.0
1093.0
566.5
1069.0
1112.5
1273.0
1357.0
1054.0
1138.0
7.0
1120.0
502.0
1283.5
1085.5
770.5
973.0
1109.5
1244.5
1151.5
1175.5
829.0
509.5
1247.5
1079.5
1163.5
1120.0
1040.5
1142.5
1078.0
1136.5
1159.0
710.5
1130.5
1061.5
1235.5
907.0
1097.5
1228.0
1132.0
1169.5
256.0
1199.5
815.5
1247.5
856.0
395.5
961.0
1034.5
680.5
1036.0
1169.5
527.5
1118.5
934.0
760.0
769.0
1025.5
979.0
665.5
1094.5
754.0
1013.5
1189.0
772.0
1301.5
910.0
940.0
1277.5
1181.5
1147.0
1073.5
694.0
491.5
1072.0
1064.5
725.5
1132.0
727.0
728.5
1165.0
763.0
1226.5
1331.5
1316.5
1103.5
724.0
652.0
232.0
1273.0
400.0
839.5
398.5
1031.5
916.0
989.5
652.0
235.0
1156.0
1124.5
1021.0
622.0
1172.5
1208.5
277.0
1057.0
1193.5
1238.5
1111.0
1220.5
1292.5
974.5
196.0
1045.0
641.5
1211.5
1162.0
772.0
1256.5
1021.0
1265.5
1141.0
1235.5
1009.0
884.5
1256.5
529.0
1127.5
911.5
553.0
508.0
338.5
1079.5
902.5
425.5
1177.0
586.0
236.5
593.5
562.0
785.5
1223.5
1172.5
715.0
1099.0
1102.0
529.0
571.0
572.5
857.5
1160.5
508.0
1205.5
1373.5
671.5
1019.5
583.0
1313.5
964.0
1348.0
1094.5
1214.5
1184.5
143.5
1133.5
727.0
1259.5
715.0
523.0
1337.5
967.0
1201.0
1055.5
1139.5
932.5
1199.5
1262.5
1217.5
1309.0
1066.0
946.0
1199.5
908.5
1250.5
337.0
1240.0
1201.0
268.0
1103.5
430.0
593.5
134.5
1213.0
472.0
1177.0
970.0
1105.0
1132.0
550.0
1174.0
1144.0
938.5
1106.5
640.0
1084.0
1142.5
937.0
752.5
682.0
1097.5
1204.0
691.0
850.0
806.5
1096.0
1007.5
562.0
1154.5
1198.0
1030.0
1196.5
385.0
1271.5
947.5
137.5
1165.0
409.0
302.5
932.5
1145.5
1063.0
713.5
1147.0
451.0
944.5
1106.5
1333.0
940.0
676.0
736.0
1228.0
949.0
758.5
1166.5
1222.0
809.5
1123.0
1073.5
215.5
1024.0
197.5
1144.0
1159.0
994.0
1225.0
1273.0
1193.5
1189.0
1052.5
1003.0
1259.5
1099.0
1163.5
1118.5
800.5
1001.5
1160.5
1231.0
1147.0
1183.0
1169.5
164.5
1210.0
1199.5
1300.0
1324.0
1337.5
997.0
1165.0
473.5
934.0
986.5
1133.5
995.5
106.0
1307.5
874.0
853.0
1075.0
1066.0
674.5
742.0
982.0
995.5
1103.5
1178.5
1064.5
1022.5
1175.5
1213.0
1147.0
814.0
881.5
596.5
1208.5
832.0
949.0
1190.5
1223.5
1048.0
1028.5
1052.5
736.0
1238.5
1166.5
737.5
317.5
1231.0
395.5
1120.0
605.5
1123.0
1190.5
1213.0
973.0
1235.5
1301.5
1123.0
1093.0
997.0
785.5
1256.5
1135.0
1259.5
865.0
428.5
992.5
884.5
1076.5
1072.0
1259.5
583.0
1310.5
1312.0
1217.5
322.0
1213.0
157.0
1175.5
1222.0
1157.5
1268.5
1028.5
241.0
1054.0
1190.5
1216.0
712.0
968.5
1142.5
1178.5
1219.0
1171.0
331.0
1235.5
236.5
997.0
446.5
1178.5
1216.0
1375.0
881.5
1130.5
1264.0
1025.5
1295.5
1184.5
620.5
1313.5
673.0
1346.5
436.0
457.0
754.0
979.0
1196.5
776.5
1307.5
1172.5
268.0
1300.0
952.0
1276.0
1105.0
829.0
830.5
1093.0
1213.0
1084.0
1157.5
967.0
679.0
1094.5
1225.0
628.0
1202.5
1036.0
1267.0
1223.5
815.5
1202.5
959.5
1163.5
1057.0
1189.0
938.5
926.5
749.5
1025.5
1124.5
1043.5
838.0
1294.0
1148.5
1184.5
1006.0
922.0
1325.5
493.0
850.0
986.5
1295.5
1058.5
419.5
1163.5
73.0
1247.5
1177.0
1240.0
1060.0
1277.5
910.0
1214.5
1112.5
872.5
1078.0
950.5
1262.5
377.5
680.5
412.0
323.5
970.0
545.5
811.0
368.5
1090.0
1282.0
1079.5
716.5
1198.0
1168.0
1180.0
1030.0
1100.5
206.5
947.5
1130.5
371.5
814.0
974.5
884.5
763.0
956.5
1273.0
1214.5
754.0
605.5
1324.0
449.5
1169.5
1096.0
167.5
940.0
1235.5
1121.5
827.5
974.5
551.5
1310.5
535.0
1004.5
1202.5
1019.5
1129.0
676.0
1220.5
1046.5
1099.0
1175.5
1088.5
619.0
808.0
710.5
1060.0
1198.0
1006.0
1153.0
907.0
701.5
1115.5
1334.5
149.5
404.5
970.0
1105.0
1318.0
1216.0
1235.5
965.5
1180.0
1084.0
629.5
961.0
1150.0
1132.0
718.0
1238.5
982.0
632.5
460.0
781.0
994.0
881.5
1123.0
1025.5
1060.0
404.5
736.0
1138.0
1061.5
905.5
962.5
1057.0
1063.0
1039.0
823.0
991.0
317.5
727.0
1102.0
1136.5
517.0
751.0
901.0
1076.5
1268.5
1159.0
839.5
1190.5
1091.5
742.0
1322.5
982.0
919.0
1051.0
1066.0
1120.0
1303.0
1195.0
578.5
1237.0
1037.5
1153.0
1151.5
895.0
853.0
340.0
770.5
1388.5
1148.5
1231.0
1108.0
1006.0
451.0
482.5
1294.0
1066.0
1091.5
1003.0
971.5
46.0
1061.5
1231.0
1261.0
1267.0
779.5
1100.5
1048.0
1237.0
791.5
872.5
679.0
1081.0
772.0
799.0
1045.0
997.0
1243.0
884.5
1147.0
931.0
647.5
1001.5
812.5
1298.5
1105.0
754.0
1030.0
1264.0
979.0
1124.5
1198.0
1363.0
221.5
1103.5
1342.0
1127.5
368.5
1252.0
271.0
923.5
1127.5
1213.0
890.5
1177.0
536.5
892.0
1066.0
568.0
566.5
1115.5
1264.0
1126.0
1106.5
161.5
1043.5
824.5
877.0
721.0
859.0
1159.0
259.0
433.0
1292.5
1280.5
1232.5
860.5
604.0
1003.0
754.0
1216.0
1223.5
1079.5
815.5
835.0
1003.0
1207.0
961.0
1124.5
1195.0
764.5
1318.0
256.0
1019.5
940.0
325.0
1211.5
575.5
691.0
893.5
407.5
1220.5
769.0
1334.5
1228.0
221.5
1199.5
1160.5
835.0
1036.0
1231.0
1135.0
1076.5
1091.5
1072.0
1166.5
1247.5
1042.0
1115.5
1225.0
1162.0
970.0
1102.0
949.0
734.5
1210.0
1076.5
1147.0
500.5
1021.0
1034.5
833.5
802.0
1075.0
1208.5
848.5
1234.0
1306.0
1229.5
1300.0
1178.5
1120.0
1208.5
1121.5
1273.0
893.5
682.0
1177.0
725.5
952.0
1003.0
190.0
1240.0
712.0
1003.0
1136.5
1220.5
1181.5
1142.5
1102.0
1316.5
1232.5
1169.5
1073.5
1258.0
389.5
869.5
1183.0
773.5
529.0
274.0
1270.0
830.5
719.5
1139.5
1198.0
1210.0
986.5
1123.0
1072.0
619.0
646.0
1258.0
1240.0
509.5
1178.5
1249.0
1124.5
913.0
910.0
499.0
893.5
1274.5
1075.0
376.0
1246.0
1138.0
956.5
1040.5
850.0
1262.5
1138.0
938.5
985.0
1097.5
916.0
455.5
923.5
1192.0
1318.0
1219.0
1001.5
947.5
835.0
920.5
1127.5
1106.5
1100.5
809.5
1213.0
1063.0
259.0
859.0
1249.0
1210.0
1201.0
208.0
892.0
515.5
817.0
931.0
1222.0
1096.0
868.0
872.5
722.5
1178.5
1390.0
1198.0
1096.0
1172.5
1019.5
1133.5
1202.5
1118.5
1226.5
1195.0
1072.0
1049.5
950.5
964.0
1151.5
1244.5
1099.0
1124.5
1292.5
844.0
1097.5
1151.5
1307.5
814.0
1309.0
925.0
961.0
1277.5
1250.5
244.0
748.0
1088.5
1184.5
772.0
1258.0
1292.5
1019.5
505.0
755.5
1027.0
1250.5
1325.5
710.5
899.5
973.0
1057.0
1219.0
715.0
1177.0
1106.5
1276.0
1348.0
863.5
950.5
1097.5
325.0
1189.0
1313.5
1219.0
1142.5
1171.0
1136.5
1024.0
1160.5
1177.0
659.5
926.5
1202.5
1190.5
1012.0
862.0
1138.0
1252.0
1261.0
1115.5
1211.5
422.5
557.5
1060.0
1117.0
1136.5
877.0
580.0
817.0
1160.5
1111.0
1145.5
1153.0
1106.5
1205.5
854.5
1097.5
1207.0
1136.5
1222.0
1270.0
658.0
1225.0
1240.0
1156.0
1018.0
1267.0
271.0
1166.5
484.0
985.0
350.5
1280.5
874.0
1282.0
1051.0
1003.0
1208.5
1213.0
1175.5
1055.5
827.5
1132.0
1093.0
878.5
772.0
710.5
1264.0
1109.5
1274.5
724.0
845.5
1058.5
443.5
1081.0
1178.5
811.0
1130.5
275.5
814.0
1028.5
710.5
1073.5
1081.0
542.5
1025.5
913.0
193.0
766.0
665.5
979.0
383.5
836.5
1075.0
1040.5
1006.0
629.5
1033.0
1102.0
1090.0
416.5
1298.5
1058.5
613.0
1073.5
1172.5
1133.5
1300.0
863.5
1006.0
872.5
1280.5
1025.5
842.5
290.5
1124.5
580.0
1178.5
133.0
1078.0
968.5
898.0
1301.5
1097.5
1202.5
1234.0
1163.5
463.0
1051.0
1153.0
515.5
1061.5
776.5
982.0
905.5
1270.0
1049.5
689.5
815.5
664.0
1255.0
1244.5
1183.0
1208.5
1139.5
1015.0
235.0
157.0
1175.5
649.0
1228.0
1160.5
401.5
728.5
1018.0
1274.5
1321.0
983.5
1105.0
983.5
1157.5
746.5
1015.0
872.5
1163.5
769.0
1033.0
416.5
1235.5
806.5
922.0
1132.0
1294.0
959.5
214.0
194.5
743.5
1213.0
1247.5
860.5
1129.0
1154.5
1333.0
1100.5
1036.0
1133.5
1081.0
866.5
1114.0
1295.5
1154.5
935.5
1180.0
874.0
1157.5
1243.0
1196.5
1090.0
866.5
1265.5
134.5
68.5
1148.5
767.5
1186.0
1049.5
1013.5
947.5
949.0
1205.5
221.5
1010.5
1123.0
215.5
46.0
1249.0
1175.5
1202.5
1090.0
1112.5
1081.0
1148.5
1034.5
1175.5
653.5
1019.5
667.0
448.0
908.5
523.0
206.5
932.5
1154.5
746.5
971.5
725.5
1172.5
1070.5
674.5
1250.5
640.0
1129.0
566.5
1162.0
1283.5
1229.5
638.5
256.0
1217.5
142.0
1217.5
1042.0
256.0
1055.5
1076.5
1012.0
1048.0
701.5
151.0
730.0
382.0
1234.0
922.0
1138.0
811.0
1132.0
1111.0
1148.5
1258.0
899.5
1181.5
1285.0
1144.0
1078.0
901.0
460.0
1118.5
302.5
929.5
442.0
1195.0
901.0
1051.0
1034.5
920.5
971.5
1000.0
1174.0
1117.0
1252.0
1232.5
1169.5
1075.0
1069.0
797.5
679.0
655.0
925.0
1000.0
1150.0
1279.0
905.5
509.5
494.5
1201.0
1105.0
1040.5
934.0
95.5
1061.5
1124.5
934.0
1135.0
1082.5
1222.0
1081.0
332.5
1174.0
949.0
1034.5
962.5
1192.0
1202.5
1144.0
1229.5
1237.0
1108.0
385.0
1261.0
1199.5
650.5
995.5
1103.5
928.0
1283.5
1072.0
754.0
635.5
791.5
866.5
1141.0
1033.0
1141.0
1115.5
914.5
1186.0
986.5
1351.0
1174.0
1019.5
344.5
253.0
766.0
1129.0
1265.5
1189.0
1174.0
274.0
518.5
1021.0
1178.5
1340.5
1174.0
359.5
1208.5
1175.5
1214.5
1027.0
1117.0
935.5
1235.5
952.0
905.5
1187.5
1343.5
1246.0
709.0
988.0
779.5
1148.5
1159.0
1144.0
934.0
332.5
1040.5
1261.0
926.5
1079.5
1211.5
395.5
725.5
1088.5
754.0
632.5
1114.0
1163.5
733.0
971.5
1067.5
412.0
482.5
1055.5
949.0
1003.0
1229.5
916.0
1307.5
955.0
787.0
988.0
1277.5
1141.0
1144.0
1124.5
1147.0
928.0
1220.5
1127.5
1115.5
1277.5
1054.0
646.0
1204.0
1220.5
697.0
1115.5
1129.0
680.5
1265.5
1262.5
1031.5
668.5
1118.5
1163.5
1217.5
1186.0
1319.5
1090.0
943.0
664.0
1160.5
128.5
1058.5
866.5
859.0
1168.0
1262.5
640.0
1064.5
1022.5
1171.0
1292.5
1115.5
922.0
742.0
1055.5
857.5
1306.0
824.5
965.5
1202.5
362.5
901.0
800.5
1067.5
859.0
1064.5
1189.0
805.0
1238.5
560.5
943.0
1013.5
1178.5
244.0
848.5
929.5
1199.5
929.5
1064.5
1235.5
1255.0
1318.0
1303.0
1172.5
1120.0
1054.0
1249.0
953.5
1291.0
1231.0
1075.0
875.5
598.0
1283.5
538.0
1214.5
1319.5
872.5
874.0
986.5
1247.5
890.5
1100.5
1175.5
1252.0
952.0
776.5
1267.0
1118.5
1213.0
737.5
1036.0
1181.5
980.5
1067.5
1078.0
125.5
265.0
1291.0
836.5
833.5
863.5
1288.0
1087.0
1054.0
1144.0
638.5
1121.5
1153.0
1144.0
485.5
995.5
1235.5
1172.5
1318.0
1165.0
530.5
1000.0
1195.0
1228.0
1214.5
1150.0
1078.0
269.5
1319.5
209.5
1177.0
686.5
376.0
202.0
1030.0
1241.5
605.5
920.5
1157.5
968.5
1205.5
926.5
1273.0
1295.5
1280.5
1187.5
1000.0
1087.0
1219.0
1097.5
824.5
1207.0
1129.0
1210.0
1021.0
1025.5
1262.5
1123.0
619.0
797.5
1058.5
994.0
1000.0
839.5
212.5
1103.5
1082.5
1015.0
1219.0
1159.0
863.5
1118.5
1156.0
1216.0
739.0
1175.5
445.0
1111.0
1106.5
919.0
976.0
928.0
1249.0
739.0
1091.5
997.0
1282.0
1126.0
1160.5
1279.0
1076.5
1222.0
1091.5
893.5
1295.5
1178.5
1150.0
1033.0
590.5
1157.5
995.5
1292.5
1303.0
767.5
979.0
895.0
1115.5
755.5
1132.0
566.5
1145.5
958.0
415.0
1114.0
1259.5
1087.0
1213.0
1058.5
611.5
820.0
1036.0
1072.0
1280.5
1144.0
1049.5
1238.5
893.5
779.5
487.0
272.5
632.5
733.0
1019.5
1168.0
1204.0
1117.0
1222.0
656.5
734.5
1156.0
404.5
1174.0
1060.0
1087.0
1001.5
932.5
1031.5
1103.5
1076.5
1288.0
920.5
1153.0
421.0
1216.0
1171.0
691.0
1151.5
958.0
1105.0
871.0
1111.0
1211.5
898.0
1066.0
1199.5
983.5
1202.5
1142.5
1145.5
463.0
908.5
940.0
902.5
1076.5
1175.5
1162.0
1121.5
1205.5
1219.0
1201.0
1199.5
1261.0
1090.0
1153.0
1241.5
688.0
824.5
1042.0
1079.5
673.0
1121.5
1058.5
1084.0
1216.0
440.5
347.5
1220.5
1190.5
1090.0
1054.0
896.5
809.5
1039.0
1138.0
1144.0
1121.5
893.5
1279.0
1001.5
1166.5
1160.5
1330.0
934.0
1099.0
802.0
997.0
1063.0
1039.0
979.0
1069.0
1129.0
1157.5
674.5
1160.5
1118.5
1264.0
1208.5
1046.5
1124.5
1135.0
341.5
1001.5
1058.5
991.0
934.0
982.0
1151.5
1138.0
653.5
968.5
1064.5
1198.0
1166.5
1381.0
953.5
1267.0
1130.5
1022.5
1165.0
1204.0
1196.5
1171.0
1100.5
1111.0
983.5
1243.0
1133.5
418.0
1081.0
1145.5
779.5
647.5
830.5
674.5
488.5
1174.0
1219.0
1180.0
1106.5
1099.0
1148.5
854.5
1102.0
1057.0
757.0
908.5
386.5
509.5
244.0
1285.0
152.5
83.5
926.5
940.0
805.0
1187.5
1220.5
1108.0
865.0
1291.0
721.0
1273.0
1303.0
1222.0
1222.0
106.0
1274.5
1237.0
1187.5
1121.5
473.5
418.0
1289.5
1058.5
1045.0
296.5
1301.5
1118.5
1264.0
1052.5
1169.5
1019.5
1312.0
764.5
899.5
215.5
884.5
811.0
1010.5
1204.0
973.0
899.5
1100.5
1274.5
1088.5
800.5
997.0
802.0
1244.5
998.5
1228.0
853.0
728.5
271.0
1132.0
434.5
1082.5
1106.5
1145.5
1288.0
1067.5
659.5
749.5
1094.5
992.5
649.0
1169.5
998.5
1225.0
904.0
1169.5
808.0
1235.5
1204.0
572.5
1138.0
274.0
941.5
1057.0
1057.0
539.5
958.0
931.0
1147.0
911.5
1111.0
842.5
1244.5
988.0
1178.5
1295.5
502.0
1010.5
767.5
1025.5
151.0
182.5
1252.0
1099.0
1016.5
740.5
1223.5
1241.5
1172.5
176.5
290.5
631.0
1045.0
1264.0
415.0
1223.5
998.5
970.0
818.5
1063.0
853.0
1211.5
1057.0
1001.5
839.5
1226.5
673.0
506.5
170.5
499.0
1165.0
1307.5
1207.0
1112.5
1300.0
1022.5
1162.0
910.0
1109.5
1295.5
1142.5
1042.0
1160.5
1148.5
1114.0
935.5
581.5
1139.5
1052.5
1132.0
643.0
982.0
1088.5
1022.5
667.0
1198.0
1172.5
752.5
1085.5
1042.0
269.5
1025.5
817.0
1016.5
1180.0
995.5
1096.0
221.5
1070.5
1318.0
1277.5
131.5
1090.0
1060.0
1193.5
979.0
1183.0
1112.5
1024.0
1114.0
940.0
1144.0
793.0
928.0
140.5
245.5
1118.5
1031.5
820.0
1289.5
1027.0
1319.5
1138.0
1024.0
1271.5
574.0
481.0
1205.5
950.5
829.0
863.5
536.5
496.0
563.5
1025.5
1142.5
1267.0
374.5
1217.5
926.5
1013.5
128.5
1223.5
1027.0
1006.0
775.0
1028.5
889.0
451.0
272.5
1120.0
890.5
1262.5
859.0
430.0
791.5
1217.5
1312.0
1231.0
1015.0
1070.5
1250.5
925.0
1064.5
1081.0
1046.5
166.0
1189.0
1072.0
803.5
1328.5
1058.5
1139.5
1135.0
971.5
1177.0
1135.0
952.0
463.0
590.5
1078.0
953.5
1240.0
845.5
1021.0
347.5
610.0
1081.0
1148.5
1237.0
1190.5
1000.0
643.0
1231.0
931.0
949.0
914.5
1256.5
808.0
1087.0
1171.0
1109.5
1253.5
1237.0
998.5
1327.0
1226.5
1157.5
134.5
1031.5
1226.5
991.0
1079.5
1061.5
1264.0
1208.5
1040.5
626.5
964.0
1213.0
596.5
358.0
733.0
1042.0
1100.5
1097.5
883.0
1136.5
970.0
1237.0
1082.5
1390.0
1184.5
1012.0
1072.0
908.5
1030.0
809.5
824.5
962.5
1186.0
1226.5
1042.0
1055.5
703.0
385.0
508.0
1063.0
845.5
1172.5
796.0
670.0
95.5
289.0
1198.0
1328.5
943.0
701.5
932.5
962.5
1090.0
1111.0
1094.5
830.5
1171.0
622.0
1261.0
1286.5
1105.0
575.5
872.5
1108.0
1034.5
1216.0
1004.5
908.5
1226.5
937.0
1249.0
278.5
758.5
1241.5
1187.5
335.5
934.0
974.5
1183.0
811.0
454.0
1219.0
217.0
1264.0
1042.0
1055.5
395.5
1016.5
1019.5
665.5
1088.5
890.5
874.0
1067.5
1000.0
1271.5
781.0
1306.0
1184.5
1159.0
1082.5
1036.0
1181.5
998.5
965.5
1136.5
914.5
1148.5
296.5
1250.5
1114.0
1025.5
1057.0
1262.5
1052.5
989.5
988.0
1163.5
1222.0
851.5
1169.5
953.5
934.0
1223.5
1006.0
1136.5
176.5
493.0
1268.5
1087.0
403.0
799.0
832.0
899.5
926.5
970.0
850.0
1130.5
1102.0
1277.5
1264.0
274.0
1013.5
1061.5
1124.5
968.5
1274.5
1342.0
1300.0
1001.5
994.0
1243.0
1118.5
992.5
1001.5
902.5
854.5
1087.0
920.5
376.0
1228.0
1102.0
1207.0
613.0
1210.0
776.5
856.0
1144.0
1030.0
1001.5
409.0
263.5
800.5
1379.5
1000.0
1102.0
814.0
949.0
829.0
292.0
1054.0
1274.5
1073.5
1171.0
1130.5
1222.0
868.0
1261.0
394.0
1163.5
1261.0
1088.5
827.5
1112.5
944.5
554.5
1259.5
1016.5
1033.0
1088.5
1150.0
1096.0
1001.5
865.0
218.5
1318.0
536.5
319.0
1207.0
805.0
1127.5
539.5
578.5
1094.5
1058.5
539.5
1091.5
1075.0
1078.0
727.0
997.0
589.0
976.0
932.5
733.0
955.0
1207.0
1235.5
1069.0
191.5
1136.5
475.0
1165.0
871.0
1109.5
1117.0
1246.0
1336.0
1154.5
313.0
970.0
905.5
1130.5
1157.5
805.0
550.0
746.5
1211.5
868.0
730.0
985.0
914.5
694.0
1169.5
1220.5
953.5
1004.5
1072.0
1201.0
1243.0
1228.0
1315.0
721.0
1199.5
712.0
1105.0
1082.5
353.5
1253.5
484.0
1150.0
848.5
812.5
1217.5
1204.0
64.0
785.5
1075.0
617.5
257.5
580.0
947.5
1031.5
1075.0
1241.5
1082.5
716.5
796.0
655.0
1126.0
1075.0
1202.5
1012.0
314.5
1234.0
1151.5
1264.0
1169.5
1138.0
1013.5
1279.0
1193.5
896.5
1030.0
950.5
548.5
1265.5
1060.0
971.5
1109.5
1016.5
1328.5
1223.5
1073.5
1247.5
886.0
275.5
1159.0
1103.5
1051.0
1210.0
1186.0
866.5
1025.5
818.5
935.5
1144.0
1289.5
1126.0
998.5
1096.0
1063.0
1025.5
1013.5
269.5
1093.0
1177.0
1019.5
1067.5
1144.0
527.5
1219.0
871.0
1154.5
1102.0
952.0
1168.0
1252.0
938.5
860.5
848.5
1090.0
1123.0
1289.5
1235.5
800.5
1291.0
1255.0
971.5
998.5
1268.5
1199.5
893.5
1109.5
1039.0
1024.0
1078.0
671.5
187.0
997.0
1102.0
1115.5
1144.0
1153.0
1088.5
1220.5
1040.5
505.0
1091.5
1139.5
1019.5
235.0
1165.0
464.5
1127.5
1103.5
986.5
1229.5
341.5
1067.5
1238.5
1063.0
754.0
526.0
1004.5
904.0
1102.0
1168.0
476.5
1133.5
1013.5
1201.0
1090.0
917.5
1190.5
623.5
217.0
596.5
1253.5
271.0
1166.5
1129.0
950.5
1054.0
871.0
1040.5
1196.5
1309.0
791.5
986.5
386.5
1381.0
683.5
1150.0
1130.5
949.0
1148.5
953.5
1190.5
1106.5
848.5
1277.5
1175.5
541.0
461.5
1172.5
1040.5
1289.5
620.5
731.5
1234.0
1025.5
761.5
1234.0
458.5
1199.5
1037.5
1217.5
458.5
1235.5
1148.5
757.0
557.5
1120.0
350.5
719.5
1025.5
700.0
869.5
1054.0
707.5
820.0
1186.0
781.0
803.5
1214.5
1186.0
1072.0
1129.0
1315.0
1102.0
253.0
1315.0
1016.5
1211.5
931.0
155.5
1057.0
1052.5
1138.0
1195.0
1237.0
535.0
1349.5
197.5
910.0
643.0
1118.5
1252.0
1250.5
1171.0
877.0
1219.0
934.0
1198.0
1181.5
970.0
848.5
548.5
1153.0
1130.5
898.0
1313.5
871.0
1259.5
1210.0
839.5
1144.0
1150.0
176.5
1093.0
773.5
1157.5
860.5
805.0
1327.0
1267.0
881.5
1103.5
592.0
1166.5
334.0
430.0
1226.5
953.5
1174.0
1172.5
851.5
1063.0
1010.5
1171.0
1103.5
290.5
977.5
1192.0
1024.0
1186.0
805.0
341.5
664.0
1142.5
34.0
1225.0
994.0
1172.5
1204.0
730.0
521.5
1165.0
314.5
896.5
1027.0
1184.5
815.5
706.0
1072.0
1187.5
1129.0
871.0
1223.5
1217.5
1064.5
883.0
1246.0
1178.5
614.5
1123.0
695.5
1141.0
1156.0
611.5
314.5
1292.5
1048.0
994.0
1195.0
1069.0
1111.0
1204.0
1261.0
1171.0
1276.0
410.5
1051.0
1121.5
1063.0
1241.5
1225.0
592.0
1232.5
722.5
1123.0
1165.0
862.0
1177.0
742.0
845.5
370.0
1129.0
1232.5
1267.0
1084.0
1006.0
1162.0
1211.5
886.0
1226.5
1093.0
502.0
500.5
1261.0
1199.5
1213.0
959.5
1124.5
1153.0
604.0
1250.5
1310.5
1043.5
406.0
1100.5
917.5
1192.0
985.0
662.5
844.0
934.0
1130.5
1267.0
1316.5
974.5
700.0
671.5
1255.0
1147.0
1180.0
763.0
1168.0
515.5
1093.0
1256.5
1015.0
1075.0
737.5
590.5
1105.0
1225.0
1150.0
1195.0
1232.5
479.5
1165.0
878.5
634.0
940.0
1088.5
779.5
689.5
604.0
895.0
1022.5
1198.0
344.5
1291.0
1061.5
1120.0
1084.0
632.5
1169.5
1064.5
962.5
1133.5
1151.5
1159.0
779.5
1102.0
1034.5
863.5
1118.5
950.5
1177.0
301.0
1049.5
1075.0
797.5
1139.5
1018.0
1090.0
1172.5
524.5
980.5
596.5
940.0
278.5
1109.5
1079.5
880.0
1073.5
826.0
433.0
1019.5
1169.5
1295.5
1231.0
1225.0
1184.5
1108.0
583.0
905.5
1139.5
941.5
1171.0
1171.0
506.5
562.0
1303.0
1001.5
1082.5
1097.5
1229.5
151.0
1129.0
1121.5
880.0
673.0
629.5
848.5
974.5
412.0
805.0
590.5
1064.5
746.5
715.0
961.0
1231.0
1226.5
968.5
862.0
1147.0
1094.5
971.5
1112.5
1111.0
746.5
599.5
1174.0
1166.5
1027.0
337.0
998.5
1204.0
1216.0
1379.5
1133.5
1166.5
430.0
1123.0
1060.0
425.5
947.5
1150.0
1067.5
761.5
881.5
1003.0
1142.5
1271.5
1138.0
1019.5
1199.5
1111.0
496.0
1193.5
1327.0
836.5
725.5
968.5
1160.5
1273.0
1207.0
1094.5
1213.0
932.5
1031.5
1141.0
373.0
1012.0
989.5
1027.0
808.0
1111.0
1187.5
1324.0
1120.0
1109.5
1048.0
652.0
1124.5
1138.0
1154.5
1225.0
1186.0
982.0
884.5
1051.0
788.5
1237.0
658.0
848.5
940.0
1244.5
898.0
1079.5
1099.0
1235.5
1262.5
1094.5
1222.0
772.0
940.0
437.5
640.0
1012.0
325.0
775.0
1211.5
1244.5
637.0
866.5
457.0
1054.0
997.0
217.0
1300.0
1312.0
1202.5
1108.0
956.5
844.0
626.5
