37.0
1249.0
748.0
790.0
224.5
322.0
373.0
764.5
368.5
112.0
485.5
217.0
722.5
821.5
287.5
316.0
332.5
346.0
982.0
899.5
181.0
739.0
911.5
461.5
319.0
478.0
142.0
784.0
1030.0
1013.5
995.5
283.0
262.0
701.5
775.0
608.5
754.0
1229.5
977.5
382.0
532.0
682.0
613.0
224.5
748.0
740.5
703.0
1094.5
805.0
716.5
398.5
985.0
659.5
578.5
941.5
902.5
664.0
565.0
190.0
763.0
1138.0
511.0
1070.5
937.0
602.5
362.5
274.0
149.5
608.5
812.5
784.0
1115.5
989.5
1102.0
241.0
1079.5
1097.5
529.0
572.5
202.0
967.0
227.5
865.0
1157.5
1153.0
346.0
737.5
926.5
794.5
236.5
284.5
710.5
656.5
638.5
790.0
724.0
437.5
880.0
1096.0
482.5
422.5
646.0
679.0
607.0
599.5
575.5
1073.5
139.0
917.5
481.0
739.0
965.5
850.0
959.5
557.5
271.0
928.0
901.0
149.5
955.0
1061.5
509.5
364.0
775.0
311.5
617.5
607.0
811.0
1111.0
224.5
874.0
893.5
674.5
1097.5
475.0
1142.5
536.5
431.5
922.0
305.5
1156.0
782.5
1157.5
853.0
985.0
887.5
625.0
938.5
1049.5
548.5
784.0
250.0
368.5
287.5
814.0
878.5
689.5
644.5
1013.5
886.0
1019.5
802.0
820.0
517.0
635.5
862.0
1063.0
425.5
902.5
416.5
460.0
262.0
233.5
148.0
473.5
779.5
694.0
545.5
661.0
1064.5
860.5
919.0
1171.0
422.5
409.0
1193.5
241.0
481.0
820.0
1061.5
881.5
212.5
761.5
961.0
662.5
1009.0
1193.5
463.0
286.0
430.0
199.0
395.5
158.5
296.5
805.0
698.5
409.0
1156.0
377.5
754.0
688.0
983.5
1127.5
1069.0
656.5
836.5
887.5
763.0
983.5
850.0
1223.5
986.5
379.0
1079.5
310.0
632.5
301.0
371.5
757.0
427.0
971.5
901.0
301.0
317.5
418.0
353.5
353.5
781.0
734.5
955.0
340.0
877.0
167.5
425.5
407.5
1078.0
173.5
697.0
890.5
691.0
653.5
199.0
1202.5
1184.5
1222.0
1055.5
992.5
772.0
836.5
922.0
590.5
1193.5
688.0
562.0
26.5
881.5
1126.0
211.0
406.0
1118.5
824.5
736.0
490.0
995.5
1259.5
499.0
1211.5
202.0
238.0
379.0
194.5
187.0
415.0
964.0
233.5
1049.5
83.5
1043.5
232.0
544.0
505.0
724.0
548.5
832.0
124.0
773.5
905.5
800.5
374.5
1186.0
1132.0
1028.5
467.5
778.0
247.0
926.5
1147.0
737.5
850.0
1157.5
331.0
812.5
1016.5
908.5
863.5
607.0
1055.5
1177.0
1031.5
304.0
692.5
302.5
373.0
409.0
383.5
245.5
326.5
512.5
724.0
799.0
839.5
173.5
535.0
1075.0
361.0
394.0
316.0
653.5
1124.5
263.5
838.0
691.0
775.0
1220.5
899.5
971.5
1082.5
106.0
565.0
1109.5
1090.0
637.0
1085.5
1174.0
1004.5
971.5
641.5
706.0
895.0
991.0
323.5
893.5
626.5
644.5
569.5
844.0
149.5
535.0
395.5
736.0
1040.5
313.0
229.0
41.5
980.5
1031.5
482.5
1015.0
935.5
433.0
806.5
218.5
805.0
277.0
397.0
1010.5
220.0
620.5
422.5
1154.5
427.0
419.5
644.5
781.0
1078.0
532.0
1084.0
736.0
782.5
580.0
248.5
1247.5
751.0
911.5
859.0
316.0
196.0
1034.5
449.5
665.5
677.5
632.5
749.5
125.5
809.5
886.0
337.0
304.0
155.5
989.5
268.0
307.0
185.5
379.0
1106.5
472.0
1175.5
1198.0
442.0
946.0
194.5
944.5
634.0
362.5
478.0
739.0
1043.5
794.5
721.0
839.5
101.5
425.5
764.5
1108.0
383.5
233.5
907.0
851.5
490.0
758.5
958.0
574.0
659.5
1072.0
685.0
856.0
907.0
838.0
722.5
1069.0
235.0
289.0
1073.5
901.0
530.5
1334.5
251.5
230.5
259.0
1132.0
542.5
742.0
1195.0
370.0
911.5
134.5
259.0
1024.0
1079.5
485.5
238.0
340.0
700.0
461.5
286.0
880.0
440.5
1003.0
302.5
506.5
262.0
125.5
503.5
946.0
451.0
976.0
407.5
1082.5
950.5
1007.5
782.5
122.5
559.0
644.5
1133.5
665.5
368.5
233.5
968.5
1093.0
326.5
614.5
286.0
751.0
527.5
1046.5
266.5
1060.0
1141.0
223.0
1072.0
658.0
947.5
1004.5
539.5
989.5
496.0
817.0
881.5
1097.5
266.5
895.0
881.5
1100.5
1043.5
295.0
317.5
292.0
829.0
835.0
889.0
385.0
611.5
905.5
950.5
874.0
172.0
1033.0
935.5
296.5
820.0
703.0
929.5
163.0
355.0
962.5
877.0
461.5
19.0
311.5
13.0
826.0
662.5
422.5
239.5
256.0
665.5
457.0
473.5
1094.5
931.0
296.5
1034.5
260.5
859.0
719.5
338.5
493.0
172.0
1108.0
998.5
923.5
232.0
1090.0
193.0
241.0
584.5
1048.0
97.0
707.5
892.0
589.0
679.0
470.5
161.5
316.0
470.5
1094.5
1007.5
382.0
928.0
764.5
274.0
964.0
107.5
671.5
992.5
959.5
1042.0
367.0
1039.0
1007.5
827.5
130.0
871.0
632.5
340.0
758.5
932.5
211.0
931.0
391.0
871.0
316.0
394.0
230.5
1127.5
532.0
812.5
817.0
988.0
628.0
238.0
277.0
248.5
406.0
880.0
1040.5
955.0
538.0
296.5
547.0
407.5
590.5
1043.5
739.0
128.5
491.5
256.0
940.0
674.5
1013.5
806.5
295.0
337.0
643.0
746.5
854.5
151.0
727.0
1159.0
328.0
854.5
1309.0
574.0
1169.5
803.5
944.5
364.0
1109.5
278.5
640.0
689.5
1111.0
830.5
992.5
811.0
991.0
214.0
223.0
715.0
928.0
319.0
521.5
398.5
169.0
484.0
704.5
98.5
124.0
1120.0
973.0
998.5
598.0
907.0
920.5
359.5
440.5
730.0
982.0
842.5
1165.0
449.5
769.0
1225.0
695.5
563.5
1012.0
313.0
341.5
289.0
305.5
608.5
77.5
1091.5
1168.0
988.0
719.5
1156.0
328.0
64.0
427.0
1046.5
199.0
962.5
950.5
718.0
724.0
1070.5
581.5
721.0
181.0
137.5
1141.0
761.5
10.0
892.0
352.0
916.0
794.5
239.5
397.0
1079.5
949.0
719.5
353.5
100.0
863.5
643.0
239.5
647.5
913.0
406.0
1258.0
880.0
497.5
787.0
286.0
1147.0
722.5
634.0
368.5
943.0
212.5
1105.0
830.5
674.5
1261.0
1097.5
607.0
617.5
1141.0
925.0
280.0
728.5
143.5
1130.5
92.5
737.5
409.0
1013.5
1238.5
680.5
970.0
668.5
952.0
380.5
632.5
676.0
748.0
503.5
860.5
1108.0
154.0
496.0
658.0
1139.5
1000.0
998.5
469.0
1112.5
806.5
428.5
1195.0
289.0
368.5
244.0
469.0
763.0
958.0
446.5
640.0
572.5
98.5
460.0
1147.0
1208.5
475.0
331.0
1175.5
269.5
1109.5
800.5
236.5
1117.0
256.0
811.0
403.0
170.5
239.5
329.5
473.5
400.0
1075.0
781.0
1199.5
419.5
925.0
67.0
965.5
1196.5
548.5
979.0
697.0
434.5
1025.5
389.5
488.5
419.5
314.5
503.5
466.0
88.0
560.5
451.0
1015.0
103.0
950.5
448.0
1181.5
536.5
461.5
1259.5
658.0
500.5
845.5
830.5
136.0
332.5
509.5
404.5
1124.5
638.5
989.5
1000.0
976.0
1088.5
413.5
326.5
1144.0
563.5
431.5
142.0
703.0
560.5
656.5
331.0
593.5
958.0
985.0
959.5
55.0
70.0
641.5
1241.5
151.0
382.0
289.0
1028.5
719.5
866.5
466.0
961.0
94.0
730.0
847.0
493.0
1061.5
1085.5
242.5
1036.0
436.0
242.5
350.5
479.5
1084.0
1063.0
634.0
139.0
505.0
1247.5
706.0
1054.0
763.0
1036.0
376.0
338.5
1061.5
760.0
103.0
670.0
545.5
1088.5
224.5
1069.0
767.5
137.5
157.0
485.5
224.5
490.0
518.5
739.0
128.5
559.0
1111.0
893.5
868.0
185.5
254.5
727.0
844.0
358.0
392.5
86.5
1103.5
574.0
901.0
1004.5
1180.0
986.5
1198.0
1207.0
959.5
962.5
400.0
287.5
62.5
967.0
1018.0
995.5
446.5
142.0
1094.5
145.0
854.5
991.0
380.5
1165.0
1094.5
724.0
173.5
404.5
1004.5
745.0
643.0
1141.0
418.0
1223.5
1307.5
223.0
808.0
341.5
590.5
1025.5
562.0
974.5
167.5
1066.0
503.5
1076.5
1214.5
755.5
1039.0
323.5
658.0
224.5
553.0
772.0
457.0
203.5
751.0
1015.0
1177.0
1064.5
785.5
593.5
376.0
473.5
568.0
461.5
898.0
881.5
226.0
628.0
821.5
1300.0
812.5
581.5
200.5
1024.0
1060.0
1121.5
653.5
1184.5
1153.0
265.0
272.5
260.5
1048.0
158.5
235.0
1180.0
131.5
340.0
815.5
1064.5
724.0
907.0
1037.5
461.5
214.0
911.5
689.5
716.5
1007.5
787.0
1018.0
850.0
326.5
434.5
764.5
578.5
872.5
673.0
119.5
205.0
781.0
662.5
595.0
272.5
910.0
577.0
173.5
649.0
484.0
296.5
1052.5
805.0
758.5
830.5
955.0
668.5
736.0
1142.5
715.0
154.0
518.5
134.5
880.0
226.0
524.5
416.5
308.5
580.0
1282.0
559.0
332.5
1009.0
445.0
755.5
143.5
1078.0
455.5
673.0
464.5
755.5
772.0
527.5
761.5
1130.5
706.0
410.5
70.0
646.0
958.0
1148.5
370.0
1201.0
826.0
766.0
907.0
893.5
1088.5
713.5
601.0
1031.5
626.5
877.0
554.5
203.5
499.0
946.0
934.0
1217.5
499.0
1208.5
541.0
541.0
379.0
701.5
1076.5
398.5
1171.0
119.5
239.5
865.0
581.5
376.0
329.5
586.0
754.0
932.5
1022.5
169.0
1025.5
526.0
659.5
1121.5
98.5
671.5
244.0
391.0
977.5
488.5
494.5
416.5
1024.0
410.5
328.0
757.0
526.0
1289.5
661.0
1001.5
626.5
950.5
920.5
404.5
560.5
832.0
389.5
905.5
775.0
974.5
125.5
773.5
826.0
416.5
910.0
664.0
782.5
943.0
319.0
865.0
1144.0
725.5
761.5
281.5
886.0
1352.5
290.5
295.0
220.0
763.0
473.5
536.5
1085.5
610.0
532.0
839.5
571.0
902.5
553.0
137.5
1001.5
272.5
106.0
1004.5
464.5
842.5
109.0
625.0
892.0
289.0
353.5
766.0
614.5
427.0
595.0
886.0
166.0
683.5
653.5
899.5
260.5
451.0
1021.0
583.0
737.5
967.0
710.5
1027.0
151.0
779.5
518.5
346.0
136.0
1052.5
163.0
1075.0
443.5
835.0
266.5
1147.0
895.0
811.0
281.5
661.0
761.5
214.0
292.0
553.0
1073.5
991.0
769.0
716.5
692.5
880.0
574.0
1076.5
1222.0
721.0
140.5
430.0
418.0
1057.0
1028.5
1006.0
295.0
278.5
784.0
733.0
1054.0
1249.0
371.5
196.0
203.5
154.0
682.0
217.0
461.5
526.0
977.5
1154.5
836.5
185.5
181.0
320.5
628.0
823.0
731.5
566.5
463.0
733.0
514.0
263.5
523.0
1157.5
406.0
524.5
406.0
199.0
601.0
218.5
799.0
394.0
500.5
1184.5
1210.0
376.0
559.0
904.0
248.5
484.0
325.0
593.5
656.5
923.5
628.0
289.0
560.5
1007.5
1108.0
877.0
913.0
728.5
233.5
1216.0
755.5
598.0
905.5
1096.0
1258.0
1213.0
754.0
334.0
1025.5
991.0
811.0
839.5
952.0
683.5
686.5
275.5
955.0
221.5
947.5
730.0
1027.0
610.0
590.5
1114.0
518.5
875.5
898.0
767.5
380.5
896.5
610.0
895.0
172.0
952.0
247.0
619.0
166.0
916.0
424.0
1213.0
590.5
935.5
634.0
1126.0
902.5
1180.0
826.0
767.5
709.0
911.5
332.5
806.5
433.0
413.5
259.0
1075.0
800.5
899.5
485.5
857.5
917.5
686.5
196.0
155.5
344.5
185.5
317.5
1178.5
547.0
772.0
763.0
1145.5
1295.5
580.0
1109.5
622.0
662.5
775.0
353.5
707.5
998.5
839.5
751.0
1039.0
373.0
430.0
427.0
997.0
692.5
919.0
544.0
310.0
584.5
1018.0
421.0
701.5
362.5
794.5
587.5
632.5
563.5
256.0
568.0
928.0
998.5
430.0
686.5
212.5
439.0
823.0
311.5
341.5
622.0
134.5
1087.0
247.0
359.5
251.5
191.5
667.0
988.0
367.0
188.5
637.0
680.5
680.5
803.5
994.0
281.5
304.0
850.0
224.5
410.5
277.0
1183.0
1097.5
655.0
838.0
1159.0
400.0
400.0
683.5
842.5
415.0
673.0
92.5
1022.5
1130.5
1006.0
605.5
1142.5
800.5
920.5
892.0
110.5
998.5
431.5
295.0
1171.0
431.5
541.0
223.0
518.5
392.5
707.5
943.0
1229.5
307.0
628.0
887.5
691.0
1093.0
506.5
820.0
356.5
1052.5
746.5
307.0
103.0
823.0
1180.0
1265.5
239.5
830.5
541.0
1037.5
689.5
281.5
308.5
220.0
952.0
967.0
578.5
791.5
362.5
1039.0
487.0
833.5
1163.5
833.5
439.0
775.0
1132.0
74.5
1111.0
833.5
310.0
649.0
476.5
826.0
1154.5
350.5
1168.0
347.5
484.0
167.5
1042.0
739.0
460.0
1057.0
418.0
1070.5
1036.0
217.0
659.5
697.0
1084.0
386.5
608.5
253.0
757.0
668.5
982.0
493.0
700.0
964.0
490.0
278.5
722.5
719.5
815.5
425.5
940.0
1229.5
1088.5
506.5
310.0
1118.5
820.0
551.5
1034.5
992.5
106.0
443.5
485.5
937.0
383.5
1021.0
665.5
967.0
389.5
401.5
1039.0
925.0
1027.0
332.5
758.5
518.5
365.5
1072.0
680.5
1183.0
25.0
763.0
386.5
838.0
1219.0
661.0
737.5
256.0
457.0
1163.5
394.0
212.5
403.0
436.0
872.5
623.5
1064.5
1105.0
719.5
1160.5
341.5
481.0
823.0
419.5
308.5
793.0
1066.0
278.5
529.0
343.0
214.0
337.0
1016.5
808.0
986.5
313.0
262.0
371.5
982.0
346.0
761.5
341.5
374.5
149.5
518.5
173.5
1204.0
257.5
937.0
935.5
827.5
200.5
722.5
649.0
278.5
539.5
1222.0
239.5
800.5
1193.5
758.5
515.5
931.0
865.0
347.5
418.0
1267.0
763.0
812.5
611.5
772.0
160.0
956.5
502.0
808.0
1019.5
386.5
943.0
200.5
127.0
1043.5
1028.5
514.0
685.0
1100.5
158.5
623.5
731.5
284.5
167.5
673.0
1090.0
775.0
386.5
193.0
1210.0
1046.5
1133.5
980.5
881.5
532.0
80.5
163.0
200.5
1100.5
619.0
971.5
233.5
1088.5
799.0
1156.0
976.0
1109.5
1045.0
743.5
412.0
427.0
572.5
817.0
1102.0
707.5
995.5
547.0
1157.5
157.0
526.0
682.0
640.0
250.0
889.0
139.0
964.0
182.5
944.5
458.5
233.5
1048.0
257.5
407.5
248.5
119.5
965.5
850.0
1234.0
1063.0
310.0
997.0
122.5
827.5
623.5
895.0
587.5
830.5
919.0
274.0
217.0
376.0
265.0
55.0
1276.0
493.0
325.0
923.5
974.5
761.5
1120.0
437.5
1130.5
913.0
341.5
394.0
856.0
1114.0
479.5
1151.5
325.0
389.5
281.5
871.0
1171.0
571.0
121.0
497.5
323.5
833.5
1189.0
491.5
689.5
82.0
1037.5
799.0
476.5
533.5
1135.0
823.0
1076.5
551.5
610.0
478.0
601.0
898.0
302.5
352.0
520.0
502.0
746.5
100.0
1162.0
358.0
322.0
1033.0
938.5
682.0
952.0
886.0
412.0
356.5
953.5
101.5
226.0
1033.0
1369.0
1172.5
704.5
692.5
448.0
823.0
1166.5
857.5
340.0
821.5
907.0
737.5
865.0
262.0
955.0
764.5
734.5
976.0
644.5
587.5
1012.0
1219.0
629.5
758.5
409.0
733.0
1099.0
1054.0
634.0
25.0
587.5
196.0
925.0
551.5
472.0
337.0
1210.0
539.5
194.5
799.0
712.0
1151.5
728.5
311.5
908.5
449.5
248.5
134.5
502.0
446.5
545.5
1147.0
700.0
668.5
524.5
1012.0
796.0
355.0
905.5
520.0
781.0
428.5
541.0
802.0
608.5
205.0
725.5
557.5
829.0
361.0
1024.0
208.0
1006.0
844.0
464.5
874.0
746.5
1045.0
944.5
1004.5
662.5
745.0
587.5
686.5
767.5
1244.5
670.0
494.5
1183.0
625.0
928.0
710.5
970.0
430.0
860.5
409.0
949.0
290.5
266.5
286.0
1009.0
617.5
929.5
827.5
481.0
511.0
646.0
554.5
992.5
1145.5
730.0
404.5
892.0
890.5
820.0
61.0
124.0
583.0
484.0
275.5
698.5
943.0
812.5
469.0
605.5
481.0
631.0
1120.0
979.0
1069.0
460.0
536.5
170.5
991.0
1126.0
403.0
211.0
500.5
1102.0
961.0
1169.5
1246.0
293.5
955.0
527.5
797.5
79.0
988.0
310.0
914.5
374.5
215.5
935.5
187.0
178.0
454.0
715.0
1165.0
656.5
910.0
331.0
128.5
320.5
290.5
961.0
1006.0
620.5
974.5
430.0
715.0
896.5
1045.0
797.5
421.0
896.5
1010.5
1036.0
496.0
617.5
1153.0
395.5
221.5
454.0
701.5
221.5
703.0
175.0
205.0
1069.0
971.5
559.0
395.5
740.5
410.5
413.5
953.5
176.5
271.0
1261.0
506.5
1003.0
902.5
1150.0
893.5
730.0
1006.0
1165.0
617.5
1184.5
824.5
100.0
1219.0
329.5
950.5
1048.0
884.5
1241.5
163.0
646.0
965.5
530.5
856.0
311.5
425.5
586.0
767.5
187.0
385.0
301.0
619.0
1076.5
485.5
898.0
538.0
164.5
115.0
841.0
889.0
1057.0
74.5
113.5
278.5
770.5
1111.0
559.0
359.5
271.0
1036.0
385.0
322.0
554.5
568.0
254.5
857.5
236.5
236.5
250.0
844.0
754.0
389.5
946.0
1051.0
860.5
1057.0
844.0
697.0
803.5
776.5
818.5
659.5
590.5
577.0
439.0
1076.5
172.0
1057.0
71.5
1211.5
1036.0
142.0
776.5
928.0
340.0
944.5
1046.5
869.5
1106.5
563.5
586.0
848.5
433.0
289.0
884.5
367.0
158.5
506.5
856.0
689.5
824.5
179.5
77.5
1160.5
947.5
749.5
740.5
425.5
421.0
139.0
887.5
356.5
379.0
782.5
683.5
122.5
443.5
395.5
331.0
395.5
322.0
703.0
298.0
982.0
422.5
326.5
370.0
880.0
449.5
206.5
614.5
766.0
514.0
149.5
880.0
166.0
932.5
889.0
1171.0
799.0
647.5
731.5
982.0
944.5
953.5
544.0
949.0
818.5
206.5
677.5
1210.0
1175.5
626.5
64.0
715.0
328.0
647.5
896.5
1177.0
1055.5
220.0
659.5
976.0
1120.0
1196.5
1094.5
106.0
302.5
395.5
745.0
1111.0
317.5
521.5
356.5
760.0
1249.0
1046.5
245.5
944.5
287.5
668.5
1096.0
887.5
448.0
238.0
580.0
658.0
1114.0
769.0
95.5
527.5
1108.0
650.5
920.5
920.5
994.0
229.0
236.5
562.0
590.5
1156.0
656.5
757.0
1060.0
350.5
634.0
752.5
1051.0
560.5
1015.0
581.5
755.5
448.0
218.5
385.0
382.0
47.5
335.5
949.0
784.0
409.0
497.5
1159.0
1195.0
916.0
331.0
910.0
292.0
757.0
956.5
1082.5
862.0
986.5
164.5
398.5
757.0
397.0
703.0
1045.0
877.0
392.5
1057.0
376.0
1175.5
313.0
596.5
332.5
1133.5
184.0
992.5
908.5
1064.5
787.0
580.0
1126.0
476.5
571.0
824.5
851.5
937.0
352.0
536.5
1135.0
1172.5
694.0
584.5
790.0
929.5
557.5
922.0
113.5
152.5
493.0
1112.5
625.0
124.0
898.0
784.0
463.0
485.5
973.0
652.0
298.0
443.5
1129.0
866.5
1202.5
866.5
634.0
1112.5
124.0
1010.5
679.0
1066.0
697.0
1181.5
1058.5
938.5
988.0
1226.5
1288.0
901.0
617.5
1072.0
826.0
610.0
844.0
878.5
808.0
1075.0
313.0
43.0
883.0
169.0
1004.5
1001.5
323.5
146.5
173.5
932.5
257.5
1030.0
572.5
233.5
878.5
671.5
1283.5
571.0
523.0
673.0
497.5
283.0
479.5
614.5
1025.5
197.5
451.0
548.5
950.5
436.0
802.0
949.0
557.5
182.5
457.0
929.5
1126.0
826.0
809.5
286.0
1190.5
959.5
971.5
421.0
926.5
1007.5
116.5
206.5
761.5
134.5
94.0
905.5
746.5
197.5
167.5
346.0
50.5
518.5
860.5
64.0
923.5
1054.0
820.0
280.0
170.5
379.0
1031.5
241.0
305.5
1171.0
197.5
88.0
725.5
629.5
997.0
398.5
386.5
1111.0
371.5
340.0
907.0
854.5
1039.0
505.0
514.0
979.0
1213.0
422.5
655.0
923.5
892.0
707.5
1082.5
1009.0
865.0
635.5
983.5
340.0
791.5
809.5
916.0
1069.0
707.5
539.5
1147.0
161.5
1057.0
533.5
823.0
112.0
61.0
931.0
763.0
388.0
176.5
343.0
1318.0
962.5
854.5
1064.5
560.5
1021.0
827.5
313.0
1132.0
578.5
113.5
713.5
1189.0
413.5
320.5
565.0
242.5
728.5
431.5
986.5
334.0
335.5
649.0
877.0
92.5
952.0
914.5
806.5
197.5
140.5
395.5
740.5
883.0
1235.5
745.0
286.0
967.0
361.0
728.5
419.5
320.5
485.5
1076.5
1033.0
913.0
217.0
950.5
380.5
520.0
973.0
277.0
932.5
748.0
485.5
1172.5
682.0
886.0
971.5
451.0
394.0
1085.5
899.5
994.0
818.5
1306.0
803.5
1046.5
430.0
454.0
173.5
1063.0
112.0
929.5
790.0
949.0
739.0
727.0
1007.5
1220.5
934.0
938.5
341.5
535.0
478.0
821.5
848.5
1213.0
497.5
961.0
518.5
590.5
485.5
1124.5
721.0
613.0
437.5
598.0
259.0
79.0
557.5
599.5
524.5
875.5
907.0
1145.5
391.0
842.5
695.5
473.5
587.5
392.5
691.0
284.5
358.0
1043.5
886.0
812.5
1024.0
905.5
941.5
788.5
409.0
434.5
512.5
946.0
995.5
853.0
950.5
796.0
370.0
698.5
319.0
245.5
743.5
832.0
86.5
499.0
941.5
725.5
754.0
250.0
203.5
1054.0
463.0
235.0
464.5
673.0
688.0
628.0
247.0
913.0
554.5
620.5
70.0
883.0
628.0
1174.0
799.0
487.0
998.5
976.0
1012.0
521.5
895.0
155.5
604.0
1115.5
673.0
911.5
574.0
44.5
520.0
475.0
1031.5
646.0
821.5
1183.0
679.0
65.5
802.0
776.5
973.0
635.5
313.0
952.0
694.0
923.5
725.5
1118.5
811.0
440.5
941.5
1016.5
827.5
1046.5
773.5
1094.5
992.5
877.0
683.5
710.5
755.5
454.0
809.5
739.0
817.0
904.0
587.5
335.5
1007.5
53.5
520.0
440.5
683.5
311.5
871.0
97.0
1060.0
854.5
1198.0
1262.5
421.0
535.0
1165.0
1001.5
254.5
176.5
347.5
107.5
677.5
446.5
1141.0
986.5
1249.0
641.5
268.0
1169.5
980.5
658.0
719.5
892.0
763.0
670.0
217.0
803.5
652.0
814.0
919.0
268.0
887.5
1268.5
473.5
287.5
1280.5
1204.0
389.5
1213.0
586.0
365.5
539.5
299.5
946.0
74.5
523.0
973.0
640.0
856.0
1298.5
257.5
103.0
1088.5
560.5
113.5
686.5
164.5
473.5
889.0
355.0
833.5
320.5
715.0
751.0
1064.5
268.0
706.0
250.0
1205.5
406.0
691.0
74.5
794.5
851.5
335.5
637.0
574.0
136.0
826.0
244.0
1010.5
1172.5
520.0
232.0
1028.5
190.0
182.5
623.5
890.5
964.0
557.5
127.0
1189.0
55.0
1240.0
254.5
352.0
421.0
532.0
779.5
637.0
965.5
880.0
301.0
769.0
1282.0
752.5
538.0
488.5
911.5
215.5
215.5
1127.5
445.0
805.0
469.0
190.0
415.0
581.5
551.5
601.0
629.5
1276.0
323.5
211.0
655.0
1094.5
148.0
886.0
268.0
965.5
1199.5
223.0
698.5
1016.5
907.0
1198.0
584.5
1081.0
949.0
1037.5
1085.5
178.0
172.0
883.0
223.0
1054.0
97.0
235.0
880.0
787.0
1141.0
248.5
1043.5
1079.5
299.5
316.0
635.5
586.0
929.5
1034.5
842.5
376.0
902.5
586.0
745.0
920.5
992.5
859.0
776.5
572.5
1082.5
727.0
937.0
1091.5
746.5
1078.0
970.0
1067.5
293.5
955.0
527.5
635.5
508.0
919.0
370.0
580.0
914.5
257.5
754.0
763.0
1126.0
770.5
652.0
962.5
424.0
388.0
595.0
578.5
193.0
961.0
904.0
661.0
76.0
223.0
484.0
343.0
646.0
274.0
742.0
754.0
1115.5
449.5
391.0
1118.5
899.5
977.5
679.0
277.0
794.5
313.0
1090.0
677.5
790.0
766.0
1120.0
188.5
989.5
1184.5
769.0
218.5
712.0
782.5
449.5
941.5
847.0
635.5
506.5
1105.0
226.0
632.5
946.0
235.0
545.5
863.5
1130.5
478.0
965.5
112.0
106.0
380.5
1156.0
898.0
764.5
665.5
574.0
391.0
643.0
124.0
1069.0
187.0
1094.5
1073.5
797.5
1034.5
766.0
200.5
956.5
389.5
1147.0
233.5
1042.0
263.5
203.5
886.0
901.0
1075.0
1093.0
1129.0
1064.5
265.0
965.5
1135.0
340.0
221.5
976.0
931.0
349.0
211.0
692.5
694.0
977.5
983.5
991.0
440.5
689.5
398.5
233.5
599.5
952.0
625.0
754.0
221.5
962.5
860.5
962.5
797.5
898.0
556.0
1000.0
310.0
1129.0
190.0
425.5
595.0
602.5
338.5
688.0
992.5
608.5
559.0
1024.0
656.5
517.0
985.0
640.0
1064.5
955.0
1124.5
676.0
1123.0
905.5
242.5
440.5
959.5
1291.0
731.5
758.5
1021.0
239.5
319.0
1010.5
229.0
473.5
109.0
340.0
995.5
763.0
1229.5
419.5
449.5
545.5
359.5
356.5
139.0
1040.5
1097.5
617.5
670.0
742.0
1012.0
959.5
913.0
517.0
1132.0
289.0
1124.5
620.5
830.5
109.0
1139.5
545.5
394.0
289.0
559.0
181.0
322.0
515.5
857.5
325.0
1139.5
697.0
992.5
1103.5
629.5
835.0
359.5
419.5
632.5
856.0
1091.5
728.5
541.0
1139.5
1082.5
467.5
568.0
443.5
1112.5
227.5
1118.5
1055.5
776.5
842.5
950.5
814.0
413.5
479.5
571.0
1138.0
1031.5
1102.0
676.0
653.5
925.0
940.0
508.0
91.0
412.0
802.0
1147.0
1013.5
1004.5
1168.0
475.0
598.0
1043.5
971.5
820.0
421.0
1043.5
988.0
839.5
1181.5
716.5
904.0
455.5
377.5
302.5
830.5
239.5
1067.5
199.0
616.0
164.5
506.5
755.5
152.5
1202.5
755.5
919.0
754.0
1024.0
481.0
1034.5
472.0
1166.5
568.0
530.5
668.5
878.5
559.0
151.0
202.0
316.0
614.5
401.5
703.0
508.0
740.5
829.0
589.0
700.0
289.0
598.0
436.0
811.0
427.0
1189.0
296.5
182.5
955.0
880.0
779.5
847.0
982.0
638.5
310.0
245.5
1055.5
1147.0
277.0
925.0
758.5
1102.0
986.5
611.5
502.0
400.0
1246.0
457.0
307.0
607.0
241.0
845.5
446.5
211.0
238.0
296.5
728.5
217.0
538.0
142.0
613.0
617.5
374.5
214.0
877.0
419.5
374.5
109.0
268.0
1081.0
728.5
1063.0
535.0
1084.0
818.5
532.0
1040.5
250.0
260.5
791.5
1090.0
1057.0
65.5
919.0
715.0
433.0
580.0
155.5
382.0
364.0
280.0
94.0
293.5
1106.5
1151.5
1015.0
185.5
610.0
572.5
127.0
283.0
161.5
934.0
695.5
118.0
446.5
1094.5
505.0
425.5
458.5
103.0
863.5
1034.5
542.5
419.5
518.5
167.5
482.5
464.5
347.5
623.5
908.5
473.5
781.0
682.0
674.5
401.5
700.0
250.0
818.5
371.5
601.0
829.0
635.5
391.0
542.5
980.5
836.5
872.5
502.0
628.0
1018.0
346.0
139.0
572.5
290.5
433.0
772.0
1253.5
862.0
908.5
734.5
677.5
964.0
13.0
740.5
853.0
833.5
167.5
934.0
310.0
1130.5
406.0
613.0
1015.0
1193.5
818.5
689.5
935.5
500.5
889.0
691.0
733.0
355.0
973.0
244.0
803.5
284.5
41.5
892.0
227.5
202.0
308.5
1112.5
968.5
223.0
614.5
1070.5
97.0
1142.5
191.5
1175.5
782.5
52.0
104.5
809.5
367.0
530.5
421.0
622.0
173.5
1285.0
436.0
655.0
1043.5
371.5
593.5
1046.5
256.0
1159.0
533.5
782.5
241.0
1171.0
1195.0
679.0
1237.0
1127.5
278.5
929.5
628.0
1157.5
1051.0
619.0
247.0
104.5
263.5
914.5
115.0
563.5
397.0
1186.0
724.0
685.0
1151.5
382.0
406.0
598.0
814.0
1025.5
884.5
872.5
785.5
545.5
1154.5
1192.0
944.5
812.5
619.0
500.5
857.5
994.0
950.5
7.0
379.0
337.0
1150.0
712.0
445.0
892.0
829.0
1015.0
497.5
590.5
694.0
955.0
244.0
980.5
1063.0
824.5
217.0
404.5
694.0
382.0
727.0
964.0
593.5
688.0
500.5
949.0
127.0
577.0
287.5
896.5
631.0
1183.0
1069.0
584.5
1153.0
755.5
478.0
320.5
622.0
662.5
1186.0
656.5
536.5
944.5
578.5
508.0
949.0
506.5
970.0
887.5
23.5
688.0
74.5
835.0
62.5
1025.5
139.0
376.0
377.5
610.0
979.0
698.5
622.0
940.0
913.0
1210.0
1145.5
938.5
1171.0
1076.5
860.5
931.0
163.0
733.0
577.0
208.0
293.5
815.5
922.0
895.0
664.0
760.0
523.0
1054.0
995.5
763.0
344.5
478.0
1192.0
400.0
1223.5
325.0
340.0
728.5
439.0
1072.0
712.0
1112.5
458.5
1013.5
817.0
985.0
275.5
1067.5
1039.0
1159.0
298.0
824.5
1303.0
875.5
752.5
379.0
1039.0
667.0
434.5
70.0
847.0
827.5
692.5
869.5
883.0
253.0
65.5
964.0
1040.5
1003.0
295.0
254.5
1022.5
1081.0
388.0
335.5
764.5
304.0
1175.5
487.0
596.5
748.0
970.0
758.5
1114.0
592.0
617.5
235.0
980.5
233.5
782.5
815.5
73.0
1073.5
985.0
307.0
1088.5
1075.0
245.5
979.0
335.5
671.5
961.0
380.5
1066.0
794.5
818.5
1004.5
463.0
628.0
43.0
439.0
562.0
482.5
1016.5
398.5
559.0
776.5
680.5
716.5
367.0
620.5
694.0
877.0
514.0
932.5
226.0
901.0
568.0
733.0
182.5
776.5
766.0
880.0
1043.5
733.0
910.0
944.5
398.5
404.5
46.0
1064.5
250.0
130.0
211.0
881.5
881.5
746.5
964.0
901.0
1144.0
692.5
124.0
1174.0
1036.0
649.0
1033.0
748.0
287.5
103.0
428.5
1327.0
712.0
301.0
700.0
220.0
835.0
464.5
998.5
862.0
253.0
1103.5
706.0
947.5
557.5
70.0
772.0
1135.0
860.5
539.5
635.5
712.0
1171.0
373.0
592.0
682.0
1090.0
448.0
725.5
1192.0
1249.0
563.5
1022.5
442.0
976.0
1106.5
1202.5
107.5
518.5
905.5
235.0
733.0
824.5
418.0
1307.5
548.5
643.0
868.0
71.5
970.0
653.5
892.0
239.5
1063.0
515.5
374.5
728.5
662.5
547.0
1012.0
905.5
908.5
277.0
1195.0
184.0
220.0
1252.0
716.5
683.5
1054.0
953.5
505.0
209.5
949.0
322.0
56.5
839.5
716.5
1016.5
589.0
560.5
799.0
557.5
794.5
1103.5
179.5
505.0
815.5
1022.5
254.5
376.0
1169.5
902.5
572.5
202.0
973.0
734.5
886.0
796.0
296.5
1124.5
781.0
680.5
634.0
977.5
758.5
299.5
416.5
992.5
509.5
1057.0
1054.0
755.5
70.0
244.0
802.0
370.0
575.5
1075.0
604.0
260.5
419.5
334.0
329.5
914.5
1148.5
590.5
557.5
842.5
347.5
949.0
1018.0
1115.5
868.0
1100.5
404.5
367.0
772.0
682.0
919.0
968.5
359.5
220.0
910.0
824.5
1201.0
869.5
1033.0
77.5
775.0
917.5
1016.5
1195.0
1163.5
719.5
245.5
265.0
335.5
1210.0
1183.0
271.0
1075.0
905.5
991.0
202.0
403.0
350.5
1063.0
509.5
499.0
197.5
926.5
866.5
232.0
1100.5
934.0
454.0
749.5
191.5
856.0
718.0
823.0
1045.0
1129.0
406.0
1195.0
463.0
854.5
148.0
593.5
161.5
464.5
926.5
452.5
409.0
470.5
1174.0
859.0
878.5
539.5
703.0
1175.5
527.5
356.5
232.0
133.0
965.5
533.5
1036.0
1073.5
1123.0
745.0
187.0
277.0
979.0
241.0
679.0
667.0
175.0
352.0
1196.5
110.5
958.0
371.5
755.5
497.5
70.0
484.0
317.5
362.5
841.0
782.5
1322.5
550.0
514.0
281.5
865.0
977.5
1001.5
872.5
496.0
886.0
965.5
905.5
580.0
821.5
940.0
205.0
193.0
208.0
638.5
179.5
758.5
275.5
851.5
1154.5
1057.0
211.0
536.5
706.0
248.5
839.5
1076.5
1312.0
902.5
1124.5
1156.0
629.5
394.0
547.0
613.0
286.0
371.5
191.5
377.5
461.5
46.0
1273.0
676.0
1021.0
184.0
718.0
940.0
668.5
563.5
632.5
625.0
335.5
617.5
790.0
872.5
1217.5
682.0
629.5
1028.5
800.5
1030.0
521.5
533.5
1006.0
272.5
887.5
449.5
646.0
605.5
416.5
1030.0
1204.0
833.5
968.5
904.0
614.5
494.5
1129.0
1204.0
206.5
502.0
787.0
466.0
520.0
908.5
196.0
995.5
412.0
431.5
380.5
788.5
1004.5
605.5
961.0
1205.5
133.0
508.0
221.5
439.0
503.5
1073.5
1099.0
844.0
1324.0
653.5
872.5
641.5
1069.0
236.5
871.0
152.5
614.5
479.5
557.5
1033.0
434.5
388.0
1222.0
1237.0
136.0
440.5
1160.5
169.0
97.0
95.5
389.5
380.5
131.5
889.0
352.0
514.0
607.0
203.5
95.5
719.5
1039.0
895.0
1205.5
1066.0
1100.5
152.5
319.0
730.0
1040.5
124.0
509.5
217.0
920.5
583.0
722.5
485.5
908.5
131.5
265.0
478.0
631.0
349.0
805.0
1015.0
344.5
370.0
833.5
284.5
778.0
1162.0
716.5
682.0
302.5
625.0
1090.0
461.5
265.0
988.0
413.5
842.5
271.0
497.5
731.5
1265.5
1090.0
248.5
199.0
469.0
1208.5
197.5
469.0
370.0
920.5
604.0
587.5
710.5
188.5
566.5
197.5
958.0
559.0
1063.0
634.0
173.5
1171.0
764.5
1004.5
958.0
992.5
1103.5
359.5
1118.5
886.0
1168.0
1075.0
1136.5
803.5
464.5
1052.5
967.0
284.5
421.0
437.5
374.5
967.0
1036.0
646.0
353.5
994.0
512.5
259.0
991.0
250.0
598.0
674.5
662.5
383.5
373.0
472.0
1076.5
388.0
209.5
1024.0
1183.0
416.5
944.5
794.5
361.0
877.0
319.0
1067.5
269.5
374.5
731.5
635.5
994.0
944.5
1066.0
608.5
353.5
658.0
1057.0
335.5
169.0
247.0
1100.5
836.5
638.5
812.5
1099.0
884.5
850.0
1003.0
208.0
1096.0
658.0
770.5
856.0
856.0
101.5
283.0
919.0
1073.5
493.0
643.0
266.5
1039.0
232.0
205.0
805.0
884.5
191.5
320.5
887.5
962.5
460.0
502.0
1120.0
175.0
787.0
292.0
794.5
253.0
214.0
1057.0
277.0
247.0
862.0
103.0
988.0
494.5
1015.0
707.5
535.0
1081.0
170.5
971.5
647.5
1247.5
935.5
875.5
500.5
1016.5
1093.0
389.5
346.0
1316.5
1255.0
266.5
571.0
371.5
299.5
725.5
223.0
757.0
971.5
929.5
1124.5
1088.5
554.5
544.0
259.0
922.0
644.5
637.0
1099.0
1124.5
332.5
310.0
593.5
272.5
841.0
1159.0
106.0
887.5
760.0
977.5
710.5
769.0
437.5
71.5
832.0
193.0
277.0
788.5
728.5
565.0
1193.5
1268.5
1133.5
91.0
757.0
727.0
560.5
908.5
896.5
947.5
562.0
701.5
1289.5
862.0
421.0
689.5
484.0
61.0
328.0
746.5
1175.5
1070.5
815.5
827.5
1229.5
650.5
328.0
734.5
410.5
743.5
929.5
410.5
250.0
509.5
1177.0
1141.0
227.5
565.0
1063.0
839.5
862.0
134.5
463.0
647.5
1087.0
380.5
449.5
584.5
493.0
752.5
835.0
1234.0
1279.0
1117.0
503.5
209.5
575.5
787.0
968.5
871.0
856.0
595.0
451.0
620.5
442.0
920.5
308.5
866.5
461.5
700.0
989.5
766.0
839.5
469.0
922.0
1115.5
679.0
490.0
1072.0
1037.5
476.5
953.5
1049.5
254.5
239.5
395.5
1184.5
577.0
1049.5
236.5
773.5
1129.0
76.0
889.0
1073.5
922.0
1069.0
521.5
1079.5
604.0
778.0
350.5
124.0
644.5
863.5
884.5
311.5
629.5
781.0
815.5
404.5
850.0
760.0
1333.0
1216.0
268.0
211.0
644.5
308.5
688.0
742.0
1019.5
182.5
976.0
1001.5
1046.5
977.5
572.5
1081.0
257.5
908.5
331.0
211.0
134.5
1024.0
88.0
362.5
863.5
229.0
691.0
1054.0
1147.0
593.5
286.0
620.5
670.0
916.0
109.0
634.0
961.0
301.0
829.0
518.5
833.5
967.0
1021.0
838.0
1042.0
562.0
467.5
1229.5
287.5
145.0
419.5
230.5
979.0
593.5
554.5
394.0
1001.5
698.5
1208.5
473.5
197.5
911.5
715.0
947.5
730.0
727.0
571.0
1025.5
230.5
902.5
961.0
659.5
1042.0
455.5
649.0
1112.5
874.0
878.5
319.0
814.0
1087.0
110.5
337.0
1069.0
298.0
1034.5
722.5
491.5
700.0
58.0
517.0
793.0
1102.0
1006.0
1240.0
463.0
1132.0
836.5
599.5
197.5
514.0
895.0
1189.0
511.0
223.0
959.5
979.0
1241.5
1192.0
727.0
281.5
808.0
278.5
1067.5
1225.0
193.0
556.0
1163.5
113.5
736.0
1159.0
472.0
470.5
253.0
1283.5
659.5
1268.5
641.5
784.0
961.0
865.0
445.0
889.0
953.5
259.0
1042.0
896.5
142.0
883.0
340.0
887.5
286.0
1027.0
749.5
997.0
1120.0
580.0
272.5
446.5
749.5
1078.0
802.0
802.0
1009.0
635.5
190.0
265.0
647.5
823.0
847.0
781.0
878.5
710.5
421.0
313.0
224.5
338.5
439.0
136.0
245.5
167.5
652.0
1264.0
277.0
785.5
686.5
43.0
347.5
661.0
410.5
545.5
181.0
968.5
464.5
205.0
854.5
961.0
1211.5
253.0
1246.0
139.0
658.0
302.5
305.5
251.5
889.0
623.5
1096.0
829.0
1102.0
167.5
445.0
836.5
83.5
217.0
862.0
569.5
316.0
794.5
232.0
739.0
917.5
263.5
635.5
562.0
226.0
451.0
733.0
1234.0
460.0
1073.5
1067.5
631.0
1117.0
839.5
1192.0
380.5
29.5
404.5
1054.0
880.0
590.5
830.5
568.0
401.5
271.0
614.5
319.0
47.5
935.5
904.0
544.0
538.0
785.5
346.0
1220.5
407.5
967.0
913.0
658.0
620.5
679.0
1073.5
647.5
421.0
1136.5
781.0
875.5
469.0
1148.5
1052.5
1022.5
952.0
629.5
1154.5
308.5
1070.5
1072.0
767.5
1046.5
572.5
1072.0
1126.0
731.5
611.5
527.5
274.0
779.5
520.0
355.0
511.0
629.5
602.5
88.0
145.0
898.0
274.0
1181.5
1174.0
853.0
958.0
1004.5
410.5
926.5
218.5
337.0
883.0
716.5
557.5
1049.5
632.5
1105.0
742.0
959.5
920.5
763.0
466.0
269.5
766.0
1162.0
1061.5
373.0
878.5
1084.0
965.5
163.0
941.5
931.0
413.5
652.0
247.0
775.0
1019.5
314.5
1259.5
572.5
767.5
158.5
844.0
1178.5
745.0
994.0
511.0
391.0
980.5
1054.0
1079.5
833.5
592.0
241.0
784.0
130.0
529.0
1067.5
1046.5
551.5
916.0
190.0
554.5
1145.5
242.5
511.0
1097.5
257.5
121.0
680.5
409.0
244.0
1114.0
322.0
439.0
673.0
205.0
248.5
572.5
440.5
484.0
859.0
607.0
860.5
86.5
1114.0
884.5
715.0
329.5
356.5
1142.5
815.5
788.5
874.0
338.5
1241.5
175.0
356.5
559.0
322.0
533.5
973.0
244.0
239.5
1004.5
967.0
374.5
65.5
47.5
734.5
938.5
757.0
871.0
797.5
205.0
929.5
347.5
422.5
892.0
308.5
707.5
728.5
857.5
113.5
931.0
607.0
1048.0
1183.0
838.0
145.0
202.0
1154.5
1103.5
1007.5
833.5
187.0
820.0
773.5
709.0
362.5
740.5
869.5
877.0
781.0
940.0
988.0
208.0
1111.0
296.5
1123.0
1097.5
931.0
556.0
578.5
746.5
281.5
242.5
877.0
934.0
778.0
608.5
40.0
1195.0
1172.5
383.5
437.5
64.0
961.0
145.0
466.0
979.0
160.0
910.0
521.5
878.5
601.0
488.5
932.5
698.5
215.5
812.5
491.5
944.5
386.5
874.0
1156.0
497.5
677.5
227.5
320.5
433.0
383.5
823.0
1114.0
530.5
334.0
706.0
1100.5
1118.5
85.0
733.0
950.5
1117.0
374.5
683.5
173.5
856.0
904.0
659.5
1103.5
280.0
130.0
623.5
884.5
917.5
601.0
410.5
362.5
995.5
1012.0
28.0
491.5
494.5
878.5
1154.5
448.0
797.5
484.0
631.0
781.0
661.0
850.0
674.5
251.5
841.0
508.0
650.5
535.0
803.5
1057.0
451.0
344.5
728.5
295.0
1043.5
781.0
1214.5
1262.5
185.5
1169.5
695.5
704.5
1231.0
922.0
614.5
398.5
269.5
697.0
1073.5
617.5
289.0
754.0
1120.0
1060.0
197.5
236.5
1132.0
649.0
961.0
355.0
998.5
851.5
226.0
917.5
1259.5
586.0
605.5
550.0
395.5
1054.0
127.0
1046.5
985.0
1057.0
125.5
1105.0
613.0
1261.0
478.0
1091.5
913.0
391.0
1027.0
890.5
317.5
235.0
731.5
916.0
958.0
694.0
863.5
79.0
913.0
562.0
806.5
389.5
661.0
865.0
602.5
254.5
920.5
1057.0
704.5
368.5
550.0
637.0
344.5
481.0
1189.0
473.5
499.0
1027.0
811.0
1114.0
311.5
704.5
463.0
331.0
551.5
884.5
653.5
469.0
1027.0
1012.0
479.5
161.5
253.0
466.0
142.0
757.0
200.5
670.0
265.0
971.5
1120.0
401.5
884.5
721.0
806.5
287.5
827.5
782.5
935.5
1007.5
1016.5
869.5
989.5
665.5
818.5
709.0
1241.5
205.0
1132.0
511.0
241.0
535.0
844.0
938.5
595.0
974.5
583.0
1093.0
127.0
608.5
896.5
865.0
185.5
293.5
664.0
1150.0
541.0
718.0
910.0
491.5
175.0
212.5
1247.5
200.5
46.0
914.5
481.0
1075.0
707.5
698.5
794.5
985.0
802.0
652.0
799.0
874.0
904.0
947.5
1150.0
1084.0
496.0
376.0
