346.0
151.0
209.5
193.0
194.5
520.0
58.0
151.0
268.0
595.0
152.5
674.5
217.0
79.0
290.5
263.5
292.0
266.5
92.5
287.5
95.5
410.5
80.5
347.5
361.0
233.5
62.5
187.0
626.5
292.0
80.5
325.0
122.5
319.0
178.0
13.0
82.0
262.0
41.5
188.5
53.5
116.5
202.0
170.5
556.0
221.5
157.0
310.0
196.0
368.5
116.5
236.5
262.0
319.0
281.5
184.0
443.5
175.0
550.0
359.5
106.0
422.5
11.5
113.5
304.0
13.0
283.0
247.0
215.5
127.0
164.5
113.5
440.5
277.0
158.5
188.5
199.0
80.5
227.5
229.0
115.0
119.5
131.5
191.5
221.5
151.0
151.0
230.5
295.0
208.0
223.0
43.0
83.5
208.0
100.0
287.5
253.0
166.0
346.0
77.5
95.5
64.0
128.5
80.5
397.0
242.5
179.5
362.5
176.5
389.5
53.5
167.5
73.0
320.5
227.5
34.0
221.5
271.0
107.5
730.0
98.5
206.5
247.0
199.0
145.0
97.0
472.0
197.5
212.5
26.5
236.5
121.0
22.0
37.0
326.5
295.0
292.0
62.5
280.0
191.5
104.5
22.0
377.5
85.0
89.5
185.5
161.5
551.5
137.5
347.5
598.0
232.0
319.0
253.0
196.0
238.0
223.0
296.5
50.5
370.0
176.5
209.5
521.5
694.0
313.0
92.5
370.0
172.0
184.0
248.5
205.0
164.5
73.0
124.0
56.5
308.5
266.5
163.0
196.0
232.0
170.5
52.0
248.5
359.5
223.0
428.5
220.0
418.0
266.5
229.0
464.5
295.0
242.5
91.0
550.0
239.5
137.5
157.0
490.0
530.5
230.5
256.0
31.0
524.5
140.5
295.0
172.0
86.5
47.5
130.0
322.0
73.0
154.0
109.0
137.5
131.5
394.0
160.0
68.5
176.5
118.0
314.5
196.0
271.0
224.5
199.0
185.5
146.5
136.0
268.0
68.5
130.0
262.0
196.0
140.5
179.5
92.5
76.0
130.0
248.5
44.5
236.5
95.5
76.0
107.5
158.5
173.5
301.0
329.5
40.0
47.5
293.5
350.5
172.0
421.0
400.0
137.5
344.5
496.0
110.5
203.5
208.0
209.5
599.5
205.0
214.0
128.5
170.5
584.5
373.0
259.0
160.0
223.0
173.5
71.5
259.0
329.5
335.5
161.5
227.5
77.5
410.5
254.5
263.5
25.0
112.0
172.0
412.0
353.5
211.0
202.0
262.0
290.5
251.5
241.0
448.0
224.5
254.5
134.5
137.5
298.0
275.5
131.5
155.5
301.0
400.0
304.0
212.5
410.5
197.5
458.5
161.5
163.0
407.5
17.5
229.0
157.0
157.0
257.5
653.5
131.5
97.0
178.0
136.0
205.0
290.5
43.0
466.0
103.0
161.5
206.5
220.0
106.0
124.0
211.0
277.0
82.0
449.5
481.0
107.5
209.5
331.0
173.5
287.5
71.5
116.5
337.0
100.0
167.5
125.5
241.0
269.5
506.5
337.0
220.0
211.0
169.0
263.5
274.0
346.0
374.5
215.5
47.5
286.0
239.5
53.5
406.0
130.0
65.5
103.0
196.0
496.0
43.0
158.5
83.5
137.5
82.0
194.5
176.5
140.5
274.0
143.5
374.5
149.5
166.0
55.0
223.0
46.0
173.5
436.0
140.5
221.5
221.5
131.5
182.5
203.5
362.5
94.0
74.5
398.5
191.5
251.5
479.5
200.5
92.5
140.5
355.0
322.0
37.0
365.5
145.0
152.5
10.0
662.5
406.0
254.5
223.0
239.5
47.5
248.5
193.0
203.5
115.0
326.5
121.0
116.5
76.0
182.5
97.0
23.5
178.0
122.5
130.0
416.5
44.5
299.5
230.5
143.5
208.0
68.5
98.5
305.5
124.0
176.5
209.5
203.5
175.0
170.5
32.5
61.0
274.0
154.0
218.5
136.0
295.0
170.5
112.0
334.0
20.5
88.0
340.0
14.5
325.0
190.0
56.5
76.0
371.5
61.0
143.5
185.5
104.5
97.0
146.5
328.0
64.0
325.0
376.0
161.5
256.0
260.5
128.5
232.0
89.5
58.0
344.5
308.5
140.5
263.5
224.5
418.0
115.0
179.5
68.5
178.0
35.5
131.5
247.0
137.5
133.0
68.5
176.5
163.0
131.5
542.5
110.5
67.0
194.5
361.0
677.5
256.0
88.0
160.0
203.5
146.5
308.5
73.0
214.0
346.0
145.0
173.5
200.5
325.0
431.5
113.5
212.5
107.5
115.0
287.5
74.5
241.0
98.5
178.0
341.5
98.5
193.0
134.5
331.0
247.0
196.0
89.5
178.0
310.0
56.5
496.0
257.5
235.0
55.0
236.5
52.0
319.0
425.5
94.0
412.0
131.5
80.5
122.5
430.0
100.0
589.0
196.0
257.5
196.0
100.0
223.0
70.0
41.5
199.0
503.5
232.0
263.5
266.5
412.0
181.0
322.0
203.5
157.0
136.0
128.5
148.0
248.5
646.0
106.0
209.5
103.0
211.0
292.0
179.5
329.5
152.5
172.0
260.5
157.0
182.5
242.5
196.0
275.5
259.0
164.5
364.0
376.0
307.0
347.5
275.5
181.0
326.5
113.5
289.0
119.5
157.0
80.5
140.5
128.5
197.5
355.0
206.5
164.5
68.5
217.0
308.5
266.5
169.0
127.0
218.5
179.5
236.5
118.0
131.5
169.0
454.0
394.0
209.5
346.0
176.5
239.5
448.0
113.5
34.0
248.5
371.5
101.5
310.0
287.5
121.0
419.5
241.0
299.5
121.0
77.5
286.0
302.5
473.5
133.0
302.5
455.5
349.0
307.0
178.0
334.0
178.0
179.5
200.5
200.5
163.0
19.0
583.0
76.0
293.5
217.0
38.5
106.0
271.0
110.5
136.0
176.5
628.0
130.0
253.0
214.0
16.0
151.0
314.5
242.5
205.0
271.0
386.5
170.5
247.0
236.5
223.0
125.5
239.5
164.5
334.0
179.5
346.0
350.5
356.5
130.0
188.5
136.0
158.5
7.0
112.0
205.0
368.5
250.0
128.5
136.0
257.5
124.0
352.0
256.0
17.5
20.5
172.0
67.0
197.5
55.0
323.5
322.0
59.5
355.0
158.5
238.0
416.5
35.5
395.5
158.5
295.0
173.5
257.5
187.0
148.0
332.5
125.5
124.0
200.5
118.0
284.5
109.0
287.5
65.5
317.5
256.0
82.0
130.0
425.5
280.0
245.5
229.0
26.5
397.0
59.5
161.5
161.5
238.0
73.0
340.0
205.0
376.0
425.5
437.5
43.0
44.5
275.5
340.0
448.0
136.0
302.5
25.0
274.0
754.0
40.0
206.5
224.5
154.0
94.0
206.5
305.5
325.0
167.5
52.0
112.0
419.5
406.0
467.5
91.0
316.0
344.5
350.5
206.5
43.0
217.0
149.5
164.5
124.0
101.5
170.5
226.0
70.0
305.5
139.0
284.5
209.5
110.5
166.0
347.5
215.5
86.5
146.5
305.5
85.0
205.0
127.0
251.5
28.0
382.0
262.0
484.0
275.5
61.0
307.0
76.0
40.0
181.0
145.0
427.0
200.5
268.0
40.0
128.5
268.0
118.0
128.5
89.5
26.5
412.0
127.0
71.5
83.5
58.0
167.5
80.5
238.0
475.0
95.5
85.0
286.0
20.5
44.5
113.5
389.5
85.0
73.0
128.5
71.5
59.5
301.0
208.0
265.0
422.5
164.5
284.5
452.5
178.0
242.5
281.5
406.0
401.5
254.5
511.0
238.0
142.0
322.0
245.5
133.0
388.0
116.5
472.0
203.5
176.5
251.5
232.0
289.0
179.5
190.0
391.0
101.5
212.5
268.0
158.5
103.0
25.0
89.5
67.0
62.5
296.5
197.5
79.0
272.5
298.0
115.0
145.0
122.5
82.0
478.0
182.5
164.5
209.5
100.0
206.5
178.0
343.0
287.5
70.0
455.5
131.5
29.5
55.0
355.0
133.0
233.5
172.0
494.5
409.0
109.0
242.5
434.5
53.5
493.0
232.0
593.5
296.5
430.0
670.0
236.5
404.5
238.0
547.0
43.0
376.0
160.0
242.5
241.0
151.0
280.0
290.5
112.0
103.0
154.0
194.5
275.5
266.5
290.5
232.0
308.5
431.5
428.5
277.0
191.5
338.5
104.5
65.5
182.5
428.5
131.5
199.0
158.5
191.5
146.5
149.5
104.5
46.0
88.0
143.5
236.5
185.5
190.0
467.5
182.5
394.0
86.5
187.0
307.0
92.5
305.5
178.0
217.0
56.5
46.0
200.5
142.0
173.5
460.0
145.0
163.0
154.0
521.5
259.0
496.0
527.5
233.5
385.0
307.0
145.0
269.5
181.0
184.0
259.0
41.5
281.5
163.0
121.0
10.0
374.5
77.5
532.0
67.0
145.0
136.0
91.0
170.5
163.0
110.5
206.5
271.0
232.0
275.5
104.5
229.0
115.0
478.0
271.0
106.0
127.0
205.0
109.0
89.5
205.0
179.5
208.0
124.0
142.0
8.5
301.0
238.0
517.0
256.0
83.5
227.5
238.0
304.0
455.5
79.0
236.5
76.0
268.0
122.5
100.0
112.0
65.5
199.0
101.5
377.5
332.5
337.0
221.5
142.0
257.5
203.5
268.0
344.5
190.0
326.5
79.0
122.5
347.5
281.5
208.0
266.5
173.5
79.0
323.5
239.5
182.5
343.0
271.0
553.0
215.5
155.5
31.0
38.5
121.0
140.5
94.0
376.0
151.0
167.5
356.5
53.5
527.5
332.5
112.0
182.5
374.5
308.5
308.5
134.5
70.0
412.0
91.0
194.5
182.5
130.0
86.5
269.5
389.5
130.0
154.0
239.5
139.0
118.0
200.5
326.5
169.0
176.5
38.5
229.0
146.5
76.0
200.5
160.0
310.0
320.5
344.5
124.0
433.0
20.5
293.5
109.0
127.0
202.0
142.0
298.0
185.5
364.0
139.0
554.5
134.5
242.5
256.0
221.5
146.5
140.5
283.0
232.0
74.5
58.0
230.5
14.5
91.0
206.5
190.0
248.5
143.5
296.5
151.0
433.0
116.5
142.0
160.0
518.5
68.5
422.5
56.5
313.0
85.0
166.0
221.5
61.0
403.0
322.0
95.5
68.5
310.0
127.0
250.0
85.0
167.5
158.5
188.5
341.5
229.0
254.5
239.5
41.5
115.0
40.0
185.5
191.5
166.0
145.0
127.0
127.0
490.0
160.0
238.0
67.0
136.0
191.5
49.0
146.5
179.5
253.0
115.0
175.0
136.0
307.0
284.5
497.5
425.5
94.0
88.0
40.0
136.0
238.0
214.0
124.0
209.5
131.5
289.0
131.5
280.0
169.0
32.5
362.5
242.5
232.0
217.0
104.5
280.0
224.5
320.5
86.5
70.0
232.0
227.5
94.0
115.0
149.5
247.0
229.0
554.5
97.0
145.0
221.5
308.5
74.5
247.0
127.0
73.0
379.0
4.0
109.0
142.0
157.0
179.5
61.0
196.0
19.0
127.0
310.0
226.0
154.0
365.5
616.0
235.0
109.0
137.5
377.5
127.0
134.5
142.0
110.5
146.5
133.0
260.5
493.0
115.0
118.0
356.5
520.0
230.5
164.5
119.5
41.5
469.0
278.5
64.0
161.5
289.0
143.5
266.5
128.5
527.5
203.5
223.0
392.5
178.0
563.5
125.5
130.0
85.0
89.5
425.5
136.0
112.0
176.5
337.0
44.5
260.5
85.0
64.0
196.0
259.0
175.0
238.0
157.0
74.5
475.0
466.0
290.5
80.5
416.5
403.0
65.5
230.5
362.5
199.0
292.0
185.5
122.5
241.0
175.0
172.0
67.0
356.5
245.5
35.5
29.5
175.0
299.5
310.0
65.5
601.0
94.0
349.0
236.5
425.5
104.5
190.0
143.5
151.0
386.5
118.0
209.5
206.5
269.5
187.0
83.5
61.0
184.0
208.0
271.0
164.5
214.0
181.0
206.5
292.0
34.0
356.5
143.5
179.5
71.5
250.0
112.0
346.0
277.0
511.0
178.0
251.5
482.5
152.5
308.5
116.5
134.5
287.5
361.0
107.5
233.5
338.5
88.0
380.5
86.5
202.0
118.0
224.5
70.0
676.0
379.0
125.5
385.0
118.0
337.0
227.5
119.5
304.0
187.0
148.0
223.0
407.5
155.5
250.0
572.5
194.5
191.5
274.0
58.0
245.5
274.0
193.0
128.5
152.5
244.0
181.0
208.0
179.5
308.5
406.0
113.5
185.5
155.5
266.5
362.5
77.5
127.0
194.5
284.5
100.0
61.0
293.5
370.0
220.0
170.5
248.5
295.0
296.5
155.5
8.5
133.0
124.0
302.5
386.5
142.0
440.5
115.0
35.5
193.0
140.5
296.5
145.0
343.0
209.5
370.0
52.0
245.5
434.5
106.0
283.0
65.5
343.0
128.5
175.0
161.5
62.5
239.5
50.5
110.5
166.0
74.5
217.0
241.0
187.0
220.0
712.0
223.0
479.5
112.0
80.5
182.5
137.5
202.0
173.5
44.5
209.5
221.5
100.0
194.5
295.0
122.5
139.0
242.5
239.5
245.5
229.0
145.0
175.0
118.0
137.5
112.0
32.5
115.0
92.5
119.5
280.0
218.5
379.0
94.0
176.5
220.0
370.0
185.5
391.0
430.0
238.0
160.0
127.0
221.5
128.5
218.5
59.5
472.0
268.0
202.0
214.0
112.0
349.0
355.0
139.0
187.0
146.5
73.0
83.5
212.5
392.5
196.0
251.5
178.0
337.0
32.5
59.5
310.0
178.0
436.0
170.5
91.0
256.0
112.0
130.0
206.5
446.5
263.5
203.5
128.5
247.0
506.5
22.0
179.5
157.0
131.5
32.5
98.5
221.5
97.0
118.0
131.5
326.5
128.5
349.0
299.5
68.5
265.0
209.5
178.0
118.0
260.5
455.5
215.5
379.0
593.5
68.5
115.0
274.0
170.5
104.5
313.0
365.5
313.0
122.5
182.5
83.5
271.0
91.0
118.0
91.0
127.0
160.0
232.0
541.0
437.5
167.5
97.0
346.0
61.0
463.0
260.5
145.0
137.5
178.0
56.5
151.0
107.5
200.5
325.0
275.5
152.5
148.0
187.0
74.5
100.0
307.0
172.0
206.5
263.5
218.5
20.5
242.5
502.0
200.5
187.0
434.5
122.5
380.5
359.5
196.0
172.0
241.0
188.5
89.5
274.0
53.5
137.5
223.0
392.5
94.0
208.0
10.0
184.0
472.0
64.0
26.5
416.5
139.0
73.0
10.0
199.0
287.5
74.5
205.0
439.0
326.5
182.5
148.0
416.5
128.5
202.0
323.5
94.0
220.0
77.5
299.5
161.5
262.0
139.0
61.0
478.0
317.5
250.0
148.0
277.0
80.5
278.5
109.0
71.5
52.0
179.5
322.0
91.0
148.0
329.5
149.5
109.0
169.0
97.0
53.5
278.5
112.0
242.5
112.0
224.5
275.5
92.5
248.5
215.5
407.5
121.0
79.0
277.0
371.5
578.5
367.0
136.0
122.5
130.0
413.5
167.5
40.0
190.0
346.0
440.5
118.0
154.0
239.5
62.5
385.0
514.0
97.0
131.5
134.5
206.5
389.5
154.0
292.0
434.5
464.5
134.5
172.0
184.0
187.0
185.5
97.0
140.5
229.0
166.0
530.5
181.0
515.5
139.0
109.0
295.0
337.0
83.5
205.0
283.0
260.5
271.0
121.0
316.0
74.5
116.5
130.0
241.0
209.5
148.0
58.0
97.0
242.5
197.5
152.5
212.5
544.0
329.5
107.5
311.5
400.0
98.5
67.0
154.0
257.5
187.0
83.5
364.0
34.0
334.0
62.5
296.5
71.5
104.5
316.0
196.0
353.5
94.0
142.0
64.0
100.0
331.0
281.5
286.0
97.0
103.0
266.5
259.0
251.5
82.0
91.0
352.0
209.5
89.5
328.0
301.0
245.5
215.5
470.5
701.5
479.5
97.0
163.0
115.0
424.0
158.5
40.0
251.5
488.5
176.5
181.0
529.0
181.0
140.5
140.5
167.5
55.0
254.5
26.5
104.5
23.5
65.5
290.5
359.5
364.0
199.0
212.5
50.5
301.0
95.5
260.5
61.0
223.0
235.0
211.0
254.5
142.0
259.0
182.5
88.0
521.5
592.0
163.0
125.5
169.0
167.5
374.5
109.0
230.5
65.5
266.5
334.0
208.0
199.0
73.0
406.0
281.5
140.5
328.0
325.0
220.0
497.5
146.5
100.0
301.0
463.0
127.0
244.0
26.5
190.0
406.0
470.5
254.5
104.5
74.5
170.5
331.0
128.5
94.0
112.0
266.5
131.5
281.5
187.0
70.0
266.5
133.0
181.0
161.5
388.0
211.0
355.0
95.5
53.5
218.5
91.0
353.5
83.5
112.0
37.0
262.0
109.0
233.5
181.0
83.5
101.5
79.0
356.5
377.5
47.5
266.5
310.0
194.5
73.0
200.5
79.0
203.5
124.0
109.0
167.5
202.0
340.0
214.0
194.5
50.5
91.0
191.5
296.5
442.0
373.0
214.0
115.0
128.5
265.0
64.0
31.0
95.5
244.0
101.5
139.0
106.0
248.5
194.5
164.5
460.0
239.5
152.5
52.0
58.0
94.0
413.5
317.5
64.0
122.5
118.0
41.5
100.0
94.0
193.0
172.0
49.0
119.5
122.5
175.0
194.5
95.5
161.5
118.0
281.5
94.0
349.0
160.0
40.0
262.0
203.5
338.5
365.5
98.5
398.5
82.0
103.0
83.5
325.0
241.0
502.0
85.0
224.5
11.5
29.5
212.5
97.0
592.0
131.5
212.5
536.5
44.5
145.0
211.0
56.5
67.0
86.5
304.0
173.5
305.5
103.0
68.5
203.5
71.5
347.5
481.0
268.0
215.5
307.0
73.0
134.5
71.5
320.5
70.0
115.0
43.0
191.5
116.5
367.0
256.0
380.5
179.5
124.0
169.0
67.0
584.5
160.0
155.5
277.0
227.5
167.5
236.5
721.0
98.5
220.0
493.0
224.5
229.0
46.0
58.0
275.5
191.5
46.0
158.5
425.5
134.5
239.5
95.5
458.5
38.5
62.5
86.5
49.0
209.5
43.0
112.0
118.0
109.0
55.0
377.5
449.5
74.5
92.5
152.5
386.5
184.0
406.0
113.5
445.0
193.0
406.0
275.5
343.0
193.0
395.5
106.0
233.5
290.5
272.5
230.5
191.5
296.5
235.0
272.5
146.5
250.0
251.5
212.5
61.0
169.0
196.0
38.5
458.5
167.5
50.5
379.0
131.5
598.0
59.5
373.0
115.0
38.5
89.5
110.5
271.0
152.5
442.0
305.5
74.5
242.5
232.0
137.5
241.0
62.5
62.5
116.5
292.0
179.5
394.0
220.0
152.5
221.5
175.0
424.0
238.0
127.0
418.0
380.5
92.5
233.5
310.0
367.0
160.0
52.0
317.5
188.5
497.5
427.0
134.5
29.5
119.5
229.0
161.5
68.5
203.5
173.5
412.0
161.5
196.0
160.0
100.0
10.0
293.5
146.5
302.5
347.5
95.5
253.0
235.0
130.0
73.0
56.5
280.0
92.5
178.0
83.5
314.5
130.0
29.5
440.5
152.5
409.0
257.5
79.0
304.0
139.0
314.5
8.5
112.0
311.5
157.0
193.0
203.5
164.5
95.5
230.5
292.0
185.5
134.5
182.5
286.0
116.5
193.0
143.5
95.5
166.0
280.0
137.5
182.5
148.0
98.5
182.5
194.5
197.5
302.5
118.0
514.0
155.5
428.5
68.5
346.0
302.5
206.5
238.0
178.0
239.5
43.0
406.0
334.0
134.5
535.0
413.5
410.5
16.0
301.0
268.0
404.5
307.0
194.5
227.5
251.5
109.0
43.0
103.0
40.0
284.5
313.0
176.5
94.0
77.5
227.5
170.5
278.5
229.0
425.5
175.0
370.0
71.5
115.0
224.5
310.0
436.0
151.0
172.0
193.0
247.0
73.0
140.5
196.0
80.5
580.0
280.0
326.5
182.5
107.5
64.0
484.0
130.0
89.5
34.0
155.5
166.0
122.5
188.5
118.0
311.5
160.0
317.5
274.0
169.0
263.5
91.0
358.0
121.0
232.0
232.0
149.5
200.5
347.5
416.5
151.0
163.0
175.0
181.0
229.0
221.5
130.0
158.5
292.0
406.0
476.5
209.5
164.5
131.5
122.5
271.0
191.5
53.5
613.0
508.0
556.0
295.0
46.0
80.5
139.0
193.0
151.0
382.0
160.0
235.0
124.0
94.0
199.0
151.0
287.5
179.5
319.0
197.5
335.5
136.0
70.0
43.0
37.0
211.0
334.0
320.5
166.0
316.0
482.5
319.0
529.0
94.0
245.5
248.5
125.5
158.5
122.5
371.5
266.5
263.5
25.0
29.5
140.5
179.5
148.0
299.5
274.0
271.0
263.5
359.5
70.0
259.0
389.5
430.0
161.5
160.0
247.0
301.0
146.5
403.0
206.5
112.0
71.5
260.5
161.5
242.5
101.5
62.5
472.0
196.0
230.5
184.0
125.5
179.5
64.0
181.0
64.0
80.5
211.0
197.5
127.0
416.5
149.5
178.0
262.0
199.0
61.0
223.0
364.0
422.5
379.0
67.0
122.5
286.0
136.0
92.5
91.0
191.5
94.0
133.0
169.0
29.5
182.5
61.0
184.0
106.0
142.0
602.5
338.5
139.0
178.0
56.5
280.0
56.5
434.5
55.0
548.5
161.5
128.5
97.0
176.5
155.5
163.0
100.0
224.5
230.5
167.5
341.5
271.0
206.5
322.0
148.0
412.0
233.5
301.0
65.5
197.5
23.5
505.0
146.5
140.5
67.0
203.5
106.0
56.5
250.0
17.5
392.5
28.0
235.0
194.5
280.0
353.5
313.0
298.0
20.5
251.5
100.0
71.5
391.0
158.5
194.5
56.5
206.5
118.0
125.5
122.5
253.0
130.0
427.0
236.5
188.5
277.0
227.5
110.5
31.0
271.0
251.5
74.5
182.5
283.0
424.0
287.5
287.5
281.5
155.5
154.0
169.0
32.5
373.0
253.0
643.0
121.0
392.5
107.5
334.0
436.0
671.5
155.5
167.5
364.0
857.5
302.5
172.0
230.5
80.5
245.5
140.5
41.5
623.5
271.0
125.5
142.0
47.5
206.5
293.5
209.5
544.0
133.0
130.0
38.5
553.0
299.5
121.0
88.0
395.5
229.0
346.0
305.5
157.0
296.5
124.0
311.5
61.0
412.0
197.5
175.0
259.0
218.5
175.0
127.0
203.5
134.5
112.0
185.5
275.5
41.5
149.5
19.0
374.5
254.5
140.5
367.0
121.0
160.0
382.0
163.0
59.5
82.0
94.0
391.0
112.0
37.0
160.0
139.0
376.0
122.5
169.0
244.0
269.5
130.0
128.5
209.5
196.0
187.0
47.5
56.5
155.5
31.0
52.0
514.0
179.5
100.0
166.0
265.0
145.0
337.0
154.0
472.0
116.5
137.5
266.5
185.5
161.5
41.5
26.5
38.5
176.5
367.0
256.0
104.5
119.5
518.5
271.0
232.0
302.5
14.5
302.5
232.0
103.0
301.0
203.5
134.5
298.0
203.5
188.5
229.0
77.5
31.0
371.5
202.0
214.0
173.5
262.0
106.0
46.0
128.5
353.5
173.5
328.0
238.0
53.5
104.5
64.0
169.0
287.5
188.5
385.0
115.0
382.0
484.0
226.0
88.0
380.5
167.5
277.0
119.5
157.0
115.0
169.0
281.5
257.5
77.5
224.5
188.5
118.0
220.0
196.0
226.0
83.5
199.0
289.0
43.0
79.0
80.5
206.5
419.5
466.0
151.0
304.0
112.0
106.0
106.0
221.5
166.0
37.0
154.0
47.5
127.0
62.5
85.0
253.0
407.5
523.0
155.5
250.0
503.5
209.5
427.0
112.0
424.0
119.5
139.0
217.0
119.5
154.0
122.5
91.0
397.0
244.0
241.0
142.0
139.0
311.5
223.0
458.5
161.5
76.0
23.5
148.0
218.5
439.0
263.5
130.0
94.0
82.0
167.5
281.5
206.5
365.5
125.5
521.5
191.5
256.0
134.5
260.5
235.0
293.5
53.5
179.5
599.5
94.0
211.0
119.5
308.5
178.0
166.0
296.5
103.0
133.0
109.0
208.0
263.5
283.0
266.5
47.5
76.0
178.0
136.0
29.5
176.5
304.0
212.5
44.5
49.0
641.5
329.5
167.5
101.5
313.0
199.0
194.5
154.0
217.0
235.0
413.5
136.0
544.0
82.0
253.0
152.5
86.5
109.0
565.0
98.5
326.5
107.5
563.5
76.0
247.0
391.0
160.0
392.5
134.5
65.5
112.0
466.0
73.0
79.0
137.5
154.0
41.5
131.5
208.0
229.0
127.0
212.5
53.5
242.5
67.0
77.5
149.5
259.0
494.5
28.0
166.0
464.5
313.0
136.0
71.5
61.0
275.5
298.0
295.0
272.5
517.0
341.5
41.5
280.0
148.0
298.0
136.0
134.5
296.5
401.5
308.5
118.0
143.5
187.0
166.0
124.0
71.5
160.0
136.0
287.5
448.0
217.0
122.5
179.5
148.0
193.0
424.0
241.0
277.0
32.5
46.0
332.5
145.0
316.0
127.0
146.5
140.5
238.0
358.0
52.0
152.5
382.0
398.5
140.5
323.5
110.5
139.0
250.0
278.5
212.5
86.5
110.5
37.0
329.5
103.0
221.5
59.5
82.0
652.0
55.0
313.0
58.0
146.5
431.5
335.5
332.5
71.5
43.0
520.0
202.0
272.5
103.0
400.0
520.0
196.0
154.0
145.0
101.5
622.0
172.0
200.5
242.5
191.5
83.5
86.5
169.0
137.5
119.5
25.0
38.5
65.5
253.0
136.0
47.5
121.0
286.0
283.0
65.5
170.5
170.5
206.5
412.0
101.5
302.5
230.5
286.0
355.0
188.5
281.5
565.0
161.5
307.0
341.5
80.5
344.5
103.0
353.5
77.5
76.0
439.0
289.0
280.0
239.5
133.0
287.5
589.0
46.0
191.5
205.0
283.0
151.0
226.0
64.0
79.0
266.5
343.0
266.5
491.5
131.5
257.5
31.0
377.5
485.5
97.0
245.5
79.0
146.5
91.0
175.0
191.5
445.0
284.5
251.5
179.5
332.5
115.0
410.5
197.5
184.0
188.5
152.5
145.0
449.5
89.5
106.0
116.5
235.0
40.0
31.0
137.5
337.0
35.5
149.5
248.5
154.0
143.5
139.0
59.5
305.5
247.0
89.5
394.0
107.5
20.5
146.5
98.5
115.0
266.5
229.0
88.0
154.0
104.5
637.0
202.0
146.5
176.5
305.5
280.0
163.0
302.5
158.5
398.5
275.5
169.0
176.5
26.5
52.0
46.0
739.0
55.0
164.5
196.0
187.0
155.5
302.5
152.5
484.0
103.0
79.0
227.5
161.5
127.0
287.5
128.5
413.5
127.0
181.0
151.0
254.5
232.0
208.0
173.5
56.5
122.5
46.0
202.0
41.5
148.0
373.0
244.0
170.5
143.5
103.0
77.5
193.0
160.0
145.0
464.5
670.0
500.5
62.5
59.5
121.0
124.0
271.0
112.0
50.5
262.0
103.0
167.5
83.5
392.5
254.5
394.0
263.5
394.0
704.5
418.0
569.5
209.5
202.0
446.5
119.5
79.0
173.5
68.5
328.0
61.0
205.0
122.5
205.0
229.0
229.0
368.5
94.0
437.5
26.5
440.5
143.5
157.0
94.0
170.5
235.0
328.0
16.0
229.0
262.0
76.0
76.0
158.5
257.5
208.0
53.5
337.0
194.5
257.5
419.5
341.5
533.5
409.0
155.5
344.5
67.0
337.0
190.0
211.0
412.0
262.0
95.5
209.5
94.0
52.0
113.5
196.0
136.0
280.0
205.0
107.5
214.0
469.0
68.5
176.5
569.5
116.5
112.0
104.5
194.5
299.5
397.0
323.5
56.5
161.5
170.5
611.5
259.0
85.0
338.5
524.5
214.0
536.5
143.5
157.0
244.0
437.5
212.5
148.0
104.5
71.5
316.0
67.0
89.5
139.0
430.0
50.5
7.0
89.5
191.5
55.0
388.0
37.0
185.5
76.0
101.5
200.5
245.5
280.0
454.0
203.5
269.5
236.5
119.5
220.0
269.5
95.5
56.5
73.0
200.5
62.5
263.5
310.0
325.0
188.5
71.5
89.5
40.0
158.5
19.0
227.5
286.0
154.0
107.5
119.5
148.0
140.5
23.5
317.5
157.0
118.0
152.5
154.0
229.0
119.5
287.5
194.5
127.0
467.5
248.5
241.0
163.0
73.0
332.5
332.5
107.5
221.5
365.5
394.0
166.0
187.0
253.0
364.0
68.5
64.0
140.5
143.5
16.0
305.5
181.0
248.5
161.5
104.5
451.0
187.0
25.0
365.5
299.5
125.5
206.5
152.5
164.5
292.0
182.5
296.5
49.0
245.5
161.5
454.0
299.5
517.0
587.5
182.5
56.5
307.0
128.5
265.0
167.5
275.5
188.5
235.0
124.0
142.0
262.0
235.0
173.5
109.0
136.0
86.5
317.5
110.5
343.0
238.0
304.0
259.0
86.5
863.5
442.0
107.5
530.5
208.0
250.0
142.0
175.0
382.0
233.5
329.5
530.5
250.0
328.0
101.5
58.0
172.0
86.5
148.0
230.5
95.5
109.0
493.0
202.0
127.0
466.0
161.5
119.5
292.0
247.0
208.0
25.0
302.5
337.0
253.0
289.0
236.5
58.0
167.5
172.0
119.5
86.5
202.0
136.0
247.0
67.0
361.0
173.5
170.5
308.5
190.0
236.5
109.0
79.0
95.5
433.0
277.0
226.0
92.5
256.0
239.5
331.0
320.5
127.0
128.5
211.0
53.5
226.0
310.0
173.5
172.0
245.5
94.0
154.0
92.5
383.5
152.5
86.5
137.5
259.0
163.0
115.0
44.5
248.5
190.0
34.0
193.0
428.5
263.5
101.5
125.5
118.0
266.5
44.5
343.0
437.5
22.0
89.5
320.5
236.5
389.5
158.5
134.5
191.5
260.5
415.0
236.5
71.5
122.5
41.5
488.5
185.5
365.5
286.0
602.5
50.5
293.5
223.0
292.0
98.5
272.5
88.0
148.0
103.0
119.5
112.0
439.0
211.0
82.0
386.5
143.5
550.0
386.5
217.0
284.5
109.0
34.0
272.5
161.5
101.5
250.0
140.5
116.5
226.0
154.0
272.5
73.0
176.5
50.5
50.5
194.5
76.0
266.5
128.5
122.5
124.0
112.0
88.0
473.5
50.5
335.5
92.5
512.5
166.0
320.5
302.5
43.0
287.5
176.5
298.0
251.5
463.0
86.5
590.5
97.0
143.5
74.5
100.0
122.5
83.5
37.0
242.5
61.0
53.5
137.5
365.5
43.0
98.5
109.0
223.0
52.0
175.0
166.0
584.5
538.0
227.5
137.5
502.0
100.0
338.5
334.0
40.0
115.0
125.5
442.0
134.5
352.0
202.0
205.0
71.5
161.5
307.0
385.0
68.5
125.5
35.5
266.5
155.5
268.0
395.5
113.5
65.5
154.0
319.0
263.5
164.5
482.5
250.0
218.5
124.0
104.5
200.5
298.0
118.0
467.5
251.5
215.5
332.5
65.5
94.0
293.5
605.5
220.0
247.0
437.5
388.0
149.5
131.5
211.0
188.5
355.0
224.5
332.5
380.5
149.5
221.5
353.5
172.0
158.5
268.0
287.5
154.0
427.0
38.5
149.5
148.0
253.0
311.5
149.5
500.5
238.0
199.0
181.0
233.5
104.5
188.5
73.0
148.0
196.0
104.5
269.5
259.0
124.0
73.0
307.0
251.5
308.5
175.0
92.5
335.5
175.0
95.5
248.5
335.5
73.0
101.5
149.5
526.0
89.5
173.5
286.0
86.5
259.0
455.5
425.5
545.5
77.5
308.5
343.0
181.0
193.0
215.5
181.0
115.0
325.0
181.0
302.5
278.5
88.0
94.0
250.0
232.0
304.0
83.5
226.0
121.0
58.0
169.0
614.5
169.0
460.0
437.5
217.0
415.0
179.5
148.0
415.0
268.0
355.0
149.5
17.5
137.5
157.0
308.5
319.0
346.0
191.5
112.0
220.0
19.0
367.0
25.0
77.5
191.5
164.5
527.5
217.0
625.0
403.0
245.5
89.5
85.0
178.0
188.5
92.5
458.5
347.5
68.5
109.0
188.5
254.5
191.5
56.5
409.0
143.5
190.0
202.0
485.5
146.5
211.0
47.5
368.5
322.0
5.5
148.0
115.0
103.0
173.5
340.0
62.5
242.5
530.5
511.0
194.5
226.0
23.5
133.0
125.5
161.5
200.5
148.0
190.0
301.0
389.5
277.0
238.0
340.0
461.5
292.0
454.0
158.5
34.0
200.5
170.5
223.0
539.5
182.5
263.5
280.0
352.0
326.5
182.5
98.5
700.0
89.5
157.0
427.0
148.0
434.5
86.5
137.5
200.5
202.0
86.5
548.5
353.5
136.0
158.5
385.0
236.5
209.5
320.5
178.0
73.0
208.0
172.0
229.0
314.5
112.0
389.5
184.0
386.5
206.5
106.0
305.5
97.0
76.0
395.5
122.5
167.5
226.0
47.5
35.5
43.0
511.0
166.0
134.5
188.5
166.0
370.0
32.5
76.0
86.5
112.0
80.5
74.5
386.5
164.5
283.0
140.5
31.0
425.5
73.0
80.5
130.0
241.0
160.0
238.0
353.5
260.5
199.0
293.5
191.5
59.5
77.5
490.0
85.0
241.0
137.5
515.5
97.0
278.5
100.0
134.5
130.0
215.5
548.5
107.5
265.0
106.0
106.0
173.5
122.5
130.0
607.0
163.0
74.5
200.5
259.0
112.0
157.0
104.5
125.5
391.0
256.0
47.5
245.5
137.5
49.0
227.5
550.0
164.5
121.0
256.0
113.5
94.0
185.5
431.5
215.5
187.0
77.5
74.5
229.0
197.5
239.5
109.0
133.0
100.0
343.0
286.0
325.0
136.0
145.0
203.5
305.5
254.5
500.5
121.0
137.5
217.0
271.0
28.0
659.5
325.0
139.0
94.0
212.5
115.0
158.5
44.5
118.0
268.0
185.5
119.5
67.0
157.0
101.5
86.5
59.5
20.5
166.0
172.0
244.0
112.0
271.0
101.5
275.5
203.5
193.0
88.0
143.5
229.0
247.0
280.0
22.0
196.0
185.5
194.5
199.0
304.0
110.5
193.0
65.5
281.5
113.5
182.5
259.0
173.5
280.0
103.0
166.0
112.0
178.0
262.0
319.0
176.5
341.5
247.0
304.0
23.5
362.5
98.5
280.0
20.5
67.0
547.0
109.0
509.5
230.5
215.5
50.5
286.0
190.0
206.5
82.0
164.5
343.0
242.5
154.0
280.0
164.5
241.0
145.0
103.0
454.0
73.0
247.0
43.0
241.0
295.0
248.5
110.5
122.5
319.0
151.0
184.0
430.0
149.5
140.5
172.0
22.0
505.0
181.0
86.5
71.5
224.5
278.5
134.5
340.0
458.5
176.5
179.5
256.0
424.0
302.5
77.5
130.0
110.5
283.0
212.5
223.0
322.0
185.5
302.5
148.0
104.5
184.0
449.5
203.5
107.5
106.0
154.0
374.5
92.5
362.5
76.0
161.5
215.5
19.0
43.0
226.0
55.0
109.0
74.5
161.5
79.0
392.5
68.5
160.0
253.0
173.5
43.0
206.5
215.5
568.0
409.0
256.0
137.5
53.5
203.5
224.5
176.5
169.0
257.5
437.5
247.0
199.0
445.0
275.5
149.5
136.0
92.5
211.0
392.5
128.5
77.5
146.5
206.5
107.5
122.5
460.0
262.0
193.0
223.0
179.5
256.0
268.0
173.5
137.5
278.5
46.0
359.5
322.0
94.0
130.0
428.5
356.5
115.0
80.5
232.0
266.5
104.5
128.5
97.0
308.5
89.5
323.5
128.5
140.5
86.5
179.5
349.0
113.5
232.0
214.0
406.0
418.0
278.5
382.0
152.5
11.5
247.0
394.0
157.0
89.5
50.5
128.5
224.5
151.0
101.5
55.0
46.0
124.0
166.0
142.0
164.5
197.5
166.0
394.0
284.5
211.0
275.5
272.5
29.5
284.5
50.5
430.0
278.5
238.0
40.0
35.5
62.5
221.5
29.5
206.5
392.5
79.0
83.5
148.0
488.5
199.0
139.0
232.0
227.5
169.0
128.5
242.5
316.0
344.5
145.0
119.5
56.5
208.0
247.0
274.0
217.0
184.0
140.5
247.0
307.0
220.0
170.5
134.5
316.0
257.5
359.5
355.0
337.0
110.5
116.5
415.0
610.0
95.5
305.5
139.0
229.0
346.0
247.0
496.0
62.5
235.0
187.0
601.0
170.5
253.0
254.5
47.5
307.0
413.5
287.5
122.5
149.5
83.5
389.5
79.0
172.0
77.5
23.5
263.5
11.5
163.0
422.5
149.5
290.5
290.5
277.0
248.5
392.5
230.5
74.5
97.0
442.0
272.5
82.0
125.5
245.5
206.5
280.0
128.5
169.0
316.0
196.0
202.0
274.0
125.5
187.0
49.0
325.0
847.0
47.5
515.5
197.5
400.0
107.5
262.0
82.0
442.0
107.5
29.5
208.0
353.5
235.0
370.0
209.5
172.0
137.5
418.0
278.5
286.0
427.0
512.5
439.0
266.5
188.5
100.0
125.5
91.0
262.0
82.0
119.5
266.5
23.5
224.5
292.0
88.0
122.5
377.5
157.0
500.5
182.5
83.5
460.0
391.0
355.0
292.0
211.0
107.5
181.0
167.5
266.5
101.5
298.0
292.0
212.5
91.0
445.0
446.5
241.0
104.5
61.0
541.0
136.0
40.0
608.5
130.0
104.5
127.0
76.0
196.0
221.5
253.0
34.0
118.0
271.0
196.0
425.5
383.5
332.5
97.0
160.0
274.0
94.0
145.0
200.5
124.0
245.5
92.5
233.5
320.5
140.5
62.5
80.5
244.0
25.0
155.5
95.5
94.0
86.5
142.0
308.5
145.0
125.5
68.5
94.0
283.0
589.0
137.5
125.5
133.0
244.0
439.0
289.0
157.0
260.5
307.0
476.5
398.5
296.5
196.0
13.0
347.5
254.5
86.5
206.5
44.5
154.0
107.5
301.0
158.5
50.5
170.5
305.5
56.5
457.0
221.5
112.0
206.5
229.0
290.5
347.5
340.0
524.5
79.0
184.0
200.5
155.5
197.5
197.5
230.5
95.5
316.0
310.0
293.5
376.0
74.5
158.5
242.5
59.5
317.5
557.5
61.0
374.5
38.5
188.5
85.0
44.5
23.5
155.5
26.5
143.5
136.0
499.0
232.0
43.0
359.5
140.5
227.5
341.5
113.5
101.5
142.0
110.5
247.0
196.0
118.0
557.5
172.0
481.0
316.0
526.0
281.5
154.0
196.0
209.5
188.5
227.5
319.0
107.5
124.0
271.0
242.5
82.0
289.0
70.0
133.0
151.0
299.5
394.0
64.0
202.0
109.0
13.0
185.5
76.0
170.5
436.0
377.5
98.5
68.5
64.0
565.0
65.5
77.5
247.0
178.0
34.0
103.0
172.0
172.0
113.5
188.5
298.0
140.5
506.5
50.5
124.0
214.0
160.0
149.5
98.5
73.0
293.5
152.5
407.5
289.0
169.0
256.0
482.5
130.0
233.5
8.5
328.0
235.0
277.0
343.0
115.0
88.0
71.5
217.0
109.0
214.0
169.0
158.5
37.0
434.5
43.0
121.0
292.0
86.5
377.5
629.5
230.5
226.0
304.0
67.0
490.0
167.5
362.5
160.0
448.0
275.5
257.5
437.5
313.0
148.0
511.0
292.0
82.0
316.0
104.5
146.5
101.5
68.5
131.5
64.0
71.5
55.0
344.5
67.0
215.5
352.0
125.5
145.0
74.5
403.0
232.0
401.5
137.5
94.0
497.5
199.0
275.5
454.0
103.0
218.5
152.5
209.5
622.0
146.5
406.0
136.0
386.5
130.0
91.0
350.5
16.0
398.5
172.0
323.5
98.5
253.0
356.5
178.0
76.0
67.0
488.5
118.0
226.0
181.0
55.0
85.0
37.0
160.0
175.0
257.5
284.5
124.0
319.0
62.5
371.5
394.0
19.0
55.0
266.5
110.5
262.0
190.0
241.0
94.0
205.0
158.5
82.0
314.5
322.0
253.0
188.5
107.5
346.0
232.0
314.5
140.5
319.0
175.0
89.5
127.0
346.0
275.5
152.5
311.5
247.0
271.0
226.0
211.0
214.0
308.5
265.0
163.0
292.0
469.0
58.0
148.0
40.0
646.0
191.5
235.0
200.5
577.0
469.0
286.0
155.5
272.5
212.5
163.0
136.0
371.5
311.5
134.5
209.5
187.0
271.0
157.0
194.5
28.0
205.0
97.0
401.5
274.0
115.0
418.0
128.5
119.5
368.5
344.5
158.5
199.0
242.5
172.0
238.0
475.0
200.5
100.0
49.0
181.0
200.5
676.0
202.0
364.0
224.5
127.0
334.0
115.0
14.5
418.0
166.0
673.0
446.5
127.0
320.5
122.5
235.0
424.0
128.5
116.5
92.5
329.5
118.0
167.5
235.0
76.0
220.0
286.0
17.5
607.0
194.5
247.0
178.0
70.0
151.0
173.5
68.5
244.0
190.0
113.5
214.0
107.5
142.0
169.0
278.5
272.5
563.5
179.5
71.5
115.0
244.0
85.0
388.0
499.0
131.5
80.5
169.0
127.0
161.5
155.5
97.0
601.0
131.5
58.0
290.5
254.5
463.0
175.0
383.5
211.0
350.5
169.0
283.0
242.5
43.0
166.0
10.0
136.0
50.5
128.5
247.0
220.0
236.5
50.5
82.0
67.0
46.0
146.5
224.5
169.0
374.5
58.0
160.0
175.0
40.0
328.0
349.0
202.0
154.0
451.0
434.5
628.0
95.5
50.5
148.0
139.0
124.0
268.0
155.5
223.0
88.0
137.5
293.5
86.5
68.5
94.0
80.5
142.0
167.5
83.5
112.0
106.0
46.0
322.0
217.0
352.0
128.5
155.5
151.0
383.5
170.5
50.5
179.5
457.0
127.0
73.0
316.0
100.0
80.5
124.0
106.0
403.0
107.5
227.5
232.0
65.5
283.0
109.0
370.0
154.0
170.5
730.0
256.0
209.5
206.5
34.0
181.0
224.5
170.5
154.0
178.0
328.0
121.0
139.0
451.0
175.0
205.0
407.5
478.0
193.0
158.5
188.5
392.5
245.5
8.5
125.5
103.0
179.5
193.0
176.5
158.5
176.5
79.0
223.0
122.5
217.0
260.5
91.0
208.0
202.0
182.5
242.5
98.5
143.5
67.0
226.0
158.5
76.0
415.0
314.5
176.5
154.0
230.5
179.5
145.0
79.0
170.5
289.0
266.5
224.5
356.5
221.5
530.5
196.0
104.5
337.0
242.5
328.0
76.0
35.5
47.5
149.5
355.0
688.0
187.0
172.0
160.0
209.5
157.0
265.0
122.5
191.5
140.5
157.0
311.5
38.5
154.0
254.5
241.0
275.5
250.0
248.5
58.0
316.0
184.0
91.0
109.0
106.0
169.0
40.0
43.0
622.0
217.0
277.0
118.0
137.5
233.5
98.5
394.0
148.0
154.0
209.5
100.0
80.5
62.5
292.0
127.0
23.5
16.0
223.0
29.5
145.0
290.5
305.5
181.0
70.0
281.5
212.5
173.5
104.5
196.0
361.0
176.5
188.5
154.0
67.0
239.5
202.0
104.5
179.5
407.5
100.0
385.0
349.0
115.0
82.0
247.0
224.5
134.5
143.5
221.5
170.5
85.0
142.0
86.5
287.5
251.5
343.0
68.5
455.5
368.5
