79.0
85.0
80.5
95.5
89.5
71.5
8.5
58.0
82.0
103.0
79.0
94.0
89.5
73.0
152.5
68.5
40.0
100.0
35.5
17.5
13.0
35.5
80.5
139.0
34.0
35.5
130.0
32.5
41.5
25.0
119.5
53.5
37.0
28.0
98.5
52.0
40.0
151.0
134.5
88.0
65.5
79.0
47.5
53.5
50.5
94.0
140.5
22.0
35.5
55.0
38.5
17.5
49.0
104.5
124.0
41.5
112.0
34.0
10.0
62.5
53.5
25.0
65.5
101.5
50.5
29.5
98.5
121.0
22.0
44.5
52.0
89.5
79.0
4.0
46.0
47.5
41.5
20.5
7.0
55.0
41.5
55.0
73.0
100.0
50.5
44.5
49.0
101.5
145.0
110.5
43.0
22.0
80.5
47.5
50.5
2.5
59.5
103.0
16.0
80.5
20.5
91.0
40.0
26.5
131.5
31.0
8.5
43.0
10.0
89.5
64.0
58.0
98.5
20.5
83.5
35.5
14.5
29.5
41.5
62.5
31.0
119.5
20.5
80.5
43.0
59.5
49.0
94.0
22.0
76.0
92.5
112.0
25.0
26.5
86.5
91.0
41.5
95.5
56.5
7.0
41.5
70.0
16.0
25.0
53.5
112.0
64.0
34.0
122.5
41.5
89.5
115.0
31.0
68.5
23.5
23.5
107.5
8.5
58.0
41.5
101.5
25.0
52.0
55.0
28.0
53.5
104.5
38.5
26.5
64.0
110.5
31.0
56.5
47.5
65.5
58.0
22.0
20.5
128.5
25.0
133.0
112.0
91.0
53.5
14.5
103.0
139.0
29.5
58.0
134.5
17.5
98.5
68.5
23.5
23.5
49.0
41.5
44.5
73.0
52.0
35.5
46.0
130.0
97.0
52.0
80.5
41.5
50.5
134.5
152.5
86.5
59.5
86.5
34.0
158.5
34.0
76.0
44.5
50.5
61.0
88.0
73.0
178.0
20.5
43.0
29.5
55.0
50.5
20.5
26.5
94.0
52.0
4.0
71.5
161.5
58.0
56.5
179.5
56.5
74.5
19.0
28.0
28.0
46.0
64.0
10.0
50.5
46.0
68.5
149.5
47.5
19.0
44.5
14.5
53.5
70.0
97.0
106.0
41.5
70.0
26.5
31.0
38.5
70.0
56.5
44.5
47.5
100.0
47.5
25.0
92.5
67.0
22.0
49.0
56.5
22.0
62.5
65.5
31.0
112.0
74.5
58.0
53.5
88.0
35.5
7.0
43.0
20.5
67.0
70.0
70.0
46.0
73.0
163.0
112.0
91.0
92.5
73.0
46.0
70.0
61.0
94.0
74.5
64.0
38.5
44.5
76.0
83.5
92.5
88.0
55.0
5.5
5.5
38.5
46.0
103.0
37.0
68.5
43.0
14.5
91.0
50.5
134.5
37.0
61.0
47.5
47.5
52.0
71.5
37.0
142.0
80.5
37.0
70.0
47.5
43.0
83.5
74.5
13.0
53.5
152.5
41.5
59.5
98.5
20.5
67.0
85.0
53.5
26.5
25.0
25.0
59.5
133.0
35.5
73.0
28.0
2.5
50.5
74.5
31.0
20.5
134.5
19.0
133.0
62.5
53.5
58.0
46.0
86.5
47.5
73.0
68.5
65.5
86.5
52.0
19.0
97.0
19.0
20.5
25.0
41.5
65.5
74.5
29.5
32.5
25.0
14.5
41.5
41.5
94.0
88.0
86.5
110.5
13.0
97.0
40.0
32.5
26.5
85.0
23.5
101.5
53.5
46.0
88.0
53.5
62.5
155.5
107.5
17.5
41.5
103.0
70.0
5.5
49.0
41.5
59.5
14.5
16.0
41.5
41.5
82.0
53.5
94.0
62.5
88.0
82.0
94.0
17.5
64.0
65.5
49.0
29.5
17.5
16.0
19.0
130.0
77.5
79.0
31.0
50.5
62.5
95.5
35.5
47.5
89.5
68.5
17.5
64.0
107.5
47.5
16.0
95.5
97.0
62.5
116.5
92.5
82.0
52.0
11.5
70.0
64.0
65.5
83.5
70.0
35.5
19.0
76.0
65.5
40.0
133.0
35.5
68.5
23.5
37.0
32.5
22.0
67.0
37.0
116.5
154.0
19.0
53.5
35.5
56.5
85.0
73.0
64.0
86.5
89.5
19.0
17.5
5.5
113.5
82.0
46.0
10.0
71.5
43.0
50.5
176.5
46.0
95.5
35.5
19.0
34.0
137.5
7.0
38.5
49.0
73.0
10.0
68.5
8.5
35.5
47.5
29.5
40.0
35.5
14.5
62.5
163.0
52.0
100.0
23.5
7.0
92.5
74.5
89.5
38.5
68.5
85.0
19.0
62.5
53.5
55.0
16.0
41.5
20.5
50.5
148.0
98.5
76.0
40.0
11.5
125.5
68.5
35.5
38.5
58.0
91.0
121.0
64.0
124.0
26.5
67.0
61.0
119.5
46.0
77.5
83.5
25.0
68.5
131.5
32.5
59.5
17.5
16.0
82.0
53.5
23.5
17.5
52.0
31.0
65.5
61.0
92.5
32.5
61.0
67.0
46.0
19.0
26.5
58.0
101.5
52.0
17.5
74.5
130.0
74.5
49.0
23.5
11.5
29.5
113.5
64.0
26.5
70.0
23.5
74.5
67.0
28.0
19.0
47.5
31.0
32.5
119.5
92.5
26.5
4.0
44.5
116.5
17.5
59.5
67.0
5.5
20.5
55.0
104.5
101.5
4.0
94.0
11.5
68.5
37.0
55.0
67.0
59.5
58.0
107.5
10.0
46.0
25.0
83.5
44.5
16.0
77.5
37.0
32.5
5.5
46.0
145.0
46.0
80.5
4.0
94.0
41.5
104.5
77.5
32.5
91.0
32.5
85.0
64.0
86.5
55.0
25.0
127.0
44.5
41.5
14.5
35.5
37.0
79.0
53.5
37.0
17.5
97.0
10.0
85.0
41.5
76.0
83.5
89.5
52.0
4.0
31.0
119.5
67.0
88.0
26.5
65.5
89.5
70.0
34.0
41.5
68.5
104.5
70.0
104.5
32.5
65.5
56.5
122.5
103.0
140.5
25.0
52.0
122.5
22.0
71.5
98.5
26.5
67.0
37.0
20.5
59.5
41.5
35.5
56.5
14.5
55.0
94.0
55.0
67.0
172.0
50.5
70.0
65.5
79.0
52.0
22.0
34.0
13.0
56.5
116.5
53.5
37.0
80.5
65.5
37.0
19.0
62.5
89.5
110.5
22.0
73.0
67.0
61.0
119.5
52.0
70.0
44.5
47.5
31.0
73.0
121.0
100.0
49.0
236.5
65.5
76.0
71.5
13.0
92.5
83.5
25.0
76.0
88.0
50.5
23.5
95.5
74.5
154.0
5.5
20.5
17.5
77.5
73.0
31.0
74.5
92.5
152.5
65.5
17.5
73.0
62.5
52.0
124.0
59.5
112.0
68.5
107.5
64.0
101.5
40.0
44.5
20.5
67.0
53.5
49.0
47.5
52.0
10.0
61.0
41.5
97.0
73.0
40.0
79.0
8.5
49.0
5.5
34.0
37.0
91.0
68.5
83.5
79.0
52.0
88.0
55.0
110.5
22.0
19.0
47.5
26.5
28.0
118.0
50.5
70.0
74.5
106.0
52.0
40.0
44.5
116.5
80.5
1.0
31.0
41.5
104.5
100.0
77.5
20.5
146.5
92.5
43.0
35.5
67.0
43.0
77.5
71.5
77.5
49.0
124.0
49.0
64.0
41.5
67.0
85.0
134.5
23.5
43.0
23.5
31.0
37.0
49.0
55.0
112.0
77.5
101.5
86.5
25.0
101.5
49.0
16.0
80.5
8.5
25.0
46.0
49.0
47.5
62.5
62.5
91.0
59.5
70.0
92.5
56.5
40.0
20.5
25.0
50.5
19.0
61.0
139.0
65.5
67.0
134.5
74.5
44.5
32.5
59.5
68.5
80.5
97.0
10.0
28.0
47.5
35.5
95.5
151.0
11.5
74.5
25.0
49.0
71.5
14.5
83.5
124.0
82.0
101.5
38.5
73.0
79.0
133.0
31.0
31.0
5.5
121.0
82.0
104.5
34.0
122.5
61.0
70.0
82.0
73.0
67.0
34.0
164.5
85.0
151.0
112.0
67.0
52.0
127.0
41.5
106.0
58.0
113.5
20.5
65.5
61.0
37.0
35.5
10.0
62.5
53.5
46.0
56.5
8.5
23.5
76.0
28.0
34.0
20.5
49.0
47.5
23.5
32.5
70.0
91.0
94.0
89.5
73.0
76.0
103.0
100.0
64.0
50.5
22.0
40.0
68.5
136.0
116.5
116.5
14.5
70.0
55.0
55.0
82.0
85.0
37.0
32.5
77.5
28.0
82.0
55.0
61.0
80.5
53.5
20.5
143.5
49.0
38.5
10.0
157.0
95.5
35.5
34.0
113.5
62.5
25.0
136.0
47.5
53.5
59.5
62.5
55.0
52.0
76.0
40.0
77.5
31.0
58.0
10.0
5.5
85.0
50.5
44.5
47.5
52.0
106.0
38.5
83.5
46.0
86.5
83.5
34.0
53.5
166.0
8.5
71.5
92.5
70.0
53.5
46.0
35.5
26.5
31.0
107.5
58.0
47.5
64.0
8.5
50.5
46.0
56.5
140.5
80.5
155.5
13.0
49.0
46.0
109.0
64.0
86.5
20.5
25.0
7.0
47.5
91.0
67.0
37.0
17.5
79.0
29.5
85.0
61.0
113.5
44.5
14.5
28.0
61.0
70.0
91.0
133.0
56.5
19.0
17.5
82.0
128.5
62.5
35.5
103.0
67.0
67.0
44.5
76.0
62.5
121.0
226.0
19.0
89.5
38.5
40.0
88.0
85.0
14.5
34.0
103.0
68.5
46.0
53.5
106.0
98.5
53.5
91.0
46.0
26.5
86.5
26.5
101.5
19.0
16.0
59.5
88.0
46.0
65.5
70.0
25.0
110.5
47.5
160.0
40.0
1.0
143.5
52.0
28.0
85.0
38.5
100.0
23.5
97.0
88.0
121.0
74.5
83.5
161.5
83.5
70.0
173.5
37.0
68.5
74.5
14.5
74.5
58.0
47.5
82.0
25.0
43.0
20.5
25.0
44.5
40.0
104.5
86.5
41.5
77.5
26.5
35.5
65.5
31.0
166.0
94.0
62.5
97.0
53.5
88.0
49.0
32.5
58.0
92.5
85.0
56.5
29.5
62.5
50.5
41.5
35.5
34.0
76.0
40.0
76.0
43.0
56.5
22.0
2.5
92.5
53.5
56.5
107.5
61.0
76.0
47.5
47.5
14.5
40.0
74.5
70.0
64.0
35.5
41.5
74.5
124.0
80.5
86.5
40.0
41.5
46.0
65.5
38.5
74.5
46.0
52.0
82.0
107.5
61.0
44.5
74.5
16.0
58.0
17.5
31.0
19.0
31.0
101.5
20.5
32.5
134.5
41.5
62.5
88.0
80.5
40.0
20.5
26.5
59.5
46.0
46.0
41.5
103.0
41.5
82.0
10.0
46.0
88.0
7.0
50.5
65.5
11.5
28.0
56.5
50.5
50.5
17.5
62.5
62.5
16.0
71.5
28.0
40.0
40.0
55.0
62.5
86.5
77.5
34.0
46.0
53.5
20.5
10.0
52.0
47.5
23.5
56.5
98.5
55.0
64.0
4.0
46.0
19.0
122.5
50.5
46.0
143.5
32.5
44.5
35.5
74.5
77.5
31.0
43.0
32.5
38.5
124.0
95.5
41.5
95.5
121.0
34.0
80.5
58.0
20.5
91.0
94.0
32.5
95.5
65.5
20.5
34.0
67.0
61.0
56.5
40.0
85.0
62.5
44.5
85.0
52.0
53.5
43.0
83.5
31.0
74.5
65.5
88.0
28.0
26.5
86.5
61.0
25.0
32.5
178.0
62.5
58.0
52.0
35.5
59.5
11.5
58.0
47.5
68.5
79.0
52.0
38.5
14.5
77.5
80.5
10.0
61.0
89.5
83.5
67.0
106.0
65.5
55.0
49.0
131.5
118.0
38.5
124.0
52.0
26.5
29.5
19.0
37.0
43.0
61.0
43.0
58.0
107.5
52.0
28.0
62.5
17.5
37.0
29.5
22.0
76.0
52.0
65.5
28.0
28.0
43.0
65.5
44.5
41.5
11.5
76.0
7.0
28.0
25.0
67.0
16.0
41.5
46.0
100.0
68.5
95.5
68.5
71.5
50.5
44.5
65.5
116.5
109.0
16.0
104.5
37.0
55.0
115.0
56.5
97.0
13.0
71.5
41.5
62.5
43.0
1.0
74.5
65.5
11.5
34.0
23.5
88.0
50.5
41.5
64.0
49.0
112.0
47.5
40.0
20.5
46.0
52.0
40.0
62.5
65.5
77.5
38.5
122.5
83.5
53.5
28.0
52.0
56.5
40.0
29.5
134.5
119.5
70.0
40.0
35.5
85.0
89.5
28.0
11.5
37.0
52.0
40.0
82.0
95.5
103.0
22.0
58.0
49.0
55.0
50.5
116.5
32.5
85.0
70.0
37.0
41.5
83.5
77.5
13.0
49.0
64.0
44.5
125.5
44.5
29.5
23.5
106.0
65.5
56.5
65.5
67.0
79.0
40.0
35.5
65.5
43.0
107.5
26.5
152.5
85.0
131.5
34.0
67.0
92.5
122.5
17.5
34.0
43.0
115.0
52.0
124.0
65.5
107.5
65.5
29.5
44.5
31.0
20.5
20.5
37.0
19.0
58.0
34.0
68.5
113.5
100.0
67.0
40.0
25.0
86.5
91.0
65.5
49.0
110.5
46.0
97.0
11.5
53.5
34.0
116.5
89.5
25.0
104.5
8.5
67.0
61.0
20.5
37.0
19.0
79.0
107.5
41.5
52.0
71.5
110.5
158.5
55.0
62.5
88.0
37.0
64.0
26.5
76.0
77.5
107.5
14.5
104.5
13.0
40.0
100.0
109.0
71.5
71.5
34.0
47.5
19.0
46.0
95.5
41.5
16.0
94.0
31.0
79.0
98.5
80.5
50.5
74.5
109.0
98.5
106.0
40.0
109.0
13.0
73.0
88.0
28.0
70.0
56.5
38.5
130.0
104.5
11.5
56.5
80.5
92.5
32.5
103.0
115.0
5.5
35.5
107.5
79.0
40.0
151.0
34.0
67.0
35.5
53.5
67.0
68.5
7.0
83.5
68.5
53.5
67.0
122.5
19.0
82.0
47.5
40.0
73.0
37.0
127.0
88.0
65.5
43.0
70.0
4.0
62.5
130.0
32.5
29.5
35.5
49.0
46.0
23.5
49.0
28.0
62.5
67.0
28.0
61.0
116.5
8.5
82.0
47.5
52.0
68.5
49.0
50.5
64.0
80.5
23.5
107.5
52.0
85.0
13.0
16.0
112.0
68.5
13.0
31.0
89.5
40.0
11.5
35.5
64.0
133.0
107.5
13.0
35.5
179.5
23.5
64.0
23.5
28.0
52.0
29.5
103.0
19.0
143.5
17.5
31.0
11.5
11.5
68.5
47.5
53.5
52.0
25.0
25.0
50.5
55.0
73.0
56.5
50.5
94.0
38.5
59.5
68.5
62.5
68.5
49.0
104.5
112.0
32.5
58.0
41.5
52.0
98.5
11.5
8.5
23.5
65.5
17.5
127.0
7.0
35.5
31.0
43.0
44.5
40.0
71.5
59.5
113.5
103.0
62.5
40.0
38.5
49.0
77.5
70.0
26.5
44.5
109.0
49.0
71.5
28.0
125.5
37.0
35.5
68.5
80.5
59.5
70.0
55.0
58.0
107.5
67.0
17.5
61.0
73.0
55.0
71.5
31.0
64.0
100.0
58.0
94.0
28.0
77.5
52.0
37.0
55.0
43.0
127.0
82.0
86.5
70.0
89.5
4.0
58.0
26.5
41.5
140.5
68.5
11.5
47.5
62.5
98.5
104.5
70.0
34.0
10.0
8.5
88.0
46.0
61.0
44.5
136.0
89.5
52.0
41.5
65.5
80.5
8.5
56.5
44.5
94.0
71.5
34.0
61.0
28.0
127.0
62.5
34.0
70.0
109.0
92.5
14.5
97.0
58.0
28.0
35.5
104.5
65.5
175.0
97.0
46.0
52.0
71.5
67.0
137.5
44.5
50.5
41.5
55.0
73.0
46.0
67.0
49.0
55.0
32.5
70.0
59.5
50.5
31.0
44.5
20.5
157.0
127.0
46.0
43.0
73.0
43.0
46.0
61.0
50.5
34.0
155.5
14.5
28.0
97.0
106.0
52.0
14.5
5.5
50.5
70.0
70.0
17.5
34.0
122.5
94.0
97.0
26.5
86.5
65.5
55.0
70.0
34.0
107.5
35.5
37.0
34.0
76.0
71.5
32.5
61.0
38.5
65.5
47.5
76.0
35.5
44.5
47.5
19.0
16.0
86.5
67.0
11.5
58.0
64.0
38.5
8.5
34.0
29.5
79.0
49.0
32.5
64.0
26.5
95.5
88.0
64.0
74.5
31.0
52.0
26.5
71.5
53.5
53.5
79.0
14.5
46.0
86.5
47.5
53.5
130.0
23.5
85.0
59.5
80.5
7.0
76.0
95.5
104.5
85.0
82.0
47.5
46.0
97.0
47.5
52.0
43.0
44.5
32.5
29.5
80.5
44.5
49.0
127.0
115.0
37.0
43.0
29.5
116.5
113.5
43.0
43.0
73.0
47.5
70.0
49.0
67.0
19.0
85.0
124.0
13.0
22.0
40.0
134.5
20.5
19.0
109.0
125.5
73.0
73.0
104.5
79.0
34.0
26.5
32.5
115.0
29.5
116.5
70.0
43.0
40.0
55.0
79.0
65.5
29.5
85.0
74.5
76.0
121.0
92.5
35.5
64.0
124.0
49.0
53.5
11.5
38.5
26.5
58.0
8.5
4.0
59.5
46.0
70.0
53.5
85.0
131.5
184.0
86.5
28.0
56.5
16.0
61.0
103.0
22.0
26.5
73.0
71.5
59.5
49.0
49.0
59.5
82.0
74.5
20.5
140.5
98.5
20.5
58.0
37.0
98.5
43.0
55.0
97.0
41.5
98.5
110.5
40.0
46.0
50.5
55.0
32.5
151.0
40.0
176.5
155.5
106.0
50.5
28.0
19.0
37.0
31.0
31.0
70.0
88.0
125.5
88.0
38.5
35.5
113.5
103.0
65.5
59.5
91.0
58.0
62.5
133.0
16.0
29.5
43.0
49.0
38.5
4.0
92.5
59.5
47.5
82.0
26.5
52.0
112.0
67.0
97.0
67.0
109.0
50.5
74.5
122.5
20.5
85.0
91.0
68.5
119.5
40.0
22.0
49.0
53.5
85.0
68.5
73.0
77.5
115.0
22.0
115.0
14.5
43.0
56.5
40.0
65.5
136.0
40.0
71.5
31.0
38.5
47.5
83.5
67.0
32.5
101.5
32.5
53.5
11.5
74.5
28.0
116.5
47.5
23.5
56.5
31.0
127.0
32.5
28.0
28.0
64.0
22.0
185.5
25.0
73.0
35.5
73.0
59.5
41.5
31.0
52.0
28.0
46.0
37.0
71.5
61.0
52.0
52.0
25.0
26.5
7.0
46.0
23.5
28.0
65.5
52.0
23.5
74.5
13.0
58.0
119.5
50.5
38.5
38.5
52.0
67.0
98.5
28.0
103.0
101.5
71.5
77.5
59.5
191.5
22.0
101.5
22.0
53.5
140.5
59.5
91.0
71.5
32.5
55.0
53.5
58.0
38.5
16.0
44.5
55.0
31.0
104.5
59.5
38.5
29.5
74.5
58.0
59.5
49.0
181.0
76.0
64.0
46.0
65.5
44.5
65.5
139.0
55.0
49.0
158.5
13.0
37.0
128.5
64.0
124.0
172.0
95.5
55.0
85.0
53.5
91.0
14.5
67.0
92.5
65.5
11.5
118.0
43.0
64.0
47.5
98.5
16.0
89.5
22.0
67.0
95.5
49.0
104.5
83.5
136.0
67.0
10.0
52.0
62.5
14.5
41.5
25.0
86.5
79.0
85.0
37.0
32.5
112.0
73.0
23.5
20.5
8.5
37.0
25.0
79.0
62.5
121.0
34.0
55.0
4.0
64.0
77.5
8.5
40.0
20.5
37.0
206.5
86.5
31.0
46.0
40.0
13.0
14.5
82.0
68.5
65.5
5.5
122.5
83.5
89.5
80.5
82.0
4.0
38.5
103.0
28.0
55.0
79.0
61.0
83.5
50.5
37.0
38.5
61.0
14.5
35.5
74.5
32.5
43.0
37.0
115.0
62.5
47.5
65.5
101.5
76.0
47.5
28.0
110.5
79.0
65.5
83.5
38.5
91.0
100.0
83.5
19.0
76.0
56.5
79.0
41.5
38.5
61.0
85.0
106.0
14.5
41.5
37.0
85.0
86.5
11.5
7.0
91.0
53.5
49.0
19.0
89.5
86.5
53.5
43.0
40.0
98.5
16.0
167.5
25.0
40.0
68.5
79.0
7.0
37.0
70.0
52.0
175.0
59.5
61.0
82.0
50.5
40.0
71.5
65.5
65.5
98.5
154.0
103.0
53.5
137.5
38.5
38.5
68.5
19.0
109.0
71.5
55.0
35.5
65.5
58.0
37.0
26.5
38.5
41.5
31.0
46.0
62.5
22.0
67.0
80.5
44.5
31.0
161.5
46.0
23.5
143.5
128.5
127.0
49.0
35.5
91.0
115.0
41.5
52.0
10.0
19.0
61.0
23.5
23.5
37.0
142.0
52.0
19.0
32.5
77.5
20.5
71.5
44.5
106.0
71.5
25.0
11.5
46.0
35.5
46.0
10.0
97.0
49.0
38.5
58.0
82.0
101.5
41.5
91.0
50.5
116.5
163.0
64.0
118.0
29.5
119.5
67.0
17.5
74.5
22.0
65.5
20.5
41.5
74.5
107.5
65.5
73.0
70.0
89.5
32.5
76.0
10.0
31.0
59.5
28.0
35.5
46.0
49.0
59.5
47.5
35.5
49.0
161.5
22.0
40.0
52.0
86.5
43.0
34.0
74.5
70.0
19.0
19.0
130.0
82.0
91.0
17.5
59.5
34.0
32.5
31.0
173.5
32.5
34.0
92.5
61.0
44.5
88.0
40.0
68.5
77.5
52.0
100.0
124.0
130.0
40.0
44.5
58.0
31.0
94.0
94.0
13.0
28.0
101.5
122.5
2.5
124.0
49.0
14.5
13.0
25.0
7.0
16.0
88.0
98.5
68.5
131.5
17.5
73.0
19.0
38.5
40.0
116.5
20.5
50.5
40.0
70.0
106.0
91.0
74.5
16.0
56.5
32.5
50.5
47.5
32.5
101.5
65.5
68.5
80.5
110.5
136.0
49.0
55.0
47.5
40.0
85.0
74.5
112.0
68.5
76.0
58.0
77.5
40.0
163.0
23.5
116.5
68.5
100.0
79.0
95.5
64.0
10.0
68.5
22.0
58.0
46.0
80.5
31.0
52.0
34.0
79.0
71.5
35.5
88.0
73.0
25.0
23.5
22.0
119.5
53.5
38.5
5.5
32.5
38.5
107.5
175.0
70.0
70.0
118.0
19.0
64.0
98.5
46.0
61.0
32.5
65.5
41.5
43.0
11.5
50.5
133.0
23.5
58.0
109.0
28.0
113.5
97.0
130.0
22.0
76.0
41.5
16.0
76.0
53.5
106.0
1.0
23.5
55.0
8.5
131.5
70.0
68.5
40.0
43.0
61.0
58.0
89.5
32.5
34.0
4.0
68.5
155.5
50.5
59.5
56.5
86.5
106.0
25.0
47.5
65.5
85.0
8.5
59.5
43.0
94.0
94.0
62.5
43.0
94.0
31.0
37.0
77.5
71.5
71.5
49.0
26.5
53.5
68.5
61.0
53.5
85.0
41.5
77.5
89.5
71.5
32.5
31.0
73.0
44.5
17.5
125.5
100.0
44.5
94.0
41.5
59.5
70.0
131.5
145.0
56.5
89.5
37.0
83.5
113.5
35.5
55.0
152.5
49.0
50.5
65.5
44.5
34.0
155.5
20.5
14.5
35.5
31.0
11.5
38.5
80.5
110.5
32.5
7.0
62.5
32.5
41.5
89.5
38.5
41.5
16.0
58.0
80.5
16.0
74.5
10.0
59.5
8.5
61.0
103.0
5.5
11.5
74.5
89.5
26.5
31.0
65.5
71.5
77.5
59.5
83.5
82.0
70.0
31.0
37.0
34.0
88.0
77.5
41.5
41.5
35.5
8.5
91.0
46.0
58.0
71.5
25.0
43.0
64.0
28.0
89.5
46.0
19.0
50.5
64.0
49.0
14.5
37.0
73.0
34.0
82.0
13.0
70.0
82.0
34.0
76.0
53.5
38.5
29.5
133.0
50.5
59.5
67.0
85.0
134.5
80.5
67.0
146.5
115.0
26.5
76.0
47.5
31.0
47.5
35.5
100.0
82.0
25.0
40.0
44.5
47.5
85.0
29.5
38.5
70.0
58.0
100.0
31.0
25.0
62.5
155.5
38.5
56.5
113.5
34.0
35.5
8.5
95.5
107.5
16.0
88.0
109.0
67.0
80.5
44.5
56.5
20.5
58.0
49.0
46.0
20.5
53.5
88.0
112.0
38.5
38.5
41.5
22.0
83.5
16.0
113.5
13.0
67.0
49.0
68.5
53.5
25.0
73.0
7.0
53.5
23.5
58.0
86.5
142.0
82.0
40.0
32.5
56.5
34.0
71.5
11.5
59.5
52.0
73.0
64.0
16.0
79.0
55.0
106.0
116.5
46.0
73.0
68.5
68.5
64.0
19.0
73.0
47.5
58.0
55.0
82.0
166.0
95.5
46.0
119.5
67.0
13.0
47.5
58.0
38.5
4.0
46.0
113.5
50.5
77.5
101.5
115.0
37.0
13.0
58.0
4.0
85.0
64.0
65.5
167.5
118.0
59.5
31.0
77.5
62.5
14.5
43.0
47.5
14.5
49.0
64.0
68.5
35.5
107.5
41.5
80.5
149.5
35.5
83.5
22.0
74.5
38.5
85.0
107.5
101.5
31.0
95.5
94.0
53.5
83.5
100.0
23.5
22.0
61.0
34.0
40.0
35.5
101.5
43.0
2.5
61.0
43.0
124.0
98.5
23.5
14.5
164.5
67.0
58.0
64.0
101.5
80.5
35.5
98.5
65.5
89.5
11.5
110.5
11.5
61.0
35.5
76.0
118.0
61.0
76.0
77.5
38.5
13.0
62.5
130.0
85.0
73.0
19.0
26.5
56.5
64.0
103.0
101.5
98.5
58.0
133.0
98.5
128.5
88.0
52.0
106.0
38.5
25.0
95.5
29.5
91.0
43.0
38.5
197.5
80.5
26.5
31.0
41.5
88.0
31.0
52.0
98.5
151.0
98.5
86.5
50.5
17.5
98.5
58.0
46.0
80.5
26.5
19.0
35.5
38.5
155.5
37.0
106.0
83.5
158.5
32.5
145.0
37.0
169.0
49.0
47.5
47.5
31.0
50.5
55.0
80.5
47.5
50.5
98.5
53.5
158.5
41.5
56.5
20.5
64.0
59.5
83.5
32.5
26.5
56.5
74.5
35.5
7.0
28.0
193.0
76.0
113.5
121.0
103.0
2.5
92.5
113.5
59.5
79.0
40.0
52.0
26.5
4.0
17.5
49.0
44.5
13.0
56.5
43.0
79.0
29.5
19.0
26.5
85.0
47.5
61.0
40.0
65.5
50.5
49.0
94.0
89.5
16.0
46.0
47.5
67.0
11.5
17.5
50.5
91.0
92.5
101.5
58.0
47.5
43.0
70.0
31.0
49.0
82.0
41.5
82.0
34.0
44.5
106.0
37.0
50.5
41.5
104.5
25.0
91.0
56.5
56.5
157.0
16.0
53.5
23.5
32.5
80.5
124.0
109.0
76.0
26.5
92.5
32.5
71.5
94.0
35.5
47.5
11.5
41.5
49.0
71.5
88.0
53.5
104.5
46.0
34.0
55.0
166.0
131.5
44.5
28.0
79.0
50.5
89.5
35.5
16.0
79.0
65.5
65.5
20.5
49.0
25.0
53.5
31.0
101.5
20.5
50.5
62.5
14.5
22.0
41.5
38.5
67.0
121.0
88.0
103.0
110.5
76.0
82.0
64.0
38.5
94.0
70.0
28.0
115.0
20.5
17.5
43.0
8.5
136.0
62.5
79.0
29.5
109.0
103.0
26.5
76.0
49.0
37.0
34.0
80.5
70.0
122.5
25.0
86.5
107.5
13.0
76.0
53.5
74.5
55.0
40.0
89.5
53.5
8.5
38.5
68.5
52.0
37.0
70.0
25.0
68.5
67.0
58.0
40.0
79.0
97.0
125.5
106.0
37.0
38.5
103.0
29.5
59.5
100.0
17.5
59.5
56.5
50.5
10.0
58.0
67.0
86.5
38.5
86.5
49.0
25.0
92.5
146.5
17.5
31.0
22.0
13.0
95.5
76.0
50.5
22.0
59.5
59.5
104.5
55.0
85.0
50.5
76.0
43.0
14.5
121.0
56.5
89.5
32.5
172.0
8.5
98.5
136.0
64.0
38.5
52.0
53.5
64.0
46.0
70.0
76.0
103.0
41.5
104.5
55.0
11.5
20.5
47.5
106.0
20.5
128.5
19.0
35.5
77.5
67.0
76.0
94.0
38.5
58.0
38.5
4.0
41.5
56.5
53.5
52.0
25.0
128.5
53.5
61.0
49.0
62.5
88.0
16.0
115.0
56.5
58.0
50.5
16.0
44.5
40.0
80.5
95.5
2.5
38.5
20.5
112.0
119.5
85.0
41.5
23.5
53.5
5.5
92.5
53.5
41.5
43.0
38.5
113.5
134.5
28.0
43.0
25.0
32.5
65.5
122.5
76.0
46.0
88.0
82.0
43.0
58.0
16.0
56.5
119.5
64.0
128.5
17.5
32.5
95.5
74.5
20.5
53.5
109.0
38.5
56.5
20.5
125.5
28.0
86.5
86.5
163.0
53.5
67.0
88.0
67.0
59.5
56.5
22.0
19.0
65.5
80.5
67.0
98.5
26.5
70.0
46.0
53.5
103.0
47.5
110.5
76.0
31.0
116.5
67.0
44.5
26.5
163.0
53.5
56.5
26.5
98.5
91.0
92.5
29.5
58.0
43.0
146.5
49.0
85.0
124.0
13.0
25.0
28.0
55.0
137.5
124.0
47.5
59.5
22.0
43.0
35.5
5.5
95.5
20.5
37.0
76.0
41.5
16.0
89.5
44.5
59.5
115.0
29.5
58.0
82.0
67.0
71.5
53.5
31.0
61.0
68.5
118.0
22.0
19.0
41.5
32.5
23.5
44.5
38.5
52.0
80.5
25.0
67.0
19.0
46.0
43.0
37.0
142.0
16.0
17.5
79.0
20.5
53.5
58.0
46.0
83.5
23.5
16.0
53.5
41.5
83.5
14.5
62.5
71.5
53.5
25.0
133.0
140.5
92.5
28.0
17.5
82.0
71.5
109.0
73.0
83.5
140.5
16.0
65.5
23.5
119.5
109.0
71.5
50.5
110.5
91.0
37.0
131.5
80.5
58.0
31.0
25.0
71.5
16.0
47.5
50.5
29.5
128.5
107.5
142.0
82.0
16.0
119.5
85.0
77.5
80.5
67.0
5.5
17.5
85.0
91.0
76.0
100.0
82.0
43.0
28.0
94.0
50.5
22.0
38.5
29.5
35.5
64.0
41.5
26.5
35.5
40.0
97.0
89.5
52.0
97.0
124.0
19.0
115.0
19.0
67.0
79.0
37.0
77.5
40.0
118.0
19.0
140.5
155.5
76.0
26.5
14.5
20.5
71.5
89.5
55.0
40.0
74.5
86.5
161.5
110.5
34.0
29.5
47.5
59.5
29.5
80.5
52.0
101.5
82.0
59.5
68.5
19.0
5.5
13.0
91.0
22.0
34.0
46.0
136.0
73.0
43.0
113.5
65.5
64.0
25.0
124.0
44.5
25.0
95.5
49.0
71.5
20.5
79.0
98.5
74.5
53.5
82.0
79.0
32.5
31.0
46.0
61.0
116.5
35.5
22.0
28.0
40.0
14.5
106.0
32.5
140.5
44.5
85.0
32.5
35.5
19.0
38.5
152.5
58.0
14.5
79.0
47.5
113.5
64.0
28.0
28.0
70.0
53.5
142.0
74.5
91.0
46.0
50.5
110.5
152.5
67.0
25.0
151.0
113.5
26.5
161.5
53.5
47.5
79.0
20.5
59.5
34.0
10.0
43.0
22.0
124.0
127.0
28.0
44.5
77.5
13.0
103.0
70.0
91.0
25.0
44.5
58.0
106.0
20.5
56.5
113.5
52.0
44.5
34.0
77.5
86.5
32.5
41.5
97.0
61.0
34.0
64.0
59.5
85.0
46.0
98.5
85.0
91.0
146.5
140.5
82.0
32.5
115.0
101.5
52.0
26.5
97.0
100.0
44.5
10.0
79.0
7.0
65.5
143.5
101.5
37.0
20.5
71.5
70.0
32.5
43.0
116.5
125.5
11.5
170.5
128.5
13.0
32.5
13.0
161.5
29.5
10.0
71.5
106.0
79.0
29.5
67.0
71.5
4.0
62.5
22.0
14.5
149.5
95.5
128.5
35.5
92.5
41.5
34.0
49.0
77.5
56.5
56.5
35.5
4.0
55.0
136.0
73.0
37.0
70.0
113.5
41.5
35.5
109.0
109.0
58.0
65.5
92.5
121.0
104.5
145.0
55.0
52.0
50.5
31.0
20.5
49.0
14.5
13.0
32.5
11.5
19.0
23.5
64.0
20.5
32.5
11.5
98.5
62.5
208.0
68.5
146.5
122.5
125.5
49.0
56.5
19.0
97.0
68.5
23.5
65.5
80.5
23.5
94.0
7.0
94.0
68.5
94.0
101.5
44.5
53.5
41.5
119.5
32.5
41.5
52.0
127.0
32.5
80.5
32.5
56.5
47.5
4.0
47.5
14.5
53.5
76.0
26.5
71.5
113.5
80.5
26.5
29.5
59.5
47.5
106.0
40.0
107.5
38.5
55.0
79.0
115.0
50.5
68.5
86.5
73.0
136.0
61.0
52.0
74.5
65.5
55.0
17.5
64.0
80.5
5.5
71.5
64.0
91.0
38.5
19.0
37.0
14.5
73.0
32.5
43.0
26.5
98.5
17.5
77.5
58.0
70.0
35.5
38.5
88.0
32.5
101.5
49.0
70.0
19.0
76.0
23.5
64.0
41.5
29.5
80.5
70.0
19.0
106.0
50.5
86.5
74.5
68.5
140.5
44.5
112.0
40.0
25.0
25.0
44.5
154.0
53.5
71.5
67.0
34.0
28.0
13.0
118.0
44.5
76.0
44.5
110.5
47.5
58.0
5.5
71.5
80.5
118.0
88.0
62.5
55.0
79.0
119.5
26.5
79.0
41.5
61.0
31.0
145.0
32.5
76.0
47.5
26.5
43.0
52.0
119.5
61.0
13.0
62.5
73.0
52.0
49.0
38.5
136.0
43.0
46.0
65.5
130.0
101.5
34.0
19.0
41.5
55.0
16.0
88.0
2.5
94.0
76.0
145.0
50.5
65.5
31.0
97.0
37.0
5.5
113.5
19.0
85.0
128.5
55.0
97.0
37.0
44.5
77.5
19.0
25.0
64.0
43.0
100.0
41.5
47.5
11.5
20.5
56.5
35.5
53.5
76.0
106.0
58.0
46.0
82.0
59.5
34.0
47.5
14.5
46.0
40.0
86.5
40.0
19.0
59.5
74.5
121.0
35.5
55.0
43.0
43.0
55.0
50.5
49.0
112.0
92.5
127.0
148.0
47.5
56.5
16.0
70.0
68.5
37.0
88.0
83.5
61.0
26.5
31.0
40.0
107.5
67.0
16.0
62.5
119.5
125.5
14.5
61.0
119.5
71.5
88.0
85.0
122.5
85.0
97.0
80.5
110.5
13.0
43.0
23.5
26.5
34.0
49.0
70.0
40.0
128.5
28.0
53.5
53.5
74.5
37.0
71.5
131.5
44.5
17.5
35.5
8.5
17.5
80.5
19.0
95.5
34.0
76.0
47.5
46.0
112.0
38.5
29.5
47.5
41.5
125.5
121.0
58.0
38.5
38.5
43.0
64.0
61.0
58.0
104.5
109.0
22.0
89.5
10.0
62.5
172.0
29.5
46.0
20.5
65.5
29.5
13.0
53.5
85.0
46.0
92.5
133.0
59.5
46.0
142.0
146.5
118.0
43.0
43.0
50.5
10.0
34.0
55.0
73.0
127.0
127.0
26.5
23.5
25.0
106.0
25.0
118.0
26.5
85.0
58.0
29.5
80.5
77.5
109.0
107.5
145.0
68.5
104.5
100.0
71.5
71.5
55.0
40.0
35.5
52.0
37.0
122.5
35.5
128.5
70.0
109.0
40.0
68.5
94.0
65.5
46.0
35.5
65.5
61.0
88.0
16.0
59.5
97.0
77.5
73.0
34.0
71.5
37.0
88.0
19.0
31.0
122.5
86.5
65.5
74.5
70.0
91.0
67.0
79.0
76.0
47.5
97.0
29.5
31.0
38.5
25.0
50.5
101.5
14.5
44.5
25.0
38.5
80.5
28.0
67.0
43.0
136.0
77.5
40.0
89.5
73.0
29.5
47.5
100.0
103.0
32.5
35.5
71.5
35.5
22.0
71.5
44.5
37.0
73.0
17.5
67.0
88.0
41.5
49.0
11.5
44.5
49.0
25.0
83.5
49.0
32.5
71.5
68.5
35.5
14.5
40.0
55.0
62.5
67.0
29.5
35.5
61.0
53.5
50.5
89.5
55.0
65.5
50.5
47.5
46.0
17.5
83.5
16.0
95.5
62.5
23.5
124.0
107.5
173.5
133.0
80.5
89.5
41.5
65.5
121.0
166.0
98.5
16.0
91.0
107.5
82.0
52.0
35.5
83.5
23.5
32.5
28.0
41.5
106.0
46.0
116.5
11.5
73.0
106.0
59.5
49.0
61.0
20.5
16.0
11.5
52.0
86.5
34.0
88.0
121.0
133.0
44.5
32.5
19.0
31.0
8.5
71.5
10.0
25.0
67.0
28.0
59.5
32.5
16.0
59.5
65.5
89.5
56.5
106.0
43.0
55.0
95.5
149.5
37.0
55.0
40.0
47.5
58.0
52.0
34.0
61.0
85.0
46.0
5.5
88.0
97.0
34.0
97.0
65.5
86.5
70.0
116.5
55.0
23.5
70.0
59.5
34.0
46.0
77.5
55.0
17.5
19.0
91.0
52.0
44.5
47.5
86.5
80.5
20.5
37.0
34.0
46.0
58.0
20.5
34.0
118.0
115.0
22.0
40.0
37.0
55.0
64.0
134.5
44.5
61.0
64.0
58.0
92.5
107.5
125.5
35.5
89.5
32.5
26.5
43.0
40.0
35.5
61.0
4.0
46.0
13.0
23.5
56.5
79.0
86.5
41.5
32.5
88.0
58.0
98.5
95.5
26.5
37.0
77.5
62.5
68.5
97.0
125.5
28.0
23.5
46.0
58.0
25.0
106.0
56.5
17.5
146.5
77.5
68.5
131.5
76.0
68.5
41.5
53.5
166.0
71.5
59.5
56.5
73.0
68.5
38.5
49.0
37.0
109.0
47.5
25.0
17.5
70.0
103.0
98.5
50.5
56.5
61.0
80.5
70.0
65.5
67.0
8.5
86.5
77.5
58.0
28.0
28.0
44.5
110.5
37.0
43.0
58.0
19.0
31.0
41.5
25.0
67.0
32.5
37.0
20.5
65.5
137.5
17.5
119.5
47.5
41.5
86.5
82.0
67.0
98.5
16.0
94.0
43.0
116.5
71.5
64.0
61.0
46.0
56.5
65.5
34.0
95.5
61.0
50.5
37.0
25.0
89.5
58.0
89.5
28.0
31.0
46.0
52.0
94.0
89.5
7.0
68.5
95.5
49.0
68.5
58.0
41.5
61.0
68.5
23.5
73.0
58.0
91.0
80.5
106.0
49.0
91.0
76.0
61.0
41.5
23.5
64.0
16.0
115.0
28.0
34.0
71.5
17.5
38.5
40.0
65.5
106.0
109.0
44.5
25.0
92.5
128.5
76.0
94.0
41.5
34.0
85.0
43.0
8.5
133.0
56.5
35.5
82.0
5.5
40.0
113.5
26.5
127.0
29.5
182.5
7.0
50.5
137.5
38.5
65.5
89.5
53.5
86.5
76.0
44.5
71.5
104.5
49.0
68.5
41.5
35.5
73.0
98.5
34.0
134.5
35.5
59.5
73.0
49.0
77.5
73.0
34.0
38.5
100.0
73.0
73.0
55.0
76.0
73.0
82.0
35.5
131.5
86.5
58.0
28.0
43.0
53.5
80.5
73.0
68.5
29.5
20.5
40.0
55.0
64.0
49.0
103.0
38.5
22.0
95.5
11.5
83.5
61.0
92.5
62.5
89.5
119.5
118.0
94.0
89.5
56.5
23.5
59.5
43.0
80.5
85.0
71.5
74.5
17.5
47.5
67.0
46.0
55.0
53.5
34.0
110.5
34.0
35.5
98.5
50.5
109.0
37.0
34.0
17.5
25.0
23.5
86.5
82.0
56.5
64.0
50.5
14.5
56.5
58.0
85.0
95.5
22.0
76.0
37.0
80.5
16.0
122.5
43.0
40.0
101.5
79.0
94.0
116.5
70.0
49.0
46.0
61.0
19.0
73.0
131.5
49.0
70.0
23.5
133.0
53.5
79.0
44.5
110.5
35.5
46.0
80.5
53.5
158.5
98.5
79.0
67.0
40.0
38.5
104.5
67.0
58.0
16.0
73.0
83.5
161.5
43.0
61.0
64.0
31.0
76.0
28.0
59.5
74.5
25.0
49.0
76.0
1.0
29.5
92.5
38.5
62.5
82.0
58.0
22.0
47.5
121.0
77.5
47.5
29.5
56.5
64.0
65.5
26.5
62.5
101.5
7.0
140.5
56.5
88.0
146.5
11.5
62.5
44.5
83.5
22.0
5.5
26.5
59.5
82.0
118.0
67.0
49.0
119.5
26.5
79.0
26.5
100.0
58.0
82.0
7.0
10.0
73.0
80.5
29.5
109.0
49.0
41.5
47.5
50.5
29.5
28.0
49.0
67.0
41.5
43.0
89.5
17.5
65.5
71.5
100.0
95.5
53.5
13.0
47.5
64.0
31.0
58.0
53.5
44.5
74.5
68.5
11.5
55.0
16.0
32.5
85.0
61.0
64.0
113.5
23.5
17.5
85.0
25.0
71.5
37.0
49.0
47.5
70.0
23.5
107.5
89.5
46.0
29.5
80.5
77.5
17.5
34.0
43.0
62.5
83.5
62.5
28.0
130.0
37.0
152.5
50.5
41.5
77.5
95.5
31.0
56.5
23.5
131.5
74.5
83.5
167.5
40.0
7.0
44.5
98.5
136.0
53.5
67.0
157.0
55.0
67.0
16.0
74.5
40.0
160.0
38.5
44.5
38.5
91.0
19.0
50.5
40.0
17.5
20.5
62.5
74.5
52.0
65.5
92.5
91.0
47.5
35.5
29.5
19.0
136.0
17.5
94.0
56.5
127.0
14.5
32.5
82.0
47.5
73.0
59.5
25.0
35.5
10.0
77.5
52.0
116.5
22.0
118.0
106.0
74.5
13.0
127.0
76.0
25.0
59.5
13.0
92.5
47.5
58.0
26.5
43.0
67.0
40.0
22.0
58.0
37.0
25.0
52.0
19.0
35.5
17.5
17.5
35.5
37.0
58.0
32.5
53.5
61.0
73.0
43.0
34.0
92.5
44.5
125.5
37.0
98.5
16.0
46.0
157.0
155.5
97.0
62.5
104.5
58.0
115.0
131.5
79.0
40.0
64.0
31.0
46.0
35.5
38.5
64.0
37.0
23.5
17.5
73.0
35.5
43.0
124.0
41.5
94.0
131.5
52.0
23.5
68.5
40.0
43.0
56.5
43.0
101.5
44.5
76.0
97.0
59.5
74.5
86.5
79.0
28.0
58.0
62.5
38.5
77.5
116.5
112.0
103.0
59.5
190.0
53.5
151.0
53.5
53.5
43.0
67.0
86.5
71.5
41.5
40.0
125.5
83.5
86.5
169.0
43.0
116.5
56.5
77.5
184.0
77.5
47.5
110.5
62.5
19.0
104.5
62.5
106.0
52.0
10.0
26.5
68.5
41.5
56.5
94.0
52.0
22.0
74.5
86.5
106.0
140.5
59.5
73.0
73.0
32.5
