1171.0
242.5
181.0
1064.5
655.0
194.5
1148.5
1195.0
904.0
893.5
932.5
616.0
619.0
991.0
574.0
916.0
1030.0
350.5
1270.0
989.5
536.5
688.0
794.5
1228.0
1123.0
1259.5
1163.5
967.0
236.5
944.5
1066.0
1048.0
236.5
260.5
793.0
506.5
257.5
395.5
368.5
733.0
205.0
814.0
1129.0
359.5
350.5
1217.5
1135.0
775.0
1186.0
970.0
772.0
971.5
1001.5
736.0
1273.0
803.5
1298.5
235.0
1184.5
1124.5
913.0
622.0
898.0
892.0
875.5
1237.0
1217.5
808.0
842.5
796.0
665.5
961.0
962.5
1226.5
890.5
1190.5
788.5
1000.0
1090.0
1235.5
397.0
1064.5
1124.5
998.5
1306.0
898.0
682.0
923.5
971.5
143.5
947.5
247.0
1304.5
1241.5
1261.0
1216.0
202.0
1021.0
877.0
1037.5
994.0
841.0
1198.0
905.5
1000.0
983.5
886.0
842.5
1045.0
1082.5
1132.0
1079.5
904.0
409.0
721.0
872.5
205.0
194.5
853.0
778.0
539.5
209.5
1121.5
1139.5
1058.5
647.5
730.0
554.5
1117.0
883.0
1045.0
704.5
1201.0
1093.0
1354.0
785.5
679.0
836.5
1186.0
490.0
1294.0
725.5
1025.5
71.5
274.0
824.5
1063.0
782.5
347.5
937.0
809.5
881.5
1027.0
1093.0
794.5
1018.0
1148.5
629.5
1232.5
862.0
385.0
794.5
941.5
77.5
397.0
793.0
1127.5
457.0
89.5
803.5
1277.5
1105.0
700.0
1025.5
1112.5
1012.0
998.5
1315.0
725.5
325.0
338.5
565.0
541.0
625.0
100.0
610.0
731.5
1193.5
1049.5
1115.5
688.0
682.0
1202.5
842.5
871.0
881.5
904.0
65.5
641.5
532.0
745.0
820.0
1153.0
991.0
1204.0
1160.5
401.5
343.0
1265.5
1228.0
611.5
686.5
250.0
263.5
947.5
946.0
229.0
169.0
929.5
1084.0
1189.0
835.0
167.5
805.0
269.5
1159.0
1358.5
820.0
377.5
242.5
1259.5
1300.0
1085.5
1070.5
1027.0
902.5
421.0
416.5
989.5
1085.5
1171.0
482.5
155.5
1279.0
776.5
304.0
1009.0
659.5
1048.0
1132.0
1117.0
977.5
1088.5
832.0
1097.5
833.5
862.0
682.0
950.5
956.5
862.0
466.0
1039.0
1114.0
920.5
640.0
475.0
986.5
710.5
1144.0
1036.0
959.5
620.5
475.0
613.0
241.0
268.0
337.0
1174.0
1057.0
914.5
1081.0
1202.5
247.0
998.5
1211.5
517.0
643.0
796.0
115.0
463.0
1216.0
646.0
446.5
934.0
1211.5
656.5
616.0
886.0
323.5
592.0
926.5
836.5
1103.5
1027.0
71.5
298.0
737.5
1307.5
1072.0
559.0
710.5
1100.5
422.5
923.5
1012.0
1195.0
961.0
805.0
998.5
851.5
935.5
476.5
814.0
1088.5
793.0
571.0
773.5
820.0
893.5
334.0
950.5
1006.0
1141.0
767.5
1120.0
1205.5
832.0
1138.0
818.5
952.0
752.5
976.0
1300.0
944.5
1039.0
277.0
1139.5
806.5
850.0
1076.5
1016.5
995.5
1171.0
1277.5
1048.0
329.5
908.5
736.0
592.0
407.5
161.5
467.5
299.5
466.0
245.5
539.5
643.0
520.0
803.5
1109.5
670.0
926.5
796.0
334.0
659.5
580.0
340.0
1118.5
250.0
1220.5
787.0
835.0
1051.0
724.0
1156.0
892.0
320.5
943.0
1061.5
884.5
580.0
103.0
920.5
989.5
1024.0
289.0
1243.0
862.0
332.5
289.0
265.0
512.5
1231.0
670.0
335.5
709.0
668.5
337.0
983.5
868.0
886.0
1049.5
331.0
1163.5
1003.0
169.0
1187.5
923.5
941.5
755.5
403.0
437.5
466.0
175.0
1051.0
1159.0
493.0
998.5
1061.5
410.5
1277.5
902.5
431.5
992.5
824.5
1030.0
1054.0
1204.0
772.0
1280.5
991.0
1037.5
1052.5
1084.0
466.0
916.0
1253.5
872.5
692.5
820.0
569.5
344.5
808.0
1103.5
886.0
268.0
1064.5
358.0
431.5
701.5
1213.0
749.5
389.5
956.5
883.0
890.5
1133.5
448.0
1040.5
461.5
809.5
641.5
1019.5
1133.5
1046.5
1175.5
1045.0
1256.5
740.5
143.5
946.0
485.5
1328.5
295.0
469.0
931.0
1264.0
1234.0
1028.5
1223.5
955.0
1184.5
1031.5
1102.0
733.0
578.5
1010.5
1222.0
1085.5
1180.0
550.0
664.0
967.0
1169.5
661.0
344.5
952.0
781.0
368.5
1001.5
439.0
1084.0
1345.0
827.5
1154.5
1226.5
727.0
515.5
1018.0
1156.0
370.0
1012.0
695.5
1180.0
1249.0
845.5
847.0
529.0
1264.0
1249.0
401.5
1142.5
592.0
884.5
946.0
475.0
305.5
1069.0
1193.5
236.5
1126.0
539.5
85.0
944.5
1160.5
646.0
874.0
689.5
965.5
655.0
1028.5
1105.0
1189.0
674.5
959.5
317.5
1046.5
947.5
1154.5
1079.5
866.5
1222.0
1097.5
1163.5
103.0
1163.5
352.0
682.0
895.0
685.0
283.0
1105.0
1063.0
988.0
346.0
1103.5
950.5
188.5
328.0
976.0
911.5
755.5
428.5
476.5
709.0
716.5
407.5
1015.0
1043.5
1088.5
1042.0
199.0
838.0
427.0
968.5
1090.0
1240.0
805.0
475.0
937.0
212.5
1004.5
908.5
1237.0
838.0
1187.5
730.0
649.0
635.5
1289.5
938.5
850.0
1118.5
1124.5
770.5
997.0
614.5
197.5
1214.5
661.0
1078.0
905.5
1006.0
953.5
178.0
997.0
571.0
1298.5
1049.5
152.5
1064.5
832.0
758.5
1124.5
754.0
1247.5
1195.0
1195.0
971.5
418.0
431.5
1057.0
1111.0
799.0
1046.5
866.5
782.5
727.0
868.0
539.5
376.0
949.0
284.5
1220.5
383.5
1210.0
1052.5
1189.0
310.0
728.5
841.0
754.0
598.0
791.5
881.5
1123.0
1184.5
1153.0
493.0
949.0
310.0
865.0
776.5
1070.5
238.0
967.0
886.0
892.0
691.0
520.0
1175.5
1171.0
412.0
1090.0
1072.0
181.0
8.5
872.5
698.5
892.0
778.0
1163.5
382.0
107.5
709.0
1060.0
1025.5
137.5
1207.0
676.0
976.0
383.5
829.0
1178.5
1087.0
689.5
1096.0
710.5
512.5
232.0
1213.0
497.5
535.0
1192.0
244.0
764.5
1205.5
1006.0
1192.0
772.0
1192.0
1091.5
904.0
1151.5
878.5
464.5
293.5
695.5
1136.5
763.0
430.0
1123.0
568.0
368.5
1037.5
175.0
839.5
847.0
1187.5
427.0
1034.5
268.0
1187.5
848.5
586.0
1153.0
1004.5
634.0
490.0
1223.5
1070.5
1076.5
1234.0
1040.5
862.0
1294.0
965.5
346.0
869.5
1049.5
587.5
1144.0
1124.5
181.0
1085.5
881.5
148.0
856.0
811.0
683.5
1033.0
385.0
641.5
554.5
1208.5
1085.5
280.0
880.0
1058.5
1117.0
946.0
794.5
568.0
929.5
974.5
886.0
1012.0
227.5
1123.0
1201.0
704.5
883.0
355.0
413.5
952.0
893.5
1216.0
1202.5
763.0
1229.5
1207.0
1186.0
77.5
778.0
305.5
961.0
967.0
823.0
89.5
662.5
788.5
1037.5
1279.0
290.5
1220.5
1150.0
1055.5
415.0
970.0
247.0
1171.0
808.0
1039.0
110.5
967.0
923.5
995.5
643.0
935.5
1112.5
1006.0
961.0
797.5
434.5
1177.0
1175.5
334.0
445.0
773.5
692.5
797.5
1138.0
926.5
793.0
1246.0
788.5
973.0
887.5
980.5
178.0
325.0
788.5
974.5
547.0
863.5
1009.0
1229.5
1208.5
1244.5
490.0
347.5
769.0
1076.5
703.0
797.5
839.5
143.5
871.0
982.0
1313.5
712.0
583.0
469.0
550.0
1094.5
1288.0
1042.0
1154.5
1087.0
268.0
901.0
913.0
599.5
1181.5
1229.5
631.0
1015.0
908.5
1034.5
1036.0
974.5
1301.5
610.0
442.0
547.0
263.5
233.5
1280.5
1021.0
335.5
1081.0
1073.5
1295.5
1061.5
853.0
1315.0
1120.0
986.5
736.0
1033.0
1082.5
643.0
1076.5
1099.0
527.5
784.0
1091.5
890.5
1208.5
1069.0
976.0
670.0
428.5
985.0
859.0
1247.5
967.0
379.0
700.0
967.0
1226.5
1115.5
976.0
982.0
1301.5
532.0
1052.5
733.0
670.0
479.5
736.0
1024.0
1010.5
809.5
241.0
823.0
863.5
1207.0
901.0
748.0
1145.5
1034.5
682.0
652.0
340.0
1069.0
577.0
1061.5
1180.0
842.5
1019.5
982.0
883.0
1198.0
481.0
829.0
49.0
1010.5
862.0
563.5
220.0
1037.5
544.0
1145.5
766.0
1184.5
799.0
1223.5
343.0
1264.0
1016.5
643.0
1114.0
1100.5
704.5
1078.0
1126.0
1307.5
1109.5
382.0
911.5
713.5
1154.5
194.5
599.5
805.0
1058.5
1054.0
718.0
1000.0
803.5
949.0
358.0
626.5
98.5
956.5
649.0
566.5
958.0
848.5
896.5
1207.0
325.0
1229.5
484.0
1190.5
908.5
1220.5
1034.5
175.0
1226.5
544.0
458.5
1273.0
1124.5
793.0
356.5
134.5
946.0
1021.0
1139.5
1177.0
1196.5
1169.5
223.0
1303.0
907.0
1091.5
1076.5
1061.5
1364.5
211.0
1166.5
238.0
745.0
883.0
296.5
1261.0
1208.5
917.5
266.5
850.0
1294.0
1025.5
1151.5
601.0
1189.0
335.5
1031.5
994.0
1090.0
1150.0
386.5
1031.5
484.0
761.5
535.0
1081.0
605.5
752.5
563.5
662.5
1028.5
122.5
1171.0
1265.5
1186.0
1142.5
983.5
1318.0
247.0
1033.0
608.5
485.5
721.0
1093.0
290.5
1171.0
1084.0
725.5
794.5
217.0
1081.0
275.5
1174.0
265.0
208.0
1114.0
605.5
632.5
535.0
917.5
590.5
971.5
1166.5
760.0
466.0
674.5
317.5
1193.5
985.0
812.5
904.0
784.0
740.5
1208.5
323.5
814.0
1028.5
1150.0
257.5
1111.0
328.0
892.0
178.0
847.0
955.0
961.0
1022.5
1097.5
1024.0
950.5
841.0
920.5
1138.0
1166.5
968.5
484.0
722.5
842.5
305.5
869.5
244.0
1306.0
1037.5
709.0
1103.5
205.0
962.5
947.5
1100.5
308.5
1273.0
970.0
1039.0
1250.5
421.0
982.0
1138.0
1085.5
220.0
773.5
589.0
788.5
1052.5
722.5
403.0
1127.5
820.0
644.5
431.5
940.0
1205.5
443.5
1060.0
1201.0
716.5
1160.5
919.0
281.5
1027.0
548.5
1144.0
386.5
1123.0
1106.5
893.5
914.5
412.0
1042.0
764.5
1292.5
596.5
950.5
923.5
1184.5
1067.5
889.0
308.5
964.0
836.5
370.0
587.5
815.5
820.0
238.0
491.5
1106.5
518.5
667.0
401.5
1189.0
893.5
1096.0
1145.5
889.0
1012.0
62.5
980.5
916.0
1150.0
437.5
1256.5
946.0
1051.0
976.0
776.5
254.5
835.0
779.5
175.0
497.5
1160.5
902.5
529.0
292.0
1112.5
1253.5
454.0
1124.5
908.5
1045.0
923.5
877.0
262.0
472.0
472.0
250.0
322.0
1057.0
1081.0
140.5
424.0
1244.5
830.5
1216.0
1213.0
1267.0
647.5
352.0
1067.5
1001.5
409.0
1190.5
286.0
307.0
941.5
805.0
1214.5
976.0
1144.0
883.0
377.5
1148.5
895.0
904.0
1171.0
113.5
1051.0
1249.0
790.0
644.5
1207.0
715.0
520.0
784.0
911.5
683.5
1210.0
461.5
844.0
985.0
1034.5
506.5
940.0
1070.5
1192.0
844.0
1012.0
1090.0
1043.5
1070.5
1031.5
905.5
749.5
886.0
1220.5
407.5
1036.0
1066.0
953.5
566.5
1367.5
1174.0
649.0
1210.0
1301.5
518.5
956.5
1241.5
872.5
899.5
1184.5
208.0
1229.5
467.5
1201.0
979.0
607.0
508.0
695.5
671.5
1033.0
764.5
554.5
1250.5
1192.0
1111.0
904.0
1099.0
374.5
689.5
1219.0
890.5
746.5
1016.5
527.5
883.0
1018.0
1058.5
1021.0
509.5
499.0
733.0
922.0
274.0
601.0
572.5
968.5
532.0
1117.0
130.0
1144.0
1114.0
1135.0
1168.0
715.0
158.5
1136.5
1198.0
1157.5
946.0
560.5
742.0
1279.0
1097.5
692.5
259.0
847.0
1196.5
1231.0
1189.0
977.5
131.5
280.0
530.5
1009.0
704.5
458.5
733.0
955.0
428.5
247.0
193.0
830.5
1156.0
1195.0
1157.5
1055.5
235.0
1087.0
550.0
217.0
1072.0
1120.0
901.0
1085.5
178.0
920.5
176.5
1126.0
889.0
896.5
692.5
841.0
631.0
854.5
1129.0
1247.5
1022.5
262.0
911.5
1222.0
575.5
1034.5
845.5
1202.5
808.0
983.5
985.0
980.5
911.5
1142.5
1169.5
833.5
620.5
1204.0
961.0
1190.5
1004.5
478.0
791.5
1285.0
1070.5
553.0
641.5
851.5
275.5
983.5
412.0
355.0
1111.0
337.0
365.5
740.5
1097.5
437.5
986.5
469.0
1133.5
649.0
214.0
964.0
698.5
935.5
1030.0
842.5
247.0
1043.5
896.5
1018.0
901.0
1132.0
1199.5
1177.0
731.5
218.5
802.0
1174.0
1007.5
260.5
1045.0
1181.5
656.5
715.0
1181.5
818.5
1009.0
1205.5
1202.5
718.0
1163.5
403.0
967.0
530.5
356.5
503.5
974.5
1177.0
1108.0
1331.5
890.5
992.5
877.0
1049.5
814.0
476.5
451.0
722.5
874.0
947.5
1111.0
1090.0
760.0
674.5
388.0
1004.5
1076.5
998.5
1025.5
146.5
875.5
196.0
1063.0
974.5
269.5
1216.0
806.5
796.0
751.0
836.5
1145.5
871.0
433.0
1096.0
806.5
1220.5
992.5
839.5
902.5
511.0
1186.0
919.0
1120.0
257.5
1013.5
973.0
1000.0
1045.0
572.5
148.0
121.0
731.5
800.5
764.5
1057.0
755.5
781.0
1157.5
1150.0
977.5
880.0
622.0
241.0
223.0
974.5
517.0
505.0
1175.5
1213.0
1042.0
296.5
544.0
1174.0
1286.5
1118.5
1169.5
1036.0
56.5
1043.5
829.0
599.5
1055.5
328.0
1109.5
721.0
1204.0
1196.5
1102.0
776.5
493.0
730.0
1162.0
164.5
805.0
214.0
938.5
331.0
938.5
1270.0
1073.5
1205.5
1183.0
1163.5
1015.0
845.5
944.5
1246.0
407.5
559.0
1073.5
755.5
1028.5
722.5
808.0
422.5
173.5
280.0
785.5
812.5
1174.0
593.5
1250.5
610.0
949.0
551.5
320.5
1147.0
1114.0
790.0
775.0
1264.0
1126.0
437.5
1204.0
683.5
1004.5
629.5
206.5
1115.5
1129.0
928.0
1097.5
362.5
902.5
1243.0
1075.0
968.5
788.5
1273.0
889.0
1079.5
914.5
1046.5
1090.0
1081.0
1111.0
1186.0
1057.0
1145.5
1229.5
733.0
874.0
464.5
533.5
287.5
733.0
1187.5
1099.0
697.0
949.0
1114.0
256.0
1040.5
971.5
146.5
314.5
1091.5
980.5
638.5
371.5
674.5
377.5
1031.5
809.5
1294.0
787.0
1117.0
1210.0
328.0
395.5
1136.5
1099.0
1022.5
1133.5
598.0
1121.5
728.5
385.0
556.0
851.5
997.0
904.0
481.0
1031.5
247.0
724.0
1091.5
200.5
800.5
1021.0
1039.0
794.5
919.0
953.5
920.5
977.5
1130.5
311.5
920.5
923.5
437.5
1138.0
650.5
367.0
1124.5
304.0
991.0
515.5
1202.5
1111.0
590.5
1096.0
464.5
407.5
460.0
1042.0
1073.5
904.0
1024.0
1072.0
874.0
1148.5
427.0
1042.0
427.0
524.5
538.0
811.0
1160.5
583.0
754.0
1160.5
490.0
967.0
694.0
385.0
841.0
977.5
422.5
674.5
683.5
688.0
962.5
1090.0
455.5
830.5
637.0
1183.0
665.5
401.5
437.5
556.0
1102.0
998.5
1120.0
1058.5
830.5
688.0
1018.0
304.0
913.0
1198.0
1172.5
557.5
413.5
1099.0
1064.5
961.0
149.5
1148.5
796.0
770.5
989.5
842.5
776.5
1153.0
730.0
926.5
1223.5
1168.0
341.5
1166.5
944.5
1114.0
1103.5
1181.5
394.0
926.5
968.5
1030.0
952.0
1012.0
292.0
1105.0
1232.5
1274.5
332.5
1046.5
178.0
320.5
970.0
469.0
1030.0
1196.5
1202.5
563.5
911.5
934.0
295.0
908.5
1118.5
1184.5
295.0
974.5
1210.0
1300.0
1259.5
1042.0
358.0
706.0
881.5
1193.5
1076.5
1049.5
986.5
1121.5
1012.0
748.0
1276.0
230.5
1165.0
629.5
1210.0
1109.5
463.0
943.0
439.0
1067.5
1013.5
671.5
751.0
59.5
457.0
340.0
565.0
803.5
812.5
833.5
1186.0
1088.5
827.5
1114.0
955.0
1100.5
1154.5
599.5
977.5
1006.0
295.0
875.5
1166.5
911.5
1147.0
842.5
956.5
829.0
38.5
1037.5
343.0
529.0
1042.0
707.5
961.0
1238.5
542.5
481.0
935.5
743.5
842.5
302.5
466.0
995.5
794.5
1060.0
269.5
280.0
1154.5
1019.5
901.0
679.0
1013.5
1198.0
398.5
419.5
1220.5
841.0
961.0
520.0
1141.0
253.0
776.5
982.0
713.5
926.5
128.5
823.0
1088.5
568.0
262.0
1037.5
1097.5
1094.5
793.0
1181.5
1063.0
392.5
245.5
250.0
1097.5
841.0
1111.0
1165.0
703.0
520.0
1183.0
523.0
1078.0
1184.5
937.0
868.0
994.0
1007.5
281.5
1295.5
872.5
1195.0
233.5
242.5
596.5
88.0
352.0
1069.0
173.5
1145.5
1151.5
1138.0
283.0
815.5
899.5
1232.5
1223.5
325.0
1123.0
1043.5
319.0
1082.5
997.0
1136.5
1085.5
401.5
871.0
811.0
1129.0
790.0
808.0
1018.0
335.5
1120.0
916.0
1063.0
818.5
1297.0
209.5
218.5
1138.0
1015.0
323.5
340.0
925.0
919.0
1049.5
928.0
1112.5
764.5
935.5
1154.5
803.5
46.0
583.0
1163.5
706.0
514.0
307.0
823.0
988.0
1123.0
535.0
707.5
1204.0
1189.0
947.5
763.0
794.5
1015.0
881.5
190.0
1088.5
1019.5
1129.0
526.0
617.5
1180.0
1093.0
626.5
1225.0
980.5
1058.5
808.0
1112.5
178.0
836.5
245.5
772.0
1124.5
902.5
982.0
1094.5
140.5
935.5
1036.0
779.5
1114.0
1274.5
269.5
1228.0
886.0
1268.5
467.5
625.0
1079.5
1148.5
961.0
1144.0
1213.0
518.5
778.0
325.0
1180.0
1234.0
1021.0
328.0
1159.0
1057.0
610.0
620.5
944.5
1001.5
1210.0
418.0
875.5
809.5
1154.5
1195.0
1067.5
871.0
1043.5
416.5
995.5
1010.5
352.0
110.5
382.0
1099.0
1124.5
1111.0
1087.0
359.5
296.5
401.5
1138.0
640.0
956.5
352.0
620.5
1124.5
220.0
866.5
1109.5
760.0
875.5
734.5
914.5
571.0
595.0
691.0
833.5
1069.0
1196.5
1237.0
682.0
989.5
1130.5
641.5
1117.0
1150.0
1253.5
1117.0
919.0
416.5
859.0
961.0
1000.0
1001.5
739.0
703.0
739.0
1085.5
931.0
518.5
1127.5
283.0
367.0
1078.0
976.0
1285.0
587.5
590.5
1082.5
659.5
649.0
965.5
1097.5
1118.5
1175.5
802.0
238.0
452.5
745.0
776.5
931.0
773.5
908.5
998.5
349.0
1345.0
562.0
812.5
1225.0
1217.5
844.0
956.5
299.5
1204.0
1078.0
982.0
802.0
1082.5
1184.5
1094.5
1172.5
1039.0
596.5
214.0
1180.0
316.0
1102.0
737.5
1066.0
325.0
647.5
1168.0
989.5
1163.5
1081.0
550.0
961.0
409.0
224.5
1094.5
916.0
1006.0
1133.5
1043.5
874.0
328.0
385.0
709.0
649.0
1096.0
790.0
512.5
1021.0
965.5
1178.5
847.0
1055.5
746.5
485.5
704.5
680.5
961.0
565.0
1225.0
679.0
1282.0
533.5
955.0
1024.0
1240.0
1120.0
163.0
970.0
1129.0
1118.5
1129.0
260.5
958.0
1294.0
1253.5
976.0
1090.0
668.5
1171.0
1006.0
344.5
980.5
928.0
1214.5
640.0
1064.5
412.0
1091.5
406.0
484.0
1036.0
1211.5
605.5
1162.0
142.0
868.0
13.0
692.5
226.0
917.5
1187.5
1004.5
551.5
830.5
479.5
269.5
920.5
661.0
947.5
1118.5
1184.5
665.5
1184.5
877.0
650.5
979.0
1078.0
1124.5
199.0
1049.5
313.0
998.5
712.0
823.0
1286.5
1196.5
334.0
490.0
605.5
457.0
575.5
520.0
701.5
1010.5
950.5
1007.5
637.0
667.0
1037.5
1025.5
71.5
266.5
451.0
865.0
649.0
430.0
1271.5
1130.5
1025.5
1145.5
188.5
1148.5
1099.0
799.0
1189.0
722.5
683.5
923.5
914.5
409.0
823.0
950.5
397.0
1240.0
653.5
1031.5
835.0
1237.0
1013.5
430.0
1177.0
415.0
517.0
761.5
1201.0
757.0
587.5
605.5
838.0
1142.5
955.0
689.5
1039.0
694.0
1048.0
571.0
724.0
863.5
536.5
709.0
254.5
866.5
1273.0
443.5
449.5
995.5
865.0
820.0
470.5
746.5
844.0
1099.0
241.0
622.0
110.5
551.5
356.5
1094.5
253.0
706.0
442.0
766.0
962.5
1247.5
938.5
1211.5
1354.0
433.0
1130.5
995.5
727.0
1040.5
1012.0
598.0
956.5
572.5
706.0
1045.0
1025.5
818.5
290.5
646.0
1022.5
544.0
820.0
323.5
299.5
1060.0
454.0
757.0
91.0
458.5
878.5
469.0
265.0
176.5
1010.5
148.0
1214.5
1003.0
1205.5
269.5
1079.5
1204.0
1210.0
1069.0
868.0
1019.5
124.0
421.0
1210.0
1118.5
190.0
452.5
1192.0
1040.5
737.5
545.5
773.5
998.5
989.5
1045.0
697.0
1082.5
913.0
1159.0
1193.5
1255.0
1229.5
677.5
1051.0
265.0
632.5
1045.0
1117.0
691.0
1223.5
343.0
1132.0
730.0
1144.0
1093.0
1079.5
325.0
1250.5
787.0
1166.5
86.5
1306.0
979.0
1031.5
1181.5
1009.0
778.0
949.0
1103.5
1090.0
955.0
500.5
1141.0
1097.5
1253.5
830.5
409.0
764.5
1106.5
1208.5
367.0
836.5
898.0
379.0
1181.5
1240.0
1012.0
398.5
1054.0
533.5
775.0
583.0
1064.5
706.0
1175.5
1169.5
953.5
1205.5
73.0
1084.0
818.5
1189.0
1153.0
1099.0
1147.0
1141.0
994.0
1201.0
1133.5
908.5
359.5
356.5
635.5
803.5
845.5
331.0
959.5
1226.5
955.0
742.0
563.5
73.0
827.5
167.5
1151.5
455.5
953.5
1028.5
511.0
704.5
824.5
1003.0
770.5
398.5
407.5
452.5
899.5
950.5
1120.0
1003.0
928.0
1004.5
677.5
1012.0
272.5
898.0
1240.0
979.0
485.5
452.5
637.0
1096.0
316.0
757.0
602.5
853.0
1054.0
1126.0
1066.0
842.5
139.0
1070.5
1079.5
1241.5
163.0
1264.0
920.5
1183.0
965.5
1148.5
659.5
994.0
1151.5
1030.0
341.5
1196.5
1169.5
88.0
343.0
1085.5
913.0
1093.0
631.0
401.5
340.0
274.0
932.5
136.0
1285.0
1243.0
482.5
1183.0
1084.0
994.0
1012.0
1084.0
1210.0
563.5
113.5
1147.0
587.5
179.5
767.5
773.5
619.0
1192.0
898.0
1201.0
1138.0
853.0
1018.0
947.5
958.0
1103.5
1079.5
115.0
362.5
973.0
1223.5
1117.0
1231.0
928.0
616.0
1072.0
991.0
538.0
679.0
808.0
1088.5
1235.5
1147.0
362.5
577.0
1021.0
1060.0
953.5
1184.5
1130.5
512.5
677.5
415.0
386.5
326.5
401.5
676.0
784.0
356.5
374.5
1033.0
1007.5
556.0
340.0
890.5
280.0
997.0
643.0
1247.5
458.5
1171.0
433.0
956.5
952.0
1084.0
1033.0
1171.0
965.5
422.5
895.0
1016.5
1117.0
1160.5
613.0
881.5
308.5
805.0
583.0
932.5
686.5
814.0
715.0
1192.0
475.0
1168.0
1015.0
1133.5
683.5
472.0
1055.5
958.0
41.5
695.5
353.5
469.0
1052.5
853.0
797.5
197.5
941.5
428.5
968.5
391.0
1012.0
283.0
1015.0
802.0
737.5
1078.0
1097.5
419.5
1169.5
194.5
718.0
676.0
283.0
1066.0
1255.0
1279.0
1139.5
997.0
442.0
1091.5
868.0
1240.0
343.0
313.0
638.5
925.0
254.5
1109.5
881.5
280.0
869.5
308.5
1169.5
1123.0
361.0
1072.0
1051.0
191.5
794.5
1115.5
1093.0
1256.5
571.0
640.0
931.0
974.5
857.5
1099.0
1211.5
473.5
430.0
1084.0
1063.0
1288.0
1189.0
1163.5
772.0
937.0
1229.5
916.0
934.0
23.5
998.5
700.0
1183.0
539.5
1186.0
340.0
931.0
1187.5
710.5
299.5
997.0
827.5
574.0
814.0
340.0
412.0
1078.0
1051.0
859.0
761.5
967.0
1226.5
988.0
1100.5
520.0
691.0
881.5
727.0
1076.5
1144.0
1222.0
1073.5
1034.5
1136.5
664.0
1105.0
875.5
1247.5
1157.5
1025.5
1175.5
229.0
844.0
512.5
934.0
1228.0
340.0
1069.0
1153.0
1190.5
509.5
953.5
1015.0
862.0
1232.5
406.0
446.5
815.5
781.0
1222.0
484.0
878.5
841.0
497.5
1001.5
1060.0
989.5
1162.0
1024.0
1135.0
917.5
1129.0
557.5
1055.5
970.0
725.5
886.0
1213.0
850.0
1166.5
853.0
1093.0
1150.0
742.0
1208.5
446.5
520.0
1162.0
1207.0
974.5
853.0
263.5
361.0
277.0
893.5
479.5
1277.5
974.5
1051.0
1087.0
997.0
967.0
995.5
1069.0
445.0
538.0
953.5
634.0
1048.0
272.5
757.0
824.5
341.5
353.5
1133.5
1132.0
1039.0
1021.0
1180.0
1121.5
992.5
914.5
344.5
1004.5
1147.0
977.5
1120.0
361.0
1165.0
905.5
446.5
464.5
824.5
1031.5
964.0
932.5
1106.5
790.0
944.5
1103.5
938.5
347.5
1060.0
1108.0
1016.5
1277.5
866.5
239.5
941.5
988.0
1021.0
685.0
403.0
701.5
923.5
853.0
769.0
871.0
352.0
245.5
1222.0
751.0
355.0
1057.0
725.5
1151.5
362.5
253.0
947.5
986.5
463.0
1240.0
1001.5
676.0
782.5
820.0
838.0
331.0
821.5
1048.0
632.5
1156.0
715.0
1232.5
863.5
1024.0
226.0
1124.5
802.0
968.5
1127.5
1051.0
965.5
739.0
1217.5
718.0
1009.0
197.5
799.0
125.5
365.5
1022.5
595.0
1027.0
464.5
947.5
365.5
997.0
1001.5
386.5
37.0
601.0
800.5
151.0
193.0
788.5
1253.5
662.5
428.5
814.0
907.0
803.5
1058.5
649.0
535.0
779.5
946.0
1226.5
374.5
623.5
1115.5
994.0
199.0
1061.5
1049.5
841.0
11.5
856.0
1063.0
716.5
1006.0
659.5
445.0
1018.0
986.5
982.0
1021.0
1358.5
913.0
619.0
422.5
1067.5
1178.5
950.5
1222.0
1132.0
1034.5
898.0
1211.5
1061.5
686.5
721.0
1013.5
314.5
1024.0
392.5
821.5
449.5
166.0
961.0
823.0
1156.0
1171.0
1151.5
1180.0
886.0
559.0
1103.5
940.0
280.0
971.5
479.5
1222.0
343.0
1004.5
986.5
1192.0
1159.0
1103.5
539.5
1009.0
419.5
1169.5
1213.0
448.0
1049.5
1121.5
1082.5
455.5
374.5
1097.5
845.5
808.0
1037.5
1228.0
1232.5
1030.0
787.0
88.0
722.5
490.0
1030.0
997.0
850.0
793.0
251.5
1229.5
743.5
503.5
890.5
1102.0
1001.5
335.5
614.5
275.5
1088.5
293.5
944.5
415.0
253.0
818.5
1163.5
655.0
1157.5
736.0
901.0
829.0
298.0
269.5
917.5
1016.5
689.5
1121.5
955.0
953.5
925.0
851.5
986.5
1037.5
1196.5
1015.0
377.5
1178.5
1180.0
1240.0
443.5
743.5
908.5
1126.0
281.5
1114.0
199.0
205.0
596.5
604.0
1126.0
167.5
914.5
1139.5
1088.5
598.0
392.5
1094.5
845.5
745.0
598.0
791.5
773.5
1243.0
1052.5
1049.5
448.0
1034.5
1172.5
883.0
734.5
1204.0
626.5
1100.5
1300.0
562.0
850.0
1193.5
1027.0
1192.0
1304.5
890.5
140.5
959.5
946.0
956.5
1051.0
1213.0
662.5
994.0
734.5
949.0
1237.0
980.5
391.0
883.0
614.5
1133.5
1009.0
1040.5
476.5
1013.5
860.5
1306.0
1190.5
362.5
1079.5
913.0
1091.5
203.5
320.5
911.5
670.0
1184.5
1168.0
1091.5
806.5
919.0
487.0
998.5
1066.0
952.0
680.5
1181.5
943.0
995.5
982.0
1045.0
1129.0
1051.0
866.5
1045.0
341.5
124.0
268.0
172.0
1015.0
500.5
757.0
973.0
296.5
1024.0
1261.0
821.5
1091.5
992.5
1214.5
404.5
950.5
1166.5
1006.0
1099.0
277.0
944.5
1246.0
463.0
1108.0
1132.0
404.5
1165.0
626.5
1138.0
509.5
1208.5
881.5
1166.5
335.5
851.5
653.5
635.5
997.0
1216.0
1007.5
905.5
155.5
1235.5
1033.0
353.5
1300.0
1199.5
787.0
803.5
577.0
757.0
265.0
986.5
476.5
1084.0
302.5
1012.0
610.0
319.0
1187.5
1076.5
1055.5
254.5
1019.5
1216.0
994.0
859.0
976.0
1070.5
1147.0
728.5
565.0
881.5
251.5
668.5
1123.0
1018.0
623.5
1054.0
1232.5
1091.5
866.5
1223.5
154.0
464.5
398.5
862.0
850.0
979.0
874.0
884.5
614.5
1234.0
1238.5
976.0
146.5
889.0
808.0
430.0
854.5
893.5
635.5
989.5
937.0
230.5
802.0
1259.5
1186.0
1052.5
1052.5
257.5
416.5
775.0
586.0
701.5
1013.5
503.5
502.0
557.5
1018.0
1253.5
1168.0
608.5
167.5
847.0
466.0
910.0
1285.0
730.0
925.0
370.0
731.5
1072.0
1114.0
1144.0
568.0
872.5
964.0
460.0
1159.0
878.5
490.0
1036.0
760.0
796.0
961.0
799.0
535.0
986.5
1034.5
751.0
1145.5
536.5
791.5
97.0
830.5
539.5
508.0
452.5
1186.0
934.0
1123.0
416.5
1042.0
667.0
689.5
395.5
1078.0
1025.5
1387.0
1175.5
995.5
982.0
200.5
377.5
890.5
731.5
779.5
1178.5
250.0
374.5
320.5
796.0
425.5
503.5
1016.5
608.5
1046.5
983.5
307.0
853.0
185.5
1112.5
541.0
1093.0
602.5
745.0
151.0
1016.5
997.0
1102.0
241.0
863.5
455.5
506.5
524.5
641.5
1150.0
689.5
1120.0
1214.5
826.0
623.5
1162.0
955.0
1328.5
919.0
1024.0
487.0
343.0
607.0
1114.0
1180.0
964.0
1019.5
838.0
899.5
910.0
868.0
1108.0
857.5
886.0
1163.5
569.5
856.0
335.5
1121.5
1055.5
1030.0
755.5
754.0
1057.0
560.5
1244.5
350.5
814.0
644.5
872.5
866.5
1057.0
976.0
647.5
695.5
484.0
938.5
961.0
773.5
1051.0
808.0
1190.5
1240.0
92.5
925.0
857.5
497.5
343.0
1016.5
188.5
1049.5
949.0
538.0
211.0
712.0
1084.0
913.0
728.5
361.0
928.0
1204.0
763.0
1112.5
623.5
188.5
1000.0
1132.0
1202.5
512.5
583.0
1046.5
781.0
1186.0
953.5
1058.5
1127.5
524.5
751.0
1079.5
1085.5
931.0
1073.5
1153.0
563.5
553.0
893.5
589.0
703.0
1241.5
187.0
1063.0
923.5
1039.0
1108.0
320.5
1144.0
473.5
236.5
947.5
1009.0
938.5
647.5
1238.5
694.0
847.0
574.0
388.0
1130.5
1123.0
1292.5
959.5
527.5
946.0
841.0
1168.0
883.0
949.0
1010.5
526.0
878.5
989.5
365.5
1151.5
343.0
727.0
1091.5
986.5
1049.5
1147.0
994.0
650.5
1018.0
596.5
257.5
800.5
977.5
859.0
1120.0
589.0
589.0
626.5
866.5
889.0
1018.0
601.0
869.5
1216.0
896.5
953.5
602.5
1072.0
1018.0
362.5
1033.0
1258.0
262.0
725.5
686.5
527.5
617.5
860.5
982.0
1057.0
1063.0
428.5
1198.0
1000.0
1328.5
1015.0
1208.5
1333.0
238.0
1061.5
941.5
1175.5
407.5
913.0
731.5
365.5
1015.0
289.0
1024.0
1145.5
1177.0
377.5
1316.5
802.0
652.0
175.0
1057.0
1111.0
850.0
1064.5
934.0
950.5
374.5
533.5
1184.5
949.0
640.0
154.0
1052.5
1087.0
1108.0
253.0
314.5
1157.5
1309.0
1138.0
814.0
1132.0
604.0
1051.0
860.5
917.5
848.5
283.0
859.0
757.0
908.5
662.5
1018.0
877.0
1283.5
1118.5
1094.5
920.5
1085.5
1247.5
1084.0
322.0
1058.5
1067.5
758.5
880.0
668.5
1114.0
512.5
757.0
683.5
160.0
893.5
1154.5
872.5
454.0
1093.0
868.0
998.5
961.0
1166.5
1022.5
1250.5
1099.0
152.5
652.0
1237.0
737.5
1232.5
1151.5
994.0
976.0
295.0
1115.5
377.5
964.0
445.0
704.5
248.5
917.5
1246.0
1181.5
923.5
1139.5
1120.0
148.0
1190.5
580.0
941.5
1193.5
457.0
322.0
865.0
893.5
1027.0
134.5
971.5
1111.0
674.5
886.0
1133.5
1220.5
521.5
574.0
769.0
632.5
1051.0
944.5
1222.0
944.5
991.0
872.5
1202.5
902.5
788.5
1024.0
1214.5
383.5
965.5
1145.5
1037.5
787.0
551.5
832.0
1099.0
716.5
508.0
1232.5
778.0
1184.5
761.5
928.0
1232.5
1181.5
758.5
412.0
580.0
1028.5
458.5
836.5
460.0
622.0
215.5
383.5
1169.5
1124.5
1085.5
797.5
1058.5
1091.5
1142.5
611.5
1175.5
343.0
1213.0
1051.0
502.0
592.0
845.5
82.0
794.5
1100.5
1126.0
1169.5
761.5
1187.5
491.5
1022.5
1018.0
1016.5
689.5
994.0
763.0
872.5
1103.5
1108.0
1295.5
709.0
412.0
1120.0
1013.5
460.0
443.5
920.5
469.0
694.0
1010.5
823.0
1060.0
1049.5
1007.5
602.5
1220.5
346.0
437.5
275.5
434.5
668.5
910.0
319.0
634.0
571.0
1225.0
1063.0
665.5
455.5
757.0
748.0
326.5
1199.5
1036.0
799.0
871.0
244.0
1015.0
676.0
488.5
1015.0
961.0
824.5
1180.0
41.5
674.5
884.5
917.5
1247.5
1138.0
1252.0
442.0
1058.5
508.0
1265.5
1148.5
967.0
958.0
170.5
1247.5
688.0
475.0
821.5
244.0
799.0
178.0
859.0
1004.5
1259.5
1087.0
1097.5
1096.0
1138.0
1106.5
1012.0
910.0
497.5
943.0
755.5
440.5
1235.5
1052.5
955.0
1133.5
803.5
1279.0
262.0
886.0
820.0
1261.0
1246.0
1186.0
356.5
1306.0
868.0
938.5
416.5
601.0
851.5
355.0
1000.0
608.5
1325.5
1003.0
929.5
922.0
199.0
1133.5
946.0
911.5
895.0
1253.5
932.5
350.5
1109.5
824.5
485.5
892.0
1322.5
506.5
812.5
760.0
511.0
1316.5
518.5
1253.5
860.5
821.5
1199.5
700.0
1238.5
820.0
1252.0
1072.0
103.0
1133.5
361.0
776.5
563.5
1252.0
1042.0
926.5
1207.0
1096.0
1168.0
259.0
737.5
1309.0
794.5
1183.0
916.0
658.0
379.0
1015.0
1117.0
1040.5
536.5
1201.0
1244.5
922.0
1223.5
707.5
1145.5
472.0
1007.5
1177.0
1126.0
742.0
670.0
652.0
992.5
490.0
497.5
1115.5
1144.0
964.0
338.5
920.5
1030.0
1121.5
397.0
74.5
1013.5
1157.5
1217.5
1172.5
998.5
362.5
1051.0
1160.5
1003.0
961.0
1012.0
820.0
1063.0
691.0
401.5
563.5
215.5
830.5
196.0
416.5
1145.5
1111.0
1126.0
793.0
217.0
236.5
614.5
1081.0
1256.5
980.5
1004.5
1250.5
1157.5
962.5
1151.5
707.5
1156.0
314.5
1246.0
874.0
529.0
919.0
253.0
826.0
239.5
808.0
233.5
794.5
352.0
841.0
1033.0
1126.0
1088.5
1102.0
1096.0
1025.5
622.0
1148.5
431.5
1123.0
317.5
1270.0
397.0
410.5
452.5
692.5
1024.0
1078.0
668.5
1055.5
764.5
913.0
800.5
329.5
1133.5
299.5
395.5
730.0
797.5
449.5
1201.0
577.0
857.5
1265.5
923.5
722.5
866.5
1142.5
220.0
617.5
623.5
1093.0
1144.0
709.0
1274.5
1000.0
901.0
1102.0
943.0
1133.5
673.0
430.0
1046.5
1058.5
752.5
751.0
1216.0
983.5
1210.0
133.0
295.0
830.5
1183.0
938.5
367.0
388.0
1262.5
704.5
710.5
1091.5
779.5
295.0
1040.5
782.5
769.0
571.0
1166.5
1216.0
1114.0
328.0
1145.5
1357.0
1157.5
566.5
1154.5
412.0
1151.5
1045.0
1244.5
1132.0
904.0
1000.0
1121.5
725.5
851.5
1297.0
949.0
959.5
350.5
769.0
740.5
904.0
1073.5
433.0
380.5
1253.5
1175.5
149.5
895.0
1240.0
206.5
1207.0
1180.0
314.5
182.5
1189.0
1019.5
1000.0
829.0
1090.0
814.0
712.0
1058.5
874.0
1198.0
1141.0
1256.5
1063.0
886.0
587.5
1201.0
1295.5
1013.5
974.5
1111.0
991.0
682.0
1120.0
157.0
973.0
947.5
274.0
818.5
965.5
703.0
862.0
335.5
769.0
371.5
779.5
718.0
1112.5
929.5
1271.5
916.0
1147.0
896.5
775.0
1087.0
815.5
194.5
1129.0
688.0
535.0
440.5
761.5
848.5
986.5
973.0
382.0
707.5
1066.0
709.0
560.5
982.0
628.0
665.5
1177.0
1099.0
1093.0
491.5
998.5
881.5
931.0
775.0
1090.0
1244.5
782.5
383.5
520.0
988.0
818.5
767.5
467.5
445.0
1067.5
496.0
1205.5
1190.5
1231.0
863.5
1051.0
1021.0
709.0
365.5
1211.5
320.5
208.0
364.0
916.0
1244.5
1198.0
518.5
257.5
433.0
1156.0
1232.5
1154.5
841.0
725.5
1051.0
818.5
1090.0
1030.0
110.5
1222.0
481.0
907.0
1007.5
806.5
815.5
479.5
325.0
626.5
1192.0
583.0
548.5
691.0
509.5
884.5
1123.0
1160.5
890.5
1306.0
631.0
922.0
715.0
991.0
1135.0
296.5
1187.5
253.0
814.0
1109.5
746.5
920.5
1139.5
622.0
1010.5
1112.5
958.0
278.5
674.5
976.0
689.5
697.0
1187.5
997.0
737.5
1145.5
730.0
1106.5
958.0
982.0
1168.0
1015.0
499.0
1256.5
679.0
1213.0
835.0
575.5
965.5
377.5
986.5
728.5
635.5
1142.5
946.0
1189.0
1150.0
389.5
388.0
887.5
1168.0
907.0
1121.5
1040.5
919.0
529.0
871.0
1043.5
992.5
284.5
550.0
988.0
845.5
737.5
394.0
896.5
532.0
1055.5
646.0
457.0
1253.5
1126.0
893.5
652.0
971.5
203.5
880.0
704.5
1274.5
238.0
958.0
706.0
985.0
230.5
1106.5
1040.5
860.5
980.5
946.0
1073.5
800.5
64.0
922.0
1018.0
1061.5
244.0
1258.0
760.0
535.0
635.5
943.0
1118.5
589.0
967.0
919.0
1201.0
1108.0
757.0
808.0
1025.5
995.5
622.0
530.5
910.0
914.5
803.5
1139.5
1270.0
542.5
1141.0
1025.5
1085.5
869.5
946.0
1219.0
925.0
1040.5
1093.0
1148.5
781.0
329.5
1280.5
827.5
568.0
1114.0
605.5
1079.5
1166.5
970.0
1228.0
962.5
760.0
1180.0
1037.5
238.0
893.5
112.0
59.5
841.0
989.5
901.0
569.5
836.5
1151.5
934.0
787.0
482.5
991.0
1037.5
307.0
1192.0
962.5
1082.5
742.0
364.0
92.5
1075.0
743.5
554.5
1330.0
1091.5
1048.0
997.0
167.5
1168.0
257.5
1259.5
362.5
938.5
395.5
1082.5
332.5
506.5
1109.5
632.5
397.0
1219.0
1139.5
514.0
1075.0
265.0
1030.0
1288.0
559.0
1013.5
551.5
146.5
1093.0
134.5
1028.5
575.5
1118.5
776.5
1009.0
259.0
1204.0
391.0
1021.0
800.5
632.5
232.0
1096.0
920.5
1016.5
908.5
413.5
1246.0
487.0
913.0
1093.0
896.5
745.0
1135.0
1024.0
913.0
1034.5
595.0
889.0
1211.5
521.5
376.0
752.5
980.5
1060.0
796.0
397.0
880.0
880.0
320.5
1208.5
242.5
932.5
439.0
826.0
691.0
1054.0
1232.5
608.5
892.0
548.5
1025.5
941.5
886.0
478.0
773.5
1100.5
326.5
224.5
994.0
1082.5
1192.0
755.5
1087.0
374.5
628.0
866.5
161.5
1117.0
727.0
1190.5
686.5
575.5
485.5
623.5
896.5
937.0
322.0
1273.0
274.0
1117.0
197.5
1123.0
1136.5
319.0
724.0
809.5
359.5
1207.0
250.0
964.0
967.0
800.5
349.0
880.0
793.0
1009.0
932.5
401.5
980.5
979.0
1090.0
1070.5
860.5
524.5
325.0
1138.0
929.5
964.0
827.5
1142.5
170.5
1189.0
328.0
502.0
758.5
416.5
290.5
889.0
1150.0
937.0
1138.0
128.5
779.5
977.5
1166.5
1103.5
677.5
1027.0
1304.5
962.5
1120.0
1004.5
1187.5
1099.0
965.5
601.0
1018.0
470.5
742.0
338.5
1214.5
1166.5
1181.5
632.5
704.5
1118.5
884.5
1064.5
935.5
1031.5
1075.0
560.5
1190.5
1177.0
691.0
962.5
979.0
557.5
1258.0
1064.5
322.0
404.5
802.0
890.5
1127.5
599.5
793.0
407.5
1024.0
890.5
979.0
833.5
142.0
827.5
1045.0
1049.5
1042.0
214.0
1039.0
658.0
607.0
817.0
1109.5
700.0
682.0
980.5
800.5
1058.5
304.0
853.0
961.0
973.0
556.0
850.0
991.0
631.0
1028.5
784.0
1129.0
635.5
886.0
860.5
214.0
550.0
1180.0
1186.0
883.0
679.0
1162.0
859.0
415.0
391.0
1048.0
614.5
1117.0
487.0
1127.5
584.5
467.5
818.5
1004.5
418.0
196.0
217.0
919.0
967.0
1039.0
853.0
830.5
1091.5
791.5
832.0
1109.5
1117.0
500.5
235.0
1096.0
1183.0
1199.5
1235.5
1147.0
1201.0
616.0
667.0
884.5
359.5
722.5
1183.0
661.0
919.0
949.0
1220.5
1102.0
610.0
1117.0
101.5
1085.5
356.5
763.0
122.5
848.5
1072.0
1114.0
904.0
667.0
1097.5
1297.0
613.0
904.0
203.5
833.5
362.5
1075.0
1294.0
118.0
1196.5
1054.0
1100.5
740.5
107.5
991.0
863.5
835.0
163.0
1259.5
740.5
674.5
1105.0
667.0
622.0
1136.5
835.0
754.0
1067.5
1060.0
862.0
178.0
1150.0
1187.5
1216.0
950.5
850.0
623.5
391.0
937.0
1144.0
1091.5
203.5
179.5
871.0
1049.5
715.0
892.0
268.0
994.0
304.0
916.0
503.5
553.0
1205.5
1030.0
1285.0
440.5
1169.5
617.5
74.5
193.0
415.0
889.0
1250.5
373.0
922.0
1213.0
862.0
856.0
980.5
983.5
1175.5
791.5
974.5
1015.0
643.0
793.0
137.5
1153.0
976.0
818.5
1199.5
418.0
967.0
1184.5
1021.0
1025.5
1051.0
253.0
941.5
890.5
923.5
998.5
215.5
1297.0
1129.0
466.0
724.0
742.0
955.0
955.0
230.5
13.0
652.0
1034.5
1054.0
1039.0
274.0
1022.5
1279.0
1066.0
478.0
937.0
1219.0
1075.0
1118.5
802.0
655.0
1021.0
646.0
931.0
938.5
967.0
1018.0
1136.5
800.5
374.5
578.5
764.5
448.0
1153.0
1235.5
1180.0
911.5
134.5
353.5
770.5
1147.0
644.5
659.5
967.0
1264.0
583.0
967.0
670.0
226.0
1072.0
958.0
943.0
191.5
841.0
46.0
1187.5
874.0
1049.5
1024.0
626.5
1192.0
1135.0
1072.0
923.5
1055.5
644.5
1204.0
1265.5
703.0
821.5
280.0
521.5
271.0
1015.0
1108.0
1165.0
1061.5
989.5
1036.0
952.0
1132.0
332.5
1121.5
1237.0
1168.0
1058.5
1012.0
1117.0
812.5
956.5
136.0
862.0
1288.0
244.0
808.0
508.0
1163.5
649.0
1072.0
623.5
943.0
742.0
979.0
1316.5
812.5
331.0
1003.0
290.5
830.5
163.0
941.5
617.5
890.5
977.5
974.5
851.5
355.0
209.5
557.5
907.0
268.0
1135.0
517.0
977.5
979.0
73.0
968.5
587.5
1183.0
911.5
692.5
1103.5
320.5
334.0
1099.0
1030.0
1147.0
860.5
497.5
1223.5
569.5
947.5
367.0
563.5
907.0
1204.0
1234.0
523.0
784.0
911.5
787.0
527.5
1012.0
788.5
805.0
412.0
1133.5
1102.0
1153.0
944.5
1000.0
929.5
1123.0
