508.0
1142.5
923.5
728.5
1055.5
1019.5
1073.5
541.0
899.5
1202.5
1261.0
1058.5
826.0
950.5
1141.0
493.0
1078.0
1141.0
505.0
1021.0
979.0
904.0
799.0
938.5
313.0
971.5
737.5
496.0
911.5
1270.0
1145.5
311.5
989.5
1208.5
700.0
1150.0
964.0
1235.5
1112.5
1172.5
1264.0
539.5
1073.5
1183.0
65.5
871.0
988.0
1159.0
817.0
875.5
323.5
710.5
1045.0
1277.5
694.0
1216.0
557.5
1016.5
1094.5
980.5
1130.5
344.5
821.5
443.5
1085.5
676.0
869.5
1159.0
946.0
689.5
1102.0
1031.5
386.5
1105.0
884.5
910.0
1297.0
1184.5
422.5
1000.0
1079.5
1178.5
1150.0
839.5
1250.5
745.0
1123.0
1234.0
1121.5
272.5
1042.0
1267.0
1085.5
917.5
598.0
671.5
236.5
1079.5
1310.5
737.5
470.5
1141.0
622.0
1048.0
142.0
584.5
383.5
1096.0
251.5
1237.0
62.5
1216.0
1249.0
205.0
890.5
767.5
1099.0
1294.0
1028.5
992.5
1139.5
652.0
749.5
671.5
934.0
214.0
1280.5
394.0
1039.0
358.0
269.5
311.5
382.0
1028.5
1232.5
316.0
1082.5
983.5
1124.5
1205.5
1039.0
1274.5
1199.5
1111.0
650.5
1229.5
952.0
1093.0
281.5
700.0
862.0
1042.0
713.5
1112.5
599.5
1252.0
1201.0
734.5
1235.5
818.5
823.0
1328.5
1043.5
1130.5
979.0
695.5
857.5
646.0
1070.5
292.0
1187.5
760.0
980.5
830.5
1271.5
1292.5
1252.0
854.5
959.5
854.5
1148.5
1141.0
1105.0
1202.5
1180.0
727.0
361.0
1180.0
818.5
1253.5
1189.0
262.0
1262.5
791.5
665.5
1219.0
932.5
1163.5
1135.0
731.5
745.0
437.5
956.5
985.0
1094.5
1055.5
1016.5
911.5
416.5
131.5
670.0
470.5
937.0
1052.5
1034.5
779.5
505.0
932.5
347.5
1108.0
1180.0
1187.5
1171.0
772.0
1133.5
172.0
970.0
1225.0
1189.0
277.0
1114.0
806.5
962.5
278.5
1154.5
1168.0
1274.5
1258.0
848.5
1222.0
1000.0
481.0
1280.5
833.5
1034.5
1235.5
695.5
454.0
454.0
1157.5
1208.5
1162.0
383.5
1070.5
1159.0
865.0
310.0
1225.0
320.5
1142.5
350.5
1120.0
898.0
988.0
362.5
794.5
1082.5
1271.5
1135.0
868.0
919.0
1124.5
1060.0
626.5
956.5
464.5
1010.5
1282.0
989.5
1138.0
923.5
1094.5
359.5
769.0
421.0
356.5
1013.5
967.0
1181.5
407.5
1292.5
808.0
1225.0
763.0
1012.0
676.0
1064.5
905.5
965.5
925.0
518.5
851.5
854.5
338.5
868.0
257.5
1286.5
991.0
887.5
748.0
1022.5
1139.5
1147.0
266.5
853.0
961.0
1015.0
1093.0
1288.0
1136.5
1141.0
1250.5
664.0
955.0
1073.5
1180.0
1234.0
944.5
490.0
562.0
599.5
1085.5
1265.5
1135.0
1154.5
1111.0
592.0
935.5
479.5
80.5
976.0
886.0
617.5
994.0
881.5
973.0
976.0
982.0
1112.5
1129.0
1048.0
761.5
1006.0
380.5
1217.5
892.0
1096.0
1282.0
1237.0
472.0
605.5
476.5
721.0
925.0
967.0
169.0
953.5
937.0
950.5
1147.0
1009.0
677.5
1220.5
949.0
910.0
926.5
962.5
1060.0
1181.5
1127.5
1205.5
937.0
890.5
727.0
1016.5
589.0
655.0
518.5
1033.0
1087.0
515.5
782.5
674.5
658.0
329.5
643.0
988.0
1204.0
1231.0
370.0
913.0
1294.0
1126.0
1123.0
901.0
1132.0
1151.5
1141.0
739.0
208.0
670.0
1087.0
401.5
176.5
1123.0
1129.0
1177.0
1031.5
1114.0
742.0
431.5
1076.5
1004.5
926.5
175.0
908.5
695.5
896.5
1010.5
1058.5
1073.5
890.5
1019.5
424.0
443.5
1004.5
1268.5
932.5
953.5
1105.0
1058.5
149.5
932.5
1201.0
1193.5
1126.0
625.0
1198.0
748.0
1121.5
595.0
674.5
89.5
1171.0
646.0
188.5
1060.0
640.0
671.5
877.0
1225.0
248.5
1043.5
242.5
1223.5
1051.0
847.0
224.5
1102.0
172.0
1226.5
1226.5
802.0
1370.5
823.0
1177.0
949.0
892.0
1130.5
1174.0
970.0
1018.0
1058.5
800.5
581.5
659.5
742.0
994.0
500.5
815.5
562.0
895.0
773.5
277.0
1064.5
692.5
773.5
1156.0
1295.5
1064.5
211.0
977.5
1211.5
319.0
1022.5
1258.0
1121.5
1009.0
1013.5
778.0
718.0
715.0
1217.5
709.0
209.5
1129.0
1096.0
760.0
617.5
677.5
1283.5
208.0
304.0
710.5
1087.0
812.5
1031.5
988.0
629.5
920.5
856.0
1015.0
1139.5
517.0
1030.0
716.5
722.5
1340.5
1150.0
1247.5
1238.5
1216.0
770.5
280.0
1057.0
506.5
976.0
1045.0
1028.5
674.5
1238.5
1139.5
995.5
464.5
296.5
943.0
1085.5
488.5
566.5
1271.5
1276.0
352.0
923.5
995.5
1246.0
905.5
1070.5
1166.5
1204.0
911.5
1127.5
1148.5
628.0
1031.5
1207.0
238.0
1088.5
689.5
971.5
581.5
1312.0
971.5
956.5
1199.5
952.0
1123.0
1322.5
1063.0
838.0
1294.0
407.5
1069.0
1075.0
811.0
1190.5
532.0
538.0
713.5
1112.5
856.0
838.0
776.5
316.0
962.5
1100.5
1246.0
1207.0
176.5
803.5
976.0
821.5
1196.5
1166.5
1249.0
1048.0
1151.5
299.5
718.0
1082.5
991.0
70.0
778.0
704.5
622.0
1135.0
992.5
1201.0
937.0
896.5
1064.5
1226.5
1100.5
1222.0
1076.5
325.0
1192.0
449.5
523.0
1081.0
644.5
1084.0
721.0
961.0
1184.5
137.5
562.0
1087.0
1196.5
890.5
1154.5
1034.5
1187.5
1024.0
1129.0
730.0
673.0
619.0
1037.5
650.5
997.0
1177.0
1090.0
1216.0
662.5
1067.5
670.0
1202.5
655.0
632.5
1148.5
880.0
530.5
1108.0
1111.0
364.0
1156.0
740.5
959.5
911.5
620.5
997.0
1169.5
1121.5
422.5
931.0
1172.5
725.5
1160.5
1057.0
760.0
938.5
811.0
1291.0
1148.5
886.0
1235.5
1111.0
736.0
1150.0
271.0
1108.0
718.0
874.0
629.5
883.0
1111.0
925.0
356.5
1042.0
473.5
767.5
1237.0
920.5
1106.5
1147.0
797.5
934.0
1199.5
988.0
761.5
1330.0
1054.0
1079.5
796.0
1115.5
154.0
917.5
826.0
119.5
1025.5
727.0
1315.0
761.5
1070.5
1019.5
97.0
1034.5
931.0
370.0
1261.0
1127.5
724.0
1003.0
490.0
1094.5
1012.0
1189.0
1085.5
1216.0
1147.0
280.0
1193.5
653.5
674.5
1168.0
608.5
1054.0
902.5
313.0
598.0
1138.0
395.5
1016.5
875.5
691.0
1165.0
1189.0
1009.0
458.5
818.5
1040.5
983.5
757.0
974.5
56.5
1268.5
998.5
1021.0
1265.5
986.5
926.5
802.0
317.5
896.5
1220.5
515.5
799.0
1268.5
769.0
203.5
724.0
997.0
733.0
958.0
1001.5
727.0
1226.5
1037.5
526.0
839.5
1198.0
685.0
958.0
760.0
392.5
1141.0
1117.0
989.5
1256.5
674.5
998.5
454.0
967.0
1135.0
1300.0
1204.0
1147.0
1048.0
254.5
740.5
784.0
815.5
1060.0
1169.5
1148.5
1280.5
1042.0
1237.0
925.0
907.0
1066.0
436.0
1151.5
1096.0
1202.5
320.5
1072.0
1222.0
1207.0
1135.0
1133.5
1054.0
356.5
998.5
968.5
571.0
1060.0
1166.5
1099.0
548.5
680.5
1151.5
919.0
956.5
659.5
970.0
356.5
866.5
337.0
952.0
898.0
431.5
538.0
442.0
830.5
979.0
803.5
803.5
872.5
833.5
965.5
602.5
656.5
986.5
980.5
1291.0
1052.5
1075.0
634.0
265.0
704.5
959.5
1031.5
1340.5
932.5
1066.0
1180.0
274.0
1004.5
1201.0
1312.0
1022.5
1231.0
1136.5
613.0
385.0
880.0
517.0
1094.5
568.0
1025.5
1054.0
842.5
502.0
581.5
1127.5
763.0
536.5
886.0
1064.5
233.5
536.5
899.5
1163.5
967.0
887.5
329.5
1183.0
412.0
1318.0
1159.0
1114.0
1118.5
1144.0
1306.0
1193.5
974.5
1013.5
664.0
565.0
1097.5
800.5
956.5
782.5
1111.0
1139.5
554.5
148.0
1228.0
722.5
572.5
803.5
1258.0
461.5
355.0
242.5
332.5
1148.5
959.5
1108.0
911.5
905.5
677.5
1127.5
946.0
1288.0
197.5
1118.5
436.0
1135.0
1063.0
1079.5
1186.0
244.0
955.0
841.0
1205.5
1165.0
991.0
604.0
146.5
868.0
781.0
1321.0
742.0
1133.5
986.5
1094.5
1091.5
1018.0
683.5
947.5
818.5
991.0
793.0
1039.0
839.5
931.0
647.5
1054.0
610.0
1010.5
1159.0
880.0
1031.5
1028.5
719.5
1120.0
235.0
1259.5
1090.0
1060.0
1031.5
977.5
1073.5
1093.0
689.5
806.5
938.5
1082.5
1256.5
859.0
1196.5
910.0
1204.0
1013.5
1316.5
1186.0
1082.5
505.0
881.5
1016.5
1015.0
587.5
1106.5
938.5
977.5
854.5
511.0
1336.0
1123.0
949.0
884.5
1168.0
628.0
860.5
203.5
599.5
1166.5
452.5
1168.0
671.5
923.5
1217.5
1004.5
499.0
1142.5
778.0
1247.5
820.0
467.5
1166.5
740.5
749.5
964.0
890.5
1141.0
427.0
961.0
694.0
1091.5
628.0
1040.5
844.0
994.0
320.5
1027.0
860.5
761.5
917.5
728.5
1040.5
1073.5
692.5
1321.0
296.5
1091.5
937.0
590.5
1237.0
184.0
1244.5
1057.0
416.5
929.5
601.0
910.0
706.0
823.0
1034.5
506.5
202.0
1130.5
353.5
1106.5
680.5
112.0
1291.0
922.0
818.5
778.0
359.5
1135.0
1018.0
421.0
892.0
1129.0
1211.5
1192.0
1052.5
1106.5
1009.0
206.5
1054.0
262.0
1100.5
1177.0
331.0
1117.0
976.0
1184.5
707.5
1025.5
974.5
1150.0
1087.0
383.5
892.0
785.5
1301.5
200.5
722.5
1043.5
1321.0
821.5
1147.0
740.5
803.5
551.5
217.0
991.0
1309.0
956.5
727.0
1163.5
1157.5
1043.5
953.5
517.0
1178.5
418.0
1165.0
475.0
1211.5
1213.0
505.0
350.5
1150.0
1031.5
1105.0
877.0
442.0
1259.5
1198.0
1171.0
1012.0
1096.0
925.0
1085.5
1381.0
1147.0
1112.5
1331.5
1040.5
1007.5
1028.5
1106.5
1175.5
911.5
743.5
166.0
901.0
1124.5
1049.5
553.0
1223.5
922.0
1097.5
728.5
1108.0
692.5
812.5
1079.5
836.5
1144.0
1166.5
116.5
1121.5
754.0
146.5
757.0
1088.5
1114.0
454.0
958.0
1196.5
1186.0
1246.0
1039.0
644.5
290.5
1282.0
1075.0
841.0
1186.0
1001.5
1135.0
1129.0
1022.5
952.0
920.5
1184.5
484.0
904.0
181.0
1178.5
664.0
926.5
566.5
302.5
88.0
563.5
778.0
601.0
743.5
982.0
1103.5
1042.0
1165.0
406.0
1216.0
775.0
136.0
967.0
980.5
799.0
1108.0
1177.0
623.5
872.5
1156.0
268.0
1057.0
1147.0
1255.0
1255.0
917.5
1139.5
377.5
503.5
1114.0
1160.5
1139.5
364.0
187.0
1027.0
722.5
853.0
1093.0
994.0
1003.0
1196.5
926.5
830.5
1064.5
1226.5
298.0
506.5
475.0
1286.5
1130.5
1135.0
718.0
1088.5
874.0
1085.5
1237.0
1007.5
304.0
505.0
1036.0
1063.0
905.5
1040.5
464.5
1226.5
628.0
991.0
427.0
1079.5
676.0
968.5
1117.0
626.5
1117.0
745.0
1121.5
470.5
616.0
682.0
1205.5
206.5
919.0
724.0
610.0
1267.0
602.5
430.0
1205.5
1210.0
1097.5
373.0
281.5
523.0
1301.5
1232.5
319.0
608.5
850.0
1099.0
746.5
1246.0
1060.0
688.0
751.0
1300.0
1165.0
425.5
1129.0
842.5
1094.5
1118.5
1226.5
1156.0
1016.5
991.0
607.0
277.0
787.0
1174.0
1207.0
730.0
1034.5
347.5
640.0
1136.5
1076.5
971.5
1114.0
1120.0
712.0
1210.0
821.5
1016.5
506.5
560.5
460.0
1133.5
1072.0
925.0
947.5
1147.0
1010.5
1309.0
439.0
803.5
929.5
1111.0
980.5
877.0
667.0
1166.5
1123.0
1106.5
401.5
475.0
397.0
1088.5
1244.5
967.0
967.0
244.0
946.0
739.0
209.5
1100.5
1000.0
965.5
1072.0
1060.0
991.0
89.5
848.5
1016.5
992.5
1100.5
1232.5
1088.5
1021.0
1015.0
877.0
1196.5
1210.0
451.0
355.0
515.5
959.5
517.0
820.0
392.5
1226.5
451.0
1043.5
1091.5
1219.0
857.5
1007.5
1153.0
781.0
301.0
1244.5
1145.5
646.0
1091.5
1175.5
1030.0
1130.5
1231.0
1097.5
178.0
1205.5
1246.0
979.0
691.0
884.5
758.5
967.0
536.5
1120.0
715.0
1195.0
1156.0
908.5
836.5
1018.0
1291.0
875.5
895.0
929.5
898.0
715.0
143.5
1190.5
1111.0
635.5
217.0
91.0
1246.0
986.5
305.5
355.0
958.0
1078.0
706.0
706.0
1039.0
943.0
866.5
1094.5
443.5
1187.5
983.5
740.5
1012.0
800.5
341.5
943.0
1189.0
1051.0
1099.0
263.5
995.5
899.5
502.0
662.5
1243.0
613.0
359.5
445.0
1217.5
952.0
319.0
1100.5
1231.0
977.5
1301.5
905.5
520.0
638.5
1202.5
1261.0
671.5
1060.0
982.0
658.0
1067.5
1024.0
577.0
266.5
1118.5
916.0
794.5
848.5
652.0
1034.5
1202.5
710.5
1018.0
692.5
554.5
1181.5
1243.0
1202.5
746.5
1139.5
1094.5
1129.0
839.5
1048.0
856.0
331.0
940.0
1201.0
421.0
1156.0
745.0
1196.5
638.5
991.0
832.0
1126.0
902.5
1199.5
869.5
1151.5
1232.5
1133.5
298.0
913.0
397.0
646.0
452.5
971.5
442.0
1172.5
1205.5
1199.5
1109.5
917.5
1196.5
434.5
1171.0
968.5
1075.0
1216.0
1079.5
1112.5
1181.5
1153.0
1142.5
871.0
1196.5
403.0
964.0
451.0
1081.0
836.5
535.0
683.5
1082.5
1025.5
1111.0
683.5
683.5
970.0
1139.5
700.0
1163.5
601.0
1171.0
1144.0
344.5
1028.5
997.0
623.5
839.5
1028.5
1193.5
1196.5
1010.5
1168.0
1018.0
1000.0
832.0
1124.5
1163.5
967.0
1202.5
1103.5
806.5
839.5
1190.5
1205.5
1205.5
1081.0
815.5
971.5
1246.0
1181.5
821.5
839.5
1055.5
365.5
1115.5
949.0
1123.0
844.0
1114.0
790.0
835.0
956.5
1078.0
1033.0
1000.0
1043.5
1049.5
1199.5
634.0
1049.5
767.5
718.0
830.5
592.0
289.0
1154.5
415.0
230.5
248.5
1111.0
1243.0
598.0
257.5
781.0
161.5
521.5
1123.0
338.5
961.0
1247.5
1108.0
596.5
872.5
760.0
911.5
974.5
607.0
694.0
1217.5
1025.5
769.0
1075.0
856.0
554.5
1294.0
994.0
1085.5
1085.5
971.5
649.0
598.0
727.0
1133.5
988.0
1042.0
742.0
1285.0
1276.0
1237.0
1058.5
1204.0
1195.0
223.0
977.5
689.5
607.0
1037.5
980.5
1021.0
461.5
1187.5
1111.0
734.5
1066.0
1258.0
526.0
313.0
574.0
1147.0
358.0
236.5
592.0
173.5
985.0
715.0
1094.5
985.0
1153.0
500.5
1015.0
1103.5
886.0
512.5
1133.5
394.0
992.5
1229.5
1208.5
314.5
953.5
1064.5
475.0
623.5
1195.0
911.5
781.0
721.0
613.0
1100.5
1091.5
350.5
176.5
961.0
989.5
709.0
821.5
1096.0
1303.0
811.0
464.5
940.0
752.5
1091.5
934.0
76.0
718.0
1271.5
1175.5
1310.5
1135.0
998.5
205.0
1232.5
956.5
1169.5
712.0
1066.0
1241.5
1223.5
701.5
856.0
673.0
1105.0
1138.0
1084.0
712.0
284.5
821.5
862.0
668.5
337.0
1132.0
1025.5
673.0
1193.5
1061.5
1222.0
977.5
253.0
1013.5
571.0
1091.5
1018.0
1091.5
322.0
997.0
244.0
806.5
878.5
1051.0
706.0
871.0
1016.5
359.5
749.5
1169.5
356.5
935.5
1060.0
868.0
992.5
613.0
715.0
1228.0
1145.5
1084.0
1049.5
491.5
1255.0
802.0
1147.0
311.5
689.5
1175.5
1259.5
1244.5
1019.5
1021.0
1241.5
1076.5
328.0
518.5
503.5
797.5
805.0
530.5
1192.0
886.0
331.0
431.5
368.5
1189.0
1009.0
1306.0
1033.0
187.0
994.0
61.0
1198.0
1144.0
709.0
370.0
1073.5
653.5
1004.5
797.5
745.0
1130.5
1057.0
1099.0
1000.0
1151.5
851.5
745.0
361.0
518.5
1024.0
373.0
983.5
323.5
1145.5
1108.0
998.5
1127.5
1108.0
1316.5
607.0
1000.0
812.5
1174.0
1229.5
499.0
844.0
623.5
797.5
893.5
815.5
800.5
1234.0
806.5
370.0
1106.5
1123.0
1078.0
920.5
1135.0
931.0
1187.5
1136.5
839.5
209.5
1105.0
1159.0
595.0
1256.5
293.5
896.5
779.5
820.0
460.0
353.5
131.5
818.5
440.5
557.5
1021.0
1147.0
964.0
785.5
335.5
446.5
584.5
652.0
50.5
1114.0
1271.5
1352.5
565.0
1151.5
653.5
1199.5
1252.0
1090.0
469.0
1052.5
1241.5
218.5
953.5
1154.5
686.5
970.0
1235.5
1259.5
815.5
586.0
991.0
1141.0
941.5
808.0
1103.5
784.0
866.5
554.5
929.5
299.5
1069.0
652.0
1123.0
715.0
412.0
1064.5
1024.0
589.0
976.0
1000.0
1247.5
1084.0
1217.5
1240.0
481.0
1000.0
521.5
1199.5
781.0
1075.0
1241.5
601.0
838.0
736.0
911.5
1159.0
263.5
289.0
1240.0
979.0
875.5
455.5
1234.0
1025.5
1133.5
1205.5
464.5
841.0
874.0
587.5
586.0
1072.0
871.0
868.0
935.5
979.0
331.0
1205.5
851.5
1117.0
1181.5
1232.5
791.5
674.5
1223.5
761.5
773.5
1121.5
703.0
1019.5
91.0
175.0
461.5
997.0
551.5
1127.5
893.5
1150.0
811.0
1154.5
592.0
599.5
575.5
1001.5
488.5
590.5
454.0
575.5
215.5
238.0
653.5
1070.5
457.0
1150.0
1186.0
1216.0
1004.5
499.0
935.5
751.0
1318.0
1058.5
1246.0
496.0
1085.5
1000.0
305.5
1171.0
827.5
1205.5
823.0
943.0
413.5
1072.0
811.0
293.5
149.5
244.0
1219.0
1133.5
575.5
1196.5
1105.0
685.0
1187.5
847.0
1021.0
1217.5
1042.0
1141.0
1198.0
808.0
581.5
1120.0
989.5
1178.5
665.5
917.5
1045.0
466.0
689.5
490.0
385.0
1187.5
614.5
694.0
599.5
991.0
299.5
1055.5
1109.5
1063.0
1043.5
254.5
886.0
1153.0
688.0
170.5
1234.0
416.5
890.5
1223.5
1214.5
916.0
1045.0
947.5
1207.0
926.5
976.0
902.5
1198.0
1139.5
1286.5
986.5
1184.5
1133.5
389.5
878.5
1231.0
613.0
940.0
461.5
1022.5
746.5
1012.0
325.0
1235.5
658.0
1037.5
1274.5
910.0
1198.0
848.5
1207.0
374.5
1247.5
1103.5
1087.0
713.5
839.5
1079.5
568.0
868.0
409.0
206.5
1016.5
821.5
1231.0
827.5
1283.5
1102.0
1024.0
1216.0
764.5
716.5
1136.5
868.0
887.5
1027.0
578.5
956.5
1160.5
419.5
1190.5
962.5
497.5
1315.0
1042.0
115.0
1001.5
328.0
1045.0
1141.0
379.0
1190.5
584.5
1282.0
581.5
926.5
731.5
1118.5
949.0
1078.0
1093.0
997.0
994.0
1160.5
1187.5
920.5
886.0
725.5
949.0
970.0
1049.5
1096.0
503.5
1229.5
1118.5
83.5
869.5
917.5
859.0
1361.5
994.0
494.5
643.0
842.5
1141.0
406.0
391.0
854.5
1081.0
965.5
958.0
289.0
1274.5
1117.0
1043.5
913.0
715.0
313.0
593.5
1004.5
1082.5
1049.5
479.5
535.0
1018.0
866.5
320.5
881.5
994.0
1001.5
1045.0
1325.5
1036.0
1181.5
1156.0
1213.0
979.0
1132.0
1085.5
1289.5
1201.0
121.0
698.5
1102.0
1258.0
1196.5
679.0
769.0
139.0
334.0
1054.0
653.5
929.5
1099.0
1015.0
130.0
976.0
473.5
679.0
1244.5
665.5
1261.0
929.5
160.0
326.5
1183.0
1145.5
541.0
991.0
542.5
584.5
1183.0
452.5
1129.0
1289.5
965.5
968.5
751.0
946.0
850.0
709.0
949.0
1198.0
893.5
931.0
952.0
106.0
1012.0
1183.0
106.0
1003.0
1177.0
653.5
599.5
1168.0
1157.5
217.0
913.0
1291.0
515.5
1267.0
1094.5
382.0
629.5
1204.0
808.0
749.5
1184.5
811.0
1045.0
875.5
1166.5
361.0
877.0
926.5
1012.0
728.5
605.5
994.0
725.5
1064.5
1010.5
1055.5
1139.5
799.0
850.0
956.5
1129.0
337.0
1177.0
307.0
1294.0
773.5
1247.5
707.5
904.0
1259.5
734.5
460.0
895.0
1318.0
1165.0
502.0
613.0
545.5
1082.5
1075.0
1111.0
845.5
998.5
1202.5
293.5
719.5
1121.5
806.5
1256.5
296.5
931.0
1093.0
859.0
1270.0
1111.0
1084.0
1210.0
1057.0
931.0
742.0
655.0
227.5
871.0
886.0
925.0
890.5
1012.0
875.5
259.0
1262.5
1174.0
1190.5
512.5
1126.0
188.5
826.0
758.5
529.0
1097.5
472.0
178.0
478.0
1187.5
193.0
715.0
1031.5
1196.5
1120.0
293.5
608.5
602.5
169.0
992.5
808.0
682.0
1232.5
824.5
1081.0
1118.5
509.5
1039.0
737.5
628.0
755.5
514.0
1066.0
632.5
1042.0
703.0
1124.5
853.0
1264.0
1264.0
706.0
1172.5
298.0
1151.5
1028.5
1064.5
940.0
455.5
1142.5
1253.5
652.0
1109.5
871.0
601.0
970.0
1169.5
1136.5
766.0
1088.5
557.5
1219.0
935.5
665.5
1108.0
1259.5
553.0
319.0
1189.0
1007.5
1171.0
265.0
323.5
881.5
1031.5
1390.0
1102.0
809.5
1066.0
1201.0
536.5
1157.5
1213.0
715.0
1282.0
710.5
979.0
617.5
838.0
728.5
880.0
1345.0
502.0
1094.5
1198.0
857.5
755.5
644.5
1030.0
1229.5
971.5
1189.0
830.5
1123.0
289.0
1156.0
1099.0
1102.0
1040.5
1138.0
1099.0
1117.0
995.5
1330.0
1060.0
950.5
649.0
1273.0
710.5
1160.5
1048.0
946.0
952.0
512.5
890.5
814.0
329.5
1049.5
529.0
116.5
1072.0
1003.0
878.5
878.5
625.0
923.5
716.5
1252.0
1106.5
1001.5
911.5
1232.5
1172.5
1175.5
406.0
1141.0
887.5
895.0
299.5
824.5
1109.5
1106.5
1040.5
1123.0
631.0
232.0
121.0
1127.5
856.0
289.0
229.0
1037.5
644.5
1030.0
640.0
1004.5
1075.0
304.0
1264.0
772.0
1136.5
914.5
1042.0
443.5
385.0
1046.5
760.0
1217.5
907.0
877.0
332.5
1199.5
1121.5
1025.5
1375.0
1180.0
701.5
1120.0
1072.0
949.0
1141.0
967.0
1064.5
1030.0
628.0
764.5
1049.5
1123.0
961.0
1036.0
1091.5
1151.5
887.5
838.0
1142.5
1250.5
1016.5
253.0
1004.5
1181.5
463.0
1070.5
203.5
881.5
368.5
770.5
211.0
1108.0
827.5
278.5
316.0
929.5
1168.0
842.5
911.5
1136.5
497.5
1123.0
311.5
241.0
1003.0
59.5
775.0
434.5
1091.5
1078.0
361.0
1114.0
823.0
1058.5
142.0
971.5
1051.0
634.0
554.5
1198.0
826.0
1216.0
1201.0
949.0
1183.0
808.0
1195.0
974.5
1007.5
848.5
1300.0
875.5
1118.5
70.0
1202.5
1126.0
926.5
286.0
1219.0
938.5
1078.0
1219.0
1093.0
1301.5
1000.0
1075.0
1069.0
929.5
593.5
275.5
1004.5
1121.5
1144.0
973.0
688.0
269.5
530.5
656.5
1034.5
289.0
1175.5
1157.5
860.5
277.0
428.5
1267.0
1093.0
934.0
1118.5
1069.0
1148.5
742.0
734.5
406.0
1015.0
1324.0
1247.5
880.0
979.0
1066.0
829.0
947.5
836.5
925.0
1018.0
1006.0
1219.0
1120.0
1108.0
1168.0
131.5
1024.0
1199.5
430.0
874.0
1127.5
83.5
932.5
914.5
1255.0
1214.5
832.0
1069.0
925.0
602.5
898.0
1024.0
1366.0
964.0
1034.5
1117.0
758.5
1187.5
1142.5
1076.5
559.0
1225.0
1130.5
1045.0
611.5
316.0
725.5
1142.5
265.0
799.0
922.0
1112.5
1105.0
1121.5
1351.0
889.0
775.0
779.5
1175.5
1244.5
1163.5
1055.5
1226.5
1129.0
752.5
1258.0
851.5
941.5
802.0
1076.5
770.5
919.0
998.5
250.0
856.0
146.5
1270.0
724.0
1277.5
800.5
1186.0
1235.5
823.0
1061.5
1136.5
365.5
152.5
454.0
761.5
1195.0
1009.0
1010.5
1060.0
926.5
1195.0
2.5
718.0
949.0
823.0
355.0
509.5
1159.0
1135.0
745.0
847.0
1234.0
1045.0
1109.5
655.0
370.0
788.5
1147.0
1226.5
650.5
700.0
1205.5
664.0
1046.5
1037.5
661.0
1096.0
1240.0
1039.0
1151.5
1048.0
148.0
1136.5
592.0
913.0
1145.5
1156.0
235.0
808.0
454.0
892.0
1069.0
1054.0
1087.0
1121.5
997.0
1031.5
1144.0
773.5
1108.0
1102.0
1103.5
1135.0
1024.0
1022.5
1100.5
511.0
646.0
1247.5
895.0
911.5
1145.5
814.0
767.5
1159.0
968.5
1052.5
1135.0
757.0
1294.0
413.5
274.0
1180.0
847.0
176.5
1286.5
719.5
1232.5
815.5
643.0
929.5
356.5
901.0
863.5
778.0
215.5
827.5
608.5
628.0
1012.0
1033.0
1097.5
1159.0
1154.5
1132.0
1319.5
1151.5
1357.0
793.0
676.0
898.0
1075.0
911.5
1085.5
1084.0
1126.0
1072.0
353.5
412.0
664.0
973.0
1219.0
902.5
1300.0
1154.5
1262.5
532.0
865.0
583.0
751.0
1228.0
1195.0
1235.5
1072.0
415.0
538.0
257.5
227.5
1252.0
1063.0
1120.0
1004.5
1096.0
1091.5
1139.5
554.5
1291.0
238.0
1196.5
211.0
917.5
745.0
424.0
1229.5
1150.0
271.0
1091.5
1190.5
940.0
1267.0
1168.0
1079.5
964.0
1247.5
1202.5
643.0
965.5
1036.0
1106.5
1285.0
1303.0
250.0
508.0
412.0
1148.5
1003.0
857.5
1289.5
932.5
1211.5
1324.0
800.5
1274.5
451.0
1072.0
256.0
953.5
979.0
677.5
245.5
919.0
782.5
1241.5
1130.5
1163.5
1288.0
1025.5
1157.5
1210.0
877.0
1094.5
665.5
1288.0
1159.0
713.5
1022.5
658.0
917.5
956.5
1294.0
1088.5
608.5
772.0
979.0
52.0
700.0
1012.0
1219.0
1102.0
854.5
974.5
119.5
1130.5
1153.0
328.0
1057.0
755.5
157.0
553.0
544.0
508.0
937.0
332.5
167.5
551.5
752.5
889.0
665.5
1109.5
1147.0
1060.0
992.5
1219.0
340.0
733.0
491.5
1186.0
770.5
1006.0
797.5
995.5
664.0
493.0
1150.0
1240.0
1199.5
457.0
781.0
904.0
646.0
611.5
1117.0
1135.0
1106.5
1181.5
1292.5
1199.5
919.0
677.5
937.0
1217.5
1007.5
931.0
1234.0
1109.5
988.0
821.5
1115.5
704.5
1108.0
1018.0
947.5
989.5
464.5
424.0
1213.0
925.0
1177.0
343.0
97.0
1189.0
619.0
1154.5
766.0
988.0
676.0
1280.5
1154.5
1034.5
227.5
1229.5
262.0
1169.5
1079.5
1096.0
1048.0
1219.0
269.5
1193.5
1045.0
1045.0
1277.5
802.0
770.5
1087.0
1193.5
914.5
757.0
692.5
1090.0
1205.5
1100.5
254.5
1141.0
1325.5
457.0
1124.5
814.0
605.5
934.0
988.0
923.5
784.0
251.5
812.5
1016.5
1048.0
316.0
1163.5
872.5
494.5
1061.5
1267.0
947.5
1169.5
301.0
1132.0
562.0
928.0
985.0
1279.0
931.0
418.0
1046.5
881.5
988.0
1138.0
634.0
811.0
766.0
508.0
620.5
1150.0
344.5
1030.0
310.0
1114.0
1246.0
859.0
1136.5
920.5
331.0
1007.5
151.0
716.5
1078.0
1189.0
947.5
992.5
352.0
868.0
713.5
1163.5
398.5
706.0
244.0
280.0
850.0
1118.5
1193.5
1103.5
1123.0
766.0
1244.5
1051.0
1241.5
617.5
1274.5
778.0
518.5
737.5
1222.0
994.0
1267.0
1057.0
697.0
1160.5
847.0
1135.0
1205.5
1169.5
1076.5
773.5
1180.0
1292.5
1126.0
937.0
373.0
1157.5
1022.5
989.5
988.0
854.5
1255.0
1184.5
1181.5
952.0
1036.0
887.5
965.5
1172.5
116.5
1111.0
1264.0
1016.5
1136.5
647.5
1031.5
1124.5
1238.5
685.0
440.5
1151.5
1037.5
1090.0
1172.5
926.5
797.5
1225.0
881.5
1219.0
407.5
182.5
902.5
947.5
1111.0
1256.5
1004.5
958.0
1340.5
820.0
985.0
467.5
787.0
1321.0
913.0
665.5
1288.0
1133.5
710.5
988.0
601.0
1220.5
418.0
386.5
1189.0
845.5
613.0
1096.0
446.5
778.0
742.0
1075.0
697.0
1025.5
1009.0
520.0
1208.5
661.0
1123.0
629.5
958.0
743.5
1153.0
520.0
1337.5
985.0
1060.0
184.0
317.5
667.0
1102.0
997.0
1037.5
988.0
1151.5
656.5
731.5
175.0
407.5
1175.5
1349.5
755.5
1166.5
1247.5
1244.5
1241.5
394.0
302.5
928.0
584.5
323.5
1102.0
1322.5
917.5
644.5
1222.0
721.0
845.5
778.0
1063.0
359.5
613.0
767.5
1201.0
1295.5
1153.0
752.5
1117.0
1205.5
727.0
1232.5
641.5
829.0
994.0
1114.0
1039.0
1076.5
493.0
1247.5
1091.5
1216.0
1084.0
239.5
898.0
971.5
1157.5
1306.0
1163.5
1157.5
199.0
323.5
761.5
1021.0
98.5
1066.0
935.5
767.5
470.5
1036.0
1157.5
934.0
1288.0
644.5
886.0
289.0
121.0
428.5
1042.0
1148.5
311.5
523.0
1111.0
799.0
1063.0
1177.0
1160.5
718.0
1240.0
451.0
659.5
733.0
1219.0
1237.0
836.5
769.0
250.0
1139.5
1024.0
1211.5
268.0
890.5
1238.5
722.5
802.0
469.0
1193.5
1021.0
1306.0
1103.5
938.5
388.0
971.5
938.5
755.5
638.5
733.0
794.5
967.0
1240.0
1120.0
1145.5
932.5
1135.0
1145.5
1150.0
1129.0
1190.5
1039.0
464.5
59.5
1150.0
956.5
1000.0
1247.5
1195.0
1027.0
535.0
974.5
953.5
518.5
967.0
950.5
1006.0
770.5
1180.0
1204.0
935.5
1199.5
467.5
1039.0
1016.5
931.0
1153.0
1312.0
737.5
1207.0
902.5
977.5
1249.0
782.5
995.5
901.0
1315.0
782.5
1103.5
316.0
868.0
1162.0
62.5
997.0
896.5
1289.5
1049.5
638.5
598.0
916.0
851.5
1124.5
1141.0
388.0
652.0
1159.0
1070.5
1189.0
892.0
1157.5
983.5
1045.0
295.0
1279.0
1048.0
890.5
1187.5
1016.5
835.0
742.0
641.5
1115.5
734.5
187.0
698.5
407.5
1030.0
1027.0
1090.0
790.0
679.0
1034.5
596.5
959.5
1066.0
1112.5
784.0
1126.0
1228.0
1145.5
871.0
1019.5
629.5
254.5
865.0
1010.5
983.5
908.5
823.0
530.5
610.0
671.5
929.5
989.5
1282.0
1156.0
1181.5
292.0
487.0
1217.5
668.5
1114.0
709.0
419.5
971.5
1064.5
1088.5
1112.5
1081.0
446.5
722.5
1057.0
848.5
218.5
1159.0
1205.5
1231.0
905.5
1058.5
1087.0
301.0
898.0
1070.5
1277.5
643.0
1165.0
1114.0
1057.0
1039.0
806.5
227.5
589.0
83.5
1204.0
719.5
1204.0
754.0
1163.5
346.0
854.5
1157.5
1037.5
1025.5
1153.0
1052.5
347.5
745.0
757.0
1102.0
1157.5
577.0
547.0
356.5
1084.0
1246.0
758.5
1007.5
1112.5
1018.0
1114.0
674.5
146.5
307.0
1168.0
782.5
1223.5
200.5
968.5
1163.5
185.5
959.5
917.5
850.0
964.0
796.0
1075.0
1193.5
931.0
1117.0
694.0
757.0
214.0
707.5
1181.5
346.0
1211.5
1235.5
1160.5
1181.5
221.5
1061.5
907.0
932.5
854.5
1133.5
998.5
988.0
1295.5
905.5
295.0
320.5
1052.5
1132.0
1001.5
721.0
1114.0
1036.0
880.0
920.5
455.5
635.5
215.5
107.5
518.5
824.5
722.5
428.5
950.5
1132.0
1103.5
1061.5
1049.5
1157.5
616.0
1207.0
781.0
1220.5
800.5
1232.5
310.0
1094.5
1018.0
481.0
746.5
1262.5
614.5
680.5
872.5
572.5
1279.0
1061.5
167.5
944.5
617.5
779.5
128.5
290.5
638.5
1051.0
434.5
395.5
1286.5
391.0
914.5
1225.0
665.5
1378.0
1186.0
982.0
904.0
925.0
121.0
932.5
1162.0
185.5
496.0
743.5
1007.5
1135.0
910.0
839.5
727.0
290.5
676.0
746.5
589.0
1156.0
938.5
1184.5
1004.5
944.5
320.5
997.0
1153.0
1289.5
1235.5
814.0
673.0
980.5
1123.0
868.0
787.0
362.5
641.5
728.5
655.0
874.0
1007.5
757.0
1166.5
719.5
721.0
533.5
778.0
676.0
1156.0
1112.5
928.0
1049.5
1150.0
619.0
299.5
890.5
293.5
586.0
464.5
317.5
1093.0
211.0
727.0
770.5
695.5
1177.0
1085.5
1066.0
797.5
385.0
208.0
1198.0
1144.0
1078.0
983.5
73.0
1240.0
880.0
424.0
377.5
1136.5
407.5
668.5
976.0
1009.0
755.5
1046.5
1010.5
1315.0
1072.0
1187.5
473.5
896.5
748.0
152.5
1169.5
772.0
1037.5
644.5
848.5
1085.5
889.0
997.0
1051.0
904.0
574.0
742.0
1297.0
973.0
733.0
1133.5
610.0
1195.0
1108.0
1093.0
892.0
881.5
1030.0
503.5
1213.0
1130.5
442.0
877.0
1157.5
739.0
662.5
874.0
733.0
800.5
1184.5
775.0
586.0
1226.5
814.0
235.0
946.0
988.0
1031.5
1043.5
1180.0
943.0
1093.0
1031.5
1166.5
925.0
496.0
1327.0
1049.5
541.0
881.5
1069.0
994.0
734.5
343.0
764.5
1319.5
1069.0
919.0
1222.0
1189.0
1051.0
244.0
1031.5
1201.0
229.0
1223.5
895.0
1064.5
737.5
1150.0
769.0
521.5
995.5
311.5
1216.0
1204.0
338.5
511.0
812.5
1030.0
976.0
1072.0
1061.5
271.0
634.0
1172.5
1076.5
1123.0
665.5
1190.5
1279.0
1205.5
1171.0
790.0
1262.5
583.0
1228.0
817.0
1076.5
851.5
1189.0
794.5
905.5
1010.5
1097.5
1247.5
1192.0
1190.5
1031.5
1195.0
862.0
1082.5
586.0
764.5
274.0
769.0
1084.0
935.5
1159.0
712.0
884.5
550.0
1280.5
1235.5
910.0
889.0
808.0
763.0
1114.0
1325.5
940.0
1126.0
611.5
1058.5
998.5
905.5
428.5
728.5
562.0
1090.0
973.0
859.0
760.0
1204.0
1133.5
650.5
389.5
1079.5
356.5
553.0
541.0
1270.0
695.5
857.5
805.0
1142.5
304.0
125.5
931.0
640.0
1060.0
1147.0
1126.0
944.5
565.0
760.0
1042.0
1202.5
946.0
1195.0
1151.5
305.5
592.0
1012.0
305.5
976.0
1133.5
707.5
850.0
268.0
173.5
811.0
994.0
1241.5
1036.0
784.0
1187.5
730.0
1304.5
824.5
973.0
748.0
139.0
1042.0
110.5
476.5
100.0
1154.5
932.5
1060.0
854.5
1109.5
1051.0
989.5
1048.0
212.5
1129.0
970.0
302.5
1256.5
1126.0
896.5
881.5
1105.0
860.5
1264.0
437.5
1019.5
604.0
770.5
1211.5
628.0
1213.0
949.0
991.0
1244.5
1288.0
923.5
905.5
815.5
1133.5
1091.5
829.0
950.5
860.5
1168.0
1177.0
959.5
781.0
844.0
994.0
742.0
613.0
913.0
896.5
149.5
1094.5
1090.0
1145.5
1231.0
316.0
1076.5
1310.5
1130.5
875.5
700.0
784.0
566.5
818.5
1061.5
772.0
1159.0
1129.0
992.5
134.5
886.0
1061.5
773.5
1180.0
796.0
1156.0
962.5
1367.5
469.0
865.0
482.5
707.5
1124.5
835.0
355.0
554.5
856.0
745.0
325.0
1334.5
341.5
1033.0
914.5
763.0
1160.5
1121.5
1133.5
1280.5
958.0
544.0
914.5
889.0
1046.5
772.0
388.0
608.5
1054.0
1261.0
1181.5
1102.0
623.5
1085.5
556.0
308.5
1183.0
608.5
1093.0
752.5
958.0
1168.0
905.5
1210.0
490.0
1016.5
919.0
1082.5
995.5
326.5
817.0
1244.5
1136.5
425.5
1153.0
1177.0
1130.5
1217.5
1037.5
479.5
1099.0
1060.0
1145.5
1081.0
437.5
1205.5
613.0
1004.5
988.0
754.0
793.0
1090.0
253.0
1333.0
1030.0
461.5
1010.5
1160.5
649.0
869.5
1217.5
949.0
1154.5
1093.0
809.5
1217.5
388.0
308.5
965.5
257.5
1079.5
707.5
682.0
887.5
779.5
1196.5
1007.5
400.0
857.5
320.5
1010.5
512.5
145.0
1382.5
584.5
890.5
1124.5
830.5
1159.0
1141.0
379.0
1130.5
1183.0
1016.5
971.5
1190.5
586.0
1117.0
338.5
341.5
1088.5
973.0
1307.5
1295.5
548.5
1105.0
655.0
1084.0
386.5
1285.0
163.0
569.5
1231.0
1042.0
1042.0
589.0
1124.5
1189.0
1060.0
457.0
974.5
1172.5
823.0
653.5
920.5
1160.5
1112.5
1222.0
854.5
1241.5
550.0
1093.0
803.5
1154.5
536.5
1082.5
371.5
442.0
544.0
763.0
1030.0
655.0
956.5
965.5
845.5
1208.5
1180.0
724.0
718.0
629.5
445.0
493.0
395.5
434.5
1048.0
245.5
847.0
1076.5
1195.0
514.0
1064.5
1084.0
1157.5
1258.0
1160.5
893.5
470.5
412.0
1199.5
1105.0
94.0
1304.5
1127.5
908.5
337.0
925.0
1000.0
232.0
818.5
544.0
1097.5
826.0
569.5
637.0
1024.0
1084.0
1268.5
1006.0
1102.0
1189.0
1108.0
112.0
637.0
1189.0
398.5
1252.0
1177.0
286.0
314.5
1310.5
1243.0
839.5
910.0
739.0
626.5
1270.0
682.0
1126.0
1049.5
1054.0
925.0
340.0
940.0
1220.5
1259.5
197.5
1019.5
1207.0
862.0
1147.0
505.0
701.5
1090.0
991.0
214.0
958.0
920.5
925.0
1265.5
1222.0
1151.5
175.0
1303.0
1084.0
976.0
578.5
280.0
1171.0
995.5
1097.5
1160.5
874.0
1208.5
1297.0
710.5
1009.0
937.0
1090.0
1201.0
209.5
196.0
785.5
1069.0
323.5
751.0
725.5
1054.0
1037.5
890.5
1187.5
1186.0
175.0
1126.0
1252.0
1163.5
1003.0
1088.5
1129.0
1274.5
686.5
1234.0
1076.5
193.0
478.0
367.0
947.5
529.0
1286.5
701.5
1217.5
1168.0
614.5
988.0
251.5
892.0
1225.0
680.5
1282.0
1295.5
1228.0
1091.5
1246.0
259.0
311.5
1027.0
352.0
872.5
944.5
251.5
1100.5
827.5
1045.0
1054.0
502.0
1025.5
904.0
553.0
1030.0
1162.0
326.5
1222.0
1133.5
1063.0
442.0
1172.5
1099.0
1189.0
988.0
551.5
1141.0
676.0
1088.5
1309.0
784.0
847.0
947.5
773.5
1144.0
305.5
251.5
1306.0
721.0
1309.0
1019.5
1109.5
466.0
401.5
188.5
473.5
313.0
809.5
269.5
535.0
676.0
373.0
725.5
1145.5
1201.0
839.5
863.5
502.0
385.0
545.5
1075.0
772.0
1100.5
1019.5
1243.0
278.5
1150.0
430.0
1225.0
1100.5
211.0
1157.5
1135.0
278.5
925.0
997.0
1057.0
832.0
1145.5
1130.5
1094.5
1190.5
1205.5
692.5
245.5
1208.5
1168.0
1061.5
749.5
1250.5
854.5
1084.0
674.5
1295.5
1016.5
274.0
649.0
1037.5
1156.0
1226.5
1157.5
1204.0
836.5
899.5
1159.0
1220.5
785.5
1081.0
554.5
515.5
1091.5
448.0
1166.5
1064.5
1229.5
1169.5
647.5
1058.5
973.0
1217.5
1276.0
529.0
823.0
1153.0
950.5
641.5
973.0
1034.5
971.5
1198.0
571.0
689.5
1159.0
1069.0
1259.5
1073.5
1052.5
1130.5
1294.0
1171.0
556.0
487.0
1270.0
656.5
677.5
454.0
1229.5
1103.5
1229.5
169.0
458.5
1219.0
973.0
1057.0
314.5
1112.5
851.5
239.5
728.5
577.0
965.5
1288.0
911.5
913.0
1033.0
1043.5
1193.5
1150.0
1178.5
334.0
1213.0
806.5
1141.0
958.0
824.5
364.0
793.0
302.5
733.0
1147.0
1055.5
1019.5
370.0
1295.5
1162.0
680.5
1102.0
967.0
1007.5
407.5
977.5
773.5
871.0
1169.5
779.5
346.0
889.0
1018.0
734.5
935.5
1276.0
869.5
1052.5
851.5
994.0
1205.5
1168.0
1196.5
1114.0
1259.5
1163.5
425.5
1016.5
772.0
1112.5
770.5
527.5
1073.5
1046.5
1175.5
1133.5
287.5
958.0
631.0
721.0
530.5
1015.0
1186.0
458.5
1264.0
718.0
1222.0
1294.0
1151.5
935.5
1351.0
175.0
1051.0
1033.0
961.0
919.0
796.0
1001.5
848.5
827.5
1183.0
902.5
802.0
1012.0
710.5
1055.5
1178.5
850.0
1210.0
992.5
953.5
926.5
1304.5
220.0
259.0
1223.5
970.0
1112.5
634.0
1118.5
569.5
1018.0
622.0
1012.0
1043.5
794.5
1037.5
680.5
1108.0
898.0
991.0
884.5
1100.5
521.5
1202.5
350.5
580.0
1316.5
497.5
175.0
1303.0
1093.0
1021.0
1130.5
893.5
1291.0
727.0
871.0
1015.0
770.5
905.5
727.0
1132.0
946.0
1054.0
1054.0
637.0
794.5
703.0
389.5
818.5
1112.5
118.0
1049.5
878.5
1172.5
1073.5
1180.0
514.0
1214.5
739.0
794.5
928.0
1154.5
581.5
1172.5
692.5
671.5
1046.5
1277.5
641.5
1060.0
1238.5
1162.0
1252.0
677.5
431.5
1168.0
302.5
1202.5
913.0
65.5
1010.5
359.5
1181.5
697.0
1036.0
1225.0
535.0
962.5
994.0
896.5
925.0
962.5
707.5
548.5
394.0
1186.0
718.0
209.5
947.5
824.5
661.0
602.5
424.0
442.0
472.0
1166.5
1028.5
1244.5
764.5
667.0
317.5
1091.5
260.5
1178.5
1219.0
271.0
1163.5
1214.5
1102.0
1057.0
401.5
1189.0
455.5
1060.0
1075.0
1259.5
1130.5
1004.5
986.5
910.0
503.5
647.5
1073.5
811.0
440.5
1265.5
1168.0
977.5
608.5
881.5
1132.0
980.5
1027.0
1228.0
466.0
584.5
1280.5
77.5
887.5
908.5
1129.0
1123.0
1261.0
1040.5
1262.5
1201.0
1157.5
1163.5
979.0
1090.0
991.0
872.5
905.5
1082.5
697.0
1027.0
170.5
1318.0
811.0
944.5
979.0
1262.5
1340.5
1043.5
1222.0
170.5
1121.5
1201.0
764.5
1133.5
233.5
1294.0
1097.5
1139.5
1109.5
236.5
1153.0
497.5
985.0
1303.0
1292.5
941.5
817.0
607.0
637.0
733.0
1027.0
902.5
1007.5
1246.0
157.0
1147.0
979.0
773.5
967.0
647.5
917.5
250.0
985.0
592.0
991.0
1070.5
371.5
526.0
1202.5
511.0
1049.5
217.0
536.5
287.5
832.0
1072.0
214.0
434.5
1006.0
1267.0
1145.5
859.0
1138.0
668.5
907.0
719.5
1172.5
721.0
935.5
799.0
1070.5
1153.0
892.0
667.0
1010.5
359.5
1192.0
1159.0
1235.5
896.5
964.0
1015.0
1214.5
371.5
1082.5
679.0
889.0
908.5
1244.5
950.5
925.0
412.0
1250.5
976.0
974.5
1193.5
629.5
904.0
409.0
1207.0
776.5
1093.0
1247.5
1174.0
1051.0
1184.5
751.0
1000.0
1168.0
617.5
763.0
1057.0
608.5
947.5
1112.5
146.5
1234.0
782.5
1079.5
1106.5
1288.0
1126.0
229.0
1172.5
286.0
122.5
1031.5
448.0
703.0
341.5
997.0
1297.0
1157.5
979.0
1009.0
898.0
718.0
490.0
1159.0
1147.0
1196.5
1108.0
1211.5
1223.5
1285.0
1078.0
283.0
295.0
782.5
1145.5
1196.5
734.5
580.0
781.0
320.5
1196.5
1198.0
550.0
1223.5
1345.0
578.5
1019.5
1256.5
448.0
1109.5
716.5
910.0
523.0
1288.0
1118.5
1079.5
404.5
1153.0
683.5
1019.5
1181.5
872.5
1213.0
1067.5
862.0
835.0
1076.5
1304.5
1031.5
1217.5
1285.0
1066.0
472.0
589.0
1127.5
911.5
1309.0
1081.0
1087.0
1223.5
178.0
1198.0
1202.5
841.0
994.0
859.0
815.5
1099.0
1078.0
1195.0
1313.5
1214.5
890.5
1213.0
979.0
1279.0
808.0
1166.5
791.5
974.5
46.0
