1090.0
767.5
466.0
482.5
77.5
799.0
809.5
481.0
419.5
721.0
868.0
212.5
409.0
895.0
361.0
374.5
868.0
376.0
1145.5
404.5
617.5
199.0
713.5
1136.5
505.0
527.5
437.5
229.0
134.5
779.5
52.0
524.5
215.5
649.0
452.5
365.5
1111.0
962.5
451.0
1100.5
931.0
736.0
167.5
557.5
346.0
767.5
494.5
638.5
824.5
922.0
154.0
884.5
223.0
623.5
184.0
782.5
1102.0
298.0
811.0
206.5
941.5
910.0
395.5
953.5
221.5
1057.0
709.0
613.0
398.5
473.5
619.0
377.5
839.5
980.5
196.0
778.0
619.0
680.5
1090.0
1127.5
233.5
974.5
634.0
682.0
1121.5
374.5
707.5
682.0
653.5
767.5
931.0
257.5
854.5
188.5
779.5
194.5
58.0
104.5
973.0
379.0
832.0
466.0
26.5
655.0
782.5
212.5
634.0
479.5
985.0
1171.0
179.5
764.5
496.0
328.0
593.5
244.0
875.5
323.5
641.5
472.0
271.0
988.0
910.0
170.5
1010.5
1060.0
295.0
478.0
898.0
328.0
223.0
1039.0
907.0
658.0
1151.5
580.0
869.5
542.5
688.0
635.5
134.5
248.5
430.0
752.5
797.5
790.0
379.0
314.5
1067.5
1120.0
533.5
992.5
605.5
694.0
961.0
359.5
346.0
848.5
629.5
1189.0
88.0
1073.5
764.5
722.5
133.0
317.5
1111.0
1094.5
958.0
1045.0
665.5
86.5
883.0
1111.0
620.5
787.0
1204.0
494.5
691.0
392.5
868.0
427.0
1075.0
514.0
883.0
377.5
595.0
473.5
422.5
38.5
875.5
166.0
796.0
622.0
286.0
898.0
622.0
860.5
359.5
722.5
640.0
479.5
814.0
1273.0
337.0
719.5
401.5
1061.5
298.0
734.5
881.5
1033.0
250.0
116.5
109.0
691.0
622.0
259.0
109.0
638.5
107.5
767.5
385.0
961.0
685.0
955.0
158.5
373.0
236.5
26.5
893.5
871.0
272.5
994.0
929.5
934.0
1241.5
932.5
514.0
1018.0
224.5
730.0
449.5
397.0
695.5
235.0
1085.5
533.5
800.5
689.5
673.0
1004.5
1219.0
1046.5
367.0
1042.0
143.5
239.5
236.5
718.0
215.5
148.0
568.0
130.0
619.0
827.5
214.0
290.5
1148.5
482.5
928.0
655.0
1009.0
1018.0
229.0
409.0
989.5
1022.5
626.5
952.0
1090.0
767.5
1067.5
268.0
434.5
949.0
608.5
716.5
950.5
742.0
1042.0
380.5
355.0
679.0
562.0
325.0
763.0
286.0
232.0
487.0
1138.0
961.0
794.5
857.5
1291.0
670.0
496.0
430.0
659.5
193.0
443.5
1172.5
271.0
157.0
379.0
1070.5
73.0
481.0
221.5
346.0
1022.5
689.5
98.5
646.0
44.5
910.0
1028.5
1084.0
736.0
124.0
257.5
565.0
644.5
347.5
812.5
1058.5
719.5
1208.5
508.0
373.0
565.0
211.0
1174.0
1093.0
1156.0
305.5
404.5
634.0
881.5
209.5
1072.0
961.0
1082.5
232.0
881.5
862.0
413.5
635.5
365.5
319.0
257.5
820.0
290.5
821.5
550.0
434.5
404.5
1024.0
779.5
602.5
1039.0
440.5
913.0
761.5
613.0
773.5
401.5
563.5
110.5
901.0
604.0
968.5
632.5
719.5
658.0
1073.5
752.5
742.0
341.5
359.5
820.0
566.5
692.5
442.0
130.0
728.5
1118.5
323.5
731.5
415.0
475.0
1094.5
949.0
1333.0
133.0
604.0
406.0
776.5
991.0
857.5
1066.0
344.5
1217.5
785.5
653.5
305.5
346.0
941.5
488.5
1232.5
614.5
1009.0
388.0
881.5
1178.5
485.5
308.5
929.5
1112.5
770.5
76.0
1190.5
785.5
833.5
653.5
553.0
362.5
203.5
746.5
67.0
257.5
1042.0
320.5
554.5
91.0
505.0
1043.5
998.5
320.5
824.5
134.5
227.5
419.5
820.0
310.0
161.5
1150.0
830.5
607.0
397.0
464.5
503.5
824.5
167.5
850.0
1096.0
722.5
187.0
785.5
859.0
775.0
428.5
781.0
949.0
194.5
17.5
385.0
890.5
398.5
341.5
968.5
734.5
149.5
1265.5
380.5
547.0
1100.5
934.0
874.0
802.0
1081.0
334.0
533.5
635.5
731.5
200.5
797.5
181.0
404.5
523.0
1162.0
728.5
628.0
1043.5
626.5
871.0
194.5
598.0
452.5
959.5
211.0
662.5
239.5
74.5
212.5
845.5
629.5
968.5
604.0
142.0
464.5
749.5
883.0
946.0
121.0
1088.5
815.5
179.5
964.0
1111.0
994.0
287.5
697.0
445.0
709.0
662.5
341.5
265.0
952.0
1231.0
817.0
1088.5
499.0
503.5
197.5
392.5
541.0
919.0
335.5
362.5
1001.5
1249.0
589.0
266.5
602.5
236.5
1085.5
611.5
1261.0
776.5
140.5
794.5
748.0
602.5
1084.0
298.0
187.0
1151.5
484.0
142.0
677.5
916.0
262.0
175.0
626.5
1016.5
251.5
302.5
298.0
371.5
1157.5
1037.5
647.5
679.0
592.0
940.0
1045.0
767.5
853.0
604.0
727.0
272.5
230.5
955.0
359.5
80.5
505.0
62.5
388.0
1049.5
685.0
712.0
892.0
1123.0
583.0
806.5
338.5
916.0
613.0
170.5
535.0
955.0
1184.5
965.5
559.0
1219.0
812.5
835.0
175.0
305.5
635.5
463.0
388.0
65.5
334.0
1030.0
1160.5
233.5
760.0
302.5
467.5
356.5
203.5
803.5
1033.0
92.5
379.0
868.0
572.5
514.0
445.0
326.5
899.5
962.5
641.5
785.5
649.0
890.5
682.0
1102.0
56.5
170.5
983.5
770.5
350.5
173.5
953.5
1094.5
614.5
692.5
319.0
413.5
586.0
1139.5
668.5
335.5
205.0
806.5
712.0
716.5
664.0
172.0
614.5
1169.5
1103.5
221.5
353.5
850.0
415.0
122.5
472.0
1165.0
187.0
260.5
1121.5
749.5
949.0
415.0
190.0
349.0
824.5
331.0
226.0
1049.5
964.0
778.0
566.5
394.0
653.5
860.5
580.0
610.0
1111.0
1180.0
736.0
314.5
434.5
551.5
547.0
1147.0
436.0
425.5
1016.5
307.0
953.5
1013.5
727.0
976.0
137.5
997.0
869.5
550.0
448.0
238.0
398.5
227.5
913.0
916.0
845.5
190.0
1145.5
925.0
413.5
142.0
1226.5
403.0
1085.5
656.5
508.0
100.0
379.0
979.0
889.0
748.0
827.5
526.0
427.0
337.0
1106.5
355.0
416.5
733.0
599.5
208.0
766.0
314.5
248.5
1183.0
232.0
641.5
709.0
254.5
344.5
409.0
284.5
505.0
1013.5
1090.0
644.5
1084.0
844.0
512.5
1163.5
259.0
293.5
1196.5
115.0
283.0
350.5
172.0
401.5
247.0
317.5
1133.5
845.5
226.0
262.0
298.0
77.5
1124.5
877.0
1019.5
383.5
1111.0
1030.0
1066.0
131.5
245.5
277.0
736.0
190.0
452.5
187.0
482.5
190.0
724.0
509.5
224.5
832.0
86.5
1255.0
242.5
430.0
241.0
844.0
446.5
415.0
406.0
637.0
283.0
527.5
365.5
767.5
955.0
530.5
892.0
185.5
865.0
445.0
904.0
725.5
305.5
352.0
764.5
776.5
875.5
247.0
874.0
958.0
509.5
365.5
424.0
40.0
1051.0
260.5
932.5
970.0
967.0
787.0
377.5
956.5
185.5
989.5
965.5
445.0
574.0
446.5
269.5
199.0
847.0
895.0
413.5
955.0
835.0
773.5
623.5
1244.5
542.5
302.5
224.5
770.5
500.5
614.5
377.5
358.0
262.0
226.0
988.0
955.0
959.5
445.0
1057.0
623.5
115.0
445.0
323.5
121.0
670.0
368.5
49.0
481.0
665.5
713.5
1000.0
1021.0
1195.0
817.0
592.0
859.0
686.5
275.5
640.0
280.0
158.5
530.5
50.5
259.0
976.0
754.0
274.0
913.0
473.5
704.5
284.5
935.5
449.5
869.5
641.5
881.5
760.0
691.0
547.0
883.0
155.5
274.0
923.5
1096.0
1055.5
862.0
1148.5
397.0
539.5
589.0
368.5
715.0
401.5
380.5
1154.5
809.5
280.0
896.5
1157.5
808.0
272.5
761.5
1126.0
655.0
169.0
329.5
1126.0
703.0
260.5
479.5
245.5
1042.0
260.5
466.0
1169.5
359.5
416.5
454.0
991.0
1066.0
1034.5
238.0
520.0
355.0
652.0
1112.5
760.0
935.5
334.0
305.5
1093.0
1207.0
568.0
1241.5
98.5
566.5
383.5
820.0
358.0
440.5
937.0
734.5
601.0
238.0
178.0
1019.5
1214.5
787.0
155.5
854.5
1007.5
314.5
719.5
1109.5
626.5
965.5
338.5
952.0
427.0
623.5
856.0
505.0
955.0
365.5
985.0
355.0
217.0
1180.0
1151.5
164.5
526.0
400.0
205.0
610.0
1205.5
1055.5
376.0
470.5
625.0
182.5
914.5
253.0
298.0
334.0
616.0
988.0
286.0
737.5
536.5
739.0
364.0
565.0
677.5
995.5
1013.5
608.5
403.0
380.5
263.5
290.5
409.0
916.0
625.0
587.5
443.5
397.0
133.0
812.5
905.5
715.0
1147.0
683.5
578.5
940.0
568.0
686.5
691.0
241.0
410.5
1055.5
1034.5
1130.5
820.0
149.5
566.5
358.0
839.5
308.5
329.5
1159.0
125.5
206.5
430.0
451.0
427.0
635.5
887.5
830.5
1244.5
395.5
1100.5
356.5
809.5
1117.0
898.0
283.0
415.0
640.0
61.0
220.0
1108.0
73.0
892.0
779.5
371.5
806.5
439.0
133.0
278.5
188.5
310.0
1016.5
356.5
1018.0
392.5
871.0
1139.5
313.0
641.5
1033.0
199.0
592.0
1120.0
1034.5
1055.5
506.5
1060.0
436.0
307.0
863.5
115.0
1009.0
293.5
251.5
931.0
178.0
820.0
296.5
760.0
221.5
616.0
373.0
743.5
848.5
691.0
880.0
605.5
1013.5
1138.0
724.0
647.5
862.0
599.5
55.0
781.0
449.5
367.0
1138.0
1118.5
449.5
388.0
371.5
581.5
587.5
698.5
854.5
431.5
323.5
728.5
116.5
494.5
713.5
553.0
473.5
1115.5
428.5
1094.5
797.5
275.5
316.0
416.5
908.5
592.0
244.0
301.0
289.0
163.0
1276.0
844.0
185.5
283.0
259.0
358.0
413.5
889.0
125.5
941.5
56.5
601.0
893.5
160.0
856.0
593.5
1145.5
953.5
515.5
793.0
610.0
487.0
649.0
1117.0
482.5
847.0
1127.5
658.0
989.5
268.0
1105.0
215.5
196.0
263.5
1006.0
164.5
836.5
790.0
662.5
104.5
320.5
331.0
1124.5
584.5
508.0
854.5
572.5
590.5
985.0
520.0
319.0
917.5
319.0
688.0
910.0
901.0
559.0
992.5
1102.0
1042.0
499.0
721.0
1072.0
412.0
230.5
734.5
824.5
685.0
503.5
247.0
452.5
239.5
584.5
946.0
235.0
472.0
926.5
581.5
217.0
1033.0
695.5
970.0
991.0
283.0
1000.0
631.0
319.0
524.5
760.0
826.0
404.5
316.0
823.0
868.0
478.0
961.0
187.0
802.0
839.5
803.5
1130.5
617.5
262.0
259.0
296.5
544.0
196.0
320.5
620.5
392.5
1145.5
1030.0
358.0
877.0
584.5
349.0
328.0
724.0
968.5
1273.0
464.5
163.0
923.5
1192.0
236.5
496.0
998.5
794.5
1249.0
164.5
406.0
1118.5
362.5
1084.0
518.5
70.0
995.5
308.5
787.0
181.0
47.5
250.0
626.5
779.5
799.0
1117.0
644.5
433.0
118.0
374.5
985.0
280.0
481.0
961.0
806.5
292.0
943.0
775.0
595.0
503.5
916.0
902.5
1043.5
443.5
1016.5
377.5
1099.0
941.5
955.0
988.0
541.0
281.5
1106.5
442.0
257.5
386.5
779.5
325.0
542.5
437.5
385.0
641.5
352.0
533.5
853.0
1090.0
1043.5
986.5
869.5
301.0
935.5
601.0
319.0
620.5
1046.5
625.0
407.5
229.0
271.0
184.0
715.0
275.5
326.5
275.5
706.0
220.0
871.0
260.5
251.5
166.0
601.0
1084.0
508.0
254.5
1007.5
281.5
1028.5
109.0
182.5
98.5
979.0
710.5
535.0
1015.0
184.0
556.0
643.0
670.0
82.0
748.0
253.0
773.5
500.5
128.5
956.5
703.0
749.5
649.0
418.0
1145.5
329.5
910.0
968.5
202.0
739.0
886.0
1195.0
865.0
394.0
368.5
295.0
602.5
790.0
473.5
1147.0
544.0
536.5
197.5
887.5
670.0
727.0
157.0
619.0
83.5
343.0
575.5
728.5
232.0
1109.5
341.5
515.5
316.0
613.0
895.0
670.0
1064.5
367.0
376.0
371.5
854.5
913.0
295.0
638.5
140.5
1070.5
325.0
1144.0
1238.5
754.0
452.5
1055.5
971.5
940.0
1009.0
968.5
1040.5
244.0
385.0
800.5
482.5
1022.5
286.0
514.0
572.5
637.0
944.5
904.0
103.0
1135.0
281.5
509.5
479.5
551.5
377.5
454.0
952.0
785.5
536.5
608.5
667.0
704.5
227.5
193.0
127.0
1124.5
166.0
841.0
346.0
220.0
548.5
125.5
125.5
316.0
929.5
1039.0
532.0
338.5
187.0
904.0
1252.0
628.0
247.0
1096.0
1082.5
992.5
586.0
484.0
316.0
791.5
274.0
938.5
275.5
728.5
866.5
1130.5
1033.0
368.5
746.5
931.0
73.0
1045.0
962.5
478.0
89.5
730.0
571.0
436.0
988.0
451.0
146.5
353.5
916.0
43.0
104.5
248.5
856.0
1169.5
1157.5
617.5
331.0
286.0
178.0
259.0
163.0
596.5
514.0
374.5
367.0
434.5
475.0
941.5
611.5
736.0
937.0
697.0
224.5
889.0
1076.5
130.0
788.5
655.0
832.0
530.5
713.5
563.5
487.0
760.0
985.0
160.0
851.5
835.0
308.5
1240.0
983.5
895.0
650.5
808.0
491.5
698.5
697.0
574.0
940.0
409.0
1237.0
1012.0
916.0
1069.0
434.5
287.5
227.5
289.0
247.0
659.5
199.0
421.0
166.0
142.0
290.5
395.5
1019.5
847.0
413.5
937.0
697.0
262.0
1159.0
631.0
527.5
1049.5
116.5
638.5
587.5
853.0
227.5
577.0
265.0
82.0
392.5
490.0
518.5
503.5
416.5
554.5
964.0
311.5
1073.5
334.0
596.5
748.0
848.5
370.0
337.0
782.5
691.0
163.0
478.0
1091.5
661.0
844.0
181.0
185.5
101.5
184.0
824.5
779.5
866.5
643.0
713.5
659.5
482.5
884.5
922.0
497.5
254.5
64.0
305.5
515.5
925.0
739.0
742.0
493.0
319.0
695.5
445.0
962.5
265.0
829.0
550.0
1027.0
1090.0
959.5
1037.5
958.0
610.0
1201.0
859.0
866.5
157.0
1129.0
847.0
1069.0
539.5
763.0
689.5
458.5
260.5
1010.5
746.5
1027.0
644.5
989.5
196.0
1049.5
977.5
370.0
449.5
97.0
968.5
167.5
589.0
854.5
1085.5
569.5
935.5
1093.0
1021.0
466.0
149.5
305.5
913.0
1160.5
620.5
436.0
832.0
596.5
881.5
349.0
145.0
533.5
904.0
505.0
257.5
193.0
875.5
914.5
895.0
455.5
692.5
139.0
389.5
971.5
1115.5
890.5
484.0
316.0
593.5
634.0
439.0
676.0
386.5
442.0
257.5
380.5
251.5
299.5
499.0
214.0
739.0
334.0
763.0
185.5
217.0
679.0
841.0
310.0
602.5
872.5
427.0
794.5
335.5
500.5
692.5
337.0
298.0
704.5
386.5
422.5
1262.5
899.5
631.0
874.0
244.0
695.5
308.5
458.5
503.5
710.5
716.5
884.5
562.0
1054.0
1033.0
316.0
968.5
794.5
779.5
263.5
389.5
926.5
271.0
646.0
98.5
284.5
494.5
617.5
542.5
194.5
782.5
1000.0
508.0
724.0
463.0
773.5
250.0
578.5
389.5
808.0
746.5
145.0
965.5
380.5
802.0
340.0
779.5
671.5
665.5
626.5
854.5
1072.0
853.0
1012.0
190.0
173.5
331.0
1024.0
458.5
698.5
220.0
913.0
176.5
455.5
905.5
166.0
185.5
644.5
287.5
403.0
806.5
104.5
203.5
257.5
947.5
1165.0
442.0
268.0
934.0
616.0
1004.5
859.0
460.0
355.0
860.5
377.5
92.5
169.0
569.5
85.0
467.5
221.5
419.5
1199.5
364.0
653.5
1226.5
295.0
757.0
530.5
524.5
311.5
913.0
740.5
913.0
779.5
421.0
209.5
548.5
526.0
791.5
682.0
470.5
1214.5
338.5
779.5
19.0
122.5
877.0
689.5
382.0
491.5
299.5
952.0
290.5
77.5
623.5
722.5
962.5
1013.5
827.5
385.0
511.0
545.5
677.5
634.0
1040.5
1010.5
167.5
995.5
668.5
1318.0
989.5
301.0
712.0
205.0
1165.0
392.5
565.0
827.5
1258.0
1130.5
647.5
1250.5
500.5
604.0
772.0
1004.5
824.5
512.5
389.5
518.5
116.5
109.0
361.0
1016.5
1214.5
524.5
916.0
358.0
644.5
910.0
659.5
659.5
209.5
634.0
508.0
421.0
302.5
715.0
340.0
914.5
82.0
601.0
637.0
379.0
1145.5
1001.5
767.5
265.0
835.0
1177.0
439.0
1006.0
731.5
335.5
830.5
1117.0
728.5
940.0
602.5
749.5
559.0
638.5
604.0
859.0
461.5
331.0
638.5
1174.0
934.0
305.5
638.5
703.0
344.5
290.5
1031.5
557.5
875.5
932.5
310.0
707.5
320.5
710.5
625.0
827.5
1141.0
410.5
380.5
304.0
917.5
1052.5
616.0
233.5
374.5
1016.5
577.0
727.0
577.0
302.5
664.0
296.5
218.5
751.0
902.5
1090.0
202.0
851.5
1115.5
452.5
163.0
1045.0
1006.0
1163.5
341.5
377.5
532.0
134.5
406.0
785.5
491.5
1052.5
712.0
503.5
515.5
586.0
559.0
670.0
689.5
535.0
431.5
890.5
547.0
266.5
554.5
1088.5
1111.0
1114.0
896.5
929.5
158.5
494.5
1097.5
1082.5
364.0
224.5
431.5
142.0
935.5
163.0
154.0
175.0
559.0
1016.5
977.5
412.0
1139.5
364.0
734.5
268.0
1031.5
62.5
425.5
461.5
331.0
122.5
88.0
914.5
464.5
619.0
317.5
583.0
287.5
808.0
229.0
754.0
511.0
583.0
922.0
466.0
598.0
458.5
617.5
1051.0
586.0
128.5
634.0
239.5
214.0
1271.5
970.0
713.5
1157.5
820.0
832.0
574.0
214.0
571.0
751.0
100.0
443.5
1082.5
101.5
323.5
521.5
454.0
410.5
259.0
485.5
910.0
1157.5
899.5
775.0
1040.5
1279.0
289.0
244.0
388.0
305.5
877.0
916.0
379.0
943.0
1112.5
517.0
29.5
682.0
155.5
443.5
700.0
1001.5
515.5
811.0
566.5
586.0
802.0
469.0
650.5
817.0
245.5
344.5
754.0
125.5
475.0
553.0
989.5
725.5
568.0
1081.0
274.0
476.5
443.5
1259.5
133.0
106.0
1127.5
320.5
278.5
896.5
452.5
418.0
181.0
851.5
1012.0
1022.5
286.0
701.5
877.0
643.0
953.5
683.5
416.5
506.5
320.5
274.0
442.0
326.5
749.5
625.0
953.5
704.5
835.0
164.5
110.5
1102.0
884.5
1109.5
715.0
544.0
667.0
992.5
493.0
482.5
665.5
293.5
182.5
731.5
1256.5
349.0
832.0
697.0
95.5
247.0
884.5
127.0
907.0
848.5
989.5
973.0
236.5
790.0
689.5
88.0
914.5
308.5
965.5
859.0
875.5
106.0
163.0
350.5
646.0
515.5
289.0
77.5
832.0
757.0
193.0
433.0
1220.5
260.5
436.0
794.5
265.0
253.0
868.0
263.5
1040.5
749.5
199.0
1004.5
575.5
994.0
193.0
773.5
398.5
203.5
530.5
308.5
773.5
482.5
892.0
358.0
688.0
875.5
958.0
544.0
365.5
359.5
254.5
788.5
317.5
979.0
67.0
725.5
1180.0
655.0
431.5
1052.5
637.0
875.5
578.5
1015.0
845.5
365.5
511.0
902.5
29.5
1025.5
1039.0
1150.0
464.5
194.5
1160.5
367.0
376.0
409.0
539.5
230.5
314.5
608.5
266.5
871.0
661.0
779.5
616.0
473.5
1073.5
767.5
311.5
737.5
1010.5
821.5
1024.0
233.5
698.5
581.5
722.5
82.0
988.0
368.5
535.0
775.0
437.5
221.5
313.0
778.0
1109.5
317.5
223.0
1123.0
1055.5
701.5
422.5
461.5
613.0
37.0
118.0
517.0
839.5
695.5
1016.5
139.0
997.0
1214.5
784.0
143.5
686.5
838.0
863.5
514.0
787.0
193.0
812.5
955.0
590.5
955.0
535.0
889.0
287.5
1096.0
941.5
157.0
845.5
871.0
95.5
257.5
1133.5
238.0
422.5
457.0
710.5
811.0
323.5
290.5
1153.0
919.0
518.5
814.0
266.5
826.0
839.5
749.5
586.0
127.0
1205.5
905.5
1243.0
1265.5
322.0
526.0
832.0
857.5
134.5
1118.5
361.0
1085.5
1000.0
110.5
319.0
314.5
931.0
755.5
484.0
667.0
290.5
830.5
1226.5
401.5
266.5
85.0
149.5
257.5
284.5
499.0
32.5
892.0
566.5
721.0
886.0
841.0
628.0
257.5
1201.0
773.5
559.0
319.0
938.5
1049.5
989.5
664.0
1087.0
86.5
803.5
220.0
580.0
946.0
122.5
1195.0
167.5
764.5
170.5
908.5
320.5
806.5
1016.5
455.5
614.5
893.5
175.0
847.0
527.5
547.0
202.0
568.0
358.0
434.5
890.5
370.0
227.5
98.5
503.5
868.0
1088.5
943.0
326.5
257.5
44.5
353.5
1015.0
1033.0
160.0
878.5
790.0
1036.0
341.5
268.0
646.0
1090.0
319.0
278.5
781.0
320.5
730.0
577.0
926.5
1177.0
1117.0
266.5
761.5
397.0
235.0
377.5
268.0
994.0
1195.0
406.0
533.5
872.5
454.0
431.5
647.5
353.5
880.0
271.0
659.5
80.5
805.0
833.5
488.5
851.5
389.5
185.5
104.5
355.0
65.5
347.5
716.5
710.5
569.5
802.0
427.0
182.5
923.5
254.5
481.0
113.5
874.0
215.5
745.0
1228.0
1049.5
542.5
341.5
805.0
938.5
586.0
1168.0
740.5
664.0
74.5
932.5
680.5
740.5
599.5
727.0
422.5
350.5
542.5
373.0
992.5
808.0
206.5
575.5
656.5
1106.5
1159.0
250.0
916.0
1181.5
394.0
857.5
1085.5
452.5
1120.0
749.5
868.0
112.0
443.5
1171.0
590.5
535.0
455.5
467.5
1084.0
437.5
734.5
323.5
364.0
974.5
590.5
350.5
790.0
956.5
559.0
772.0
593.5
200.5
242.5
347.5
175.0
496.0
269.5
134.5
346.0
70.0
932.5
581.5
268.0
608.5
931.0
784.0
226.0
674.5
443.5
758.5
790.0
563.5
452.5
439.0
272.5
616.0
871.0
632.5
805.0
346.0
598.0
280.0
1142.5
151.0
1123.0
317.5
851.5
1069.0
499.0
574.0
191.5
775.0
745.0
604.0
776.5
298.0
259.0
1090.0
932.5
478.0
275.5
671.5
133.0
188.5
1226.5
664.0
686.5
851.5
472.0
415.0
194.5
992.5
1117.0
1028.5
119.5
103.0
764.5
875.5
520.0
1058.5
1108.0
775.0
677.5
1085.5
1037.5
1027.0
1063.0
950.5
520.0
670.0
1253.5
241.0
620.5
592.0
617.5
602.5
326.5
157.0
709.0
545.5
101.5
391.0
188.5
536.5
772.0
176.5
919.0
200.5
1174.0
164.5
460.0
631.0
838.0
487.0
947.5
751.0
1006.0
940.0
1130.5
152.5
788.5
700.0
379.0
400.0
1153.0
545.5
1067.5
635.5
182.5
908.5
907.0
158.5
829.0
178.0
1025.5
427.0
934.0
1102.0
940.0
340.0
130.0
214.0
1000.0
1187.5
892.0
262.0
977.5
769.0
407.5
346.0
433.0
68.5
268.0
962.5
701.5
838.0
653.5
1108.0
190.0
427.0
775.0
914.5
941.5
227.5
302.5
83.5
263.5
443.5
896.5
425.5
625.0
413.5
340.0
715.0
383.5
289.0
865.0
724.0
1160.5
311.5
122.5
271.0
491.5
263.5
989.5
440.5
994.0
793.0
380.5
268.0
469.0
979.0
215.5
298.0
794.5
1288.0
518.5
250.0
518.5
904.0
493.0
362.5
460.0
439.0
973.0
328.0
1261.0
200.5
496.0
677.5
805.0
412.0
599.5
598.0
587.5
1133.5
808.0
124.0
986.5
118.0
193.0
709.0
1111.0
502.0
473.5
325.0
196.0
346.0
977.5
827.5
589.0
899.5
400.0
944.5
373.0
728.5
548.5
509.5
445.0
1207.0
347.5
625.0
769.0
773.5
763.0
916.0
929.5
359.5
952.0
649.0
775.0
355.0
701.5
722.5
194.5
842.5
436.0
1298.5
1150.0
347.5
107.5
311.5
706.0
385.0
413.5
439.0
112.0
653.5
22.0
223.0
973.0
1130.5
638.5
400.0
368.5
478.0
859.0
731.5
1010.5
917.5
625.0
959.5
448.0
406.0
979.0
740.5
701.5
868.0
298.0
653.5
599.5
103.0
229.0
229.0
1204.0
206.5
646.0
719.5
427.0
1141.0
1049.5
1043.5
595.0
1027.0
629.5
587.5
200.5
542.5
1009.0
716.5
1178.5
938.5
1048.0
326.5
362.5
107.5
1124.5
1018.0
583.0
617.5
1048.0
299.5
419.5
371.5
349.0
641.5
311.5
973.0
571.0
233.5
326.5
1258.0
493.0
554.5
338.5
73.0
752.5
1226.5
722.5
733.0
1078.0
730.0
410.5
577.0
611.5
1096.0
872.5
469.0
53.5
854.5
421.0
956.5
424.0
610.0
253.0
586.0
1030.0
677.5
932.5
325.0
959.5
412.0
175.0
883.0
1157.5
617.5
319.0
365.5
47.5
410.5
878.5
325.0
764.5
919.0
466.0
814.0
715.0
241.0
581.5
1045.0
1037.5
1066.0
947.5
860.5
941.5
1205.5
850.0
1106.5
604.0
1021.0
199.0
880.0
224.5
173.5
1076.5
772.0
1063.0
683.5
553.0
262.0
1210.0
740.5
1309.0
827.5
304.0
473.5
707.5
500.5
307.0
116.5
167.5
1049.5
686.5
629.5
503.5
77.5
223.0
199.0
332.5
196.0
1274.5
272.5
859.0
913.0
266.5
914.5
1189.0
364.0
152.5
293.5
350.5
137.5
992.5
716.5
361.0
950.5
164.5
959.5
874.0
961.0
752.5
794.5
964.0
568.0
740.5
1031.5
263.5
506.5
635.5
379.0
397.0
547.0
71.5
418.0
250.0
398.5
802.0
206.5
452.5
529.0
464.5
961.0
946.0
283.0
575.5
446.5
769.0
980.5
1025.5
289.0
955.0
974.5
479.5
493.0
1244.5
1075.0
493.0
542.5
106.0
277.0
416.5
374.5
46.0
548.5
613.0
61.0
821.5
976.0
1060.0
1019.5
530.5
754.0
745.0
670.0
368.5
1034.5
598.0
965.5
244.0
521.5
970.0
527.5
941.5
721.0
676.0
1201.0
1039.0
949.0
524.5
229.0
238.0
412.0
968.5
280.0
739.0
244.0
997.0
358.0
614.5
1106.5
625.0
608.5
169.0
493.0
824.5
848.5
850.0
320.5
748.0
898.0
235.0
304.0
476.5
934.0
916.0
142.0
925.0
460.0
454.0
1009.0
583.0
1168.0
410.5
934.0
587.5
854.5
499.0
646.0
451.0
1028.5
305.5
466.0
29.5
436.0
301.0
205.0
529.0
829.0
893.5
1136.5
850.0
317.5
955.0
298.0
146.5
826.0
352.0
814.0
956.5
1115.5
155.5
407.5
1010.5
1243.0
614.5
508.0
1025.5
1174.0
955.0
689.5
535.0
352.0
691.0
265.0
637.0
1132.0
947.5
398.5
304.0
145.0
334.0
698.5
416.5
563.5
382.0
575.5
145.0
737.5
958.0
658.0
379.0
532.0
31.0
257.5
470.5
674.5
503.5
745.0
1031.5
473.5
443.5
797.5
551.5
988.0
775.0
391.0
203.5
724.0
301.0
391.0
304.0
937.0
1085.5
503.5
440.5
623.5
731.5
352.0
61.0
427.0
1094.5
317.5
334.0
193.0
449.5
493.0
1010.5
619.0
953.5
554.5
502.0
298.0
1183.0
986.5
863.5
679.0
626.5
262.0
401.5
107.5
827.5
941.5
1162.0
1004.5
529.0
778.0
370.0
1003.0
515.5
259.0
106.0
533.5
827.5
271.0
529.0
58.0
428.5
595.0
280.0
839.5
113.5
935.5
550.0
760.0
554.5
806.5
1000.0
601.0
341.5
481.0
278.5
248.5
766.0
53.5
598.0
716.5
565.0
601.0
916.0
163.0
959.5
505.0
418.0
211.0
367.0
212.5
949.0
524.5
721.0
229.0
1040.5
923.5
134.5
884.5
1013.5
737.5
722.5
1141.0
386.5
316.0
907.0
959.5
538.0
461.5
340.0
781.0
617.5
899.5
848.5
458.5
1021.0
488.5
1117.0
475.0
232.0
332.5
1214.5
1162.0
1019.5
1040.5
359.5
218.5
190.0
376.0
1025.5
1105.0
1190.5
194.5
973.0
970.0
223.0
1037.5
583.0
487.0
634.0
697.0
728.5
932.5
518.5
131.5
946.0
1192.0
587.5
616.0
124.0
704.5
763.0
901.0
1235.5
580.0
1207.0
103.0
248.5
979.0
815.5
478.0
527.5
977.5
1043.5
1138.0
233.5
772.0
419.5
40.0
28.0
218.5
655.0
592.0
272.5
583.0
961.0
878.5
1192.0
412.0
613.0
1109.5
361.0
1229.5
815.5
341.5
262.0
215.5
479.5
989.5
317.5
304.0
1261.0
853.0
229.0
715.0
206.5
419.5
515.5
538.0
748.0
382.0
745.0
1024.0
838.0
767.5
499.0
383.5
1174.0
1105.0
274.0
55.0
184.0
710.5
971.5
250.0
941.5
148.0
860.5
601.0
256.0
976.0
109.0
173.5
596.5
86.5
851.5
677.5
400.0
406.0
898.0
560.5
527.5
248.5
635.5
377.5
62.5
916.0
842.5
692.5
623.5
397.0
641.5
1165.0
580.0
140.5
712.0
823.0
1070.5
125.5
1010.5
1061.5
712.0
269.5
331.0
880.0
647.5
1027.0
242.5
166.0
227.5
932.5
688.0
1208.5
719.5
224.5
659.5
196.0
526.0
337.0
176.5
1000.0
697.0
341.5
1045.0
1066.0
1150.0
212.5
1264.0
502.0
1148.5
266.5
632.5
313.0
290.5
1013.5
437.5
727.0
406.0
356.5
89.5
1043.5
467.5
938.5
128.5
1060.0
1118.5
794.5
1033.0
658.0
829.0
757.0
403.0
284.5
578.5
490.0
712.0
569.5
526.0
314.5
191.5
538.0
772.0
547.0
1013.5
406.0
1079.5
686.5
394.0
340.0
689.5
967.0
343.0
884.5
128.5
370.0
428.5
238.0
92.5
767.5
628.0
1099.0
766.0
130.0
664.0
166.0
560.5
286.0
892.0
893.5
968.5
854.5
971.5
592.0
775.0
179.5
1106.5
203.5
686.5
430.0
767.5
257.5
416.5
907.0
200.5
658.0
1069.0
469.0
395.5
685.0
596.5
259.0
731.5
388.0
785.5
623.5
10.0
415.0
500.5
172.0
862.0
518.5
865.0
134.5
677.5
139.0
112.0
478.0
1036.0
337.0
155.5
196.0
1073.5
1079.5
344.5
334.0
286.0
761.5
461.5
859.0
773.5
511.0
796.0
467.5
662.5
796.0
292.0
892.0
1147.0
619.0
248.5
914.5
248.5
436.0
401.5
196.0
208.0
104.5
251.5
778.0
677.5
454.0
1061.5
316.0
1064.5
716.5
368.5
49.0
778.0
322.0
1261.0
407.5
793.0
473.5
607.0
23.5
1081.0
554.5
817.0
649.0
1073.5
472.0
430.0
542.5
790.0
776.5
781.0
935.5
730.0
254.5
685.0
970.0
901.0
406.0
784.0
140.5
1039.0
1114.0
392.5
89.5
31.0
841.0
379.0
913.0
881.5
386.5
635.5
397.0
1147.0
874.0
1010.5
865.0
953.5
469.0
217.0
757.0
284.5
781.0
872.5
484.0
782.5
685.0
827.5
1076.5
817.0
424.0
700.0
155.5
583.0
941.5
1145.5
371.5
679.0
196.0
1001.5
1180.0
878.5
895.0
889.0
310.0
448.0
632.5
521.5
289.0
614.5
1006.0
290.5
701.5
1066.0
682.0
962.5
962.5
823.0
1030.0
1138.0
332.5
701.5
155.5
997.0
517.0
437.5
316.0
940.0
257.5
859.0
1114.0
674.5
94.0
173.5
737.5
946.0
1028.5
563.5
991.0
665.5
1022.5
833.5
658.0
902.5
458.5
233.5
185.5
412.0
1120.0
397.0
340.0
998.5
1157.5
697.0
1331.5
191.5
41.5
524.5
217.0
362.5
158.5
904.0
440.5
643.0
187.0
808.0
82.0
248.5
1103.5
893.5
1028.5
1174.0
170.5
347.5
376.0
545.5
547.0
175.0
586.0
232.0
838.0
736.0
1015.0
1034.5
1084.0
596.5
592.0
302.5
1205.5
221.5
892.0
553.0
458.5
1162.0
109.0
356.5
163.0
209.5
335.5
338.5
881.5
556.0
1123.0
893.5
347.5
511.0
688.0
1228.0
977.5
923.5
388.0
676.0
538.0
659.5
181.0
1052.5
86.5
782.5
638.5
289.0
817.0
715.0
790.0
382.0
1106.5
662.5
589.0
878.5
599.5
700.0
760.0
311.5
547.0
806.5
398.5
416.5
703.0
419.5
869.5
584.5
740.5
598.0
1060.0
251.5
1031.5
730.0
425.5
794.5
743.5
260.5
700.0
359.5
689.5
575.5
986.5
296.5
547.0
409.0
898.0
1147.0
368.5
652.0
536.5
664.0
200.5
233.5
1169.5
886.0
1091.5
388.0
164.5
703.0
922.0
301.0
167.5
890.5
329.5
346.0
973.0
923.5
116.5
490.0
881.5
541.0
1105.0
958.0
703.0
1004.5
617.5
500.5
233.5
272.5
275.5
641.5
946.0
767.5
1148.5
388.0
1279.0
842.5
974.5
772.0
1130.5
281.5
14.5
647.5
619.0
854.5
268.0
1193.5
940.0
569.5
125.5
737.5
107.5
346.0
292.0
1168.0
776.5
83.5
460.0
290.5
884.5
1033.0
790.0
338.5
877.0
356.5
989.5
212.5
266.5
649.0
133.0
311.5
271.0
169.0
908.5
359.5
815.5
571.0
1150.0
899.5
596.5
955.0
710.5
866.5
739.0
958.0
854.5
149.5
1040.5
779.5
539.5
1160.5
704.5
193.0
1120.0
337.0
988.0
806.5
268.0
316.0
316.0
172.0
554.5
905.5
352.0
175.0
1177.0
170.5
755.5
191.5
890.5
754.0
329.5
359.5
479.5
856.0
535.0
346.0
713.5
529.0
1051.0
833.5
212.5
1009.0
508.0
271.0
85.0
926.5
575.5
325.0
394.0
388.0
1169.5
460.0
1151.5
181.0
866.5
425.5
893.5
142.0
662.5
968.5
824.5
107.5
290.5
154.0
578.5
1094.5
187.0
943.0
925.0
877.0
83.5
1075.0
1090.0
587.5
706.0
377.5
485.5
593.5
364.0
778.0
577.0
56.5
838.0
560.5
940.0
301.0
877.0
835.0
593.5
439.0
989.5
800.5
442.0
371.5
811.0
844.0
817.0
785.5
85.0
85.0
389.5
323.5
38.5
733.0
1048.0
797.5
316.0
499.0
536.5
191.5
482.5
605.5
955.0
916.0
302.5
401.5
971.5
674.5
502.0
691.0
586.0
322.0
250.0
853.0
755.5
1051.0
1154.5
505.0
994.0
683.5
1001.5
814.0
686.5
137.5
610.0
985.0
139.0
377.5
997.0
310.0
1132.0
1046.5
238.0
172.0
719.5
277.0
817.0
793.0
767.5
976.0
484.0
812.5
454.0
1001.5
1072.0
349.0
776.5
551.5
353.5
1157.5
422.5
611.5
1015.0
374.5
298.0
254.5
133.0
692.5
269.5
301.0
611.5
715.0
908.5
550.0
796.0
863.5
632.5
1109.5
56.5
577.0
847.0
971.5
587.5
214.0
440.5
616.0
662.5
328.0
449.5
1064.5
352.0
841.0
146.5
238.0
1018.0
599.5
1093.0
866.5
448.0
971.5
347.5
220.0
527.5
659.5
334.0
935.5
526.0
1105.0
877.0
916.0
298.0
620.5
1004.5
1130.5
550.0
1183.0
598.0
1009.0
773.5
442.0
980.5
251.5
641.5
298.0
346.0
715.0
752.5
710.5
1133.5
640.0
485.5
941.5
709.0
746.5
619.0
667.0
370.0
938.5
265.0
599.5
751.0
386.5
802.0
488.5
548.5
566.5
829.0
356.5
1051.0
413.5
440.5
17.5
755.5
268.0
1094.5
256.0
892.0
43.0
955.0
317.5
419.5
760.0
344.5
377.5
817.0
1082.5
1057.0
818.5
194.5
938.5
991.0
308.5
416.5
355.0
713.5
424.0
647.5
287.5
194.5
482.5
842.5
940.0
358.0
902.5
247.0
1076.5
197.5
305.5
778.0
826.0
611.5
380.5
404.5
826.0
235.0
428.5
553.0
1046.5
413.5
1121.5
140.5
158.5
278.5
1139.5
373.0
382.0
955.0
1262.5
548.5
991.0
520.0
1070.5
655.0
469.0
245.5
839.5
395.5
1105.0
877.0
160.0
818.5
710.5
190.0
785.5
322.0
907.0
70.0
1064.5
238.0
677.5
139.0
1009.0
220.0
578.5
100.0
634.0
1106.5
737.5
562.0
772.0
56.5
208.0
1223.5
913.0
515.5
1061.5
983.5
1154.5
607.0
985.0
523.0
566.5
131.5
437.5
304.0
856.0
742.0
901.0
788.5
658.0
956.5
734.5
59.5
233.5
1171.0
323.5
517.0
1106.5
190.0
658.0
602.5
625.0
97.0
392.5
1210.0
167.5
245.5
230.5
614.5
314.5
1082.5
646.0
79.0
425.5
464.5
145.0
689.5
1015.0
1079.5
446.5
682.0
80.5
1223.5
743.5
806.5
190.0
569.5
383.5
490.0
917.5
719.5
769.0
61.0
280.0
1126.0
79.0
74.5
1184.5
934.0
1124.5
545.5
578.5
782.5
881.5
1021.0
1051.0
686.5
701.5
635.5
197.5
424.0
271.0
433.0
403.0
412.0
464.5
499.0
923.5
179.5
638.5
764.5
583.0
842.5
599.5
550.0
931.0
874.0
604.0
187.0
154.0
251.5
526.0
566.5
973.0
436.0
200.5
760.0
386.5
889.0
437.5
1039.0
533.5
989.5
646.0
787.0
79.0
1016.5
1243.0
938.5
403.0
1088.5
529.0
1070.5
535.0
578.5
710.5
1180.0
1234.0
781.0
716.5
1114.0
569.5
305.5
734.5
1114.0
784.0
508.0
275.5
715.0
455.5
973.0
577.0
973.0
562.0
610.0
445.0
593.5
509.5
497.5
281.5
943.0
808.0
1052.5
562.0
289.0
701.5
818.5
404.5
52.0
587.5
1082.5
196.0
929.5
868.0
1084.0
253.0
392.5
706.0
476.5
758.5
1054.0
1177.0
478.0
967.0
143.5
283.0
527.5
395.5
1153.0
959.5
596.5
1108.0
643.0
584.5
799.0
200.5
442.0
457.0
638.5
1058.5
137.5
911.5
997.0
754.0
415.0
130.0
280.0
224.5
485.5
580.0
1133.5
917.5
827.5
803.5
373.0
907.0
1019.5
110.5
187.0
862.0
983.5
812.5
619.0
175.0
397.0
554.5
808.0
1091.5
128.5
1327.0
265.0
403.0
925.0
155.5
329.5
436.0
844.0
542.5
430.0
842.5
271.0
476.5
514.0
1100.5
389.5
166.0
896.5
1052.5
1157.5
607.0
382.0
671.5
427.0
190.0
748.0
488.5
998.5
838.0
1070.5
365.5
929.5
685.0
215.5
986.5
874.0
364.0
754.0
752.5
277.0
197.5
925.0
194.5
1091.5
725.5
937.0
104.5
245.5
533.5
998.5
244.0
497.5
953.5
806.5
542.5
175.0
572.5
293.5
812.5
445.0
770.5
1106.5
553.0
413.5
1103.5
500.5
860.5
692.5
70.0
937.0
401.5
704.5
115.0
356.5
925.0
643.0
875.5
578.5
323.5
833.5
535.0
370.0
1031.5
931.0
719.5
284.5
232.0
253.0
238.0
154.0
1162.0
710.5
841.0
287.5
281.5
751.0
286.0
613.0
316.0
332.5
686.5
827.5
550.0
910.0
452.5
283.0
190.0
991.0
305.5
34.0
775.0
352.0
1120.0
422.5
464.5
1003.0
679.0
409.0
292.0
680.5
301.0
1031.5
325.0
419.5
559.0
1117.0
412.0
503.5
932.5
127.0
785.5
820.0
922.0
761.5
125.5
155.5
311.5
119.5
551.5
298.0
776.5
803.5
865.0
211.0
290.5
197.5
812.5
598.0
91.0
769.0
257.5
431.5
317.5
335.5
233.5
326.5
742.0
1141.0
794.5
419.5
1151.5
619.0
307.0
1075.0
302.5
827.5
697.0
874.0
536.5
130.0
716.5
167.5
191.5
851.5
880.0
235.0
733.0
226.0
488.5
964.0
899.5
359.5
470.5
850.0
995.5
898.0
434.5
292.0
986.5
491.5
242.5
499.0
419.5
107.5
370.0
593.5
787.0
419.5
838.0
830.5
638.5
679.0
848.5
448.0
922.0
563.5
679.0
694.0
613.0
190.0
1058.5
779.5
70.0
632.5
847.0
835.0
799.0
848.5
580.0
644.5
836.5
1279.0
719.5
580.0
644.5
776.5
496.0
1003.0
211.0
887.5
263.5
154.0
1109.5
220.0
893.5
350.5
548.5
203.5
899.5
535.0
1004.5
383.5
707.5
461.5
452.5
200.5
1085.5
1159.0
214.0
872.5
625.0
518.5
353.5
899.5
119.5
803.5
880.0
638.5
929.5
668.5
350.5
575.5
575.5
1075.0
1036.0
923.5
920.5
563.5
313.0
727.0
1031.5
1136.5
539.5
695.5
389.5
481.0
152.5
889.0
565.0
856.0
368.5
196.0
223.0
470.5
625.0
725.5
137.5
260.5
562.0
970.0
1078.0
652.0
610.0
970.0
917.5
181.0
224.5
1088.5
349.0
391.0
359.5
1063.0
466.0
848.5
392.5
256.0
935.5
817.0
289.0
560.5
991.0
221.5
841.0
976.0
299.5
203.5
806.5
992.5
178.0
763.0
256.0
259.0
275.5
268.0
373.0
1063.0
680.5
44.5
743.5
803.5
560.5
422.5
509.5
1139.5
1091.5
530.5
136.0
865.0
796.0
1318.0
125.5
392.5
55.0
395.5
482.5
886.0
653.5
874.0
247.0
560.5
475.0
1025.5
875.5
64.0
419.5
190.0
737.5
286.0
700.0
263.5
158.5
790.0
614.5
665.5
830.5
1109.5
178.0
755.5
1193.5
569.5
283.0
451.0
550.0
673.0
829.0
95.5
736.0
563.5
725.5
350.5
1019.5
926.5
584.5
469.0
838.0
257.5
275.5
280.0
1010.5
533.5
1105.0
344.5
602.5
256.0
322.0
208.0
679.0
175.0
871.0
835.0
161.5
1001.5
1304.5
101.5
941.5
538.0
655.0
673.0
649.0
745.0
622.0
200.5
445.0
710.5
1037.5
764.5
283.0
1063.0
284.5
439.0
952.0
866.5
584.5
527.5
865.0
377.5
574.0
560.5
311.5
664.0
350.5
835.0
611.5
107.5
272.5
913.0
781.0
115.0
1213.0
449.5
638.5
718.0
500.5
1190.5
995.5
616.0
529.0
427.0
427.0
961.0
523.0
932.5
371.5
557.5
856.0
608.5
556.0
268.0
178.0
500.5
973.0
329.5
161.5
331.0
331.0
673.0
107.5
433.0
419.5
319.0
839.5
514.0
253.0
701.5
265.0
215.5
151.0
331.0
881.5
452.5
685.0
340.0
158.5
1084.0
1057.0
320.5
838.0
461.5
635.5
832.0
715.0
1063.0
403.0
248.5
220.0
874.0
931.0
1400.5
256.0
200.5
694.0
250.0
511.0
503.5
163.0
233.5
88.0
892.0
334.0
467.5
404.5
550.0
679.0
503.5
1022.5
