1475.5
1499.5
1444.0
1471.0
1474.0
1474.0
1459.0
1459.0
1481.5
1484.5
1471.0
1418.5
1459.0
1415.5
1457.5
1399.0
1465.0
1454.5
1465.0
1433.5
1451.5
1454.5
1493.5
1498.0
1480.0
1438.0
1463.5
1505.5
1501.0
1451.5
1435.0
1520.5
1414.0
1478.5
1490.5
1469.5
1442.5
1445.5
1460.5
1504.0
1468.0
1492.0
1459.0
1477.0
1495.0
1447.0
1430.5
1459.0
1483.0
1415.5
1450.0
1438.0
1507.0
1447.0
1439.5
1450.0
1484.5
1463.5
1471.0
1487.5
1460.5
1507.0
1457.5
1475.5
1510.0
1456.0
1460.5
1505.5
1447.0
1493.5
1481.5
1474.0
1397.5
1466.5
1465.0
1493.5
1438.0
1457.5
1418.5
1474.0
1453.0
1454.5
1414.0
1496.5
1457.5
1462.0
1499.5
1481.5
1391.5
1454.5
1487.5
1445.5
1448.5
1429.0
1492.0
1445.5
1466.5
1489.0
1456.0
1504.0
1439.5
1420.0
1454.5
1490.5
1475.5
1498.0
1495.0
1430.5
1483.0
1523.5
1493.5
1481.5
1453.0
1498.0
1448.5
1480.0
1456.0
1468.0
1441.0
1486.0
1442.5
1483.0
1453.0
1460.5
1430.5
1478.5
1487.5
1475.5
1469.5
1514.5
1483.0
1465.0
1456.0
1439.5
1508.5
1445.5
1510.0
1321.0
1496.5
1474.0
1417.0
1429.0
1510.0
1460.5
1490.5
1463.5
1453.0
1472.5
1472.5
1399.0
1520.5
1496.5
1450.0
1391.5
1469.5
1423.0
1510.0
1459.0
1486.0
1463.5
1451.5
1427.5
1481.5
1475.5
1429.0
1472.5
1441.0
1466.5
1468.0
1510.0
1465.0
1454.5
1472.5
1486.0
1472.5
1415.5
1465.0
1471.0
1429.0
1444.0
1477.0
1459.0
1499.5
1457.5
1477.0
1460.5
1502.5
1489.0
1469.5
1484.5
1451.5
1415.5
1441.0
1495.0
1447.0
1510.0
1487.5
1433.5
1444.0
1480.0
1457.5
1442.5
1441.0
1483.0
1480.0
1442.5
1456.0
1475.5
1456.0
1424.5
1402.0
1468.0
1465.0
1457.5
1426.0
1472.5
1462.0
1480.0
1502.5
1480.0
1496.5
1421.5
1475.5
1468.0
1486.0
1453.0
1462.0
1450.0
1450.0
1460.5
1493.5
1490.5
1436.5
1468.0
1462.0
1457.5
1472.5
1504.0
1466.5
1465.0
1475.5
1456.0
1505.5
1487.5
1433.5
1393.0
1436.5
1418.5
1466.5
1481.5
1465.0
1411.0
1459.0
1498.0
1487.5
1439.5
1468.0
1486.0
1420.0
1495.0
1483.0
1480.0
1490.5
1468.0
1466.5
1475.5
1435.0
1445.5
1477.0
1483.0
1427.5
1441.0
1486.0
1450.0
1445.5
1492.0
1429.0
1484.5
1493.5
1496.5
1442.5
1486.0
1489.0
1412.5
1477.0
1468.0
1436.5
1487.5
1475.5
1441.0
1484.5
1489.0
1384.0
1463.5
1445.5
1459.0
1468.0
1441.0
1478.5
1484.5
1471.0
1468.0
1456.0
1468.0
1474.0
1483.0
1462.0
1471.0
1484.5
1462.0
1475.5
1438.0
1507.0
1433.5
1393.0
1478.5
1487.5
1436.5
1462.0
1384.0
1481.5
1468.0
1444.0
1504.0
1487.5
1483.0
1507.0
1463.5
1423.0
1429.0
1474.0
1456.0
1444.0
1472.5
1484.5
1418.5
1465.0
1501.0
1459.0
1493.5
1448.5
1489.0
1508.5
1499.5
1448.5
1459.0
1433.5
1502.5
1486.0
1444.0
1397.5
1429.0
1435.0
1426.0
1450.0
1442.5
1444.0
1499.5
1475.5
1495.0
1480.0
1468.0
1459.0
1480.0
1459.0
1481.5
1471.0
1463.5
1511.5
1457.5
1492.0
1450.0
1504.0
1480.0
1469.5
1460.5
1504.0
1486.0
1498.0
1484.5
1478.5
1483.0
1477.0
1460.5
1520.5
1486.0
1439.5
1477.0
1453.0
1453.0
1447.0
1501.0
1472.5
1501.0
1459.0
1420.0
1439.5
1475.5
1502.5
1453.0
1492.0
1508.5
1511.5
1483.0
1433.5
1499.5
1471.0
1451.5
1478.5
1471.0
1481.5
1418.5
1421.5
1454.5
1430.5
1442.5
1502.5
1430.5
1433.5
1472.5
1462.0
1487.5
1445.5
1469.5
1417.0
1481.5
1507.0
1433.5
1510.0
1465.0
1426.0
1453.0
1483.0
1448.5
1453.0
1426.0
1499.5
1427.5
1444.0
1513.0
1435.0
1472.5
1421.5
1438.0
1489.0
1466.5
1499.5
1460.5
1429.0
1502.5
1499.5
1393.0
1504.0
1459.0
1459.0
1430.5
1502.5
1481.5
1445.5
1420.0
1445.5
1483.0
1450.0
1469.5
1465.0
1477.0
1454.5
1478.5
1460.5
1483.0
1472.5
1481.5
1454.5
1480.0
1439.5
1493.5
1471.0
1459.0
1459.0
1493.5
1475.5
1459.0
1469.5
1420.0
1487.5
1459.0
1448.5
1480.0
1466.5
1477.0
1474.0
1474.0
1459.0
1489.0
1513.0
1462.0
1480.0
1474.0
1495.0
1501.0
1472.5
1492.0
1480.0
1480.0
1468.0
1481.5
1483.0
1394.5
1435.0
1483.0
1456.0
1418.5
1432.0
1453.0
1487.5
1496.5
1456.0
1441.0
1466.5
1511.5
1468.0
1442.5
1453.0
1507.0
1444.0
1477.0
1471.0
1492.0
1459.0
1450.0
1502.5
1498.0
1438.0
1447.0
1397.5
1436.5
1444.0
1484.5
1433.5
1486.0
1474.0
1498.0
1405.0
1489.0
1483.0
1450.0
1475.5
1430.5
1465.0
1493.5
1450.0
1415.5
1457.5
1471.0
1493.5
1480.0
1498.0
1484.5
1382.5
1465.0
1441.0
1444.0
1475.5
1474.0
1433.5
1460.5
1472.5
1463.5
1456.0
1453.0
1450.0
1475.5
1466.5
1421.5
1495.0
1486.0
1495.0
1430.5
1474.0
1447.0
1456.0
1460.5
1507.0
1495.0
1436.5
1472.5
1451.5
1459.0
1448.5
1510.0
1469.5
1444.0
1426.0
1426.0
1474.0
1456.0
1490.5
1505.5
1441.0
1463.5
1513.0
1490.5
1484.5
1382.5
1486.0
1489.0
1450.0
1505.5
1472.5
1430.5
1478.5
1465.0
1466.5
1393.0
1445.5
1463.5
1450.0
1480.0
1457.5
1465.0
1463.5
1456.0
1471.0
1466.5
1454.5
1498.0
1466.5
1480.0
1483.0
1496.5
1487.5
1492.0
1421.5
1469.5
1480.0
1478.5
1436.5
1462.0
1499.5
1478.5
1514.5
1492.0
1454.5
1439.5
1453.0
1487.5
1484.5
1403.5
1445.5
1453.0
1484.5
1502.5
1447.0
1432.0
1472.5
1441.0
1436.5
1499.5
1486.0
1418.5
1430.5
1469.5
1471.0
1468.0
1448.5
1466.5
1430.5
1498.0
1502.5
1427.5
1478.5
1486.0
1462.0
1474.0
1468.0
1468.0
1493.5
1481.5
1475.5
1475.5
1456.0
1459.0
1495.0
1505.5
1481.5
1459.0
1478.5
1469.5
1499.5
1469.5
1441.0
1454.5
1432.0
1414.0
1475.5
1483.0
1474.0
1436.5
1477.0
1441.0
1477.0
1415.5
1483.0
1499.5
1469.5
1480.0
1486.0
1453.0
1484.5
1502.5
1415.5
1460.5
1474.0
1468.0
1414.0
1408.0
1438.0
1442.5
1484.5
1466.5
1466.5
1426.0
1459.0
1442.5
1460.5
1442.5
1444.0
1493.5
1435.0
1451.5
1421.5
1463.5
1450.0
1490.5
1481.5
1426.0
1480.0
1490.5
1466.5
1481.5
1457.5
1441.0
1459.0
1421.5
1487.5
1483.0
1489.0
1484.5
1471.0
1465.0
1480.0
1454.5
1427.5
1394.5
1466.5
1498.0
1454.5
1496.5
1447.0
1459.0
1462.0
1436.5
1481.5
1489.0
1459.0
1475.5
1486.0
1490.5
1454.5
1496.5
1469.5
1439.5
1460.5
1472.5
1483.0
1486.0
1367.5
1508.5
1453.0
1484.5
1445.5
1429.0
1477.0
1514.5
1480.0
1459.0
1427.5
1405.0
1474.0
1438.0
1441.0
1484.5
1472.5
1532.5
1466.5
1480.0
1472.5
1448.5
1447.0
1453.0
1442.5
1499.5
1483.0
1484.5
1459.0
1456.0
1471.0
1414.0
1483.0
1471.0
1483.0
1520.5
1436.5
1474.0
1477.0
1496.5
1529.5
1453.0
1475.5
1480.0
1481.5
1439.5
1477.0
1496.5
1472.5
1390.0
1499.5
1474.0
1454.5
1448.5
1454.5
1466.5
1388.5
1457.5
1441.0
1465.0
1478.5
1459.0
1444.0
1489.0
1492.0
1478.5
1519.0
1465.0
1450.0
1489.0
1499.5
1478.5
1423.0
1429.0
1445.5
1426.0
1420.0
1492.0
1454.5
1474.0
1394.5
1490.5
1481.5
1460.5
1477.0
1444.0
1465.0
1492.0
1495.0
1487.5
1475.5
1463.5
1495.0
1487.5
1462.0
1445.5
1465.0
1429.0
1423.0
1447.0
1456.0
1490.5
1489.0
1499.5
1406.5
1484.5
1487.5
1474.0
1396.0
1484.5
1484.5
1475.5
1379.5
1427.5
1463.5
1465.0
1454.5
1460.5
1441.0
1507.0
1418.5
1414.0
1514.5
1468.0
1502.5
1478.5
1465.0
1487.5
1493.5
1429.0
1453.0
1478.5
1418.5
1508.5
1433.5
1538.5
1486.0
1465.0
1471.0
1457.5
1460.5
1487.5
1478.5
1453.0
1439.5
1456.0
1462.0
1457.5
1498.0
1490.5
1499.5
1483.0
1466.5
1408.0
1496.5
1463.5
1477.0
1496.5
1466.5
1493.5
1489.0
1489.0
1411.0
1505.5
1454.5
1384.0
1465.0
1456.0
1468.0
1438.0
1439.5
1477.0
1502.5
1522.0
1489.0
1423.0
1495.0
1441.0
1453.0
1358.5
1468.0
1414.0
1472.5
1498.0
1411.0
1510.0
1507.0
1472.5
1466.5
1411.0
1507.0
1423.0
1448.5
1429.0
1408.0
1448.5
1369.0
1489.0
1477.0
1393.0
1498.0
1474.0
1504.0
1478.5
1450.0
1457.5
1427.5
1459.0
1486.0
1474.0
1426.0
1498.0
1459.0
1457.5
1498.0
1447.0
1447.0
1520.5
1429.0
1433.5
1472.5
1424.5
1468.0
1439.5
1493.5
1484.5
1471.0
1472.5
1465.0
1477.0
1477.0
1453.0
1469.5
1522.0
1414.0
1454.5
1486.0
1439.5
1453.0
1432.0
1483.0
1411.0
1457.5
1462.0
1519.0
1478.5
1469.5
1466.5
1439.5
1469.5
1499.5
1490.5
1447.0
1430.5
1514.5
1493.5
1417.0
1510.0
1508.5
1468.0
1403.5
1451.5
1450.0
1444.0
1444.0
1453.0
1415.5
1450.0
1465.0
1454.5
1499.5
1504.0
1450.0
1435.0
1459.0
1468.0
1424.5
1481.5
1460.5
1432.0
1451.5
1504.0
1463.5
1472.5
1478.5
1478.5
1492.0
1474.0
1457.5
1472.5
1480.0
1456.0
1426.0
1459.0
1436.5
1462.0
1460.5
1466.5
1384.0
1478.5
1466.5
1441.0
1460.5
1501.0
1412.5
1456.0
1457.5
1453.0
1433.5
1487.5
1465.0
1417.0
1424.5
1381.0
1468.0
1450.0
1460.5
1433.5
1453.0
1430.5
1498.0
1490.5
1508.5
1463.5
1469.5
1468.0
1454.5
1424.5
1469.5
1507.0
1387.0
1489.0
1459.0
1499.5
1453.0
1493.5
1468.0
1475.5
1469.5
1451.5
1450.0
1427.5
1489.0
1417.0
1466.5
1432.0
1481.5
1447.0
1469.5
1379.5
1498.0
1469.5
1451.5
1447.0
1438.0
1412.5
1459.0
1456.0
1474.0
1475.5
1445.5
1400.5
1430.5
1465.0
1480.0
1466.5
1454.5
1460.5
1477.0
1448.5
1513.0
1472.5
1462.0
1447.0
1486.0
1456.0
1496.5
1460.5
1457.5
1438.0
1475.5
1459.0
1501.0
1492.0
1490.5
1462.0
1471.0
1495.0
1490.5
1439.5
1514.5
1450.0
1481.5
1487.5
1472.5
1478.5
1489.0
1460.5
1447.0
1444.0
1417.0
1432.0
1487.5
1451.5
1463.5
1459.0
1421.5
1483.0
1475.5
1495.0
1490.5
1496.5
1462.0
1477.0
1475.5
1448.5
1462.0
1450.0
1447.0
1421.5
1468.0
1418.5
1489.0
1478.5
1466.5
1418.5
1397.5
1484.5
1495.0
1405.0
1450.0
1447.0
1462.0
1489.0
1436.5
1471.0
1448.5
1459.0
1496.5
1465.0
1438.0
1466.5
1477.0
1507.0
1457.5
1382.5
1456.0
1475.5
1510.0
1486.0
1484.5
1504.0
1448.5
1430.5
1508.5
1495.0
1436.5
1453.0
1496.5
1478.5
1454.5
1468.0
1454.5
1421.5
1486.0
1507.0
1462.0
1456.0
1421.5
1451.5
1384.0
1460.5
1462.0
1436.5
1463.5
1444.0
1468.0
1460.5
1501.0
1444.0
1435.0
1477.0
1483.0
1486.0
1475.5
1486.0
1441.0
1489.0
1492.0
1444.0
1483.0
1430.5
1487.5
1424.5
1498.0
1429.0
1514.5
1450.0
1483.0
1435.0
1481.5
1451.5
1499.5
1465.0
1438.0
1454.5
1495.0
1448.5
1451.5
1435.0
1439.5
1465.0
1444.0
1445.5
1483.0
1460.5
1507.0
1468.0
1387.0
1444.0
1498.0
1447.0
1478.5
1462.0
1474.0
1514.5
1469.5
1420.0
1472.5
1505.5
1402.0
1444.0
1462.0
1441.0
1442.5
1468.0
1487.5
1426.0
1510.0
1526.5
1489.0
1448.5
1441.0
1448.5
1463.5
1450.0
1513.0
1474.0
1514.5
1411.0
1489.0
1435.0
1423.0
1469.5
1492.0
1463.5
1463.5
1510.0
1469.5
1463.5
1408.0
1474.0
1511.5
1438.0
1492.0
1471.0
1480.0
1349.5
1448.5
1435.0
1480.0
1463.5
1490.5
1487.5
1450.0
1447.0
1463.5
1481.5
1439.5
1427.5
1432.0
1480.0
1430.5
1502.5
1469.5
1496.5
1462.0
1474.0
1448.5
1504.0
1468.0
1498.0
1454.5
1468.0
1469.5
1408.0
1421.5
1457.5
1451.5
1474.0
1474.0
1453.0
1483.0
1426.0
1477.0
1453.0
1444.0
1439.5
1408.0
1486.0
1400.5
1496.5
1448.5
1496.5
1513.0
1453.0
1460.5
1433.5
1379.5
1498.0
1405.0
1456.0
1441.0
1460.5
1468.0
1432.0
1442.5
1468.0
1454.5
1439.5
1441.0
1493.5
1477.0
1469.5
1444.0
1442.5
1495.0
1423.0
1435.0
1405.0
1513.0
1493.5
1490.5
1495.0
1448.5
1462.0
1481.5
1433.5
1480.0
1414.0
1460.5
1478.5
1522.0
1472.5
1448.5
1483.0
1474.0
1490.5
1469.5
1465.0
1490.5
1420.0
1469.5
1492.0
1409.5
1450.0
1478.5
1448.5
1478.5
1405.0
1474.0
1505.5
1495.0
1420.0
1435.0
1495.0
1472.5
1391.5
1444.0
1472.5
1459.0
1445.5
1453.0
1376.5
1463.5
1460.5
1451.5
1507.0
1477.0
1466.5
1430.5
1447.0
1451.5
1481.5
1459.0
1525.0
1472.5
1462.0
1469.5
1505.5
1481.5
1477.0
1484.5
1474.0
1516.0
1480.0
1463.5
1409.5
1420.0
1514.5
1442.5
1393.0
1502.5
1456.0
1475.5
1411.0
1456.0
1385.5
1507.0
1465.0
1484.5
1496.5
1411.0
1493.5
1465.0
1486.0
1423.0
1472.5
1483.0
1457.5
1457.5
1495.0
1498.0
1510.0
1453.0
1480.0
1426.0
1487.5
1373.5
1481.5
1468.0
1405.0
1435.0
1489.0
1480.0
1505.5
1477.0
1472.5
1459.0
1495.0
1439.5
1474.0
1405.0
1481.5
1450.0
1475.5
1478.5
1478.5
1430.5
1490.5
1457.5
1445.5
1472.5
1468.0
1469.5
1481.5
1441.0
1487.5
1454.5
1522.0
1463.5
1432.0
1492.0
1444.0
1480.0
1480.0
1468.0
1421.5
1451.5
1502.5
1441.0
1480.0
1427.5
1490.5
1465.0
1496.5
1501.0
1502.5
1453.0
1465.0
1447.0
1463.5
1469.5
1495.0
1510.0
1469.5
1456.0
1474.0
1457.5
1468.0
1489.0
1406.5
1466.5
1454.5
1483.0
1456.0
1471.0
1496.5
1474.0
1472.5
1478.5
1451.5
1469.5
1451.5
1486.0
1489.0
1495.0
1456.0
1453.0
1489.0
1474.0
1457.5
1468.0
1394.5
1420.0
1465.0
1486.0
1441.0
1507.0
1445.5
1502.5
1495.0
1475.5
1445.5
1457.5
1442.5
1505.5
1457.5
1499.5
1477.0
1456.0
1451.5
1480.0
1460.5
1489.0
1423.0
1451.5
1490.5
1457.5
1520.5
1394.5
1481.5
1475.5
1469.5
1528.0
1445.5
1465.0
1447.0
1462.0
1465.0
1418.5
1453.0
1486.0
1451.5
1433.5
1466.5
1463.5
1502.5
1457.5
1459.0
1471.0
1435.0
1501.0
1424.5
1463.5
1462.0
1457.5
1435.0
1486.0
1468.0
1459.0
1442.5
1433.5
1414.0
1475.5
1483.0
1382.5
1442.5
1453.0
1442.5
1477.0
1436.5
1454.5
1424.5
1442.5
1465.0
1447.0
1499.5
1454.5
1475.5
1514.5
1454.5
1483.0
1471.0
1466.5
1487.5
1451.5
1400.5
1430.5
1403.5
1360.0
1513.0
1472.5
1466.5
1453.0
1439.5
1474.0
1468.0
1478.5
1469.5
1495.0
1505.5
1432.0
1481.5
1487.5
1448.5
1379.5
1492.0
1399.0
1451.5
1487.5
1424.5
1457.5
1502.5
1385.5
1495.0
1489.0
1490.5
1429.0
1472.5
1451.5
1445.5
1457.5
1465.0
1463.5
1478.5
1480.0
1493.5
1480.0
1478.5
1444.0
1474.0
1493.5
1474.0
1451.5
1465.0
1462.0
1490.5
1460.5
1480.0
1499.5
1415.5
1489.0
1466.5
1466.5
1499.5
1498.0
1454.5
1486.0
1427.5
1397.5
1478.5
1447.0
1454.5
1465.0
1481.5
1502.5
1483.0
1487.5
1448.5
1493.5
1433.5
1465.0
1459.0
1462.0
1478.5
1501.0
1429.0
1465.0
1496.5
1495.0
1442.5
1480.0
1475.5
1475.5
1460.5
1427.5
1465.0
1475.5
1441.0
1468.0
1490.5
1475.5
1471.0
1460.5
1438.0
1466.5
1447.0
1447.0
1432.0
1420.0
1487.5
1493.5
1481.5
1498.0
1462.0
1439.5
1480.0
1477.0
1475.5
1469.5
1469.5
1453.0
1427.5
1489.0
1481.5
1466.5
1487.5
1483.0
1442.5
1483.0
1454.5
1493.5
1429.0
1448.5
1475.5
1456.0
1498.0
1429.0
1505.5
1483.0
1445.5
1420.0
1445.5
1481.5
1486.0
1505.5
1484.5
1471.0
1477.0
1462.0
1495.0
1519.0
1469.5
1472.5
1475.5
1472.5
1487.5
1432.0
1430.5
1439.5
1495.0
1483.0
1477.0
1453.0
1474.0
1456.0
1427.5
1462.0
1483.0
1492.0
1477.0
1463.5
1442.5
1450.0
1501.0
1469.5
1424.5
1463.5
1477.0
1460.5
1465.0
1445.5
1457.5
1472.5
1450.0
1490.5
1433.5
1456.0
1391.5
1451.5
1417.0
1466.5
1477.0
1514.5
1460.5
1507.0
1468.0
1477.0
1501.0
1411.0
1492.0
1516.0
1438.0
1414.0
1490.5
1510.0
1463.5
1468.0
1499.5
1475.5
1484.5
1450.0
1486.0
1492.0
1487.5
1454.5
1505.5
1370.5
1490.5
1352.5
1477.0
1420.0
1459.0
1435.0
1454.5
1445.5
1510.0
1471.0
1444.0
1471.0
1457.5
1495.0
1486.0
1381.0
1450.0
1481.5
1460.5
1418.5
1483.0
1454.5
1492.0
1451.5
1421.5
1450.0
1486.0
1417.0
1499.5
1445.5
1486.0
1447.0
1492.0
1490.5
1421.5
1454.5
1436.5
1451.5
1423.0
1498.0
1414.0
1478.5
1483.0
1486.0
1445.5
1481.5
1510.0
1454.5
1453.0
1442.5
1447.0
1420.0
1457.5
1451.5
1421.5
1468.0
1444.0
1496.5
1481.5
1468.0
1486.0
1486.0
1451.5
1466.5
1498.0
1502.5
1463.5
1483.0
1468.0
1481.5
1483.0
1459.0
1433.5
1462.0
1417.0
1384.0
1472.5
1478.5
1480.0
1447.0
1469.5
1436.5
1433.5
1447.0
1420.0
1435.0
1486.0
1492.0
1456.0
1466.5
1447.0
1496.5
1459.0
1445.5
1451.5
1466.5
1487.5
1466.5
1478.5
1423.0
1438.0
1478.5
1489.0
1436.5
1442.5
1468.0
1441.0
1427.5
1436.5
1484.5
1475.5
1451.5
1477.0
1477.0
1454.5
1427.5
1501.0
1495.0
1478.5
1487.5
1429.0
1442.5
1457.5
1481.5
1480.0
1427.5
1508.5
1429.0
1417.0
1484.5
1492.0
1402.0
1394.5
1495.0
1451.5
1489.0
1453.0
1486.0
1486.0
1478.5
1478.5
1451.5
1430.5
1475.5
1414.0
1447.0
1435.0
1442.5
1459.0
1484.5
1462.0
1483.0
1483.0
1496.5
1406.5
1489.0
1483.0
1462.0
1481.5
1469.5
1396.0
1465.0
1478.5
1448.5
1468.0
1475.5
1450.0
1492.0
1468.0
1451.5
1465.0
1465.0
1484.5
1469.5
1457.5
1475.5
1430.5
1493.5
1486.0
1459.0
1468.0
1462.0
1471.0
1472.5
1528.0
1472.5
1442.5
1447.0
1444.0
1445.5
1484.5
1463.5
1450.0
1492.0
1493.5
1481.5
1487.5
1493.5
1499.5
1429.0
1441.0
1453.0
1463.5
1433.5
1487.5
1501.0
1514.5
1439.5
1468.0
1477.0
1445.5
1448.5
1477.0
1495.0
1478.5
1460.5
1508.5
1502.5
1448.5
1463.5
1475.5
1385.5
1480.0
1504.0
1477.0
1448.5
1432.0
1435.0
1457.5
1471.0
1456.0
1511.5
1435.0
1486.0
1492.0
1465.0
1489.0
1472.5
1441.0
1487.5
1507.0
1447.0
1457.5
1466.5
1447.0
1448.5
1412.5
1453.0
1430.5
1432.0
1378.0
1456.0
1487.5
1471.0
1474.0
1516.0
1486.0
1513.0
1441.0
1481.5
1480.0
1475.5
1483.0
1492.0
1391.5
1487.5
1525.0
1477.0
1484.5
1465.0
1487.5
1468.0
1468.0
1504.0
1435.0
1462.0
1481.5
1477.0
1498.0
1441.0
1475.5
1468.0
1484.5
1466.5
1495.0
1471.0
1427.5
1421.5
1495.0
1472.5
1471.0
1478.5
1486.0
1450.0
1490.5
1505.5
1477.0
1478.5
1487.5
1468.0
1445.5
1490.5
1483.0
1454.5
1453.0
1453.0
1505.5
1429.0
1468.0
1448.5
1466.5
1457.5
1403.5
1442.5
1483.0
1444.0
1481.5
1498.0
1475.5
1468.0
1432.0
1453.0
1435.0
1456.0
1480.0
1468.0
1487.5
1480.0
1489.0
1454.5
1483.0
1472.5
1486.0
1516.0
1447.0
1499.5
1382.5
1444.0
1493.5
1483.0
1438.0
1454.5
1420.0
1498.0
1511.5
1472.5
1453.0
1376.5
1489.0
1460.5
1442.5
1457.5
1514.5
1453.0
1460.5
1432.0
1501.0
1495.0
1487.5
1436.5
1496.5
1457.5
1471.0
1475.5
1462.0
1466.5
1472.5
1501.0
1489.0
1478.5
1474.0
1486.0
1462.0
1456.0
1487.5
1463.5
1448.5
1474.0
1423.0
1477.0
1483.0
1486.0
1466.5
1460.5
1468.0
1478.5
1409.5
1442.5
1517.5
1502.5
1414.0
1462.0
1484.5
1468.0
1504.0
1472.5
1480.0
1514.5
1460.5
1456.0
1438.0
1454.5
1510.0
1495.0
1477.0
1487.5
1468.0
1469.5
1520.5
1448.5
1502.5
1487.5
1363.0
1447.0
1463.5
1471.0
1481.5
1487.5
1442.5
1507.0
1486.0
1399.0
1466.5
1480.0
1471.0
1471.0
1450.0
1490.5
1517.5
1465.0
1466.5
1450.0
1505.5
1474.0
1430.5
1480.0
1450.0
1411.0
1480.0
1420.0
1471.0
1460.5
1460.5
1490.5
1483.0
1462.0
1463.5
1453.0
1465.0
1508.5
1502.5
1453.0
1469.5
1466.5
1430.5
1432.0
1472.5
1498.0
1504.0
1418.5
1433.5
1415.5
1450.0
1460.5
1451.5
1484.5
1463.5
1438.0
1480.0
1472.5
1492.0
1469.5
1433.5
1481.5
1456.0
1433.5
1505.5
1526.5
1474.0
1481.5
1463.5
1484.5
1516.0
1456.0
1489.0
1484.5
1462.0
1463.5
1463.5
1406.5
1439.5
1465.0
1432.0
1469.5
1474.0
1442.5
1462.0
1484.5
1492.0
1399.0
1493.5
1396.0
1459.0
1483.0
1459.0
1492.0
1469.5
1468.0
1457.5
1459.0
1487.5
1478.5
1417.0
1466.5
1525.0
1487.5
1487.5
1448.5
1453.0
1472.5
1495.0
1502.5
1499.5
1481.5
1474.0
1460.5
1487.5
1463.5
1463.5
1466.5
1421.5
1450.0
1496.5
1453.0
1477.0
1501.0
1451.5
1459.0
1501.0
1480.0
1408.0
1415.5
1475.5
1484.5
1480.0
1454.5
1481.5
1492.0
1462.0
1454.5
1450.0
1483.0
1490.5
1498.0
1472.5
1478.5
1504.0
1408.0
1463.5
1477.0
1448.5
1409.5
1487.5
1430.5
1453.0
1490.5
1480.0
1457.5
1438.0
1489.0
1460.5
1507.0
1460.5
1496.5
1508.5
1481.5
1433.5
1454.5
1504.0
1480.0
1490.5
1430.5
1492.0
1477.0
1475.5
1424.5
1490.5
1438.0
1463.5
1480.0
1432.0
1459.0
1472.5
1447.0
1508.5
1490.5
1489.0
1466.5
1436.5
1490.5
1486.0
1481.5
1475.5
1442.5
1463.5
1451.5
1457.5
1447.0
1481.5
1466.5
1430.5
1484.5
1468.0
1465.0
1447.0
1472.5
1441.0
1499.5
1474.0
1477.0
1471.0
1451.5
1486.0
1466.5
1469.5
1451.5
1445.5
1468.0
1427.5
1441.0
1472.5
1477.0
1498.0
1463.5
1438.0
1432.0
1466.5
1474.0
1496.5
1477.0
1369.0
1495.0
1451.5
1445.5
1487.5
1453.0
1487.5
1480.0
1442.5
1457.5
1417.0
1516.0
1480.0
1460.5
1477.0
1480.0
1462.0
1474.0
1496.5
1472.5
1457.5
1441.0
1501.0
1421.5
1510.0
1474.0
1499.5
1459.0
1487.5
1451.5
1463.5
1490.5
1426.0
1459.0
1438.0
1453.0
1481.5
1472.5
1483.0
1493.5
1370.5
1456.0
1421.5
1471.0
1453.0
1460.5
1430.5
1412.5
1505.5
1463.5
1447.0
1459.0
1489.0
1465.0
1481.5
1451.5
1490.5
1442.5
1444.0
1459.0
1483.0
1477.0
1478.5
1456.0
1522.0
1451.5
1448.5
1430.5
1474.0
1450.0
1462.0
1489.0
1466.5
1495.0
1489.0
1480.0
1442.5
1457.5
1448.5
1468.0
1384.0
1507.0
1450.0
1441.0
1430.5
1423.0
1435.0
1480.0
1456.0
1477.0
1486.0
1481.5
1478.5
1466.5
1466.5
1481.5
1472.5
1471.0
1513.0
1459.0
1490.5
1508.5
1483.0
1415.5
1457.5
1466.5
1474.0
1472.5
1510.0
1492.0
1493.5
1493.5
1493.5
1483.0
1493.5
1435.0
1483.0
1489.0
1468.0
1480.0
1445.5
1489.0
1480.0
1502.5
1430.5
1486.0
1462.0
1469.5
1481.5
1439.5
1519.0
1471.0
1453.0
1436.5
1480.0
1477.0
1421.5
1456.0
1436.5
1492.0
1481.5
1436.5
1510.0
1453.0
1442.5
1492.0
1469.5
1445.5
1468.0
1441.0
1484.5
1436.5
1435.0
1433.5
1465.0
1444.0
1483.0
1504.0
1480.0
1430.5
1442.5
1505.5
1484.5
1462.0
1499.5
1468.0
1444.0
1495.0
1484.5
1507.0
1505.5
1507.0
1477.0
1462.0
1444.0
1456.0
1505.5
1465.0
1460.5
1484.5
1489.0
1475.5
1339.0
1490.5
1487.5
1454.5
1409.5
1477.0
1448.5
1475.5
1468.0
1393.0
1450.0
1432.0
1448.5
1519.0
1495.0
1462.0
1448.5
1474.0
1454.5
1474.0
1436.5
1453.0
1484.5
1448.5
1481.5
1484.5
1450.0
1466.5
1414.0
1474.0
1451.5
1439.5
1486.0
1477.0
1472.5
1468.0
1459.0
1484.5
1432.0
1478.5
1480.0
1436.5
1447.0
1489.0
1498.0
1484.5
1438.0
1462.0
1436.5
1475.5
1442.5
1432.0
1462.0
1486.0
1445.5
1489.0
1462.0
1459.0
1426.0
1471.0
1474.0
1433.5
1501.0
1433.5
1438.0
1447.0
1502.5
1468.0
1471.0
1507.0
1484.5
1501.0
1486.0
1460.5
1493.5
1465.0
1474.0
1471.0
1477.0
1474.0
1460.5
1459.0
1457.5
1456.0
1480.0
1450.0
1493.5
1435.0
1477.0
1493.5
1429.0
1466.5
1466.5
1426.0
1489.0
1445.5
1304.5
1468.0
1433.5
1411.0
1498.0
1477.0
1379.5
1457.5
1510.0
1474.0
1454.5
1499.5
1456.0
1486.0
1432.0
1519.0
1448.5
1417.0
1499.5
1477.0
1463.5
1505.5
1459.0
1456.0
1463.5
1493.5
1508.5
1441.0
1477.0
1454.5
1453.0
1435.0
1418.5
1462.0
1484.5
1438.0
1480.0
1456.0
1468.0
1493.5
1486.0
1466.5
1439.5
1454.5
1456.0
1450.0
1430.5
1429.0
1487.5
1478.5
1442.5
1468.0
1460.5
1459.0
1486.0
1468.0
1492.0
1414.0
1447.0
1477.0
1496.5
1471.0
1459.0
1478.5
1381.0
1487.5
1462.0
1495.0
1469.5
1453.0
1436.5
1483.0
1429.0
1513.0
1454.5
1436.5
1385.5
1463.5
1477.0
1424.5
1448.5
1469.5
1456.0
1511.5
1463.5
1478.5
1436.5
1427.5
1432.0
1441.0
1414.0
1480.0
1486.0
1480.0
1484.5
1484.5
1471.0
1471.0
1435.0
1426.0
1483.0
1495.0
1483.0
1451.5
1468.0
1477.0
1468.0
1433.5
1493.5
1493.5
1489.0
1498.0
1459.0
1483.0
1435.0
1490.5
1442.5
1469.5
1456.0
1484.5
1444.0
1463.5
1484.5
1432.0
1460.5
1442.5
1493.5
1477.0
1489.0
1516.0
1436.5
1499.5
1495.0
1513.0
1444.0
1490.5
1438.0
1358.5
1405.0
1451.5
1450.0
1472.5
1498.0
1423.0
1483.0
1445.5
1415.5
1492.0
1477.0
1501.0
1475.5
1483.0
1472.5
1415.5
1465.0
1487.5
1439.5
1480.0
1460.5
1445.5
1484.5
1429.0
1454.5
1403.5
1469.5
1483.0
1483.0
1486.0
1445.5
1448.5
1507.0
1456.0
1477.0
1477.0
1480.0
1462.0
1490.5
1447.0
1432.0
1511.5
1481.5
1432.0
1478.5
1468.0
1427.5
1438.0
1492.0
1435.0
1429.0
1472.5
1454.5
1468.0
1477.0
1457.5
1468.0
1420.0
1477.0
1441.0
1495.0
1504.0
1448.5
1411.0
1483.0
1451.5
1453.0
1450.0
1499.5
1483.0
1499.5
1465.0
1429.0
1441.0
1475.5
1472.5
1448.5
1424.5
1448.5
1472.5
1430.5
1510.0
1466.5
1424.5
1439.5
1501.0
1499.5
1415.5
1429.0
1465.0
1483.0
1475.5
1471.0
1471.0
1483.0
1504.0
1487.5
1462.0
1481.5
1486.0
1436.5
1480.0
1484.5
1490.5
1492.0
1465.0
1390.0
1459.0
1481.5
1493.5
1484.5
1466.5
1486.0
1456.0
1438.0
1436.5
1429.0
1436.5
1375.0
1483.0
1451.5
1454.5
1495.0
1451.5
1472.5
1484.5
1501.0
1375.0
1480.0
1427.5
1486.0
1483.0
1445.5
1438.0
1495.0
1463.5
1490.5
1469.5
1448.5
1432.0
1463.5
1520.5
1481.5
1505.5
1472.5
1438.0
1405.0
1439.5
1411.0
1484.5
1448.5
1487.5
1448.5
1510.0
1471.0
1495.0
1475.5
1477.0
1481.5
1471.0
1435.0
1445.5
1496.5
1399.0
1466.5
1465.0
1469.5
1490.5
1426.0
1460.5
1472.5
1484.5
1420.0
1493.5
1484.5
1456.0
1463.5
1451.5
1435.0
1439.5
1444.0
1475.5
1429.0
1474.0
1522.0
1508.5
1430.5
1388.5
1472.5
1459.0
1456.0
1420.0
1477.0
1465.0
1507.0
1508.5
1472.5
1435.0
1486.0
1459.0
1453.0
1471.0
1471.0
1489.0
1456.0
1489.0
1445.5
1454.5
1438.0
1478.5
1498.0
1421.5
1432.0
1471.0
1451.5
1442.5
1487.5
1486.0
1462.0
1514.5
1477.0
1471.0
1432.0
1447.0
1441.0
1444.0
1414.0
1478.5
1457.5
1435.0
1498.0
1457.5
1399.0
1477.0
1493.5
1489.0
1471.0
1427.5
1466.5
1465.0
1510.0
1484.5
1481.5
1430.5
1430.5
1469.5
1487.5
1465.0
1429.0
1430.5
1517.5
1487.5
1432.0
1487.5
1487.5
1499.5
1378.0
1454.5
1493.5
1424.5
1451.5
1457.5
1495.0
1493.5
1483.0
1513.0
1484.5
1468.0
1483.0
1441.0
1472.5
1507.0
1433.5
1454.5
1472.5
1472.5
1469.5
1474.0
1463.5
1472.5
1490.5
1504.0
1490.5
1484.5
1481.5
1456.0
1480.0
1402.0
1510.0
1462.0
1472.5
1466.5
1436.5
1465.0
1483.0
1465.0
1472.5
1474.0
1378.0
1486.0
1474.0
1487.5
1429.0
1480.0
1487.5
1483.0
1439.5
1438.0
1490.5
1477.0
1438.0
1463.5
1483.0
1388.5
1481.5
1453.0
1456.0
1444.0
1484.5
1385.5
1447.0
1435.0
1465.0
1490.5
1427.5
1469.5
1474.0
1468.0
1492.0
1499.5
1504.0
1409.5
1478.5
1444.0
1447.0
1489.0
1472.5
1460.5
1462.0
1511.5
1445.5
1501.0
1465.0
1406.5
1493.5
1486.0
1460.5
1468.0
1481.5
1462.0
1451.5
1475.5
1472.5
1462.0
1465.0
1496.5
1495.0
1421.5
1433.5
1523.5
1450.0
1465.0
1465.0
1462.0
1508.5
1469.5
1472.5
1495.0
1463.5
1469.5
1486.0
1415.5
1477.0
1432.0
1472.5
1427.5
1435.0
1480.0
1471.0
1478.5
1439.5
1459.0
1469.5
1498.0
1463.5
1505.5
1507.0
1450.0
1504.0
1478.5
1465.0
1505.5
1475.5
1451.5
1466.5
1486.0
1493.5
1475.5
1481.5
1421.5
1466.5
1441.0
1507.0
1504.0
1511.5
1463.5
1442.5
1495.0
1453.0
1450.0
1475.5
1445.5
1427.5
1382.5
1471.0
1475.5
1471.0
1484.5
1477.0
1399.0
1504.0
1496.5
1478.5
1493.5
1433.5
1442.5
1441.0
1465.0
1424.5
1480.0
1496.5
1448.5
1486.0
1456.0
1468.0
1486.0
1468.0
1462.0
1453.0
1471.0
1481.5
1459.0
1507.0
1469.5
1450.0
1493.5
1510.0
1459.0
1444.0
1484.5
1522.0
1427.5
1453.0
1472.5
1492.0
1483.0
1481.5
1451.5
1483.0
1411.0
1517.5
1481.5
1463.5
1429.0
1480.0
1451.5
1423.0
1478.5
1519.0
1472.5
1477.0
1444.0
1519.0
1502.5
1468.0
1519.0
1466.5
1478.5
1549.0
1495.0
1493.5
1418.5
1402.0
1514.5
1459.0
1478.5
1468.0
1463.5
1490.5
1508.5
1489.0
1463.5
1472.5
1453.0
1400.5
1399.0
1459.0
1448.5
1514.5
1514.5
1462.0
1474.0
1496.5
1459.0
1432.0
1454.5
1496.5
1418.5
1447.0
1487.5
1477.0
1426.0
1481.5
1463.5
1504.0
1477.0
1505.5
1417.0
1496.5
1442.5
1463.5
1469.5
1445.5
1432.0
1450.0
1478.5
1442.5
1483.0
1457.5
1487.5
1505.5
1472.5
1447.0
1478.5
1486.0
1493.5
1415.5
1444.0
1492.0
1486.0
1462.0
1432.0
1459.0
1451.5
1478.5
1438.0
1505.5
1508.5
1475.5
1469.5
1510.0
1454.5
1406.5
1457.5
1496.5
1480.0
1487.5
1496.5
1448.5
1394.5
1492.0
1490.5
1508.5
1463.5
1474.0
1483.0
1513.0
1471.0
1408.0
1463.5
1418.5
1460.5
1493.5
1487.5
1459.0
1441.0
1454.5
1501.0
1471.0
1450.0
1474.0
1477.0
1457.5
1415.5
1457.5
1483.0
1475.5
1457.5
1430.5
1472.5
1502.5
1474.0
1463.5
1414.0
1459.0
1465.0
1442.5
1496.5
1406.5
1460.5
1424.5
1436.5
1498.0
1394.5
1384.0
1475.5
1451.5
1462.0
1462.0
1429.0
1445.5
1468.0
1504.0
1474.0
1472.5
1406.5
1435.0
1471.0
1489.0
1487.5
1469.5
1457.5
1444.0
1477.0
1462.0
1448.5
1423.0
1483.0
1451.5
1468.0
1484.5
1471.0
1450.0
1456.0
1483.0
1457.5
1433.5
1472.5
1453.0
1417.0
1471.0
1480.0
1471.0
1483.0
1454.5
1442.5
1474.0
1453.0
1466.5
1480.0
1451.5
1459.0
1474.0
1472.5
1394.5
1357.0
1435.0
1472.5
1382.5
1400.5
1475.5
1447.0
1450.0
1474.0
1499.5
1477.0
1436.5
1481.5
1417.0
1496.5
1420.0
1469.5
1465.0
1475.5
1450.0
1442.5
1480.0
1490.5
1514.5
1511.5
1438.0
1477.0
1484.5
1495.0
1493.5
1469.5
1445.5
1468.0
1466.5
1444.0
1468.0
1447.0
1474.0
1468.0
1469.5
1492.0
1463.5
1397.5
1463.5
1450.0
1450.0
1409.5
1477.0
1472.5
1528.0
1457.5
1433.5
1478.5
1474.0
1463.5
1406.5
1496.5
1472.5
1448.5
1453.0
1394.5
1480.0
1451.5
1456.0
1511.5
1496.5
1493.5
1459.0
1483.0
1484.5
1393.0
1486.0
1493.5
1475.5
1504.0
1501.0
1424.5
1442.5
1424.5
1475.5
1408.0
1474.0
1493.5
1483.0
1474.0
1508.5
1462.0
1483.0
1480.0
1453.0
1493.5
1496.5
1475.5
1453.0
1460.5
1442.5
1439.5
1435.0
1489.0
1487.5
1462.0
1481.5
1490.5
1472.5
1426.0
1415.5
1453.0
1457.5
1481.5
1462.0
1472.5
1466.5
1445.5
1471.0
1471.0
1490.5
1421.5
1507.0
1462.0
1444.0
1463.5
1472.5
1490.5
1456.0
1471.0
1469.5
1427.5
1490.5
1490.5
1498.0
1490.5
1451.5
1448.5
1453.0
1483.0
1439.5
1489.0
1436.5
1513.0
1454.5
1517.5
1457.5
1462.0
1495.0
1474.0
1439.5
1447.0
1477.0
1480.0
1495.0
1501.0
1466.5
1429.0
1480.0
1469.5
1459.0
1456.0
1429.0
1444.0
1430.5
1493.5
1460.5
1529.5
1469.5
1448.5
1492.0
1426.0
1475.5
1477.0
1502.5
1462.0
1457.5
1469.5
1496.5
1486.0
1462.0
1457.5
1450.0
1493.5
1489.0
1427.5
1474.0
1478.5
1505.5
1475.5
1433.5
1487.5
1459.0
1475.5
1486.0
1427.5
1453.0
1490.5
1468.0
1447.0
1453.0
1427.5
1496.5
1381.0
1429.0
1472.5
1454.5
1472.5
1486.0
1456.0
1471.0
1475.5
1478.5
1471.0
1454.5
1472.5
1463.5
1430.5
1418.5
1417.0
1469.5
1457.5
1513.0
1417.0
1412.5
1463.5
1514.5
1484.5
1477.0
1483.0
1450.0
1439.5
1376.5
1445.5
1432.0
1465.0
1441.0
1469.5
1463.5
1444.0
1463.5
1478.5
1417.0
1424.5
1472.5
1471.0
1471.0
1390.0
1448.5
1463.5
1415.5
1429.0
1462.0
1472.5
1510.0
1442.5
1487.5
1481.5
1433.5
1477.0
1481.5
1469.5
1474.0
1439.5
1484.5
1493.5
1462.0
1424.5
1495.0
1427.5
1481.5
1484.5
1487.5
1462.0
1474.0
1459.0
1418.5
1483.0
1456.0
1384.0
1471.0
1391.5
1409.5
1493.5
1492.0
1480.0
1372.0
1448.5
1462.0
1462.0
1436.5
1444.0
1495.0
1435.0
1463.5
1445.5
1486.0
1510.0
1507.0
1468.0
1445.5
1474.0
1441.0
1511.5
1448.5
1445.5
1480.0
1448.5
1450.0
1414.0
1435.0
1420.0
1432.0
1459.0
1480.0
1459.0
1454.5
1442.5
1483.0
1361.5
1480.0
1489.0
1481.5
1426.0
1409.5
1462.0
1513.0
1484.5
1460.5
1466.5
1489.0
1468.0
1502.5
1450.0
1472.5
1501.0
1469.5
1463.5
1472.5
1484.5
1459.0
1448.5
1508.5
1502.5
1396.0
1463.5
1439.5
1516.0
1471.0
1483.0
1445.5
1492.0
1498.0
1463.5
1487.5
1462.0
1435.0
1462.0
1480.0
1453.0
1396.0
1489.0
1441.0
1429.0
1472.5
1423.0
1439.5
1421.5
1489.0
1484.5
1493.5
1481.5
1462.0
1450.0
1502.5
1459.0
1432.0
1493.5
1454.5
1481.5
1448.5
1423.0
1481.5
1516.0
1511.5
1442.5
1462.0
1408.0
1480.0
1499.5
1478.5
1459.0
1397.5
1489.0
1468.0
1448.5
1508.5
1460.5
1463.5
1462.0
1462.0
1460.5
1477.0
1492.0
1478.5
1463.5
1483.0
1424.5
1508.5
1466.5
1450.0
1429.0
1439.5
1477.0
1471.0
1493.5
1466.5
1480.0
1496.5
1429.0
1439.5
1412.5
1442.5
1471.0
1465.0
1483.0
1442.5
1495.0
1424.5
1426.0
1477.0
1477.0
1447.0
1477.0
1498.0
1477.0
1445.5
1471.0
1468.0
1447.0
1444.0
1487.5
1436.5
1489.0
1451.5
1478.5
1502.5
1496.5
1475.5
1490.5
1450.0
1420.0
1447.0
1397.5
1498.0
1505.5
1481.5
1430.5
1439.5
1442.5
1445.5
1481.5
1448.5
1451.5
1478.5
1489.0
1459.0
1445.5
1468.0
1513.0
1508.5
1475.5
1457.5
1418.5
1445.5
1435.0
1459.0
1475.5
1492.0
1478.5
1450.0
1462.0
1463.5
1447.0
1471.0
1444.0
1477.0
1436.5
1508.5
1439.5
1477.0
1489.0
1499.5
1474.0
1492.0
1492.0
1499.5
1513.0
1484.5
1427.5
1463.5
1451.5
1429.0
1466.5
1439.5
1442.5
1489.0
1438.0
1432.0
1445.5
1460.5
1472.5
1399.0
1463.5
1477.0
1468.0
1451.5
1502.5
1468.0
1460.5
1445.5
1445.5
1450.0
1454.5
1468.0
1483.0
1420.0
1490.5
1489.0
1493.5
1510.0
1462.0
1438.0
1456.0
1469.5
1508.5
1490.5
1450.0
1480.0
1466.5
1459.0
1472.5
1478.5
1516.0
1418.5
1489.0
1465.0
1474.0
1436.5
1481.5
1477.0
1490.5
1487.5
1423.0
1441.0
1459.0
1463.5
1477.0
1469.5
1483.0
1427.5
1481.5
1415.5
1387.0
1424.5
1468.0
1465.0
1456.0
1451.5
1468.0
1516.0
1525.0
1480.0
1486.0
1481.5
1510.0
1396.0
1483.0
1451.5
1484.5
1460.5
1435.0
1424.5
1459.0
1454.5
1468.0
1429.0
1486.0
1469.5
1447.0
1445.5
1450.0
1415.5
1480.0
1442.5
1480.0
1466.5
1499.5
1490.5
1421.5
1447.0
1487.5
1502.5
1475.5
1466.5
1514.5
1388.5
1435.0
1432.0
1478.5
1495.0
1489.0
1475.5
1489.0
1505.5
1487.5
1448.5
1463.5
1411.0
1445.5
1460.5
1493.5
1405.0
1496.5
1433.5
1499.5
1487.5
1478.5
1469.5
1429.0
1493.5
1466.5
1501.0
1459.0
1483.0
1456.0
1475.5
1420.0
1495.0
1490.5
1489.0
1469.5
1445.5
1490.5
1442.5
1444.0
1439.5
1477.0
1481.5
1492.0
1478.5
1477.0
1415.5
1477.0
1474.0
1417.0
1369.0
1468.0
1454.5
1448.5
1396.0
1462.0
1438.0
1477.0
1469.5
1472.5
1465.0
1496.5
1472.5
1433.5
1516.0
1432.0
1463.5
1477.0
1490.5
1475.5
1508.5
1441.0
1453.0
1459.0
1375.0
1466.5
1448.5
1432.0
1459.0
1481.5
1483.0
1483.0
1451.5
1481.5
1469.5
1481.5
1454.5
1483.0
1499.5
1456.0
1477.0
1483.0
1471.0
1490.5
1472.5
1463.5
1481.5
1414.0
1477.0
1475.5
1436.5
1475.5
1450.0
1432.0
1427.5
1408.0
1457.5
1504.0
1523.5
1466.5
1451.5
1372.0
1457.5
1432.0
1453.0
1499.5
1450.0
1511.5
1475.5
1483.0
1463.5
1475.5
1475.5
1475.5
1481.5
1487.5
1505.5
1469.5
1477.0
1505.5
1498.0
1444.0
1495.0
1484.5
1460.5
1429.0
1457.5
1427.5
1501.0
1495.0
1465.0
1448.5
1432.0
1484.5
1456.0
1462.0
1495.0
1445.5
1501.0
1453.0
1457.5
1472.5
1460.5
1466.5
1441.0
1483.0
1436.5
1463.5
1481.5
1445.5
1469.5
1465.0
1468.0
1481.5
1466.5
1459.0
1438.0
1423.0
1475.5
1489.0
1487.5
1444.0
1445.5
1462.0
1484.5
1409.5
1484.5
1420.0
1478.5
1444.0
1495.0
1444.0
1469.5
1451.5
1456.0
1474.0
1456.0
1457.5
1471.0
1406.5
1420.0
1436.5
1433.5
1507.0
1492.0
1480.0
1486.0
1484.5
1484.5
1475.5
1492.0
1477.0
1453.0
1418.5
1460.5
1448.5
1484.5
1441.0
1490.5
1457.5
1453.0
1459.0
1474.0
1472.5
1487.5
1480.0
1460.5
1472.5
1453.0
1499.5
1432.0
1537.0
1504.0
1456.0
1478.5
1435.0
1490.5
1429.0
1429.0
1465.0
1453.0
1465.0
1429.0
1430.5
1474.0
1444.0
1477.0
1460.5
1481.5
1508.5
1469.5
1454.5
1477.0
1427.5
1481.5
1487.5
1483.0
1444.0
1475.5
1498.0
1486.0
1496.5
1411.0
1483.0
1492.0
1391.5
1462.0
1454.5
1471.0
1457.5
1475.5
1445.5
1496.5
1490.5
1498.0
1463.5
1384.0
1504.0
1469.5
1435.0
1490.5
1477.0
1453.0
1489.0
1405.0
1507.0
1511.5
1496.5
1501.0
1459.0
1474.0
1426.0
1468.0
1493.5
1429.0
1483.0
1484.5
1454.5
1463.5
1466.5
1481.5
1490.5
1427.5
1472.5
1475.5
1448.5
1451.5
1493.5
1460.5
1499.5
1429.0
1475.5
1426.0
1444.0
1442.5
1490.5
1460.5
1495.0
1378.0
1480.0
1496.5
1439.5
1475.5
1367.5
1477.0
1489.0
1463.5
1465.0
1484.5
1496.5
1498.0
1454.5
1433.5
1393.0
1462.0
1462.0
1442.5
1471.0
1435.0
1442.5
1438.0
1495.0
1432.0
1460.5
1474.0
1454.5
1474.0
1451.5
1490.5
1463.5
1517.5
1490.5
1492.0
1477.0
1492.0
1460.5
1391.5
1477.0
1469.5
1439.5
1475.5
1430.5
1418.5
1492.0
1454.5
1483.0
1462.0
1403.5
1496.5
1462.0
1436.5
1459.0
1469.5
1502.5
1510.0
1459.0
1445.5
1462.0
1502.5
1474.0
1439.5
1495.0
1426.0
1430.5
1454.5
1460.5
1477.0
1447.0
1442.5
1451.5
1474.0
1507.0
1469.5
1465.0
1474.0
1474.0
1430.5
1474.0
1477.0
1469.5
1435.0
1466.5
1486.0
1486.0
1474.0
1478.5
1489.0
1442.5
1487.5
1447.0
1436.5
1477.0
1490.5
1468.0
1474.0
1462.0
1490.5
1426.0
1442.5
1444.0
1421.5
1468.0
1463.5
1412.5
1502.5
1459.0
1468.0
1498.0
1409.5
1423.0
1469.5
1463.5
1472.5
1496.5
1474.0
1522.0
1444.0
1472.5
1489.0
1468.0
1501.0
1474.0
1447.0
1511.5
1450.0
1498.0
1387.0
1454.5
1453.0
1493.5
1474.0
1483.0
1499.5
1468.0
1499.5
1510.0
1457.5
1474.0
1451.5
1463.5
1462.0
1486.0
1454.5
1448.5
1511.5
1496.5
1454.5
1453.0
1498.0
1492.0
1481.5
1481.5
1522.0
1439.5
1465.0
1465.0
1474.0
1426.0
1465.0
1466.5
1493.5
1507.0
1504.0
1477.0
1457.5
1463.5
1481.5
1444.0
1514.5
1420.0
1459.0
1478.5
1465.0
1456.0
1460.5
1466.5
1495.0
1472.5
1447.0
1469.5
1490.5
1481.5
1444.0
1453.0
1451.5
1459.0
1468.0
1454.5
1450.0
1481.5
1462.0
1465.0
1508.5
1448.5
1486.0
1454.5
1504.0
1495.0
1447.0
1468.0
1501.0
1501.0
1451.5
1486.0
1457.5
1460.5
1468.0
1445.5
1499.5
1484.5
1486.0
1460.5
1496.5
1508.5
1496.5
1487.5
1426.0
1475.5
1475.5
1460.5
1480.0
1463.5
1489.0
1391.5
1451.5
1451.5
1397.5
1421.5
1436.5
1496.5
1483.0
1450.0
1435.0
1474.0
1424.5
1478.5
1385.5
1483.0
1447.0
1490.5
1459.0
1444.0
1462.0
1478.5
1439.5
1435.0
1492.0
1493.5
1492.0
1400.5
1415.5
1439.5
1454.5
1412.5
1481.5
1441.0
1493.5
1493.5
1495.0
1465.0
1499.5
1414.0
1442.5
1471.0
1478.5
1450.0
1457.5
1486.0
1492.0
1517.5
1516.0
1466.5
1487.5
1439.5
1462.0
1444.0
1420.0
1471.0
1495.0
1454.5
1459.0
1424.5
1498.0
1439.5
1502.5
1481.5
1433.5
1466.5
1411.0
1469.5
1444.0
1423.0
1423.0
1492.0
1435.0
1456.0
1457.5
1433.5
1451.5
1457.5
1450.0
1483.0
1492.0
1444.0
1486.0
1493.5
1496.5
1442.5
1466.5
1426.0
1463.5
1493.5
1457.5
1472.5
1457.5
1454.5
1445.5
1475.5
1507.0
1444.0
1444.0
1466.5
1493.5
1376.5
1489.0
1463.5
1495.0
1430.5
1355.5
1456.0
1462.0
1471.0
1493.5
1477.0
1493.5
1510.0
1493.5
1489.0
1402.0
1481.5
1396.0
1481.5
1432.0
1474.0
1459.0
1460.5
1456.0
1453.0
1432.0
1462.0
1441.0
1453.0
1441.0
1444.0
1489.0
1442.5
1466.5
1495.0
1490.5
1438.0
1513.0
1468.0
1484.5
1472.5
1456.0
1508.5
1486.0
1436.5
1430.5
1468.0
1445.5
1501.0
1453.0
1439.5
1501.0
1468.0
1489.0
1486.0
1517.5
1462.0
1490.5
1469.5
1462.0
1471.0
1388.5
1487.5
1489.0
1466.5
1454.5
1478.5
1436.5
1411.0
1474.0
1433.5
1463.5
1489.0
1438.0
1475.5
1445.5
1505.5
1438.0
1459.0
1471.0
1453.0
1495.0
1459.0
1463.5
1477.0
1484.5
1475.5
1463.5
1496.5
1465.0
1457.5
1429.0
1450.0
1471.0
1451.5
1457.5
1466.5
1469.5
1406.5
1489.0
1468.0
1504.0
1459.0
1447.0
1480.0
1420.0
1502.5
1499.5
1487.5
1478.5
1447.0
1444.0
1432.0
1433.5
1483.0
1468.0
1460.5
1501.0
1487.5
1459.0
1486.0
1480.0
1451.5
1459.0
1475.5
1490.5
1442.5
1445.5
1454.5
1462.0
1403.5
1489.0
1496.5
1528.0
1460.5
1472.5
1486.0
1505.5
1466.5
1477.0
1457.5
1444.0
1502.5
1475.5
1471.0
1493.5
1454.5
1441.0
1460.5
1471.0
1480.0
1466.5
1468.0
1483.0
1481.5
1490.5
1465.0
1439.5
1463.5
1448.5
