427.0
1076.5
1298.5
1238.5
1270.0
1313.5
1261.0
1345.0
1346.5
1223.5
1280.5
1159.0
1286.5
1252.0
1124.5
1055.5
1370.5
1330.0
1303.0
1310.5
592.0
1253.5
1327.0
1244.5
896.5
1318.0
1264.0
1261.0
1127.5
1337.5
1279.0
1352.5
1300.0
1279.0
1099.0
1129.0
1156.0
1312.0
1027.0
1217.5
1318.0
1213.0
1309.0
1244.5
1136.5
1267.0
1340.5
1199.5
1273.0
1094.5
1372.0
1303.0
1280.5
1315.0
1132.0
1375.0
1361.5
1108.0
1208.5
1193.5
1246.0
1234.0
1351.0
1097.5
1156.0
1265.5
1265.5
1196.5
1166.5
1258.0
1237.0
1391.5
1060.0
1247.5
1037.5
839.5
1331.5
1118.5
1238.5
1063.0
1286.5
1304.5
1142.5
1250.5
1247.5
1316.5
1255.0
1187.5
1249.0
1285.0
1274.5
1216.0
1316.5
1340.5
1223.5
1051.0
1270.0
1222.0
1360.0
1252.0
1109.5
1238.5
1166.5
1246.0
1319.5
1376.5
1249.0
1184.5
1193.5
1315.0
1192.0
1076.5
1156.0
1168.0
1216.0
1330.0
1180.0
1276.0
919.0
1199.5
1082.5
1114.0
901.0
1372.0
1258.0
761.5
1126.0
976.0
1201.0
1196.5
1144.0
1229.5
1199.5
1136.5
1309.0
1304.5
1286.5
1262.5
1253.5
1207.0
1096.0
1175.5
1171.0
1294.0
1078.0
1205.5
1283.5
1081.0
1180.0
1399.0
1237.0
1235.5
1319.5
1240.0
1201.0
1318.0
1294.0
1319.5
1276.0
1223.5
1022.5
1273.0
1258.0
1292.5
1301.5
1276.0
1130.5
1271.5
1189.0
1217.5
1214.5
1250.5
1021.0
1304.5
1241.5
1351.0
1382.5
1249.0
1055.5
1292.5
1190.5
1204.0
1201.0
1363.0
1088.5
1301.5
1342.0
1205.5
1352.5
1285.0
1216.0
836.5
1094.5
1358.5
1220.5
1397.5
982.0
1291.0
1024.0
1210.0
938.5
1052.5
953.5
1268.5
1387.0
1223.5
1289.5
1259.5
1316.5
1327.0
1289.5
1211.5
1193.5
1240.0
1195.0
1303.0
1285.0
1220.5
1199.5
956.5
1151.5
1246.0
1312.0
1252.0
1343.5
1303.0
715.0
1306.0
1172.5
1235.5
1342.0
1154.5
1225.0
1087.0
1310.5
1280.5
1288.0
1324.0
1366.0
1268.5
1247.5
1250.5
1325.5
1255.0
1403.5
1234.0
1249.0
1199.5
1196.5
1015.0
1051.0
1094.5
1211.5
1211.5
1265.5
1337.5
1186.0
1336.0
1286.5
1331.5
1330.0
1273.0
1283.5
1262.5
1201.0
1334.5
779.5
1139.5
1372.0
1037.5
1309.0
1139.5
1346.5
1235.5
1156.0
1367.5
1291.0
1297.0
1226.5
1202.5
1178.5
1096.0
1271.5
1339.0
1205.5
1283.5
1343.5
1228.0
1328.5
1340.5
1406.5
1234.0
1315.0
1297.0
1222.0
1045.0
1255.0
1355.5
1258.0
1324.0
1136.5
1247.5
1381.0
1129.0
1121.5
1361.5
1303.0
1297.0
1285.0
1082.5
815.5
1091.5
1204.0
1102.0
1315.0
1246.0
1130.5
1309.0
1276.0
1057.0
1340.5
1337.5
1234.0
1145.5
1153.0
1174.0
1277.5
1319.5
1328.5
1252.0
1276.0
1352.5
1325.5
1228.0
1408.0
1243.0
1321.0
1352.5
1337.5
1282.0
1126.0
1339.0
1141.0
1330.0
1181.5
1094.5
1270.0
1213.0
1232.5
1252.0
1354.0
1267.0
1399.0
1225.0
1316.5
1297.0
1229.5
1216.0
1334.5
1318.0
1186.0
1139.5
1301.5
1174.0
1195.0
1271.5
1133.5
1238.5
1249.0
1171.0
1252.0
1244.5
1391.5
1226.5
1360.0
1340.5
1291.0
1333.0
1183.0
1226.5
1190.5
1286.5
1348.0
1243.0
1150.0
1234.0
914.5
994.0
1343.5
1279.0
1294.0
1294.0
1120.0
1268.5
1321.0
1015.0
1177.0
1306.0
1198.0
1163.5
1322.5
1348.0
1324.0
1346.5
1366.0
1223.5
1159.0
1336.0
1223.5
1243.0
1193.5
1223.5
1096.0
1178.5
1093.0
1160.5
952.0
1213.0
1147.0
1139.5
1261.0
1078.0
1262.5
1258.0
1180.0
1301.5
1243.0
1051.0
716.5
977.5
1367.5
1238.5
1186.0
1267.0
1270.0
1288.0
1064.5
1292.5
1237.0
1288.0
1346.5
1048.0
1283.5
1222.0
1387.0
1082.5
739.0
1325.5
1286.5
1181.5
1166.5
1319.5
1153.0
1124.5
1078.0
1261.0
1277.5
1126.0
1192.0
1241.5
1285.0
1342.0
1361.5
1301.5
1144.0
1136.5
1237.0
1220.5
1226.5
1241.5
1162.0
1285.0
917.5
1346.5
1351.0
1292.5
1256.5
1249.0
1336.0
1249.0
1094.5
1166.5
1312.0
949.0
1160.5
1285.0
1063.0
1289.5
1195.0
1099.0
1364.5
1349.5
1324.0
1382.5
1306.0
1319.5
1087.0
1373.5
1163.5
1343.5
1231.0
1081.0
1166.5
829.0
1192.0
1309.0
1304.5
1316.5
1238.5
1235.5
1189.0
1303.0
1217.5
1300.0
1204.0
1277.5
1339.0
1258.0
1099.0
1130.5
1378.0
1271.5
1277.5
1201.0
1210.0
1115.5
1282.0
1259.5
1102.0
817.0
1232.5
1318.0
1211.5
1280.5
1189.0
1343.5
1099.0
1351.0
932.5
1175.5
1384.0
1252.0
1208.5
1106.5
1279.0
1306.0
1216.0
1267.0
1028.5
1379.5
1219.0
1342.0
1250.5
1340.5
1159.0
1343.5
1288.0
1160.5
1178.5
1189.0
1028.5
1303.0
1325.5
1189.0
526.0
1262.5
1280.5
1270.0
1195.0
782.5
1310.5
1223.5
1246.0
1252.0
1304.5
1216.0
1118.5
1051.0
1307.5
1264.0
1085.5
1256.5
821.5
1340.5
1288.0
1294.0
1379.5
1202.5
1258.0
1322.5
1234.0
1213.0
1193.5
1147.0
1186.0
1298.5
1235.5
1159.0
1157.5
1265.5
911.5
1331.5
1387.0
1339.0
1013.5
1273.0
1336.0
1223.5
1168.0
1330.0
1382.5
1003.0
1324.0
1369.0
1301.5
1088.5
1270.0
1360.0
1334.5
1258.0
1321.0
1229.5
1322.5
1229.5
1367.5
1016.5
1208.5
1345.0
1100.5
1375.0
1271.5
1313.5
1001.5
1336.0
1259.5
1153.0
1210.0
1250.5
1276.0
1270.0
1051.0
1348.0
1019.5
1189.0
1333.0
1258.0
1348.0
1267.0
1328.5
1189.0
1388.5
1325.5
1301.5
1171.0
1210.0
1306.0
1298.5
1312.0
1316.5
1303.0
1268.5
1273.0
1330.0
1358.5
706.0
1318.0
1243.0
1310.5
1321.0
1300.0
1291.0
1217.5
1262.5
1364.5
1391.5
1325.5
1267.0
1229.5
1369.0
1079.5
1253.5
1217.5
1103.5
1319.5
1309.0
1246.0
1247.5
1252.0
1361.5
1376.5
1135.0
1208.5
1346.5
1151.5
1163.5
1322.5
1294.0
1267.0
1229.5
1301.5
952.0
1070.5
1129.0
1117.0
1268.5
1252.0
1225.0
1316.5
1289.5
1354.0
1381.0
1214.5
1259.5
1271.5
1291.0
1324.0
1283.5
1258.0
1333.0
1291.0
1174.0
1333.0
1213.0
1151.5
1154.5
1427.5
1381.0
1294.0
1250.5
1325.5
1082.5
1267.0
1160.5
1201.0
1283.5
1081.0
1070.5
1159.0
1351.0
1321.0
1318.0
1300.0
1373.5
1301.5
1246.0
1190.5
1177.0
1261.0
1382.5
1229.5
1351.0
158.5
1121.5
1325.5
1174.0
1247.5
1234.0
1378.0
1367.5
1063.0
1226.5
1051.0
46.0
1229.5
1267.0
1270.0
1117.0
1342.0
1261.0
1256.5
1337.5
1432.0
1258.0
1283.5
1300.0
880.0
1255.0
1174.0
1142.5
1226.5
1205.5
1210.0
1378.0
1099.0
1297.0
1210.0
1345.0
1307.5
1339.0
1250.5
1342.0
1081.0
1222.0
1205.5
1307.5
1300.0
353.5
1259.5
1265.5
1199.5
1010.5
1219.0
1294.0
1171.0
1256.5
1019.5
976.0
1288.0
1159.0
1102.0
1237.0
1295.5
1330.0
1193.5
1225.0
1279.0
1283.5
1262.5
1253.5
1369.0
1318.0
1343.5
1337.5
1282.0
1226.5
1364.5
1165.0
1240.0
1078.0
1126.0
1210.0
1411.0
1262.5
1277.5
1118.5
1160.5
1297.0
1357.0
1286.5
1345.0
1390.0
1202.5
1289.5
1139.5
1024.0
1225.0
1127.5
1022.5
1267.0
1322.5
1066.0
1247.5
1232.5
1259.5
1301.5
1330.0
1225.0
1214.5
1126.0
1267.0
1331.5
1019.5
1336.0
1213.0
1046.5
1318.0
1291.0
1090.0
1174.0
1121.5
1052.5
1093.0
1094.5
1253.5
1196.5
1175.5
1231.0
1259.5
1307.5
1234.0
1352.5
613.0
1264.0
1279.0
1285.0
928.0
1297.0
1186.0
977.5
1337.5
1252.0
1252.0
1109.5
1235.5
1343.5
1204.0
1201.0
1109.5
1172.5
1319.5
1330.0
1361.5
1211.5
1247.5
1277.5
1051.0
1156.0
1253.5
1342.0
1060.0
1291.0
1238.5
1174.0
812.5
1229.5
1169.5
1220.5
1337.5
1223.5
1123.0
1261.0
1267.0
904.0
1051.0
1246.0
931.0
1277.5
1301.5
1358.5
1235.5
1300.0
794.5
1273.0
1280.5
1177.0
1061.5
1274.5
1250.5
856.0
1343.5
1163.5
1375.0
1438.0
1243.0
1174.0
1184.5
1231.0
1174.0
394.0
1049.5
1253.5
1228.0
1144.0
1397.5
1189.0
1231.0
1034.5
1246.0
1286.5
1043.5
1339.0
1277.5
1279.0
1196.5
1099.0
1160.5
1246.0
1249.0
1324.0
1292.5
1342.0
991.0
1319.5
1246.0
1291.0
1168.0
1231.0
986.5
1220.5
1264.0
1349.5
1091.5
1316.5
1168.0
1339.0
1255.0
1321.0
1243.0
1268.5
1139.5
1318.0
1268.5
1256.5
1297.0
1237.0
1258.0
1330.0
1148.5
1315.0
1189.0
1369.0
1210.0
1253.5
1118.5
1226.5
1234.0
1279.0
1222.0
1196.5
1109.5
991.0
1391.5
1199.5
1295.5
1325.5
1231.0
1232.5
1336.0
1333.0
1117.0
872.5
640.0
1270.0
1279.0
1259.5
1273.0
1315.0
1352.5
1345.0
1297.0
1091.5
1199.5
1355.5
1084.0
1234.0
1289.5
1075.0
1321.0
1226.5
1174.0
1291.0
1358.5
1109.5
1202.5
1039.0
1318.0
1367.5
1366.0
1307.5
1265.5
1273.0
1307.5
1232.5
1289.5
1181.5
1210.0
1243.0
1154.5
1340.5
1112.5
1267.0
1229.5
1321.0
1369.0
1253.5
1375.0
1292.5
1003.0
1336.0
1361.5
1393.0
1288.0
1333.0
1339.0
1307.5
1306.0
1223.5
1133.5
1187.5
1292.5
1133.5
1306.0
1174.0
1216.0
1288.0
1153.0
1379.5
1187.5
1285.0
1235.5
1102.0
1268.5
1228.0
1351.0
1255.0
1330.0
1267.0
1231.0
1334.5
1247.5
1322.5
1304.5
1195.0
1301.5
1379.5
1283.5
1106.5
875.5
1366.0
991.0
1322.5
1268.5
1262.5
1166.5
1109.5
1039.0
1183.0
1294.0
1334.5
1253.5
1193.5
1304.5
1195.0
1234.0
1136.5
1208.5
943.0
1309.0
1358.5
1141.0
1309.0
1058.5
1366.0
995.5
1193.5
1298.5
1280.5
1295.5
1379.5
1132.0
1336.0
1322.5
1351.0
985.0
1202.5
1147.0
1262.5
1106.5
1214.5
1234.0
1271.5
1240.0
1315.0
1277.5
1232.5
1189.0
1300.0
769.0
1165.0
901.0
1267.0
1375.0
1208.5
1330.0
1330.0
1234.0
1265.5
1301.5
1231.0
1328.5
1378.0
878.5
1076.5
1216.0
1297.0
1159.0
1162.0
1316.5
1339.0
1267.0
1337.5
1142.5
1399.0
1312.0
1265.5
1259.5
1096.0
1340.5
1255.0
1219.0
1181.5
322.0
1280.5
898.0
955.0
1268.5
1298.5
1217.5
1099.0
1336.0
1309.0
1351.0
1043.5
1241.5
1357.0
1229.5
1025.5
1202.5
1106.5
1222.0
1121.5
1324.0
1297.0
1217.5
1282.0
1238.5
1210.0
1379.5
1184.5
1120.0
1160.5
1073.5
1309.0
1307.5
1157.5
1285.0
1138.0
1282.0
1393.0
1109.5
1301.5
1210.0
1328.5
1288.0
1177.0
1169.5
1331.5
1274.5
1292.5
1051.0
1112.5
1243.0
1238.5
1343.5
1292.5
1279.0
1235.5
1312.0
1423.0
1276.0
1375.0
1250.5
1154.5
1181.5
1312.0
766.0
1375.0
1249.0
1303.0
997.0
1349.5
1246.0
1241.5
1318.0
1286.5
1061.5
1249.0
1373.5
863.5
1250.5
1289.5
1279.0
1081.0
1171.0
1316.5
1343.5
1280.5
1372.0
1310.5
1274.5
1334.5
1327.0
1130.5
1364.5
1064.5
1186.0
1333.0
1234.0
1283.5
1246.0
1297.0
1357.0
1295.5
1199.5
1255.0
1208.5
1243.0
1178.5
1232.5
1282.0
1217.5
1268.5
961.0
938.5
1217.5
394.0
1319.5
1166.5
1310.5
1240.0
1298.5
1217.5
1246.0
1285.0
1196.5
1336.0
1252.0
1277.5
1357.0
1163.5
1093.0
1211.5
1142.5
1328.5
1294.0
1313.5
1129.0
1220.5
1397.5
1283.5
1310.5
1354.0
1372.0
1238.5
1288.0
877.0
1225.0
1214.5
968.5
1127.5
1271.5
1301.5
1178.5
1313.5
1187.5
1285.0
1343.5
1273.0
1042.0
1375.0
1169.5
1204.0
1357.0
1112.5
1273.0
1336.0
1262.5
1384.0
1240.0
1262.5
1114.0
1318.0
1339.0
1069.0
1291.0
1190.5
1349.5
1234.0
1147.0
1228.0
1106.5
1139.5
1058.5
1052.5
1330.0
1303.0
1343.5
1238.5
1051.0
1219.0
1195.0
1133.5
1037.5
1318.0
1213.0
1316.5
1300.0
1271.5
1295.5
1154.5
1292.5
1408.0
1168.0
1001.5
1201.0
1300.0
1109.5
1348.0
1346.5
1240.0
1322.5
952.0
1333.0
1082.5
1283.5
1259.5
1403.5
1277.5
1210.0
1237.0
1231.0
994.0
1351.0
1157.5
1273.0
1060.0
1240.0
1162.0
1202.5
1061.5
1166.5
1418.5
1175.5
1145.5
1234.0
560.5
1141.0
1226.5
1379.5
1318.0
1159.0
1369.0
1285.0
1138.0
1249.0
1045.0
1216.0
1247.5
1237.0
1159.0
1361.5
1355.5
1280.5
1069.0
1288.0
1310.5
1124.5
1301.5
1262.5
1157.5
1310.5
1219.0
1241.5
1210.0
1217.5
1360.0
1310.5
1391.5
1138.0
1369.0
1252.0
1273.0
914.5
1285.0
1301.5
1223.5
1378.0
1289.5
884.5
1340.5
1276.0
1300.0
1177.0
1253.5
1265.5
1202.5
1238.5
997.0
1033.0
1201.0
1345.0
892.0
1193.5
1153.0
1141.0
1270.0
1193.5
1384.0
1387.0
1250.5
1316.5
1373.5
1340.5
1229.5
1226.5
1123.0
1171.0
986.5
1210.0
1204.0
1234.0
1258.0
1271.5
1165.0
1235.5
1325.5
1171.0
1307.5
1276.0
1295.5
1247.5
1364.5
1073.5
1225.0
1301.5
1319.5
1240.0
1093.0
1271.5
1219.0
1277.5
1297.0
973.0
1249.0
1334.5
1366.0
1288.0
1303.0
1274.5
1178.5
892.0
1159.0
1058.5
1232.5
1285.0
1226.5
1127.5
622.0
1393.0
1258.0
1244.5
1166.5
1076.5
1220.5
1099.0
905.5
1354.0
1232.5
1181.5
1327.0
1280.5
1339.0
1301.5
1312.0
1393.0
1136.5
976.0
866.5
1139.5
1132.0
1345.0
1319.5
1271.5
1256.5
1228.0
1238.5
1147.0
1289.5
1330.0
1343.5
928.0
1223.5
1106.5
1345.0
1177.0
1304.5
1375.0
1136.5
1087.0
1340.5
562.0
1309.0
731.5
1048.0
1264.0
1331.5
1292.5
1354.0
1280.5
1418.5
970.0
1328.5
1297.0
1300.0
1301.5
1306.0
1354.0
1409.5
1336.0
1402.0
1208.5
1052.5
1304.5
1318.0
1250.5
1372.0
1351.0
1382.5
1378.0
1232.5
1318.0
608.5
848.5
1432.0
1205.5
1315.0
1241.5
1289.5
1163.5
1322.5
1334.5
1253.5
1163.5
1019.5
1274.5
1108.0
1262.5
1036.0
1340.5
1303.0
1262.5
1312.0
907.0
1138.0
1133.5
1133.5
787.0
1378.0
1249.0
1049.5
1246.0
1295.5
1321.0
1274.5
1247.5
893.5
1390.0
1366.0
1033.0
1259.5
545.5
1303.0
1297.0
1246.0
1255.0
1196.5
1375.0
1318.0
1364.5
1282.0
1247.5
1190.5
1079.5
1279.0
1253.5
1174.0
1337.5
1151.5
1321.0
1267.0
1312.0
1259.5
842.5
1211.5
1262.5
1301.5
1045.0
1141.0
1036.0
1048.0
1003.0
1151.5
1262.5
1295.5
1241.5
1240.0
847.0
1100.5
1327.0
1300.0
1180.0
1201.0
1202.5
1238.5
458.5
1115.5
632.5
1177.0
1169.5
1177.0
1285.0
1360.0
1234.0
1166.5
1249.0
1148.5
1250.5
1238.5
1325.5
1192.0
1309.0
1291.0
1277.5
1240.0
1186.0
1298.5
1196.5
1102.0
1208.5
1276.0
1196.5
1211.5
1292.5
1297.0
1103.5
1121.5
1247.5
1061.5
1306.0
1115.5
1346.5
1078.0
1276.0
1255.0
1300.0
1162.0
1276.0
1301.5
1186.0
1156.0
1372.0
1298.5
1328.5
1264.0
1219.0
1321.0
1211.5
1250.5
1216.0
1135.0
1331.5
1271.5
1253.5
1154.5
1342.0
1211.5
1258.0
1133.5
1171.0
1346.5
938.5
1144.0
1192.0
901.0
1246.0
1276.0
1192.0
1315.0
1324.0
1274.5
1292.5
1153.0
1336.0
1273.0
1384.0
1285.0
1163.5
1049.5
1229.5
1277.5
1330.0
1330.0
1073.5
1289.5
1114.0
1331.5
1171.0
1219.0
1178.5
1238.5
1181.5
1109.5
1204.0
1306.0
1217.5
1303.0
1087.0
1204.0
1255.0
1264.0
1229.5
1247.5
1102.0
1262.5
1097.5
1265.5
1307.5
1339.0
1249.0
1294.0
1298.5
1289.5
1294.0
1277.5
1202.5
1214.5
1373.5
1390.0
1214.5
1127.5
629.5
1034.5
1274.5
1240.0
1214.5
1310.5
1127.5
1105.0
1319.5
1259.5
1118.5
1222.0
1282.0
1076.5
1366.0
1402.0
1160.5
1231.0
983.5
1285.0
974.5
1207.0
1294.0
1193.5
1243.0
1286.5
992.5
1247.5
1195.0
1351.0
1087.0
1217.5
1249.0
1250.5
1331.5
1118.5
1306.0
1319.5
1013.5
1226.5
1126.0
1208.5
1070.5
1141.0
1253.5
1243.0
851.5
490.0
1136.5
1171.0
1112.5
1271.5
1037.5
1357.0
1135.0
1346.5
1309.0
1306.0
836.5
1330.0
1264.0
1313.5
1267.0
1196.5
1208.5
1265.5
1280.5
1267.0
1354.0
1306.0
1174.0
629.5
1147.0
1375.0
1363.0
1309.0
1250.5
1157.5
1322.5
1295.5
1093.0
1279.0
1342.0
1223.5
1184.5
1321.0
1253.5
1361.5
883.0
1163.5
1325.5
1321.0
1315.0
1144.0
1208.5
1322.5
1124.5
1366.0
1175.5
1205.5
1318.0
1004.5
1244.5
1315.0
1126.0
1291.0
1247.5
1184.5
1243.0
1145.5
1262.5
1267.0
1097.5
1102.0
1336.0
1319.5
1225.0
1319.5
1255.0
1339.0
1252.0
1136.5
1183.0
1087.0
1124.5
1253.5
947.5
1082.5
1211.5
1238.5
1193.5
1256.5
1301.5
1300.0
1232.5
1126.0
1217.5
1265.5
1322.5
1334.5
1309.0
1081.0
1400.5
1250.5
1393.0
1249.0
1214.5
1007.5
1330.0
1357.0
1339.0
1204.0
1141.0
1334.5
1229.5
1172.5
1136.5
1358.5
1282.0
1184.5
1345.0
1042.0
1324.0
1321.0
1306.0
1198.0
1174.0
1262.5
1213.0
1255.0
1117.0
1316.5
1358.5
1282.0
1087.0
1342.0
1289.5
1145.5
1387.0
1126.0
1159.0
1196.5
1184.5
1145.5
1303.0
1148.5
1307.5
1195.0
1223.5
1082.5
1126.0
1315.0
1214.5
1258.0
1378.0
1228.0
1166.5
1331.5
1321.0
1099.0
1253.5
1184.5
1204.0
1138.0
1217.5
1360.0
1058.5
1292.5
1048.0
1264.0
1358.5
1088.5
1199.5
1277.5
1211.5
1210.0
1208.5
1325.5
1280.5
1124.5
1190.5
1321.0
1112.5
1046.5
1160.5
1072.0
1408.0
1235.5
1148.5
1291.0
1271.5
1216.0
1258.0
1235.5
1166.5
1220.5
1352.5
1285.0
1192.0
1276.0
1312.0
1378.0
1312.0
1136.5
1360.0
1360.0
1346.5
1322.5
1252.0
1375.0
1231.0
1133.5
1097.5
1177.0
1223.5
1024.0
1390.0
1255.0
1246.0
1355.5
1309.0
1289.5
1247.5
1061.5
1223.5
1226.5
1342.0
1286.5
896.5
1039.0
1189.0
1333.0
1180.0
1297.0
1243.0
1352.5
1273.0
1147.0
1343.5
1297.0
1178.5
1235.5
1264.0
1216.0
949.0
1076.5
1186.0
1246.0
1139.5
1283.5
1006.0
1331.5
1354.0
1157.5
1204.0
1238.5
1315.0
1319.5
944.5
1207.0
1070.5
1045.0
1246.0
1235.5
1198.0
1082.5
1217.5
1030.0
1240.0
1312.0
1292.5
1160.5
1070.5
1360.0
1222.0
1171.0
1189.0
1201.0
1300.0
1279.0
1303.0
1351.0
1126.0
1223.5
1378.0
1226.5
1088.5
1229.5
1178.5
1222.0
1300.0
1288.0
1316.5
1300.0
1250.5
1064.5
1240.0
1243.0
1315.0
1345.0
1322.5
1247.5
995.5
1196.5
1246.0
1210.0
1306.0
359.5
1256.5
917.5
974.5
1225.0
1097.5
1234.0
1271.5
1307.5
1193.5
1202.5
1312.0
1226.5
1324.0
1151.5
1301.5
1175.5
1243.0
1168.0
1384.0
1217.5
1100.5
1376.5
883.0
1250.5
1193.5
209.5
1264.0
1136.5
1205.5
1259.5
1202.5
1330.0
1174.0
1010.5
1250.5
1297.0
1334.5
1289.5
1250.5
1246.0
1349.5
1298.5
1319.5
1207.0
1415.5
1358.5
1238.5
1376.5
1222.0
1160.5
1211.5
1291.0
1342.0
1144.0
1084.0
1295.5
1307.5
1228.0
1180.0
1214.5
1361.5
1313.5
1255.0
1256.5
1322.5
1268.5
1265.5
1220.5
1163.5
1334.5
1336.0
1229.5
1024.0
1234.0
1304.5
1238.5
1340.5
1106.5
1126.0
1315.0
1367.5
1010.5
1253.5
1279.0
1259.5
1048.0
1094.5
1291.0
1096.0
1288.0
1307.5
1255.0
1141.0
985.0
1334.5
1295.5
1285.0
1328.5
1303.0
1294.0
1153.0
1232.5
1175.5
1018.0
1372.0
1121.5
1343.5
1141.0
968.5
893.5
1244.5
1366.0
901.0
1045.0
1219.0
1213.0
1343.5
1303.0
1039.0
1238.5
1330.0
1255.0
524.5
937.0
1297.0
1292.5
1249.0
1340.5
1354.0
1285.0
1276.0
836.5
1358.5
1394.5
1313.5
1307.5
1303.0
1343.5
1273.0
1100.5
1186.0
1342.0
1234.0
1265.5
994.0
1213.0
1123.0
1157.5
1187.5
1405.0
1307.5
1336.0
1058.5
998.5
1313.5
1196.5
1163.5
1234.0
1060.0
1292.5
1222.0
1202.5
1000.0
1217.5
1256.5
1010.5
1229.5
1300.0
1177.0
563.5
1372.0
1267.0
1132.0
290.5
1073.5
1219.0
1199.5
1136.5
1343.5
1145.5
1321.0
1310.5
1189.0
1244.5
1169.5
1078.0
1373.5
1339.0
1339.0
1339.0
1201.0
1183.0
1246.0
1256.5
1276.0
1064.5
1150.0
1244.5
1307.5
973.0
1096.0
1235.5
1237.0
1132.0
1295.5
1349.5
1283.5
1283.5
1300.0
1318.0
1351.0
1216.0
1016.5
1315.0
1246.0
1393.0
1279.0
1162.0
763.0
1313.5
1247.5
1352.5
1052.5
1081.0
1235.5
1177.0
1297.0
1361.5
1238.5
1229.5
682.0
1022.5
1351.0
449.5
1244.5
1352.5
1312.0
1271.5
1285.0
1322.5
1195.0
1118.5
317.5
1309.0
1279.0
1151.5
1162.0
272.5
1255.0
1339.0
1217.5
1352.5
1349.5
1277.5
1322.5
1300.0
1288.0
379.0
1297.0
1214.5
1328.5
1205.5
1367.5
1205.5
1300.0
1268.5
1199.5
1043.5
1318.0
1246.0
1357.0
1315.0
1337.5
1304.5
1195.0
1364.5
1268.5
1108.0
1142.5
1247.5
1264.0
1313.5
1340.5
1195.0
1330.0
1300.0
1156.0
1277.5
1396.0
1339.0
1265.5
1339.0
1250.5
1313.5
1235.5
1244.5
1309.0
1256.5
1072.0
1321.0
1054.0
1057.0
1228.0
1244.5
1226.5
1369.0
1286.5
1286.5
1351.0
1337.5
1349.5
1295.5
1271.5
1195.0
1121.5
1325.5
1195.0
913.0
1214.5
1220.5
1258.0
1270.0
1018.0
1019.5
1315.0
1118.5
1202.5
1268.5
1304.5
1061.5
1270.0
1340.5
1201.0
1213.0
1354.0
1319.5
1328.5
1333.0
1319.5
1340.5
1360.0
1216.0
1252.0
1198.0
1262.5
1286.5
1300.0
1198.0
1190.5
1352.5
1247.5
1139.5
917.5
1229.5
1211.5
901.0
1289.5
1360.0
1013.5
980.5
1342.0
1289.5
1246.0
1186.0
1142.5
1340.5
1372.0
1250.5
1066.0
1307.5
1349.5
1103.5
1097.5
1144.0
1196.5
1252.0
1136.5
1201.0
1262.5
1273.0
1318.0
1099.0
1315.0
1240.0
1237.0
1208.5
1037.5
1270.0
1214.5
1118.5
1126.0
1283.5
1181.5
1213.0
1150.0
1312.0
1046.5
1274.5
1282.0
1058.5
1228.0
1288.0
1301.5
1288.0
1234.0
1303.0
1249.0
1153.0
1418.5
1238.5
1036.0
1154.5
1223.5
1322.5
1312.0
1319.5
1285.0
1193.5
1372.0
1379.5
1013.5
1354.0
1316.5
1249.0
1301.5
1190.5
1288.0
1312.0
1339.0
1267.0
1190.5
1328.5
1153.0
1175.5
1306.0
1288.0
962.5
1286.5
1267.0
1166.5
1163.5
1187.5
1127.5
919.0
1285.0
1225.0
1334.5
1381.0
1123.0
1352.5
1294.0
1196.5
1204.0
1340.5
1183.0
1300.0
1027.0
1274.5
1271.5
1184.5
1294.0
1088.5
1085.5
1154.5
1139.5
1180.0
1148.5
1228.0
1364.5
1244.5
1045.0
1301.5
1243.0
1300.0
1355.5
1316.5
1202.5
1172.5
1364.5
1282.0
1181.5
1265.5
1367.5
1219.0
1343.5
1186.0
1126.0
1232.5
1207.0
1286.5
1235.5
1318.0
1261.0
1342.0
1307.5
1288.0
1264.0
1363.0
1190.5
1324.0
1223.5
1210.0
1064.5
1097.5
1286.5
1337.5
1315.0
1264.0
1228.0
1298.5
1367.5
1186.0
1267.0
1405.0
1129.0
1183.0
1325.5
1250.5
1228.0
1244.5
1340.5
1340.5
1267.0
1319.5
1148.5
1247.5
1357.0
1006.0
1340.5
1165.0
1166.5
1265.5
1285.0
1388.5
1196.5
1288.0
1252.0
1168.0
1349.5
1268.5
1069.0
985.0
1309.0
881.5
1376.5
1378.0
1295.5
1157.5
1325.5
1283.5
1301.5
1381.0
1340.5
1268.5
1282.0
1210.0
1264.0
1286.5
1271.5
1292.5
1199.5
1187.5
1265.5
1141.0
1252.0
1270.0
1301.5
1234.0
1208.5
1333.0
1187.5
1258.0
1255.0
1214.5
1313.5
911.5
920.5
1225.0
1240.0
1400.5
1258.0
929.5
1340.5
1264.0
1115.5
1052.5
1307.5
1178.5
1322.5
1274.5
1123.0
1304.5
776.5
1219.0
1222.0
1382.5
1304.5
1330.0
1241.5
1327.0
1211.5
1199.5
1247.5
1304.5
1357.0
1360.0
1142.5
1252.0
1273.0
1228.0
1163.5
965.5
1226.5
1370.5
1301.5
1321.0
1199.5
1345.0
1306.0
1288.0
1057.0
1268.5
1063.0
1180.0
1060.0
1177.0
1228.0
1351.0
1265.5
1013.5
1268.5
1322.5
1177.0
1349.5
1159.0
1322.5
1213.0
1286.5
943.0
1181.5
1210.0
1106.5
1304.5
1357.0
1262.5
971.5
1235.5
727.0
1180.0
1078.0
1247.5
1249.0
1355.5
1195.0
1313.5
1231.0
1228.0
1303.0
238.0
1282.0
1201.0
1306.0
1193.5
1021.0
1327.0
1397.5
1214.5
1231.0
1354.0
1232.5
890.5
1138.0
1325.5
1280.5
1361.5
1234.0
1306.0
1163.5
1097.5
1258.0
1303.0
1312.0
1426.0
1067.5
1220.5
1177.0
1085.5
1303.0
917.5
1216.0
1330.0
1246.0
1313.5
1247.5
1204.0
1264.0
1253.5
1232.5
995.5
1339.0
1235.5
1222.0
1199.5
1316.5
1214.5
1340.5
1213.0
1184.5
1210.0
1262.5
1316.5
1226.5
1376.5
1177.0
1258.0
937.0
1397.5
1325.5
1315.0
1303.0
1280.5
1232.5
1117.0
1276.0
934.0
1276.0
1223.5
1198.0
1264.0
1258.0
1286.5
1060.0
1178.5
1160.5
1102.0
1378.0
1184.5
1297.0
1325.5
1271.5
1046.5
1175.5
1157.5
1192.0
1342.0
1297.0
1108.0
569.5
1133.5
1279.0
1192.0
1349.5
1345.0
1204.0
1303.0
1249.0
1319.5
1294.0
1304.5
1238.5
1295.5
1321.0
1343.5
1234.0
1019.5
1181.5
1027.0
1217.5
1163.5
1304.5
1292.5
1244.5
1234.0
1210.0
1051.0
1064.5
1280.5
1370.5
938.5
1250.5
1249.0
1402.0
1186.0
941.5
1327.0
1354.0
1202.5
1291.0
1235.5
1315.0
1049.5
1202.5
1375.0
1226.5
1177.0
1297.0
1307.5
1237.0
1235.5
1217.5
1282.0
1345.0
1192.0
1256.5
733.0
1216.0
1055.5
1265.5
1375.0
1064.5
1115.5
1297.0
730.0
1402.0
964.0
1234.0
1357.0
1315.0
1388.5
1273.0
797.5
1282.0
1300.0
1258.0
1192.0
1034.5
1298.5
989.5
1100.5
1253.5
1250.5
1228.0
341.5
1282.0
1310.5
1147.0
1307.5
1066.0
1247.5
1301.5
1276.0
1252.0
1330.0
1334.5
1216.0
1165.0
1063.0
1178.5
1250.5
1148.5
1241.5
1247.5
1279.0
1262.5
1238.5
1402.0
1099.0
988.0
1076.5
1217.5
1123.0
1147.0
1241.5
1172.5
1256.5
1246.0
1336.0
1301.5
1298.5
1319.5
1361.5
1274.5
1288.0
1067.5
1306.0
1321.0
1147.0
1268.5
1211.5
1342.0
1261.0
1253.5
1252.0
1295.5
1117.0
1238.5
1291.0
1168.0
1153.0
1082.5
1270.0
1352.5
1157.5
1054.0
1235.5
1172.5
1280.5
1148.5
1388.5
1039.0
989.5
1238.5
1336.0
1250.5
836.5
1312.0
1261.0
1336.0
1133.5
1174.0
1319.5
1324.0
1294.0
1195.0
1190.5
1297.0
1349.5
1229.5
1238.5
1199.5
935.5
1355.5
1201.0
1369.0
1340.5
1237.0
1310.5
1385.5
1249.0
1355.5
1153.0
1216.0
928.0
1160.5
746.5
1280.5
1319.5
1363.0
1253.5
959.5
1241.5
1096.0
1307.5
1319.5
1346.5
1225.0
1253.5
1036.0
1304.5
1046.5
1286.5
1016.5
1355.5
1337.5
1205.5
1345.0
1307.5
1039.0
1313.5
1100.5
1352.5
1111.0
1391.5
1264.0
1180.0
1300.0
1123.0
466.0
1310.5
1235.5
1304.5
1273.0
1378.0
1313.5
1258.0
1355.5
1391.5
1076.5
1301.5
1148.5
1352.5
1144.0
1220.5
1321.0
946.0
1184.5
1295.5
613.0
1289.5
1163.5
1250.5
1279.0
1253.5
1193.5
985.0
1139.5
1342.0
1346.5
1256.5
1093.0
1226.5
1271.5
1333.0
1286.5
1249.0
1174.0
1276.0
1213.0
1331.5
1261.0
937.0
1370.5
1342.0
1364.5
1327.0
1126.0
1273.0
1099.0
1120.0
1208.5
1213.0
1171.0
1112.5
1294.0
1291.0
1214.5
1195.0
710.5
1321.0
1154.5
1102.0
1112.5
1328.5
1147.0
1270.0
1342.0
1049.5
1298.5
1306.0
1270.0
1303.0
1136.5
1240.0
1238.5
1217.5
1321.0
1267.0
499.0
1312.0
1064.5
1097.5
1258.0
1184.5
1048.0
1384.0
1181.5
1252.0
1324.0
1193.5
1241.5
1306.0
1268.5
1322.5
1313.5
1237.0
1195.0
1030.0
1205.5
1243.0
1316.5
1355.5
1346.5
1180.0
1268.5
1088.5
1210.0
1261.0
1145.5
1312.0
1162.0
1297.0
1112.5
1166.5
1190.5
1022.5
800.5
1243.0
1052.5
1319.5
1352.5
1105.0
1319.5
1289.5
862.0
1250.5
1265.5
1169.5
1090.0
1291.0
1231.0
1246.0
1316.5
1303.0
1294.0
1261.0
1250.5
1304.5
1340.5
1079.5
1190.5
1199.5
1127.5
1253.5
1265.5
1235.5
1213.0
1274.5
1367.5
1273.0
1282.0
1322.5
1082.5
1255.0
923.5
1222.0
1133.5
1357.0
1240.0
1238.5
1171.0
1321.0
1367.5
1222.0
1402.0
1282.0
1285.0
1325.5
1301.5
1387.0
1192.0
1201.0
1378.0
1130.5
1301.5
1315.0
1129.0
1255.0
1259.5
1172.5
1289.5
784.0
1196.5
1225.0
844.0
1244.5
1057.0
1237.0
1094.5
1249.0
1262.5
1235.5
1349.5
1219.0
1291.0
1234.0
1219.0
1276.0
1172.5
1309.0
1067.5
1058.5
1336.0
1340.5
1346.5
1222.0
1223.5
1267.0
1319.5
1297.0
1364.5
964.0
1279.0
1211.5
1046.5
913.0
587.5
1364.5
983.5
1256.5
1327.0
1273.0
1297.0
1232.5
1343.5
1387.0
1133.5
1379.5
1300.0
872.5
1361.5
1238.5
1334.5
1055.5
1190.5
1196.5
1274.5
1307.5
1168.0
788.5
1282.0
1141.0
1322.5
1210.0
1331.5
1328.5
1264.0
1220.5
1426.0
1312.0
1246.0
1342.0
1316.5
1379.5
1294.0
1282.0
1348.0
1369.0
1252.0
869.5
1214.5
1319.5
1316.5
1330.0
1024.0
1151.5
1271.5
1255.0
1310.5
1301.5
1397.5
1091.5
1256.5
1139.5
1286.5
1337.5
1333.0
1012.0
1249.0
1364.5
1048.0
1180.0
1373.5
1172.5
1115.5
1295.5
1276.0
1226.5
1138.0
1213.0
1148.5
1373.5
1232.5
1154.5
1220.5
1037.5
1364.5
1370.5
1355.5
1312.0
1075.0
1256.5
1357.0
1321.0
1208.5
1175.5
1330.0
1412.5
1324.0
1196.5
1303.0
1229.5
1298.5
1246.0
1199.5
1274.5
1213.0
1103.5
1247.5
1166.5
1228.0
1381.0
1076.5
1229.5
1288.0
1058.5
1232.5
1405.0
1276.0
1304.5
1262.5
1234.0
1349.5
1271.5
1196.5
1346.5
1261.0
1102.0
1063.0
1183.0
925.0
1063.0
1303.0
1249.0
1237.0
1283.5
1307.5
1136.5
1276.0
1330.0
1246.0
1183.0
1330.0
1250.5
1189.0
1358.5
1250.5
1325.5
1225.0
1280.5
1282.0
1267.0
1271.5
1244.5
1100.5
1292.5
1280.5
1147.0
1154.5
1288.0
1336.0
1222.0
1282.0
1325.5
1192.0
1142.5
1349.5
1129.0
1190.5
1253.5
901.0
1285.0
1082.5
1186.0
1331.5
1250.5
1258.0
1235.5
1375.0
1280.5
1307.5
1129.0
1190.5
1291.0
1342.0
1175.5
1277.5
1012.0
1097.5
1255.0
1264.0
967.0
1288.0
1121.5
1126.0
1261.0
1229.5
1339.0
1255.0
1186.0
1288.0
1270.0
1235.5
1196.5
1229.5
1304.5
1292.5
1198.0
1237.0
1249.0
1025.5
1321.0
1195.0
1261.0
1097.5
1177.0
1249.0
1339.0
1316.5
1268.5
1240.0
1252.0
1367.5
1316.5
1295.5
1096.0
1030.0
1384.0
1342.0
1142.5
1208.5
1348.0
1220.5
1232.5
1273.0
1250.5
1144.0
1201.0
1145.5
1292.5
1294.0
1330.0
1292.5
1255.0
1339.0
1261.0
1325.5
1319.5
1027.0
1367.5
1205.5
1177.0
1325.5
1286.5
1261.0
1130.5
1252.0
1225.0
1366.0
1159.0
1270.0
1327.0
1256.5
1384.0
683.5
1375.0
1324.0
1246.0
1247.5
1391.5
1337.5
1313.5
1346.5
1348.0
1360.0
1306.0
1211.5
1294.0
1054.0
1195.0
1190.5
1222.0
1267.0
1265.5
1316.5
1190.5
1327.0
1282.0
1169.5
1235.5
1192.0
1270.0
1289.5
1267.0
1162.0
1034.5
1091.5
1376.5
1307.5
1271.5
995.5
1316.5
1196.5
1361.5
1187.5
1078.0
1379.5
1201.0
1313.5
1223.5
1241.5
1276.0
1367.5
1133.5
1190.5
1358.5
1316.5
1238.5
1250.5
1265.5
1270.0
1282.0
1306.0
1214.5
1285.0
1340.5
1297.0
1000.0
1228.0
1267.0
1178.5
1327.0
1096.0
1337.5
1183.0
1262.5
1277.5
1360.0
1325.5
1196.5
1202.5
1180.0
1258.0
1210.0
1052.5
1297.0
1405.0
1228.0
1327.0
1285.0
1318.0
421.0
947.5
1162.0
1099.0
1321.0
1322.5
1391.5
1226.5
1174.0
1249.0
1291.0
1073.5
1274.5
1295.5
1261.0
1342.0
1270.0
811.0
1288.0
1295.5
1283.5
1195.0
877.0
1292.5
1325.5
1298.5
1330.0
1279.0
1255.0
1079.5
1256.5
964.0
1295.5
1310.5
1321.0
1309.0
1112.5
1031.5
1322.5
1040.5
1333.0
1100.5
1211.5
1349.5
1312.0
1229.5
1276.0
1189.0
1238.5
1315.0
1279.0
1300.0
1292.5
1231.0
1097.5
1241.5
1031.5
1214.5
1355.5
1264.0
1160.5
1234.0
1192.0
1070.5
1199.5
1238.5
1141.0
1054.0
1222.0
584.5
1141.0
1387.0
1114.0
1309.0
1075.0
1259.5
1312.0
1274.5
1216.0
929.5
532.0
911.5
1312.0
1289.5
1105.0
1213.0
1148.5
1279.0
1057.0
1376.5
1183.0
1295.5
1127.5
1208.5
1249.0
1277.5
1220.5
1198.0
1399.0
998.5
1198.0
1373.5
1367.5
1306.0
1087.0
1372.0
1180.0
1183.0
1199.5
1183.0
1258.0
1214.5
1313.5
1297.0
1081.0
1147.0
1288.0
1334.5
1349.5
1049.5
1183.0
1184.5
1216.0
1195.0
1127.5
1174.0
1369.0
1295.5
1244.5
1250.5
1228.0
1333.0
1264.0
1295.5
1369.0
1205.5
1273.0
1234.0
709.0
1237.0
1270.0
1255.0
1202.5
1279.0
1324.0
1298.5
1259.5
850.0
1111.0
1124.5
1336.0
1394.5
1186.0
1366.0
1349.5
1195.0
1348.0
926.5
1267.0
1318.0
1280.5
1237.0
1289.5
1066.0
1259.5
1241.5
1237.0
1204.0
1228.0
1289.5
1142.5
1168.0
1285.0
1195.0
809.5
1255.0
1295.5
1252.0
1297.0
1360.0
1202.5
1378.0
1318.0
1381.0
1330.0
1147.0
1190.5
1172.5
1225.0
1166.5
1252.0
1361.5
1229.5
1108.0
1240.0
1312.0
1208.5
1310.5
1357.0
1303.0
818.5
1313.5
1372.0
1273.0
1331.5
1253.5
1247.5
1106.5
1288.0
1201.0
1054.0
1222.0
1348.0
1186.0
1210.0
1075.0
1360.0
965.5
860.5
1204.0
1295.5
1306.0
1229.5
1210.0
1241.5
1114.0
1289.5
1031.5
1298.5
1255.0
1330.0
1274.5
1274.5
1358.5
1336.0
1247.5
1262.5
1205.5
1376.5
1153.0
1262.5
1253.5
739.0
1181.5
1273.0
1195.0
826.0
1324.0
1192.0
1270.0
1303.0
1207.0
1294.0
1312.0
1363.0
1192.0
1216.0
1180.0
932.5
1148.5
905.5
1294.0
1018.0
1190.5
1267.0
1207.0
1162.0
1327.0
1117.0
1189.0
1207.0
1291.0
1349.5
1265.5
1229.5
1259.5
1375.0
1225.0
1237.0
1195.0
1328.5
1318.0
1232.5
1240.0
1331.5
1172.5
1025.5
1148.5
1432.0
1234.0
1321.0
1324.0
59.5
1273.0
1244.5
1288.0
1280.5
1288.0
1144.0
1274.5
1303.0
1078.0
1124.5
1259.5
1316.5
1109.5
1252.0
1258.0
1274.5
1294.0
1250.5
1286.5
976.0
1348.0
1220.5
1279.0
1339.0
1319.5
1180.0
1216.0
1289.5
1400.5
1169.5
1234.0
1285.0
1291.0
1420.0
1205.5
1345.0
1313.5
1220.5
1118.5
1154.5
1246.0
1177.0
1262.5
964.0
1351.0
1237.0
1393.0
1178.5
1174.0
1141.0
1273.0
1241.5
1184.5
1280.5
1324.0
1270.0
1306.0
1288.0
1303.0
1142.5
1268.5
1279.0
1304.5
1217.5
1364.5
1232.5
1193.5
1337.5
1133.5
1261.0
1268.5
1333.0
1384.0
1216.0
1163.5
1106.5
1351.0
1259.5
998.5
1186.0
1199.5
1304.5
1291.0
1190.5
1223.5
1085.5
1120.0
1336.0
1312.0
1366.0
1289.5
1273.0
1174.0
973.0
1258.0
823.0
1273.0
1297.0
1337.5
1367.5
1252.0
1163.5
1358.5
1196.5
1277.5
1139.5
710.5
1162.0
1091.5
1309.0
1319.5
1235.5
1075.0
1357.0
1283.5
1124.5
1243.0
1324.0
1247.5
1250.5
1282.0
1253.5
1298.5
1259.5
1232.5
1286.5
1121.5
1301.5
1168.0
1205.5
1288.0
1054.0
1372.0
1307.5
1330.0
1199.5
1181.5
1139.5
1112.5
937.0
1316.5
1364.5
1174.0
1156.0
1013.5
1201.0
1165.0
1301.5
1262.5
1240.0
1369.0
1273.0
1276.0
1181.5
1226.5
1177.0
1196.5
1274.5
1234.0
1309.0
1280.5
1202.5
1381.0
1276.0
1249.0
1259.5
952.0
1204.0
1342.0
1213.0
1210.0
1276.0
1330.0
1184.5
1355.5
1183.0
1196.5
1235.5
1201.0
1270.0
1337.5
1292.5
1277.5
1307.5
1111.0
1190.5
1222.0
1366.0
1328.5
1291.0
1156.0
1040.5
1315.0
1345.0
1297.0
1343.5
1246.0
1258.0
1132.0
1237.0
1108.0
1381.0
1274.5
1345.0
1267.0
1274.5
1226.5
1289.5
1331.5
1310.5
1309.0
1178.5
1133.5
1204.0
1300.0
898.0
1334.5
1265.5
1103.5
1363.0
1235.5
1219.0
884.5
1081.0
1286.5
1267.0
1220.5
1246.0
1345.0
1060.0
1273.0
1348.0
1247.5
1250.5
1222.0
1288.0
1253.5
1391.5
1178.5
1310.5
1300.0
1051.0
1291.0
1292.5
1186.0
1178.5
1358.5
1286.5
1165.0
1294.0
1355.5
1192.0
1034.5
1021.0
1286.5
1289.5
1186.0
1294.0
1375.0
1318.0
1250.5
1309.0
1229.5
1297.0
1291.0
1018.0
1099.0
1352.5
1034.5
1259.5
1268.5
1378.0
1048.0
1316.5
1343.5
1286.5
1292.5
1199.5
1267.0
1051.0
1126.0
1193.5
1253.5
1171.0
1180.0
1330.0
1319.5
994.0
1327.0
1321.0
1379.5
1264.0
1313.5
1051.0
1268.5
1280.5
1150.0
1127.5
1354.0
1381.0
1289.5
1124.5
1318.0
1277.5
1327.0
1184.5
1175.5
1339.0
1204.0
1337.5
1096.0
1330.0
1181.5
1267.0
1346.5
1253.5
1253.5
1010.5
1222.0
1303.0
1324.0
1235.5
1313.5
1250.5
1193.5
1297.0
1288.0
1118.5
1360.0
1310.5
1136.5
1190.5
1183.0
1162.0
1276.0
1297.0
1297.0
1273.0
1118.5
1252.0
1186.0
1244.5
1100.5
1315.0
1375.0
1355.5
1265.5
1154.5
1232.5
1282.0
1204.0
1196.5
886.0
1304.5
983.5
1361.5
1295.5
1306.0
1205.5
1370.5
1286.5
1307.5
1177.0
1213.0
1337.5
1201.0
1246.0
1256.5
1073.5
1258.0
1255.0
1180.0
1166.5
1186.0
1078.0
1063.0
1342.0
1315.0
907.0
1315.0
1325.5
1162.0
1306.0
1312.0
1181.5
1285.0
1210.0
1103.5
1085.5
1310.5
1298.5
1273.0
1160.5
998.5
1067.5
1238.5
1198.0
1226.5
1210.0
1091.5
1252.0
1303.0
1085.5
1316.5
1360.0
1258.0
830.5
1313.5
1292.5
1385.5
1285.0
1288.0
1180.0
1235.5
1318.0
1270.0
1235.5
1348.0
1241.5
1343.5
1375.0
1324.0
1315.0
1240.0
1138.0
1325.5
1096.0
1205.5
1355.5
1358.5
1157.5
1309.0
1040.5
1327.0
1196.5
1153.0
1337.5
1309.0
1262.5
1312.0
1309.0
1189.0
1334.5
1301.5
1115.5
1073.5
1163.5
1291.0
1300.0
1244.5
1307.5
1172.5
1297.0
1357.0
1223.5
1318.0
1175.5
1274.5
1276.0
883.0
1172.5
1181.5
1232.5
431.5
1243.0
1178.5
1321.0
1355.5
1321.0
1303.0
1208.5
1325.5
1327.0
1241.5
1208.5
1304.5
839.5
1325.5
1270.0
1178.5
1343.5
1309.0
1345.0
1352.5
1246.0
1336.0
1265.5
1256.5
1315.0
950.5
1286.5
1306.0
1384.0
1132.0
1318.0
1280.5
1405.0
1256.5
1298.5
1006.0
1219.0
1274.5
1268.5
1250.5
1333.0
1303.0
1133.5
1217.5
1171.0
1244.5
1268.5
1438.0
1235.5
1255.0
1039.0
992.5
1007.5
1148.5
1201.0
1316.5
1163.5
1300.0
1126.0
1280.5
1265.5
1418.5
1292.5
1069.0
1234.0
1229.5
1199.5
1022.5
1123.0
1339.0
1283.5
1280.5
1343.5
1229.5
1343.5
1106.5
1202.5
1112.5
1270.0
1175.5
1243.0
1322.5
1289.5
1207.0
1267.0
1255.0
1343.5
1214.5
1307.5
1307.5
1187.5
1208.5
1322.5
1264.0
1271.5
965.5
911.5
1292.5
1307.5
1156.0
1241.5
1271.5
1222.0
1229.5
1355.5
1232.5
1276.0
1255.0
1177.0
1348.0
1310.5
1297.0
1246.0
1124.5
1391.5
1283.5
1211.5
1235.5
1313.5
968.5
1310.5
1175.5
1024.0
1339.0
1345.0
1369.0
1243.0
1283.5
1274.5
1160.5
1217.5
1252.0
1124.5
1072.0
1352.5
1304.5
1081.0
1322.5
1249.0
1198.0
1301.5
1226.5
959.5
1228.0
1295.5
920.5
1207.0
1261.0
1037.5
989.5
1318.0
1264.0
1055.5
1262.5
1130.5
1324.0
1144.0
992.5
929.5
1300.0
1384.0
1325.5
1291.0
1390.0
1183.0
1301.5
1325.5
1109.5
1265.5
1198.0
1265.5
1337.5
1309.0
1114.0
1313.5
1234.0
1216.0
1367.5
1250.5
1264.0
1286.5
1204.0
1235.5
863.5
1405.0
1357.0
1321.0
1220.5
1082.5
1183.0
1295.5
1096.0
1264.0
1283.5
1294.0
1303.0
1369.0
1274.5
1333.0
1361.5
589.0
1301.5
1322.5
1273.0
1237.0
1268.5
1351.0
1342.0
1037.5
1259.5
1292.5
1156.0
1211.5
1247.5
1067.5
1288.0
1417.0
1322.5
968.5
1309.0
1198.0
1396.0
1168.0
1214.5
1162.0
1183.0
1343.5
1052.5
1247.5
1291.0
1313.5
1402.0
1379.5
1369.0
1303.0
1120.0
1016.5
1367.5
1196.5
1106.5
1252.0
1244.5
1340.5
1232.5
1229.5
1327.0
1375.0
1348.0
1280.5
1157.5
1292.5
1094.5
184.0
1247.5
1175.5
1337.5
1351.0
1144.0
979.0
1186.0
1271.5
1258.0
1351.0
1253.5
1193.5
1070.5
1256.5
1396.0
1208.5
1214.5
1084.0
1049.5
1228.0
1123.0
1216.0
1337.5
1162.0
304.0
1402.0
1156.0
1124.5
1202.5
1297.0
1124.5
1321.0
1348.0
1223.5
1174.0
1169.5
973.0
1322.5
1192.0
1334.5
1204.0
1190.5
1264.0
1220.5
1265.5
1169.5
1298.5
1226.5
1267.0
1369.0
1276.0
1274.5
1235.5
1145.5
440.5
1238.5
1334.5
1252.0
1270.0
1325.5
1331.5
1160.5
1313.5
1238.5
809.5
1235.5
1244.5
1274.5
1169.5
782.5
1060.0
1279.0
1306.0
1285.0
1145.5
1286.5
1295.5
1196.5
1303.0
1202.5
1334.5
1127.5
1312.0
1292.5
1066.0
1367.5
1238.5
1184.5
1037.5
1334.5
1292.5
1250.5
1295.5
976.0
1285.0
1231.0
1195.0
1304.5
1276.0
1192.0
1331.5
1163.5
1301.5
973.0
1385.5
1276.0
1145.5
1298.5
1324.0
1255.0
1241.5
1090.0
1099.0
1024.0
1213.0
874.0
1274.5
1283.5
1294.0
1087.0
1228.0
1334.5
1292.5
1277.5
1325.5
1102.0
1165.0
1196.5
1142.5
1292.5
1276.0
1240.0
1222.0
1310.5
1369.0
1249.0
1187.5
1271.5
1184.5
1282.0
1432.0
1321.0
1321.0
1277.5
1085.5
1286.5
1276.0
1061.5
1294.0
1342.0
1306.0
1151.5
1237.0
1388.5
1112.5
1144.0
1313.5
1309.0
1177.0
1340.5
1120.0
1291.0
1031.5
1243.0
1154.5
1303.0
1165.0
1406.5
1283.5
1195.0
1361.5
1178.5
1115.5
1339.0
1289.5
1204.0
1267.0
1127.5
1202.5
1100.5
1210.0
1265.5
1261.0
1223.5
1384.0
1258.0
1256.5
1313.5
1285.0
1126.0
1264.0
1241.5
1055.5
1292.5
607.0
1244.5
1346.5
1103.5
1384.0
1219.0
1153.0
1213.0
1237.0
1378.0
1280.5
1174.0
1252.0
1192.0
1255.0
1337.5
1214.5
1330.0
1193.5
1072.0
1300.0
1117.0
1262.5
1130.5
1216.0
1145.5
1303.0
1334.5
1151.5
1312.0
1304.5
905.5
1148.5
1349.5
1127.5
1204.0
1301.5
1076.5
1243.0
1033.0
1316.5
1249.0
1265.5
1220.5
1346.5
1190.5
1214.5
1423.0
1298.5
907.0
1262.5
1273.0
427.0
1078.0
1250.5
1279.0
1325.5
1369.0
1313.5
1168.0
980.5
1306.0
1286.5
1291.0
1355.5
1271.5
1289.5
1363.0
1301.5
1078.0
1187.5
1048.0
1342.0
1384.0
1127.5
1351.0
1304.5
1351.0
1160.5
1399.0
1063.0
1328.5
1102.0
1339.0
1253.5
1351.0
1279.0
1352.5
1055.5
1172.5
1361.5
1139.5
1288.0
926.5
1108.0
736.0
1129.0
1220.5
