377.5
1289.5
1085.5
1031.5
1043.5
253.0
773.5
913.0
199.0
880.0
694.0
845.5
1171.0
295.0
1052.5
872.5
325.0
931.0
1058.5
545.5
833.5
131.5
611.5
974.5
416.5
587.5
1129.0
991.0
869.5
823.0
1043.5
142.0
1055.5
352.0
533.5
469.0
689.5
911.5
979.0
809.5
983.5
1193.5
1094.5
151.0
1213.0
937.0
1043.5
608.5
955.0
1057.0
740.5
794.5
842.5
1061.5
131.5
742.0
607.0
206.5
775.0
583.0
340.0
1091.5
1039.0
623.5
623.5
635.5
535.0
728.5
115.0
605.5
844.0
643.0
643.0
247.0
1055.5
874.0
442.0
1024.0
1094.5
950.5
662.5
1075.0
1049.5
290.5
653.5
721.0
260.5
929.5
526.0
1114.0
1108.0
298.0
574.0
107.5
1034.5
862.0
752.5
418.0
479.5
319.0
1208.5
1157.5
728.5
890.5
889.0
770.5
341.5
529.0
298.0
1312.0
1306.0
235.0
778.0
1081.0
1231.0
943.0
985.0
500.5
854.5
901.0
805.0
1180.0
1030.0
553.0
352.0
1031.5
32.5
1189.0
1262.5
280.0
1118.5
1178.5
974.5
1034.5
1237.0
1207.0
820.0
971.5
92.5
1108.0
1139.5
1171.0
1103.5
76.0
685.0
365.5
785.5
490.0
170.5
938.5
335.5
236.5
539.5
422.5
286.0
224.5
1057.0
817.0
965.5
962.5
1034.5
1085.5
448.0
592.0
755.5
1162.0
955.0
418.0
247.0
463.0
1058.5
943.0
839.5
856.0
779.5
742.0
331.0
916.0
853.0
497.5
1030.0
809.5
962.5
500.5
497.5
650.5
556.0
1088.5
1076.5
163.0
1078.0
241.0
70.0
1148.5
1199.5
736.0
1031.5
985.0
176.5
928.0
668.5
814.0
1018.0
536.5
1252.0
1157.5
541.0
910.0
473.5
1178.5
874.0
938.5
1181.5
1117.0
1184.5
1057.0
986.5
599.5
323.5
661.0
529.0
1049.5
827.5
847.0
1100.5
710.5
1034.5
683.5
1075.0
586.0
500.5
271.0
1088.5
1243.0
1174.0
602.5
440.5
340.0
1027.0
421.0
182.5
943.0
718.0
997.0
794.5
217.0
1019.5
557.5
1013.5
1051.0
634.0
520.0
839.5
1165.0
665.5
997.0
1117.0
976.0
553.0
1081.0
692.5
230.5
616.0
1082.5
136.0
970.0
421.0
190.0
343.0
367.0
1168.0
1037.5
344.5
1013.5
428.5
1186.0
836.5
1069.0
793.0
952.0
898.0
1015.0
1183.0
218.5
772.0
1066.0
229.0
241.0
751.0
973.0
623.5
713.5
749.5
716.5
1121.5
520.0
962.5
476.5
422.5
886.0
1085.5
1013.5
604.0
934.0
1072.0
950.5
271.0
928.0
431.5
664.0
248.5
898.0
1247.5
496.0
710.5
284.5
920.5
1082.5
820.0
1184.5
1111.0
1214.5
911.5
227.5
769.0
952.0
446.5
901.0
1213.0
1139.5
1115.5
1253.5
1093.0
215.5
1192.0
433.0
895.0
742.0
1198.0
976.0
767.5
833.5
413.5
929.5
778.0
1058.5
449.5
535.0
1183.0
1214.5
1136.5
1163.5
776.5
868.0
443.5
370.0
938.5
802.0
971.5
1201.0
887.5
1102.0
679.0
164.5
1153.0
419.5
434.5
947.5
905.5
392.5
638.5
1009.0
1217.5
793.0
737.5
1211.5
1037.5
385.0
545.5
484.0
827.5
1006.0
446.5
272.5
1105.0
442.0
298.0
1237.0
551.5
955.0
1159.0
785.5
631.0
1070.5
878.5
1165.0
997.0
1307.5
653.5
1004.5
820.0
812.5
578.5
1228.0
247.0
1177.0
557.5
1040.5
235.0
593.5
512.5
565.0
700.0
346.0
442.0
829.0
811.0
347.5
1186.0
869.5
944.5
722.5
950.5
463.0
542.5
1070.5
1118.5
47.5
287.5
1124.5
71.5
1082.5
271.0
716.5
1106.5
1058.5
1129.0
925.0
1207.0
755.5
265.0
1138.0
461.5
476.5
982.0
560.5
607.0
707.5
1094.5
446.5
506.5
911.5
1057.0
619.0
116.5
928.0
995.5
833.5
883.0
1216.0
1072.0
536.5
1192.0
737.5
1045.0
640.0
232.0
481.0
1048.0
842.5
1120.0
1055.5
346.0
973.0
914.5
604.0
809.5
989.5
376.0
1208.5
605.5
1241.5
1262.5
817.0
779.5
937.0
793.0
544.0
182.5
1019.5
682.0
502.0
77.5
601.0
460.0
1249.0
1036.0
320.5
1204.0
1159.0
190.0
728.5
119.5
1177.0
223.0
983.5
1130.5
1205.5
1132.0
832.0
995.5
155.5
845.5
734.5
365.5
68.5
154.0
1090.0
412.0
1162.0
896.5
1082.5
307.0
472.0
1142.5
113.5
326.5
274.0
280.0
440.5
766.0
137.5
1247.5
671.5
1189.0
613.0
902.5
401.5
365.5
617.5
1021.0
866.5
589.0
1207.0
377.5
500.5
1106.5
1210.0
911.5
374.5
1090.0
769.0
851.5
178.0
851.5
284.5
1168.0
983.5
1066.0
220.0
1180.0
719.5
746.5
788.5
848.5
947.5
760.0
376.0
994.0
884.5
865.0
1316.5
941.5
1121.5
1147.0
124.0
451.0
968.5
1154.5
596.5
1052.5
578.5
991.0
700.0
1102.0
553.0
1322.5
1040.5
1063.0
949.0
671.5
563.5
313.0
860.5
947.5
730.0
590.5
350.5
658.0
989.5
931.0
1177.0
944.5
245.5
922.0
1019.5
761.5
419.5
1081.0
656.5
1144.0
1252.0
866.5
458.5
1172.5
250.0
1022.5
490.0
1106.5
673.0
659.5
502.0
950.5
1109.5
403.0
1196.5
1019.5
461.5
295.0
247.0
793.0
772.0
823.0
742.0
536.5
1037.5
1331.5
683.5
322.0
881.5
1103.5
131.5
515.5
1054.0
635.5
713.5
518.5
1039.0
160.0
131.5
754.0
1025.5
1300.0
569.5
464.5
1003.0
1132.0
947.5
1229.5
1064.5
451.0
698.5
949.0
811.0
875.5
1246.0
968.5
991.0
874.0
958.0
1079.5
491.5
1100.5
1306.0
548.5
1040.5
716.5
857.5
695.5
110.5
1165.0
685.0
602.5
413.5
1102.0
1105.0
508.0
1184.5
784.0
781.0
1153.0
1129.0
809.5
778.0
1001.5
935.5
1183.0
461.5
823.0
743.5
374.5
607.0
1210.0
575.5
1151.5
1121.5
860.5
887.5
983.5
1112.5
1195.0
797.5
451.0
314.5
1013.5
1033.0
937.0
835.0
887.5
296.5
935.5
146.5
1309.0
679.0
928.0
599.5
1255.0
1138.0
304.0
868.0
757.0
923.5
841.0
827.5
832.0
898.0
550.0
685.0
754.0
1126.0
817.0
967.0
382.0
667.0
182.5
1271.5
248.5
838.0
1115.5
1106.5
262.0
583.0
931.0
1124.5
1148.5
850.0
1046.5
575.5
1018.0
155.5
1141.0
1195.0
1021.0
73.0
257.5
580.0
413.5
1112.5
665.5
1009.0
899.5
740.5
1154.5
802.0
967.0
1031.5
1292.5
841.0
395.5
1096.0
893.5
1084.0
884.5
872.5
622.0
824.5
286.0
1219.0
1214.5
778.0
1196.5
598.0
503.5
524.5
1138.0
899.5
1138.0
806.5
374.5
913.0
737.5
917.5
877.0
892.0
1114.0
1081.0
856.0
625.0
416.5
884.5
967.0
1132.0
76.0
731.5
1139.5
955.0
968.5
619.0
815.5
134.5
344.5
685.0
1135.0
1300.0
1096.0
1115.5
797.5
377.5
1202.5
1000.0
835.0
511.0
724.0
850.0
1241.5
830.5
1109.5
206.5
1190.5
961.0
700.0
508.0
1144.0
1148.5
464.5
1265.5
845.5
412.0
487.0
808.0
652.0
1009.0
751.0
1199.5
950.5
860.5
1001.5
1079.5
739.0
611.5
382.0
955.0
862.0
602.5
1106.5
1261.0
707.5
1184.5
1082.5
1108.0
743.5
1240.0
1285.0
1130.5
829.0
419.5
1142.5
692.5
596.5
824.5
785.5
584.5
400.0
1061.5
1084.0
422.5
782.5
1126.0
910.0
1222.0
961.0
679.0
295.0
934.0
233.5
533.5
455.5
1123.0
614.5
1190.5
5.5
160.0
917.5
1165.0
1097.5
824.5
772.0
941.5
1294.0
1084.0
761.5
539.5
884.5
826.0
832.0
979.0
257.5
421.0
1105.0
901.0
971.5
1006.0
1054.0
877.0
644.5
676.0
790.0
766.0
1138.0
482.5
863.5
1009.0
305.5
1145.5
688.0
721.0
883.0
982.0
1166.5
328.0
979.0
164.5
754.0
1012.0
301.0
184.0
476.5
800.5
278.5
836.5
140.5
772.0
1090.0
1000.0
1171.0
569.5
1118.5
674.5
1148.5
800.5
1009.0
725.5
713.5
910.0
697.0
407.5
605.5
431.5
140.5
1144.0
1058.5
1025.5
1091.5
220.0
746.5
788.5
532.0
1135.0
1088.5
361.0
1019.5
1151.5
1061.5
650.5
829.0
608.5
922.0
344.5
968.5
593.5
911.5
442.0
208.0
848.5
422.5
943.0
1117.0
1117.0
1106.5
1046.5
1178.5
1081.0
877.0
1133.5
767.5
707.5
1219.0
1207.0
965.5
514.0
763.0
995.5
1097.5
1265.5
290.5
1061.5
599.5
574.0
254.5
1190.5
958.0
1027.0
1121.5
1228.0
1091.5
1163.5
1079.5
1048.0
1091.5
275.5
676.0
1151.5
1175.5
131.5
1202.5
974.5
1088.5
101.5
788.5
809.5
221.5
1240.0
931.0
1117.0
658.0
566.5
880.0
1145.5
665.5
1012.0
802.0
1115.5
1004.5
67.0
506.5
1088.5
524.5
1216.0
970.0
1042.0
1018.0
1018.0
980.5
1003.0
547.0
479.5
647.5
1013.5
1099.0
464.5
967.0
527.5
358.0
560.5
346.0
1111.0
733.0
229.0
533.5
1330.0
1133.5
944.5
599.5
655.0
923.5
1000.0
941.5
1009.0
31.0
311.5
1162.0
622.0
1144.0
260.5
1190.5
236.5
533.5
1000.0
494.5
646.0
712.0
937.0
1157.5
431.5
1054.0
916.0
1028.5
1189.0
100.0
778.0
440.5
712.0
847.0
1027.0
128.5
1000.0
772.0
1088.5
122.5
227.5
812.5
863.5
1123.0
1133.5
1222.0
1079.5
796.0
830.5
631.0
992.5
1099.0
646.0
400.0
799.0
260.5
985.0
319.0
1267.0
833.5
910.0
931.0
407.5
1231.0
1127.5
499.0
1045.0
998.5
835.0
499.0
739.0
1091.5
1082.5
398.5
607.0
68.5
1052.5
1103.5
1054.0
1046.5
1151.5
1229.5
727.0
1247.5
535.0
818.5
263.5
434.5
712.0
1039.0
775.0
1078.0
632.5
1136.5
1057.0
802.0
445.0
343.0
617.5
505.0
1063.0
1178.5
1196.5
1064.5
722.5
914.5
968.5
1247.5
1054.0
928.0
658.0
314.5
1019.5
1196.5
1168.0
965.5
878.5
1282.0
1177.0
695.5
763.0
701.5
1211.5
1103.5
193.0
62.5
830.5
143.5
1153.0
719.5
686.5
997.0
679.0
317.5
884.5
961.0
1079.5
811.0
710.5
1105.0
749.5
814.0
640.0
1165.0
1025.5
730.0
208.0
178.0
1162.0
1052.5
1028.5
955.0
788.5
605.5
1165.0
1159.0
467.5
1039.0
935.5
1180.0
1132.0
916.0
694.0
904.0
629.5
839.5
959.5
551.5
1174.0
1151.5
392.5
520.0
677.5
890.5
574.0
89.5
229.0
1147.0
112.0
311.5
1007.5
622.0
433.0
619.0
1195.0
805.0
77.5
238.0
773.5
916.0
583.0
467.5
1108.0
716.5
1028.5
1234.0
1088.5
1189.0
1340.5
878.5
631.0
893.5
394.0
1132.0
1045.0
238.0
203.5
1130.5
1105.0
701.5
1106.5
1079.5
446.5
439.0
674.5
937.0
686.5
962.5
842.5
1022.5
832.0
1159.0
595.0
1216.0
859.0
979.0
1078.0
449.5
1120.0
1129.0
974.5
758.5
904.0
968.5
329.5
1180.0
641.5
353.5
886.0
1070.5
217.0
476.5
233.5
809.5
226.0
476.5
946.0
397.0
314.5
674.5
1042.0
881.5
461.5
1123.0
1259.5
989.5
875.5
200.5
455.5
679.0
937.0
542.5
778.0
767.5
1144.0
301.0
1318.0
643.0
1100.5
902.5
209.5
1043.5
868.0
662.5
181.0
509.5
1006.0
815.5
1018.0
778.0
458.5
605.5
343.0
1033.0
53.5
869.5
1085.5
514.0
917.5
488.5
511.0
151.0
1093.0
704.5
1049.5
248.5
884.5
251.5
184.0
427.0
269.5
788.5
349.0
755.5
1120.0
1157.5
596.5
946.0
674.5
391.0
905.5
1021.0
976.0
568.0
1033.0
454.0
1048.0
850.0
527.5
709.0
1072.0
713.5
1210.0
1087.0
841.0
902.5
836.5
227.5
1204.0
1036.0
1060.0
1015.0
361.0
245.5
673.0
398.5
1237.0
1097.5
679.0
1055.5
236.5
1277.5
1147.0
1102.0
214.0
455.5
1103.5
748.0
1072.0
964.0
910.0
901.0
211.0
860.5
568.0
1153.0
938.5
431.5
542.5
833.5
619.0
451.0
418.0
1031.5
814.0
1156.0
1207.0
610.0
466.0
1235.5
242.5
1118.5
1045.0
1126.0
823.0
968.5
1264.0
973.0
59.5
800.5
721.0
395.5
1073.5
1183.0
1025.5
316.0
332.5
203.5
1201.0
320.5
1124.5
659.5
1075.0
1262.5
1141.0
614.5
950.5
526.0
1061.5
835.0
751.0
227.5
506.5
811.0
665.5
1109.5
826.0
1130.5
715.0
620.5
857.5
1238.5
433.0
1097.5
791.5
595.0
772.0
655.0
938.5
235.0
1276.0
323.5
1039.0
667.0
379.0
1229.5
1036.0
314.5
907.0
653.5
644.5
619.0
1013.5
1048.0
1033.0
1216.0
1187.5
1310.5
847.0
475.0
554.5
799.0
797.5
410.5
1217.5
739.0
194.5
1019.5
350.5
580.0
1090.0
1064.5
1030.0
388.0
379.0
779.5
779.5
341.5
334.0
1247.5
899.5
502.0
1147.0
448.0
1168.0
1010.5
239.5
1013.5
925.0
992.5
239.5
157.0
752.5
1049.5
874.0
988.0
367.0
248.5
1010.5
1072.0
925.0
703.0
229.0
1052.5
998.5
809.5
719.5
803.5
908.5
1139.5
469.0
1316.5
709.0
823.0
1192.0
524.5
958.0
1009.0
820.0
1081.0
1129.0
169.0
1127.5
1103.5
187.0
1112.5
535.0
635.5
881.5
854.5
1127.5
245.5
610.0
553.0
1100.5
989.5
685.0
1210.0
1165.0
757.0
58.0
683.5
1207.0
61.0
1004.5
1045.0
883.0
1049.5
214.0
1076.5
110.5
815.5
401.5
1028.5
626.5
1057.0
869.5
179.5
809.5
436.0
392.5
964.0
1268.5
1093.0
358.0
497.5
1183.0
388.0
950.5
1033.0
224.5
503.5
1085.5
260.5
608.5
1111.0
1187.5
1310.5
965.5
1046.5
962.5
1079.5
400.0
679.0
941.5
686.5
452.5
1118.5
335.5
1024.0
940.0
1028.5
964.0
293.5
730.0
722.5
1079.5
316.0
1283.5
301.0
815.5
832.0
893.5
1220.5
406.0
959.5
941.5
170.5
1283.5
371.5
617.5
1105.0
776.5
623.5
322.0
763.0
203.5
1205.5
781.0
970.0
1081.0
724.0
1192.0
472.0
746.5
175.0
674.5
853.0
958.0
938.5
748.0
1267.0
1195.0
1159.0
1205.5
1075.0
500.5
854.5
562.0
724.0
898.0
949.0
242.5
1267.0
1079.5
566.5
998.5
545.5
1091.5
424.0
940.0
479.5
968.5
584.5
1159.0
991.0
887.5
647.5
829.0
829.0
793.0
793.0
1201.0
958.0
1174.0
803.5
1222.0
541.0
709.0
793.0
1078.0
251.5
1057.0
1234.0
769.0
943.0
1177.0
337.0
409.0
764.5
1198.0
239.5
842.5
902.5
829.0
461.5
961.0
926.5
670.0
622.0
932.5
529.0
1108.0
683.5
977.5
845.5
1232.5
922.0
790.0
889.0
734.5
409.0
559.0
1099.0
1058.5
685.0
388.0
733.0
1117.0
398.5
1048.0
1085.5
584.5
1259.5
625.0
1231.0
709.0
1199.5
1178.5
881.5
175.0
469.0
977.5
634.0
965.5
590.5
1142.5
224.5
698.5
592.0
1003.0
976.0
502.0
1157.5
548.5
1076.5
1150.0
1003.0
968.5
949.0
1103.5
614.5
851.5
616.0
229.0
307.0
506.5
1102.0
232.0
565.0
925.0
629.5
277.0
958.0
965.5
1267.0
1246.0
334.0
593.5
176.5
1004.5
491.5
902.5
1025.5
442.0
781.0
766.0
871.0
62.5
1129.0
629.5
914.5
392.5
340.0
295.0
1066.0
371.5
490.0
821.5
649.0
1231.0
301.0
334.0
380.5
1024.0
253.0
964.0
202.0
598.0
934.0
361.0
1198.0
1310.5
595.0
1012.0
241.0
989.5
247.0
320.5
781.0
974.5
1015.0
968.5
1318.0
389.5
205.0
949.0
869.5
806.5
707.5
1039.0
1078.0
820.0
695.5
734.5
835.0
200.5
1030.0
350.5
1235.5
718.0
499.0
1148.5
187.0
988.0
712.0
982.0
1223.5
1015.0
716.5
961.0
671.5
884.5
908.5
244.0
1136.5
220.0
481.0
595.0
176.5
1036.0
1159.0
892.0
560.5
766.0
1162.0
1136.5
956.5
518.5
722.5
818.5
998.5
806.5
520.0
746.5
1129.0
596.5
784.0
1112.5
620.5
931.0
535.0
625.0
854.5
446.5
982.0
1039.0
953.5
1090.0
830.5
964.0
359.5
923.5
632.5
841.0
929.5
764.5
1082.5
1087.0
239.5
292.0
1114.0
1274.5
811.0
910.0
370.0
830.5
865.0
406.0
1123.0
614.5
994.0
173.5
811.0
854.5
149.5
1138.0
694.0
215.5
973.0
1208.5
953.5
1051.0
250.0
1165.0
1075.0
1039.0
1178.5
446.5
659.5
581.5
113.5
541.0
130.0
901.0
1235.5
937.0
203.5
1135.0
151.0
1190.5
109.0
808.0
1061.5
719.5
790.0
142.0
919.0
1199.5
443.5
1241.5
1012.0
523.0
986.5
130.0
1040.5
775.0
1253.5
758.5
898.0
337.0
1048.0
1004.5
533.5
757.0
710.5
1126.0
878.5
667.0
263.5
329.5
749.5
1123.0
772.0
341.5
434.5
491.5
1129.0
1156.0
1247.5
812.5
1031.5
1171.0
347.5
811.0
1073.5
1159.0
226.0
382.0
782.5
143.5
215.5
1100.5
614.5
181.0
947.5
283.0
1043.5
557.5
652.0
1108.0
874.0
241.0
805.0
956.5
257.5
664.0
1163.5
289.0
1109.5
325.0
862.0
706.0
905.5
463.0
892.0
1123.0
181.0
1157.5
479.5
827.5
1057.0
238.0
1021.0
1090.0
398.5
1169.5
1148.5
1120.0
1216.0
845.5
1072.0
670.0
380.5
497.5
689.5
1024.0
1033.0
1099.0
1240.0
52.0
836.5
223.0
233.5
833.5
305.5
407.5
595.0
488.5
245.5
377.5
850.0
1094.5
1030.0
986.5
389.5
1000.0
866.5
74.5
1214.5
926.5
364.0
91.0
760.0
1012.0
562.0
884.5
941.5
755.5
1187.5
412.0
1003.0
148.0
883.0
976.0
364.0
1129.0
1121.5
1169.5
205.0
128.5
374.5
1264.0
1223.5
680.5
364.0
257.5
926.5
98.5
1160.5
554.5
1084.0
977.5
1021.0
572.5
1030.0
977.5
832.0
1292.5
892.0
616.0
718.0
1175.5
379.0
203.5
662.5
1007.5
113.5
1016.5
1015.0
898.0
1079.5
1220.5
944.5
977.5
1162.0
1003.0
1051.0
725.5
565.0
811.0
403.0
1217.5
959.5
790.0
119.5
580.0
1118.5
845.5
1174.0
1111.0
133.0
877.0
934.0
803.5
1000.0
1085.5
998.5
947.5
770.5
395.5
809.5
700.0
802.0
119.5
919.0
814.0
755.5
509.5
658.0
263.5
32.5
629.5
361.0
1192.0
745.0
941.5
742.0
854.5
1013.5
844.0
902.5
1238.5
869.5
997.0
1007.5
980.5
319.0
1222.0
935.5
943.0
373.0
875.5
229.0
1225.0
899.5
970.0
331.0
668.5
1043.5
587.5
124.0
1195.0
1028.5
839.5
1153.0
872.5
353.5
725.5
704.5
575.5
335.5
562.0
1054.0
521.5
898.0
1057.0
1130.5
319.0
1211.5
578.5
1114.0
1085.5
580.0
832.0
1238.5
91.0
700.0
1126.0
683.5
698.5
727.0
916.0
445.0
1079.5
182.5
1108.0
710.5
1106.5
817.0
1184.5
403.0
1115.5
790.0
803.5
934.0
371.5
610.0
956.5
491.5
1201.0
1015.0
967.0
661.0
1184.5
1046.5
628.0
1015.0
563.5
238.0
532.0
1144.0
1265.5
907.0
929.5
935.5
494.5
469.0
1012.0
1069.0
908.5
572.5
943.0
299.5
1228.0
1148.5
1124.5
196.0
1169.5
1196.5
1073.5
961.0
775.0
1207.0
1078.0
1034.5
956.5
334.0
1051.0
481.0
526.0
790.0
826.0
727.0
881.5
1132.0
371.5
458.5
1192.0
569.5
715.0
118.0
965.5
1144.0
922.0
1079.5
1204.0
286.0
217.0
1079.5
1121.5
649.0
218.5
551.5
1105.0
830.5
1150.0
335.5
497.5
953.5
188.5
787.0
1028.5
1085.5
1157.5
958.0
943.0
1013.5
658.0
1181.5
344.5
121.0
1021.0
817.0
473.5
452.5
458.5
551.5
1117.0
1124.5
923.5
803.5
692.5
835.0
826.0
883.0
808.0
133.0
1108.0
748.0
485.5
293.5
1250.5
971.5
1133.5
1030.0
284.5
679.0
1096.0
673.0
1039.0
1087.0
196.0
338.5
998.5
1246.0
397.0
748.0
883.0
1166.5
632.5
1124.5
313.0
773.5
982.0
319.0
172.0
1100.5
757.0
1064.5
1157.5
1129.0
650.5
662.5
634.0
1147.0
398.5
650.5
944.5
314.5
718.0
727.0
428.5
1154.5
1147.0
1193.5
1210.0
1036.0
1148.5
742.0
869.5
773.5
397.0
394.0
1102.0
797.5
1085.5
139.0
589.0
1255.0
824.5
872.5
311.5
833.5
400.0
931.0
59.5
1103.5
778.0
1076.5
241.0
475.0
490.0
256.0
692.5
1090.0
557.5
452.5
1081.0
590.5
880.0
988.0
1027.0
266.5
520.0
916.0
551.5
404.5
1096.0
1225.0
262.0
535.0
700.0
1198.0
886.0
151.0
536.5
368.5
227.5
878.5
1276.0
305.5
1097.5
982.0
652.0
236.5
1109.5
854.5
482.5
602.5
748.0
1055.5
188.5
1060.0
1154.5
1081.0
643.0
580.0
509.5
557.5
176.5
736.0
1178.5
1217.5
976.0
1109.5
167.5
847.0
1115.5
1225.0
791.5
901.0
1033.0
1015.0
203.5
572.5
833.5
914.5
353.5
794.5
1261.0
214.0
1175.5
466.0
1024.0
424.0
1108.0
670.0
815.5
467.5
1129.0
1045.0
772.0
1058.5
377.5
935.5
1078.0
271.0
388.0
985.0
950.5
536.5
4.0
209.5
368.5
1138.0
173.5
158.5
347.5
914.5
143.5
958.0
421.0
1094.5
1138.0
685.0
620.5
1027.0
1049.5
811.0
1009.0
1075.0
1271.5
835.0
899.5
404.5
1171.0
757.0
98.5
481.0
145.0
791.5
373.0
194.5
820.0
764.5
781.0
1199.5
938.5
283.0
350.5
997.0
1156.0
898.0
1070.5
709.0
1166.5
899.5
1153.0
892.0
1141.0
199.0
368.5
971.5
1096.0
1159.0
607.0
748.0
995.5
341.5
598.0
995.5
985.0
1127.5
535.0
1346.5
757.0
548.5
892.0
280.0
235.0
242.5
1093.0
1144.0
833.5
1028.5
370.0
863.5
247.0
76.0
257.5
1040.5
851.5
665.5
892.0
955.0
860.5
676.0
1129.0
1079.5
1042.0
815.5
817.0
961.0
155.5
271.0
1112.5
1123.0
290.5
916.0
976.0
1016.5
673.0
952.0
896.5
256.0
889.0
1121.5
352.0
1093.0
227.5
313.0
626.5
518.5
682.0
1240.0
1057.0
1097.5
1145.5
731.5
547.0
268.0
1102.0
521.5
1117.0
683.5
133.0
950.5
1169.5
1207.0
860.5
1006.0
1000.0
118.0
1141.0
1048.0
596.5
1336.0
1018.0
311.5
1025.5
1246.0
1142.5
166.0
964.0
940.0
776.5
608.5
907.0
1031.5
581.5
542.5
403.0
233.5
805.0
1099.0
1289.5
790.0
1061.5
1252.0
818.5
625.0
1012.0
272.5
1147.0
1093.0
976.0
1276.0
806.5
919.0
790.0
146.5
1031.5
674.5
1055.5
781.0
113.5
754.0
907.0
727.0
271.0
1118.5
1318.0
217.0
778.0
965.5
1172.5
712.0
245.5
983.5
293.5
680.5
548.5
269.5
811.0
1162.0
769.0
959.5
713.5
991.0
302.5
1078.0
1189.0
1021.0
592.0
854.5
923.5
950.5
841.0
973.0
61.0
845.5
1024.0
418.0
1186.0
176.5
139.0
1069.0
377.5
308.5
1216.0
1016.5
1201.0
1231.0
791.5
250.0
1064.5
1211.5
944.5
173.5
439.0
1109.5
1220.5
179.5
1148.5
473.5
311.5
983.5
871.0
926.5
478.0
641.5
473.5
280.0
302.5
557.5
365.5
823.0
1213.0
550.0
757.0
569.5
1172.5
712.0
167.5
949.0
712.0
262.0
317.5
626.5
1027.0
943.0
346.0
1027.0
856.0
1024.0
1247.5
761.5
1012.0
1133.5
859.0
1123.0
614.5
1031.5
974.5
1160.5
1100.5
1264.0
734.5
1112.5
817.0
1049.5
610.0
371.5
575.5
613.0
980.5
917.5
56.5
1001.5
641.5
994.0
427.0
980.5
487.0
227.5
86.5
469.0
1181.5
430.0
1093.0
782.5
212.5
958.0
1058.5
920.5
563.5
286.0
122.5
1132.0
982.0
935.5
1024.0
1274.5
1096.0
1007.5
1171.0
1073.5
871.0
976.0
355.0
811.0
1105.0
364.0
1075.0
1037.5
1037.5
457.0
1181.5
1100.5
640.0
959.5
1196.5
821.5
1276.0
575.5
893.5
403.0
1202.5
961.0
952.0
320.5
1019.5
1087.0
626.5
82.0
626.5
778.0
1117.0
1114.0
181.0
943.0
1244.5
1079.5
1189.0
1106.5
1036.0
643.0
1073.5
530.5
449.5
707.5
746.5
634.0
286.0
632.5
1193.5
866.5
644.5
659.5
1078.0
1010.5
674.5
469.0
373.0
587.5
1055.5
230.5
1115.5
950.5
766.0
701.5
236.5
751.0
892.0
1298.5
1211.5
599.5
158.5
994.0
712.0
265.0
1129.0
1015.0
1196.5
952.0
410.5
638.5
545.5
446.5
533.5
1121.5
271.0
1117.0
998.5
1162.0
517.0
436.0
961.0
1072.0
745.0
1144.0
770.5
500.5
841.0
1193.5
790.0
188.5
613.0
646.0
499.0
1190.5
994.0
679.0
106.0
946.0
1148.5
1102.0
1076.5
998.5
896.5
400.0
106.0
485.5
382.0
299.5
773.5
752.5
151.0
415.0
1135.0
523.0
685.0
602.5
1027.0
1016.5
328.0
745.0
898.0
163.0
620.5
832.0
551.5
493.0
1162.0
547.0
734.5
173.5
820.0
965.5
704.5
637.0
1019.5
1177.0
505.0
1286.5
638.5
1105.0
538.0
1114.0
907.0
490.0
1114.0
580.0
433.0
1019.5
1064.5
766.0
470.5
916.0
413.5
208.0
872.5
233.5
287.5
979.0
335.5
1009.0
811.0
970.0
973.0
406.0
623.5
1178.5
1076.5
757.0
541.0
853.0
173.5
611.5
1094.5
821.5
1127.5
791.5
1126.0
1019.5
1015.0
554.5
692.5
985.0
265.0
203.5
704.5
496.0
601.0
556.0
1067.5
1054.0
934.0
1261.0
230.5
1123.0
248.5
577.0
1042.0
217.0
1108.0
1043.5
566.5
274.0
871.0
454.0
1060.0
1096.0
1010.5
829.0
812.5
367.0
433.0
938.5
284.5
1015.0
1052.5
52.0
490.0
979.0
940.0
301.0
209.5
263.5
410.5
674.5
725.5
136.0
916.0
701.5
368.5
992.5
1105.0
232.0
944.5
1046.5
677.5
1183.0
478.0
1094.5
557.5
991.0
1300.0
1162.0
413.5
599.5
707.5
1070.5
298.0
1021.0
1231.0
311.5
143.5
1108.0
853.0
1036.0
143.5
790.0
491.5
583.0
1174.0
584.5
1141.0
335.5
343.0
1268.5
452.5
566.5
1243.0
508.0
1021.0
1046.5
629.5
421.0
1139.5
706.0
805.0
245.5
1045.0
568.0
272.5
442.0
394.0
124.0
509.5
254.5
1022.5
772.0
560.5
350.5
1250.5
1145.5
1030.0
652.0
1073.5
911.5
509.5
793.0
1088.5
613.0
164.5
1178.5
469.0
1024.0
1123.0
596.5
596.5
278.5
697.0
1085.5
953.5
373.0
814.0
1253.5
844.0
437.5
227.5
320.5
1204.0
1133.5
1024.0
1187.5
1030.0
649.0
1121.5
394.0
1058.5
611.5
1091.5
1099.0
833.5
601.0
1216.0
724.0
836.5
262.0
680.5
1004.5
245.5
794.5
992.5
724.0
619.0
875.5
988.0
1223.5
1202.5
581.5
1027.0
944.5
728.5
637.0
110.5
784.0
215.5
1096.0
805.0
646.0
1261.0
982.0
547.0
1033.0
689.5
937.0
457.0
1057.0
293.5
1186.0
1165.0
934.0
790.0
1204.0
806.5
580.0
428.5
910.0
1279.0
625.0
862.0
1126.0
856.0
473.5
766.0
406.0
427.0
1085.5
850.0
946.0
967.0
529.0
490.0
538.0
854.5
820.0
380.5
104.5
881.5
874.0
742.0
1022.5
358.0
1181.5
1046.5
944.5
1097.5
1171.0
1141.0
821.5
890.5
1003.0
1153.0
1204.0
337.0
424.0
1069.0
896.5
1141.0
1031.5
1097.5
835.0
632.5
1108.0
977.5
1261.0
332.5
500.5
814.0
616.0
908.5
1139.5
266.5
259.0
557.5
1115.5
1147.0
806.5
1117.0
875.5
911.5
362.5
1217.5
311.5
112.0
694.0
682.0
665.5
454.0
779.5
602.5
757.0
1159.0
1018.0
770.5
1151.5
839.5
754.0
712.0
883.0
809.5
995.5
659.5
991.0
1111.0
665.5
1207.0
475.0
833.5
1226.5
796.0
1042.0
1345.0
1133.5
95.5
1163.5
998.5
253.0
880.0
1126.0
1024.0
769.0
817.0
1169.5
613.0
511.0
515.5
1118.5
1205.5
1031.5
479.5
19.0
1102.0
562.0
1159.0
1061.5
583.0
677.5
694.0
725.5
1217.5
254.5
1274.5
1030.0
1331.5
439.0
260.5
683.5
1168.0
616.0
433.0
796.0
889.0
145.0
754.0
871.0
614.5
1247.5
824.5
565.0
1103.5
1013.5
595.0
641.5
866.5
937.0
1051.0
289.0
895.0
685.0
1214.5
1057.0
715.0
1034.5
200.5
563.5
776.5
1010.5
985.0
1267.0
284.5
1109.5
694.0
488.5
599.5
772.0
842.5
749.5
1171.0
817.0
173.5
1177.0
572.5
1025.5
695.5
928.0
151.0
652.0
850.0
157.0
1072.0
244.0
476.5
857.5
380.5
1172.5
448.0
1178.5
848.5
1312.0
1030.0
610.0
794.5
341.5
926.5
458.5
1093.0
964.0
913.0
767.5
707.5
1165.0
577.0
542.5
842.5
692.5
1279.0
620.5
494.5
892.0
553.0
587.5
641.5
539.5
1022.5
458.5
1253.5
752.5
965.5
199.0
967.0
1178.5
823.0
1160.5
542.5
587.5
892.0
832.0
1304.5
1177.0
958.0
254.5
1124.5
922.0
706.0
1219.0
251.5
1195.0
518.5
938.5
914.5
1039.0
484.0
611.5
394.0
1100.5
1025.5
397.0
941.5
580.0
937.0
1111.0
592.0
1252.0
194.5
187.0
1147.0
385.0
502.0
319.0
776.5
944.5
149.5
370.0
613.0
733.0
919.0
920.5
314.5
1340.5
196.0
1162.0
956.5
842.5
1027.0
853.0
1195.0
1174.0
418.0
1096.0
886.0
1079.5
758.5
418.0
737.5
305.5
1168.0
701.5
1105.0
760.0
1205.5
890.5
703.0
985.0
1217.5
953.5
1168.0
1160.5
367.0
973.0
569.5
1015.0
1000.0
1087.0
752.5
145.0
907.0
901.0
712.0
1000.0
154.0
646.0
902.5
112.0
398.5
1030.0
782.5
517.0
443.5
946.0
853.0
590.5
1217.5
275.5
1165.0
928.0
880.0
485.5
788.5
953.5
670.0
1093.0
857.5
752.5
1034.5
622.0
713.5
1028.5
332.5
1067.5
1060.0
878.5
947.5
554.5
169.0
1076.5
799.0
1223.5
515.5
859.0
760.0
752.5
380.5
722.5
1033.0
797.5
872.5
569.5
523.0
530.5
857.5
1223.5
934.0
1127.5
1129.0
646.0
299.5
1013.5
752.5
989.5
1021.0
1342.0
695.5
652.0
634.0
1094.5
1241.5
563.5
1016.5
1219.0
653.5
1105.0
671.5
1283.5
349.0
899.5
671.5
862.0
1172.5
766.0
983.5
752.5
448.0
761.5
388.0
658.0
1057.0
866.5
1250.5
202.0
373.0
1112.5
884.5
1024.0
958.0
1315.0
1051.0
1075.0
731.5
842.5
452.5
293.5
1181.5
269.5
739.0
868.0
928.0
886.0
205.0
632.5
202.0
1114.0
1150.0
841.0
1048.0
1087.0
188.5
947.5
830.5
1207.0
97.0
343.0
839.5
1157.5
1070.5
742.0
1016.5
607.0
1241.5
563.5
1114.0
671.5
1037.5
1000.0
808.0
424.0
190.0
1223.5
545.5
394.0
73.0
868.0
541.0
709.0
323.5
958.0
1120.0
536.5
635.5
568.0
686.5
667.0
1196.5
938.5
923.5
1141.0
869.5
1184.5
1037.5
421.0
1066.0
992.5
1229.5
638.5
257.5
1186.0
202.0
1138.0
493.0
709.0
760.0
617.5
1214.5
1085.5
944.5
847.0
898.0
196.0
797.5
730.0
565.0
464.5
1066.0
1139.5
367.0
412.0
1156.0
1201.0
488.5
377.5
268.0
89.5
235.0
991.0
541.0
721.0
289.0
910.0
340.0
401.5
283.0
940.0
286.0
245.5
293.5
394.0
1078.0
953.5
1058.5
737.5
797.5
428.5
431.5
737.5
1130.5
986.5
829.0
1181.5
995.5
497.5
682.0
694.0
982.0
875.5
1135.0
628.0
575.5
1094.5
878.5
118.0
938.5
640.0
691.0
1046.5
269.5
860.5
1328.5
887.5
400.0
697.0
707.5
937.0
911.5
236.5
997.0
1048.0
812.5
937.0
1060.0
1264.0
959.5
367.0
883.0
1237.0
1021.0
1277.5
1120.0
341.5
1108.0
346.0
680.5
1066.0
310.0
1093.0
811.0
802.0
1178.5
1097.5
772.0
431.5
940.0
437.5
155.5
746.5
1147.0
1019.5
448.0
380.5
1010.5
1004.5
1181.5
592.0
1195.0
823.0
856.0
1150.0
871.0
899.5
1058.5
925.0
607.0
203.5
166.0
344.5
812.5
353.5
1130.5
1244.5
1205.5
1256.5
497.5
868.0
854.5
1024.0
370.0
817.0
1046.5
1076.5
377.5
811.0
455.5
902.5
1106.5
227.5
979.0
1207.0
310.0
1265.5
1010.5
1028.5
1037.5
299.5
541.0
536.5
508.0
1181.5
961.0
1063.0
265.0
640.0
1121.5
730.0
1100.5
274.0
857.5
334.0
1046.5
1223.5
661.0
1012.0
316.0
955.0
811.0
1154.5
1018.0
1132.0
166.0
976.0
358.0
1036.0
971.5
1075.0
1109.5
1030.0
1219.0
838.0
467.5
1081.0
16.0
1184.5
1208.5
514.0
1154.5
671.5
1073.5
814.0
668.5
187.0
338.5
769.0
164.5
439.0
1030.0
511.0
973.0
172.0
1186.0
527.5
337.0
1028.5
1202.5
479.5
1136.5
388.0
658.0
1145.5
229.0
980.5
995.5
911.5
722.5
392.5
376.0
937.0
203.5
742.0
514.0
775.0
938.5
440.5
317.5
1043.5
428.5
529.0
386.5
1088.5
931.0
772.0
139.0
1003.0
715.0
415.0
1175.5
850.0
622.0
631.0
679.0
1240.0
1148.5
397.0
944.5
667.0
179.5
361.0
808.0
1316.5
758.5
325.0
686.5
677.5
697.0
545.5
1022.5
905.5
1088.5
379.0
841.0
632.5
302.5
233.5
631.0
716.5
485.5
1208.5
140.5
148.0
478.0
641.5
239.5
586.0
1148.5
467.5
725.5
713.5
1100.5
1151.5
1078.0
725.5
1246.0
770.5
1082.5
1030.0
1073.5
865.0
857.5
875.5
1072.0
628.0
1070.5
133.0
1055.5
170.5
1123.0
916.0
1072.0
977.5
1079.5
196.0
794.5
541.0
940.0
724.0
1021.0
829.0
748.0
844.0
230.5
739.0
115.0
391.0
506.5
760.0
1064.5
1136.5
1079.5
209.5
937.0
313.0
715.0
346.0
596.5
481.0
560.5
1195.0
718.0
640.0
557.5
773.5
623.5
922.0
230.5
391.0
689.5
412.0
1240.0
733.0
260.5
563.5
1133.5
454.0
659.5
1255.0
47.5
613.0
547.0
1015.0
812.5
955.0
692.5
620.5
980.5
781.0
913.0
1135.0
859.0
359.5
1093.0
1019.5
718.0
802.0
1016.5
551.5
232.0
724.0
392.5
1058.5
940.0
626.5
1147.0
1040.5
895.0
1318.0
535.0
803.5
157.0
911.5
608.5
970.0
877.0
1156.0
751.0
676.0
1163.5
863.5
182.5
953.5
904.0
766.0
469.0
283.0
1088.5
371.5
136.0
1004.5
1229.5
191.5
626.5
136.0
1283.5
862.0
1226.5
886.0
226.0
1042.0
1321.0
1135.0
787.0
643.0
920.5
1162.0
820.0
979.0
179.5
290.5
712.0
1211.5
623.5
752.5
812.5
980.5
874.0
752.5
811.0
1042.0
104.5
770.5
560.5
595.0
728.5
1132.0
1019.5
812.5
773.5
956.5
989.5
520.0
772.0
1190.5
985.0
662.5
731.5
928.0
1246.0
1018.0
625.0
620.5
289.0
107.5
916.0
715.0
896.5
922.0
175.0
331.0
1079.5
1105.0
1063.0
1106.5
157.0
625.0
854.5
1276.0
1196.5
472.0
1139.5
836.5
970.0
1000.0
262.0
1127.5
362.5
428.5
364.0
733.0
772.0
173.5
850.0
1156.0
610.0
1036.0
62.5
986.5
632.5
970.0
806.5
506.5
865.0
970.0
1174.0
1067.5
970.0
487.0
941.5
425.5
851.5
416.5
844.0
1351.0
667.0
748.0
1039.0
592.0
806.5
697.0
917.5
983.5
238.0
737.5
527.5
1174.0
532.0
613.0
592.0
982.0
974.5
875.5
1049.5
502.0
559.0
643.0
505.0
475.0
905.5
1075.0
794.5
1171.0
103.0
212.5
952.0
329.5
931.0
847.0
533.5
1004.5
1076.5
1172.5
835.0
950.5
991.0
1105.0
818.5
1033.0
377.5
116.5
635.5
181.0
653.5
568.0
791.5
155.5
1033.0
1034.5
301.0
1315.0
886.0
826.0
1096.0
1150.0
325.0
271.0
949.0
1075.0
1136.5
1225.0
250.0
1225.0
365.5
1202.5
1145.5
620.5
488.5
562.0
1214.5
952.0
659.5
880.0
860.5
1051.0
280.0
986.5
1258.0
1186.0
952.0
667.0
832.0
979.0
1144.0
773.5
185.5
736.0
1165.0
265.0
497.5
1019.5
439.0
323.5
704.5
184.0
628.0
985.0
1168.0
602.5
1231.0
1105.0
1135.0
1117.0
1196.5
1153.0
811.0
1186.0
1022.5
998.5
901.0
784.0
980.5
265.0
884.5
998.5
1207.0
662.5
289.0
298.0
283.0
719.5
634.0
1226.5
461.5
1162.0
1138.0
691.0
752.5
97.0
715.0
413.5
968.5
601.0
794.5
335.5
833.5
161.5
1093.0
1226.5
259.0
341.5
742.0
1177.0
575.5
875.5
1108.0
655.0
422.5
287.5
745.0
76.0
1103.5
1081.0
715.0
1090.0
1106.5
971.5
160.0
877.0
101.5
530.5
1207.0
641.5
965.5
1057.0
839.5
829.0
319.0
787.0
988.0
329.5
1223.5
1135.0
301.0
724.0
418.0
655.0
676.0
1225.0
730.0
839.5
307.0
539.5
1006.0
982.0
1204.0
707.5
809.5
284.5
662.5
875.5
1079.5
865.0
772.0
164.5
110.5
1115.5
787.0
551.5
745.0
397.0
1171.0
607.0
227.5
1061.5
1189.0
622.0
869.5
995.5
1030.0
361.0
743.5
127.0
1142.5
454.0
1079.5
500.5
910.0
1036.0
400.0
487.0
1264.0
1168.0
1103.5
754.0
1067.5
86.5
1156.0
1129.0
1045.0
673.0
497.5
974.5
1193.5
1117.0
814.0
325.0
620.5
959.5
875.5
961.0
793.0
563.5
454.0
992.5
214.0
1207.0
379.0
1142.5
386.5
1142.5
719.5
1009.0
352.0
1180.0
431.5
1001.5
1267.0
935.5
128.5
202.0
830.5
841.0
466.0
1006.0
973.0
1115.5
1178.5
751.0
959.5
962.5
829.0
635.5
457.0
757.0
1007.5
937.0
743.5
1198.0
863.5
1052.5
647.5
983.5
1117.0
223.0
734.5
584.5
136.0
301.0
823.0
274.0
218.5
1112.5
710.5
1027.0
665.5
1196.5
1064.5
656.5
1094.5
1111.0
682.0
983.5
980.5
251.5
803.5
923.5
1166.5
680.5
992.5
913.0
176.5
1013.5
923.5
859.0
1226.5
521.5
1030.0
773.5
1144.0
1000.0
1060.0
860.5
248.5
1070.5
334.0
739.0
1120.0
968.5
820.0
647.5
482.5
1160.5
739.0
901.0
565.0
536.5
802.0
1102.0
563.5
857.5
1198.0
662.5
247.0
886.0
1100.5
487.0
986.5
221.5
631.0
932.5
1163.5
145.0
796.0
1096.0
215.5
665.5
934.0
116.5
1055.5
1019.5
304.0
112.0
1181.5
1204.0
968.5
1252.0
277.0
476.5
881.5
746.5
370.0
1100.5
1180.0
746.5
728.5
1096.0
706.0
997.0
1253.5
418.0
1129.0
794.5
1235.5
691.0
178.0
1015.0
856.0
322.0
1037.5
790.0
841.0
1187.5
964.0
188.5
464.5
770.5
1060.0
775.0
532.0
580.0
998.5
1261.0
1234.0
382.0
565.0
1190.5
715.0
121.0
350.5
637.0
518.5
424.0
899.5
238.0
1175.5
628.0
548.5
1084.0
440.5
806.5
1022.5
794.5
1087.0
301.0
503.5
1082.5
1141.0
1139.5
1102.0
1169.5
946.0
1208.5
1255.0
1109.5
226.0
1106.5
238.0
509.5
1088.5
893.5
1127.5
674.5
548.5
1111.0
958.0
350.5
485.5
1132.0
949.0
925.0
710.5
761.5
949.0
1004.5
617.5
754.0
1148.5
968.5
560.5
1046.5
1114.0
101.5
703.0
1066.0
1183.0
523.0
763.0
545.5
755.5
1006.0
1019.5
1076.5
361.0
716.5
895.0
650.5
1177.0
1025.5
1003.0
799.0
1028.5
1031.5
727.0
419.5
973.0
383.5
932.5
838.0
1016.5
1166.5
538.0
887.5
419.5
797.5
218.5
500.5
592.0
994.0
994.0
989.5
317.5
1162.0
1148.5
449.5
1195.0
1150.0
970.0
1223.5
1180.0
1259.5
805.0
919.0
14.5
926.5
91.0
1094.5
736.0
766.0
769.0
644.5
1172.5
214.0
1003.0
725.5
1150.0
994.0
842.5
845.5
665.5
1063.0
937.0
766.0
962.5
931.0
1018.0
848.5
344.5
1084.0
730.0
871.0
872.5
1000.0
778.0
736.0
1096.0
1207.0
220.0
524.5
1013.5
361.0
746.5
1241.5
824.5
1163.5
733.0
703.0
547.0
1004.5
358.0
412.0
629.5
455.5
1157.5
481.0
467.5
980.5
532.0
455.5
560.5
1117.0
785.5
164.5
685.0
514.0
697.0
965.5
485.5
1178.5
815.5
511.0
1115.5
703.0
710.5
704.5
335.5
1042.0
994.0
1091.5
809.5
1012.0
631.0
592.0
1057.0
629.5
907.0
728.5
950.5
985.0
889.0
760.0
1208.5
1115.5
962.5
830.5
385.0
928.0
998.5
154.0
1117.0
1015.0
1109.5
1157.5
823.0
1115.5
791.5
1081.0
460.0
1030.0
572.5
664.0
1006.0
931.0
722.5
386.5
1049.5
959.5
973.0
914.5
152.5
173.5
541.0
461.5
563.5
319.0
1150.0
601.0
1196.5
1036.0
797.5
953.5
1106.5
532.0
1046.5
1141.0
1064.5
811.0
1162.0
386.5
350.5
950.5
310.0
596.5
65.5
914.5
74.5
794.5
1349.5
1136.5
1346.5
673.0
1084.0
260.5
994.0
784.0
413.5
1069.0
827.5
361.0
548.5
1015.0
1054.0
809.5
590.5
598.0
874.0
1049.5
985.0
613.0
1151.5
884.5
406.0
937.0
716.5
436.0
766.0
920.5
766.0
1100.5
526.0
338.5
547.0
254.5
622.0
386.5
1130.5
157.0
1031.5
355.0
245.5
1049.5
1079.5
1046.5
979.0
907.0
1196.5
245.5
320.5
1097.5
1004.5
583.0
418.0
445.0
608.5
488.5
707.5
976.0
938.5
808.0
1087.0
335.5
887.5
680.5
973.0
311.5
478.0
455.5
1052.5
901.0
598.0
1043.5
131.5
140.5
1154.5
1105.0
1087.0
1039.0
1079.5
562.0
829.0
260.5
376.0
382.0
1082.5
1105.0
974.5
1142.5
962.5
583.0
335.5
184.0
217.0
788.5
670.0
1004.5
1144.0
986.5
506.5
431.5
988.0
259.0
200.5
1190.5
1039.0
400.0
508.0
365.5
778.0
1030.0
1138.0
80.5
290.5
887.5
281.5
