988.0
958.0
607.0
1186.0
1078.0
239.5
703.0
949.0
707.5
626.5
605.5
1033.0
142.0
689.5
631.0
464.5
988.0
265.0
1214.5
581.5
551.5
1273.0
460.0
635.5
697.0
1124.5
583.0
1076.5
1160.5
748.0
1039.0
1003.0
853.0
329.5
1085.5
743.5
844.0
763.0
461.5
836.5
757.0
731.5
1069.0
587.5
355.0
599.5
1160.5
397.0
860.5
1112.5
1046.5
445.0
943.0
455.5
833.5
95.5
742.0
1054.0
881.5
1112.5
866.5
1045.0
1226.5
194.5
1123.0
1138.0
896.5
1015.0
827.5
283.0
1040.5
232.0
1118.5
1049.5
472.0
784.0
1060.0
713.5
640.0
817.0
683.5
853.0
328.0
1067.5
1100.5
839.5
868.0
932.5
493.0
1138.0
185.5
278.5
709.0
1009.0
169.0
442.0
470.5
1127.5
202.0
1009.0
1040.5
1025.5
964.0
980.5
1004.5
1060.0
725.5
502.0
835.0
163.0
677.5
1252.0
886.0
1099.0
529.0
358.0
692.5
1223.5
764.5
869.5
749.5
508.0
1055.5
509.5
533.5
430.0
760.0
1177.0
608.5
1160.5
1138.0
395.5
1145.5
292.0
869.5
916.0
707.5
356.5
367.0
299.5
568.0
983.5
296.5
436.0
958.0
1030.0
1000.0
898.0
416.5
922.0
629.5
839.5
907.0
1174.0
944.5
547.0
787.0
1084.0
664.0
232.0
409.0
923.5
370.0
1189.0
313.0
919.0
1183.0
940.0
361.0
1142.5
536.5
1094.5
937.0
1037.5
1133.5
913.0
1064.5
719.5
1049.5
503.5
622.0
734.5
752.5
733.0
640.0
1052.5
830.5
1129.0
1048.0
865.0
245.5
377.5
196.0
850.0
205.0
767.5
325.0
1118.5
922.0
1274.5
515.5
1199.5
344.5
446.5
1060.0
365.5
1069.0
1132.0
1129.0
1144.0
170.5
439.0
886.0
1145.5
1019.5
1052.5
800.5
622.0
1087.0
233.5
212.5
167.5
1015.0
14.5
617.5
509.5
982.0
590.5
698.5
232.0
950.5
713.5
524.5
1264.0
962.5
884.5
520.0
991.0
1013.5
725.5
905.5
655.0
310.0
845.5
1058.5
509.5
472.0
142.0
350.5
305.5
697.0
523.0
995.5
274.0
989.5
494.5
860.5
476.5
911.5
1106.5
730.0
430.0
241.0
965.5
343.0
865.0
377.5
401.5
1138.0
302.5
742.0
1202.5
529.0
593.5
763.0
1126.0
682.0
1009.0
449.5
154.0
1043.5
937.0
109.0
773.5
256.0
727.0
1075.0
1039.0
544.0
829.0
680.5
145.0
989.5
200.5
481.0
595.0
604.0
902.5
1289.5
1210.0
418.0
623.5
233.5
674.5
320.5
1109.5
350.5
944.5
614.5
1060.0
29.5
1048.0
1084.0
896.5
952.0
832.0
1070.5
683.5
818.5
1024.0
1186.0
719.5
748.0
514.0
854.5
922.0
1165.0
305.5
1229.5
1037.5
374.5
842.5
749.5
1162.0
613.0
1265.5
1120.0
706.0
847.0
737.5
956.5
988.0
253.0
1133.5
379.0
125.5
593.5
697.0
959.5
181.0
1043.5
725.5
796.0
823.0
1003.0
115.0
907.0
1021.0
1213.0
232.0
499.0
589.0
566.5
776.5
229.0
710.5
1210.0
248.5
199.0
338.5
736.0
448.0
1036.0
962.5
181.0
538.0
733.0
1073.5
1157.5
890.5
376.0
352.0
998.5
784.0
718.0
238.0
1195.0
158.5
230.5
754.0
266.5
853.0
763.0
413.5
1120.0
859.0
1199.5
973.0
925.0
968.5
1159.0
1271.5
1315.0
482.5
338.5
143.5
1178.5
640.0
452.5
695.5
1055.5
1141.0
1117.0
1126.0
1286.5
281.5
166.0
29.5
262.0
265.0
976.0
433.0
202.0
1136.5
733.0
274.0
991.0
1019.5
1078.0
241.0
485.5
629.5
800.5
740.5
718.0
994.0
674.5
295.0
937.0
868.0
1097.5
419.5
587.5
362.5
802.0
146.5
769.0
1051.0
994.0
1000.0
215.5
1147.0
613.0
586.0
908.5
1003.0
298.0
1223.5
557.5
749.5
1082.5
1012.0
394.0
602.5
211.0
887.5
1078.0
583.0
670.0
914.5
950.5
200.5
664.0
398.5
961.0
316.0
1093.0
334.0
869.5
872.5
1151.5
485.5
539.5
326.5
1196.5
1009.0
242.5
532.0
340.0
688.0
389.5
103.0
1009.0
239.5
791.5
664.0
592.0
1042.0
353.5
355.0
593.5
110.5
407.5
533.5
640.0
310.0
277.0
295.0
343.0
355.0
1124.5
1049.5
868.0
539.5
344.5
638.5
1150.0
800.5
940.0
1121.5
680.5
344.5
953.5
647.5
223.0
1246.0
694.0
74.5
958.0
272.5
692.5
328.0
1006.0
316.0
1343.5
764.5
815.5
154.0
440.5
74.5
992.5
608.5
185.5
755.5
200.5
1022.5
163.0
1151.5
985.0
980.5
782.5
1034.5
416.5
119.5
679.0
802.0
680.5
224.5
583.0
266.5
698.5
980.5
1169.5
818.5
886.0
305.5
968.5
475.0
629.5
1196.5
871.0
217.0
160.0
554.5
778.0
808.0
440.5
802.0
889.0
958.0
232.0
652.0
875.5
529.0
989.5
502.0
788.5
737.5
682.0
482.5
514.0
388.0
407.5
1343.5
287.5
356.5
482.5
359.5
772.0
311.5
478.0
994.0
923.5
422.5
962.5
920.5
263.5
1247.5
407.5
884.5
844.0
748.0
475.0
797.5
169.0
932.5
763.0
733.0
1085.5
1103.5
284.5
1180.0
473.5
857.5
722.5
715.0
455.5
917.5
499.0
1043.5
577.0
443.5
758.5
782.5
259.0
943.0
1202.5
884.5
446.5
211.0
1025.5
1144.0
545.5
584.5
530.5
311.5
571.0
745.0
634.0
682.0
1099.0
775.0
448.0
494.5
1145.5
1216.0
928.0
125.5
1181.5
379.0
424.0
484.0
1043.5
304.0
344.5
895.0
271.0
562.0
199.0
410.5
341.5
214.0
1139.5
488.5
1012.0
943.0
1127.5
722.5
47.5
334.0
604.0
340.0
100.0
875.5
427.0
550.0
152.5
1007.5
316.0
772.0
338.5
565.0
860.5
359.5
1121.5
1063.0
653.5
766.0
215.5
964.0
281.5
208.0
703.0
1231.0
379.0
1138.0
1163.5
880.0
1010.5
1204.0
469.0
944.5
734.5
748.0
173.5
1004.5
844.0
191.5
310.0
974.5
232.0
887.5
968.5
230.5
473.5
602.5
1265.5
1100.5
623.5
887.5
1016.5
802.0
1318.0
682.0
1190.5
742.0
617.5
557.5
685.0
790.0
968.5
748.0
530.5
1084.0
571.0
196.0
230.5
481.0
689.5
793.0
920.5
287.5
1139.5
941.5
364.0
946.0
319.0
397.0
686.5
1085.5
782.5
680.5
79.0
506.5
1162.0
287.5
1058.5
1144.0
251.5
380.5
902.5
611.5
634.0
869.5
1028.5
1288.0
178.0
919.0
1033.0
1117.0
322.0
928.0
1255.0
176.5
794.5
1192.0
656.5
980.5
812.5
1124.5
160.0
871.0
884.5
877.0
569.5
1270.0
473.5
1100.5
806.5
1103.5
589.0
770.5
515.5
470.5
455.5
275.5
832.0
1253.5
775.0
739.0
598.0
743.5
1079.5
890.5
676.0
914.5
929.5
454.0
877.0
1022.5
635.5
524.5
845.5
430.0
662.5
103.0
551.5
688.0
866.5
229.0
781.0
896.5
739.0
133.0
785.5
1013.5
605.5
1042.0
154.0
985.0
1081.0
1036.0
1103.5
661.0
992.5
791.5
797.5
988.0
926.5
506.5
563.5
580.0
397.0
1100.5
446.5
476.5
1160.5
772.0
533.5
1045.0
1006.0
1055.5
454.0
332.5
842.5
185.5
613.0
1057.0
787.0
725.5
929.5
1085.5
1039.0
331.0
515.5
1046.5
971.5
362.5
602.5
413.5
607.0
1243.0
326.5
842.5
416.5
1048.0
580.0
542.5
725.5
821.5
994.0
904.0
274.0
128.5
797.5
587.5
800.5
1111.0
1031.5
427.0
574.0
643.0
59.5
251.5
988.0
371.5
854.5
97.0
760.0
577.0
1052.5
644.5
245.5
175.0
425.5
761.5
490.0
512.5
1004.5
1058.5
1054.0
236.5
1018.0
1165.0
1222.0
556.0
298.0
1037.5
1162.0
434.5
1204.0
1124.5
1037.5
905.5
845.5
709.0
1132.0
694.0
919.0
1067.5
913.0
829.0
601.0
499.0
1078.0
905.5
655.0
217.0
961.0
749.5
953.5
721.0
739.0
647.5
44.5
227.5
1030.0
1052.5
644.5
1012.0
776.5
911.5
1076.5
712.0
1126.0
775.0
1219.0
647.5
982.0
971.5
511.0
826.0
802.0
1088.5
688.0
670.0
1163.5
214.0
976.0
265.0
349.0
592.0
1157.5
1055.5
217.0
460.0
1228.0
856.0
692.5
1031.5
974.5
265.0
115.0
1109.5
1141.0
553.0
272.5
1111.0
839.5
392.5
956.5
1142.5
1069.0
896.5
454.0
1246.0
866.5
223.0
215.5
695.5
1037.5
353.5
620.5
800.5
113.5
1102.0
1076.5
376.0
509.5
223.0
1006.0
274.0
625.0
1201.0
1027.0
899.5
742.0
599.5
73.0
607.0
742.0
1196.5
1184.5
329.5
638.5
1091.5
1025.5
170.5
623.5
410.5
169.0
838.0
286.0
901.0
724.0
785.5
826.0
656.5
983.5
1094.5
482.5
446.5
1211.5
923.5
1031.5
1189.0
578.5
172.0
739.0
716.5
500.5
506.5
953.5
511.0
1175.5
989.5
233.5
1003.0
1060.0
577.0
859.0
257.5
479.5
259.0
961.0
511.0
145.0
713.5
1100.5
40.0
785.5
323.5
1031.5
713.5
1241.5
1162.0
1060.0
898.0
845.5
1196.5
295.0
1126.0
806.5
737.5
472.0
1330.0
422.5
872.5
553.0
637.0
785.5
322.0
695.5
571.0
959.5
1039.0
1007.5
592.0
1171.0
515.5
973.0
850.0
937.0
1174.0
856.0
988.0
1061.5
965.5
298.0
1129.0
878.5
1190.5
259.0
427.0
1124.5
329.5
932.5
343.0
989.5
410.5
458.5
418.0
874.0
1253.5
905.5
1150.0
881.5
1004.5
974.5
193.0
1117.0
1060.0
517.0
1073.5
908.5
475.0
1004.5
694.0
949.0
590.5
235.0
1129.0
970.0
536.5
1133.5
754.0
826.0
383.5
1151.5
956.5
686.5
1123.0
476.5
784.0
484.0
193.0
547.0
664.0
122.5
499.0
157.0
946.0
941.5
853.0
859.0
175.0
535.0
970.0
46.0
314.5
175.0
707.5
395.5
1241.5
728.5
677.5
581.5
145.0
695.5
479.5
544.0
944.5
667.0
343.0
659.5
641.5
962.5
224.5
1093.0
638.5
580.0
77.5
875.5
52.0
848.5
1130.5
815.5
1222.0
209.5
955.0
1214.5
110.5
679.0
839.5
328.0
580.0
1046.5
284.5
1031.5
1292.5
785.5
1088.5
743.5
844.0
914.5
1072.0
689.5
191.5
1190.5
737.5
365.5
1070.5
908.5
821.5
839.5
209.5
932.5
1222.0
1006.0
445.0
799.0
245.5
617.5
680.5
853.0
553.0
278.5
136.0
454.0
379.0
976.0
811.0
704.5
232.0
1039.0
1091.5
1097.5
1.0
445.0
776.5
1010.5
719.5
878.5
946.0
986.5
1052.5
947.5
893.5
236.5
416.5
881.5
920.5
409.0
1009.0
947.5
607.0
1235.5
686.5
1003.0
926.5
629.5
1132.0
812.5
46.0
434.5
1126.0
1001.5
551.5
794.5
323.5
941.5
857.5
730.0
988.0
293.5
667.0
1009.0
767.5
407.5
485.5
1090.0
166.0
1211.5
1085.5
820.0
413.5
316.0
946.0
916.0
295.0
925.0
1052.5
1118.5
959.5
616.0
499.0
944.5
734.5
1154.5
1070.5
970.0
1082.5
418.0
632.5
1108.0
449.5
506.5
967.0
167.5
976.0
1160.5
515.5
878.5
635.5
337.0
565.0
1082.5
526.0
1082.5
869.5
842.5
263.5
830.5
1040.5
559.0
106.0
691.0
481.0
586.0
602.5
358.0
799.0
1030.0
629.5
1004.5
428.5
794.5
1030.0
277.0
751.0
568.0
866.5
748.0
752.5
982.0
857.5
818.5
374.5
1334.5
982.0
919.0
770.5
1058.5
1031.5
1328.5
175.0
703.0
152.5
841.0
1022.5
922.0
1142.5
826.0
406.0
1216.0
1108.0
1001.5
854.5
929.5
850.0
946.0
500.5
533.5
1145.5
1166.5
835.0
1136.5
967.0
920.5
493.0
712.0
641.5
955.0
883.0
677.5
358.0
1108.0
1190.5
1231.0
1106.5
743.5
745.0
950.5
1144.0
790.0
622.0
965.5
449.5
1216.0
965.5
130.0
197.5
1129.0
271.0
994.0
749.5
695.5
649.0
221.5
431.5
886.0
490.0
944.5
671.5
712.0
997.0
943.0
905.5
889.0
974.5
50.5
883.0
1003.0
1172.5
670.0
1037.5
200.5
941.5
631.0
956.5
991.0
610.0
1063.0
772.0
368.5
200.5
785.5
589.0
283.0
1046.5
1106.5
475.0
622.0
526.0
947.5
317.5
286.0
1270.0
368.5
836.5
1045.0
1117.0
200.5
412.0
392.5
643.0
373.0
371.5
929.5
407.5
904.0
320.5
811.0
94.0
1088.5
853.0
884.5
454.0
1099.0
341.5
550.0
646.0
482.5
478.0
776.5
419.5
1061.5
394.0
893.5
965.5
457.0
835.0
368.5
380.5
268.0
1003.0
674.5
875.5
419.5
704.5
1135.0
689.5
746.5
1070.5
424.0
403.0
359.5
764.5
469.0
1189.0
451.0
221.5
1277.5
1093.0
610.0
1016.5
562.0
1135.0
608.5
1139.5
926.5
988.0
904.0
670.0
299.5
508.0
604.0
952.0
746.5
907.0
1187.5
646.0
1241.5
1228.0
1171.0
557.5
112.0
601.0
574.0
761.5
848.5
718.0
793.0
580.0
475.0
698.5
376.0
758.5
634.0
742.0
307.0
1120.0
1126.0
1052.5
1177.0
886.0
701.5
1298.5
1154.5
787.0
257.5
998.5
986.5
925.0
1183.0
823.0
973.0
994.0
307.0
766.0
665.5
925.0
1210.0
1196.5
14.5
805.0
418.0
197.5
832.0
245.5
1280.5
847.0
1205.5
500.5
767.5
563.5
1139.5
1063.0
1034.5
182.5
769.0
1207.0
752.5
518.5
664.0
1220.5
997.0
835.0
791.5
302.5
487.0
433.0
121.0
1184.5
634.0
490.0
985.0
328.0
890.5
758.5
385.0
1129.0
248.5
700.0
817.0
262.0
899.5
403.0
287.5
1090.0
314.5
934.0
641.5
899.5
835.0
710.5
313.0
818.5
1199.5
577.0
610.0
782.5
1076.5
1111.0
1280.5
650.5
1085.5
494.5
1157.5
299.5
632.5
983.5
1280.5
823.0
1058.5
649.0
1160.5
610.0
691.0
782.5
392.5
970.0
520.0
829.0
671.5
884.5
929.5
1231.0
1051.0
158.5
1238.5
274.0
637.0
938.5
1082.5
784.0
1051.0
1016.5
1066.0
350.5
278.5
71.5
805.0
1154.5
125.5
415.0
208.0
1147.0
815.5
928.0
1097.5
514.0
338.5
386.5
919.0
1151.5
727.0
1111.0
551.5
674.5
412.0
661.0
877.0
908.5
815.5
817.0
1007.5
352.0
343.0
925.0
1252.0
262.0
457.0
968.5
775.0
1169.5
985.0
1061.5
989.5
403.0
677.5
887.5
997.0
748.0
1079.5
641.5
1082.5
1087.0
137.5
520.0
427.0
505.0
790.0
884.5
379.0
167.5
884.5
691.0
671.5
1253.5
946.0
985.0
1186.0
188.5
509.5
797.5
329.5
1052.5
1082.5
958.0
1117.0
1099.0
1057.0
1129.0
268.0
122.5
766.0
676.0
1202.5
1129.0
1136.5
712.0
1160.5
685.0
986.5
562.0
1211.5
463.0
122.5
278.5
278.5
344.5
553.0
1051.0
1157.5
845.5
1142.5
587.5
1001.5
1030.0
245.5
452.5
1201.0
1088.5
1229.5
1100.5
503.5
473.5
304.0
643.0
911.5
242.5
293.5
866.5
755.5
970.0
932.5
575.5
865.0
1048.0
385.0
1250.5
1009.0
1054.0
266.5
869.5
394.0
989.5
395.5
670.0
580.0
952.0
1042.0
1051.0
787.0
1261.0
1232.5
622.0
977.5
886.0
1013.5
988.0
740.5
566.5
1060.0
836.5
1145.5
266.5
433.0
590.5
884.5
664.0
523.0
1057.0
229.0
727.0
490.0
577.0
158.5
1190.5
952.0
419.5
769.0
914.5
173.5
493.0
338.5
1106.5
1067.5
1142.5
1085.5
172.0
626.5
779.5
740.5
782.5
637.0
1249.0
403.0
898.0
605.5
961.0
950.5
1048.0
683.5
1066.0
847.0
178.0
628.0
41.5
272.5
1028.5
1096.0
1106.5
340.0
194.5
1118.5
551.5
977.5
925.0
331.0
562.0
1309.0
809.5
571.0
845.5
314.5
152.5
85.0
865.0
643.0
425.5
550.0
980.5
1097.5
1021.0
911.5
956.5
523.0
920.5
911.5
833.5
583.0
73.0
238.0
1051.0
1136.5
655.0
1034.5
1103.5
826.0
737.5
892.0
988.0
706.0
850.0
959.5
65.5
301.0
1004.5
865.0
883.0
229.0
395.5
1114.0
1007.5
169.0
520.0
1001.5
1097.5
509.5
836.5
226.0
1147.0
1108.0
985.0
860.5
649.0
56.5
955.0
419.5
203.5
559.0
355.0
1162.0
530.5
433.0
973.0
508.0
427.0
808.0
878.5
1102.0
796.0
1037.5
242.5
1300.0
587.5
226.0
302.5
748.0
772.0
1051.0
638.5
451.0
859.0
1270.0
628.0
1124.5
1106.5
887.5
815.5
353.5
139.0
434.5
461.5
473.5
248.5
775.0
500.5
787.0
652.0
527.5
973.0
673.0
463.0
688.0
908.5
331.0
1019.5
1199.5
1012.0
200.5
340.0
1142.5
1097.5
970.0
844.0
382.0
802.0
749.5
1195.0
727.0
949.0
350.5
745.0
941.5
872.5
1141.0
188.5
908.5
572.5
290.5
682.0
631.0
949.0
703.0
86.5
809.5
1208.5
1160.5
1016.5
886.0
922.0
145.0
436.0
611.5
683.5
1075.0
1105.0
566.5
1054.0
557.5
847.0
1175.5
1129.0
982.0
632.5
394.0
803.5
640.0
517.0
874.0
1109.5
1220.5
451.0
1151.5
320.5
617.5
476.5
1066.0
733.0
851.5
458.5
647.5
229.0
1138.0
1150.0
1192.0
655.0
775.0
896.5
623.5
197.5
931.0
377.5
613.0
43.0
254.5
358.0
1157.5
277.0
646.0
677.5
536.5
575.5
902.5
986.5
661.0
491.5
859.0
668.5
445.0
668.5
746.5
643.0
656.5
304.0
1279.0
1139.5
766.0
200.5
824.5
277.0
1036.0
499.0
1012.0
596.5
581.5
769.0
226.0
644.5
814.0
1103.5
583.0
323.5
1099.0
1267.0
226.0
259.0
775.0
967.0
925.0
1234.0
1019.5
362.5
200.5
592.0
412.0
994.0
1066.0
1159.0
275.5
952.0
931.0
466.0
1175.5
248.5
734.5
608.5
673.0
706.0
1067.5
962.5
749.5
661.0
589.0
158.5
307.0
1103.5
557.5
532.0
196.0
703.0
842.5
701.5
226.0
1199.5
266.5
653.5
733.0
1138.0
880.0
973.0
904.0
1000.0
935.5
745.0
898.0
994.0
1271.5
616.0
568.0
850.0
1039.0
359.5
395.5
248.5
622.0
199.0
299.5
880.0
328.0
1096.0
316.0
659.5
307.0
1139.5
904.0
320.5
604.0
1150.0
278.5
655.0
866.5
871.0
553.0
805.0
1091.5
929.5
947.5
365.5
649.0
154.0
559.0
377.5
665.5
268.0
197.5
1021.0
689.5
428.5
1096.0
1159.0
1060.0
128.5
991.0
656.5
256.0
424.0
1120.0
239.5
596.5
287.5
1036.0
709.0
1069.0
976.0
583.0
275.5
313.0
986.5
832.0
218.5
1051.0
368.5
1009.0
889.0
1019.5
235.0
284.5
737.5
757.0
743.5
908.5
407.5
841.0
100.0
641.5
520.0
958.0
805.0
469.0
773.5
631.0
941.5
1264.0
119.5
329.5
406.0
865.0
916.0
649.0
694.0
424.0
1012.0
737.5
191.5
1034.5
400.0
797.5
695.5
1255.0
1076.5
713.5
817.0
824.5
983.5
1136.5
1201.0
779.5
737.5
967.0
1133.5
1091.5
173.5
1066.0
73.0
476.5
566.5
1016.5
646.0
968.5
43.0
1042.0
532.0
217.0
922.0
250.0
968.5
746.5
445.0
20.5
886.0
788.5
674.5
962.5
274.0
331.0
1139.5
787.0
904.0
1028.5
823.0
172.0
433.0
235.0
1112.5
845.5
698.5
898.0
704.5
1313.5
1052.5
184.0
179.5
1087.0
592.0
610.0
1210.0
614.5
437.5
260.5
262.0
710.5
356.5
463.0
794.5
674.5
1147.0
893.5
622.0
776.5
721.0
170.5
1189.0
400.0
988.0
779.5
581.5
650.5
890.5
1069.0
610.0
1331.5
1073.5
1108.0
1087.0
392.5
344.5
839.5
632.5
805.0
905.5
859.0
62.5
74.5
1127.5
383.5
614.5
715.0
1060.0
296.5
703.0
359.5
1088.5
175.0
371.5
410.5
311.5
1195.0
1270.0
1075.0
557.5
920.5
1001.5
1073.5
827.5
695.5
923.5
689.5
1180.0
979.0
136.0
322.0
352.0
272.5
1121.5
719.5
743.5
373.0
262.0
1066.0
650.5
590.5
1007.5
482.5
1076.5
1103.5
1190.5
779.5
1208.5
820.0
952.0
1015.0
854.5
997.0
1175.5
1120.0
1019.5
1256.5
1241.5
995.5
200.5
847.0
928.0
775.0
263.5
1114.0
1114.0
284.5
223.0
1048.0
709.0
971.5
610.0
232.0
1168.0
451.0
353.5
1027.0
106.0
278.5
1028.5
881.5
418.0
1207.0
1070.5
1255.0
167.5
67.0
952.0
154.0
1141.0
844.0
235.0
721.0
248.5
1162.0
272.5
737.5
829.0
362.5
493.0
377.5
698.5
1015.0
484.0
406.0
388.0
962.5
653.5
524.5
1178.5
821.5
1046.5
865.0
1060.0
143.5
1181.5
1003.0
391.0
371.5
1109.5
508.0
701.5
1018.0
1051.0
431.5
896.5
538.0
995.5
1195.0
140.5
1130.5
182.5
661.0
914.5
568.0
1135.0
1039.0
20.5
368.5
763.0
794.5
1081.0
964.0
782.5
1142.5
1082.5
1018.0
182.5
88.0
412.0
772.0
238.0
1211.5
728.5
437.5
967.0
622.0
520.0
769.0
1007.5
397.0
398.5
1027.0
1040.5
166.0
535.0
146.5
1055.5
1135.0
638.5
1088.5
1211.5
1226.5
934.0
1051.0
502.0
241.0
802.0
832.0
952.0
313.0
796.0
620.5
1006.0
1133.5
470.5
491.5
943.0
1031.5
1159.0
637.0
224.5
121.0
1031.5
604.0
1018.0
422.5
701.5
692.5
301.0
1193.5
353.5
680.5
1100.5
680.5
569.5
397.0
922.0
511.0
229.0
686.5
1088.5
779.5
238.0
784.0
704.5
803.5
421.0
668.5
619.0
751.0
490.0
241.0
1180.0
442.0
212.5
1286.5
910.0
302.5
1105.0
881.5
730.0
1195.0
293.5
667.0
251.5
542.5
962.5
950.5
193.0
956.5
667.0
773.5
1085.5
1022.5
1127.5
1253.5
1259.5
1138.0
253.0
341.5
694.0
506.5
604.0
1037.5
155.5
1276.0
653.5
980.5
974.5
1055.5
779.5
445.0
820.0
1144.0
772.0
617.5
1067.5
1067.5
952.0
850.0
1172.5
331.0
599.5
863.5
17.5
1031.5
505.0
730.0
220.0
674.5
971.5
841.0
308.5
892.0
359.5
799.0
130.0
301.0
1037.5
1138.0
850.0
925.0
869.5
913.0
619.0
503.5
571.0
886.0
1042.0
934.0
754.0
208.0
479.5
671.5
880.0
739.0
1192.0
974.5
448.0
251.5
785.5
263.5
626.5
412.0
982.0
742.0
170.5
182.5
626.5
1244.5
428.5
880.0
962.5
1067.5
979.0
260.5
1082.5
271.0
1013.5
697.0
806.5
1010.5
760.0
857.5
1030.0
616.0
400.0
748.0
946.0
493.0
1139.5
698.5
1009.0
259.0
907.0
1087.0
346.0
332.5
392.5
953.5
194.5
734.5
182.5
353.5
694.0
805.0
1060.0
1064.5
893.5
394.0
376.0
784.0
1112.5
1214.5
148.0
775.0
130.0
484.0
67.0
356.5
742.0
689.5
541.0
677.5
953.5
494.5
1184.5
436.0
1061.5
340.0
916.0
1202.5
265.0
341.5
670.0
311.5
871.0
790.0
1292.5
632.5
1001.5
734.5
973.0
310.0
1027.0
296.5
1142.5
782.5
559.0
557.5
1108.0
1241.5
839.5
407.5
1151.5
493.0
677.5
589.0
590.5
793.0
857.5
412.0
506.5
706.0
1115.5
1166.5
964.0
560.5
143.5
971.5
758.5
383.5
743.5
89.5
1171.0
94.0
1037.5
1120.0
401.5
242.5
461.5
355.0
244.0
1234.0
830.5
647.5
131.5
1337.5
1015.0
505.0
761.5
749.5
1228.0
485.5
181.0
943.0
878.5
560.5
1025.5
883.0
1235.5
431.5
703.0
715.0
1063.0
1133.5
305.5
548.5
1193.5
1138.0
251.5
1042.0
389.5
1052.5
758.5
907.0
730.0
1051.0
992.5
458.5
980.5
1115.5
1114.0
236.5
529.0
1052.5
974.5
596.5
602.5
485.5
809.5
1255.0
628.0
742.0
931.0
830.5
1102.0
784.0
655.0
1226.5
1156.0
208.0
338.5
637.0
728.5
994.0
1040.5
1208.5
439.0
73.0
824.5
1259.5
812.5
1162.0
1099.0
236.5
1072.0
838.0
605.5
926.5
878.5
1205.5
295.0
1018.0
725.5
790.0
470.5
965.5
1015.0
1126.0
841.0
559.0
796.0
737.5
248.5
131.5
1049.5
332.5
704.5
734.5
331.0
1147.0
1057.0
670.0
1118.5
1094.5
886.0
1040.5
796.0
386.5
917.5
682.0
457.0
376.0
1223.5
763.0
754.0
770.5
407.5
1043.5
869.5
260.5
446.5
218.5
536.5
550.0
784.0
683.5
314.5
1067.5
1016.5
868.0
175.0
731.5
1105.0
992.5
281.5
868.0
287.5
979.0
995.5
1106.5
1178.5
1177.0
350.5
944.5
1232.5
1201.0
374.5
1111.0
283.0
583.0
1160.5
1265.5
1052.5
493.0
310.0
757.0
977.5
1247.5
842.5
914.5
407.5
224.5
643.0
875.5
665.5
848.5
728.5
778.0
844.0
671.5
1078.0
1087.0
1237.0
215.5
676.0
1147.0
526.0
797.5
785.5
632.5
1069.0
911.5
1105.0
1129.0
950.5
899.5
1027.0
220.0
349.0
17.5
853.0
361.0
515.5
679.0
448.0
841.0
914.5
1150.0
1009.0
647.5
1315.0
539.5
781.0
769.0
115.0
950.5
202.0
274.0
929.5
965.5
53.5
1075.0
154.0
269.5
556.0
721.0
512.5
1058.5
919.0
1178.5
1138.0
476.5
391.0
508.0
406.0
1264.0
1223.5
1010.5
796.0
148.0
986.5
1049.5
538.0
769.0
1169.5
341.5
934.0
425.5
970.0
128.5
704.5
1262.5
497.5
901.0
1178.5
788.5
652.0
790.0
931.0
481.0
1186.0
1114.0
1064.5
1031.5
734.5
128.5
514.0
748.0
947.5
901.0
1142.5
575.5
628.0
878.5
197.5
1052.5
596.5
56.5
1156.0
949.0
538.0
718.0
134.5
1196.5
851.5
211.0
1066.0
952.0
874.0
919.0
946.0
1120.0
244.0
853.0
653.5
569.5
605.5
1108.0
809.5
118.0
230.5
998.5
631.0
896.5
1147.0
1052.5
875.5
178.0
238.0
242.5
263.5
601.0
170.5
61.0
526.0
578.5
703.0
547.0
149.5
527.5
1132.0
596.5
209.5
1078.0
680.5
1327.0
208.0
985.0
766.0
320.5
1295.5
341.5
830.5
1130.5
106.0
541.0
890.5
1190.5
442.0
571.0
935.5
697.0
467.5
347.5
211.0
346.0
370.0
551.5
1093.0
737.5
1172.5
1250.5
1045.0
950.5
937.0
269.5
382.0
358.0
1226.5
701.5
43.0
566.5
241.0
1075.0
905.5
569.5
1118.5
296.5
566.5
998.5
1246.0
161.5
266.5
725.5
1097.5
274.0
1016.5
592.0
731.5
1054.0
47.5
1010.5
809.5
659.5
1123.0
874.0
1082.5
668.5
1181.5
1109.5
698.5
1085.5
1225.0
746.5
934.0
1177.0
989.5
1180.0
985.0
455.5
808.0
161.5
496.0
841.0
1016.5
1099.0
260.5
466.0
1081.0
829.0
457.0
869.5
1042.0
536.5
118.0
743.5
1151.5
389.5
1097.5
149.5
259.0
1099.0
511.0
830.5
320.5
344.5
206.5
247.0
836.5
901.0
619.0
91.0
229.0
1142.5
592.0
1072.0
712.0
275.5
391.0
635.5
1099.0
884.5
778.0
670.0
883.0
1067.5
908.5
833.5
998.5
1058.5
1252.0
938.5
433.0
994.0
965.5
1097.5
1262.5
1120.0
862.0
725.5
560.5
80.5
197.5
760.0
1069.0
541.0
904.0
758.5
1162.0
740.5
332.5
464.5
199.0
923.5
892.0
541.0
1102.0
746.5
1120.0
1027.0
184.0
310.0
1037.5
412.0
599.5
1094.5
829.0
1051.0
899.5
991.0
574.0
995.5
976.0
679.0
1232.5
992.5
137.5
62.5
907.0
1105.0
163.0
583.0
1066.0
469.0
457.0
668.5
164.5
131.5
722.5
787.0
661.0
872.5
451.0
479.5
520.0
224.5
677.5
836.5
1091.5
1207.0
397.0
1003.0
1175.5
863.5
569.5
733.0
685.0
503.5
535.0
1243.0
232.0
527.5
166.0
802.0
347.5
218.5
1207.0
947.5
841.0
661.0
946.0
521.5
778.0
1123.0
590.5
1072.0
626.5
949.0
302.5
350.5
1177.0
1150.0
667.0
1028.5
1144.0
352.0
328.0
706.0
1103.5
989.5
1168.0
1076.5
272.5
1117.0
1240.0
755.5
935.5
214.0
1007.5
715.0
677.5
1043.5
428.5
1130.5
1205.5
238.0
280.0
1016.5
959.5
472.0
998.5
343.0
229.0
374.5
1052.5
896.5
269.5
344.5
439.0
905.5
1058.5
529.0
109.0
667.0
1013.5
731.5
854.5
695.5
185.5
514.0
1021.0
434.5
1121.5
1033.0
265.0
812.5
847.0
418.0
952.0
425.5
115.0
1361.5
325.0
808.0
752.5
152.5
946.0
172.0
970.0
743.5
413.5
1031.5
1019.5
938.5
152.5
605.5
767.5
1004.5
199.0
1141.0
145.0
502.0
157.0
749.5
1336.0
262.0
1108.0
164.5
400.0
943.0
256.0
614.5
1234.0
790.0
638.5
205.0
550.0
655.0
149.5
1156.0
857.5
827.5
589.0
1111.0
404.5
1187.5
298.0
590.5
179.5
1069.0
778.0
721.0
544.0
185.5
323.5
380.5
602.5
269.5
682.0
179.5
826.0
373.0
1301.5
968.5
1024.0
449.5
1006.0
886.0
79.0
1237.0
419.5
592.0
1228.0
407.5
208.0
662.5
233.5
1112.5
203.5
1214.5
986.5
1112.5
397.0
664.0
1016.5
821.5
274.0
119.5
481.0
842.5
256.0
208.0
1076.5
943.0
682.0
517.0
902.5
844.0
515.5
289.0
1094.5
1090.0
1172.5
910.0
1181.5
410.5
898.0
1037.5
1099.0
986.5
1000.0
109.0
995.5
755.5
334.0
356.5
202.0
800.5
995.5
773.5
808.0
631.0
976.0
746.5
583.0
748.0
506.5
740.5
1150.0
991.0
1037.5
545.5
359.5
751.0
1078.0
1066.0
343.0
925.0
746.5
710.5
587.5
853.0
647.5
1150.0
428.5
539.5
839.5
1078.0
1220.5
728.5
239.5
308.5
1004.5
1001.5
974.5
836.5
1039.0
1033.0
994.0
296.5
1108.0
160.0
349.0
614.5
751.0
209.5
292.0
1282.0
274.0
965.5
779.5
668.5
682.0
359.5
998.5
454.0
604.0
676.0
1055.5
404.5
202.0
1009.0
170.5
1066.0
985.0
842.5
547.0
193.0
493.0
1060.0
215.5
1007.5
979.0
1036.0
1070.5
740.5
158.5
317.5
688.0
955.0
94.0
1105.0
787.0
215.5
536.5
1150.0
536.5
854.5
1109.5
1034.5
685.0
989.5
1067.5
853.0
934.0
725.5
574.0
836.5
1061.5
731.5
701.5
991.0
542.5
701.5
235.0
914.5
613.0
1228.0
673.0
1157.5
703.0
754.0
560.5
383.5
878.5
616.0
338.5
944.5
1042.0
292.0
524.5
983.5
1045.0
508.0
628.0
1234.0
913.0
467.5
431.5
436.0
494.5
775.0
1276.0
1127.5
1204.0
728.5
476.5
295.0
646.0
844.0
1057.0
133.0
1163.5
859.0
226.0
854.5
451.0
683.5
332.5
743.5
781.0
976.0
1162.0
661.0
596.5
88.0
596.5
1018.0
686.5
463.0
503.5
571.0
1043.5
463.0
598.0
533.5
1039.0
505.0
866.5
1010.5
913.0
736.0
631.0
172.0
700.0
452.5
931.0
1060.0
997.0
1196.5
425.5
985.0
227.5
1241.5
1184.5
736.0
188.5
865.0
1069.0
895.0
883.0
776.5
1171.0
778.0
611.5
1001.5
907.0
368.5
136.0
1264.0
539.5
406.0
634.0
59.5
683.5
1030.0
623.5
430.0
1253.5
380.5
256.0
1139.5
1252.0
1033.0
1130.5
859.0
884.5
842.5
673.0
782.5
988.0
979.0
316.0
1121.5
1130.5
737.5
895.0
577.0
1073.5
751.0
494.5
391.0
895.0
1202.5
1039.0
706.0
1076.5
595.0
802.0
854.5
787.0
1064.5
269.5
1186.0
611.5
925.0
799.0
1108.0
911.5
1000.0
350.5
484.0
1064.5
1057.0
959.5
835.0
937.0
902.5
1114.0
970.0
1034.5
814.0
271.0
226.0
937.0
296.5
1142.5
499.0
1241.5
323.5
511.0
1288.0
632.5
950.5
1103.5
602.5
619.0
968.5
1120.0
797.5
940.0
926.5
635.5
950.5
1247.5
905.5
382.0
277.0
1004.5
784.0
914.5
461.5
547.0
964.0
1205.5
269.5
856.0
995.5
391.0
1250.5
146.5
142.0
619.0
1238.5
812.5
349.0
223.0
1183.0
1123.0
299.5
1193.5
1058.5
1115.5
1138.0
887.5
830.5
670.0
227.5
380.5
665.5
1180.0
311.5
575.5
731.5
415.0
278.5
967.0
1003.0
361.0
988.0
952.0
601.0
836.5
1081.0
868.0
679.0
1022.5
692.5
770.5
1190.5
305.5
793.0
1189.0
989.5
1066.0
205.0
613.0
1211.5
1126.0
971.5
1069.0
1114.0
521.5
929.5
869.5
1150.0
566.5
646.0
307.0
38.5
814.0
995.5
382.0
1120.0
647.5
992.5
931.0
452.5
332.5
697.0
662.5
539.5
985.0
1072.0
611.5
923.5
1061.5
115.0
580.0
722.5
755.5
302.5
434.5
982.0
239.5
1214.5
874.0
1177.0
116.5
911.5
359.5
328.0
916.0
118.0
560.5
1210.0
1135.0
529.0
449.5
472.0
1127.5
1115.5
1096.0
1174.0
1015.0
278.5
610.0
794.5
1097.5
1115.5
613.0
1060.0
952.0
341.5
845.5
724.0
725.5
574.0
1219.0
434.5
815.5
358.0
778.0
757.0
625.0
356.5
313.0
544.0
869.5
83.5
119.5
511.0
745.0
1061.5
830.5
76.0
481.0
971.5
796.0
841.0
1096.0
788.5
1091.5
1096.0
833.5
656.5
688.0
106.0
62.5
1178.5
922.0
986.5
787.0
1213.0
959.5
611.5
400.0
970.0
523.0
790.0
968.5
1207.0
236.5
346.0
1025.5
941.5
1187.5
995.5
491.5
716.5
797.5
989.5
704.5
709.0
961.0
776.5
748.0
322.0
1079.5
1004.5
266.5
896.5
965.5
1181.5
874.0
331.0
814.0
755.5
1288.0
476.5
1193.5
247.0
1003.0
347.5
1057.0
1058.5
602.5
95.5
287.5
332.5
535.0
511.0
1118.5
1097.5
910.0
1034.5
1093.0
746.5
1283.5
674.5
1118.5
866.5
94.0
1106.5
938.5
364.0
967.0
424.0
326.5
674.5
994.0
1063.0
1079.5
1073.5
730.0
1123.0
1103.5
1048.0
103.0
550.0
1100.5
815.5
931.0
278.5
802.0
109.0
1168.0
1057.0
262.0
1135.0
98.5
583.0
1240.0
587.5
929.5
482.5
817.0
779.5
1078.0
751.0
656.5
824.5
1154.5
398.5
1084.0
227.5
499.0
809.5
404.5
1040.5
1148.5
332.5
1345.0
1214.5
226.0
649.0
521.5
1067.5
1015.0
704.5
137.5
334.0
709.0
788.5
686.5
1006.0
958.0
1108.0
1313.5
815.5
1192.0
1019.5
752.5
167.5
394.0
413.5
1336.0
320.5
64.0
574.0
1082.5
1006.0
331.0
1013.5
878.5
1178.5
245.5
869.5
1096.0
1043.5
155.5
95.5
986.5
791.5
616.0
896.5
448.0
806.5
974.5
545.5
404.5
493.0
1268.5
257.5
973.0
1067.5
211.0
1132.0
962.5
409.0
542.5
1115.5
1094.5
1133.5
1156.0
1258.0
296.5
412.0
470.5
1297.0
620.5
544.0
1045.0
709.0
749.5
991.0
58.0
308.5
916.0
583.0
58.0
764.5
823.0
751.0
1231.0
764.5
457.0
403.0
661.0
133.0
1144.0
368.5
103.0
227.5
353.5
1106.5
134.5
748.0
698.5
1193.5
1052.5
820.0
1259.5
1039.0
271.0
152.5
590.5
928.0
1172.5
770.5
863.5
602.5
1087.0
973.0
376.0
1022.5
467.5
649.0
689.5
890.5
808.0
1030.0
734.5
910.0
440.5
442.0
595.0
1198.0
868.0
1121.5
797.5
284.5
785.5
1231.0
809.5
604.0
949.0
424.0
1189.0
677.5
794.5
133.0
1136.5
892.0
883.0
284.5
1135.0
59.5
859.0
1051.0
854.5
440.5
937.0
919.0
59.5
1156.0
958.0
1043.5
1087.0
325.0
1076.5
833.5
929.5
457.0
413.5
1067.5
508.0
1130.5
1042.0
196.0
757.0
134.5
623.5
1159.0
728.5
754.0
1099.0
1082.5
154.0
251.5
343.0
418.0
1042.0
926.5
578.5
1256.5
1190.5
548.5
673.0
404.5
890.5
440.5
746.5
746.5
665.5
431.5
50.5
964.0
808.0
845.5
1174.0
1042.0
485.5
610.0
1115.5
1033.0
563.5
1249.0
334.0
484.0
995.5
1060.0
163.0
686.5
227.5
152.5
1222.0
1277.5
832.0
1153.0
628.0
863.5
194.5
635.5
656.5
517.0
640.0
473.5
176.5
107.5
400.0
103.0
956.5
1205.5
1045.0
487.0
1145.5
892.0
203.5
1178.5
1085.5
388.0
911.5
1100.5
388.0
473.5
917.5
917.5
778.0
982.0
491.5
634.0
163.0
1168.0
266.5
767.5
1042.0
994.0
301.0
893.5
632.5
455.5
344.5
523.0
1078.0
877.0
401.5
412.0
289.0
169.0
1129.0
917.5
119.5
56.5
257.5
1132.0
1172.5
697.0
1016.5
460.0
560.5
253.0
1066.0
110.5
770.5
148.0
331.0
1096.0
685.0
1112.5
671.5
478.0
335.5
230.5
1066.0
473.5
736.0
385.0
905.5
82.0
868.0
790.0
371.5
536.5
283.0
1033.0
947.5
575.5
989.5
461.5
989.5
469.0
161.5
616.0
647.5
1255.0
1013.5
1094.5
1096.0
356.5
1085.5
515.5
589.0
319.0
983.5
1009.0
307.0
1261.0
1040.5
232.0
563.5
560.5
431.5
619.0
997.0
278.5
851.5
413.5
1054.0
1018.0
1016.5
835.0
725.5
994.0
629.5
698.5
223.0
1187.5
1160.5
188.5
797.5
473.5
1180.0
65.5
409.0
686.5
1039.0
907.0
874.0
728.5
371.5
443.5
782.5
632.5
445.0
749.5
808.0
485.5
302.5
455.5
562.0
695.5
281.5
884.5
137.5
1151.5
1001.5
1202.5
1174.0
142.0
235.0
367.0
646.0
491.5
592.0
1063.0
209.5
854.5
764.5
854.5
212.5
362.5
818.5
229.0
548.5
1091.5
260.5
373.0
530.5
346.0
887.5
776.5
1247.5
200.5
886.0
47.5
536.5
731.5
926.5
655.0
1108.0
545.5
419.5
643.0
979.0
988.0
512.5
212.5
956.5
722.5
682.0
790.0
896.5
988.0
944.5
1040.5
736.0
826.0
818.5
362.5
352.0
469.0
964.0
1150.0
1046.5
1199.5
137.5
1025.5
308.5
350.5
767.5
407.5
878.5
532.0
1162.0
484.0
259.0
751.0
433.0
245.5
968.5
1307.5
424.0
602.5
809.5
772.0
1274.5
749.5
1112.5
572.5
812.5
968.5
956.5
1112.5
856.0
487.0
914.5
736.0
643.0
769.0
1082.5
845.5
790.0
1114.0
448.0
955.0
797.5
902.5
802.0
194.5
275.5
1016.5
1202.5
278.5
208.0
275.5
838.0
53.5
947.5
880.0
683.5
278.5
838.0
1070.5
359.5
86.5
1064.5
289.0
470.5
590.5
325.0
878.5
724.0
616.0
1015.0
934.0
461.5
188.5
274.0
646.0
1166.5
941.5
766.0
1246.0
1139.5
1027.0
1097.5
1046.5
1075.0
464.5
880.0
1000.0
353.5
700.0
434.5
689.5
844.0
277.0
499.0
868.0
463.0
490.0
1004.5
1081.0
569.5
1030.0
838.0
389.5
208.0
613.0
832.0
1111.0
602.5
1132.0
493.0
175.0
1006.0
989.5
257.5
439.0
502.0
313.0
1232.5
1243.0
940.0
1061.5
293.5
800.5
950.5
269.5
1186.0
692.5
205.0
752.5
838.0
1034.5
343.0
1241.5
998.5
1022.5
1096.0
428.5
904.0
665.5
326.5
242.5
592.0
211.0
287.5
805.0
1285.0
959.5
1013.5
1129.0
991.0
629.5
934.0
935.5
913.0
464.5
298.0
893.5
761.5
574.0
394.0
766.0
1027.0
236.5
823.0
1085.5
1108.0
475.0
1048.0
847.0
968.5
1040.5
698.5
929.5
383.5
971.5
1147.0
845.5
982.0
1049.5
202.0
437.5
203.5
383.5
595.0
1100.5
1030.0
1186.0
133.0
1094.5
1031.5
215.5
479.5
488.5
437.5
781.0
1040.5
586.0
1111.0
1084.0
691.0
764.5
1268.5
962.5
655.0
1193.5
1123.0
709.0
1144.0
854.5
1258.0
535.0
893.5
769.0
457.0
346.0
698.5
274.0
1057.0
554.5
404.5
530.5
1180.0
542.5
617.5
922.0
973.0
1106.5
589.0
826.0
286.0
1181.5
929.5
877.0
532.0
670.0
602.5
505.0
1012.0
175.0
389.5
1186.0
854.5
544.0
329.5
305.5
661.0
596.5
484.0
1114.0
500.5
1058.5
682.0
323.5
112.0
610.0
131.5
886.0
323.5
718.0
1285.0
605.5
592.0
962.5
700.0
998.5
824.5
851.5
392.5
679.0
977.5
322.0
775.0
565.0
176.5
808.0
920.5
914.5
1163.5
998.5
1094.5
1136.5
478.0
674.5
929.5
526.0
791.5
754.0
176.5
472.0
409.0
1081.0
866.5
1241.5
902.5
245.5
1181.5
1052.5
554.5
854.5
761.5
596.5
197.5
904.0
949.0
862.0
1189.0
1057.0
1151.5
1055.5
239.5
623.5
683.5
850.0
404.5
646.0
443.5
865.0
289.0
85.0
473.5
832.0
121.0
596.5
824.5
457.0
1130.5
289.0
464.5
860.5
905.5
1033.0
263.5
539.5
847.0
668.5
754.0
599.5
1078.0
440.5
673.0
511.0
584.5
694.0
286.0
980.5
578.5
934.0
148.0
712.0
218.5
1186.0
233.5
1133.5
1280.5
671.5
1030.0
982.0
316.0
188.5
704.5
1078.0
1049.5
544.0
658.0
758.5
1045.0
368.5
871.0
1196.5
638.5
331.0
1222.0
347.5
505.0
635.5
532.0
1244.5
619.0
340.0
268.0
1195.0
134.5
845.5
1013.5
623.5
1102.0
874.0
1079.5
1012.0
485.5
403.0
1082.5
1015.0
361.0
1216.0
968.5
1114.0
991.0
1033.0
101.5
1067.5
845.5
1021.0
898.0
329.5
674.5
919.0
1006.0
232.0
350.5
791.5
788.5
377.5
148.0
1193.5
719.5
1115.5
983.5
427.0
620.5
736.0
1060.0
814.0
721.0
59.5
697.0
320.5
139.0
623.5
1055.5
968.5
494.5
956.5
1003.0
940.0
1174.0
464.5
506.5
82.0
1007.5
664.0
992.5
605.5
644.5
271.0
406.0
409.0
931.0
1090.0
764.5
472.0
838.0
742.0
751.0
1205.5
757.0
1009.0
1190.5
461.5
1109.5
865.0
1088.5
104.5
1084.0
950.5
265.0
566.5
1238.5
823.0
530.5
545.5
455.5
1001.5
455.5
1094.5
317.5
895.0
313.0
481.0
614.5
1163.5
490.0
1073.5
551.5
536.5
292.0
407.5
806.5
1046.5
1036.0
1093.0
358.0
106.0
185.5
1070.5
859.0
1186.0
901.0
