527.5
451.0
626.5
1009.0
50.5
547.0
326.5
535.0
220.0
401.5
310.0
281.5
985.0
797.5
445.0
250.0
55.0
604.0
901.0
290.5
806.5
368.5
655.0
338.5
863.5
350.5
272.5
533.5
257.5
299.5
353.5
434.5
370.0
539.5
143.5
785.5
722.5
599.5
403.0
380.5
689.5
425.5
155.5
187.0
166.0
263.5
221.5
847.0
1003.0
691.0
689.5
527.5
451.0
854.5
635.5
512.5
427.0
281.5
197.5
79.0
908.5
701.5
478.0
808.0
317.5
797.5
590.5
361.0
812.5
755.5
1055.5
662.5
137.5
253.0
941.5
1160.5
737.5
715.0
697.0
487.0
452.5
271.0
505.0
317.5
220.0
1078.0
836.5
778.0
127.0
250.0
907.0
1097.5
626.5
305.5
461.5
400.0
410.5
833.5
227.5
179.5
202.0
490.0
304.0
460.0
1096.0
440.5
1115.5
562.0
400.0
407.5
941.5
536.5
752.5
178.0
353.5
271.0
676.0
448.0
286.0
881.5
157.0
127.0
187.0
158.5
502.0
869.5
511.0
271.0
707.5
886.0
209.5
997.0
776.5
1009.0
136.0
443.5
532.0
850.0
512.5
737.5
187.0
220.0
704.5
518.5
196.0
692.5
830.5
1138.0
502.0
1033.0
508.0
239.5
556.0
310.0
820.0
655.0
337.0
142.0
464.5
569.5
223.0
130.0
350.5
640.0
26.5
280.0
395.5
436.0
352.0
188.5
253.0
913.0
823.0
173.5
889.0
286.0
1118.5
755.5
557.5
686.5
221.5
286.0
737.5
323.5
377.5
160.0
742.0
422.5
848.5
191.5
359.5
560.5
692.5
1051.0
1165.0
1072.0
710.5
469.0
745.0
833.5
643.0
284.5
677.5
151.0
454.0
352.0
736.0
1048.0
374.5
563.5
76.0
644.5
475.0
548.5
340.0
179.5
422.5
238.0
311.5
226.0
530.5
215.5
455.5
37.0
94.0
703.0
292.0
368.5
395.5
491.5
20.5
67.0
751.0
212.5
188.5
367.0
457.0
302.5
298.0
235.0
416.5
220.0
766.0
137.5
986.5
347.5
442.0
434.5
277.0
649.0
350.5
1070.5
334.0
88.0
611.5
1030.0
58.0
167.5
257.5
385.0
302.5
455.5
977.5
841.0
187.0
880.0
721.0
37.0
391.0
365.5
356.5
1036.0
613.0
175.0
404.5
743.5
166.0
914.5
605.5
482.5
992.5
725.5
499.0
260.5
662.5
130.0
283.0
367.0
410.5
332.5
596.5
386.5
478.0
307.0
1034.5
235.0
532.0
137.5
598.0
569.5
374.5
463.0
301.0
220.0
772.0
871.0
211.0
247.0
344.5
253.0
359.5
589.0
428.5
667.0
799.0
880.0
622.0
679.0
1075.0
338.5
359.5
536.5
536.5
1024.0
385.0
454.0
928.0
955.0
733.0
497.5
629.5
131.5
680.5
823.0
283.0
98.5
851.5
469.0
169.0
859.0
722.5
311.5
658.0
682.0
404.5
152.5
725.5
80.5
301.0
239.5
733.0
1168.0
817.0
746.5
131.5
280.0
359.5
176.5
997.0
932.5
91.0
77.5
704.5
833.5
314.5
503.5
98.5
635.5
523.0
631.0
614.5
287.5
788.5
353.5
508.0
43.0
184.0
683.5
221.5
323.5
151.0
59.5
365.5
571.0
296.5
982.0
614.5
358.0
1093.0
1064.5
220.0
632.5
832.0
595.0
175.0
307.0
719.5
1163.5
271.0
896.5
886.0
622.0
1049.5
398.5
529.0
401.5
821.5
868.0
869.5
283.0
760.0
116.5
202.0
460.0
653.5
302.5
574.0
184.0
697.0
862.0
289.0
338.5
1072.0
437.5
841.0
176.5
1013.5
515.5
520.0
176.5
323.5
386.5
214.0
58.0
674.5
613.0
92.5
550.0
157.0
116.5
932.5
235.0
266.5
199.0
665.5
574.0
196.0
706.0
482.5
955.0
728.5
290.5
353.5
749.5
683.5
913.0
397.0
560.5
106.0
401.5
433.0
1136.5
181.0
787.0
377.5
920.5
689.5
656.5
715.0
185.5
253.0
1147.0
109.0
290.5
1193.5
892.0
196.0
292.0
257.5
937.0
199.0
346.0
290.5
448.0
236.5
175.0
575.5
70.0
824.5
298.0
877.0
802.0
635.5
241.0
233.5
169.0
533.5
106.0
886.0
131.5
794.5
415.0
1024.0
236.5
161.5
454.0
326.5
320.5
205.0
752.5
158.5
356.5
466.0
320.5
413.5
610.0
44.5
748.0
845.5
331.0
430.0
640.0
208.0
416.5
502.0
1094.5
682.0
343.0
235.0
125.5
557.5
152.5
400.0
467.5
151.0
782.5
635.5
719.5
169.0
61.0
181.0
433.0
73.0
110.5
658.0
607.0
412.0
439.0
283.0
160.0
604.0
437.5
211.0
547.0
1145.5
1084.0
100.0
364.0
713.5
602.5
461.5
421.0
178.0
613.0
728.5
482.5
637.0
776.5
235.0
845.5
814.0
472.0
467.5
124.0
341.5
575.5
194.5
691.0
475.0
544.0
418.0
1015.0
256.0
616.0
325.0
139.0
244.0
764.5
343.0
818.5
262.0
499.0
883.0
365.5
527.5
550.0
1036.0
604.0
1042.0
164.5
356.5
812.5
580.0
103.0
551.5
425.5
524.5
566.5
839.5
638.5
1070.5
701.5
530.5
146.5
256.0
377.5
221.5
382.0
610.0
856.0
463.0
299.5
262.0
487.0
854.5
598.0
1025.5
554.5
253.0
754.0
280.0
814.0
74.5
482.5
479.5
638.5
1187.5
343.0
611.5
944.5
143.5
511.0
187.0
1019.5
253.0
149.5
184.0
748.0
104.5
667.0
301.0
292.0
1048.0
578.5
37.0
839.5
655.0
400.0
437.5
112.0
722.5
436.0
109.0
715.0
872.5
137.5
851.5
704.5
160.0
167.5
391.0
158.5
530.5
682.0
71.5
511.0
349.0
253.0
67.0
547.0
955.0
629.5
1028.5
290.5
292.0
536.5
482.5
149.5
274.0
952.0
712.0
968.5
1261.0
298.0
116.5
805.0
169.0
547.0
847.0
607.0
421.0
100.0
202.0
1051.0
916.0
146.5
187.0
878.5
1027.0
910.0
646.0
913.0
263.5
244.0
466.0
61.0
382.0
425.5
353.5
164.5
161.5
82.0
782.5
349.0
715.0
671.5
827.5
725.5
589.0
449.5
475.0
145.0
532.0
230.5
97.0
367.0
388.0
944.5
424.0
215.5
305.5
382.0
310.0
566.5
163.0
797.5
932.5
244.0
260.5
1034.5
613.0
365.5
529.0
815.5
157.0
286.0
404.5
496.0
1108.0
971.5
58.0
482.5
182.5
841.0
415.0
767.5
38.5
992.5
499.0
572.5
974.5
310.0
826.0
365.5
265.0
464.5
637.0
487.0
184.0
781.0
263.5
514.0
145.0
353.5
257.5
236.5
707.5
532.0
341.5
835.0
448.0
358.0
538.0
554.5
586.0
481.0
415.0
149.5
614.5
266.5
191.5
277.0
724.0
413.5
349.0
829.0
394.0
385.0
518.5
992.5
143.5
142.0
383.5
493.0
286.0
853.0
215.5
701.5
413.5
269.5
694.0
461.5
1061.5
590.5
490.0
59.5
527.5
815.5
719.5
541.0
829.0
523.0
592.0
541.0
847.0
518.5
286.0
359.5
638.5
197.5
812.5
266.5
562.0
614.5
65.5
34.0
962.5
535.0
320.5
116.5
307.0
773.5
992.5
317.5
329.5
877.0
596.5
496.0
358.0
709.0
1156.0
722.5
329.5
160.0
935.5
482.5
815.5
469.0
1121.5
1097.5
380.5
583.0
208.0
764.5
271.0
839.5
586.0
130.0
47.5
349.0
362.5
722.5
236.5
281.5
458.5
290.5
343.0
127.0
230.5
448.0
157.0
452.5
433.0
262.0
389.5
434.5
325.0
173.5
283.0
265.0
217.0
125.5
428.5
644.5
461.5
116.5
277.0
1049.5
257.5
548.5
1133.5
818.5
452.5
479.5
677.5
874.0
701.5
971.5
490.0
556.0
230.5
890.5
778.0
311.5
137.5
572.5
122.5
385.0
1031.5
382.0
160.0
631.0
155.5
377.5
769.0
271.0
524.5
838.0
347.5
694.0
937.0
862.0
811.0
493.0
269.5
599.5
200.5
451.0
632.5
772.0
685.0
92.5
673.0
770.5
1133.5
322.0
146.5
62.5
554.5
1010.5
224.5
488.5
289.0
404.5
379.0
1024.0
722.5
479.5
89.5
140.5
68.5
1171.0
298.0
733.0
205.0
1127.5
260.5
434.5
13.0
445.0
283.0
496.0
431.5
463.0
404.5
338.5
1201.0
625.0
73.0
346.0
304.0
479.5
1082.5
770.5
82.0
400.0
503.5
541.0
254.5
652.0
752.5
263.5
248.5
550.0
307.0
346.0
185.5
547.0
520.0
85.0
1025.5
287.5
154.0
361.0
217.0
677.5
265.0
245.5
266.5
119.5
616.0
56.5
770.5
67.0
977.5
145.0
518.5
707.5
1003.0
686.5
254.5
323.5
794.5
350.5
901.0
794.5
1094.5
241.0
347.5
86.5
671.5
329.5
632.5
251.5
304.0
580.0
682.0
673.0
794.5
589.0
250.0
931.0
541.0
313.0
389.5
661.0
674.5
487.0
1067.5
637.0
113.5
847.0
46.0
989.5
667.0
176.5
761.5
694.0
476.5
439.0
503.5
157.0
250.0
242.5
944.5
266.5
754.0
238.0
904.0
505.0
553.0
524.5
509.5
391.0
295.0
973.0
965.5
508.0
469.0
667.0
802.0
763.0
391.0
937.0
713.5
841.0
358.0
595.0
376.0
581.5
109.0
103.0
983.5
592.0
1166.5
593.5
670.0
133.0
329.5
992.5
722.5
449.5
635.5
416.5
688.0
1030.0
857.5
307.0
377.5
259.0
163.0
277.0
269.5
437.5
493.0
601.0
352.0
148.0
301.0
269.5
197.5
151.0
361.0
427.0
769.0
871.0
250.0
985.0
835.0
259.0
905.5
349.0
475.0
316.0
530.5
583.0
761.5
401.5
734.5
1016.5
488.5
608.5
707.5
623.5
133.0
182.5
617.5
743.5
263.5
104.5
604.0
737.5
392.5
607.0
694.0
400.0
113.5
602.5
416.5
1045.0
1103.5
992.5
220.0
764.5
950.5
160.0
340.0
160.0
467.5
662.5
23.5
326.5
260.5
392.5
475.0
223.0
680.5
260.5
386.5
760.0
254.5
596.5
562.0
428.5
838.0
575.5
352.0
781.0
23.5
1046.5
131.5
83.5
952.0
532.0
229.0
103.0
374.5
605.5
806.5
664.0
805.0
964.0
250.0
728.5
701.5
346.0
848.5
281.5
278.5
161.5
446.5
689.5
494.5
83.5
691.0
422.5
353.5
272.5
562.0
742.0
610.0
145.0
259.0
539.5
874.0
527.5
161.5
409.0
866.5
181.0
184.0
395.5
701.5
547.0
812.5
170.5
509.5
298.0
977.5
1000.0
475.0
187.0
154.0
425.5
616.0
887.5
634.0
481.0
166.0
926.5
353.5
710.5
1112.5
374.5
440.5
436.0
80.5
1108.0
835.0
728.5
943.0
820.0
1108.0
316.0
946.0
410.5
811.0
859.0
916.0
89.5
460.0
104.5
896.5
205.0
208.0
514.0
526.0
404.5
844.0
811.0
130.0
196.0
248.5
262.0
428.5
823.0
886.0
716.5
164.5
74.5
905.5
488.5
124.0
188.5
419.5
416.5
452.5
782.5
875.5
364.0
358.0
607.0
533.5
428.5
412.0
431.5
425.5
101.5
967.0
476.5
358.0
499.0
475.0
307.0
739.0
827.5
301.0
352.0
863.5
169.0
269.5
547.0
785.5
128.5
233.5
446.5
770.5
838.0
620.5
443.5
128.5
889.0
212.5
320.5
640.0
692.5
356.5
448.0
526.0
638.5
638.5
271.0
1148.5
847.0
373.0
131.5
959.5
361.0
929.5
346.0
748.0
272.5
917.5
403.0
736.0
266.5
200.5
143.5
142.0
604.0
50.5
626.5
454.0
628.0
985.0
278.5
634.0
290.5
322.0
298.0
599.5
139.0
745.0
898.0
397.0
358.0
727.0
182.5
1156.0
67.0
475.0
289.0
1037.5
772.0
788.5
847.0
464.5
190.0
1076.5
139.0
484.0
655.0
256.0
236.5
1049.5
214.0
532.0
613.0
820.0
1115.5
305.5
673.0
875.5
275.5
775.0
1064.5
898.0
565.0
707.5
826.0
244.0
280.0
244.0
451.0
325.0
208.0
362.5
880.0
463.0
245.5
685.0
812.5
178.0
461.5
26.5
295.0
784.0
145.0
269.5
755.5
640.0
122.5
125.5
521.5
475.0
1078.0
509.5
1034.5
146.5
235.0
1118.5
280.0
548.5
1189.0
224.5
496.0
352.0
80.5
1018.0
694.0
245.5
580.0
302.5
902.5
425.5
317.5
209.5
299.5
301.0
220.0
1073.5
1084.0
419.5
440.5
751.0
326.5
518.5
154.0
784.0
277.0
803.5
490.0
557.5
520.0
415.0
317.5
41.5
229.0
283.0
584.5
316.0
226.0
301.0
524.5
301.0
274.0
485.5
607.0
247.0
737.5
251.5
196.0
481.0
677.5
191.5
557.5
356.5
433.0
94.0
655.0
58.0
868.0
545.5
826.0
233.5
170.5
395.5
380.5
772.0
983.5
337.0
568.0
337.0
167.5
227.5
283.0
151.0
76.0
647.5
235.0
910.0
206.5
685.0
613.0
599.5
307.0
286.0
494.5
527.5
224.5
59.5
1124.5
508.0
833.5
611.5
673.0
359.5
371.5
856.0
626.5
845.5
163.0
794.5
406.0
4.0
1052.5
1001.5
1036.0
454.0
722.5
278.5
53.5
869.5
392.5
563.5
967.0
487.0
488.5
47.5
371.5
286.0
520.0
758.5
328.0
97.0
1085.5
200.5
409.0
185.5
674.5
553.0
941.5
154.0
223.0
257.5
788.5
107.5
79.0
853.0
391.0
730.0
883.0
521.5
278.5
691.0
526.0
809.5
580.0
197.5
505.0
395.5
677.5
215.5
350.5
965.5
160.0
832.0
155.5
179.5
689.5
80.5
995.5
406.0
617.5
907.0
368.5
629.5
185.5
550.0
55.0
830.5
977.5
427.0
550.0
379.0
328.0
745.0
511.0
455.5
839.5
119.5
424.0
142.0
253.0
857.5
155.5
224.5
293.5
805.0
904.0
631.0
319.0
1093.0
679.0
206.5
760.0
431.5
206.5
977.5
340.0
166.0
109.0
644.5
656.5
875.5
512.5
436.0
200.5
139.0
211.0
581.5
166.0
128.5
839.5
83.5
334.0
277.0
484.0
743.5
256.0
805.0
421.0
65.5
553.0
635.5
344.5
832.0
292.0
559.0
110.5
596.5
275.5
746.5
736.0
670.0
803.5
218.5
752.5
100.0
266.5
427.0
704.5
311.5
691.0
212.5
496.0
709.0
890.5
752.5
329.5
983.5
277.0
343.0
584.5
155.5
229.0
491.5
179.5
190.0
353.5
307.0
152.5
1090.0
493.0
212.5
389.5
307.0
304.0
491.5
692.5
496.0
518.5
217.0
859.0
221.5
427.0
341.5
200.5
542.5
250.0
551.5
163.0
707.5
233.5
1057.0
820.0
343.0
362.5
884.5
302.5
608.5
458.5
70.0
764.5
37.0
550.0
1033.0
209.5
344.5
1066.0
172.0
556.0
907.0
1081.0
512.5
182.5
695.5
265.0
518.5
443.5
443.5
373.0
289.0
241.0
259.0
497.5
929.5
733.0
431.5
932.5
287.5
737.5
938.5
220.0
793.0
752.5
304.0
404.5
302.5
803.5
185.5
431.5
347.5
337.0
190.0
898.0
613.0
656.5
496.0
598.0
175.0
685.0
197.5
185.5
443.5
761.5
407.5
295.0
1219.0
206.5
926.5
623.5
268.0
1003.0
403.0
451.0
599.5
362.5
509.5
295.0
485.5
518.5
472.0
199.0
526.0
400.0
992.5
236.5
437.5
257.5
581.5
121.0
898.0
1198.0
301.0
113.5
553.0
155.5
167.5
685.0
482.5
163.0
920.5
521.5
427.0
469.0
737.5
263.5
538.0
661.0
154.0
761.5
322.0
410.5
941.5
863.5
1033.0
911.5
397.0
743.5
727.0
283.0
1027.0
425.5
286.0
1069.0
862.0
208.0
82.0
649.0
526.0
398.5
595.0
941.5
1241.5
617.5
1105.0
179.5
484.0
608.5
1022.5
706.0
211.0
451.0
857.5
187.0
17.5
727.0
647.5
652.0
107.5
530.5
436.0
481.0
89.5
620.5
428.5
689.5
614.5
395.5
301.0
484.0
334.0
440.5
556.0
367.0
640.0
251.5
242.5
575.5
989.5
484.0
313.0
416.5
457.0
554.5
394.0
1120.0
583.0
334.0
188.5
557.5
164.5
752.5
772.0
259.0
179.5
893.5
826.0
242.5
380.5
670.0
169.0
418.0
349.0
1049.5
494.5
601.0
284.5
269.5
833.5
794.5
91.0
169.0
524.5
143.5
421.0
607.0
542.5
182.5
536.5
77.5
682.0
1211.5
185.5
190.0
403.0
575.5
560.5
649.0
608.5
725.5
257.5
220.0
178.0
853.0
167.5
494.5
608.5
1004.5
955.0
37.0
343.0
116.5
431.5
925.0
472.0
206.5
581.5
115.0
761.5
761.5
356.5
448.0
923.5
449.5
265.0
967.0
805.0
212.5
680.5
574.0
674.5
142.0
346.0
626.5
187.0
355.0
463.0
548.5
226.0
821.5
302.5
734.5
347.5
608.5
421.0
919.0
770.5
844.0
400.0
386.5
788.5
269.5
151.0
308.5
758.5
335.5
233.5
880.0
661.0
112.0
814.0
856.0
565.0
940.0
521.5
476.5
464.5
208.0
286.0
401.5
299.5
533.5
284.5
605.5
338.5
304.0
332.5
763.0
436.0
658.0
482.5
275.5
365.5
974.5
266.5
644.5
565.0
578.5
634.0
769.0
302.5
644.5
82.0
320.5
458.5
890.5
406.0
694.0
148.0
652.0
626.5
380.5
256.0
872.5
463.0
680.5
751.0
286.0
1106.5
592.0
299.5
634.0
89.5
281.5
1039.0
176.5
763.0
331.0
242.5
496.0
221.5
379.0
551.5
206.5
512.5
761.5
458.5
271.0
164.5
875.5
410.5
631.0
674.5
655.0
497.5
692.5
215.5
181.0
664.0
469.0
701.5
925.0
482.5
725.5
80.5
677.5
808.0
869.5
494.5
224.5
770.5
559.0
353.5
458.5
344.5
506.5
824.5
334.0
778.0
506.5
205.0
587.5
493.0
446.5
568.0
191.5
425.5
358.0
170.5
220.0
290.5
259.0
331.0
752.5
820.0
526.0
430.0
277.0
248.5
907.0
442.0
457.0
827.5
467.5
677.5
551.5
1010.5
751.0
682.0
233.5
169.0
974.5
617.5
470.5
736.0
650.5
694.0
209.5
626.5
248.5
311.5
320.5
202.0
71.5
314.5
88.0
155.5
157.0
529.0
167.5
259.0
223.0
346.0
952.0
574.0
245.5
968.5
967.0
220.0
227.5
394.0
829.0
389.5
224.5
841.0
485.5
248.5
799.0
887.5
1207.0
698.5
184.0
901.0
227.5
851.5
185.5
184.0
284.5
785.5
307.0
230.5
422.5
847.0
389.5
125.5
818.5
706.0
833.5
1012.0
100.0
212.5
166.0
493.0
262.0
862.0
202.0
236.5
586.0
751.0
247.0
1102.0
463.0
280.0
670.0
97.0
613.0
206.5
577.0
797.5
464.5
49.0
271.0
415.0
115.0
548.5
502.0
59.5
449.5
790.0
895.0
920.5
823.0
116.5
326.5
728.5
527.5
449.5
341.5
916.0
758.5
992.5
287.5
304.0
983.5
307.0
104.5
931.0
740.5
656.5
572.5
160.0
344.5
152.5
466.0
944.5
914.5
1039.0
379.0
601.0
748.0
311.5
437.5
637.0
305.5
485.5
122.5
326.5
239.5
479.5
179.5
746.5
620.5
266.5
373.0
269.5
797.5
475.0
260.5
134.5
641.5
676.0
787.0
823.0
412.0
833.5
233.5
212.5
1064.5
142.0
257.5
731.5
341.5
848.5
697.0
422.5
737.5
209.5
254.5
397.0
758.5
512.5
806.5
197.5
667.0
326.5
761.5
553.0
994.0
274.0
331.0
683.5
749.5
1007.5
328.0
1115.5
383.5
784.0
394.0
550.0
304.0
58.0
976.0
302.5
727.0
995.5
356.5
389.5
881.5
209.5
670.0
388.0
517.0
238.0
527.5
1052.5
772.0
472.0
331.0
125.5
394.0
770.5
130.0
745.0
947.5
305.5
422.5
503.5
1150.0
1120.0
763.0
194.5
317.5
1028.5
487.0
313.0
520.0
467.5
401.5
662.5
274.0
293.5
368.5
323.5
1168.0
215.5
455.5
431.5
41.5
131.5
835.0
775.0
491.5
863.5
898.0
352.0
757.0
734.5
503.5
133.0
1147.0
508.0
196.0
998.5
344.5
403.0
877.0
85.0
415.0
779.5
413.5
241.0
113.5
205.0
797.5
958.0
205.0
149.5
847.0
152.5
343.0
512.5
233.5
346.0
962.5
190.0
832.0
353.5
241.0
371.5
310.0
683.5
911.5
67.0
449.5
398.5
311.5
271.0
158.5
221.5
815.5
512.5
244.0
373.0
754.0
491.5
103.0
88.0
487.0
158.5
467.5
28.0
82.0
403.0
373.0
938.5
682.0
751.0
164.5
451.0
245.5
181.0
482.5
481.0
613.0
257.5
401.5
418.0
874.0
154.0
374.5
548.5
622.0
976.0
103.0
713.5
229.0
880.0
134.5
1102.0
518.5
202.0
160.0
946.0
274.0
35.5
953.5
454.0
326.5
538.0
355.0
767.5
178.0
661.0
634.0
683.5
74.5
251.5
629.5
409.0
1088.5
86.5
199.0
716.5
356.5
919.0
95.5
677.5
374.5
277.0
443.5
587.5
122.5
842.5
841.0
208.0
491.5
673.0
440.5
412.0
130.0
139.0
560.5
1060.0
577.0
721.0
242.5
214.0
73.0
802.0
77.5
482.5
412.0
188.5
337.0
331.0
1028.5
65.5
517.0
260.5
344.5
634.0
772.0
188.5
110.5
671.5
266.5
973.0
431.5
304.0
359.5
742.0
965.5
395.5
244.0
145.0
47.5
815.5
617.5
391.0
335.5
950.5
343.0
250.0
1039.0
790.0
715.0
356.5
769.0
433.0
724.0
416.5
463.0
887.5
398.5
194.5
421.0
482.5
572.5
944.5
215.5
232.0
953.5
445.0
68.5
250.0
640.0
122.5
253.0
413.5
295.0
118.0
191.5
1004.5
1231.0
778.0
353.5
647.5
154.0
536.5
221.5
629.5
248.5
187.0
346.0
274.0
839.5
385.0
728.5
83.5
520.0
512.5
217.0
1019.5
271.0
331.0
616.0
662.5
254.5
752.5
140.5
442.0
515.5
331.0
1105.0
553.0
383.5
890.5
76.0
427.0
443.5
410.5
494.5
163.0
821.5
773.5
911.5
586.0
341.5
338.5
604.0
641.5
700.0
251.5
557.5
199.0
775.0
187.0
304.0
122.5
628.0
952.0
172.0
433.0
221.5
617.5
164.5
110.5
151.0
188.5
289.0
587.5
571.0
542.5
125.5
926.5
346.0
1136.5
1061.5
604.0
1003.0
64.0
848.5
244.0
397.0
415.0
628.0
716.5
829.0
208.0
611.5
602.5
842.5
346.0
650.5
137.5
827.5
160.0
283.0
647.5
103.0
88.0
1153.0
674.5
377.5
272.5
859.0
265.0
395.5
1055.5
562.0
785.5
397.0
391.0
26.5
599.5
725.5
1018.0
800.5
911.5
349.0
538.0
1036.0
211.0
491.5
782.5
1112.5
98.5
215.5
826.0
488.5
403.0
133.0
217.0
742.0
616.0
983.5
508.0
250.0
1010.5
59.5
82.0
668.5
791.5
826.0
968.5
686.5
388.0
709.0
137.5
203.5
505.0
529.0
298.0
991.0
220.0
305.5
266.5
826.0
619.0
286.0
587.5
203.5
650.5
725.5
356.5
458.5
380.5
530.5
160.0
244.0
970.0
667.0
269.5
913.0
581.5
368.5
1027.0
514.0
611.5
470.5
554.5
584.5
632.5
278.5
341.5
179.5
425.5
800.5
704.5
356.5
266.5
401.5
349.0
631.0
467.5
599.5
571.0
616.0
329.5
520.0
223.0
557.5
83.5
529.0
235.0
448.0
722.5
601.0
433.0
317.5
101.5
805.0
793.0
1016.5
703.0
293.5
514.0
461.5
793.0
1105.0
838.0
494.5
530.5
358.0
290.5
509.5
338.5
773.5
479.5
964.0
977.5
404.5
791.5
559.0
656.5
863.5
160.0
859.0
236.5
391.0
67.0
346.0
722.5
364.0
958.0
68.5
13.0
881.5
757.0
895.0
626.5
682.0
391.0
796.0
683.5
592.0
124.0
602.5
454.0
259.0
367.0
632.5
182.5
205.0
121.0
287.5
1058.5
544.0
455.5
362.5
395.5
683.5
1118.5
884.5
689.5
808.0
896.5
742.0
620.5
299.5
814.0
295.0
310.0
626.5
728.5
560.5
121.0
721.0
524.5
181.0
490.0
911.5
301.0
557.5
793.0
211.0
562.0
145.0
287.5
340.0
875.5
1030.0
709.0
802.0
304.0
613.0
284.5
430.0
959.5
61.0
107.5
200.5
470.5
101.5
721.0
322.0
820.0
419.5
434.5
584.5
622.0
901.0
391.0
173.5
1025.5
421.0
404.5
86.5
659.5
1034.5
815.5
455.5
1021.0
178.0
554.5
937.0
257.5
563.5
850.0
241.0
50.5
1204.0
275.5
524.5
977.5
907.0
238.0
548.5
220.0
238.0
158.5
896.5
281.5
743.5
791.5
413.5
251.5
317.5
1039.0
148.0
283.0
974.5
565.0
623.5
197.5
914.5
871.0
614.5
818.5
704.5
380.5
200.5
304.0
239.5
251.5
520.0
293.5
355.0
533.5
940.0
190.0
818.5
722.5
563.5
773.5
71.5
566.5
545.5
128.5
469.0
368.5
533.5
539.5
224.5
967.0
292.0
805.0
944.5
280.0
29.5
364.0
502.0
766.0
644.5
181.0
238.0
241.0
218.5
284.5
211.0
593.5
310.0
499.0
949.0
442.0
773.5
997.0
431.5
409.0
917.5
367.0
418.0
578.5
289.0
403.0
661.0
76.0
850.0
784.0
391.0
455.5
1042.0
257.5
1229.5
1048.0
442.0
230.5
736.0
775.0
502.0
1052.5
202.0
502.0
629.5
428.5
362.5
358.0
281.5
200.5
694.0
1043.5
563.5
1024.0
563.5
446.5
268.0
451.0
940.0
170.5
532.0
920.5
293.5
241.0
254.5
349.0
170.5
1171.0
248.5
485.5
245.5
520.0
860.5
416.5
637.0
791.5
194.5
331.0
542.5
440.5
25.0
412.0
472.0
1022.5
85.0
866.5
448.0
341.5
571.0
407.5
865.0
266.5
899.5
1120.0
560.5
128.5
958.0
562.0
808.0
1001.5
671.5
250.0
364.0
937.0
704.5
172.0
233.5
1153.0
1045.0
281.5
277.0
562.0
1006.0
811.0
742.0
760.0
125.5
593.5
482.5
215.5
242.5
197.5
433.0
533.5
871.0
70.0
251.5
470.5
230.5
872.5
1193.5
1054.0
776.5
346.0
173.5
206.5
388.0
754.0
544.0
614.5
146.5
343.0
301.0
124.0
622.0
532.0
394.0
799.0
911.5
241.0
203.5
422.5
725.5
283.0
77.5
136.0
848.5
317.5
608.5
419.5
679.0
622.0
217.0
397.0
857.5
1082.5
553.0
172.0
743.5
389.5
584.5
260.5
1069.0
188.5
986.5
341.5
1019.5
886.0
284.5
389.5
268.0
778.0
569.5
85.0
325.0
515.5
379.0
713.5
256.0
784.0
977.5
664.0
638.5
232.0
151.0
1037.5
529.0
250.0
767.5
560.5
614.5
92.5
1115.5
166.0
646.0
743.5
143.5
902.5
199.0
299.5
235.0
598.0
401.5
881.5
862.0
565.0
430.0
515.5
244.0
487.0
659.5
521.5
293.5
512.5
392.5
722.5
824.5
278.5
211.0
304.0
416.5
286.0
304.0
635.5
1087.0
1060.0
1142.5
476.5
559.0
364.0
376.0
337.0
95.5
445.0
235.0
214.0
146.5
352.0
1195.0
224.5
368.5
961.0
590.5
394.0
194.5
361.0
388.0
35.5
673.0
271.0
239.5
217.0
578.5
116.5
788.5
739.0
596.5
907.0
223.0
529.0
1108.0
377.5
976.0
367.0
509.5
115.0
458.5
19.0
383.5
931.0
619.0
224.5
170.5
869.5
320.5
434.5
127.0
343.0
196.0
301.0
391.0
296.5
770.5
196.0
421.0
298.0
196.0
1102.0
391.0
925.0
221.5
298.0
619.0
454.0
229.0
229.0
460.0
67.0
595.0
919.0
1081.0
182.5
317.5
424.0
670.0
236.5
424.0
895.0
692.5
629.5
871.0
719.5
889.0
703.0
463.0
121.0
874.0
296.5
341.5
530.5
628.0
697.0
287.5
244.0
391.0
403.0
350.5
244.0
56.5
406.0
136.0
299.5
890.5
371.5
355.0
358.0
938.5
295.0
977.5
383.5
320.5
149.5
265.0
823.0
253.0
662.5
230.5
331.0
1028.5
371.5
314.5
134.5
125.5
607.0
431.5
518.5
629.5
905.5
475.0
394.0
232.0
334.0
190.0
350.5
326.5
277.0
484.0
950.5
773.5
314.5
86.5
1225.0
338.5
251.5
577.0
452.5
187.0
497.5
610.0
260.5
916.0
868.0
218.5
247.0
194.5
463.0
1178.5
743.5
209.5
211.0
320.5
338.5
1133.5
133.0
737.5
359.5
838.0
1027.0
457.0
241.0
560.5
944.5
566.5
136.0
790.0
158.5
175.0
508.0
862.0
190.0
626.5
1030.0
358.0
908.5
749.5
560.5
107.5
326.5
161.5
181.0
73.0
383.5
623.5
655.0
997.0
371.5
482.5
599.5
677.5
1147.0
1183.0
524.5
583.0
461.5
701.5
569.5
307.0
400.0
109.0
863.5
364.0
38.5
316.0
289.0
1036.0
142.0
158.5
808.0
103.0
1120.0
452.5
473.5
248.5
451.0
221.5
610.0
1058.5
163.0
560.5
200.5
103.0
334.0
934.0
530.5
859.0
671.5
190.0
802.0
74.5
310.0
1052.5
281.5
914.5
823.0
512.5
539.5
212.5
166.0
464.5
433.0
556.0
107.5
983.5
274.0
335.5
820.0
167.5
524.5
490.0
232.0
241.0
589.0
665.5
163.0
1117.0
886.0
487.0
706.0
986.5
176.5
416.5
482.5
553.0
190.0
697.0
133.0
754.0
164.5
677.5
559.0
877.0
472.0
728.5
380.5
202.0
548.5
1216.0
113.5
823.0
406.0
298.0
1090.0
371.5
932.5
812.5
292.0
503.5
188.5
1015.0
325.0
130.0
619.0
631.0
400.0
1180.0
283.0
518.5
253.0
821.5
451.0
1081.0
1004.5
139.0
229.0
704.5
592.0
937.0
265.0
607.0
331.0
349.0
634.0
280.0
896.5
293.5
511.0
329.5
1177.0
763.0
341.5
662.5
889.0
493.0
572.5
355.0
593.5
1019.5
854.5
701.5
235.0
373.0
880.0
167.5
1025.5
467.5
533.5
200.5
931.0
910.0
478.0
983.5
341.5
739.0
199.0
35.5
143.5
965.5
494.5
614.5
436.0
821.5
241.0
544.0
661.0
178.0
424.0
263.5
893.5
163.0
346.0
454.0
490.0
538.0
536.5
326.5
368.5
164.5
371.5
566.5
221.5
712.0
868.0
301.0
640.0
241.0
323.5
919.0
166.0
290.5
629.5
223.0
418.0
607.0
410.5
839.5
911.5
499.0
71.5
763.0
566.5
394.0
917.5
526.0
716.5
323.5
175.0
338.5
400.0
164.5
599.5
734.5
275.5
260.5
251.5
175.0
563.5
223.0
83.5
1058.5
356.5
356.5
994.0
548.5
256.0
475.0
733.0
503.5
98.5
1036.0
478.0
322.0
784.0
1049.5
757.0
800.5
838.0
877.0
193.0
1004.5
37.0
146.5
1073.5
98.5
83.5
439.0
611.5
470.5
184.0
547.0
1133.5
137.5
221.5
497.5
674.5
328.0
166.0
1021.0
578.5
233.5
505.0
533.5
815.5
355.0
406.0
770.5
461.5
25.0
731.5
421.0
104.5
265.0
707.5
953.5
32.5
625.0
158.5
242.5
793.0
398.5
290.5
304.0
718.0
568.0
403.0
257.5
1238.5
260.5
308.5
578.5
620.5
469.0
112.0
775.0
431.5
550.0
152.5
892.0
763.0
902.5
292.0
886.0
439.0
746.5
578.5
278.5
41.5
49.0
328.0
784.0
301.0
919.0
628.0
605.5
118.0
167.5
173.5
58.0
143.5
619.0
125.5
278.5
530.5
206.5
335.5
835.0
694.0
380.5
467.5
1007.5
1009.0
281.5
301.0
694.0
613.0
793.0
307.0
265.0
895.0
865.0
269.5
473.5
445.0
862.0
913.0
212.5
227.5
319.0
640.0
1172.5
1082.5
361.0
346.0
328.0
866.5
232.0
391.0
416.5
440.5
367.0
538.0
313.0
1064.5
646.0
655.0
229.0
458.5
916.0
238.0
797.5
665.5
680.5
721.0
928.0
640.0
302.5
935.5
674.5
397.0
448.0
836.5
76.0
194.5
452.5
371.5
257.5
1145.5
95.5
581.5
649.0
499.0
337.0
223.0
1246.0
641.5
352.0
226.0
613.0
332.5
361.0
145.0
668.5
239.5
914.5
194.5
475.0
386.5
304.0
130.0
416.5
67.0
575.5
632.5
343.0
347.5
716.5
419.5
716.5
829.0
442.0
196.0
382.0
338.5
92.5
449.5
380.5
394.0
1012.0
731.5
362.5
142.0
497.5
50.5
95.5
88.0
356.5
344.5
284.5
122.5
557.5
580.0
739.0
685.0
197.5
799.0
182.5
631.0
562.0
280.0
830.5
382.0
343.0
98.5
797.5
98.5
1168.0
1253.5
445.0
619.0
145.0
700.0
944.5
278.5
346.0
607.0
119.5
268.0
341.5
206.5
437.5
704.5
817.0
415.0
217.0
1252.0
778.0
302.5
734.5
242.5
277.0
118.0
325.0
473.5
137.5
748.0
680.5
560.5
967.0
358.0
371.5
431.5
575.5
511.0
340.0
205.0
374.5
760.0
278.5
491.5
370.0
289.0
809.5
419.5
190.0
206.5
290.5
109.0
635.5
1096.0
232.0
827.5
409.0
1121.5
29.5
457.0
344.5
326.5
824.5
208.0
367.0
449.5
368.5
268.0
250.0
1079.5
493.0
316.0
794.5
875.5
832.0
77.5
187.0
1072.0
659.5
121.0
395.5
433.0
208.0
968.5
787.0
244.0
451.0
1174.0
409.0
700.0
238.0
212.5
1199.5
388.0
172.0
863.5
686.5
20.5
313.0
997.0
883.0
598.0
752.5
359.5
1030.0
923.5
520.0
902.5
838.0
43.0
481.0
593.5
551.5
178.0
395.5
986.5
316.0
824.5
733.0
146.5
955.0
793.0
172.0
719.5
530.5
178.0
419.5
305.5
931.0
473.5
127.0
658.0
320.5
121.0
607.0
355.0
254.5
677.5
926.5
200.5
1234.0
677.5
737.5
529.0
278.5
382.0
853.0
451.0
185.5
233.5
616.0
706.0
200.5
883.0
1058.5
743.5
643.0
625.0
793.0
194.5
119.5
307.0
499.0
616.0
613.0
706.0
206.5
158.5
763.0
455.5
461.5
94.0
124.0
247.0
155.5
725.5
611.5
391.0
269.5
992.5
86.5
436.0
608.5
517.0
614.5
421.0
161.5
745.0
829.0
563.5
680.5
455.5
401.5
610.0
857.5
1159.0
331.0
530.5
796.0
293.5
1177.0
790.0
613.0
764.5
907.0
575.5
343.0
745.0
217.0
623.5
874.0
986.5
926.5
829.0
295.0
565.0
587.5
394.0
307.0
959.5
232.0
1094.5
194.5
694.0
311.5
172.0
362.5
460.0
128.5
226.0
590.5
46.0
167.5
142.0
295.0
343.0
236.5
208.0
1069.0
1100.5
139.0
463.0
260.5
1016.5
77.5
995.5
67.0
884.5
959.5
985.0
620.5
401.5
290.5
301.0
745.0
224.5
460.0
604.0
290.5
916.0
1190.5
191.5
536.5
382.0
833.5
257.5
536.5
683.5
794.5
370.0
758.5
767.5
233.5
460.0
83.5
31.0
731.5
230.5
1124.5
511.0
278.5
512.5
901.0
308.5
296.5
566.5
164.5
374.5
1021.0
913.0
835.0
209.5
163.0
205.0
385.0
658.0
248.5
709.0
304.0
295.0
220.0
538.0
362.5
985.0
373.0
577.0
233.5
316.0
82.0
625.0
227.5
730.0
169.0
266.5
610.0
983.5
379.0
605.5
344.5
716.5
574.0
692.5
931.0
533.5
736.0
905.5
362.5
1015.0
217.0
464.5
253.0
428.5
1051.0
346.0
1015.0
964.0
563.5
434.5
812.5
469.0
173.5
571.0
595.0
1013.5
476.5
914.5
907.0
517.0
622.0
292.0
1103.5
217.0
997.0
440.5
637.0
730.0
613.0
1031.5
908.5
265.0
341.5
250.0
473.5
598.0
548.5
412.0
353.5
119.5
785.5
1018.0
841.0
982.0
748.0
461.5
328.0
293.5
355.0
863.5
341.5
82.0
73.0
718.0
808.0
1076.5
277.0
43.0
277.0
265.0
385.0
455.5
1151.5
470.5
179.5
676.0
361.0
415.0
589.0
902.5
680.5
644.5
58.0
431.5
511.0
994.0
896.5
740.5
340.0
527.5
655.0
253.0
178.0
220.0
706.0
74.5
389.5
752.5
542.5
77.5
826.0
709.0
751.0
238.0
563.5
395.5
1244.5
382.0
1051.0
535.0
299.5
223.0
464.5
488.5
574.0
310.0
694.0
397.0
382.0
859.0
1184.5
421.0
980.5
556.0
232.0
247.0
757.0
125.5
548.5
700.0
952.0
1093.0
716.5
448.0
842.5
424.0
256.0
427.0
364.0
346.0
863.5
775.0
397.0
685.0
335.5
484.0
899.5
989.5
250.0
920.5
400.0
515.5
923.5
995.5
856.0
515.5
901.0
269.5
172.0
826.0
68.5
109.0
437.5
958.0
164.5
457.0
496.0
634.0
500.5
181.0
784.0
628.0
731.5
856.0
1090.0
304.0
407.5
835.0
247.0
466.0
289.0
167.5
727.0
382.0
962.5
1156.0
164.5
218.5
260.5
353.5
853.0
901.0
989.5
647.5
200.5
284.5
170.5
595.0
563.5
271.0
452.5
646.0
542.5
295.0
424.0
661.0
352.0
265.0
749.5
749.5
200.5
218.5
1049.5
217.0
71.5
581.5
914.5
254.5
1093.0
596.5
250.0
304.0
335.5
623.5
332.5
202.0
958.0
547.0
332.5
580.0
65.5
832.0
52.0
523.0
469.0
467.5
232.0
1052.5
313.0
107.5
397.0
575.5
334.0
31.0
976.0
862.0
836.5
269.5
487.0
499.0
95.5
607.0
478.0
851.5
268.0
697.0
65.5
1022.5
290.5
841.0
853.0
370.0
590.5
340.0
491.5
326.5
178.0
881.5
182.5
778.0
332.5
352.0
143.5
470.5
569.5
145.0
533.5
151.0
427.0
488.5
388.0
401.5
254.5
422.5
530.5
577.0
412.0
316.0
571.0
452.5
268.0
220.0
506.5
815.5
502.0
226.0
536.5
136.0
244.0
332.5
440.5
425.5
244.0
842.5
478.0
241.0
92.5
823.0
400.0
515.5
449.5
992.5
269.5
86.5
289.0
413.5
353.5
488.5
370.0
197.5
1226.5
727.0
176.5
268.0
109.0
524.5
586.0
365.5
226.0
161.5
788.5
562.0
670.0
415.0
262.0
988.0
388.0
365.5
433.0
148.0
404.5
419.5
560.5
889.0
508.0
271.0
118.0
1229.5
410.5
740.5
541.0
212.5
940.0
575.5
370.0
205.0
521.5
715.0
841.0
664.0
46.0
362.5
433.0
191.5
301.0
164.5
62.5
307.0
968.5
868.0
215.5
580.0
208.0
656.5
79.0
977.5
944.5
469.0
502.0
586.0
746.5
415.0
244.0
371.5
79.0
1070.5
305.5
149.5
428.5
179.5
460.0
1067.5
302.5
233.5
395.5
218.5
941.5
802.0
163.0
406.0
710.5
449.5
718.0
505.0
191.5
527.5
706.0
1003.0
415.0
769.0
809.5
269.5
82.0
562.0
401.5
622.0
829.0
223.0
754.0
185.5
59.5
457.0
409.0
320.5
358.0
472.0
551.5
184.0
499.0
458.5
230.5
157.0
235.0
647.5
752.5
641.5
461.5
280.0
47.5
299.5
554.5
431.5
490.0
26.5
674.5
260.5
385.0
560.5
26.5
328.0
895.0
1235.5
133.0
278.5
175.0
337.0
268.0
658.0
128.5
200.5
244.0
926.5
341.5
1036.0
356.5
203.5
1001.5
160.0
679.0
145.0
137.5
361.0
95.5
311.5
607.0
535.0
329.5
835.0
572.5
391.0
901.0
835.0
1106.5
787.0
638.5
308.5
790.0
161.5
1028.5
292.0
272.5
1031.5
941.5
403.0
73.0
482.5
905.5
466.0
662.5
410.5
392.5
271.0
163.0
523.0
694.0
667.0
761.5
431.5
1009.0
142.0
245.5
434.5
634.0
206.5
443.5
790.0
163.0
653.5
859.0
341.5
811.0
583.0
533.5
115.0
680.5
106.0
215.5
560.5
223.0
628.0
506.5
736.0
238.0
313.0
80.5
572.5
488.5
650.5
206.5
991.0
67.0
218.5
235.0
1070.5
961.0
394.0
313.0
247.0
994.0
1109.5
415.0
538.0
695.5
692.5
434.5
307.0
559.0
974.5
448.0
436.0
433.0
136.0
341.5
1049.5
71.5
200.5
653.5
445.0
452.5
356.5
656.5
67.0
305.5
293.5
146.5
827.5
581.5
451.0
799.0
832.0
844.0
323.5
463.0
524.5
479.5
211.0
232.0
650.5
889.0
634.0
556.0
566.5
578.5
301.0
419.5
1010.5
1066.0
700.0
388.0
902.5
815.5
865.0
416.5
271.0
404.5
425.5
571.0
892.0
280.0
310.0
436.0
266.5
266.5
1028.5
850.0
343.0
182.5
97.0
341.5
539.5
188.5
571.0
673.0
277.0
275.5
331.0
191.5
487.0
973.0
269.5
893.5
305.5
443.5
337.0
482.5
346.0
992.5
356.5
887.5
962.5
278.5
130.0
1120.0
1153.0
725.5
266.5
317.5
985.0
409.0
514.0
568.0
370.0
142.0
475.0
154.0
704.5
448.0
737.5
161.5
272.5
1087.0
650.5
311.5
352.0
196.0
368.5
455.5
133.0
338.5
577.0
440.5
317.5
566.5
181.0
808.0
251.5
499.0
439.0
460.0
371.5
445.0
845.5
200.5
1001.5
607.0
436.0
442.0
784.0
506.5
551.5
847.0
992.5
202.0
337.0
365.5
181.0
259.0
676.0
484.0
838.0
307.0
115.0
353.5
356.5
793.0
925.0
1055.5
641.5
184.0
376.0
892.0
451.0
85.0
509.5
1037.5
532.0
886.0
152.5
314.5
110.5
317.5
248.5
565.0
242.5
430.0
317.5
245.5
658.0
940.0
437.5
1138.0
541.0
260.5
802.0
443.5
865.0
914.5
928.0
305.5
998.5
239.5
161.5
313.0
760.0
151.0
541.0
292.0
877.0
916.0
494.5
491.5
910.0
397.0
907.0
250.0
506.5
86.5
745.0
262.0
655.0
755.5
757.0
470.5
872.5
740.5
913.0
784.0
892.0
290.5
55.0
670.0
695.5
319.0
668.5
202.0
160.0
254.5
487.0
755.5
175.0
404.5
1022.5
905.5
224.5
377.5
316.0
298.0
724.0
550.0
236.5
911.5
857.5
485.5
185.5
256.0
821.5
211.0
1165.0
1171.0
397.0
208.0
1223.5
650.5
640.0
278.5
659.5
232.0
317.5
125.5
1223.5
283.0
380.5
674.5
301.0
1012.0
893.5
398.5
