1147.0
1195.0
1330.0
1393.0
1112.5
815.5
1199.5
1208.5
1321.0
1217.5
1346.5
1202.5
350.5
1121.5
1310.5
1024.0
1231.0
715.0
1181.5
1046.5
1091.5
1007.5
1361.5
991.0
1178.5
1211.5
1292.5
1256.5
1144.0
1363.0
658.0
1141.0
1190.5
1324.0
1112.5
1241.5
1286.5
1232.5
1265.5
1145.5
944.5
1196.5
922.0
1258.0
1168.0
1301.5
1250.5
1103.5
922.0
1118.5
871.0
1385.5
1261.0
1304.5
1148.5
1160.5
1313.5
860.5
419.5
1376.5
1222.0
1352.5
892.0
1219.0
961.0
1163.5
1265.5
1243.0
1337.5
1208.5
1312.0
1192.0
1276.0
1240.0
1321.0
1273.0
1355.5
1310.5
1285.0
1264.0
1063.0
1225.0
1216.0
1084.0
1028.5
1198.0
1228.0
1130.5
1285.0
1190.5
1153.0
1204.0
1261.0
1313.5
1319.5
1168.0
1204.0
1322.5
1262.5
1243.0
1309.0
1267.0
1309.0
1027.0
1162.0
1091.5
1231.0
1297.0
1093.0
1151.5
1189.0
1030.0
1171.0
1300.0
1253.5
1349.5
1166.5
1394.5
1007.5
1264.0
1259.5
1300.0
1240.0
1273.0
1264.0
1337.5
1253.5
1256.5
1030.0
1351.0
1258.0
1199.5
1202.5
814.0
1373.5
1310.5
1148.5
1232.5
1193.5
1198.0
1291.0
1238.5
1226.5
830.5
1345.0
1319.5
1048.0
1256.5
1303.0
1300.0
1255.0
1138.0
1355.5
1354.0
1342.0
1181.5
1292.5
545.5
1283.5
1295.5
1321.0
1249.0
1360.0
1040.5
1028.5
1231.0
1244.5
839.5
784.0
1000.0
1349.5
1229.5
1180.0
908.5
1205.5
1115.5
1084.0
1249.0
892.0
1022.5
1267.0
1165.0
1259.5
1115.5
1349.5
1085.5
1217.5
1231.0
1250.5
1100.5
1133.5
1211.5
1261.0
1154.5
1250.5
1315.0
1114.0
1264.0
881.5
1174.0
1198.0
1255.0
1211.5
1034.5
1304.5
1201.0
1205.5
1330.0
1207.0
1249.0
1022.5
1096.0
1231.0
773.5
1159.0
1363.0
1255.0
1250.5
1255.0
1291.0
1114.0
1229.5
1039.0
1325.5
1202.5
1136.5
1153.0
725.5
1175.5
1222.0
1255.0
1133.5
1352.5
1339.0
1190.5
1238.5
851.5
1162.0
1120.0
932.5
1087.0
1346.5
1043.5
1291.0
1229.5
1297.0
1301.5
1327.0
1226.5
1249.0
1267.0
1214.5
980.5
1237.0
1166.5
1015.0
1244.5
1319.5
1396.0
1000.0
1127.5
1358.5
1351.0
1280.5
1150.0
1072.0
1304.5
1237.0
1214.5
1385.5
1076.5
1216.0
1238.5
1348.0
1076.5
1429.0
1288.0
910.0
1055.5
947.5
1186.0
1108.0
1219.0
1378.0
1333.0
1045.0
1156.0
1256.5
1171.0
1313.5
1342.0
1270.0
1300.0
1282.0
1184.5
1300.0
1091.5
685.0
1313.5
1093.0
1258.0
917.5
1082.5
1118.5
1054.0
1273.0
1189.0
526.0
1166.5
1189.0
1355.5
1321.0
1253.5
1312.0
1244.5
1150.0
1063.0
1253.5
913.0
1145.5
1211.5
1184.5
1186.0
1279.0
1210.0
1147.0
1111.0
685.0
1247.5
955.0
947.5
1342.0
808.0
1214.5
1258.0
1004.5
910.0
1220.5
1201.0
1238.5
1205.5
1228.0
986.5
1265.5
1295.5
1250.5
1067.5
1163.5
1124.5
1180.0
1298.5
1291.0
1235.5
1288.0
1025.5
1240.0
1277.5
1310.5
1207.0
1079.5
1259.5
1136.5
1195.0
1231.0
910.0
1160.5
1208.5
1234.0
1231.0
1231.0
719.5
1165.0
1192.0
1082.5
823.0
1240.0
1346.5
1085.5
1381.0
1112.5
1256.5
1084.0
1246.0
1330.0
1333.0
1334.5
1195.0
1220.5
1348.0
1346.5
893.5
1223.5
1175.5
1178.5
1208.5
1274.5
1171.0
1237.0
1204.0
1072.0
1270.0
1282.0
631.0
1142.5
1072.0
1237.0
1072.0
1279.0
1378.0
1319.5
1262.5
439.0
1129.0
1132.0
1312.0
1184.5
919.0
1195.0
1169.5
763.0
1354.0
1198.0
1205.5
1175.5
1337.5
893.5
1300.0
1039.0
1282.0
1315.0
842.5
1250.5
1340.5
1177.0
1174.0
1319.5
1352.5
1325.5
1309.0
1244.5
1337.5
1132.0
1235.5
1232.5
1033.0
1223.5
1222.0
1244.5
871.0
1366.0
1276.0
1304.5
1378.0
1268.5
935.5
1172.5
1223.5
1094.5
1207.0
1291.0
1295.5
994.0
1049.5
1136.5
1367.5
1390.0
1219.0
1126.0
1030.0
1312.0
1220.5
1304.5
1190.5
1025.5
1217.5
1249.0
1264.0
1174.0
1222.0
1174.0
1280.5
1138.0
1228.0
1291.0
1150.0
1054.0
1297.0
1130.5
1303.0
1310.5
1216.0
1315.0
1306.0
1225.0
1190.5
1334.5
1280.5
1325.5
1364.5
1117.0
1198.0
1001.5
1249.0
1202.5
1238.5
1199.5
1243.0
1271.5
920.5
1337.5
1246.0
1283.5
1022.5
1313.5
995.5
958.0
1310.5
1399.0
1309.0
1378.0
724.0
1294.0
1069.0
1114.0
1249.0
1177.0
1186.0
1259.5
1315.0
1246.0
1093.0
914.5
1340.5
1069.0
1306.0
1070.5
1267.0
1267.0
1214.5
1066.0
1135.0
1273.0
1229.5
1259.5
1043.5
1154.5
1310.5
1295.5
1372.0
1108.0
1277.5
1117.0
1283.5
1204.0
1240.0
1180.0
1264.0
1166.5
1258.0
1330.0
874.0
1115.5
878.5
980.5
1214.5
1307.5
1061.5
1328.5
1292.5
1175.5
1279.0
1225.0
1006.0
1187.5
1340.5
986.5
1219.0
1355.5
1267.0
1099.0
1342.0
1264.0
1184.5
1115.5
1315.0
1205.5
1028.5
1246.0
1216.0
1243.0
1178.5
1277.5
1289.5
911.5
1171.0
857.5
475.0
1168.0
1244.5
1156.0
1166.5
1349.5
1084.0
1175.5
1220.5
106.0
1331.5
1114.0
1304.5
1147.0
1229.5
1166.5
1279.0
1237.0
1342.0
1234.0
1255.0
1177.0
701.5
1396.0
1204.0
1187.5
1058.5
1253.5
1321.0
1301.5
1274.5
1321.0
1294.0
1175.5
1187.5
1294.0
1361.5
1283.5
1142.5
1189.0
1255.0
1208.5
1355.5
1339.0
1102.0
1274.5
1336.0
1204.0
1129.0
1091.5
1324.0
1142.5
1115.5
1093.0
1298.5
1211.5
1087.0
1309.0
1106.5
1246.0
1150.0
958.0
1291.0
1154.5
496.0
1178.5
1111.0
1060.0
1300.0
1240.0
1091.5
1336.0
1133.5
1012.0
733.0
1192.0
1255.0
665.5
1279.0
1205.5
1204.0
841.0
1309.0
662.5
1108.0
1271.5
964.0
1040.5
1084.0
1264.0
910.0
1028.5
1187.5
1159.0
1214.5
1336.0
1181.5
1333.0
1216.0
1010.5
1328.5
863.5
1150.0
1094.5
1310.5
1369.0
1262.5
1232.5
1186.0
1226.5
1279.0
1111.0
1177.0
1222.0
1172.5
1141.0
1004.5
1220.5
1268.5
1127.5
1396.0
667.0
1237.0
1022.5
1135.0
1357.0
1348.0
1246.0
1025.5
1292.5
1270.0
856.0
1105.0
1225.0
1312.0
1076.5
1309.0
1247.5
640.0
1237.0
1216.0
1339.0
1313.5
1234.0
1205.5
1184.5
1169.5
613.0
1117.0
1214.5
1144.0
1052.5
1069.0
820.0
1336.0
1409.5
1220.5
1096.0
1241.5
1165.0
1204.0
1132.0
1288.0
1111.0
1220.5
1270.0
1219.0
1175.5
1243.0
1148.5
857.5
1343.5
1241.5
1153.0
1306.0
1285.0
1358.5
1232.5
977.5
1318.0
1198.0
704.5
1340.5
1211.5
1274.5
1301.5
1229.5
1292.5
1286.5
962.5
1181.5
1102.0
1328.5
1330.0
1280.5
1166.5
1186.0
1180.0
1312.0
1277.5
1348.0
1135.0
1034.5
1322.5
1159.0
1324.0
1340.5
1340.5
1013.5
1247.5
1231.0
1168.0
1058.5
1144.0
1256.5
736.0
1237.0
1258.0
1031.5
1243.0
1285.0
988.0
1318.0
1232.5
1262.5
1220.5
1301.5
1220.5
1073.5
892.0
1351.0
1087.0
968.5
901.0
1348.0
1316.5
1264.0
1268.5
1237.0
1091.5
1088.5
1336.0
1249.0
1172.5
1301.5
1120.0
1202.5
1310.5
1397.5
1295.5
1264.0
1226.5
1006.0
1295.5
697.0
1318.0
1064.5
1258.0
1222.0
997.0
1249.0
1258.0
1295.5
962.5
1208.5
1294.0
1291.0
1226.5
1321.0
1321.0
1246.0
1127.5
1159.0
1370.5
1094.5
1055.5
1280.5
1162.0
1385.5
1280.5
1109.5
1280.5
1181.5
1270.0
1309.0
1156.0
1114.0
1229.5
1237.0
1207.0
956.5
1106.5
1057.0
1210.0
1036.0
1211.5
1255.0
1360.0
1357.0
1312.0
1262.5
1327.0
1417.0
1274.5
1174.0
1171.0
1366.0
1219.0
661.0
1412.5
1250.5
1210.0
1297.0
1253.5
778.0
1081.0
1156.0
1112.5
1217.5
1145.5
1402.0
1223.5
1160.5
1211.5
1148.5
1330.0
1202.5
1240.0
1250.5
1250.5
1222.0
853.0
1273.0
1082.5
1190.5
1003.0
1357.0
1124.5
1060.0
1258.0
1366.0
1352.5
1130.5
1243.0
970.0
1294.0
1223.5
1397.5
1270.0
1220.5
1270.0
1304.5
1325.5
1183.0
1136.5
1168.0
1297.0
1301.5
1241.5
1124.5
1210.0
1361.5
1339.0
1336.0
1192.0
1264.0
1316.5
1009.0
1238.5
1289.5
1201.0
1123.0
1175.5
1238.5
1234.0
1178.5
1118.5
1079.5
1307.5
1295.5
650.5
1123.0
1187.5
1277.5
1148.5
1127.5
1049.5
1003.0
721.0
1249.0
1271.5
1321.0
1241.5
1219.0
1253.5
1318.0
1207.0
1370.5
1147.0
1030.0
1159.0
949.0
1349.5
1237.0
1258.0
1297.0
1145.5
1190.5
985.0
1301.5
1412.5
1354.0
833.5
1094.5
1012.0
1189.0
1277.5
1247.5
1042.0
1355.5
1282.0
1223.5
1237.0
1240.0
1186.0
985.0
1279.0
1348.0
1178.5
1354.0
1097.5
1180.0
1210.0
1025.5
1127.5
1195.0
1201.0
1073.5
373.0
464.5
1325.5
1214.5
1241.5
1297.0
1325.5
1216.0
1216.0
1147.0
1165.0
1103.5
1339.0
1106.5
1286.5
1130.5
1211.5
899.5
1097.5
1268.5
1171.0
1129.0
1129.0
1096.0
1364.5
1210.0
1216.0
1222.0
1277.5
1279.0
1144.0
1322.5
1267.0
1393.0
821.5
1313.5
1297.0
1280.5
1211.5
1241.5
1201.0
995.5
1250.5
1273.0
970.0
1135.0
1241.5
1292.5
1297.0
1216.0
1285.0
1309.0
1049.5
1321.0
1310.5
1256.5
1136.5
1259.5
1115.5
1256.5
1265.5
1237.0
1205.5
1072.0
1262.5
1396.0
1309.0
1106.5
769.0
1211.5
1226.5
1336.0
1172.5
1291.0
1192.0
1258.0
1144.0
1252.0
1187.5
1156.0
1186.0
1099.0
1318.0
1169.5
1226.5
1225.0
1181.5
1156.0
1327.0
1105.0
1106.5
1291.0
1321.0
1126.0
1214.5
1283.5
1226.5
1331.5
1253.5
1067.5
1273.0
1243.0
1208.5
1144.0
1202.5
908.5
1157.5
1372.0
1222.0
1259.5
1103.5
1228.0
1195.0
1165.0
1223.5
1210.0
1061.5
1225.0
1262.5
1189.0
1315.0
1376.5
1241.5
1217.5
1217.5
1196.5
1120.0
1210.0
1162.0
1013.5
1139.5
1082.5
1273.0
830.5
1153.0
1328.5
1310.5
614.5
1084.0
1429.0
1121.5
1078.0
1015.0
1199.5
1238.5
1168.0
1280.5
1204.0
1231.0
1382.5
1283.5
1238.5
1291.0
1229.5
1168.0
1120.0
1303.0
1273.0
1070.5
1295.5
1193.5
953.5
1199.5
1346.5
1195.0
1153.0
1310.5
1004.5
913.0
1295.5
1217.5
1160.5
1168.0
1055.5
1124.5
1366.0
1252.0
1265.5
1126.0
947.5
1378.0
1304.5
1025.5
1294.0
1094.5
1225.0
820.0
1366.0
1256.5
1192.0
1195.0
1346.5
1283.5
910.0
1366.0
1298.5
1148.5
1231.0
1178.5
1352.5
1351.0
1135.0
1267.0
1237.0
974.5
1193.5
1081.0
1274.5
1301.5
1168.0
1174.0
1135.0
1271.5
1106.5
1189.0
1042.0
1250.5
1222.0
1202.5
1216.0
737.5
1187.5
1283.5
1079.5
1336.0
1106.5
1075.0
1370.5
1211.5
1069.0
763.0
1207.0
1168.0
1208.5
1303.0
1045.0
1261.0
1093.0
1210.0
1382.5
1166.5
1118.5
1256.5
1367.5
1205.5
1181.5
1325.5
536.5
1315.0
1220.5
1267.0
1141.0
1196.5
1132.0
1366.0
1244.5
1132.0
1340.5
1142.5
1030.0
1177.0
1276.0
1144.0
1106.5
1262.5
1049.5
505.0
1187.5
1114.0
1271.5
1256.5
1142.5
1223.5
1163.5
1259.5
1300.0
1282.0
1289.5
1195.0
1306.0
1318.0
892.0
1240.0
1237.0
1259.5
887.5
1298.5
1264.0
1316.5
1294.0
1363.0
1223.5
1175.5
1244.5
1376.5
1196.5
1198.0
1151.5
977.5
1333.0
1211.5
982.0
1279.0
1366.0
1190.5
1219.0
1318.0
1262.5
1244.5
1357.0
1294.0
757.0
1339.0
1292.5
1069.0
1196.5
1342.0
1312.0
1213.0
1349.5
1244.5
1123.0
1133.5
1154.5
1225.0
1286.5
1183.0
1286.5
1151.5
1291.0
1156.0
1394.5
1139.5
1048.0
1363.0
1327.0
1205.5
1162.0
1205.5
1108.0
1288.0
1237.0
1375.0
1264.0
1270.0
1061.5
1210.0
914.5
1349.5
1252.0
1252.0
1256.5
1190.5
1108.0
1186.0
1283.5
1253.5
1370.5
1348.0
1184.5
1162.0
1142.5
1201.0
1186.0
1244.5
1309.0
1028.5
1195.0
1310.5
1261.0
268.0
1261.0
1129.0
853.0
1138.0
1049.5
436.0
1261.0
905.5
1295.5
1358.5
1193.5
898.0
1235.5
1274.5
1298.5
1334.5
1160.5
1285.0
1162.0
1072.0
1138.0
1348.0
1174.0
1079.5
1166.5
1270.0
949.0
1088.5
1244.5
1187.5
1315.0
1172.5
1258.0
1385.5
1307.5
1286.5
902.5
1099.0
1117.0
1145.5
1088.5
1399.0
1345.0
1073.5
1253.5
1148.5
1325.5
1276.0
1243.0
1229.5
1028.5
1142.5
1060.0
1259.5
1180.0
1258.0
1172.5
1160.5
1228.0
958.0
1157.5
1291.0
1253.5
1256.5
1096.0
1291.0
754.0
1268.5
1232.5
1325.5
833.5
1250.5
1073.5
1237.0
1193.5
1159.0
1246.0
1139.5
1183.0
1085.5
1016.5
1295.5
1136.5
1163.5
1172.5
1219.0
1226.5
956.5
1118.5
1363.0
1298.5
1321.0
1309.0
737.5
1244.5
1054.0
1204.0
1075.0
1180.0
1273.0
1279.0
1265.5
1291.0
880.0
1249.0
328.0
1331.5
1166.5
1120.0
1232.5
1118.5
1252.0
1075.0
1240.0
1232.5
1283.5
944.5
1319.5
1310.5
1268.5
1106.5
1108.0
1187.5
1265.5
1186.0
1270.0
988.0
1327.0
1222.0
1279.0
1121.5
1327.0
1246.0
1295.5
947.5
1037.5
865.0
1283.5
1102.0
1175.5
1337.5
1244.5
679.0
1240.0
1244.5
1211.5
154.0
1274.5
1289.5
1141.0
1331.5
1315.0
1229.5
1012.0
1315.0
812.5
1346.5
821.5
1297.0
1072.0
1051.0
1225.0
1270.0
1145.5
1310.5
1243.0
1178.5
1015.0
1298.5
1243.0
1040.5
1318.0
1222.0
1306.0
884.5
1396.0
1198.0
1273.0
1361.5
1306.0
1250.5
1289.5
1246.0
1285.0
1328.5
1283.5
1160.5
683.5
1250.5
1298.5
1289.5
1306.0
1156.0
1271.5
1295.5
1135.0
1247.5
1126.0
1244.5
1208.5
1202.5
1235.5
1189.0
1307.5
1238.5
1361.5
1049.5
1222.0
1256.5
866.5
1108.0
1213.0
182.5
1265.5
1298.5
1304.5
1309.0
1328.5
1162.0
1222.0
1276.0
1375.0
1325.5
1018.0
1238.5
1013.5
1375.0
1213.0
1174.0
1253.5
1202.5
1105.0
1201.0
1054.0
1118.5
566.5
1306.0
1012.0
1286.5
1327.0
1237.0
610.0
1103.5
1037.5
1292.5
1264.0
953.5
1280.5
1048.0
1069.0
959.5
1220.5
1081.0
1318.0
1255.0
1345.0
1304.5
1129.0
1153.0
868.0
1237.0
1169.5
1183.0
1156.0
1331.5
1061.5
1189.0
1330.0
1297.0
1273.0
1307.5
1331.5
1132.0
1088.5
1348.0
925.0
1330.0
1270.0
1298.5
971.5
1243.0
1043.5
1247.5
1169.5
1277.5
1225.0
1232.5
1210.0
1216.0
703.0
1082.5
1219.0
1234.0
1250.5
1076.5
1202.5
1199.5
820.0
1214.5
272.5
928.0
1190.5
772.0
1270.0
1196.5
1255.0
1330.0
1072.0
1340.5
1243.0
1298.5
1247.5
1103.5
1222.0
1283.5
1283.5
1283.5
1144.0
1207.0
1372.0
1324.0
1316.5
1148.5
1291.0
1264.0
1187.5
1048.0
1118.5
1049.5
1208.5
1156.0
1258.0
1117.0
1231.0
1243.0
185.5
1336.0
1336.0
1343.5
1132.0
1028.5
1256.5
1258.0
1318.0
1258.0
1334.5
1285.0
1081.0
1249.0
1046.5
1000.0
1141.0
1312.0
1189.0
1159.0
1135.0
1252.0
1316.5
1295.5
862.0
523.0
887.5
1100.5
1202.5
1289.5
1154.5
1270.0
1136.5
1193.5
1004.5
1301.5
1280.5
1283.5
1256.5
1184.5
1145.5
851.5
1232.5
1291.0
1252.0
1229.5
917.5
617.5
1229.5
1349.5
1244.5
1211.5
1294.0
1192.0
932.5
1364.5
1292.5
1168.0
982.0
1166.5
1169.5
1132.0
1123.0
1322.5
1295.5
1321.0
1222.0
862.0
1174.0
1249.0
1217.5
1177.0
685.0
1228.0
1229.5
1325.5
1165.0
1058.5
1220.5
1138.0
1160.5
1235.5
1301.5
1277.5
1214.5
1108.0
1348.0
622.0
1375.0
1267.0
1192.0
1082.5
1024.0
1331.5
1324.0
1364.5
1171.0
841.0
1273.0
1139.5
743.5
1243.0
1345.0
1141.0
1346.5
1217.5
706.0
1319.5
947.5
1127.5
1198.0
1312.0
1259.5
1045.0
1021.0
1228.0
1367.5
1360.0
1081.0
1286.5
859.0
1138.0
997.0
1171.0
1252.0
1177.0
1321.0
1394.5
869.5
965.5
1355.5
1357.0
1313.5
1202.5
1249.0
1256.5
1357.0
1304.5
1277.5
1127.5
1331.5
1286.5
1354.0
1099.0
1309.0
1354.0
1268.5
1271.5
1339.0
1247.5
1361.5
442.0
700.0
1259.5
1357.0
862.0
1246.0
1129.0
1223.5
976.0
1147.0
1183.0
1070.5
1210.0
1169.5
685.0
1114.0
1342.0
1307.5
1217.5
856.0
1220.5
1007.5
1133.5
1366.0
562.0
1345.0
889.0
1256.5
1340.5
1033.0
1262.5
1301.5
707.5
1327.0
1286.5
1171.0
1274.5
1307.5
1189.0
1265.5
872.5
302.5
1127.5
1294.0
1300.0
1276.0
1268.5
289.0
1274.5
982.0
1306.0
1099.0
1232.5
1379.5
1285.0
1223.5
1276.0
1285.0
913.0
1327.0
1258.0
1363.0
1256.5
1358.5
1336.0
1327.0
1169.5
1045.0
1279.0
1021.0
1045.0
1313.5
1031.5
1160.5
1025.5
1340.5
1268.5
1303.0
1319.5
1264.0
1180.0
1112.5
1138.0
970.0
1349.5
770.5
1316.5
973.0
1394.5
1354.0
1040.5
1327.0
1268.5
1378.0
1342.0
1310.5
1240.0
1231.0
1276.0
1286.5
1322.5
1223.5
1255.0
1217.5
1081.0
992.5
1126.0
1190.5
1270.0
1148.5
1315.0
1237.0
1304.5
1208.5
1165.0
1364.5
1202.5
1034.5
1276.0
1249.0
1189.0
1289.5
1292.5
1280.5
1133.5
1339.0
1226.5
1310.5
1177.0
1135.0
1181.5
1361.5
946.0
1288.0
1276.0
1277.5
989.5
1372.0
442.0
1337.5
1024.0
1259.5
1277.5
1310.5
1181.5
1225.0
1286.5
1304.5
1231.0
1378.0
1133.5
764.5
1208.5
1135.0
1357.0
1318.0
1124.5
1223.5
808.0
1231.0
1207.0
1147.0
277.0
1169.5
1297.0
1337.5
1201.0
1147.0
1273.0
1249.0
1237.0
1258.0
1198.0
1327.0
1246.0
920.5
1223.5
1168.0
1291.0
1345.0
1033.0
1244.5
1330.0
1271.5
860.5
1216.0
1093.0
1022.5
1279.0
1276.0
941.5
1331.5
1150.0
1303.0
1271.5
1181.5
1264.0
1304.5
1249.0
1120.0
916.0
835.0
1150.0
1405.0
1229.5
1391.5
1280.5
1219.0
991.0
1121.5
1135.0
1352.5
1322.5
1099.0
1211.5
1298.5
1186.0
1316.5
1169.5
970.0
1301.5
1195.0
1283.5
1264.0
1070.5
1402.0
1159.0
1342.0
919.0
1381.0
1298.5
1123.0
781.0
1268.5
1135.0
1105.0
1304.5
877.0
1141.0
1220.5
1133.5
1237.0
1178.5
1318.0
1313.5
1448.5
1174.0
1181.5
1294.0
1354.0
1139.5
1247.5
1138.0
1358.5
1388.5
1238.5
1081.0
1190.5
1138.0
1079.5
898.0
1018.0
1244.5
1373.5
1273.0
1135.0
947.5
1214.5
1169.5
1133.5
1234.0
1219.0
905.5
1198.0
1271.5
752.5
1193.5
1298.5
1138.0
1018.0
1246.0
1037.5
1126.0
1324.0
1186.0
1289.5
1192.0
1348.0
1025.5
1235.5
1261.0
1337.5
1141.0
1283.5
1123.0
1301.5
1295.5
1106.5
1316.5
1198.0
1216.0
1235.5
1273.0
1243.0
1232.5
1174.0
1345.0
1261.0
1223.5
1307.5
1034.5
937.0
1187.5
1048.0
1195.0
1273.0
1337.5
1342.0
1325.5
1294.0
1042.0
1196.5
1144.0
763.0
1006.0
1289.5
973.0
1220.5
1259.5
1274.5
1202.5
1328.5
1129.0
1267.0
998.5
1288.0
1201.0
1276.0
1039.0
1205.5
985.0
1190.5
1178.5
904.0
1295.5
1225.0
949.0
1166.5
1271.5
809.5
1102.0
1322.5
1286.5
1333.0
1294.0
1126.0
1094.5
1343.5
1249.0
1262.5
1075.0
1085.5
1153.0
1201.0
1061.5
1211.5
1046.5
1279.0
1259.5
1256.5
1261.0
1333.0
1297.0
1112.5
1240.0
1367.5
1048.0
1292.5
1291.0
1253.5
1246.0
1129.0
1454.5
1327.0
1310.5
1138.0
1315.0
1252.0
1259.5
1226.5
1289.5
1325.5
1093.0
1261.0
1301.5
1334.5
1112.5
1258.0
1048.0
884.5
938.5
862.0
1298.5
1249.0
1298.5
1318.0
1156.0
1231.0
1309.0
1073.5
1127.5
1258.0
1252.0
1255.0
1337.5
1147.0
1219.0
986.5
1238.5
1172.5
1085.5
1192.0
1328.5
1168.0
1216.0
1214.5
1129.0
1103.5
1280.5
1297.0
1064.5
1237.0
1358.5
533.5
1250.5
1285.0
970.0
944.5
1378.0
1046.5
1270.0
373.0
1280.5
1225.0
1249.0
1147.0
1333.0
1295.5
1267.0
1136.5
1228.0
1259.5
1255.0
1172.5
1190.5
1193.5
1102.0
1267.0
275.5
886.0
1325.5
1240.0
796.0
1136.5
1279.0
1084.0
1168.0
1225.0
1114.0
1147.0
1357.0
1051.0
1186.0
934.0
1238.5
1061.5
1357.0
1247.5
1033.0
1100.5
1214.5
1304.5
1210.0
1183.0
1273.0
1208.5
1391.5
1252.0
1277.5
1181.5
1138.0
1037.5
1174.0
1171.0
1292.5
1193.5
736.0
1072.0
1154.5
1171.0
1373.5
1241.5
1168.0
1226.5
1288.0
1162.0
961.0
1234.0
1126.0
1204.0
1285.0
1019.5
1228.0
946.0
1313.5
1294.0
1301.5
1268.5
1222.0
1045.0
1309.0
946.0
1016.5
1093.0
1154.5
1358.5
1304.5
422.5
1325.5
1289.5
1225.0
959.5
1148.5
1133.5
1300.0
1340.5
1333.0
1208.5
1189.0
1264.0
952.0
1189.0
916.0
1186.0
1189.0
1171.0
1214.5
1274.5
887.5
1216.0
1222.0
742.0
1366.0
1306.0
1219.0
1064.5
1241.5
1202.5
1142.5
1252.0
1345.0
1225.0
1109.5
1286.5
1132.0
1243.0
1034.5
349.0
1285.0
1264.0
1145.5
1153.0
794.5
1187.5
1312.0
1307.5
1241.5
1246.0
1315.0
1169.5
1232.5
1196.5
1168.0
1279.0
1052.5
1295.5
980.5
1285.0
1205.5
1336.0
1163.5
1099.0
1048.0
1159.0
1340.5
1258.0
1303.0
1070.5
1138.0
1370.5
1340.5
1090.0
1178.5
1265.5
1285.0
1297.0
1276.0
1114.0
1078.0
1207.0
1322.5
977.5
1271.5
1154.5
1132.0
1028.5
1319.5
1240.0
1315.0
742.0
1244.5
1265.5
1247.5
1346.5
1336.0
1051.0
1100.5
733.0
1234.0
1268.5
1010.5
1163.5
1234.0
1139.5
1313.5
1297.0
1384.0
1345.0
1129.0
1352.5
1174.0
1237.0
1127.5
1187.5
1217.5
1174.0
1243.0
1255.0
1252.0
805.0
1268.5
1204.0
1279.0
1195.0
1309.0
1082.5
1312.0
667.0
847.0
1223.5
1243.0
1271.5
1174.0
1325.5
1156.0
1277.5
1252.0
935.5
935.5
1199.5
1229.5
1370.5
1261.0
1126.0
958.0
1133.5
1286.5
932.5
1108.0
1204.0
1159.0
1127.5
923.5
1078.0
1121.5
1280.5
1388.5
1249.0
1327.0
1253.5
1037.5
1217.5
1276.0
1088.5
1355.5
1063.0
1244.5
1331.5
1240.0
1241.5
1021.0
278.5
1286.5
1211.5
1261.0
1139.5
1307.5
1334.5
1300.0
1190.5
959.5
1259.5
1307.5
1223.5
1180.0
1219.0
1243.0
1349.5
1192.0
989.5
1319.5
1117.0
1268.5
1165.0
1256.5
1063.0
1321.0
581.5
1267.0
611.5
1105.0
1276.0
1090.0
1163.5
1060.0
1115.5
1096.0
1168.0
1162.0
1261.0
424.0
1294.0
1334.5
1214.5
1139.5
1289.5
1144.0
1231.0
1261.0
1270.0
1216.0
679.0
1066.0
1222.0
1228.0
1256.5
1319.5
1072.0
1178.5
929.5
1232.5
1211.5
118.0
1195.0
1196.5
1196.5
1175.5
1306.0
337.0
1213.0
1088.5
1358.5
1264.0
989.5
1205.5
1393.0
916.0
1255.0
1303.0
1183.0
952.0
1246.0
1139.5
1189.0
1133.5
1198.0
1300.0
901.0
1321.0
1334.5
1222.0
1144.0
1249.0
1213.0
1241.5
1187.5
1198.0
1162.0
1271.5
1066.0
1139.5
1169.5
1174.0
1099.0
1084.0
1070.5
1169.5
1186.0
1202.5
1159.0
1298.5
1244.5
1222.0
1325.5
1093.0
1211.5
1127.5
1130.5
1244.5
1247.5
1364.5
1237.0
403.0
1091.5
1282.0
1181.5
1100.5
1136.5
949.0
1376.5
1177.0
1168.0
1307.5
1252.0
1316.5
1357.0
1265.5
1225.0
1202.5
1343.5
1333.0
1129.0
1267.0
1136.5
1219.0
1379.5
1202.5
1330.0
1228.0
1229.5
1132.0
1138.0
1111.0
1022.5
1105.0
1046.5
1367.5
742.0
1222.0
1310.5
1126.0
1009.0
1214.5
1154.5
1039.0
1223.5
847.0
1033.0
1037.5
1111.0
1262.5
817.0
1357.0
1114.0
1013.5
1181.5
1199.5
1096.0
586.0
1306.0
1252.0
1318.0
1139.5
1231.0
1330.0
1201.0
1121.5
1238.5
1231.0
1283.5
1289.5
1315.0
1228.0
1330.0
1393.0
785.5
1334.5
1354.0
1255.0
1291.0
1012.0
1058.5
1207.0
1181.5
1342.0
1345.0
1264.0
1082.5
1273.0
1343.5
1294.0
952.0
1265.5
1261.0
1342.0
1064.5
1192.0
1232.5
1286.5
979.0
839.5
1285.0
1336.0
961.0
1319.5
1256.5
1076.5
1216.0
1390.0
1201.0
1309.0
1250.5
1328.5
670.0
700.0
1193.5
904.0
1267.0
934.0
1342.0
1234.0
1027.0
1321.0
896.5
1292.5
1381.0
1255.0
1091.5
1066.0
1222.0
1246.0
1051.0
814.0
992.5
1103.5
1231.0
1177.0
1252.0
1286.5
1322.5
1132.0
1370.5
947.5
1003.0
1354.0
1264.0
1270.0
421.0
1114.0
860.5
1100.5
1247.5
1130.5
1072.0
1072.0
1132.0
1106.5
1238.5
1192.0
1298.5
1190.5
1312.0
1253.5
1240.0
1216.0
1357.0
1142.5
1333.0
1058.5
1231.0
1262.5
1190.5
1162.0
869.5
1282.0
1259.5
1202.5
994.0
1211.5
911.5
1336.0
1159.0
1238.5
1247.5
1168.0
1364.5
1109.5
1325.5
1339.0
1120.0
1345.0
1109.5
1208.5
1261.0
1282.0
1051.0
1147.0
1235.5
1214.5
1274.5
1277.5
1219.0
1312.0
1037.5
1318.0
1286.5
1259.5
1255.0
1070.5
1223.5
1267.0
904.0
1244.5
1186.0
1219.0
1301.5
1181.5
995.5
1229.5
1270.0
1366.0
1181.5
1174.0
1268.5
1330.0
1282.0
1222.0
988.0
1045.0
1205.5
1276.0
1072.0
1288.0
1309.0
1198.0
1252.0
1336.0
1114.0
1204.0
1180.0
1198.0
1240.0
1267.0
1288.0
1120.0
1174.0
1183.0
1214.5
1294.0
910.0
1280.5
1216.0
1316.5
1286.5
1187.5
1226.5
1154.5
976.0
1184.5
1360.0
1214.5
1166.5
1241.5
1013.5
1217.5
1195.0
1016.5
1238.5
1166.5
1103.5
1328.5
1237.0
1142.5
1274.5
1286.5
1376.5
1049.5
952.0
1223.5
1276.0
1255.0
1144.0
1327.0
1276.0
913.0
1273.0
1277.5
1159.0
1234.0
1094.5
1091.5
1270.0
1309.0
673.0
1190.5
1300.0
1211.5
694.0
1150.0
992.5
1241.5
1331.5
1202.5
1244.5
1285.0
1280.5
1246.0
1187.5
1328.5
1376.5
1207.0
1337.5
1175.5
1295.5
1034.5
1330.0
1057.0
1285.0
1207.0
1351.0
1109.5
1265.5
1243.0
1346.5
1255.0
1013.5
1118.5
1279.0
1198.0
1213.0
1198.0
1193.5
1040.5
1216.0
1234.0
1225.0
1150.0
1271.5
1322.5
1136.5
1195.0
1075.0
1274.5
1288.0
1246.0
1033.0
1207.0
1216.0
200.5
677.5
923.5
1183.0
1267.0
1087.0
1241.5
1264.0
1162.0
1331.5
1034.5
998.5
1223.5
1250.5
1108.0
1285.0
1208.5
1328.5
1250.5
1291.0
1285.0
1208.5
1213.0
983.5
1222.0
1276.0
1045.0
1307.5
1214.5
1286.5
761.5
1243.0
1291.0
1346.5
1124.5
1231.0
776.5
1310.5
1252.0
1148.5
1190.5
1003.0
1316.5
1130.5
1163.5
1370.5
1070.5
1234.0
1058.5
1142.5
1202.5
1346.5
1120.0
1142.5
649.0
1367.5
1267.0
1223.5
1304.5
1048.0
1252.0
1319.5
1057.0
1228.0
1219.0
1153.0
1367.5
1090.0
1063.0
1093.0
1262.5
1103.5
1358.5
1331.5
1078.0
1340.5
1312.0
1229.5
1273.0
964.0
1204.0
1273.0
1264.0
1328.5
1247.5
1061.5
1226.5
1202.5
959.5
1186.0
1045.0
1115.5
1205.5
1397.5
1258.0
1030.0
1210.0
1238.5
1271.5
1162.0
1195.0
1250.5
1243.0
1300.0
1165.0
1325.5
271.0
1175.5
1100.5
1130.5
1241.5
1153.0
1115.5
1361.5
1310.5
1336.0
1085.5
1289.5
1123.0
554.5
959.5
1013.5
1312.0
1315.0
1324.0
1243.0
1213.0
1222.0
1234.0
1144.0
1106.5
1262.5
1195.0
1208.5
1175.5
1319.5
958.0
1334.5
1219.0
1298.5
1031.5
1390.0
1129.0
1226.5
1154.5
1178.5
1282.0
1316.5
974.5
1364.5
932.5
1306.0
1156.0
1355.5
1345.0
1244.5
1186.0
1003.0
1259.5
1336.0
1216.0
1358.5
1103.5
1252.0
1262.5
1046.5
1327.0
1096.0
1208.5
1145.5
1286.5
1322.5
1121.5
1300.0
1163.5
1285.0
1235.5
1207.0
1378.0
1198.0
1328.5
1327.0
1187.5
1303.0
1261.0
1268.5
1186.0
1141.0
1268.5
1178.5
1241.5
629.5
1256.5
1247.5
1280.5
1199.5
1181.5
965.5
1093.0
1361.5
977.5
1231.0
1244.5
1297.0
1076.5
1106.5
998.5
1213.0
1235.5
934.0
1355.5
1345.0
1241.5
1360.0
1039.0
1094.5
1123.0
916.0
992.5
1214.5
1264.0
902.5
1259.5
905.5
1126.0
1324.0
1060.0
1201.0
1207.0
1256.5
1253.5
1261.0
1175.5
1328.5
1153.0
1318.0
1150.0
1207.0
1219.0
1321.0
1193.5
1273.0
1310.5
1343.5
1277.5
1178.5
745.0
1304.5
1337.5
1253.5
1364.5
1316.5
782.5
469.0
1262.5
1325.5
1219.0
1208.5
1154.5
1024.0
1327.0
1301.5
1249.0
1115.5
1277.5
1163.5
1243.0
1199.5
1162.0
523.0
1328.5
1286.5
928.0
1138.0
1153.0
1336.0
1198.0
1207.0
1198.0
1243.0
1171.0
1276.0
1277.5
1331.5
1301.5
1277.5
1325.5
1243.0
1348.0
1255.0
1270.0
1259.5
1276.0
1313.5
1316.5
1133.5
1220.5
1309.0
1198.0
1322.5
1231.0
1123.0
1169.5
1033.0
1150.0
991.0
1175.5
1219.0
1226.5
1214.5
1267.0
1310.5
1238.5
1229.5
937.0
1249.0
1114.0
1336.0
1046.5
1208.5
1175.5
1184.5
1382.5
1232.5
1268.5
1228.0
1315.0
1187.5
787.0
907.0
1145.5
1238.5
1378.0
1159.0
1090.0
1054.0
1190.5
1243.0
1348.0
1138.0
986.5
1177.0
1274.5
1334.5
1240.0
1223.5
1009.0
1246.0
1234.0
1231.0
1274.5
1271.5
1160.5
1235.5
1373.5
1298.5
1390.0
971.5
1333.0
1336.0
1312.0
1274.5
1186.0
1327.0
1175.5
1187.5
964.0
1286.5
1360.0
1298.5
1310.5
1331.5
1220.5
839.5
1256.5
1211.5
1204.0
1339.0
1282.0
578.5
1250.5
1001.5
1360.0
1351.0
1202.5
1192.0
1207.0
1315.0
1421.5
1153.0
1163.5
1310.5
1322.5
1103.5
1304.5
1169.5
1145.5
1097.5
1064.5
1006.0
1133.5
1090.0
1321.0
1327.0
1300.0
1169.5
1295.5
1192.0
940.0
1297.0
1418.5
1244.5
1256.5
1183.0
1105.0
911.5
1127.5
944.5
1106.5
1018.0
1240.0
985.0
1001.5
1108.0
1336.0
1055.5
1355.5
1333.0
1253.5
1151.5
1250.5
1180.0
1285.0
1282.0
833.5
1106.5
1298.5
440.5
1265.5
1229.5
1291.0
1352.5
271.0
1162.0
1357.0
1318.0
782.5
1253.5
1312.0
1232.5
962.5
1229.5
1258.0
1225.0
1007.5
1190.5
1186.0
1322.5
1193.5
1304.5
1285.0
1154.5
1105.0
1267.0
1217.5
1172.5
1069.0
1312.0
1208.5
1166.5
1286.5
1235.5
1093.0
1048.0
1228.0
1145.5
1201.0
1240.0
1372.0
1174.0
1196.5
1255.0
1288.0
1081.0
1112.5
1322.5
943.0
1273.0
1034.5
1091.5
1343.5
1238.5
1168.0
314.5
1201.0
1222.0
1207.0
1310.5
1243.0
1274.5
1010.5
1058.5
1120.0
1297.0
1171.0
1286.5
1273.0
1237.0
1391.5
1256.5
1229.5
1175.5
1202.5
1331.5
1256.5
1294.0
1294.0
1247.5
1205.5
1088.5
1244.5
1270.0
1087.0
1222.0
1237.0
1151.5
1174.0
1223.5
1246.0
1231.0
1187.5
1304.5
893.5
1142.5
916.0
1213.0
989.5
1180.0
1327.0
1229.5
1300.0
356.5
1171.0
1268.5
986.5
1060.0
1273.0
1283.5
1201.0
929.5
1313.5
1259.5
1067.5
1273.0
1400.5
1279.0
1024.0
1324.0
1229.5
1250.5
1133.5
1259.5
1301.5
1225.0
1069.0
1316.5
1211.5
973.0
1000.0
1274.5
1181.5
1280.5
1201.0
1322.5
1132.0
1226.5
1367.5
1111.0
1223.5
1166.5
1135.0
1168.0
1345.0
1132.0
1279.0
1126.0
979.0
1145.5
1184.5
1246.0
1292.5
1192.0
1249.0
1285.0
814.0
917.5
1186.0
1303.0
1289.5
1370.5
1184.5
1348.0
1117.0
1217.5
1201.0
1196.5
476.5
1049.5
1192.0
1228.0
988.0
1330.0
1198.0
1055.5
1186.0
1127.5
1247.5
1222.0
940.0
1181.5
1172.5
1141.0
1336.0
1295.5
1252.0
1231.0
1081.0
944.5
1199.5
1240.0
1061.5
1066.0
1054.0
1271.5
1295.5
1049.5
1291.0
535.0
1169.5
1150.0
1331.5
1097.5
1222.0
1268.5
1279.0
1241.5
1175.5
1268.5
1289.5
1259.5
1186.0
1322.5
1298.5
1171.0
1081.0
1238.5
773.5
1111.0
1123.0
1151.5
1249.0
1283.5
1117.0
1318.0
1210.0
1088.5
1126.0
1301.5
1202.5
1237.0
953.5
1192.0
1321.0
1028.5
1163.5
1310.5
1252.0
1192.0
1190.5
1201.0
1250.5
1162.0
1133.5
1072.0
1369.0
1309.0
1205.5
1195.0
1195.0
1171.0
1205.5
787.0
1144.0
940.0
1262.5
1388.5
1237.0
1268.5
1285.0
1334.5
1247.5
1258.0
1118.5
1258.0
1273.0
1246.0
1277.5
977.5
1192.0
1171.0
827.5
1219.0
1165.0
1256.5
1307.5
1309.0
1036.0
1366.0
1205.5
848.5
1255.0
1055.5
1253.5
1213.0
1165.0
923.5
1256.5
1253.5
1324.0
1121.5
1108.0
1205.5
1117.0
1381.0
1187.5
1105.0
1259.5
1087.0
1306.0
1181.5
431.5
1328.5
1262.5
1297.0
1205.5
1367.5
1151.5
1247.5
1282.0
1297.0
1261.0
797.5
1174.0
1181.5
313.0
1306.0
1103.5
997.0
1310.5
1180.0
1031.5
1231.0
887.5
1147.0
1169.5
1379.5
1303.0
1103.5
1058.5
1321.0
1114.0
1111.0
1252.0
1220.5
1267.0
1303.0
1000.0
1295.5
1255.0
947.5
1249.0
847.0
887.5
824.5
1190.5
917.5
578.5
1064.5
1156.0
1039.0
1337.5
1156.0
1109.5
1261.0
1234.0
1280.5
1096.0
901.0
1210.0
1108.0
1238.5
1378.0
1067.5
1268.5
1199.5
1264.0
1199.5
809.5
1261.0
1249.0
1306.0
1243.0
1045.0
1276.0
1139.5
331.0
1307.5
764.5
1282.0
1366.0
1088.5
1013.5
1210.0
1133.5
1300.0
1354.0
1184.5
1330.0
383.5
1357.0
1298.5
1121.5
1364.5
1087.0
1183.0
1210.0
1208.5
1309.0
1216.0
1121.5
1126.0
361.0
1252.0
1199.5
1231.0
1124.5
1306.0
1211.5
1237.0
1267.0
1190.5
1322.5
1217.5
1193.5
1043.5
1232.5
958.0
1213.0
1238.5
704.5
1144.0
1330.0
502.0
1291.0
1225.0
1229.5
1232.5
1195.0
1279.0
1321.0
754.0
1274.5
1114.0
1213.0
895.0
1177.0
1328.5
932.5
1298.5
1187.5
1270.0
1276.0
1163.5
1031.5
1105.0
1342.0
923.5
1327.0
1163.5
1351.0
1184.5
1046.5
1330.0
1105.0
770.5
1286.5
1138.0
1247.5
1351.0
1001.5
1144.0
1114.0
1198.0
1291.0
1280.5
706.0
1181.5
1343.5
1265.5
1240.0
1339.0
1169.5
1316.5
1187.5
1429.0
1286.5
1004.5
1088.5
1249.0
1279.0
1247.5
1066.0
1331.5
860.5
1225.0
1183.0
1283.5
1319.5
1187.5
1105.0
1282.0
1235.5
1333.0
1148.5
1208.5
1304.5
854.5
1295.5
1373.5
1219.0
1211.5
1181.5
1097.5
1366.0
1045.0
1223.5
1211.5
1298.5
1304.5
1282.0
1198.0
1282.0
1360.0
932.5
1268.5
1100.5
1222.0
1081.0
1271.5
1319.5
1180.0
362.5
1274.5
1210.0
1357.0
1301.5
1045.0
1016.5
1216.0
1276.0
1283.5
1213.0
1172.5
1256.5
1279.0
1090.0
1205.5
736.0
1183.0
1402.0
1310.5
1136.5
1205.5
1127.5
1126.0
1157.5
296.5
1150.0
1301.5
1316.5
1247.5
1312.0
1411.0
1289.5
1207.0
1363.0
1249.0
1144.0
1385.5
1291.0
1099.0
1145.5
1169.5
1322.5
1073.5
1081.0
1091.5
1117.0
1159.0
1214.5
1186.0
1220.5
1255.0
1078.0
1127.5
1135.0
925.0
1154.5
1211.5
1175.5
1175.5
1289.5
974.5
1333.0
1184.5
1235.5
1106.5
1346.5
1291.0
1355.5
968.5
1259.5
1012.0
1192.0
1018.0
1070.5
1322.5
1240.0
1271.5
1303.0
1187.5
1034.5
1238.5
1222.0
1081.0
1318.0
1175.5
1259.5
1258.0
1012.0
1255.0
793.0
1196.5
1283.5
1279.0
1243.0
1183.0
1132.0
1153.0
1229.5
691.0
592.0
1310.5
1009.0
1237.0
1046.5
1370.5
1141.0
769.0
1231.0
1121.5
1147.0
985.0
1439.5
1258.0
374.5
994.0
1238.5
1289.5
1220.5
763.0
1351.0
1175.5
1010.5
1055.5
1172.5
1214.5
1247.5
1129.0
1346.5
1243.0
1376.5
1124.5
980.5
1013.5
1145.5
1109.5
1354.0
1228.0
1298.5
1126.0
1238.5
1312.0
1264.0
1136.5
1111.0
1304.5
1201.0
1286.5
1244.5
1088.5
1154.5
1390.0
1238.5
1292.5
1060.0
1378.0
1117.0
1019.5
1163.5
1273.0
1301.5
1270.0
1172.5
1009.0
1199.5
583.0
1085.5
1241.5
1295.5
1223.5
1324.0
1330.0
1117.0
1153.0
1138.0
1219.0
1303.0
1154.5
1133.5
812.5
1123.0
1222.0
1276.0
697.0
1369.0
1204.0
1039.0
1261.0
761.5
1226.5
1337.5
1282.0
1084.0
1274.5
1006.0
1208.5
1108.0
1292.5
1019.5
1178.5
901.0
1054.0
979.0
1319.5
1141.0
1294.0
1175.5
1013.5
1097.5
1247.5
1276.0
1216.0
1328.5
1241.5
1271.5
1190.5
1180.0
1249.0
800.5
1180.0
1244.5
1249.0
1190.5
1126.0
1196.5
1328.5
1292.5
1234.0
1363.0
1075.0
992.5
1234.0
1100.5
1274.5
986.5
1333.0
974.5
1274.5
1202.5
982.0
1255.0
1270.0
1192.0
1343.5
1211.5
937.0
1132.0
1273.0
1324.0
1211.5
1222.0
1366.0
1097.5
1172.5
1337.5
1195.0
1178.5
1310.5
950.5
1231.0
1220.5
1358.5
1252.0
1228.0
1208.5
1297.0
1288.0
1220.5
1180.0
1330.0
949.0
1267.0
1192.0
1354.0
1229.5
1262.5
1282.0
1133.5
1306.0
1223.5
1154.5
1234.0
1274.5
1331.5
1141.0
209.5
1331.5
1228.0
1253.5
1139.5
1283.5
1288.0
865.0
1090.0
1249.0
980.5
1123.0
1280.5
1183.0
1034.5
1117.0
1273.0
1339.0
1336.0
1235.5
1307.5
1241.5
1280.5
1067.5
1243.0
1283.5
727.0
1216.0
1261.0
1261.0
1145.5
745.0
1145.5
1202.5
1162.0
1337.5
1259.5
1061.5
1253.5
1274.5
1240.0
1162.0
1327.0
1064.5
1238.5
1238.5
1235.5
1168.0
1181.5
1150.0
1295.5
1078.0
1202.5
1174.0
1189.0
1333.0
1189.0
1138.0
1057.0
983.5
1246.0
1378.0
1139.5
1250.5
1247.5
1223.5
1306.0
1199.5
1331.5
1325.5
1252.0
1172.5
952.0
815.5
1102.0
1331.5
1217.5
1303.0
946.0
1219.0
1277.5
1178.5
955.0
1324.0
1327.0
1073.5
1130.5
1183.0
1207.0
1322.5
1339.0
1132.0
968.5
1205.5
1228.0
1369.0
610.0
1324.0
682.0
1294.0
949.0
1055.5
1187.5
1216.0
1331.5
1192.0
1156.0
1220.5
1192.0
1360.0
1355.5
1229.5
1165.0
1313.5
1358.5
1159.0
1282.0
974.5
1372.0
1235.5
1255.0
1310.5
1061.5
1274.5
1285.0
1163.5
1280.5
1066.0
1340.5
1256.5
1211.5
1120.0
1337.5
1177.0
1057.0
1229.5
1189.0
1282.0
1234.0
1186.0
1294.0
1106.5
1324.0
1339.0
1247.5
1345.0
1174.0
1298.5
1168.0
1301.5
1166.5
1207.0
1369.0
1100.5
1276.0
1348.0
1216.0
1144.0
1214.5
1288.0
1192.0
1304.5
955.0
1351.0
1150.0
1108.0
1078.0
1271.5
1291.0
1243.0
1115.5
1261.0
1105.0
1351.0
1189.0
1274.5
1013.5
1120.0
1358.5
1265.5
1324.0
1180.0
1240.0
1382.5
1333.0
1247.5
1235.5
1045.0
1231.0
890.5
1111.0
1184.5
1052.5
1265.5
1298.5
1363.0
1057.0
1247.5
1280.5
1262.5
1324.0
1162.0
1222.0
973.0
1147.0
1360.0
1322.5
1220.5
1199.5
1313.5
1160.5
1208.5
1346.5
1183.0
1177.0
1114.0
1117.0
1264.0
1114.0
1315.0
1301.5
839.5
1226.5
1304.5
1264.0
1249.0
1201.0
1247.5
1082.5
1219.0
1340.5
1214.5
1154.5
1271.5
1115.5
1090.0
1127.5
1273.0
830.5
1073.5
1043.5
1156.0
653.5
662.5
1334.5
1402.0
1138.0
826.0
917.5
1079.5
1159.0
1190.5
1018.0
1327.0
1060.0
1025.5
1235.5
1055.5
1177.0
1369.0
827.5
1000.0
1246.0
1211.5
1228.0
1216.0
1262.5
1138.0
1162.0
1310.5
1100.5
1322.5
1132.0
1388.5
1205.5
1156.0
1172.5
1088.5
1244.5
1348.0
1264.0
1157.5
1015.0
889.0
940.0
1232.5
1135.0
1225.0
1214.5
1000.0
1000.0
1063.0
1034.5
1279.0
889.0
1034.5
1109.5
1117.0
1304.5
1384.0
1324.0
940.0
1168.0
1313.5
1205.5
1316.5
1255.0
1165.0
785.5
1403.5
949.0
1309.0
799.0
1174.0
1208.5
1324.0
1171.0
982.0
1054.0
1241.5
868.0
1210.0
1202.5
1351.0
1322.5
1135.0
1303.0
1226.5
1325.5
1270.0
1259.5
1117.0
1234.0
1283.5
1253.5
1159.0
1225.0
1294.0
1286.5
1342.0
1129.0
1256.5
1286.5
1127.5
1187.5
1093.0
1282.0
1333.0
1274.5
899.5
1267.0
1237.0
1211.5
1246.0
1186.0
1292.5
926.5
1262.5
1241.5
1207.0
1309.0
1208.5
1279.0
985.0
1112.5
1136.5
1303.0
1244.5
1240.0
1240.0
1384.0
1123.0
1390.0
1109.5
1231.0
1318.0
1234.0
1283.5
461.5
811.0
922.0
1175.5
1247.5
1258.0
1156.0
1274.5
1187.5
1297.0
875.5
1255.0
1162.0
1154.5
1292.5
1166.5
1016.5
1252.0
1318.0
1231.0
1178.5
1217.5
373.0
1261.0
1226.5
1241.5
1175.5
1237.0
944.5
1036.0
1214.5
1199.5
1094.5
1063.0
877.0
1300.0
1049.5
1192.0
1184.5
1090.0
988.0
1187.5
1169.5
1291.0
1286.5
298.0
1085.5
1210.0
1282.0
1246.0
1298.5
1348.0
1315.0
1306.0
1105.0
1355.5
1045.0
1276.0
1240.0
1021.0
1387.0
1196.5
734.5
1246.0
1364.5
1292.5
1135.0
1142.5
1244.5
895.0
1219.0
1361.5
1297.0
1273.0
1334.5
1222.0
1249.0
1231.0
1015.0
1115.5
1130.5
961.0
1192.0
1330.0
1262.5
1240.0
1217.5
1337.5
1271.5
1136.5
1141.0
1006.0
1355.5
1148.5
190.0
1286.5
1108.0
1111.0
1121.5
1286.5
1093.0
1216.0
1106.5
1273.0
1343.5
1312.0
1313.5
1139.5
1343.5
1421.5
1232.5
1274.5
1205.5
1204.0
1213.0
1199.5
1015.0
1378.0
1133.5
872.5
1306.0
1205.5
1183.0
1283.5
1372.0
1102.0
1178.5
1171.0
1222.0
1279.0
1340.5
1258.0
1226.5
1210.0
1297.0
1342.0
1295.5
1307.5
134.5
1295.5
1145.5
1120.0
1141.0
1001.5
1120.0
1250.5
1133.5
1205.5
1219.0
1211.5
1174.0
1199.5
1249.0
1271.5
1222.0
1307.5
1363.0
1307.5
1151.5
1153.0
1289.5
1207.0
971.5
1268.5
1208.5
1049.5
1336.0
1381.0
1168.0
1169.5
1142.5
1238.5
1277.5
1324.0
1028.5
1204.0
1181.5
1268.5
1103.5
1378.0
1097.5
1259.5
1048.0
1312.0
1406.5
1153.0
1201.0
1250.5
1190.5
1247.5
1141.0
1198.0
994.0
1285.0
1154.5
839.5
1159.0
1205.5
1262.5
794.5
1261.0
985.0
1103.5
1147.0
1328.5
962.5
1142.5
1243.0
1318.0
697.0
1004.5
1253.5
1219.0
1168.0
1277.5
1249.0
1223.5
1264.0
1252.0
1309.0
1138.0
1418.5
1276.0
1348.0
1328.5
947.5
1294.0
1261.0
1283.5
1316.5
1291.0
1328.5
1219.0
1214.5
1234.0
1355.5
1189.0
1225.0
1073.5
1265.5
1348.0
1196.5
1253.5
1148.5
1264.0
1150.0
1211.5
905.5
1384.0
1121.5
1039.0
1286.5
1279.0
1382.5
1106.5
1229.5
1403.5
1291.0
1166.5
574.0
1168.0
1261.0
1186.0
1216.0
1247.5
1295.5
1232.5
988.0
1163.5
881.5
1210.0
1228.0
1384.0
1117.0
1220.5
1282.0
1217.5
1202.5
1307.5
1235.5
1124.5
1276.0
1147.0
1274.5
1238.5
1336.0
1063.0
1334.5
1247.5
1316.5
1379.5
1009.0
1270.0
869.5
1181.5
1412.5
1300.0
1082.5
1105.0
1304.5
1306.0
1252.0
1252.0
1255.0
1175.5
1253.5
1277.5
590.5
1375.0
1339.0
1336.0
1148.5
1297.0
1150.0
1321.0
1228.0
1286.5
