167.5
118.0
248.5
319.0
236.5
299.5
911.5
152.5
247.0
460.0
443.5
424.0
131.5
625.0
185.5
368.5
101.5
269.5
301.0
622.0
640.0
167.5
622.0
298.0
619.0
490.0
557.5
455.5
157.0
556.0
325.0
206.5
434.5
505.0
586.0
215.5
566.5
764.5
278.5
109.0
673.0
488.5
380.5
412.0
92.5
409.0
388.0
1069.0
448.0
796.0
415.0
178.0
169.0
973.0
241.0
607.0
344.5
485.5
242.5
181.0
340.0
241.0
173.5
170.5
115.0
158.5
307.0
323.5
158.5
436.0
293.5
172.0
149.5
242.5
224.5
322.0
509.5
422.5
394.0
172.0
767.5
218.5
259.0
643.0
452.5
379.0
248.5
280.0
191.5
134.5
275.5
638.5
350.5
671.5
119.5
298.0
835.0
73.0
646.0
247.0
517.0
776.5
53.5
110.5
509.5
265.0
548.5
335.5
202.0
98.5
424.0
316.0
281.5
449.5
151.0
482.5
158.5
497.5
266.5
818.5
607.0
448.0
116.5
731.5
350.5
244.0
128.5
79.0
274.0
160.0
556.0
595.0
527.5
1061.5
566.5
70.0
677.5
523.0
352.0
278.5
280.0
130.0
553.0
677.5
601.0
92.5
544.0
181.0
703.0
224.5
373.0
143.5
425.5
85.0
313.0
145.0
866.5
172.0
497.5
428.5
524.5
500.5
50.5
415.0
692.5
770.5
640.0
1052.5
680.5
401.5
253.0
283.0
334.0
866.5
218.5
701.5
275.5
212.5
392.5
461.5
173.5
866.5
274.0
577.0
163.0
812.5
200.5
170.5
911.5
263.5
283.0
68.5
1100.5
55.0
818.5
214.0
394.0
512.5
797.5
763.0
389.5
352.0
565.0
271.0
94.0
461.5
673.0
1043.5
373.0
419.5
242.5
214.0
457.0
763.0
341.5
244.0
812.5
287.5
212.5
223.0
173.5
532.0
433.0
389.5
584.5
98.5
385.0
692.5
116.5
518.5
83.5
271.0
298.0
248.5
355.0
205.0
647.5
403.0
964.0
613.0
200.5
379.0
1064.5
218.5
469.0
224.5
151.0
178.0
293.5
355.0
421.0
247.0
334.0
490.0
614.5
244.0
784.0
604.0
89.5
788.5
205.0
388.0
133.0
466.0
326.5
245.5
131.5
235.0
269.5
778.0
331.0
436.0
70.0
370.0
317.5
311.5
158.5
52.0
136.0
298.0
322.0
578.5
545.5
173.5
776.5
163.0
116.5
464.5
203.5
508.0
65.5
32.5
337.0
131.5
662.5
389.5
286.0
376.0
388.0
883.0
373.0
586.0
614.5
304.0
613.0
217.0
265.0
113.5
277.0
397.0
326.5
376.0
119.5
449.5
620.5
665.5
68.5
290.5
301.0
209.5
518.5
821.5
419.5
460.0
364.0
518.5
250.0
622.0
881.5
217.0
200.5
779.5
593.5
29.5
218.5
821.5
290.5
233.5
782.5
553.0
334.0
730.0
767.5
209.5
694.0
637.0
472.0
137.5
587.5
205.0
85.0
881.5
859.0
203.5
286.0
968.5
340.0
664.0
292.0
706.0
757.0
670.0
737.5
338.5
578.5
247.0
194.5
521.5
208.0
215.5
181.0
221.5
617.5
752.5
157.0
376.0
221.5
1115.5
61.0
209.5
431.5
784.0
436.0
185.5
520.0
185.5
238.0
212.5
191.5
436.0
82.0
1021.0
241.0
127.0
112.0
892.0
512.5
374.5
311.5
175.0
137.5
719.5
191.5
259.0
232.0
460.0
293.5
800.5
307.0
599.5
269.5
200.5
578.5
115.0
184.0
203.5
439.0
523.0
271.0
772.0
266.5
265.0
317.5
499.0
136.0
725.5
160.0
131.5
479.5
430.0
271.0
226.0
281.5
106.0
236.5
388.0
551.5
85.0
421.0
263.5
22.0
610.0
640.0
295.0
457.0
560.5
583.0
353.5
329.5
68.5
553.0
304.0
359.5
614.5
955.0
533.5
328.0
185.5
50.5
367.0
536.5
241.0
92.5
208.0
911.5
895.0
145.0
509.5
215.5
629.5
772.0
706.0
290.5
139.0
208.0
605.5
220.0
272.5
539.5
110.5
166.0
148.0
556.0
71.5
181.0
635.5
140.5
188.5
200.5
215.5
146.5
292.0
187.0
206.5
614.5
298.0
134.5
148.0
509.5
388.0
341.5
871.0
883.0
391.0
446.5
710.5
170.5
181.0
241.0
139.0
635.5
520.0
457.0
763.0
283.0
130.0
178.0
373.0
425.5
397.0
158.5
331.0
278.5
592.0
328.0
568.0
472.0
545.5
556.0
199.0
832.0
382.0
247.0
812.5
184.0
616.0
631.0
320.5
518.5
142.0
535.0
481.0
233.5
436.0
325.0
193.0
1048.0
119.5
271.0
476.5
347.5
214.0
226.0
155.5
916.0
466.0
667.0
532.0
28.0
422.5
767.5
148.0
274.0
413.5
808.0
1118.5
104.5
781.0
227.5
329.5
637.0
292.0
202.0
59.5
145.0
154.0
178.0
199.0
571.0
686.5
689.5
518.5
421.0
194.5
440.5
466.0
587.5
47.5
205.0
790.0
379.0
479.5
46.0
613.0
475.0
457.0
596.5
83.5
112.0
142.0
392.5
284.5
311.5
554.5
778.0
772.0
853.0
256.0
110.5
139.0
595.0
661.0
287.5
451.0
661.0
154.0
490.0
319.0
371.5
188.5
304.0
427.0
185.5
772.0
314.5
359.5
223.0
520.0
571.0
265.0
149.5
121.0
119.5
289.0
92.5
577.0
214.0
977.5
206.5
328.0
488.5
214.0
914.5
257.5
209.5
271.0
437.5
757.0
875.5
128.5
965.5
211.0
275.5
112.0
484.0
398.5
601.0
281.5
356.5
296.5
529.0
743.5
284.5
635.5
292.0
95.5
382.0
593.5
197.5
542.5
110.5
79.0
31.0
611.5
296.5
776.5
449.5
302.5
274.0
343.0
463.0
317.5
406.0
469.0
277.0
482.5
461.5
356.5
314.5
349.0
164.5
907.0
394.0
901.0
145.0
482.5
154.0
881.5
410.5
121.0
326.5
683.5
646.0
179.5
719.5
368.5
245.5
428.5
260.5
185.5
506.5
188.5
415.0
524.5
431.5
212.5
214.0
511.0
233.5
127.0
319.0
326.5
184.0
775.0
790.0
608.5
122.5
34.0
199.0
272.5
422.5
289.0
218.5
128.5
1027.0
263.5
71.5
398.5
278.5
476.5
155.5
422.5
175.0
808.0
169.0
124.0
221.5
454.0
511.0
430.0
592.0
983.5
286.0
344.5
412.0
1055.5
724.0
236.5
407.5
649.0
512.5
362.5
461.5
329.5
491.5
235.0
160.0
730.0
254.5
215.5
328.0
199.0
166.0
608.5
122.5
634.0
536.5
115.0
559.0
163.0
517.0
146.5
316.0
151.0
307.0
559.0
86.5
28.0
205.0
193.0
308.5
244.0
614.5
256.0
272.5
602.5
170.5
175.0
155.5
88.0
929.5
500.5
152.5
667.0
254.5
742.0
239.5
485.5
527.5
559.0
632.5
724.0
911.5
373.0
472.0
341.5
11.5
619.0
167.5
295.0
164.5
146.5
125.5
679.0
475.0
500.5
161.5
458.5
77.5
397.0
308.5
652.0
257.5
443.5
88.0
287.5
125.5
253.0
293.5
917.5
806.5
91.0
350.5
871.0
485.5
250.0
512.5
1048.0
266.5
109.0
425.5
133.0
476.5
499.0
704.5
1001.5
349.0
458.5
680.5
934.0
182.5
334.0
191.5
95.5
539.5
563.5
304.0
175.0
799.0
311.5
130.0
808.0
235.0
601.0
665.5
752.5
395.5
178.0
434.5
379.0
233.5
358.0
494.5
247.0
706.0
124.0
277.0
175.0
172.0
605.5
169.0
227.5
665.5
260.5
451.0
869.5
274.0
628.0
215.5
37.0
661.0
325.0
580.0
1055.5
347.5
338.5
143.5
329.5
146.5
401.5
238.0
185.5
293.5
85.0
220.0
349.0
65.5
766.0
211.0
140.5
59.5
307.0
356.5
460.0
574.0
1093.0
419.5
116.5
401.5
443.5
449.5
269.5
545.5
539.5
535.0
620.5
331.0
116.5
601.0
193.0
358.0
109.0
650.5
106.0
115.0
131.5
79.0
230.5
131.5
968.5
143.5
580.0
173.5
142.0
284.5
395.5
223.0
376.0
728.5
416.5
329.5
494.5
313.0
680.5
173.5
590.5
910.0
457.0
316.0
1060.0
152.5
872.5
476.5
820.0
157.0
614.5
397.0
856.0
362.5
421.0
314.5
272.5
820.0
61.0
545.5
193.0
263.5
728.5
290.5
671.5
467.5
451.0
79.0
122.5
238.0
224.5
461.5
140.5
338.5
238.0
179.5
203.5
335.5
268.0
284.5
416.5
95.5
251.5
182.5
518.5
242.5
227.5
367.0
179.5
688.0
133.0
193.0
205.0
509.5
136.0
422.5
370.0
436.0
578.5
562.0
736.0
307.0
730.0
590.5
65.5
251.5
151.0
178.0
85.0
439.0
632.5
121.0
220.0
73.0
644.5
241.0
889.0
157.0
164.5
431.5
190.0
230.5
823.0
488.5
355.0
463.0
785.5
538.0
200.5
91.0
247.0
604.0
838.0
71.5
784.0
209.5
713.5
290.5
568.0
287.5
407.5
592.0
650.5
428.5
313.0
913.0
659.5
656.5
353.5
134.5
74.5
578.5
211.0
259.0
367.0
209.5
613.0
284.5
742.0
296.5
286.0
850.0
71.5
97.0
571.0
458.5
263.5
496.0
928.0
107.5
29.5
464.5
289.0
488.5
454.0
577.0
350.5
454.0
800.5
182.5
292.0
182.5
211.0
670.0
370.0
112.0
298.0
164.5
274.0
305.5
895.0
148.0
707.5
265.0
347.5
184.0
178.0
260.5
296.5
118.0
286.0
278.5
103.0
191.5
137.5
244.0
337.0
949.0
149.5
470.5
862.0
205.0
98.5
677.5
226.0
422.5
181.0
461.5
196.0
179.5
184.0
200.5
263.5
412.0
449.5
569.5
203.5
217.0
77.5
388.0
65.5
922.0
89.5
79.0
196.0
460.0
145.0
626.5
113.5
526.0
478.0
272.5
334.0
295.0
358.0
604.0
32.5
308.5
260.5
125.5
221.5
169.0
301.0
208.0
301.0
193.0
407.5
209.5
712.0
407.5
358.0
77.5
860.5
431.5
127.0
974.5
68.5
466.0
253.0
1019.5
737.5
94.0
236.5
809.5
169.0
224.5
907.0
283.0
622.0
91.0
266.5
59.5
268.0
733.0
73.0
152.5
241.0
707.5
134.5
682.0
442.0
682.0
361.0
493.0
145.0
658.0
302.5
407.5
370.0
280.0
628.0
103.0
397.0
659.5
394.0
212.5
883.0
215.5
74.5
749.5
59.5
583.0
77.5
925.0
335.5
158.5
1012.0
274.0
218.5
581.5
259.0
841.0
151.0
583.0
263.5
1118.5
757.0
166.0
266.5
728.5
100.0
713.5
395.5
350.5
193.0
442.0
806.5
1007.5
683.5
125.5
100.0
358.0
1037.5
200.5
478.0
451.0
328.0
610.0
733.0
98.5
797.5
200.5
293.5
725.5
932.5
214.0
745.0
326.5
401.5
382.0
326.5
244.0
1051.0
544.0
748.0
479.5
176.5
847.0
43.0
434.5
62.5
149.5
503.5
232.0
589.0
62.5
443.5
197.5
715.0
425.5
445.0
190.0
583.0
512.5
781.0
377.5
826.0
410.5
218.5
655.0
535.0
877.0
170.5
103.0
290.5
187.0
158.5
713.5
824.5
139.0
457.0
547.0
700.0
368.5
362.5
283.0
118.0
256.0
358.0
148.0
442.0
137.5
229.0
362.5
662.5
172.0
574.0
520.0
274.0
347.5
506.5
208.0
259.0
560.5
943.0
503.5
418.0
503.5
931.0
304.0
217.0
353.5
170.5
850.0
191.5
379.0
173.5
106.0
382.0
185.5
221.5
353.5
542.5
229.0
317.5
742.0
217.0
223.0
716.5
898.0
428.5
548.5
254.5
437.5
557.5
530.5
670.0
755.5
682.0
412.0
445.0
602.5
119.5
1147.0
446.5
103.0
40.0
97.0
272.5
512.5
676.0
284.5
322.0
776.5
163.0
557.5
331.0
188.5
214.0
314.5
526.0
238.0
391.0
133.0
613.0
773.5
617.5
121.0
556.0
470.5
746.5
350.5
403.0
181.0
554.5
641.5
950.5
611.5
184.0
68.5
548.5
554.5
163.0
632.5
220.0
694.0
674.5
742.0
148.0
290.5
769.0
571.0
470.5
197.5
94.0
935.5
584.5
256.0
460.0
232.0
112.0
208.0
239.5
203.5
320.5
692.5
458.5
392.5
65.5
62.5
214.0
110.5
808.0
352.0
821.5
556.0
575.5
721.0
230.5
635.5
151.0
113.5
248.5
187.0
776.5
440.5
101.5
277.0
307.0
263.5
191.5
221.5
292.0
149.5
181.0
422.5
436.0
395.5
277.0
145.0
554.5
769.0
275.5
79.0
160.0
235.0
313.0
308.5
268.0
94.0
184.0
587.5
454.0
82.0
701.5
250.0
410.5
467.5
202.0
311.5
472.0
590.5
442.0
323.5
521.5
268.0
152.5
295.0
811.0
590.5
89.5
212.5
638.5
368.5
260.5
668.5
400.0
544.0
530.5
884.5
470.5
1160.5
245.5
55.0
193.0
124.0
418.0
403.0
319.0
379.0
257.5
226.0
286.0
91.0
539.5
172.0
245.5
818.5
547.0
379.0
644.5
184.0
142.0
161.5
220.0
568.0
436.0
310.0
260.5
751.0
197.5
152.5
430.0
992.5
239.5
331.0
353.5
634.0
911.5
70.0
686.5
77.5
124.0
163.0
496.0
491.5
896.5
598.0
491.5
472.0
116.5
283.0
562.0
149.5
355.0
161.5
581.5
827.5
799.0
247.0
143.5
529.0
239.5
326.5
983.5
359.5
377.5
59.5
409.0
359.5
181.0
568.0
479.5
178.0
187.0
469.0
635.5
200.5
242.5
101.5
322.0
727.0
151.0
350.5
902.5
125.5
203.5
196.0
541.0
601.0
373.0
446.5
106.0
272.5
322.0
290.5
185.5
473.5
272.5
544.0
110.5
275.5
194.5
700.0
251.5
283.0
404.5
572.5
292.0
754.0
326.5
452.5
388.0
775.0
308.5
58.0
260.5
370.0
452.5
328.0
488.5
89.5
85.0
590.5
724.0
548.5
146.5
574.0
971.5
211.0
124.0
424.0
181.0
433.0
236.5
625.0
674.5
122.5
454.0
83.5
40.0
278.5
181.0
427.0
154.0
748.0
76.0
328.0
190.0
101.5
277.0
725.5
580.0
431.5
574.0
325.0
253.0
745.0
122.5
184.0
211.0
226.0
218.5
233.5
1166.5
344.5
560.5
88.0
383.5
658.0
512.5
854.5
548.5
487.0
158.5
515.5
848.5
512.5
275.5
406.0
143.5
544.0
262.0
449.5
181.0
955.0
365.5
629.5
23.5
817.0
157.0
143.5
50.5
494.5
794.5
629.5
557.5
569.5
257.5
133.0
796.0
200.5
299.5
764.5
220.0
149.5
607.0
400.0
184.0
554.5
158.5
583.0
514.0
125.5
1052.5
269.5
920.5
365.5
418.0
178.0
697.0
490.0
332.5
280.0
394.0
385.0
259.0
64.0
959.5
484.0
533.5
284.5
505.0
344.5
50.5
857.5
733.0
367.0
193.0
434.5
41.5
433.0
355.0
766.0
269.5
295.0
473.5
616.0
341.5
175.0
179.5
166.0
356.5
232.0
611.5
149.5
508.0
410.5
494.5
379.0
220.0
173.5
188.5
619.0
550.0
640.0
349.0
353.5
127.0
521.5
116.5
298.0
208.0
149.5
382.0
49.0
187.0
385.0
85.0
217.0
397.0
308.5
136.0
118.0
880.0
175.0
365.5
248.5
767.5
707.5
646.0
388.0
938.5
325.0
623.5
115.0
664.0
634.0
340.0
358.0
92.5
131.5
380.5
463.0
335.5
260.5
127.0
628.0
970.0
392.5
250.0
1021.0
596.5
272.5
304.0
545.5
136.0
814.0
710.5
341.5
239.5
67.0
239.5
347.5
239.5
692.5
73.0
842.5
169.0
511.0
167.5
305.5
464.5
442.0
422.5
109.0
961.0
302.5
242.5
212.5
320.5
413.5
262.0
331.0
329.5
872.5
205.0
80.5
359.5
160.0
778.0
559.0
374.5
307.0
64.0
556.0
121.0
322.0
425.5
410.5
587.5
145.0
424.0
962.5
541.0
101.5
860.5
841.0
235.0
670.0
427.0
383.5
58.0
419.5
464.5
236.5
247.0
316.0
161.5
544.0
298.0
656.5
350.5
811.0
142.0
347.5
182.5
586.0
769.0
697.0
605.5
467.5
103.0
596.5
193.0
530.5
389.5
413.5
521.5
316.0
650.5
491.5
566.5
652.0
362.5
524.5
518.5
398.5
286.0
160.0
725.5
340.0
385.0
566.5
448.0
410.5
326.5
272.5
518.5
161.5
491.5
701.5
221.5
665.5
619.0
298.0
644.5
272.5
232.0
301.0
31.0
392.5
856.0
527.5
215.5
409.0
977.5
457.0
820.0
427.0
364.0
485.5
511.0
541.0
509.5
497.5
202.0
326.5
548.5
593.5
223.0
548.5
226.0
320.5
160.0
493.0
815.5
493.0
178.0
656.5
347.5
310.0
80.5
106.0
74.5
115.0
323.5
292.0
371.5
263.5
761.5
292.0
259.0
310.0
434.5
335.5
122.5
368.5
79.0
497.5
227.5
184.0
236.5
73.0
187.0
575.5
742.0
523.0
422.5
185.5
527.5
212.5
449.5
478.0
868.0
533.5
337.0
346.0
197.5
223.0
176.5
1124.5
172.0
793.0
203.5
437.5
398.5
475.0
226.0
446.5
208.0
284.5
659.5
446.5
799.0
745.0
266.5
242.5
674.5
65.5
85.0
355.0
139.0
388.0
469.0
374.5
704.5
197.5
545.5
148.0
521.5
547.0
215.5
74.5
347.5
275.5
386.5
146.5
97.0
506.5
373.0
658.0
229.0
334.0
620.5
311.5
400.0
203.5
520.0
349.0
169.0
251.5
218.5
188.5
251.5
575.5
349.0
278.5
739.0
706.0
178.0
553.0
137.5
473.5
625.0
800.5
368.5
386.5
163.0
233.5
478.0
103.0
1072.0
371.5
680.5
319.0
268.0
722.5
430.0
298.0
491.5
127.0
190.0
455.5
131.5
202.0
623.5
653.5
602.5
116.5
229.0
157.0
655.0
397.0
98.5
770.5
562.0
322.0
605.5
182.5
401.5
382.0
841.0
97.0
581.5
451.0
539.5
683.5
776.5
197.5
260.5
187.0
301.0
301.0
212.5
514.0
590.5
278.5
785.5
128.5
274.0
293.5
107.5
259.0
209.5
217.0
385.0
332.5
220.0
721.0
652.0
211.0
184.0
184.0
380.5
262.0
460.0
260.5
385.0
316.0
137.5
370.0
263.5
140.5
196.0
694.0
190.0
62.5
163.0
265.0
382.0
842.5
415.0
688.0
676.0
740.5
497.5
245.5
733.0
184.0
506.5
374.5
124.0
92.5
598.0
317.5
430.0
967.0
233.5
353.5
275.5
412.0
266.5
104.5
170.5
403.0
403.0
395.5
151.0
256.0
263.5
389.5
136.0
451.0
514.0
776.5
398.5
463.0
121.0
55.0
355.0
52.0
748.0
667.0
239.5
562.0
119.5
146.5
577.0
845.5
634.0
700.0
184.0
349.0
422.5
491.5
475.0
442.0
781.0
776.5
731.5
145.0
292.0
166.0
58.0
722.5
542.5
748.0
292.0
691.0
215.5
469.0
287.5
190.0
344.5
112.0
668.5
374.5
61.0
946.0
242.5
182.5
413.5
1055.5
524.5
820.0
184.0
920.5
421.0
580.0
260.5
217.0
116.5
818.5
242.5
332.5
281.5
370.0
109.0
8.5
434.5
374.5
289.0
119.5
73.0
691.0
169.0
82.0
382.0
194.5
991.0
211.0
194.5
434.5
616.0
395.5
142.0
203.5
374.5
589.0
308.5
307.0
205.0
358.0
758.5
154.0
649.0
253.0
323.5
590.5
527.5
301.0
202.0
1153.0
260.5
418.0
214.0
227.5
185.5
529.0
179.5
685.0
397.0
470.5
388.0
805.0
365.5
374.5
227.5
203.5
319.0
692.5
254.5
97.0
172.0
485.5
458.5
760.0
391.0
335.5
443.5
107.5
146.5
251.5
224.5
182.5
92.5
307.0
667.0
523.0
79.0
302.5
68.5
824.5
214.0
551.5
535.0
212.5
338.5
748.0
326.5
227.5
497.5
247.0
415.0
526.0
316.0
364.0
439.0
229.0
203.5
266.5
134.5
440.5
431.5
143.5
485.5
770.5
455.5
389.5
332.5
275.5
412.0
122.5
227.5
298.0
325.0
155.5
283.0
224.5
239.5
280.0
323.5
440.5
317.5
47.5
313.0
551.5
241.0
340.0
691.0
203.5
362.5
730.0
553.0
118.0
317.5
239.5
307.0
676.0
194.5
623.5
104.5
163.0
545.5
329.5
820.0
823.0
382.0
247.0
311.5
325.0
652.0
416.5
353.5
997.0
260.5
406.0
352.0
434.5
476.5
305.5
358.0
329.5
238.0
397.0
700.0
320.5
694.0
191.5
320.5
929.5
509.5
256.0
298.0
283.0
200.5
398.5
805.0
661.0
283.0
505.0
766.0
362.5
431.5
226.0
316.0
190.0
719.5
253.0
500.5
310.0
229.0
391.0
703.0
260.5
496.0
491.5
628.0
214.0
200.5
122.5
244.0
811.0
221.5
523.0
224.5
692.5
235.0
355.0
148.0
155.5
244.0
184.0
124.0
637.0
251.5
814.0
544.0
358.0
379.0
121.0
203.5
424.0
758.5
488.5
544.0
424.0
727.0
287.5
136.0
115.0
104.5
806.5
218.5
220.0
472.0
725.5
835.0
341.5
1115.5
763.0
595.0
59.5
247.0
593.5
164.5
310.0
206.5
203.5
574.0
239.5
190.0
224.5
536.5
506.5
475.0
770.5
292.0
341.5
794.5
742.0
703.0
472.0
40.0
128.5
253.0
341.5
800.5
356.5
272.5
325.0
406.0
280.0
433.0
466.0
745.0
415.0
500.5
125.5
214.0
547.0
124.0
706.0
691.0
143.5
545.5
278.5
95.5
505.0
406.0
334.0
217.0
185.5
355.0
76.0
238.0
152.5
77.5
209.5
617.5
509.5
202.0
92.5
59.5
304.0
133.0
202.0
202.0
338.5
226.0
262.0
230.5
530.5
19.0
949.0
286.0
155.5
251.5
757.0
370.0
431.5
487.0
302.5
178.0
529.0
517.0
545.5
115.0
409.0
257.5
335.5
677.5
271.0
463.0
545.5
176.5
367.0
131.5
871.0
127.0
565.0
188.5
992.5
382.0
467.5
748.0
146.5
725.5
751.0
319.0
281.5
251.5
188.5
290.5
22.0
614.5
616.0
424.0
61.0
575.5
182.5
353.5
95.5
503.5
65.5
500.5
313.0
197.5
418.0
311.5
110.5
299.5
43.0
197.5
206.5
269.5
299.5
139.0
332.5
127.0
341.5
205.0
457.0
454.0
307.0
515.5
242.5
193.0
298.0
977.5
329.5
251.5
710.5
460.0
226.0
187.0
242.5
784.0
95.5
218.5
235.0
119.5
209.5
236.5
277.0
182.5
220.0
458.5
155.5
437.5
884.5
197.5
239.5
619.0
706.0
743.5
92.5
652.0
703.0
275.5
550.0
521.5
836.5
269.5
473.5
698.5
293.5
190.0
692.5
334.0
590.5
970.0
817.0
677.5
659.5
412.0
149.5
284.5
226.0
475.0
478.0
391.0
583.0
169.0
406.0
388.0
283.0
527.5
373.0
373.0
698.5
544.0
874.0
37.0
820.0
926.5
176.5
74.5
779.5
173.5
223.0
499.0
350.5
166.0
107.5
277.0
415.0
917.5
136.0
718.0
64.0
290.5
272.5
236.5
698.5
287.5
269.5
55.0
191.5
443.5
575.5
694.0
458.5
563.5
256.0
253.0
346.0
488.5
835.0
167.5
386.5
709.0
550.0
185.5
385.0
314.5
103.0
346.0
712.0
281.5
353.5
248.5
478.0
421.0
433.0
157.0
176.5
50.5
659.5
266.5
817.0
521.5
400.0
305.5
526.0
148.0
154.0
110.5
247.0
155.5
104.5
109.0
391.0
262.0
266.5
752.5
730.0
248.5
688.0
835.0
8.5
176.5
613.0
608.5
194.5
439.0
542.5
254.5
275.5
625.0
452.5
125.5
302.5
352.0
181.0
388.0
256.0
278.5
98.5
398.5
86.5
191.5
256.0
370.0
190.0
566.5
476.5
562.0
1043.5
376.0
703.0
268.0
209.5
97.0
206.5
118.0
352.0
155.5
544.0
392.5
223.0
496.0
988.0
58.0
209.5
178.0
55.0
367.0
245.5
463.0
299.5
655.0
277.0
212.5
158.5
244.0
877.0
100.0
262.0
181.0
410.5
422.5
850.0
623.5
160.0
521.5
139.0
64.0
580.0
145.0
790.0
266.5
644.5
524.5
158.5
373.0
77.5
247.0
367.0
431.5
419.5
301.0
545.5
809.5
430.0
539.5
950.5
725.5
187.0
470.5
296.5
502.0
248.5
227.5
491.5
263.5
149.5
251.5
838.0
752.5
325.0
844.0
569.5
308.5
187.0
1054.0
166.0
973.0
391.0
137.5
479.5
347.5
167.5
721.0
731.5
112.0
1049.5
301.0
305.5
760.0
298.0
671.5
830.5
635.5
511.0
211.0
221.5
659.5
146.5
400.0
289.0
229.0
104.5
238.0
410.5
112.0
289.0
707.5
278.5
703.0
259.0
799.0
241.0
292.0
823.0
230.5
452.5
170.5
374.5
121.0
859.0
308.5
229.0
773.5
170.5
404.5
160.0
479.5
490.0
292.0
850.0
295.0
169.0
145.0
440.5
427.0
38.5
35.5
196.0
331.0
323.5
148.0
1084.0
739.0
182.5
634.0
428.5
631.0
187.0
206.5
149.5
317.5
671.5
226.0
673.0
317.5
53.5
604.0
613.0
380.5
266.5
380.5
148.0
935.5
758.5
562.0
581.5
265.0
185.5
304.0
598.0
884.5
772.0
106.0
139.0
173.5
512.5
404.5
391.0
962.5
512.5
262.0
349.0
874.0
214.0
311.5
301.0
421.0
626.5
634.0
410.5
257.5
536.5
241.0
661.0
470.5
730.0
602.5
130.0
235.0
137.5
196.0
197.5
256.0
451.0
646.0
152.5
170.5
308.5
983.5
433.0
415.0
440.5
392.5
763.0
109.0
130.0
484.0
290.5
767.5
500.5
949.0
364.0
68.5
746.5
226.0
656.5
610.0
406.0
236.5
353.5
331.0
142.0
328.0
116.5
506.5
442.0
296.5
50.5
565.0
262.0
257.5
386.5
373.0
443.5
266.5
218.5
275.5
457.0
188.5
190.0
349.0
254.5
520.0
415.0
592.0
853.0
310.0
526.0
200.5
638.5
410.5
208.0
121.0
359.5
202.0
569.5
380.5
272.5
209.5
145.0
223.0
725.5
580.0
661.0
119.5
365.5
787.0
170.5
796.0
374.5
122.5
691.0
290.5
311.5
755.5
97.0
326.5
553.0
265.0
103.0
76.0
457.0
929.5
463.0
478.0
64.0
410.5
266.5
46.0
811.0
317.5
151.0
373.0
736.0
101.5
23.5
154.0
101.5
230.5
67.0
419.5
539.5
274.0
464.5
428.5
182.5
617.5
194.5
677.5
337.0
1010.5
86.5
811.0
143.5
166.0
563.5
121.0
461.5
466.0
212.5
149.5
901.0
607.0
1051.0
385.0
244.0
892.0
427.0
337.0
137.5
359.5
233.5
182.5
544.0
640.0
577.0
770.5
307.0
155.5
133.0
512.5
629.5
218.5
277.0
458.5
565.0
479.5
275.5
170.5
685.0
760.0
269.5
109.0
404.5
295.0
200.5
724.0
445.0
109.0
659.5
394.0
271.0
401.5
412.0
877.0
863.5
359.5
262.0
478.0
352.0
551.5
740.5
415.0
665.5
98.5
844.0
127.0
131.5
188.5
505.0
508.0
179.5
436.0
557.5
278.5
446.5
641.5
838.0
191.5
245.5
494.5
383.5
334.0
541.0
295.0
643.0
416.5
437.5
418.0
50.5
122.5
229.0
527.5
640.0
395.5
589.0
182.5
499.0
217.0
227.5
23.5
671.5
382.0
262.0
260.5
518.5
368.5
502.0
352.0
341.5
377.5
467.5
277.0
806.5
157.0
287.5
287.5
647.5
257.5
1049.5
415.0
365.5
434.5
301.0
190.0
848.5
73.0
425.5
269.5
145.0
103.0
50.5
488.5
545.5
281.5
781.0
184.0
107.5
242.5
415.0
209.5
596.5
169.0
200.5
452.5
721.0
151.0
535.0
506.5
338.5
212.5
103.0
214.0
508.0
338.5
335.5
443.5
76.0
713.5
265.0
206.5
797.5
454.0
638.5
241.0
164.5
424.0
640.0
329.5
371.5
32.5
295.0
941.5
31.0
256.0
479.5
539.5
274.0
443.5
127.0
136.0
223.0
410.5
328.0
221.5
161.5
220.0
505.0
49.0
620.5
253.0
556.0
700.0
95.5
955.0
311.5
86.5
944.5
248.5
841.0
806.5
385.0
863.5
383.5
484.0
218.5
406.0
409.0
487.0
197.5
394.0
760.0
565.0
752.5
442.0
100.0
443.5
376.0
116.5
443.5
247.0
341.5
113.5
367.0
518.5
928.0
421.0
785.5
257.5
514.0
298.0
386.5
338.5
733.0
452.5
101.5
571.0
758.5
776.5
167.5
611.5
145.0
203.5
151.0
253.0
617.5
185.5
202.0
383.5
434.5
292.0
250.0
323.5
275.5
956.5
491.5
893.5
574.0
221.5
422.5
173.5
785.5
295.0
316.0
383.5
760.0
274.0
329.5
823.0
1040.5
44.5
700.0
829.0
302.5
349.0
191.5
785.5
601.0
203.5
523.0
446.5
629.5
155.5
367.0
377.5
155.5
476.5
253.0
745.0
194.5
128.5
1175.5
40.0
190.0
262.0
211.0
440.5
109.0
788.5
269.5
401.5
428.5
773.5
593.5
278.5
184.0
340.0
559.0
778.0
121.0
224.5
593.5
229.0
110.5
85.0
334.0
163.0
505.0
148.0
404.5
911.5
299.5
172.0
131.5
202.0
127.0
547.0
454.0
497.5
610.0
562.0
197.5
721.0
193.0
410.5
395.5
415.0
235.0
236.5
446.5
308.5
167.5
296.5
244.0
457.0
350.5
494.5
98.5
232.0
134.5
658.0
299.5
203.5
769.0
299.5
311.5
782.5
224.5
229.0
757.0
374.5
212.5
397.0
232.0
188.5
10.0
164.5
793.0
415.0
571.0
295.0
679.0
529.0
493.0
382.0
340.0
218.5
199.0
430.0
170.5
218.5
139.0
496.0
71.5
685.0
184.0
208.0
841.0
797.5
304.0
43.0
110.5
140.5
299.5
482.5
574.0
1159.0
205.0
889.0
872.5
637.0
380.5
362.5
434.5
458.5
439.0
275.5
808.0
1045.0
394.0
175.0
286.0
763.0
94.0
479.5
1160.5
989.5
665.5
181.0
274.0
473.5
160.0
761.5
131.5
476.5
200.5
269.5
692.5
310.0
619.0
757.0
518.5
196.0
463.0
848.5
433.0
329.5
629.5
961.0
784.0
101.5
173.5
394.0
157.0
107.5
743.5
509.5
241.0
583.0
329.5
758.5
418.0
719.5
509.5
547.0
313.0
449.5
566.5
988.0
878.5
32.5
142.0
188.5
386.5
355.0
53.5
793.0
86.5
329.5
184.0
226.0
263.5
334.0
49.0
70.0
508.0
382.0
541.0
625.0
329.5
284.5
43.0
205.0
187.0
242.5
308.5
431.5
139.0
190.0
455.5
793.0
616.0
194.5
284.5
83.5
347.5
413.5
277.0
250.0
259.0
490.0
62.5
310.0
397.0
434.5
622.0
289.0
116.5
169.0
608.5
316.0
269.5
401.5
586.0
298.0
346.0
326.5
701.5
661.0
922.0
157.0
553.0
136.0
689.5
395.5
800.5
514.0
808.0
116.5
190.0
161.5
94.0
1064.5
418.0
205.0
115.0
181.0
190.0
901.0
203.5
584.5
125.5
113.5
620.5
202.0
346.0
919.0
422.5
733.0
295.0
571.0
73.0
265.0
511.0
556.0
434.5
839.5
346.0
323.5
437.5
350.5
227.5
451.0
176.5
556.0
254.5
626.5
250.0
437.5
278.5
1064.5
47.5
488.5
703.0
122.5
475.0
278.5
439.0
317.5
500.5
11.5
278.5
130.0
68.5
302.5
167.5
160.0
460.0
130.0
238.0
265.0
776.5
190.0
196.0
61.0
218.5
766.0
674.5
176.5
706.0
91.0
217.0
475.0
412.0
460.0
397.0
403.0
100.0
536.5
739.0
520.0
143.5
1190.5
598.0
128.5
163.0
181.0
376.0
368.5
398.5
341.5
308.5
424.0
200.5
274.0
295.0
196.0
416.5
431.5
343.0
155.5
401.5
101.5
644.5
136.0
448.0
373.0
310.0
712.0
611.5
479.5
31.0
112.0
436.0
502.0
571.0
137.5
350.5
35.5
218.5
1052.5
409.0
545.5
679.0
536.5
217.0
353.5
323.5
878.5
367.0
820.0
350.5
269.5
283.0
1024.0
146.5
173.5
359.5
826.0
67.0
55.0
524.5
214.0
236.5
209.5
635.5
91.0
748.0
322.0
314.5
845.5
332.5
403.0
524.5
103.0
422.5
466.0
350.5
338.5
250.0
202.0
590.5
551.5
311.5
320.5
547.0
253.0
290.5
796.0
671.5
527.5
572.5
868.0
1073.5
655.0
62.5
340.0
104.5
575.5
227.5
482.5
394.0
127.0
271.0
157.0
938.5
1042.0
1108.0
479.5
115.0
248.5
941.5
410.5
142.0
389.5
136.0
973.0
370.0
638.5
347.5
284.5
308.5
481.0
308.5
506.5
262.0
605.5
254.5
167.5
161.5
212.5
691.0
742.0
514.0
667.0
337.0
167.5
895.0
130.0
715.0
554.5
82.0
467.5
169.0
865.0
337.0
755.5
341.5
389.5
58.0
136.0
229.0
341.5
242.5
190.0
106.0
647.5
574.0
95.5
35.5
242.5
737.5
238.0
737.5
217.0
518.5
761.5
313.0
497.5
625.0
544.0
871.0
277.0
166.0
440.5
379.0
272.5
490.0
262.0
71.5
311.5
170.5
242.5
481.0
584.5
920.5
533.5
124.0
202.0
416.5
413.5
136.0
361.0
265.0
407.5
487.0
194.5
176.5
265.0
374.5
754.0
176.5
251.5
404.5
82.0
443.5
373.0
458.5
334.0
118.0
194.5
310.0
862.0
416.5
649.0
443.5
334.0
116.5
467.5
152.5
287.5
818.5
484.0
533.5
203.5
470.5
550.0
278.5
208.0
217.0
521.5
1175.5
287.5
764.5
206.5
70.0
82.0
199.0
118.0
128.5
280.0
173.5
79.0
187.0
25.0
439.0
476.5
608.5
502.0
211.0
196.0
149.5
169.0
200.5
190.0
208.0
107.5
436.0
170.5
287.5
451.0
506.5
551.5
289.0
97.0
406.0
187.0
475.0
475.0
946.0
103.0
895.0
904.0
350.5
500.5
184.0
104.5
439.0
319.0
530.5
115.0
148.0
406.0
230.5
1007.5
206.5
745.0
71.5
245.5
398.5
605.5
187.0
310.0
250.0
794.5
155.5
202.0
518.5
155.5
839.5
338.5
139.0
502.0
775.0
704.5
728.5
94.0
397.0
275.5
331.0
520.0
859.0
958.0
199.0
485.5
187.0
128.5
346.0
1019.5
299.5
472.0
107.5
239.5
182.5
80.5
985.0
353.5
235.0
706.0
440.5
215.5
131.5
373.0
976.0
227.5
688.0
137.5
253.0
79.0
298.0
512.5
307.0
166.0
95.5
880.0
302.5
257.5
359.5
350.5
218.5
460.0
223.0
638.5
910.0
175.0
785.5
296.5
146.5
100.0
157.0
245.5
139.0
580.0
107.5
128.5
649.0
112.0
505.0
389.5
193.0
167.5
289.0
547.0
326.5
224.5
362.5
224.5
277.0
619.0
290.5
311.5
902.5
401.5
242.5
812.5
110.5
515.5
712.0
281.5
880.0
641.5
247.0
355.0
638.5
403.0
323.5
245.5
503.5
265.0
605.5
14.5
457.0
160.0
244.0
253.0
631.0
928.0
347.5
484.0
518.5
512.5
614.5
166.0
514.0
994.0
874.0
133.0
239.5
188.5
961.0
733.0
475.0
349.0
652.0
137.5
512.5
413.5
233.5
335.5
649.0
62.5
395.5
796.0
109.0
929.5
770.5
338.5
248.5
85.0
37.0
577.0
121.0
475.0
139.0
194.5
559.0
388.0
446.5
494.5
257.5
118.0
926.5
295.0
1046.5
496.0
400.0
670.0
188.5
449.5
322.0
721.0
973.0
247.0
514.0
556.0
467.5
241.0
262.0
217.0
455.5
877.0
167.5
116.5
556.0
133.0
809.5
403.0
589.0
152.5
97.0
200.5
164.5
383.5
473.5
122.5
589.0
190.0
502.0
635.5
184.0
581.5
610.0
53.5
311.5
877.0
220.0
275.5
167.5
451.0
778.0
871.0
611.5
253.0
103.0
295.0
853.0
145.0
302.5
247.0
206.5
641.5
356.5
299.5
737.5
400.0
415.0
284.5
245.5
167.5
173.5
466.0
362.5
388.0
562.0
853.0
422.5
353.5
236.5
413.5
293.5
718.0
701.5
713.5
328.0
392.5
547.0
437.5
214.0
101.5
475.0
935.5
401.5
299.5
239.5
731.5
176.5
445.0
152.5
214.0
260.5
463.0
545.5
668.5
202.0
334.0
550.0
1040.5
385.0
388.0
433.0
350.5
532.0
280.0
71.5
353.5
169.0
152.5
370.0
754.0
167.5
230.5
802.0
710.5
251.5
140.5
299.5
20.5
136.0
307.0
362.5
107.5
742.0
1063.0
548.5
766.0
581.5
361.0
334.0
232.0
197.5
494.5
388.0
664.0
67.0
511.0
767.5
107.5
158.5
524.5
616.0
236.5
1124.5
404.5
332.5
700.0
310.0
386.5
931.0
329.5
440.5
703.0
280.0
62.5
241.0
28.0
155.5
410.5
725.5
377.5
203.5
355.0
202.0
208.0
37.0
377.5
590.5
274.0
406.0
451.0
374.5
161.5
577.0
100.0
760.0
125.5
259.0
178.0
661.0
290.5
593.5
157.0
238.0
413.5
401.5
305.5
82.0
260.5
454.0
580.0
736.0
434.5
203.5
910.0
625.0
121.0
113.5
50.5
721.0
362.5
101.5
121.0
293.5
352.0
107.5
131.5
178.0
109.0
283.0
182.5
623.5
347.5
539.5
290.5
449.5
118.0
673.0
616.0
82.0
199.0
514.0
427.0
313.0
679.0
112.0
319.0
317.5
367.0
871.0
391.0
578.5
437.5
275.5
601.0
838.0
352.0
137.5
326.5
835.0
274.0
544.0
811.0
304.0
275.5
533.5
280.0
629.5
701.5
293.5
604.0
89.5
737.5
778.0
440.5
97.0
367.0
217.0
170.5
202.0
116.5
670.0
854.5
550.0
665.5
527.5
655.0
151.0
373.0
338.5
167.5
419.5
346.0
616.0
196.0
212.5
863.5
362.5
275.5
206.5
209.5
175.0
524.5
115.0
565.0
415.0
658.0
286.0
232.0
313.0
263.5
602.5
221.5
224.5
704.5
1232.5
193.0
394.0
19.0
230.5
47.5
335.5
850.0
487.0
469.0
181.0
464.5
160.0
110.5
574.0
554.5
508.0
142.0
194.5
427.0
461.5
818.5
955.0
388.0
446.5
721.0
176.5
347.5
358.0
170.5
256.0
874.0
260.5
122.5
329.5
521.5
529.0
145.0
545.5
520.0
302.5
206.5
218.5
238.0
427.0
221.5
310.0
457.0
778.0
281.5
374.5
587.5
143.5
596.5
364.0
88.0
466.0
599.5
265.0
443.5
289.0
550.0
694.0
98.5
134.5
44.5
106.0
88.0
155.5
232.0
235.0
1067.5
986.5
322.0
248.5
379.0
332.5
661.0
343.0
904.0
184.0
76.0
529.0
193.0
131.5
349.0
347.5
164.5
269.5
214.0
301.0
368.5
184.0
548.5
736.0
232.0
199.0
415.0
185.5
442.0
290.5
271.0
325.0
46.0
865.0
200.5
169.0
23.5
212.5
658.0
346.0
197.5
395.5
157.0
160.0
178.0
328.0
133.0
169.0
539.5
508.0
422.5
211.0
146.5
475.0
394.0
109.0
167.5
488.5
458.5
191.5
155.5
734.5
649.0
245.5
230.5
58.0
127.0
484.0
332.5
275.5
569.5
812.5
250.0
296.5
680.5
244.0
395.5
791.5
781.0
253.0
295.0
491.5
328.0
370.0
305.5
262.0
355.0
689.5
265.0
374.5
611.5
167.5
74.5
682.0
136.0
872.5
451.0
646.0
704.5
445.0
338.5
409.0
413.5
316.0
347.5
314.5
920.5
79.0
307.0
505.0
130.0
56.5
505.0
385.0
635.5
707.5
548.5
302.5
673.0
328.0
434.5
346.0
538.0
113.5
646.0
82.0
796.0
755.5
527.5
274.0
659.5
247.0
193.0
169.0
776.5
400.0
161.5
182.5
509.5
89.5
259.0
448.0
298.0
400.0
679.0
262.0
160.0
427.0
568.0
400.0
107.5
251.5
274.0
571.0
178.0
172.0
575.5
160.0
287.5
479.5
320.5
382.0
466.0
172.0
134.5
367.0
313.0
403.0
571.0
154.0
101.5
421.0
340.0
443.5
242.5
475.0
470.5
715.0
773.5
70.0
409.0
289.0
338.5
718.0
728.5
890.5
206.5
107.5
419.5
158.5
272.5
344.5
166.0
173.5
245.5
667.0
662.5
161.5
547.0
308.5
149.5
770.5
905.5
281.5
400.0
227.5
221.5
205.0
328.0
286.0
773.5
244.0
341.5
826.0
754.0
286.0
140.5
211.0
85.0
553.0
217.0
392.5
125.5
194.5
682.0
1061.5
592.0
163.0
109.0
502.0
278.5
725.5
518.5
511.0
893.5
112.0
461.5
314.5
347.5
55.0
131.5
76.0
340.0
128.5
29.5
98.5
725.5
239.5
487.0
335.5
53.5
589.0
793.0
725.5
80.5
310.0
136.0
931.0
437.5
239.5
553.0
313.0
343.0
823.0
850.0
341.5
212.5
319.0
641.5
211.0
416.5
442.0
799.0
1135.0
325.0
442.0
490.0
634.0
130.0
589.0
425.5
293.5
508.0
263.5
661.0
128.5
548.5
553.0
700.0
496.0
164.5
256.0
242.5
58.0
166.0
653.5
254.5
859.0
401.5
251.5
49.0
190.0
523.0
271.0
869.5
517.0
784.0
395.5
322.0
313.0
683.5
527.5
785.5
226.0
476.5
295.0
629.5
136.0
413.5
251.5
371.5
434.5
434.5
82.0
536.5
307.0
110.5
748.0
323.5
155.5
227.5
905.5
680.5
170.5
994.0
160.0
325.0
347.5
775.0
289.0
886.0
781.0
428.5
611.5
398.5
628.0
221.5
400.0
596.5
847.0
620.5
311.5
190.0
518.5
275.5
926.5
709.0
209.5
341.5
398.5
125.5
464.5
359.5
142.0
344.5
287.5
149.5
229.0
374.5
484.0
343.0
353.5
101.5
209.5
403.0
850.0
178.0
326.5
307.0
238.0
242.5
476.5
215.5
1078.0
433.0
407.5
226.0
196.0
320.5
178.0
517.0
451.0
161.5
71.5
476.5
383.5
667.0
784.0
701.5
295.0
178.0
430.0
646.0
923.5
458.5
154.0
67.0
115.0
370.0
353.5
211.0
278.5
299.5
356.5
55.0
149.5
104.5
478.0
292.0
