119.5
166.0
671.5
806.5
311.5
877.0
431.5
220.0
262.0
146.5
461.5
181.0
409.0
241.0
539.5
581.5
460.0
259.0
386.5
349.0
137.5
437.5
446.5
554.5
482.5
431.5
202.0
56.5
251.5
224.5
13.0
214.0
172.0
359.5
110.5
83.5
724.0
112.0
515.5
350.5
71.5
133.0
251.5
241.0
206.5
157.0
470.5
293.5
112.0
281.5
347.5
95.5
86.5
272.5
130.0
380.5
37.0
190.0
407.5
176.5
670.0
148.0
503.5
146.5
605.5
157.0
424.0
94.0
362.5
155.5
584.5
514.0
224.5
641.5
323.5
239.5
553.0
284.5
497.5
686.5
830.5
304.0
859.0
548.5
422.5
898.0
172.0
169.0
226.0
155.5
275.5
329.5
307.0
239.5
853.0
248.5
101.5
233.5
664.0
304.0
137.5
304.0
421.0
98.5
298.0
323.5
274.0
398.5
418.0
689.5
577.0
140.5
401.5
119.5
125.5
164.5
284.5
349.0
680.5
584.5
47.5
58.0
599.5
508.0
190.0
230.5
415.0
656.5
581.5
464.5
278.5
199.0
772.0
853.0
139.0
193.0
394.0
584.5
595.0
341.5
443.5
226.0
169.0
242.5
674.5
298.0
178.0
434.5
259.0
311.5
397.0
133.0
157.0
440.5
577.0
362.5
292.0
488.5
458.5
454.0
208.0
362.5
680.5
523.0
226.0
188.5
247.0
371.5
346.0
610.0
283.0
398.5
146.5
475.0
646.0
529.0
227.5
302.5
434.5
415.0
98.5
535.0
536.5
592.0
439.0
49.0
242.5
160.0
325.0
526.0
397.0
106.0
283.0
233.5
358.0
473.5
193.0
197.5
149.5
142.0
436.0
142.0
89.5
155.5
83.5
424.0
121.0
344.5
446.5
103.0
170.5
409.0
185.5
136.0
106.0
398.5
734.5
275.5
86.5
124.0
275.5
149.5
437.5
40.0
101.5
575.5
254.5
40.0
338.5
430.0
197.5
380.5
418.0
644.5
10.0
121.0
478.0
266.5
289.0
448.0
613.0
470.5
361.0
235.0
317.5
427.0
688.0
301.0
643.0
562.0
548.5
227.5
437.5
79.0
52.0
500.5
254.5
592.0
587.5
710.5
437.5
317.5
482.5
484.0
137.5
199.0
286.0
106.0
74.5
278.5
200.5
94.0
130.0
353.5
443.5
142.0
145.0
298.0
262.0
88.0
86.5
533.5
388.0
461.5
356.5
866.5
520.0
254.5
421.0
230.5
370.0
536.5
322.0
466.0
322.0
857.5
551.5
461.5
790.0
770.5
76.0
382.0
103.0
431.5
41.5
280.0
181.0
350.5
355.0
385.0
107.5
427.0
310.0
259.0
110.5
955.0
803.5
683.5
254.5
145.0
281.5
773.5
265.0
736.0
463.0
334.0
466.0
124.0
170.5
91.0
682.0
313.0
493.0
152.5
290.5
143.5
140.5
214.0
371.5
115.0
85.0
209.5
151.0
127.0
191.5
223.0
326.5
343.0
281.5
566.5
199.0
922.0
368.5
206.5
472.0
686.5
356.5
166.0
67.0
286.0
268.0
299.5
188.5
436.0
358.0
367.0
602.5
737.5
433.0
439.0
247.0
460.0
262.0
220.0
988.0
146.5
217.0
241.0
406.0
500.5
320.5
490.0
157.0
227.5
680.5
335.5
323.5
214.0
317.5
17.5
73.0
281.5
109.0
553.0
355.0
539.5
568.0
478.0
178.0
221.5
550.0
353.5
215.5
716.5
400.0
232.0
356.5
86.5
422.5
643.0
166.0
170.5
253.0
418.0
311.5
514.0
397.0
119.5
74.5
256.0
56.5
322.0
415.0
475.0
289.0
184.0
49.0
1094.5
716.5
16.0
307.0
286.0
143.5
488.5
559.0
632.5
287.5
170.5
85.0
337.0
433.0
322.0
151.0
139.0
440.5
271.0
185.5
511.0
370.0
230.5
79.0
128.5
169.0
221.5
116.5
463.0
109.0
229.0
643.0
191.5
286.0
410.5
149.5
565.0
118.0
269.5
496.0
340.0
440.5
179.5
715.0
367.0
763.0
482.5
527.5
517.0
185.5
353.5
286.0
416.5
182.5
527.5
68.5
262.0
115.0
131.5
256.0
68.5
188.5
607.0
140.5
100.0
445.0
19.0
136.0
293.5
839.5
86.5
493.0
125.5
130.0
958.0
155.5
236.5
143.5
256.0
190.0
59.5
688.0
245.5
472.0
259.0
508.0
199.0
233.5
617.5
628.0
74.5
566.5
166.0
521.5
101.5
359.5
619.0
436.0
418.0
218.5
239.5
478.0
392.5
616.0
292.0
238.0
175.0
259.0
83.5
167.5
473.5
148.0
205.0
554.5
532.0
413.5
289.0
152.5
353.5
571.0
200.5
562.0
121.0
181.0
53.5
116.5
547.0
682.0
481.0
662.5
713.5
761.5
289.0
302.5
421.0
646.0
406.0
425.5
326.5
343.0
500.5
383.5
343.0
446.5
779.5
304.0
781.0
287.5
442.0
221.5
596.5
151.0
545.5
203.5
286.0
425.5
347.5
242.5
70.0
643.0
268.0
208.0
76.0
253.0
47.5
802.0
583.0
242.5
499.0
278.5
398.5
200.5
322.0
262.0
392.5
115.0
344.5
67.0
433.0
628.0
337.0
292.0
100.0
424.0
910.0
385.0
157.0
203.5
637.0
458.5
182.5
821.5
727.0
280.0
44.5
137.5
244.0
130.0
443.5
371.5
439.0
77.5
419.5
380.5
176.5
437.5
632.5
350.5
301.0
838.0
839.5
376.0
586.0
196.0
320.5
253.0
163.0
113.5
127.0
76.0
214.0
259.0
101.5
166.0
586.0
107.5
694.0
350.5
316.0
428.5
217.0
230.5
520.0
433.0
266.5
136.0
379.0
328.0
307.0
517.0
664.0
58.0
373.0
212.5
380.5
293.5
409.0
77.5
236.5
497.5
538.0
382.0
110.5
313.0
73.0
379.0
388.0
253.0
532.0
334.0
194.5
527.5
451.0
545.5
512.5
319.0
62.5
358.0
298.0
220.0
274.0
104.5
529.0
103.0
161.5
155.5
307.0
185.5
457.0
457.0
140.5
584.5
389.5
136.0
274.0
152.5
212.5
628.0
203.5
308.5
487.0
727.0
806.5
218.5
175.0
536.5
208.0
194.5
445.0
448.0
605.5
395.5
361.0
226.0
136.0
845.5
536.5
532.0
314.5
97.0
682.0
367.0
283.0
179.5
691.0
85.0
310.0
182.5
49.0
275.5
44.5
643.0
562.0
314.5
263.5
490.0
395.5
446.5
208.0
581.5
340.0
328.0
79.0
116.5
134.5
320.5
406.0
445.0
271.0
323.5
317.5
400.0
122.5
52.0
190.0
179.5
488.5
851.5
248.5
185.5
517.0
130.0
115.0
64.0
649.0
83.5
209.5
265.0
302.5
79.0
148.0
202.0
71.5
325.0
311.5
451.0
190.0
179.5
566.5
242.5
364.0
457.0
905.5
664.0
530.5
124.0
403.0
550.0
263.5
625.0
143.5
124.0
220.0
493.0
314.5
289.0
380.5
83.5
302.5
454.0
433.0
539.5
454.0
1004.5
124.0
775.0
799.0
313.0
304.0
197.5
137.5
806.5
176.5
166.0
314.5
146.5
530.5
359.5
92.5
542.5
371.5
230.5
49.0
446.5
529.0
91.0
586.0
334.0
439.0
368.5
209.5
274.0
512.5
349.0
472.0
142.0
161.5
146.5
286.0
326.5
430.0
532.0
473.5
215.5
395.5
322.0
338.5
733.0
562.0
298.0
160.0
122.5
209.5
119.5
161.5
191.5
115.0
122.5
718.0
361.0
502.0
350.5
163.0
94.0
275.5
323.5
125.5
149.5
142.0
199.0
67.0
154.0
539.5
280.0
365.5
643.0
170.5
95.5
122.5
769.0
718.0
94.0
226.0
326.5
227.5
134.5
272.5
497.5
428.5
434.5
214.0
128.5
373.0
307.0
269.5
229.0
836.5
155.5
628.0
380.5
296.5
611.5
407.5
343.0
299.5
295.0
173.5
127.0
457.0
259.0
578.5
236.5
260.5
92.5
133.0
290.5
502.0
199.0
449.5
572.5
694.0
235.0
478.0
47.5
470.5
343.0
634.0
196.0
949.0
452.5
490.0
224.5
547.0
281.5
148.0
29.5
286.0
352.0
526.0
319.0
322.0
106.0
217.0
280.0
230.5
352.0
811.0
505.0
181.0
431.5
320.5
203.5
197.5
695.5
193.0
698.5
142.0
391.0
194.5
344.5
158.5
229.0
170.5
361.0
437.5
124.0
629.5
785.5
85.0
359.5
161.5
379.0
335.5
677.5
346.0
151.0
466.0
623.5
307.0
415.0
317.5
472.0
277.0
119.5
317.5
286.0
281.5
218.5
146.5
613.0
278.5
136.0
460.0
139.0
613.0
604.0
172.0
29.5
110.5
175.0
370.0
277.0
584.5
676.0
124.0
554.5
344.5
305.5
113.5
107.5
154.0
508.0
289.0
647.5
638.5
560.5
818.5
208.0
445.0
245.5
742.0
661.0
188.5
179.5
179.5
629.5
329.5
151.0
299.5
620.5
740.5
361.0
689.5
160.0
914.5
533.5
934.0
160.0
640.0
307.0
319.0
173.5
547.0
662.5
83.5
274.0
247.0
539.5
560.5
343.0
397.0
157.0
143.5
305.5
689.5
98.5
863.5
260.5
274.0
406.0
679.0
337.0
334.0
541.0
281.5
254.5
500.5
370.0
232.0
313.0
334.0
323.5
416.5
293.5
257.5
373.0
190.0
637.0
260.5
581.5
632.5
347.5
431.5
739.0
731.5
610.0
449.5
421.0
787.0
131.5
193.0
338.5
689.5
56.5
517.0
908.5
239.5
401.5
610.0
608.5
502.0
134.5
58.0
424.0
679.0
209.5
235.0
170.5
358.0
430.0
661.0
124.0
682.0
46.0
107.5
233.5
271.0
779.5
121.0
47.5
592.0
250.0
755.5
410.5
191.5
805.0
563.5
490.0
533.5
250.0
556.0
167.5
308.5
115.0
407.5
215.5
436.0
322.0
169.0
632.5
470.5
95.5
157.0
353.5
215.5
59.5
178.0
263.5
217.0
499.0
182.5
332.5
554.5
295.0
179.5
95.5
283.0
518.5
185.5
553.0
322.0
163.0
236.5
770.5
377.5
401.5
52.0
488.5
88.0
233.5
215.5
317.5
455.5
290.5
437.5
181.0
263.5
452.5
145.0
227.5
173.5
101.5
830.5
203.5
47.5
605.5
61.0
410.5
244.0
365.5
155.5
284.5
179.5
706.0
376.0
100.0
124.0
182.5
670.0
292.0
671.5
334.0
421.0
521.5
11.5
394.0
224.5
220.0
98.5
289.0
341.5
451.0
241.0
748.0
533.5
116.5
173.5
485.5
74.5
340.0
445.0
190.0
134.5
151.0
481.0
478.0
389.5
55.0
124.0
271.0
188.5
226.0
197.5
250.0
289.0
137.5
248.5
410.5
566.5
380.5
128.5
103.0
197.5
283.0
169.0
97.0
313.0
425.5
166.0
205.0
95.5
205.0
316.0
209.5
71.5
143.5
331.0
167.5
433.0
679.0
772.0
380.5
82.0
208.0
499.0
97.0
332.5
182.5
410.5
223.0
281.5
112.0
461.5
268.0
617.5
151.0
302.5
218.5
112.0
707.5
326.5
355.0
131.5
157.0
365.5
401.5
607.0
370.0
914.5
253.0
196.0
415.0
251.5
440.5
485.5
121.0
266.5
406.0
107.5
149.5
170.5
322.0
452.5
397.0
131.5
277.0
554.5
280.0
364.0
503.5
568.0
472.0
239.5
407.5
254.5
125.5
236.5
550.0
281.5
122.5
400.0
338.5
226.0
119.5
160.0
203.5
358.0
421.0
157.0
208.0
494.5
761.5
311.5
535.0
200.5
391.0
145.0
257.5
161.5
134.5
146.5
523.0
692.5
520.0
427.0
211.0
641.5
188.5
371.5
359.5
85.0
173.5
143.5
146.5
226.0
178.0
442.0
56.5
493.0
70.0
155.5
104.5
196.0
233.5
148.0
154.0
250.0
917.5
392.5
64.0
151.0
161.5
169.0
97.0
356.5
856.0
677.5
329.5
643.0
223.0
455.5
112.0
262.0
373.0
481.0
395.5
223.0
136.0
88.0
262.0
329.5
604.0
113.5
235.0
317.5
605.5
206.5
526.0
988.0
883.0
139.0
85.0
367.0
238.0
8.5
277.0
433.0
830.5
107.5
880.0
374.5
200.5
404.5
206.5
275.5
421.0
56.5
380.5
214.0
281.5
332.5
563.5
259.0
598.0
592.0
475.0
254.5
427.0
887.5
419.5
343.0
836.5
707.5
649.0
446.5
329.5
173.5
271.0
541.0
65.5
359.5
217.0
352.0
286.0
310.0
368.5
421.0
638.5
70.0
332.5
226.0
286.0
566.5
110.5
235.0
283.0
856.0
175.0
376.0
257.5
1078.0
317.5
175.0
458.5
197.5
41.5
418.0
290.5
536.5
164.5
295.0
736.0
190.0
289.0
344.5
367.0
748.0
316.0
205.0
188.5
100.0
668.5
56.5
322.0
361.0
329.5
221.5
352.0
277.0
322.0
178.0
341.5
989.5
406.0
395.5
229.0
308.5
371.5
467.5
562.0
392.5
452.5
788.5
413.5
328.0
476.5
361.0
445.0
119.5
233.5
65.5
341.5
409.0
242.5
572.5
382.0
242.5
350.5
604.0
290.5
131.5
134.5
484.0
112.0
404.5
437.5
700.0
275.5
448.0
769.0
473.5
28.0
343.0
119.5
272.5
200.5
461.5
233.5
440.5
259.0
115.0
187.0
382.0
271.0
346.0
589.0
136.0
733.0
199.0
335.5
484.0
152.5
109.0
314.5
200.5
208.0
41.5
217.0
605.5
587.5
338.5
70.0
469.0
199.0
191.5
356.5
553.0
310.0
136.0
220.0
151.0
616.0
584.5
397.0
232.0
143.5
325.0
236.5
365.5
223.0
163.0
353.5
310.0
217.0
377.5
268.0
514.0
182.5
104.5
89.5
379.0
661.0
397.0
262.0
281.5
176.5
155.5
38.5
440.5
524.5
473.5
23.5
332.5
155.5
224.5
443.5
232.0
97.0
377.5
328.0
716.5
406.0
122.5
259.0
491.5
379.0
259.0
523.0
922.0
551.5
178.0
229.0
344.5
286.0
329.5
181.0
349.0
557.5
70.0
208.0
292.0
137.5
493.0
536.5
712.0
712.0
239.5
491.5
356.5
287.5
454.0
128.5
199.0
37.0
557.5
121.0
554.5
389.5
340.0
350.5
281.5
361.0
253.0
493.0
212.5
386.5
242.5
166.0
40.0
154.0
487.0
110.5
772.0
374.5
859.0
566.5
610.0
323.5
260.5
148.0
199.0
298.0
118.0
311.5
65.5
97.0
884.5
254.5
101.5
187.0
134.5
193.0
151.0
490.0
122.5
406.0
347.5
241.0
640.0
604.0
325.0
572.5
548.5
140.5
190.0
127.0
226.0
275.5
17.5
412.0
776.5
598.0
244.0
539.5
577.0
340.0
484.0
256.0
95.5
416.5
737.5
112.0
745.0
224.5
790.0
469.0
196.0
130.0
149.5
197.5
235.0
163.0
278.5
131.5
409.0
496.0
541.0
400.0
974.5
662.5
611.5
596.5
650.5
322.0
131.5
206.5
308.5
185.5
178.0
107.5
719.5
454.0
578.5
499.0
299.5
110.5
460.0
149.5
238.0
440.5
185.5
137.5
137.5
458.5
656.5
164.5
460.0
250.0
194.5
172.0
574.0
173.5
179.5
164.5
211.0
236.5
113.5
139.0
302.5
611.5
184.0
202.0
89.5
67.0
122.5
755.5
164.5
383.5
220.0
140.5
343.0
323.5
823.0
401.5
187.0
367.0
223.0
611.5
184.0
1033.0
550.0
406.0
532.0
802.0
221.5
152.5
55.0
287.5
595.0
83.5
463.0
215.5
86.5
431.5
134.5
439.0
293.5
112.0
820.0
680.5
313.0
380.5
350.5
259.0
242.5
281.5
262.0
707.5
341.5
314.5
214.0
421.0
86.5
457.0
512.5
265.0
284.5
260.5
244.0
499.0
554.5
155.5
230.5
260.5
100.0
211.0
304.0
158.5
79.0
32.5
227.5
287.5
449.5
431.5
104.5
467.5
185.5
347.5
599.5
208.0
569.5
293.5
517.0
773.5
211.0
175.0
364.0
113.5
343.0
401.5
197.5
470.5
370.0
172.0
65.5
871.0
727.0
260.5
581.5
119.5
334.0
577.0
235.0
227.5
368.5
757.0
430.0
128.5
218.5
236.5
529.0
392.5
353.5
67.0
371.5
244.0
127.0
277.0
164.5
641.5
146.5
356.5
628.0
200.5
151.0
560.5
377.5
269.5
628.0
286.0
412.0
307.0
673.0
553.0
593.5
214.0
284.5
314.5
232.0
269.5
211.0
238.0
314.5
1003.0
349.0
149.5
433.0
164.5
134.5
395.5
214.0
136.0
322.0
172.0
89.5
197.5
394.0
262.0
185.5
541.0
265.0
389.5
680.5
626.5
298.0
953.5
512.5
226.0
415.0
925.0
173.5
247.0
344.5
95.5
673.0
163.0
278.5
179.5
424.0
131.5
766.0
289.0
782.5
317.5
461.5
25.0
415.0
121.0
79.0
467.5
589.0
569.5
391.0
904.0
293.5
107.5
154.0
728.5
98.5
152.5
380.5
269.5
203.5
238.0
418.0
328.0
532.0
611.5
490.0
595.0
304.0
598.0
68.5
427.0
445.0
161.5
214.0
305.5
397.0
509.5
463.0
577.0
179.5
283.0
518.5
515.5
136.0
271.0
425.5
244.0
190.0
280.0
341.5
169.0
10.0
125.5
190.0
283.0
442.0
239.5
98.5
34.0
253.0
737.5
194.5
11.5
377.5
316.0
512.5
241.0
259.0
466.0
589.0
542.5
370.0
127.0
158.5
176.5
208.0
110.5
152.5
185.5
584.5
343.0
470.5
89.5
53.5
320.5
208.0
512.5
70.0
230.5
383.5
50.5
145.0
94.0
595.0
469.0
277.0
311.5
770.5
20.5
79.0
170.5
439.0
244.0
365.5
320.5
262.0
619.0
187.0
347.5
197.5
53.5
407.5
136.0
448.0
109.0
322.0
409.0
874.0
628.0
337.0
74.5
91.0
106.0
103.0
310.0
278.5
437.5
332.5
791.5
389.5
178.0
140.5
149.5
475.0
193.0
844.0
128.5
694.0
568.0
197.5
239.5
352.0
112.0
157.0
418.0
316.0
251.5
511.0
533.5
202.0
371.5
446.5
49.0
241.0
188.5
554.5
152.5
328.0
317.5
374.5
371.5
355.0
365.5
256.0
377.5
266.5
149.5
203.5
598.0
173.5
157.0
37.0
73.0
253.0
65.5
440.5
55.0
610.0
641.5
313.0
413.5
472.0
367.0
316.0
491.5
248.5
191.5
271.0
703.0
517.0
82.0
362.5
262.0
308.5
169.0
278.5
86.5
208.0
184.0
317.5
139.0
319.0
128.5
194.5
470.5
163.0
223.0
182.5
193.0
328.0
812.5
263.5
316.0
241.0
517.0
736.0
92.5
80.5
379.0
310.0
559.0
295.0
425.5
665.5
274.0
260.5
398.5
58.0
199.0
478.0
677.5
337.0
1004.5
601.0
172.0
76.0
338.5
58.0
341.5
130.0
553.0
346.0
161.5
532.0
64.0
226.0
466.0
889.0
116.5
379.0
476.5
20.5
359.5
248.5
368.5
200.5
184.0
487.0
386.5
433.0
475.0
662.5
463.0
104.5
359.5
187.0
721.0
371.5
488.5
281.5
451.0
667.0
524.5
238.0
365.5
76.0
112.0
464.5
538.0
373.0
367.0
52.0
142.0
211.0
386.5
244.0
226.0
625.0
221.5
418.0
196.0
347.5
427.0
550.0
511.0
166.0
454.0
113.5
821.5
287.5
355.0
152.5
193.0
353.5
392.5
173.5
554.5
506.5
355.0
380.5
157.0
154.0
167.5
230.5
424.0
421.0
13.0
485.5
259.0
380.5
698.5
805.0
239.5
275.5
241.0
371.5
82.0
121.0
22.0
235.0
602.5
142.0
28.0
67.0
370.0
250.0
388.0
259.0
439.0
1025.5
815.5
566.5
422.5
863.5
490.0
152.5
152.5
281.5
427.0
173.5
638.5
574.0
269.5
476.5
509.5
86.5
104.5
719.5
739.0
433.0
388.0
172.0
451.0
248.5
274.0
25.0
74.5
598.0
487.0
890.5
349.0
401.5
190.0
137.5
145.0
142.0
218.5
206.5
248.5
478.0
413.5
182.5
74.5
427.0
692.5
536.5
280.0
199.0
689.5
215.5
265.0
641.5
202.0
209.5
842.5
29.5
398.5
49.0
209.5
527.5
659.5
233.5
41.5
100.0
184.0
124.0
187.0
334.0
620.5
355.0
265.0
124.0
766.0
169.0
206.5
770.5
572.5
358.0
161.5
257.5
383.5
278.5
257.5
287.5
160.0
817.0
286.0
73.0
301.0
419.5
661.0
737.5
82.0
226.0
109.0
355.0
401.5
476.5
397.0
151.0
526.0
164.5
589.0
49.0
418.0
625.0
137.5
98.5
457.0
692.5
238.0
442.0
89.5
344.5
335.5
379.0
287.5
361.0
466.0
283.0
314.5
476.5
166.0
70.0
463.0
241.0
313.0
268.0
275.5
341.5
740.5
526.0
215.5
184.0
319.0
149.5
754.0
257.5
260.5
517.0
511.0
514.0
124.0
44.5
205.0
355.0
653.5
263.5
130.0
79.0
331.0
160.0
296.5
313.0
766.0
299.5
272.5
230.5
169.0
445.0
766.0
188.5
313.0
314.5
263.5
307.0
97.0
389.5
155.5
598.0
463.0
547.0
323.5
154.0
842.5
266.5
634.0
340.0
445.0
323.5
266.5
395.5
194.5
286.0
320.5
239.5
368.5
158.5
631.0
187.0
200.5
95.5
109.0
116.5
169.0
350.5
41.5
46.0
875.5
253.0
124.0
229.0
376.0
604.0
334.0
188.5
55.0
263.5
790.0
392.5
206.5
67.0
356.5
226.0
310.0
670.0
314.5
638.5
290.5
22.0
403.0
178.0
604.0
527.5
319.0
266.5
640.0
1031.5
671.5
209.5
118.0
214.0
521.5
265.0
308.5
98.5
233.5
49.0
200.5
103.0
766.0
235.0
104.5
361.0
271.0
103.0
355.0
316.0
8.5
89.5
281.5
215.5
95.5
388.0
127.0
566.5
359.5
236.5
106.0
176.5
115.0
299.5
314.5
160.0
574.0
629.5
223.0
224.5
428.5
259.0
184.0
28.0
220.0
97.0
262.0
356.5
118.0
91.0
158.5
307.0
299.5
337.0
305.5
421.0
179.5
271.0
674.5
460.0
179.5
115.0
322.0
467.5
343.0
556.0
433.0
376.0
158.5
538.0
362.5
539.5
169.0
640.0
76.0
374.5
140.5
209.5
209.5
694.0
926.5
176.5
313.0
326.5
134.5
194.5
217.0
89.5
116.5
193.0
89.5
64.0
230.5
623.5
397.0
148.0
181.0
602.5
403.0
836.5
289.0
250.0
664.0
353.5
184.0
155.5
248.5
218.5
460.0
500.5
253.0
362.5
553.0
448.0
301.0
503.5
206.5
629.5
496.0
41.5
182.5
397.0
326.5
235.0
376.0
98.5
127.0
446.5
439.0
259.0
157.0
209.5
163.0
97.0
304.0
341.5
218.5
178.0
245.5
520.0
313.0
568.0
533.5
734.5
295.0
376.0
61.0
350.5
59.5
277.0
326.5
527.5
121.0
569.5
184.0
730.0
431.5
478.0
221.5
494.5
335.5
211.0
131.5
229.0
128.5
208.0
275.5
118.0
74.5
274.0
397.0
142.0
284.5
322.0
221.5
508.0
145.0
472.0
32.5
211.0
190.0
83.5
130.0
128.5
301.0
406.0
148.0
668.5
563.5
190.0
245.5
310.0
170.5
214.0
157.0
244.0
424.0
182.5
257.5
806.5
374.5
235.0
439.0
634.0
214.0
160.0
209.5
308.5
191.5
59.5
506.5
274.0
632.5
232.0
643.0
86.5
385.0
137.5
371.5
137.5
412.0
445.0
163.0
157.0
172.0
340.0
491.5
172.0
200.5
374.5
251.5
664.0
313.0
257.5
569.5
100.0
137.5
140.5
251.5
191.5
382.0
467.5
218.5
736.0
470.5
230.5
520.0
719.5
205.0
328.0
520.0
445.0
529.0
325.0
178.0
307.0
332.5
140.5
236.5
346.0
181.0
679.0
253.0
214.0
677.5
176.5
328.0
527.5
146.5
152.5
421.0
193.0
355.0
287.5
620.5
535.0
536.5
416.5
188.5
560.5
638.5
104.5
100.0
283.0
272.5
589.0
118.0
149.5
317.5
259.0
224.5
155.5
205.0
629.5
191.5
161.5
151.0
251.5
167.5
128.5
259.0
284.5
419.5
611.5
326.5
184.0
425.5
401.5
607.0
1007.5
262.0
185.5
88.0
275.5
437.5
196.0
214.0
125.5
128.5
685.0
160.0
152.5
217.0
592.0
86.5
158.5
269.5
358.0
223.0
341.5
481.0
209.5
388.0
145.0
170.5
104.5
227.5
328.0
125.5
103.0
145.0
325.0
287.5
221.5
745.0
185.5
448.0
187.0
38.5
271.0
268.0
776.5
239.5
88.0
242.5
376.0
232.0
172.0
308.5
479.5
631.0
319.0
356.5
190.0
146.5
196.0
73.0
470.5
386.5
179.5
737.5
424.0
257.5
119.5
178.0
34.0
308.5
613.0
470.5
473.5
547.0
320.5
272.5
542.5
286.0
457.0
395.5
274.0
503.5
326.5
280.0
323.5
674.5
410.5
37.0
400.0
128.5
287.5
89.5
644.5
466.0
500.5
301.0
109.0
854.5
737.5
274.0
179.5
280.0
682.0
383.5
482.5
868.0
524.5
193.0
314.5
403.0
389.5
196.0
643.0
172.0
148.0
155.5
226.0
386.5
352.0
68.5
98.5
337.0
590.5
46.0
481.0
412.0
254.5
361.0
365.5
269.5
200.5
610.0
184.0
140.5
191.5
457.0
61.0
284.5
418.0
545.5
452.5
94.0
278.5
178.0
952.0
454.0
208.0
202.0
655.0
529.0
365.5
944.5
535.0
422.5
299.5
91.0
478.0
491.5
304.0
214.0
206.5
272.5
788.5
194.5
497.5
301.0
128.5
832.0
139.0
70.0
173.5
368.5
196.0
211.0
184.0
224.5
64.0
275.5
218.5
88.0
116.5
332.5
64.0
502.0
179.5
155.5
826.0
170.5
160.0
215.5
298.0
224.5
338.5
535.0
739.0
469.0
580.0
352.0
598.0
97.0
181.0
325.0
662.5
602.5
274.0
160.0
136.0
370.0
121.0
134.5
505.0
298.0
130.0
212.5
242.5
278.5
47.5
316.0
287.5
101.5
38.5
143.5
460.0
88.0
98.5
209.5
400.0
278.5
79.0
61.0
226.0
58.0
317.5
185.5
86.5
14.5
124.0
310.0
202.0
284.5
344.5
320.5
43.0
244.0
629.5
488.5
554.5
409.0
356.5
341.5
401.5
476.5
710.5
224.5
149.5
346.0
26.5
166.0
325.0
209.5
277.0
436.0
62.5
208.0
425.5
13.0
133.0
251.5
107.5
298.0
143.5
365.5
374.5
172.0
532.0
304.0
166.0
253.0
634.0
170.5
140.5
308.5
184.0
409.0
125.5
316.0
56.5
140.5
229.0
329.5
280.0
145.0
76.0
109.0
38.5
172.0
184.0
203.5
697.0
206.5
83.5
248.5
374.5
250.0
332.5
311.5
584.5
271.0
191.5
247.0
185.5
760.0
500.5
503.5
250.0
362.5
412.0
589.0
287.5
190.0
788.5
292.0
568.0
350.5
95.5
554.5
272.5
143.5
901.0
164.5
394.0
184.0
404.5
41.5
565.0
194.5
211.0
25.0
353.5
160.0
659.5
682.0
103.0
340.0
748.0
230.5
266.5
334.0
328.0
182.5
475.0
152.5
530.5
16.0
298.0
566.5
398.5
544.0
395.5
335.5
358.0
56.5
454.0
371.5
212.5
262.0
608.5
644.5
718.0
121.0
307.0
193.0
416.5
502.0
674.5
746.5
446.5
742.0
148.0
98.5
413.5
362.5
596.5
148.0
388.0
107.5
593.5
119.5
625.0
169.0
395.5
176.5
167.5
569.5
122.5
500.5
320.5
118.0
224.5
760.0
172.0
215.5
523.0
607.0
437.5
254.5
155.5
766.0
299.5
299.5
343.0
304.0
311.5
266.5
518.5
61.0
317.5
536.5
754.0
64.0
209.5
23.5
380.5
154.0
530.5
472.0
536.5
199.0
310.0
263.5
89.5
106.0
367.0
311.5
88.0
362.5
692.5
176.5
409.0
238.0
697.0
308.5
380.5
97.0
172.0
109.0
151.0
160.0
103.0
109.0
301.0
100.0
698.5
502.0
169.0
74.5
166.0
124.0
149.5
623.5
529.0
344.5
278.5
371.5
847.0
362.5
1018.0
152.5
590.5
568.0
634.0
287.5
491.5
509.5
808.0
326.5
112.0
197.5
451.0
353.5
238.0
265.0
523.0
335.5
655.0
229.0
403.0
217.0
44.5
421.0
266.5
439.0
616.0
278.5
743.5
700.0
847.0
716.5
410.5
400.0
505.0
281.5
472.0
131.5
166.0
455.5
118.0
275.5
94.0
361.0
523.0
688.0
437.5
103.0
343.0
82.0
364.0
278.5
670.0
227.5
547.0
362.5
352.0
325.0
506.5
832.0
235.0
176.5
353.5
50.5
121.0
379.0
502.0
95.5
109.0
344.5
607.0
185.5
65.5
305.5
596.5
382.0
62.5
509.5
230.5
248.5
167.5
815.5
286.0
170.5
83.5
643.0
371.5
139.0
812.5
763.0
176.5
154.0
392.5
707.5
397.0
109.0
224.5
64.0
16.0
301.0
292.0
188.5
205.0
238.0
302.5
709.0
370.0
97.0
143.5
626.5
496.0
889.0
374.5
256.0
353.5
349.0
65.5
233.5
254.5
928.0
68.5
56.5
202.0
65.5
161.5
535.0
389.5
239.5
68.5
323.5
343.0
640.0
367.0
112.0
358.0
182.5
190.0
325.0
73.0
196.0
517.0
226.0
535.0
361.0
181.0
175.0
388.0
152.5
107.5
277.0
178.0
748.0
109.0
512.5
176.5
820.0
643.0
529.0
80.5
130.0
262.0
191.5
142.0
107.5
490.0
500.5
248.5
539.5
217.0
607.0
520.0
458.5
611.5
506.5
404.5
266.5
244.0
100.0
322.0
130.0
559.0
278.5
413.5
349.0
325.0
275.5
50.5
82.0
143.5
221.5
271.0
230.5
374.5
740.5
353.5
518.5
239.5
184.0
193.0
299.5
124.0
454.0
206.5
715.0
233.5
823.0
160.0
95.5
79.0
52.0
181.0
212.5
175.0
80.5
839.5
220.0
133.0
709.0
367.0
161.5
502.0
454.0
74.5
386.5
137.5
175.0
202.0
101.5
814.0
310.0
115.0
1055.5
647.5
493.0
595.0
83.5
520.0
235.0
223.0
233.5
458.5
160.0
785.5
287.5
98.5
188.5
332.5
290.5
149.5
187.0
449.5
112.0
254.5
661.0
170.5
176.5
211.0
203.5
625.0
254.5
262.0
145.0
179.5
577.0
512.5
223.0
343.0
412.0
265.0
334.0
382.0
197.5
439.0
368.5
446.5
835.0
176.5
113.5
296.5
412.0
157.0
464.5
266.5
418.0
199.0
262.0
334.0
256.0
208.0
682.0
736.0
149.5
575.5
164.5
751.0
104.5
965.5
587.5
278.5
139.0
503.5
578.5
235.0
199.0
224.5
409.0
235.0
391.0
706.0
184.0
175.0
406.0
538.0
530.5
448.0
406.0
38.5
251.5
161.5
515.5
356.5
392.5
788.5
475.0
268.0
314.5
62.5
62.5
269.5
685.0
337.0
130.0
782.5
326.5
379.0
461.5
277.0
194.5
227.5
161.5
578.5
499.0
503.5
145.0
37.0
119.5
445.0
203.5
251.5
146.5
455.5
241.0
514.0
136.0
614.5
593.5
673.0
580.0
653.5
244.0
85.0
511.0
257.5
113.5
76.0
137.5
143.5
167.5
506.5
388.0
700.0
392.5
574.0
523.0
308.5
290.5
433.0
262.0
253.0
613.0
209.5
392.5
74.5
154.0
86.5
409.0
722.5
280.0
541.0
346.0
221.5
70.0
446.5
379.0
146.5
203.5
82.0
136.0
548.5
175.0
173.5
635.5
506.5
269.5
457.0
92.5
992.5
274.0
488.5
260.5
223.0
220.0
628.0
100.0
560.5
215.5
136.0
178.0
382.0
347.5
536.5
268.0
397.0
26.5
115.0
401.5
166.0
454.0
494.5
587.5
44.5
349.0
683.5
92.5
412.0
289.0
646.0
79.0
635.5
413.5
461.5
80.5
490.0
16.0
799.0
371.5
1078.0
112.0
790.0
343.0
338.5
278.5
181.0
307.0
593.5
374.5
335.5
518.5
349.0
133.0
71.5
226.0
529.0
335.5
247.0
227.5
388.0
343.0
811.0
178.0
785.5
113.5
238.0
421.0
394.0
335.5
334.0
128.5
422.5
320.5
155.5
262.0
340.0
1063.0
230.5
133.0
364.0
709.0
485.5
293.5
892.0
334.0
187.0
431.5
139.0
119.5
382.0
95.5
412.0
100.0
262.0
350.5
322.0
650.5
116.5
286.0
499.0
251.5
449.5
146.5
721.0
583.0
463.0
304.0
104.5
175.0
95.5
212.5
239.5
662.5
289.0
200.5
214.0
97.0
403.0
391.0
290.5
553.0
559.0
491.5
607.0
806.5
175.0
230.5
664.0
148.0
155.5
154.0
371.5
118.0
68.5
299.5
659.5
686.5
80.5
523.0
355.0
254.5
481.0
712.0
307.0
139.0
253.0
304.0
145.0
34.0
211.0
238.0
110.5
182.5
191.5
296.5
97.0
274.0
191.5
163.0
19.0
149.5
1045.0
362.5
208.0
71.5
97.0
752.5
422.5
395.5
107.5
401.5
442.0
386.5
179.5
206.5
226.0
181.0
581.5
362.5
358.0
280.0
167.5
163.0
245.5
226.0
688.0
428.5
389.5
764.5
323.5
229.0
736.0
151.0
350.5
673.0
223.0
329.5
62.5
200.5
692.5
440.5
409.0
169.0
301.0
298.0
445.0
391.0
388.0
140.5
130.0
41.5
175.0
263.5
499.0
293.5
457.0
217.0
61.0
280.0
190.0
128.5
169.0
58.0
763.0
277.0
368.5
437.5
254.5
566.5
263.5
544.0
98.5
325.0
215.5
272.5
287.5
31.0
64.0
448.0
406.0
500.5
425.5
493.0
439.0
590.5
368.5
521.5
181.0
280.0
562.0
340.0
485.5
553.0
338.5
142.0
187.0
64.0
268.0
158.5
428.5
346.0
254.5
455.5
334.0
419.5
416.5
209.5
137.5
137.5
574.0
358.0
436.0
250.0
157.0
260.5
352.0
152.5
35.5
469.0
524.5
470.5
187.0
223.0
242.5
763.0
266.5
475.0
265.0
238.0
247.0
617.5
371.5
752.5
364.0
209.5
338.5
944.5
490.0
302.5
98.5
575.5
316.0
151.0
170.5
115.0
602.5
314.5
634.0
565.0
53.5
286.0
241.0
509.5
74.5
89.5
380.5
118.0
247.0
161.5
454.0
56.5
395.5
322.0
205.0
341.5
47.5
86.5
470.5
55.0
55.0
53.5
218.5
679.0
487.0
161.5
209.5
149.5
509.5
239.5
428.5
67.0
374.5
499.0
586.0
742.0
161.5
199.0
578.5
787.0
359.5
412.0
347.5
376.0
185.5
215.5
268.0
425.5
166.0
718.0
467.5
215.5
106.0
365.5
338.5
269.5
457.0
220.0
886.0
406.0
629.5
236.5
964.0
643.0
926.5
139.0
295.0
119.5
445.0
494.5
524.5
976.0
602.5
697.0
173.5
167.5
235.0
634.0
302.5
730.0
73.0
701.5
677.5
497.5
400.0
647.5
634.0
40.0
371.5
179.5
1018.0
263.5
571.0
284.5
371.5
109.0
271.0
425.5
430.0
184.0
437.5
182.5
176.5
304.0
172.0
601.0
310.0
47.5
154.0
580.0
290.5
347.5
607.0
56.5
628.0
553.0
190.0
238.0
508.0
343.0
193.0
239.5
218.5
521.5
319.0
226.0
44.5
380.5
205.0
169.0
107.5
692.5
125.5
178.0
304.0
917.5
305.5
460.0
76.0
199.0
128.5
638.5
425.5
131.5
145.0
253.0
415.0
65.5
742.0
184.0
139.0
308.5
43.0
557.5
386.5
196.0
443.5
113.5
697.0
631.0
110.5
536.5
641.5
592.0
716.5
356.5
556.0
211.0
386.5
125.5
232.0
785.5
212.5
518.5
436.0
265.0
386.5
374.5
362.5
359.5
166.0
142.0
331.0
379.0
799.0
112.0
395.5
497.5
314.5
470.5
170.5
148.0
338.5
136.0
323.5
316.0
877.0
370.0
767.5
679.0
403.0
214.0
40.0
121.0
400.0
43.0
508.0
551.5
395.5
869.5
167.5
220.0
334.0
281.5
17.5
313.0
221.5
239.5
212.5
400.0
124.0
122.5
289.0
310.0
194.5
160.0
217.0
152.5
76.0
67.0
203.5
155.5
178.0
374.5
130.0
275.5
301.0
116.5
148.0
767.5
425.5
386.5
200.5
404.5
569.5
706.0
118.0
431.5
473.5
139.0
176.5
757.0
166.0
91.0
124.0
233.5
349.0
551.5
385.0
277.0
523.0
889.0
881.5
229.0
88.0
463.0
323.5
229.0
439.0
733.0
164.5
118.0
356.5
247.0
247.0
499.0
101.5
616.0
296.5
35.5
98.5
22.0
106.0
10.0
433.0
359.5
419.5
256.0
427.0
511.0
31.0
488.5
518.5
77.5
29.5
202.0
571.0
269.5
217.0
331.0
181.0
367.0
160.0
779.5
250.0
703.0
494.5
694.0
295.0
143.5
205.0
292.0
454.0
113.5
266.5
200.5
208.0
13.0
119.5
98.5
239.5
388.0
350.5
155.5
197.5
494.5
239.5
386.5
371.5
677.5
694.0
257.5
856.0
458.5
847.0
17.5
338.5
409.0
139.0
143.5
358.0
229.0
698.5
577.0
77.5
796.0
328.0
385.0
287.5
7.0
82.0
254.5
259.0
400.0
203.5
17.5
127.0
899.5
97.0
382.0
464.5
619.0
146.5
343.0
67.0
427.0
202.0
353.5
364.0
629.5
523.0
374.5
562.0
217.0
77.5
185.5
679.0
382.0
355.0
128.5
434.5
76.0
347.5
424.0
556.0
131.5
325.0
370.0
137.5
373.0
649.0
299.5
298.0
463.0
335.5
296.5
394.0
502.0
154.0
191.5
406.0
697.0
160.0
151.0
517.0
598.0
358.0
308.5
523.0
485.5
520.0
134.5
313.0
193.0
145.0
217.0
154.0
299.5
137.5
155.5
299.5
131.5
725.5
184.0
484.0
439.0
523.0
386.5
155.5
316.0
653.5
359.5
557.5
392.5
511.0
746.5
590.5
260.5
602.5
248.5
68.5
847.0
773.5
164.5
121.0
296.5
95.5
179.5
442.0
226.0
386.5
269.5
142.0
262.0
878.5
914.5
988.0
1063.0
238.0
218.5
478.0
386.5
356.5
469.0
245.5
305.5
217.0
824.5
223.0
301.0
341.5
286.0
221.5
518.5
142.0
709.0
223.0
82.0
580.0
326.5
487.0
356.5
629.5
247.0
529.0
175.0
347.5
100.0
109.0
65.5
617.5
202.0
149.5
61.0
283.0
88.0
191.5
274.0
460.0
379.0
116.5
221.5
151.0
641.5
784.0
179.5
49.0
86.5
791.5
694.0
568.0
826.0
280.0
505.0
281.5
400.0
325.0
194.5
215.5
664.0
280.0
119.5
382.0
374.5
443.5
259.0
224.5
148.0
220.0
548.5
158.5
38.5
233.5
341.5
365.5
542.5
751.0
232.0
668.5
695.5
359.5
443.5
583.0
232.0
1127.5
146.5
310.0
761.5
182.5
205.0
266.5
263.5
187.0
341.5
347.5
158.5
244.0
253.0
272.5
94.0
775.0
517.0
116.5
428.5
124.0
539.5
325.0
809.5
322.0
806.5
313.0
316.0
614.5
580.0
46.0
20.5
632.5
224.5
157.0
140.5
235.0
878.5
193.0
767.5
187.0
133.0
433.0
136.0
320.5
340.0
551.5
202.0
350.5
611.5
791.5
329.5
547.0
362.5
125.5
425.5
194.5
511.0
310.0
274.0
125.5
85.0
91.0
200.5
593.5
199.0
206.5
76.0
479.5
302.5
325.0
278.5
629.5
239.5
812.5
104.5
203.5
241.0
41.5
52.0
176.5
187.0
14.5
283.0
224.5
638.5
356.5
451.0
238.0
508.0
815.5
260.5
581.5
313.0
107.5
406.0
533.5
418.0
313.0
647.5
343.0
128.5
238.0
775.0
106.0
698.5
343.0
131.5
685.0
415.0
115.0
457.0
290.5
257.5
679.0
79.0
245.5
640.0
494.5
143.5
437.5
337.0
674.5
160.0
352.0
685.0
70.0
151.0
284.5
137.5
925.0
395.5
650.5
371.5
187.0
58.0
466.0
940.0
586.0
467.5
163.0
230.5
304.0
58.0
166.0
145.0
754.0
310.0
190.0
601.0
623.5
470.5
743.5
842.5
487.0
200.5
631.0
820.0
494.5
988.0
1126.0
301.0
73.0
269.5
103.0
317.5
112.0
188.5
74.5
917.5
418.0
424.0
200.5
266.5
847.0
430.0
265.0
154.0
664.0
293.5
157.0
302.5
242.5
577.0
269.5
235.0
305.5
385.0
277.0
115.0
479.5
313.0
80.5
430.0
749.5
223.0
106.0
494.5
530.5
83.5
461.5
227.5
313.0
230.5
313.0
350.5
449.5
178.0
340.0
251.5
422.5
286.0
148.0
427.0
110.5
466.0
373.0
442.0
263.5
640.0
560.5
527.5
590.5
229.0
214.0
146.5
383.5
256.0
170.5
259.0
181.0
32.5
233.5
44.5
314.5
107.5
134.5
133.0
38.5
872.5
206.5
440.5
872.5
295.0
44.5
448.0
413.5
58.0
19.0
284.5
145.0
142.0
760.0
217.0
377.5
218.5
250.0
79.0
112.0
254.5
541.0
332.5
161.5
172.0
218.5
191.5
235.0
502.0
596.5
980.5
347.5
278.5
427.0
947.5
155.5
221.5
190.0
761.5
373.0
466.0
298.0
355.0
194.5
383.5
139.0
383.5
97.0
17.5
328.0
350.5
575.5
80.5
425.5
244.0
443.5
382.0
268.0
266.5
256.0
139.0
64.0
496.0
533.5
283.0
365.5
502.0
848.5
80.5
562.0
673.0
193.0
251.5
349.0
277.0
536.5
155.5
181.0
194.5
136.0
380.5
722.5
236.5
241.0
478.0
748.0
107.5
223.0
922.0
580.0
275.5
662.5
91.0
571.0
182.5
88.0
625.0
121.0
551.5
187.0
454.0
400.0
259.0
512.5
187.0
704.5
91.0
284.5
457.0
223.0
184.0
574.0
154.0
139.0
73.0
227.5
469.0
296.5
598.0
829.0
440.5
337.0
79.0
173.5
166.0
391.0
460.0
185.5
266.5
211.0
503.5
412.0
223.0
781.0
239.5
196.0
290.5
530.5
422.5
115.0
94.0
220.0
575.5
623.5
793.0
280.0
905.5
179.5
298.0
353.5
541.0
109.0
179.5
277.0
38.5
349.0
661.0
196.0
140.5
160.0
442.0
493.0
652.0
382.0
136.0
589.0
104.5
349.0
209.5
250.0
160.0
304.0
316.0
361.0
38.5
332.5
565.0
230.5
332.5
697.0
550.0
460.0
286.0
265.0
187.0
607.0
376.0
157.0
706.0
200.5
