217.0
851.5
290.5
184.0
239.5
388.0
335.5
287.5
392.5
347.5
364.0
467.5
1001.5
604.0
356.5
277.0
710.5
919.0
712.0
182.5
151.0
316.0
941.5
628.0
197.5
680.5
647.5
172.0
256.0
683.5
202.0
407.5
620.5
242.5
400.0
586.0
125.5
173.5
770.5
833.5
619.0
835.0
133.0
434.5
458.5
307.0
326.5
622.0
734.5
845.5
1145.5
181.0
406.0
125.5
604.0
314.5
169.0
401.5
347.5
764.5
241.0
706.0
929.5
772.0
139.0
893.5
338.5
217.0
202.0
656.5
160.0
410.5
154.0
452.5
209.5
191.5
349.0
119.5
253.0
184.0
490.0
559.0
748.0
44.5
430.0
610.0
562.0
364.0
769.0
761.5
457.0
263.5
367.0
1034.5
557.5
271.0
305.5
523.0
376.0
719.5
290.5
379.0
430.0
499.0
352.0
289.0
808.0
325.0
533.5
634.0
499.0
191.5
536.5
520.0
776.5
260.5
235.0
358.0
439.0
928.0
1135.0
355.0
608.5
527.5
203.5
284.5
499.0
898.0
475.0
181.0
263.5
125.5
148.0
229.0
379.0
425.5
385.0
430.0
116.5
442.0
226.0
88.0
116.5
715.0
322.0
1142.5
464.5
397.0
395.5
394.0
361.0
160.0
295.0
556.0
937.0
625.0
668.5
308.5
251.5
268.0
422.5
277.0
452.5
293.5
299.5
434.5
427.0
308.5
847.0
212.5
152.5
319.0
632.5
448.0
668.5
182.5
500.5
310.0
605.5
838.0
140.5
215.5
394.0
260.5
200.5
736.0
658.0
494.5
659.5
358.0
563.5
625.0
556.0
388.0
349.0
530.5
208.0
212.5
236.5
620.5
427.0
610.0
994.0
866.5
502.0
596.5
415.0
184.0
146.5
362.5
758.5
580.0
664.0
529.0
263.5
568.0
283.0
461.5
662.5
442.0
305.5
347.5
332.5
194.5
247.0
487.0
1040.5
148.0
439.0
299.5
835.0
860.5
556.0
586.0
200.5
500.5
775.0
212.5
269.5
959.5
340.0
196.0
109.0
371.5
1082.5
454.0
280.0
413.5
73.0
625.0
380.5
424.0
608.5
734.5
151.0
617.5
44.5
313.0
251.5
949.0
785.5
548.5
989.5
1037.5
691.0
473.5
532.0
616.0
509.5
100.0
532.0
808.0
556.0
133.0
890.5
335.5
764.5
458.5
181.0
385.0
92.5
361.0
961.0
611.5
1051.0
1078.0
766.0
137.5
742.0
260.5
271.0
67.0
859.0
124.0
430.0
607.0
608.5
212.5
590.5
901.0
202.0
733.0
959.5
514.0
406.0
296.5
359.5
319.0
470.5
725.5
956.5
815.5
701.5
260.5
61.0
191.5
652.0
367.0
412.0
959.5
763.0
266.5
365.5
310.0
625.0
304.0
758.5
499.0
238.0
848.5
350.5
704.5
700.0
727.0
172.0
496.0
817.0
706.0
1064.5
281.5
485.5
520.0
418.0
559.0
580.0
311.5
940.0
214.0
236.5
617.5
362.5
11.5
185.5
685.0
499.0
841.0
557.5
262.0
109.0
295.0
661.0
1046.5
832.0
755.5
145.0
272.5
502.0
305.5
847.0
196.0
497.5
461.5
917.5
434.5
593.5
224.5
56.5
1021.0
626.5
202.0
572.5
311.5
733.0
392.5
190.0
557.5
748.0
577.0
944.5
644.5
656.5
941.5
638.5
919.0
554.5
865.0
125.5
605.5
923.5
139.0
790.0
529.0
217.0
671.5
1025.5
160.0
721.0
142.0
641.5
320.5
514.0
196.0
188.5
328.0
365.5
554.5
286.0
607.0
322.0
647.5
239.5
1040.5
398.5
658.0
344.5
538.0
49.0
127.0
89.5
160.0
1079.5
706.0
250.0
748.0
203.5
919.0
652.0
301.0
563.5
854.5
437.5
292.0
820.0
673.0
727.0
719.5
523.0
556.0
445.0
448.0
329.5
155.5
788.5
329.5
598.0
400.0
1022.5
374.5
247.0
383.5
428.5
488.5
929.5
157.0
164.5
584.5
308.5
244.0
175.0
884.5
301.0
286.0
32.5
245.5
154.0
905.5
310.0
241.0
625.0
280.0
967.0
388.0
188.5
631.0
617.5
451.0
469.0
805.0
530.5
161.5
370.0
884.5
452.5
305.5
583.0
527.5
961.0
161.5
292.0
145.0
64.0
971.5
329.5
244.0
176.5
392.5
271.0
371.5
86.5
821.5
220.0
275.5
341.5
1112.5
172.0
458.5
418.0
596.5
404.5
373.0
826.0
1210.0
229.0
568.0
530.5
649.0
260.5
146.5
476.5
713.5
191.5
167.5
548.5
647.5
562.0
166.0
308.5
307.0
410.5
727.0
203.5
511.0
289.0
946.0
440.5
616.0
53.5
224.5
124.0
362.5
212.5
1040.5
98.5
308.5
635.5
32.5
833.5
445.0
332.5
514.0
697.0
418.0
1058.5
251.5
317.5
683.5
218.5
587.5
973.0
763.0
688.0
221.5
571.0
245.5
194.5
746.5
361.0
401.5
304.0
326.5
124.0
698.5
683.5
241.0
989.5
401.5
373.0
239.5
82.0
511.0
326.5
502.0
565.0
680.5
361.0
436.0
691.0
623.5
340.0
809.5
457.0
200.5
211.0
548.5
511.0
872.5
410.5
809.5
266.5
128.5
661.0
260.5
319.0
223.0
134.5
239.5
323.5
803.5
442.0
674.5
460.0
695.5
616.0
211.0
493.0
224.5
203.5
187.0
169.0
221.5
373.0
245.5
338.5
836.5
812.5
662.5
698.5
347.5
191.5
683.5
340.0
478.0
721.0
1115.5
266.5
716.5
730.0
86.5
257.5
679.0
250.0
337.0
1132.0
644.5
493.0
806.5
647.5
295.0
338.5
169.0
631.0
136.0
391.0
341.5
179.5
212.5
754.0
1195.0
419.5
223.0
133.0
781.0
745.0
148.0
434.5
296.5
308.5
229.0
757.0
485.5
203.5
544.0
382.0
211.0
844.0
824.5
958.0
463.0
115.0
1033.0
796.0
190.0
739.0
893.5
241.0
1013.5
256.0
298.0
190.0
605.5
694.0
511.0
223.0
124.0
139.0
257.5
611.5
118.0
221.5
197.5
188.5
376.0
118.0
196.0
352.0
347.5
500.5
110.5
245.5
415.0
472.0
1042.0
425.5
856.0
316.0
479.5
637.0
301.0
437.5
1046.5
338.5
77.5
308.5
166.0
1091.5
350.5
416.5
79.0
932.5
103.0
428.5
401.5
344.5
179.5
293.5
1226.5
850.0
700.0
278.5
395.5
404.5
751.0
812.5
458.5
536.5
676.0
1106.5
572.5
769.0
323.5
841.0
25.0
557.5
62.5
923.5
326.5
779.5
151.0
508.0
110.5
722.5
728.5
586.0
134.5
226.0
323.5
283.0
518.5
797.5
848.5
122.5
76.0
815.5
295.0
184.0
199.0
1163.5
281.5
832.0
1048.0
191.5
491.5
440.5
1159.0
874.0
580.0
374.5
359.5
607.0
56.5
142.0
806.5
298.0
239.5
590.5
1034.5
922.0
32.5
877.0
700.0
1058.5
898.0
337.0
271.0
599.5
395.5
269.5
562.0
656.5
389.5
431.5
496.0
199.0
1261.0
560.5
974.5
239.5
724.0
259.0
286.0
473.5
595.0
400.0
701.5
562.0
491.5
860.5
562.0
955.0
716.5
385.0
179.5
407.5
118.0
1004.5
1066.0
623.5
760.0
680.5
56.5
520.0
287.5
190.0
454.0
349.0
62.5
698.5
173.5
350.5
878.5
773.5
218.5
718.0
814.0
214.0
629.5
191.5
940.0
232.0
196.0
281.5
292.0
157.0
220.0
517.0
458.5
89.5
592.0
155.5
589.0
136.0
224.5
407.5
82.0
416.5
295.0
736.0
994.0
1097.5
275.5
743.5
785.5
1003.0
665.5
305.5
314.5
670.0
398.5
289.0
1096.0
88.0
986.5
496.0
421.0
1061.5
598.0
1192.0
538.0
208.0
146.5
335.5
286.0
293.5
605.5
451.0
185.5
82.0
661.0
395.5
661.0
604.0
554.5
65.5
602.5
961.0
733.0
307.0
199.0
380.5
902.5
272.5
379.0
464.5
131.5
602.5
518.5
191.5
104.5
152.5
812.5
248.5
434.5
593.5
464.5
236.5
497.5
839.5
574.0
890.5
1156.0
301.0
536.5
82.0
52.0
940.0
512.5
446.5
109.0
739.0
547.0
212.5
187.0
262.0
367.0
362.5
116.5
130.0
779.5
328.0
652.0
242.5
593.5
1019.5
82.0
632.5
343.0
389.5
98.5
967.0
212.5
535.0
314.5
544.0
484.0
134.5
347.5
392.5
290.5
719.5
389.5
1126.0
382.0
335.5
548.5
398.5
328.0
727.0
394.0
740.5
169.0
580.0
373.0
118.0
1028.5
41.5
1061.5
131.5
241.0
428.5
722.5
161.5
670.0
128.5
193.0
355.0
751.0
575.5
182.5
587.5
877.0
235.0
475.0
674.5
227.5
401.5
202.0
626.5
1216.0
407.5
200.5
284.5
172.0
349.0
214.0
182.5
178.0
416.5
209.5
854.5
319.0
464.5
1163.5
548.5
949.0
298.0
551.5
358.0
560.5
532.0
196.0
560.5
247.0
245.5
170.5
469.0
791.5
956.5
347.5
221.5
185.5
341.5
361.0
493.0
107.5
253.0
418.0
526.0
217.0
593.5
253.0
125.5
707.5
737.5
127.0
335.5
137.5
43.0
337.0
284.5
817.0
196.0
202.0
647.5
139.0
328.0
62.5
79.0
359.5
332.5
1060.0
1142.5
361.0
943.0
370.0
1099.0
385.0
184.0
277.0
605.5
436.0
1121.5
164.5
962.5
491.5
812.5
701.5
779.5
379.0
496.0
251.5
289.0
307.0
505.0
776.5
116.5
184.0
245.5
679.0
388.0
103.0
829.0
154.0
125.5
302.5
344.5
910.0
266.5
404.5
103.0
749.5
580.0
371.5
125.5
94.0
335.5
1133.5
301.0
467.5
331.0
424.0
437.5
35.5
512.5
185.5
962.5
959.5
178.0
391.0
959.5
379.0
340.0
526.0
263.5
92.5
496.0
943.0
836.5
91.0
170.5
1118.5
1012.0
763.0
581.5
89.5
136.0
247.0
794.5
859.0
517.0
976.0
554.5
136.0
731.5
164.5
454.0
194.5
1043.5
172.0
320.5
194.5
257.5
115.0
223.0
358.0
184.0
385.0
374.5
535.0
713.5
337.0
385.0
302.5
409.0
361.0
656.5
994.0
431.5
43.0
1027.0
415.0
944.5
733.0
707.5
878.5
607.0
445.0
593.5
764.5
533.5
149.5
268.0
235.0
631.0
389.5
70.0
649.0
877.0
263.5
226.0
973.0
1216.0
296.5
458.5
239.5
746.5
394.0
391.0
466.0
650.5
302.5
580.0
898.0
424.0
656.5
982.0
770.5
883.0
256.0
200.5
524.5
1079.5
1186.0
176.5
269.5
574.0
1085.5
1012.0
1027.0
434.5
466.0
763.0
520.0
425.5
839.5
296.5
727.0
607.0
41.5
187.0
259.0
178.0
476.5
751.0
536.5
694.0
611.5
788.5
314.5
278.5
743.5
485.5
476.5
686.5
1009.0
601.0
632.5
445.0
863.5
662.5
212.5
361.0
854.5
377.5
266.5
305.5
298.0
395.5
214.0
734.5
26.5
556.0
413.5
526.0
580.0
194.5
986.5
287.5
218.5
572.5
452.5
622.0
283.0
313.0
128.5
191.5
484.0
181.0
808.0
560.5
254.5
496.0
515.5
266.5
554.5
644.5
425.5
697.0
785.5
295.0
545.5
889.0
307.0
499.0
832.0
248.5
392.5
205.0
362.5
754.0
338.5
386.5
136.0
226.0
781.0
644.5
77.5
481.0
193.0
104.5
452.5
454.0
632.5
685.0
392.5
529.0
625.0
98.5
557.5
817.0
674.5
247.0
586.0
724.0
397.0
556.0
676.0
635.5
1109.5
242.5
641.5
698.5
92.5
194.5
244.0
199.0
427.0
301.0
895.0
554.5
737.5
505.0
509.5
550.0
457.0
1054.0
955.0
653.5
146.5
254.5
317.5
446.5
491.5
409.0
164.5
1018.0
374.5
668.5
181.0
922.0
679.0
581.5
434.5
425.5
397.0
302.5
277.0
884.5
440.5
452.5
262.0
772.0
299.5
1096.0
166.0
182.5
776.5
989.5
332.5
169.0
266.5
583.0
241.0
518.5
421.0
266.5
523.0
274.0
233.5
587.5
442.0
475.0
274.0
568.0
398.5
67.0
803.5
343.0
193.0
116.5
253.0
434.5
724.0
875.5
146.5
346.0
26.5
806.5
581.5
154.0
569.5
116.5
676.0
701.5
257.5
271.0
383.5
338.5
1099.0
782.5
169.0
907.0
244.0
391.0
341.5
1055.5
869.5
785.5
548.5
380.5
319.0
184.0
779.5
205.0
961.0
209.5
280.0
629.5
1111.0
787.0
787.0
322.0
244.0
634.0
178.0
920.5
1024.0
191.5
682.0
236.5
998.5
815.5
278.5
341.5
1154.5
466.0
454.0
134.5
284.5
778.0
436.0
80.5
77.5
223.0
68.5
244.0
664.0
887.5
584.5
65.5
493.0
817.0
299.5
307.0
110.5
535.0
170.5
161.5
296.5
268.0
19.0
187.0
103.0
562.0
787.0
266.5
436.0
653.5
880.0
566.5
824.5
806.5
211.0
1066.0
805.0
236.5
892.0
52.0
806.5
403.0
730.0
121.0
292.0
172.0
287.5
350.5
209.5
523.0
1232.5
1073.5
121.0
209.5
277.0
379.0
713.5
415.0
613.0
317.5
314.5
352.0
455.5
562.0
179.5
281.5
680.5
95.5
149.5
785.5
505.0
109.0
934.0
125.5
97.0
619.0
680.5
392.5
325.0
865.0
1124.5
865.0
197.5
634.0
220.0
308.5
644.5
277.0
620.5
215.5
148.0
826.0
1037.5
385.0
130.0
800.5
535.0
544.0
781.0
925.0
143.5
332.5
689.5
293.5
152.5
251.5
70.0
383.5
506.5
217.0
706.0
256.0
320.5
785.5
392.5
340.0
923.5
715.0
451.0
448.0
563.5
935.5
176.5
473.5
197.5
205.0
314.5
557.5
484.0
200.5
391.0
590.5
953.5
788.5
245.5
352.0
877.0
137.5
772.0
439.0
802.0
932.5
140.5
448.0
376.0
548.5
181.0
619.0
463.0
1043.5
257.5
233.5
215.5
232.0
371.5
223.0
361.0
334.0
746.5
959.5
355.0
524.5
170.5
133.0
319.0
586.0
296.5
713.5
188.5
613.0
272.5
1010.5
334.0
188.5
113.5
347.5
434.5
638.5
653.5
85.0
866.5
677.5
889.0
824.5
395.5
196.0
388.0
902.5
79.0
805.0
170.5
301.0
1067.5
389.5
350.5
791.5
596.5
382.0
593.5
727.0
424.0
403.0
500.5
796.0
463.0
436.0
553.0
553.0
772.0
176.5
172.0
392.5
287.5
103.0
67.0
286.0
517.0
451.0
106.0
169.0
610.0
686.5
302.5
307.0
214.0
169.0
334.0
170.5
401.5
110.5
610.0
410.5
377.5
451.0
131.5
377.5
440.5
1021.0
434.5
554.5
97.0
919.0
818.5
776.5
620.5
436.0
856.0
416.5
446.5
253.0
1000.0
548.5
511.0
700.0
599.5
211.0
46.0
587.5
278.5
1133.5
277.0
94.0
557.5
515.5
305.5
1136.5
646.0
425.5
148.0
166.0
434.5
569.5
332.5
305.5
415.0
142.0
313.0
244.0
571.0
40.0
761.5
667.0
575.5
463.0
557.5
1090.0
874.0
583.0
830.5
1142.5
1091.5
155.5
523.0
677.5
229.0
295.0
1072.0
584.5
698.5
310.0
377.5
688.0
184.0
781.0
187.0
914.5
257.5
313.0
323.5
304.0
623.5
769.0
460.0
175.0
328.0
214.0
277.0
775.0
478.0
181.0
91.0
599.5
241.0
841.0
259.0
758.5
520.0
311.5
238.0
1130.5
104.5
497.5
295.0
595.0
502.0
329.5
434.5
788.5
100.0
170.5
688.0
461.5
685.0
977.5
239.5
254.5
206.5
179.5
415.0
764.5
536.5
152.5
167.5
487.0
287.5
184.0
337.0
178.0
982.0
754.0
650.5
385.0
580.0
556.0
269.5
59.5
167.5
86.5
293.5
67.0
116.5
358.0
521.5
1057.0
1018.0
638.5
560.5
374.5
752.5
74.5
97.0
818.5
398.5
106.0
239.5
449.5
542.5
466.0
791.5
829.0
532.0
506.5
275.5
29.5
272.5
395.5
805.0
508.0
602.5
614.5
472.0
388.0
595.0
1025.5
278.5
193.0
382.0
359.5
622.0
94.0
325.0
1001.5
299.5
167.5
680.5
512.5
944.5
301.0
736.0
1057.0
200.5
914.5
340.0
190.0
349.0
406.0
253.0
109.0
389.5
235.0
269.5
254.5
278.5
358.0
308.5
118.0
338.5
169.0
707.5
287.5
305.5
317.5
832.0
712.0
74.5
266.5
682.0
779.5
809.5
704.5
164.5
172.0
173.5
1066.0
616.0
233.5
241.0
1112.5
671.5
289.0
391.0
166.0
634.0
86.5
208.0
694.0
91.0
265.0
200.5
233.5
572.5
391.0
509.5
158.5
211.0
431.5
142.0
527.5
178.0
937.0
620.5
865.0
1054.0
826.0
236.5
379.0
313.0
911.5
310.0
260.5
502.0
188.5
335.5
244.0
220.0
397.0
541.0
412.0
1003.0
1100.5
125.5
1019.5
532.0
913.0
601.0
530.5
1087.0
652.0
751.0
169.0
436.0
515.5
122.5
230.5
337.0
311.5
296.5
245.5
238.0
533.5
599.5
785.5
892.0
142.0
842.5
629.5
398.5
293.5
449.5
301.0
418.0
368.5
385.0
601.0
758.5
512.5
307.0
553.0
227.5
329.5
80.5
271.0
637.0
638.5
310.0
445.0
932.5
992.5
505.0
697.0
368.5
290.5
926.5
557.5
109.0
292.0
286.0
125.5
916.0
124.0
1073.5
1018.0
617.5
466.0
704.5
658.0
67.0
608.5
605.5
626.5
610.0
292.0
377.5
640.0
628.0
442.0
292.0
457.0
212.5
473.5
605.5
28.0
371.5
1115.5
215.5
187.0
514.0
841.0
454.0
55.0
589.0
53.5
788.5
205.0
770.5
772.0
355.0
127.0
709.0
808.0
58.0
343.0
535.0
527.5
469.0
29.5
170.5
1093.0
124.0
301.0
445.0
716.5
245.5
394.0
164.5
821.5
607.0
352.0
577.0
268.0
310.0
986.5
782.5
217.0
1037.5
728.5
335.5
302.5
341.5
341.5
713.5
794.5
395.5
554.5
290.5
857.5
277.0
382.0
914.5
431.5
1144.0
374.5
557.5
845.5
142.0
32.5
281.5
622.0
230.5
511.0
164.5
167.5
85.0
952.0
317.5
998.5
904.0
631.0
886.0
121.0
913.0
236.5
1079.5
683.5
233.5
242.5
1063.0
551.5
236.5
421.0
130.0
370.0
301.0
199.0
752.5
413.5
253.0
893.5
284.5
191.5
1217.5
467.5
68.5
347.5
560.5
259.0
224.5
926.5
322.0
437.5
521.5
388.0
484.0
220.0
407.5
391.0
806.5
143.5
214.0
478.0
526.0
277.0
646.0
611.5
508.0
488.5
217.0
506.5
557.5
290.5
235.0
175.0
67.0
622.0
191.5
866.5
578.5
217.0
784.0
247.0
238.0
484.0
74.5
266.5
260.5
431.5
188.5
205.0
157.0
668.5
493.0
421.0
767.5
263.5
385.0
550.0
418.0
328.0
437.5
242.5
247.0
560.5
442.0
446.5
131.5
877.0
383.5
377.5
425.5
580.0
433.0
256.0
523.0
56.5
946.0
268.0
668.5
104.5
233.5
440.5
626.5
596.5
647.5
578.5
451.0
242.5
470.5
635.5
259.0
446.5
209.5
712.0
439.0
839.5
338.5
202.0
341.5
131.5
368.5
454.0
172.0
290.5
163.0
626.5
194.5
599.5
356.5
571.0
254.5
392.5
590.5
196.0
155.5
427.0
205.0
109.0
38.5
259.0
115.0
359.5
164.5
149.5
149.5
124.0
217.0
382.0
218.5
142.0
688.0
658.0
331.0
541.0
529.0
364.0
556.0
980.5
334.0
46.0
301.0
395.5
203.5
544.0
260.5
386.5
157.0
208.0
512.5
952.0
980.5
934.0
433.0
232.0
257.5
1025.5
1000.0
479.5
235.0
418.0
202.0
818.5
356.5
1163.5
484.0
434.5
515.5
317.5
497.5
847.0
724.0
296.5
211.0
157.0
467.5
496.0
949.0
403.0
272.5
806.5
997.0
224.5
596.5
304.0
395.5
845.5
830.5
371.5
227.5
206.5
869.5
355.0
658.0
1118.5
488.5
332.5
431.5
842.5
548.5
407.5
200.5
124.0
289.0
208.0
766.0
332.5
827.5
1009.0
644.5
251.5
659.5
476.5
152.5
1001.5
1012.0
517.0
412.0
818.5
73.0
467.5
299.5
433.0
485.5
904.0
701.5
538.0
589.0
730.0
310.0
71.5
436.0
587.5
1034.5
1117.0
862.0
199.0
1084.0
511.0
364.0
365.5
734.5
583.0
272.5
1193.5
985.0
340.0
760.0
224.5
292.0
296.5
364.0
445.0
409.0
320.5
106.0
899.5
907.0
325.0
196.0
1087.0
865.0
959.5
281.5
470.5
569.5
1138.0
352.0
478.0
224.5
575.5
322.0
209.5
331.0
869.5
1024.0
781.0
718.0
1127.5
688.0
670.0
817.0
376.0
545.5
151.0
574.0
784.0
559.0
830.5
392.5
283.0
439.0
784.0
251.5
395.5
746.5
433.0
313.0
737.5
782.5
188.5
173.5
430.0
238.0
755.5
79.0
176.5
65.5
221.5
259.0
1024.0
595.0
986.5
415.0
1190.5
955.0
673.0
998.5
238.0
388.0
712.0
166.0
542.5
101.5
655.0
682.0
448.0
287.5
292.0
709.0
356.5
491.5
143.5
322.0
331.0
586.0
206.5
148.0
239.5
611.5
472.0
755.5
856.0
161.5
812.5
499.0
376.0
85.0
680.5
161.5
53.5
920.5
263.5
479.5
833.5
94.0
847.0
485.5
193.0
361.0
257.5
491.5
310.0
692.5
451.0
446.5
34.0
478.0
266.5
469.0
187.0
698.5
610.0
556.0
290.5
223.0
428.5
83.5
608.5
763.0
424.0
326.5
319.0
509.5
496.0
203.5
694.0
352.0
614.5
574.0
953.5
200.5
454.0
439.0
133.0
650.5
284.5
445.0
77.5
937.0
599.5
212.5
196.0
491.5
392.5
418.0
362.5
731.5
835.0
949.0
290.5
107.5
68.5
187.0
686.5
148.0
554.5
161.5
893.5
206.5
715.0
374.5
901.0
506.5
727.0
272.5
599.5
662.5
220.0
223.0
34.0
175.0
1012.0
199.0
409.0
199.0
373.0
343.0
1030.0
196.0
749.5
1022.5
1034.5
257.5
350.5
283.0
655.0
974.5
661.0
430.0
860.5
265.0
863.5
464.5
695.5
349.0
827.5
386.5
193.0
454.0
56.5
311.5
229.0
491.5
235.0
479.5
1025.5
544.0
830.5
833.5
1195.0
463.0
197.5
718.0
439.0
149.5
169.0
524.5
809.5
647.5
206.5
334.0
323.5
976.0
886.0
341.5
752.5
209.5
970.0
188.5
296.5
914.5
505.0
446.5
209.5
625.0
188.5
293.5
514.0
668.5
838.0
1072.0
620.5
442.0
596.5
844.0
697.0
277.0
539.5
571.0
164.5
425.5
68.5
197.5
274.0
241.0
49.0
601.0
197.5
484.0
212.5
334.0
484.0
211.0
655.0
550.0
803.5
782.5
409.0
746.5
109.0
452.5
115.0
908.5
497.5
203.5
362.5
464.5
515.5
595.0
1055.5
764.5
883.0
305.5
98.5
53.5
566.5
373.0
500.5
775.0
578.5
364.0
544.0
694.0
602.5
161.5
916.0
488.5
401.5
31.0
697.0
1156.0
217.0
35.5
161.5
517.0
794.5
251.5
209.5
871.0
38.5
614.5
712.0
308.5
1007.5
550.0
368.5
635.5
446.5
434.5
259.0
197.5
1069.0
209.5
344.5
538.0
434.5
266.5
250.0
362.5
598.0
172.0
361.0
290.5
419.5
565.0
727.0
920.5
673.0
737.5
143.5
509.5
961.0
301.0
601.0
689.5
331.0
857.5
632.5
509.5
539.5
619.0
340.0
347.5
845.5
217.0
803.5
74.5
89.5
338.5
440.5
712.0
323.5
373.0
148.0
367.0
703.0
526.0
668.5
121.0
665.5
464.5
614.5
1195.0
295.0
332.5
961.0
140.5
1001.5
1180.0
1049.5
688.0
194.5
436.0
391.0
1102.0
115.0
920.5
571.0
542.5
814.0
989.5
319.0
115.0
304.0
293.5
457.0
296.5
68.5
205.0
896.5
133.0
646.0
686.5
1106.5
764.5
937.0
817.0
145.0
346.0
533.5
755.5
263.5
448.0
484.0
439.0
488.5
119.5
215.5
934.0
175.0
599.5
808.0
436.0
541.0
460.0
901.0
1025.5
311.5
844.0
289.0
191.5
128.5
349.0
517.0
722.5
598.0
776.5
308.5
239.5
616.0
263.5
205.0
1159.0
583.0
446.5
82.0
358.0
608.5
866.5
718.0
823.0
980.5
818.5
506.5
301.0
301.0
353.5
944.5
737.5
502.0
143.5
383.5
472.0
488.5
502.0
71.5
212.5
458.5
301.0
1055.5
302.5
590.5
409.0
802.0
1012.0
583.0
638.5
811.0
308.5
245.5
535.0
298.0
617.5
917.5
248.5
644.5
389.5
688.0
557.5
890.5
520.0
365.5
656.5
424.0
104.5
617.5
214.0
517.0
95.5
415.0
146.5
256.0
178.0
193.0
454.0
217.0
658.0
433.0
863.5
599.5
1012.0
536.5
176.5
530.5
289.0
1016.5
124.0
404.5
116.5
1028.5
883.0
901.0
265.0
119.5
634.0
661.0
215.5
397.0
296.5
254.5
292.0
217.0
253.0
191.5
649.0
578.5
466.0
583.0
1063.0
487.0
193.0
289.0
467.5
698.5
323.5
919.0
136.0
926.5
272.5
203.5
283.0
445.0
871.0
266.5
398.5
56.5
470.5
401.5
349.0
275.5
493.0
359.5
661.0
337.0
425.5
104.5
452.5
1030.0
1051.0
311.5
224.5
340.0
164.5
730.0
460.0
164.5
266.5
334.0
788.5
1079.5
326.5
871.0
520.0
319.0
266.5
428.5
479.5
407.5
305.5
398.5
1136.5
458.5
332.5
661.0
62.5
472.0
329.5
305.5
976.0
406.0
676.0
494.5
362.5
349.0
935.5
218.5
746.5
104.5
41.5
406.0
265.0
697.0
317.5
404.5
374.5
158.5
110.5
355.0
787.0
407.5
475.0
175.0
836.5
332.5
476.5
373.0
359.5
67.0
217.0
307.0
445.0
625.0
586.0
847.0
313.0
728.5
151.0
533.5
82.0
572.5
1010.5
631.0
257.5
437.5
727.0
1028.5
190.0
661.0
517.0
407.5
98.5
523.0
965.5
38.5
149.5
188.5
95.5
344.5
299.5
214.0
170.5
371.5
214.0
907.0
494.5
124.0
817.0
148.0
923.5
824.5
721.0
334.0
491.5
397.0
130.0
224.5
358.0
643.0
154.0
43.0
607.0
235.0
136.0
506.5
1264.0
205.0
700.0
439.0
739.0
239.5
224.5
646.0
286.0
49.0
430.0
233.5
590.5
827.5
511.0
760.0
620.5
262.0
464.5
920.5
205.0
440.5
856.0
629.5
538.0
250.0
364.0
776.5
500.5
436.0
503.5
187.0
245.5
146.5
400.0
430.0
160.0
254.5
889.0
1063.0
314.5
638.5
259.0
344.5
202.0
133.0
194.5
50.5
299.5
304.0
520.0
655.0
203.5
118.0
229.0
427.0
361.0
230.5
265.0
284.5
487.0
593.5
256.0
589.0
358.0
805.0
268.0
988.0
860.5
382.0
223.0
670.0
428.5
253.0
248.5
155.5
424.0
514.0
349.0
653.5
287.5
217.0
98.5
191.5
523.0
206.5
445.0
740.5
841.0
257.5
218.5
346.0
631.0
299.5
922.0
452.5
730.0
694.0
128.5
113.5
146.5
292.0
356.5
263.5
203.5
646.0
709.0
410.5
92.5
389.5
392.5
451.0
88.0
497.5
340.0
1025.5
1063.0
200.5
221.5
611.5
662.5
175.0
527.5
544.0
304.0
70.0
161.5
151.0
331.0
1015.0
580.0
334.0
673.0
608.5
1048.0
595.0
649.0
130.0
589.0
100.0
227.5
331.0
232.0
485.5
463.0
617.5
70.0
218.5
280.0
635.5
334.0
1049.5
863.5
746.5
341.5
377.5
313.0
122.5
677.5
94.0
235.0
758.5
880.0
815.5
661.0
157.0
545.5
359.5
607.0
790.0
694.0
422.5
862.0
661.0
251.5
281.5
658.0
421.0
448.0
227.5
155.5
152.5
524.5
784.0
551.5
133.0
724.0
353.5
266.5
365.5
143.5
224.5
95.5
166.0
481.0
704.5
241.0
164.5
677.5
284.5
1078.0
272.5
250.0
223.0
979.0
572.5
391.0
383.5
116.5
212.5
610.0
653.5
76.0
302.5
851.5
730.0
565.0
1043.5
970.0
515.5
920.5
452.5
475.0
937.0
811.0
509.5
371.5
872.5
596.5
191.5
548.5
517.0
280.0
143.5
931.0
797.5
316.0
622.0
721.0
254.5
218.5
607.0
883.0
230.5
563.5
319.0
218.5
946.0
929.5
182.5
262.0
527.5
86.5
337.0
296.5
193.0
376.0
445.0
362.5
764.5
593.5
440.5
364.0
58.0
253.0
296.5
184.0
79.0
103.0
415.0
536.5
281.5
640.0
218.5
842.5
968.5
1064.5
991.0
467.5
167.5
1112.5
391.0
550.0
446.5
568.0
668.5
851.5
809.5
881.5
29.5
83.5
358.0
427.0
341.5
308.5
634.0
1156.0
776.5
763.0
424.0
638.5
383.5
362.5
434.5
46.0
277.0
790.0
298.0
692.5
473.5
872.5
557.5
607.0
355.0
967.0
214.0
152.5
632.5
869.5
796.0
782.5
389.5
86.5
797.5
637.0
76.0
289.0
668.5
325.0
496.0
943.0
205.0
274.0
515.5
256.0
652.0
253.0
821.5
550.0
148.0
262.0
241.0
244.0
598.0
71.5
539.5
377.5
578.5
227.5
178.0
865.0
77.5
128.5
530.5
311.5
67.0
332.5
313.0
238.0
163.0
208.0
248.5
724.0
403.0
734.5
307.0
343.0
463.0
605.5
287.5
454.0
536.5
887.5
407.5
125.5
515.5
581.5
622.0
1018.0
314.5
646.0
716.5
770.5
926.5
856.0
794.5
196.0
266.5
838.0
608.5
196.0
161.5
266.5
416.5
596.5
527.5
1108.0
841.0
595.0
347.5
337.0
505.0
229.0
788.5
614.5
31.0
604.0
181.0
314.5
179.5
236.5
862.0
349.0
745.0
547.0
121.0
419.5
1123.0
412.0
274.0
593.5
383.5
298.0
290.5
164.5
365.5
854.5
307.0
641.5
236.5
182.5
289.0
739.0
803.5
431.5
854.5
271.0
131.5
214.0
164.5
964.0
500.5
419.5
655.0
152.5
179.5
541.0
521.5
145.0
634.0
710.5
40.0
1070.5
749.5
811.0
997.0
464.5
278.5
431.5
634.0
761.5
638.5
166.0
1042.0
284.5
382.0
181.0
959.5
502.0
533.5
191.5
239.5
463.0
874.0
298.0
82.0
344.5
113.5
113.5
266.5
439.0
277.0
290.5
112.0
416.5
550.0
511.0
856.0
166.0
376.0
538.0
254.5
116.5
62.5
620.5
649.0
430.0
143.5
550.0
529.0
151.0
829.0
175.0
623.5
788.5
439.0
577.0
808.0
716.5
439.0
247.0
296.5
410.5
589.0
199.0
776.5
164.5
86.5
901.0
587.5
175.0
254.5
824.5
862.0
334.0
356.5
254.5
409.0
418.0
248.5
347.5
325.0
439.0
464.5
380.5
710.5
370.0
212.5
989.5
370.0
196.0
263.5
649.0
622.0
167.5
586.0
425.5
580.0
170.5
896.5
328.0
460.0
520.0
127.0
286.0
37.0
337.0
247.0
389.5
329.5
440.5
986.5
659.5
968.5
1081.0
211.0
638.5
766.0
241.0
493.0
506.5
266.5
632.5
1172.5
818.5
214.0
251.5
617.5
601.0
1154.5
190.0
862.0
428.5
943.0
1033.0
44.5
505.0
248.5
283.0
218.5
427.0
403.0
148.0
239.5
41.5
190.0
878.5
289.0
1189.0
386.5
166.0
475.0
656.5
227.5
404.5
770.5
266.5
314.5
926.5
875.5
194.5
190.0
559.0
953.5
904.0
376.0
493.0
581.5
271.0
118.0
487.0
152.5
124.0
211.0
203.5
478.0
212.5
200.5
530.5
101.5
554.5
577.0
707.5
322.0
121.0
901.0
724.0
295.0
814.0
497.5
803.5
529.0
514.0
358.0
205.0
1100.5
341.5
917.5
257.5
928.0
440.5
563.5
124.0
529.0
82.0
529.0
284.5
131.5
424.0
176.5
353.5
256.0
553.0
872.5
205.0
56.5
256.0
613.0
181.0
157.0
227.5
211.0
260.5
149.5
1121.5
304.0
772.0
1051.0
536.5
163.0
284.5
248.5
484.0
298.0
590.5
709.0
166.0
919.0
260.5
964.0
727.0
293.5
239.5
119.5
964.0
857.5
308.5
386.5
148.0
1034.5
112.0
325.0
250.0
233.5
656.5
562.0
566.5
332.5
686.5
871.0
308.5
572.5
329.5
587.5
860.5
77.5
184.0
907.0
293.5
184.0
799.0
806.5
641.5
266.5
515.5
709.0
380.5
430.0
226.0
647.5
344.5
674.5
362.5
314.5
415.0
994.0
448.0
170.5
548.5
199.0
263.5
220.0
137.5
692.5
344.5
641.5
92.5
284.5
754.0
1139.5
842.5
632.5
1055.5
359.5
236.5
721.0
1054.0
550.0
139.0
368.5
142.0
125.5
68.5
550.0
71.5
700.0
236.5
484.0
112.0
523.0
553.0
157.0
437.5
146.5
148.0
322.0
254.5
644.5
298.0
437.5
425.5
293.5
646.0
382.0
124.0
559.0
430.0
107.5
452.5
242.5
418.0
367.0
160.0
581.5
649.0
317.5
568.0
356.5
299.5
95.5
325.0
535.0
599.5
196.0
28.0
382.0
251.5
424.0
511.0
118.0
182.5
398.5
548.5
298.0
389.5
49.0
146.5
191.5
124.0
886.0
509.5
305.5
221.5
472.0
584.5
298.0
131.5
566.5
505.0
854.5
808.0
985.0
344.5
419.5
1064.5
946.0
826.0
443.5
679.0
910.0
415.0
38.5
641.5
305.5
959.5
797.5
100.0
455.5
193.0
250.0
350.5
277.0
496.0
785.5
52.0
134.5
256.0
199.0
124.0
115.0
700.0
130.0
304.0
491.5
535.0
898.0
160.0
406.0
130.0
664.0
368.5
497.5
301.0
281.5
238.0
506.5
394.0
851.5
416.5
865.0
760.0
188.5
344.5
683.5
55.0
722.5
427.0
469.0
182.5
685.0
313.0
502.0
292.0
325.0
221.5
644.5
551.5
457.0
691.0
793.0
49.0
319.0
125.5
260.5
538.0
328.0
616.0
712.0
26.5
223.0
113.5
139.0
595.0
322.0
632.5
805.0
74.5
607.0
202.0
58.0
179.5
1037.5
499.0
412.0
611.5
958.0
676.0
106.0
526.0
190.0
335.5
167.5
62.5
259.0
275.5
352.0
62.5
370.0
422.5
206.5
496.0
133.0
271.0
46.0
406.0
218.5
121.0
577.0
1189.0
493.0
344.5
529.0
260.5
602.5
884.5
44.5
313.0
317.5
391.0
388.0
502.0
346.0
158.5
424.0
922.0
293.5
851.5
421.0
379.0
274.0
886.0
685.0
521.5
536.5
131.5
910.0
490.0
349.0
290.5
262.0
703.0
670.0
425.5
230.5
311.5
790.0
482.5
731.5
362.5
292.0
461.5
436.0
341.5
560.5
598.0
338.5
758.5
161.5
271.0
550.0
338.5
467.5
467.5
445.0
499.0
610.0
235.0
1052.5
262.0
337.0
134.5
806.5
521.5
469.0
746.5
488.5
773.5
505.0
823.0
440.5
1189.0
979.0
281.5
167.5
652.0
274.0
284.5
368.5
65.5
296.5
265.0
253.0
373.0
787.0
365.5
1000.0
520.0
805.0
791.5
781.0
146.5
343.0
532.0
314.5
776.5
562.0
173.5
452.5
331.0
140.5
296.5
244.0
344.5
134.5
607.0
190.0
220.0
307.0
650.5
1226.5
794.5
172.0
593.5
194.5
644.5
367.0
680.5
173.5
826.0
485.5
413.5
683.5
152.5
341.5
182.5
113.5
464.5
382.0
232.0
169.0
313.0
952.0
128.5
610.0
560.5
280.0
332.5
709.0
145.0
592.0
221.5
346.0
283.0
212.5
134.5
313.0
140.5
482.5
209.5
658.0
422.5
491.5
257.5
1028.5
922.0
358.0
170.5
362.5
377.5
658.0
910.0
998.5
574.0
598.0
203.5
229.0
148.0
343.0
1058.5
599.5
674.5
151.0
809.5
346.0
556.0
917.5
469.0
1013.5
575.5
442.0
469.0
113.5
257.5
791.5
218.5
658.0
460.0
244.0
521.5
464.5
214.0
320.5
421.0
433.0
410.5
242.5
65.5
580.0
211.0
451.0
1082.5
92.5
497.5
362.5
259.0
203.5
692.5
787.0
907.0
242.5
179.5
160.0
352.0
365.5
485.5
497.5
86.5
358.0
197.5
679.0
286.0
148.0
325.0
1117.0
137.5
212.5
155.5
455.5
62.5
764.5
809.5
115.0
307.0
770.5
119.5
77.5
361.0
301.0
98.5
184.0
280.0
313.0
686.5
509.5
547.0
236.5
572.5
662.5
436.0
373.0
241.0
955.0
508.0
923.5
1087.0
205.0
602.5
265.0
389.5
326.5
374.5
184.0
497.5
818.5
1075.0
308.5
706.0
551.5
313.0
55.0
185.5
694.0
464.5
320.5
304.0
428.5
190.0
460.0
733.0
863.5
506.5
221.5
467.5
1046.5
761.5
691.0
644.5
664.0
272.5
128.5
686.5
158.5
461.5
361.0
143.5
874.0
886.0
170.5
1039.0
176.5
437.5
262.0
392.5
343.0
284.5
784.0
352.0
668.5
455.5
245.5
640.0
263.5
238.0
551.5
655.0
305.5
325.0
637.0
836.5
535.0
755.5
206.5
625.0
544.0
794.5
344.5
785.5
992.5
281.5
869.5
161.5
865.0
269.5
314.5
280.0
181.0
853.0
902.5
512.5
317.5
805.0
224.5
784.0
257.5
596.5
377.5
710.5
949.0
673.0
157.0
263.5
335.5
211.0
92.5
869.5
428.5
668.5
652.0
853.0
1186.0
320.5
368.5
869.5
583.0
245.5
359.5
202.0
308.5
932.5
82.0
263.5
326.5
38.5
88.0
362.5
199.0
412.0
259.0
214.0
751.0
634.0
97.0
1034.5
481.0
353.5
700.0
991.0
212.5
484.0
329.5
964.0
137.5
437.5
187.0
487.0
169.0
742.0
175.0
145.0
748.0
329.5
641.5
487.0
388.0
56.5
515.5
764.5
115.0
544.0
47.5
151.0
464.5
535.0
746.5
155.5
37.0
277.0
344.5
503.5
373.0
485.5
805.0
737.5
235.0
785.5
151.0
362.5
874.0
475.0
895.0
592.0
98.5
125.5
494.5
1034.5
221.5
412.0
397.0
388.0
581.5
595.0
592.0
973.0
542.5
613.0
281.5
227.5
287.5
530.5
752.5
722.5
895.0
466.0
464.5
466.0
515.5
817.0
800.5
706.0
809.5
109.0
907.0
341.5
706.0
559.0
154.0
533.5
590.5
394.0
323.5
214.0
164.5
205.0
223.0
191.5
800.5
229.0
556.0
707.5
592.0
608.5
292.0
604.0
719.5
677.5
1031.5
746.5
922.0
1133.5
310.0
1024.0
371.5
130.0
665.5
98.5
376.0
977.5
128.5
388.0
119.5
556.0
472.0
158.5
577.0
496.0
19.0
502.0
907.0
55.0
641.5
463.0
895.0
773.5
565.0
643.0
527.5
638.5
421.0
350.5
322.0
1031.5
799.0
395.5
113.5
241.0
416.5
235.0
220.0
116.5
485.5
892.0
254.5
67.0
499.0
193.0
331.0
17.5
637.0
520.0
557.5
248.5
256.0
659.5
346.0
746.5
169.0
107.5
413.5
214.0
392.5
143.5
562.0
349.0
854.5
337.0
508.0
347.5
466.0
61.0
359.5
911.5
137.5
527.5
461.5
17.5
542.5
115.0
254.5
355.0
872.5
461.5
235.0
248.5
614.5
287.5
40.0
356.5
697.0
377.5
122.5
590.5
341.5
347.5
263.5
406.0
467.5
919.0
365.5
728.5
509.5
1117.0
551.5
958.0
247.0
158.5
458.5
125.5
431.5
248.5
733.0
853.0
218.5
868.0
991.0
445.0
911.5
356.5
545.5
511.0
581.5
572.5
707.5
208.0
355.0
482.5
1006.0
1048.0
221.5
872.5
410.5
299.5
910.0
289.0
373.0
397.0
34.0
337.0
638.5
718.0
103.0
149.5
1103.5
352.0
184.0
191.5
281.5
685.0
259.0
998.5
167.5
806.5
641.5
362.5
565.0
512.5
437.5
335.5
403.0
299.5
739.0
524.5
278.5
296.5
872.5
451.0
74.5
209.5
391.0
209.5
604.0
49.0
187.0
908.5
212.5
436.0
211.0
164.5
295.0
676.0
529.0
40.0
578.5
871.0
110.5
413.5
776.5
187.0
796.0
203.5
275.5
164.5
253.0
308.5
658.0
364.0
190.0
491.5
215.5
520.0
536.5
431.5
532.0
1121.5
850.0
481.0
667.0
199.0
562.0
382.0
310.0
967.0
800.5
314.5
1148.5
109.0
497.5
139.0
536.5
493.0
295.0
791.5
305.5
605.5
622.0
283.0
1022.5
343.0
590.5
397.0
524.5
277.0
287.5
842.5
59.5
185.5
710.5
586.0
1045.0
1031.5
487.0
991.0
878.5
601.0
523.0
620.5
139.0
526.0
149.5
472.0
439.0
184.0
491.5
373.0
188.5
205.0
439.0
316.0
118.0
251.5
371.5
659.5
272.5
727.0
247.0
664.0
122.5
698.5
370.0
133.0
739.0
236.5
944.5
260.5
124.0
347.5
200.5
257.5
871.0
346.0
124.0
989.5
916.0
668.5
296.5
469.0
203.5
949.0
380.5
581.5
521.5
679.0
317.5
833.5
341.5
836.5
353.5
611.5
451.0
128.5
571.0
428.5
115.0
272.5
404.5
118.0
562.0
313.0
154.0
449.5
203.5
835.0
1133.5
368.5
208.0
482.5
745.0
200.5
637.0
646.0
466.0
898.0
826.0
350.5
550.0
335.5
146.5
841.0
349.0
235.0
70.0
160.0
347.5
341.5
526.0
397.0
634.0
364.0
67.0
851.5
167.5
610.0
311.5
301.0
161.5
503.5
155.5
124.0
422.5
293.5
242.5
632.5
389.5
326.5
679.0
497.5
73.0
1016.5
919.0
838.0
449.5
281.5
793.0
278.5
67.0
308.5
427.0
544.0
151.0
928.0
731.5
115.0
580.0
611.5
137.5
1159.0
791.5
152.5
944.5
416.5
794.5
868.0
61.0
520.0
272.5
766.0
262.0
454.0
536.5
542.5
817.0
491.5
524.5
1171.0
881.5
950.5
292.0
116.5
617.5
698.5
176.5
683.5
268.0
698.5
455.5
158.5
157.0
386.5
409.0
202.0
326.5
664.0
652.0
230.5
322.0
604.0
32.5
220.0
46.0
241.0
854.5
593.5
287.5
194.5
620.5
227.5
311.5
59.5
242.5
344.5
250.0
278.5
749.5
322.0
530.5
391.0
311.5
772.0
314.5
493.0
707.5
574.0
1019.5
259.0
311.5
593.5
131.5
163.0
268.0
725.5
52.0
593.5
