410.5
257.5
236.5
262.0
352.0
487.0
523.0
374.5
437.5
823.0
218.5
695.5
344.5
404.5
253.0
419.5
91.0
565.0
313.0
361.0
628.0
353.5
409.0
554.5
211.0
596.5
128.5
826.0
140.5
268.0
257.5
173.5
175.0
262.0
130.0
128.5
304.0
251.5
253.0
433.0
110.5
314.5
206.5
506.5
175.0
457.0
379.0
334.0
769.0
445.0
403.0
232.0
926.5
145.0
548.5
70.0
425.5
175.0
364.0
470.5
142.0
535.0
331.0
809.5
476.5
313.0
677.5
431.5
98.5
1093.0
251.5
676.0
299.5
130.0
443.5
124.0
458.5
754.0
314.5
221.5
427.0
559.0
239.5
175.0
475.0
119.5
112.0
725.5
410.5
1096.0
839.5
632.5
173.5
104.5
584.5
115.0
287.5
353.5
233.5
65.5
382.0
263.5
433.0
58.0
397.0
236.5
152.5
553.0
440.5
427.0
97.0
104.5
563.5
212.5
145.0
260.5
472.0
224.5
844.0
109.0
203.5
284.5
133.0
710.5
242.5
443.5
190.0
301.0
569.5
356.5
85.0
310.0
160.0
359.5
91.0
241.0
446.5
538.0
221.5
523.0
155.5
434.5
359.5
215.5
371.5
455.5
536.5
484.0
838.0
550.0
743.5
242.5
184.0
199.0
611.5
179.5
886.0
245.5
352.0
535.0
505.0
391.0
98.5
332.5
122.5
289.0
553.0
220.0
731.5
193.0
430.0
463.0
244.0
196.0
136.0
206.5
113.5
596.5
133.0
191.5
335.5
529.0
740.5
184.0
188.5
79.0
169.0
134.5
800.5
722.5
580.0
214.0
455.5
170.5
133.0
272.5
278.5
679.0
209.5
65.5
392.5
214.0
256.0
191.5
586.0
824.5
197.5
446.5
62.5
286.0
245.5
319.0
491.5
818.5
359.5
287.5
232.0
613.0
358.0
632.5
193.0
220.0
280.0
161.5
97.0
80.5
76.0
50.5
32.5
542.5
226.0
800.5
377.5
394.0
520.0
193.0
56.5
194.5
343.0
121.0
194.5
170.5
397.0
503.5
607.0
383.5
326.5
524.5
263.5
337.0
94.0
110.5
154.0
634.0
94.0
221.5
266.5
845.5
203.5
583.0
131.5
68.5
125.5
253.0
259.0
181.0
280.0
700.0
583.0
256.0
226.0
76.0
353.5
251.5
496.0
784.0
226.0
199.0
749.5
229.0
236.5
374.5
404.5
371.5
263.5
323.5
341.5
640.0
725.5
490.0
349.0
380.5
656.5
403.0
113.5
70.0
506.5
232.0
121.0
11.5
580.0
529.0
109.0
140.5
403.0
188.5
352.0
653.5
257.5
343.0
461.5
283.0
128.5
394.0
118.0
125.5
536.5
164.5
101.5
491.5
83.5
454.0
445.0
290.5
514.0
287.5
452.5
914.5
668.5
542.5
334.0
413.5
371.5
133.0
902.5
121.0
256.0
311.5
950.5
119.5
208.0
592.0
502.0
559.0
200.5
235.0
212.5
499.0
154.0
331.0
292.0
199.0
244.0
455.5
158.5
661.0
260.5
247.0
490.0
377.5
535.0
287.5
601.0
53.5
293.5
634.0
730.0
928.0
289.0
242.5
913.0
997.0
523.0
302.5
169.0
151.0
311.5
217.0
586.0
364.0
431.5
521.5
73.0
440.5
347.5
190.0
250.0
509.5
670.0
296.5
550.0
592.0
623.5
64.0
598.0
823.0
961.0
139.0
4.0
83.5
574.0
188.5
319.0
740.5
431.5
61.0
106.0
730.0
463.0
466.0
175.0
844.0
515.5
50.5
275.5
370.0
28.0
128.5
178.0
433.0
64.0
433.0
236.5
562.0
322.0
145.0
110.5
71.5
788.5
1048.0
343.0
742.0
311.5
466.0
371.5
128.5
61.0
737.5
331.0
872.5
512.5
295.0
239.5
125.5
265.0
142.0
52.0
707.5
188.5
562.0
257.5
211.0
251.5
353.5
355.0
253.0
431.5
713.5
473.5
223.0
187.0
88.0
179.5
254.5
335.5
181.0
184.0
290.5
319.0
425.5
160.0
448.0
304.0
805.0
347.5
70.0
803.5
466.0
665.5
64.0
166.0
830.5
842.5
173.5
368.5
329.5
76.0
433.0
407.5
326.5
340.0
595.0
859.0
217.0
220.0
127.0
490.0
203.5
364.0
293.5
710.5
521.5
794.5
352.0
377.5
151.0
169.0
845.5
242.5
232.0
32.5
451.0
275.5
536.5
448.0
172.0
482.5
1171.0
266.5
131.5
104.5
280.0
229.0
227.5
449.5
98.5
157.0
386.5
136.0
587.5
163.0
319.0
512.5
587.5
746.5
554.5
265.0
757.0
463.0
814.0
142.0
623.5
226.0
637.0
130.0
416.5
866.5
61.0
397.0
269.5
179.5
95.5
166.0
476.5
590.5
80.5
71.5
143.5
490.0
421.0
296.5
476.5
74.5
326.5
149.5
80.5
164.5
796.0
499.0
335.5
235.0
290.5
113.5
572.5
433.0
577.0
322.0
289.0
56.5
617.5
677.5
565.0
595.0
253.0
221.5
146.5
164.5
362.5
503.5
437.5
815.5
191.5
226.0
200.5
343.0
239.5
190.0
478.0
278.5
359.5
403.0
253.0
251.5
221.5
187.0
230.5
490.0
409.0
245.5
256.0
176.5
295.0
379.0
394.0
82.0
323.5
430.0
503.5
170.5
479.5
956.5
311.5
145.0
388.0
571.0
122.5
127.0
187.0
719.5
458.5
340.0
299.5
50.5
151.0
191.5
166.0
154.0
389.5
620.5
509.5
271.0
229.0
76.0
682.0
206.5
265.0
187.0
382.0
221.5
200.5
547.0
217.0
470.5
185.5
188.5
284.5
193.0
211.0
272.5
536.5
565.0
500.5
262.0
577.0
376.0
643.0
406.0
224.5
55.0
326.5
95.5
113.5
118.0
332.5
539.5
641.5
476.5
86.5
614.5
323.5
158.5
86.5
74.5
386.5
502.0
593.5
226.0
316.0
277.0
211.0
103.0
130.0
472.0
20.5
179.5
506.5
580.0
347.5
326.5
362.5
232.0
236.5
223.0
89.5
197.5
751.0
422.5
559.0
283.0
178.0
421.0
232.0
173.5
178.0
365.5
56.5
262.0
467.5
454.0
632.5
238.0
769.0
137.5
211.0
523.0
986.5
97.0
274.0
155.5
500.5
361.0
535.0
166.0
155.5
421.0
298.0
272.5
283.0
122.5
442.0
320.5
398.5
997.0
185.5
344.5
281.5
391.0
338.5
106.0
632.5
719.5
212.5
448.0
458.5
181.0
437.5
493.0
106.0
449.5
137.5
247.0
95.5
991.0
226.0
214.0
448.0
652.0
107.5
796.0
112.0
397.0
389.5
827.5
1031.5
403.0
191.5
421.0
358.0
118.0
302.5
772.0
248.5
301.0
64.0
163.0
472.0
329.5
208.0
241.0
137.5
152.5
262.0
148.0
439.0
505.0
625.0
872.5
389.5
67.0
218.5
421.0
253.0
281.5
337.0
322.0
577.0
155.5
487.0
721.0
113.5
296.5
301.0
208.0
250.0
539.5
83.5
131.5
205.0
104.5
206.5
316.0
232.0
260.5
203.5
311.5
377.5
202.0
349.0
148.0
382.0
34.0
362.5
79.0
92.5
218.5
82.0
170.5
151.0
334.0
488.5
256.0
961.0
377.5
211.0
148.0
229.0
508.0
494.5
337.0
520.0
185.5
746.5
197.5
503.5
218.5
521.5
85.0
412.0
541.0
47.5
148.0
107.5
869.5
590.5
497.5
86.5
214.0
154.0
436.0
167.5
488.5
275.5
650.5
308.5
568.0
442.0
175.0
397.0
236.5
224.5
307.0
962.5
220.0
284.5
214.0
461.5
43.0
277.0
221.5
161.5
634.0
1087.0
262.0
248.5
268.0
427.0
410.5
58.0
406.0
88.0
155.5
100.0
158.5
365.5
472.0
421.0
178.0
103.0
494.5
128.5
292.0
215.5
103.0
302.5
350.5
113.5
521.5
112.0
304.0
577.0
181.0
224.5
211.0
559.0
344.5
296.5
266.5
817.0
541.0
445.0
601.0
232.0
101.5
35.5
205.0
430.0
884.5
266.5
899.5
148.0
269.5
329.5
296.5
226.0
142.0
214.0
286.0
233.5
211.0
571.0
463.0
154.0
493.0
250.0
514.0
140.5
197.5
92.5
494.5
160.0
83.5
496.0
457.0
238.0
194.5
371.5
634.0
92.5
398.5
523.0
155.5
421.0
431.5
809.5
280.0
335.5
289.0
428.5
539.5
224.5
112.0
205.0
274.0
1058.5
602.5
329.5
334.0
301.0
289.0
155.5
181.0
494.5
179.5
463.0
257.5
517.0
215.5
157.0
569.5
149.5
199.0
481.0
91.0
184.0
311.5
205.0
671.5
190.0
392.5
298.0
413.5
1009.0
145.0
775.0
599.5
88.0
611.5
182.5
475.0
154.0
245.5
338.5
424.0
650.5
1054.0
272.5
374.5
143.5
373.0
577.0
365.5
527.5
332.5
214.0
278.5
79.0
334.0
152.5
82.0
40.0
130.0
583.0
256.0
221.5
1042.0
266.5
107.5
239.5
389.5
634.0
319.0
890.5
592.0
79.0
548.5
532.0
290.5
593.5
145.0
191.5
154.0
169.0
481.0
401.5
305.5
625.0
863.5
181.0
337.0
439.0
488.5
1036.0
245.5
370.0
223.0
853.0
122.5
104.5
734.5
151.0
220.0
169.0
289.0
376.0
325.0
142.0
230.5
410.5
208.0
164.5
428.5
86.5
131.5
421.0
638.5
395.5
364.0
370.0
239.5
379.0
232.0
332.5
233.5
74.5
442.0
187.0
994.0
503.5
868.0
169.0
463.0
43.0
599.5
287.5
821.5
122.5
251.5
703.0
530.5
176.5
212.5
136.0
533.5
541.0
562.0
224.5
613.0
482.5
340.0
304.0
257.5
104.5
475.0
1031.5
194.5
425.5
118.0
470.5
395.5
379.0
113.5
191.5
463.0
286.0
437.5
193.0
373.0
304.0
595.0
284.5
143.5
581.5
187.0
227.5
209.5
269.5
148.0
616.0
217.0
175.0
551.5
274.0
227.5
731.5
491.5
289.0
125.5
206.5
128.5
176.5
215.5
98.5
92.5
533.5
320.5
328.0
235.0
385.0
401.5
280.0
143.5
185.5
512.5
458.5
284.5
152.5
211.0
557.5
316.0
650.5
352.0
203.5
283.0
128.5
346.0
328.0
266.5
230.5
326.5
473.5
790.0
413.5
955.0
64.0
662.5
335.5
302.5
308.5
907.0
260.5
886.0
277.0
158.5
280.0
305.5
902.5
137.5
128.5
98.5
151.0
331.0
197.5
592.0
70.0
424.0
86.5
233.5
92.5
637.0
610.0
511.0
740.5
215.5
106.0
299.5
44.5
371.5
872.5
317.5
977.5
571.0
179.5
200.5
247.0
152.5
628.0
386.5
281.5
319.0
101.5
350.5
83.5
284.5
290.5
529.0
622.0
124.0
257.5
167.5
301.0
430.0
293.5
275.5
410.5
401.5
280.0
689.5
128.5
412.0
286.0
392.5
607.0
103.0
491.5
803.5
253.0
352.0
92.5
578.5
253.0
472.0
604.0
325.0
331.0
325.0
811.0
151.0
427.0
418.0
131.5
362.5
112.0
968.5
356.5
259.0
245.5
83.5
472.0
790.0
364.0
673.0
302.5
115.0
568.0
475.0
131.5
200.5
373.0
962.5
262.0
269.5
185.5
367.0
187.0
679.0
146.5
574.0
86.5
203.5
335.5
211.0
259.0
473.5
146.5
259.0
488.5
80.5
173.5
214.0
58.0
59.5
568.0
178.0
119.5
158.5
373.0
724.0
425.5
85.0
271.0
347.5
383.5
185.5
223.0
23.5
200.5
284.5
664.0
245.5
265.0
470.5
491.5
298.0
412.0
646.0
128.5
433.0
302.5
251.5
814.0
850.0
622.0
502.0
365.5
548.5
556.0
731.5
185.5
52.0
289.0
790.0
155.5
124.0
446.5
203.5
718.0
647.5
595.0
755.5
682.0
530.5
539.5
334.0
137.5
302.5
356.5
362.5
241.0
634.0
490.0
167.5
322.0
320.5
862.0
73.0
346.0
230.5
124.0
49.0
518.5
676.0
557.5
266.5
172.0
208.0
203.5
160.0
586.0
413.5
232.0
158.5
206.5
170.5
133.0
182.5
134.5
197.5
335.5
383.5
514.0
808.0
338.5
410.5
151.0
289.0
233.5
254.5
374.5
434.5
460.0
379.0
575.5
593.5
596.5
314.5
182.5
358.0
139.0
809.5
259.0
623.5
265.0
458.5
290.5
245.5
527.5
179.5
193.0
337.0
419.5
406.0
335.5
943.0
377.5
227.5
268.0
650.5
340.0
242.5
250.0
541.0
287.5
82.0
1025.5
517.0
376.0
142.0
517.0
778.0
224.5
76.0
478.0
641.5
140.5
478.0
161.5
611.5
178.0
305.5
325.0
271.0
170.5
193.0
428.5
310.0
428.5
317.5
545.5
343.0
493.0
325.0
139.0
217.0
305.5
587.5
119.5
316.0
179.5
182.5
182.5
611.5
385.0
292.0
197.5
358.0
364.0
562.0
266.5
277.0
149.5
538.0
302.5
268.0
518.5
232.0
175.0
163.0
187.0
380.5
193.0
527.5
227.5
596.5
416.5
131.5
146.5
395.5
227.5
47.5
145.0
400.0
554.5
292.0
262.0
455.5
242.5
32.5
121.0
451.0
956.5
737.5
68.5
185.5
481.0
262.0
211.0
166.0
434.5
554.5
280.0
236.5
335.5
632.5
644.5
602.5
494.5
389.5
527.5
373.0
881.5
14.5
376.0
544.0
220.0
457.0
484.0
302.5
445.0
229.0
37.0
251.5
496.0
404.5
241.0
253.0
170.5
191.5
470.5
205.0
7.0
224.5
284.5
278.5
215.5
22.0
620.5
452.5
512.5
31.0
305.5
224.5
59.5
389.5
76.0
175.0
106.0
352.0
554.5
253.0
205.0
154.0
200.5
526.0
139.0
37.0
257.5
145.0
275.5
98.5
455.5
445.0
190.0
136.0
137.5
100.0
290.5
407.5
889.0
755.5
491.5
229.0
178.0
239.5
79.0
226.0
299.5
134.5
635.5
640.0
547.0
73.0
503.5
554.5
137.5
337.0
331.0
328.0
43.0
334.0
356.5
247.0
163.0
302.5
338.5
172.0
158.5
278.5
587.5
413.5
265.0
221.5
95.5
514.0
730.0
670.0
376.0
980.5
97.0
461.5
494.5
820.0
157.0
749.5
295.0
230.5
154.0
197.5
503.5
899.5
275.5
319.0
115.0
544.0
412.0
340.0
451.0
34.0
631.0
616.0
52.0
395.5
596.5
121.0
358.0
178.0
595.0
752.5
419.5
224.5
65.5
527.5
164.5
662.5
743.5
865.0
187.0
212.5
859.0
439.0
458.5
833.5
56.5
760.0
136.0
337.0
248.5
422.5
476.5
356.5
175.0
382.0
587.5
343.0
332.5
107.5
409.0
176.5
434.5
295.0
253.0
35.5
259.0
839.5
421.0
20.5
251.5
716.5
638.5
205.0
361.0
433.0
301.0
64.0
101.5
110.5
514.0
824.5
281.5
262.0
142.0
577.0
131.5
319.0
1139.5
371.5
547.0
721.0
406.0
209.5
289.0
167.5
470.5
344.5
545.5
220.0
181.0
215.5
640.0
287.5
211.0
574.0
40.0
574.0
185.5
227.5
278.5
11.5
271.0
281.5
418.0
196.0
598.0
89.5
56.5
268.0
589.0
400.0
941.5
365.5
539.5
329.5
241.0
338.5
887.5
643.0
355.0
65.5
143.5
299.5
203.5
736.0
310.0
571.0
428.5
635.5
119.5
851.5
506.5
409.0
236.5
187.0
562.0
316.0
179.5
503.5
67.0
167.5
478.0
406.0
205.0
485.5
722.5
463.0
391.0
292.0
550.0
194.5
575.5
361.0
320.5
607.0
245.5
349.0
224.5
683.5
484.0
578.5
235.0
263.5
499.0
400.0
199.0
56.5
131.5
371.5
326.5
109.0
524.5
556.0
433.0
680.5
358.0
233.5
871.0
355.0
383.5
553.0
532.0
112.0
296.5
169.0
581.5
395.5
163.0
481.0
136.0
145.0
229.0
131.5
440.5
217.0
503.5
161.5
224.5
280.0
950.5
715.0
200.5
734.5
64.0
125.5
266.5
350.5
461.5
674.5
292.0
199.0
430.0
227.5
113.5
538.0
307.0
365.5
674.5
329.5
97.0
484.0
86.5
274.0
200.5
215.5
217.0
212.5
163.0
608.5
452.5
472.0
598.0
113.5
205.0
119.5
169.0
355.0
121.0
725.5
118.0
149.5
82.0
632.5
539.5
241.0
205.0
715.0
287.5
727.0
467.5
229.0
149.5
278.5
67.0
629.5
775.0
191.5
359.5
325.0
302.5
175.0
377.5
227.5
911.5
95.5
73.0
382.0
353.5
442.0
392.5
313.0
298.0
8.5
320.5
97.0
847.0
608.5
542.5
217.0
583.0
115.0
245.5
182.5
196.0
112.0
298.0
646.0
463.0
194.5
713.5
328.0
664.0
343.0
607.0
700.0
361.0
340.0
74.5
757.0
58.0
233.5
647.5
431.5
298.0
781.0
311.5
263.5
115.0
589.0
212.5
335.5
247.0
545.5
148.0
604.0
904.0
392.5
464.5
541.0
178.0
332.5
229.0
257.5
142.0
665.5
502.0
197.5
227.5
601.0
404.5
539.5
403.0
157.0
236.5
725.5
961.0
304.0
320.5
550.0
335.5
697.0
262.0
458.5
211.0
395.5
754.0
436.0
155.5
113.5
286.0
881.5
379.0
512.5
106.0
239.5
218.5
733.0
787.0
58.0
658.0
545.5
332.5
332.5
643.0
445.0
811.0
610.0
725.5
317.5
223.0
715.0
454.0
556.0
185.5
290.5
352.0
704.5
256.0
124.0
715.0
209.5
157.0
316.0
334.0
11.5
485.5
56.5
127.0
371.5
277.0
40.0
163.0
139.0
127.0
104.5
247.0
502.0
115.0
355.0
235.0
215.5
142.0
175.0
307.0
359.5
763.0
175.0
121.0
209.5
172.0
214.0
781.0
95.5
323.5
811.0
47.5
211.0
308.5
329.5
131.5
91.0
364.0
910.0
539.5
259.0
352.0
91.0
101.5
155.5
197.5
338.5
128.5
445.0
85.0
92.5
173.5
182.5
334.0
683.5
304.0
278.5
473.5
193.0
278.5
248.5
595.0
689.5
16.0
121.0
235.0
298.0
47.5
319.0
203.5
479.5
760.0
319.0
355.0
311.5
164.5
164.5
142.0
241.0
176.5
257.5
473.5
146.5
439.0
409.0
424.0
625.0
94.0
268.0
658.0
428.5
415.0
209.5
185.5
244.0
323.5
160.0
757.0
34.0
697.0
206.5
583.0
122.5
652.0
136.0
338.5
404.5
224.5
122.5
574.0
407.5
308.5
113.5
818.5
245.5
167.5
389.5
146.5
335.5
272.5
536.5
46.0
269.5
55.0
299.5
263.5
118.0
512.5
319.0
148.0
341.5
923.5
464.5
542.5
59.5
914.5
158.5
286.0
518.5
229.0
334.0
310.0
578.5
712.0
574.0
194.5
778.0
122.5
292.0
209.5
145.0
184.0
631.0
185.5
151.0
133.0
379.0
278.5
460.0
853.0
167.5
346.0
302.5
542.5
238.0
251.5
244.0
217.0
337.0
40.0
487.0
203.5
224.5
383.5
485.5
931.0
235.0
256.0
479.5
226.0
286.0
479.5
533.5
446.5
58.0
464.5
212.5
578.5
283.0
367.0
242.5
709.0
88.0
286.0
56.5
154.0
368.5
383.5
262.0
416.5
173.5
754.0
229.0
235.0
301.0
98.5
32.5
101.5
232.0
298.0
436.0
473.5
256.0
137.5
436.0
212.5
187.0
376.0
521.5
413.5
94.0
320.5
200.5
227.5
172.0
521.5
310.0
103.0
37.0
559.0
413.5
769.0
385.0
593.5
293.5
556.0
209.5
238.0
220.0
59.5
701.5
938.5
620.5
506.5
332.5
223.0
56.5
523.0
226.0
182.5
377.5
346.0
193.0
7.0
242.5
377.5
410.5
235.0
559.0
46.0
526.0
185.5
17.5
134.5
56.5
820.0
100.0
157.0
380.5
374.5
178.0
242.5
487.0
404.5
475.0
163.0
313.0
190.0
335.5
86.5
226.0
65.5
269.5
244.0
299.5
344.5
296.5
14.5
556.0
124.0
320.5
179.5
286.0
667.0
263.5
479.5
293.5
197.5
514.0
493.0
358.0
910.0
220.0
401.5
374.5
572.5
538.0
500.5
341.5
482.5
125.5
481.0
932.5
233.5
353.5
265.0
301.0
518.5
191.5
434.5
316.0
193.0
518.5
382.0
211.0
1022.5
331.0
431.5
271.0
272.5
259.0
326.5
488.5
422.5
373.0
242.5
76.0
566.5
50.5
145.0
557.5
134.5
499.0
466.0
164.5
767.5
389.5
460.0
47.5
256.0
508.0
260.5
226.0
568.0
601.0
104.5
85.0
266.5
280.0
577.0
518.5
193.0
478.0
233.5
829.0
181.0
265.0
149.5
325.0
596.5
461.5
269.5
427.0
226.0
401.5
367.0
338.5
157.0
380.5
850.0
178.0
125.5
352.0
238.0
113.5
358.0
715.0
350.5
109.0
364.0
340.0
292.0
599.5
256.0
187.0
221.5
530.5
311.5
211.0
58.0
146.5
665.5
136.0
328.0
914.5
89.5
106.0
163.0
100.0
385.0
446.5
298.0
568.0
629.5
358.0
172.0
446.5
194.5
437.5
398.5
271.0
460.0
77.5
395.5
382.0
73.0
143.5
275.5
424.0
245.5
544.0
127.0
661.0
55.0
404.5
250.0
133.0
236.5
281.5
251.5
125.5
92.5
89.5
296.5
64.0
229.0
562.0
628.0
161.5
457.0
169.0
317.5
395.5
550.0
281.5
148.0
443.5
341.5
683.5
548.5
269.5
661.0
59.5
826.0
829.0
850.0
535.0
424.0
103.0
344.5
76.0
191.5
104.5
113.5
541.0
118.0
760.0
251.5
274.0
223.0
230.5
205.0
337.0
557.5
1100.5
545.5
220.0
562.0
580.0
682.0
127.0
250.0
208.0
128.5
287.5
229.0
482.5
373.0
241.0
716.5
265.0
239.5
407.5
191.5
145.0
392.5
163.0
205.0
86.5
284.5
472.0
178.0
401.5
427.0
526.0
124.0
535.0
572.5
187.0
167.5
196.0
308.5
488.5
467.5
67.0
257.5
109.0
139.0
455.5
145.0
664.0
287.5
332.5
599.5
428.5
569.5
464.5
299.5
332.5
119.5
523.0
127.0
166.0
460.0
568.0
256.0
542.5
314.5
76.0
265.0
509.5
472.0
827.5
340.0
107.5
386.5
146.5
469.0
184.0
448.0
136.0
893.5
679.0
392.5
439.0
848.5
434.5
251.5
322.0
410.5
286.0
706.0
385.0
253.0
34.0
223.0
977.5
293.5
346.0
238.0
20.5
41.5
287.5
382.0
575.5
122.5
94.0
223.0
47.5
233.5
493.0
403.0
247.0
203.5
551.5
146.5
109.0
293.5
88.0
251.5
1073.5
373.0
71.5
331.0
346.0
343.0
671.5
238.0
998.5
362.5
440.5
493.0
559.0
445.0
568.0
379.0
14.5
143.5
58.0
208.0
511.0
215.5
263.5
194.5
632.5
781.0
611.5
65.5
790.0
127.0
785.5
332.5
580.0
647.5
38.5
962.5
289.0
341.5
550.0
412.0
116.5
160.0
635.5
545.5
236.5
143.5
224.5
277.0
811.0
409.0
88.0
368.5
157.0
460.0
310.0
194.5
355.0
403.0
256.0
424.0
548.5
53.5
473.5
209.5
143.5
199.0
20.5
358.0
106.0
689.5
118.0
464.5
155.5
427.0
74.5
305.5
65.5
715.0
211.0
325.0
358.0
289.0
143.5
233.5
712.0
547.0
614.5
368.5
347.5
409.0
112.0
358.0
310.0
524.5
253.0
367.0
5.5
110.5
25.0
406.0
32.5
130.0
163.0
679.0
193.0
151.0
115.0
665.5
470.5
586.0
485.5
638.5
307.0
209.5
544.0
659.5
148.0
794.5
179.5
539.5
302.5
248.5
752.5
118.0
173.5
98.5
527.5
430.0
685.0
74.5
176.5
278.5
578.5
179.5
290.5
433.0
352.0
169.0
674.5
313.0
277.0
274.0
301.0
101.5
275.5
85.0
548.5
202.0
664.0
563.5
118.0
643.0
230.5
434.5
359.5
208.0
184.0
170.5
136.0
61.0
460.0
118.0
469.0
329.5
260.5
112.0
115.0
374.5
340.0
889.0
215.5
245.5
659.5
223.0
205.0
569.5
295.0
289.0
161.5
734.5
118.0
349.0
373.0
370.0
115.0
256.0
325.0
182.5
212.5
121.0
593.5
184.0
46.0
302.5
559.0
224.5
154.0
7.0
221.5
890.5
704.5
307.0
461.5
149.5
503.5
911.5
217.0
199.0
739.0
331.0
382.0
563.5
560.5
362.5
245.5
38.5
157.0
340.0
556.0
268.0
370.0
191.5
404.5
155.5
404.5
340.0
301.0
209.5
226.0
131.5
328.0
677.5
400.0
113.5
350.5
190.0
512.5
416.5
220.0
112.0
422.5
118.0
403.0
271.0
328.0
172.0
331.0
184.0
97.0
253.0
563.5
692.5
316.0
374.5
436.0
755.5
203.5
125.5
82.0
134.5
283.0
383.5
346.0
310.0
469.0
31.0
421.0
311.5
155.5
65.5
502.0
229.0
350.5
104.5
311.5
179.5
263.5
91.0
328.0
556.0
226.0
724.0
311.5
346.0
148.0
197.5
371.5
515.5
85.0
1115.5
326.5
79.0
281.5
385.0
457.0
86.5
236.5
293.5
136.0
541.0
115.0
587.5
542.5
560.5
221.5
638.5
701.5
182.5
86.5
599.5
434.5
427.0
608.5
580.0
235.0
104.5
434.5
524.5
100.0
682.0
221.5
170.5
163.0
250.0
604.0
367.0
388.0
725.5
968.5
319.0
763.0
286.0
575.5
284.5
302.5
278.5
98.5
424.0
479.5
199.0
710.5
236.5
215.5
130.0
410.5
440.5
221.5
466.0
442.0
422.5
701.5
272.5
641.5
337.0
163.0
298.0
145.0
254.5
218.5
1043.5
185.5
208.0
53.5
223.0
482.5
340.0
127.0
640.0
949.0
416.5
470.5
167.5
266.5
371.5
266.5
602.5
335.5
127.0
497.5
181.0
46.0
490.0
485.5
877.0
335.5
292.0
77.5
332.5
106.0
1058.5
170.5
133.0
448.0
82.0
395.5
395.5
349.0
445.0
238.0
85.0
158.5
293.5
389.5
358.0
278.5
461.5
230.5
77.5
104.5
221.5
350.5
250.0
452.5
91.0
416.5
454.0
316.0
614.5
218.5
485.5
161.5
179.5
668.5
74.5
355.0
76.0
227.5
313.0
784.0
499.0
374.5
184.0
233.5
289.0
164.5
416.5
578.5
191.5
137.5
196.0
100.0
148.0
415.0
152.5
371.5
497.5
767.5
113.5
308.5
901.0
154.0
148.0
91.0
148.0
86.5
77.5
214.0
436.0
392.5
95.5
272.5
179.5
539.5
908.5
103.0
434.5
257.5
226.0
419.5
238.0
311.5
244.0
449.5
179.5
187.0
143.5
544.0
181.0
383.5
253.0
574.0
49.0
338.5
160.0
58.0
110.5
682.0
659.5
278.5
200.5
343.0
646.0
236.5
29.5
281.5
581.5
286.0
172.0
512.5
418.0
101.5
100.0
512.5
202.0
1028.5
443.5
458.5
550.0
496.0
334.0
263.5
232.0
712.0
347.5
509.5
563.5
386.5
101.5
212.5
697.0
422.5
431.5
352.0
203.5
206.5
157.0
170.5
575.5
397.0
746.5
433.0
397.0
656.5
119.5
731.5
71.5
304.0
247.0
101.5
185.5
289.0
130.0
52.0
532.0
263.5
176.5
640.0
35.5
268.0
170.5
766.0
490.0
700.0
338.5
131.5
964.0
272.5
410.5
656.5
209.5
304.0
157.0
254.5
187.0
709.0
50.5
614.5
103.0
275.5
455.5
136.0
223.0
178.0
281.5
557.5
184.0
232.0
830.5
314.5
742.0
593.5
388.0
592.0
206.5
112.0
310.0
92.5
173.5
61.0
665.5
394.0
406.0
416.5
346.0
371.5
694.0
134.5
775.0
199.0
184.0
256.0
754.0
715.0
409.0
221.5
224.5
340.0
119.5
287.5
214.0
383.5
49.0
512.5
730.0
340.0
268.0
302.5
202.0
130.0
145.0
211.0
539.5
193.0
146.5
115.0
547.0
481.0
190.0
425.5
103.0
382.0
299.5
187.0
392.5
146.5
100.0
98.5
904.0
599.5
194.5
287.5
344.5
598.0
416.5
397.0
146.5
926.5
232.0
188.5
574.0
325.0
679.0
211.0
332.5
635.5
157.0
209.5
239.5
334.0
317.5
208.0
170.5
197.5
409.0
413.5
308.5
632.5
46.0
1108.0
79.0
536.5
568.0
716.5
368.5
341.5
200.5
208.0
230.5
23.5
355.0
545.5
25.0
191.5
424.0
170.5
323.5
470.5
304.0
337.0
413.5
410.5
328.0
191.5
619.0
365.5
356.5
605.5
428.5
283.0
452.5
56.5
74.5
70.0
70.0
866.5
140.5
860.5
290.5
617.5
989.5
914.5
245.5
233.5
211.0
88.0
386.5
1006.0
187.0
151.0
323.5
394.0
122.5
457.0
322.0
101.5
217.0
308.5
193.0
298.0
154.0
347.5
322.0
917.5
665.5
361.0
212.5
188.5
185.5
190.0
733.0
130.0
242.5
293.5
455.5
323.5
307.0
212.5
200.5
251.5
404.5
86.5
511.0
997.0
1043.5
194.5
389.5
284.5
269.5
1142.5
256.0
551.5
665.5
409.0
245.5
271.0
190.0
302.5
190.0
371.5
271.0
811.0
329.5
322.0
71.5
91.0
169.0
643.0
302.5
128.5
281.5
538.0
77.5
344.5
205.0
304.0
200.5
175.0
509.5
284.5
941.5
214.0
287.5
97.0
142.0
595.0
217.0
191.5
305.5
263.5
359.5
148.0
587.5
241.0
259.0
725.5
776.5
227.5
226.0
424.0
473.5
92.5
62.5
770.5
388.0
295.0
371.5
47.5
343.0
878.5
302.5
775.0
461.5
364.0
110.5
103.0
425.5
113.5
512.5
232.0
448.0
626.5
244.0
77.5
460.0
451.0
424.0
221.5
326.5
149.5
473.5
467.5
142.0
205.0
104.5
445.0
578.5
176.5
98.5
289.0
110.5
560.5
304.0
725.5
548.5
335.5
715.0
95.5
274.0
401.5
301.0
118.0
205.0
335.5
266.5
383.5
359.5
238.0
473.5
496.0
449.5
848.5
211.0
170.5
412.0
304.0
284.5
323.5
146.5
133.0
287.5
587.5
718.0
163.0
287.5
293.5
530.5
164.5
694.0
344.5
124.0
185.5
292.0
80.5
158.5
73.0
457.0
131.5
281.5
653.5
233.5
218.5
635.5
247.0
139.0
529.0
248.5
556.0
373.0
410.5
74.5
217.0
176.5
278.5
458.5
596.5
790.0
598.0
419.5
436.0
593.5
187.0
293.5
254.5
346.0
293.5
104.5
253.0
238.0
187.0
650.5
164.5
131.5
118.0
185.5
371.5
146.5
80.5
166.0
284.5
116.5
181.0
128.5
208.0
221.5
619.0
556.0
901.0
673.0
184.0
784.0
770.5
418.0
157.0
371.5
649.0
308.5
170.5
164.5
191.5
230.5
104.5
209.5
94.0
250.0
226.0
292.0
443.5
160.0
148.0
211.0
125.5
256.0
322.0
503.5
595.0
445.0
560.5
226.0
272.5
41.5
350.5
140.5
338.5
584.5
434.5
583.0
758.5
427.0
359.5
314.5
590.5
226.0
358.0
431.5
244.0
481.0
476.5
17.5
631.0
578.5
139.0
275.5
259.0
197.5
337.0
169.0
718.0
95.5
347.5
557.5
554.5
94.0
193.0
230.5
248.5
478.0
394.0
355.0
254.5
356.5
202.0
112.0
527.5
446.5
577.0
187.0
320.5
284.5
158.5
368.5
575.5
305.5
218.5
221.5
166.0
350.5
136.0
29.5
133.0
227.5
289.0
263.5
335.5
392.5
407.5
575.5
520.0
337.0
436.0
59.5
205.0
191.5
226.0
83.5
473.5
172.0
398.5
196.0
191.5
169.0
296.5
301.0
88.0
97.0
359.5
346.0
269.5
299.5
622.0
260.5
331.0
136.0
403.0
118.0
281.5
229.0
244.0
188.5
556.0
325.0
506.5
257.5
832.0
44.5
115.0
286.0
233.5
545.5
839.5
326.5
500.5
52.0
470.5
484.0
370.0
64.0
514.0
473.5
280.0
434.5
787.0
170.5
673.0
527.5
596.5
157.0
137.5
223.0
199.0
290.5
313.0
475.0
406.0
194.5
146.5
86.5
646.0
374.5
479.5
511.0
743.5
526.0
170.5
488.5
649.0
170.5
604.0
316.0
106.0
215.5
211.0
380.5
379.0
425.5
302.5
434.5
266.5
325.0
376.0
259.0
568.0
364.0
317.5
421.0
299.5
349.0
88.0
881.5
797.5
382.0
347.5
826.0
131.5
520.0
283.0
286.0
166.0
217.0
308.5
68.5
269.5
253.0
124.0
455.5
917.5
143.5
446.5
518.5
164.5
716.5
718.0
89.5
667.0
694.0
376.0
329.5
41.5
112.0
376.0
353.5
995.5
359.5
235.0
337.0
289.0
286.0
538.0
176.5
98.5
256.0
806.5
565.0
229.0
686.5
422.5
683.5
785.5
667.0
254.5
253.0
77.5
305.5
775.0
757.0
622.0
64.0
248.5
491.5
472.0
40.0
316.0
827.5
644.5
154.0
808.0
433.0
436.0
109.0
442.0
143.5
505.0
700.0
95.5
583.0
179.5
469.0
334.0
644.5
425.5
250.0
167.5
497.5
257.5
503.5
152.5
277.0
742.0
577.0
47.5
440.5
701.5
181.0
328.0
452.5
418.0
112.0
241.0
808.0
230.5
331.0
656.5
283.0
125.5
251.5
224.5
139.0
283.0
199.0
352.0
190.0
212.5
271.0
197.5
73.0
482.5
263.5
155.5
400.0
35.5
112.0
298.0
269.5
230.5
299.5
62.5
83.5
116.5
629.5
145.0
251.5
506.5
311.5
352.0
631.0
715.0
707.5
256.0
101.5
232.0
545.5
394.0
178.0
92.5
218.5
217.0
692.5
467.5
196.0
475.0
175.0
260.5
251.5
146.5
136.0
1123.0
725.5
253.0
161.5
709.0
281.5
271.0
89.5
685.0
575.5
686.5
233.5
314.5
272.5
146.5
295.0
511.0
439.0
277.0
272.5
97.0
230.5
460.0
136.0
83.5
302.5
193.0
88.0
223.0
272.5
422.5
322.0
319.0
361.0
187.0
209.5
247.0
290.5
578.5
178.0
260.5
200.5
85.0
181.0
149.5
329.5
218.5
374.5
250.0
248.5
409.0
215.5
568.0
656.5
257.5
178.0
263.5
173.5
344.5
742.0
604.0
824.5
316.0
395.5
956.5
388.0
902.5
469.0
547.0
412.0
230.5
380.5
199.0
478.0
308.5
655.0
488.5
260.5
148.0
700.0
557.5
286.0
676.0
341.5
322.0
295.0
260.5
340.0
667.0
542.5
368.5
343.0
206.5
329.5
161.5
124.0
181.0
539.5
86.5
305.5
566.5
185.5
371.5
446.5
398.5
404.5
1054.0
259.0
304.0
353.5
295.0
325.0
100.0
157.0
329.5
281.5
97.0
185.5
559.0
226.0
208.0
137.5
209.5
755.5
359.5
412.0
215.5
419.5
79.0
109.0
542.5
194.5
127.0
457.0
451.0
332.5
245.5
511.0
299.5
193.0
220.0
269.5
481.0
397.0
331.0
302.5
686.5
1036.0
418.0
476.5
599.5
581.5
169.0
710.5
515.5
710.5
464.5
82.0
295.0
409.0
295.0
436.0
427.0
350.5
241.0
65.5
224.5
112.0
154.0
260.5
208.0
502.0
515.5
106.0
469.0
539.5
668.5
283.0
722.5
148.0
658.0
328.0
172.0
137.5
89.5
206.5
98.5
344.5
347.5
821.5
232.0
238.0
764.5
101.5
355.0
242.5
34.0
257.5
238.0
289.0
490.0
178.0
113.5
376.0
130.0
197.5
563.5
341.5
490.0
337.0
455.5
26.5
50.5
236.5
107.5
149.5
50.5
157.0
452.5
421.0
316.0
25.0
110.5
365.5
473.5
361.0
86.5
266.5
409.0
280.0
292.0
131.5
515.5
187.0
337.0
334.0
47.5
1073.5
556.0
310.0
200.5
371.5
110.5
94.0
76.0
320.5
131.5
188.5
127.0
91.0
67.0
410.5
266.5
224.5
299.5
436.0
127.0
364.0
695.5
325.0
347.5
166.0
287.5
581.5
70.0
878.5
272.5
506.5
412.0
187.0
580.0
310.0
278.5
829.0
470.5
292.0
197.5
484.0
254.5
698.5
541.0
262.0
566.5
158.5
56.5
305.5
214.0
260.5
211.0
65.5
103.0
557.5
704.5
277.0
128.5
655.0
133.0
587.5
530.5
301.0
403.0
133.0
193.0
347.5
415.0
299.5
206.5
304.0
166.0
112.0
133.0
268.0
53.5
172.0
125.5
251.5
433.0
145.0
313.0
182.5
64.0
289.0
190.0
284.5
640.0
551.5
473.5
746.5
625.0
655.0
305.5
205.0
200.5
611.5
274.0
641.5
256.0
499.0
518.5
524.5
386.5
271.0
166.0
67.0
385.0
704.5
280.0
211.0
539.5
359.5
245.5
299.5
532.0
167.5
158.5
166.0
50.5
236.5
244.0
122.5
332.5
544.0
572.5
92.5
661.0
170.5
170.5
520.0
83.5
404.5
1106.5
533.5
344.5
703.0
223.0
62.5
728.5
454.0
598.0
70.0
223.0
166.0
404.5
259.0
241.0
137.5
616.0
116.5
242.5
400.0
137.5
176.5
529.0
229.0
700.0
256.0
611.5
163.0
182.5
212.5
350.5
154.0
526.0
452.5
673.0
116.5
170.5
214.0
713.5
320.5
949.0
58.0
82.0
146.5
62.5
431.5
481.0
745.0
118.0
802.0
902.5
571.0
89.5
341.5
64.0
200.5
467.5
565.0
724.0
196.0
301.0
301.0
382.0
118.0
680.5
352.0
466.0
179.5
196.0
253.0
887.5
299.5
334.0
322.0
554.5
34.0
482.5
320.5
154.0
266.5
541.0
458.5
347.5
133.0
350.5
347.5
118.0
739.0
176.5
274.0
139.0
235.0
409.0
334.0
166.0
535.0
338.5
281.5
635.5
238.0
365.5
206.5
154.0
314.5
239.5
79.0
130.0
340.0
262.0
946.0
461.5
293.5
871.0
295.0
475.0
194.5
320.5
67.0
265.0
295.0
344.5
397.0
119.5
491.5
91.0
160.0
518.5
277.0
232.0
475.0
137.5
298.0
355.0
259.0
461.5
83.5
212.5
341.5
143.5
103.0
157.0
758.5
280.0
493.0
166.0
733.0
479.5
263.5
424.0
325.0
475.0
605.5
137.5
77.5
134.5
682.0
248.5
509.5
386.5
772.0
371.5
307.0
679.0
191.5
383.5
278.5
293.5
310.0
236.5
212.5
500.5
233.5
628.0
103.0
430.0
134.5
572.5
193.0
1045.0
460.0
632.5
106.0
776.5
142.0
346.0
215.5
223.0
241.0
107.5
514.0
130.0
277.0
220.0
77.5
575.5
691.0
100.0
52.0
116.5
413.5
403.0
283.0
656.5
218.5
502.0
319.0
587.5
254.5
181.0
832.0
415.0
397.0
370.0
224.5
221.5
214.0
34.0
467.5
170.5
355.0
362.5
323.5
40.0
454.0
220.0
187.0
556.0
125.5
200.5
385.0
664.0
257.5
212.5
125.5
682.0
199.0
295.0
254.5
155.5
937.0
238.0
193.0
602.5
224.5
464.5
311.5
137.5
154.0
106.0
215.5
193.0
340.0
116.5
361.0
338.5
37.0
251.5
670.0
838.0
733.0
265.0
590.5
238.0
265.0
229.0
392.5
299.5
880.0
454.0
362.5
251.5
58.0
815.5
119.5
335.5
553.0
98.5
494.5
451.0
421.0
806.5
313.0
451.0
310.0
125.5
191.5
626.5
488.5
262.0
80.5
254.5
398.5
442.0
158.5
469.0
439.0
445.0
191.5
521.5
194.5
160.0
163.0
152.5
470.5
442.0
431.5
253.0
460.0
752.5
185.5
194.5
136.0
307.0
125.5
970.0
212.5
77.5
23.5
692.5
391.0
467.5
757.0
665.5
512.5
287.5
217.0
901.0
61.0
280.0
490.0
191.5
199.0
236.5
170.5
245.5
295.0
62.5
188.5
220.0
266.5
467.5
317.5
401.5
572.5
329.5
545.5
391.0
734.5
116.5
19.0
314.5
413.5
404.5
35.5
664.0
205.0
103.0
217.0
782.5
581.5
316.0
545.5
422.5
326.5
280.0
290.5
233.5
263.5
272.5
281.5
538.0
716.5
505.0
431.5
368.5
260.5
428.5
335.5
467.5
556.0
589.0
208.0
842.5
31.0
89.5
128.5
298.0
379.0
926.5
680.5
398.5
338.5
76.0
320.5
574.0
382.0
662.5
179.5
338.5
209.5
356.5
308.5
320.5
164.5
322.0
286.0
365.5
464.5
806.5
284.5
194.5
728.5
70.0
863.5
245.5
488.5
620.5
178.0
470.5
412.0
104.5
305.5
176.5
229.0
124.0
505.0
386.5
209.5
146.5
385.0
212.5
458.5
688.0
476.5
263.5
305.5
424.0
643.0
170.5
370.0
478.0
257.5
116.5
194.5
406.0
235.0
485.5
70.0
673.0
454.0
395.5
163.0
94.0
512.5
317.5
340.0
593.5
169.0
148.0
260.5
329.5
248.5
251.5
208.0
446.5
95.5
542.5
473.5
149.5
170.5
143.5
524.5
271.0
130.0
404.5
215.5
400.0
122.5
67.0
365.5
535.0
139.0
329.5
200.5
388.0
251.5
236.5
466.0
269.5
103.0
79.0
664.0
409.0
121.0
856.0
82.0
392.5
100.0
256.0
106.0
784.0
404.5
265.0
1034.5
185.5
685.0
545.5
206.5
250.0
419.5
230.5
521.5
811.0
812.5
67.0
656.5
185.5
334.0
700.0
311.5
235.0
484.0
205.0
350.5
283.0
293.5
205.0
446.5
676.0
817.0
206.5
428.5
410.5
223.0
112.0
326.5
473.5
262.0
257.5
220.0
689.5
538.0
236.5
854.5
59.5
511.0
374.5
343.0
92.5
74.5
436.0
485.5
223.0
217.0
604.0
368.5
700.0
385.0
220.0
227.5
119.5
326.5
307.0
277.0
217.0
358.0
199.0
254.5
224.5
313.0
314.5
196.0
596.5
163.0
350.5
439.0
196.0
145.0
277.0
490.0
229.0
302.5
230.5
100.0
289.0
352.0
175.0
83.5
121.0
418.0
259.0
383.5
113.5
520.0
121.0
379.0
28.0
443.5
731.5
589.0
668.5
718.0
127.0
413.5
263.5
398.5
82.0
106.0
503.5
266.5
217.0
692.5
410.5
25.0
383.5
191.5
245.5
620.5
425.5
358.0
452.5
259.0
157.0
272.5
230.5
445.0
736.0
311.5
125.5
269.5
287.5
698.5
464.5
200.5
125.5
146.5
814.0
595.0
257.5
241.0
415.0
73.0
88.0
136.0
272.5
226.0
208.0
100.0
416.5
355.0
370.0
517.0
149.5
580.0
199.0
391.0
139.0
83.5
110.5
220.0
583.0
421.0
401.5
155.5
406.0
310.0
230.5
335.5
295.0
233.5
140.5
502.0
365.5
316.0
436.0
266.5
