1147.0
1001.5
1018.0
1195.0
1178.5
1339.0
1069.0
1199.5
1186.0
1058.5
1282.0
1291.0
1174.0
1321.0
955.0
902.5
1109.5
1091.5
1247.5
445.0
1198.0
1246.0
1258.0
1046.5
1318.0
1088.5
1085.5
1211.5
1219.0
1165.0
1178.5
728.5
1172.5
910.0
1133.5
1313.5
1133.5
407.5
1249.0
1190.5
1166.5
1085.5
1279.0
1052.5
1133.5
1210.0
1235.5
1214.5
1342.0
1181.5
1241.5
1265.5
949.0
1189.0
1007.5
850.0
1001.5
1315.0
1165.0
1223.5
548.5
1177.0
194.5
1226.5
1294.0
1124.5
1039.0
1148.5
1225.0
1099.0
1243.0
1025.5
1241.5
1283.5
728.5
1268.5
1024.0
925.0
1183.0
1069.0
1055.5
1034.5
973.0
1253.5
1064.5
733.0
1348.0
1208.5
1043.5
1132.0
1159.0
1073.5
1030.0
1301.5
1352.5
995.5
1166.5
1327.0
497.5
820.0
1202.5
1160.5
1310.5
1078.0
1222.0
1312.0
1103.5
1235.5
830.5
892.0
1219.0
1114.0
1231.0
1177.0
1079.5
1184.5
1180.0
728.5
1202.5
1159.0
572.5
1213.0
1273.0
422.5
1294.0
1126.0
1255.0
1375.0
1066.0
1339.0
1325.5
344.5
1220.5
1108.0
1259.5
505.0
274.0
874.0
1246.0
911.5
967.0
1126.0
1120.0
1210.0
1301.5
1220.5
1046.5
1262.5
643.0
1082.5
1310.5
1247.5
1310.5
1159.0
1171.0
556.0
1301.5
914.5
1181.5
859.0
1313.5
850.0
1033.0
1283.5
1087.0
896.5
628.0
958.0
1181.5
1160.5
208.0
964.0
1190.5
1121.5
1084.0
257.5
997.0
1310.5
1195.0
1216.0
1025.5
938.5
772.0
1169.5
1042.0
992.5
1181.5
1184.5
1111.0
791.5
1234.0
1171.0
670.0
1132.0
1265.5
1180.0
1117.0
911.5
499.0
1237.0
1184.5
383.5
1093.0
1210.0
487.0
820.0
1063.0
1298.5
1138.0
1346.5
1163.5
1133.5
743.5
1286.5
1235.5
1298.5
1148.5
1154.5
862.0
655.0
1141.0
1262.5
1085.5
1241.5
1211.5
805.0
1219.0
1195.0
1099.0
1213.0
584.5
977.5
310.0
940.0
1013.5
1112.5
1256.5
1132.0
1231.0
1226.5
1112.5
1162.0
1121.5
1187.5
1103.5
1103.5
1153.0
1184.5
1157.5
1244.5
1204.0
1270.0
1166.5
1231.0
1025.5
1213.0
1235.5
1093.0
955.0
1054.0
991.0
1100.5
1277.5
1253.5
1168.0
1324.0
1217.5
1189.0
1108.0
1133.5
1157.5
1216.0
1288.0
1307.5
1319.5
1129.0
677.5
754.0
1304.5
661.0
1280.5
1165.0
1160.5
1084.0
1192.0
1205.5
976.0
1220.5
1285.0
1144.0
1009.0
838.0
1130.5
1150.0
1085.5
1256.5
1223.5
1339.0
1228.0
1228.0
1103.5
1231.0
1172.5
1096.0
1238.5
1058.5
1214.5
1295.5
1183.0
1217.5
1175.5
1081.0
1195.0
1178.5
1184.5
988.0
1238.5
1159.0
1172.5
835.0
1132.0
1268.5
1205.5
1184.5
1145.5
986.5
1253.5
1111.0
989.5
994.0
1163.5
733.0
836.5
1289.5
1139.5
1300.0
1249.0
1079.5
1060.0
1028.5
1088.5
1307.5
1058.5
1207.0
1241.5
1324.0
1139.5
1142.5
1133.5
1048.0
1309.0
1202.5
1174.0
1255.0
1061.5
1255.0
1216.0
887.5
1186.0
994.0
1112.5
1087.0
1288.0
1288.0
1138.0
1324.0
1193.5
1216.0
1210.0
1244.5
1208.5
1133.5
1135.0
829.0
968.5
1315.0
565.0
1195.0
1303.0
1072.0
1283.5
883.0
959.5
992.5
1189.0
1279.0
1303.0
1232.5
830.5
1199.5
1363.0
1202.5
1039.0
1285.0
905.5
1016.5
1229.5
911.5
244.0
1222.0
1124.5
1129.0
1298.5
1172.5
997.0
1220.5
1223.5
1207.0
772.0
1298.5
1177.0
1139.5
1073.5
1345.0
1249.0
1120.0
1001.5
985.0
1235.5
1211.5
1301.5
1067.5
1207.0
1082.5
1207.0
613.0
980.5
1043.5
833.5
1027.0
1291.0
1153.0
1162.0
1234.0
1120.0
1184.5
1100.5
1163.5
1030.0
1279.0
1306.0
1339.0
1162.0
1285.0
1276.0
862.0
953.5
952.0
1307.5
1148.5
1099.0
1222.0
566.5
1349.5
1133.5
1205.5
1252.0
650.5
1123.0
1225.0
1061.5
1138.0
1013.5
805.0
1283.5
1315.0
1307.5
863.5
1328.5
1238.5
746.5
1078.0
1306.0
1054.0
433.0
974.5
1181.5
1172.5
1256.5
1150.0
890.5
1190.5
1303.0
1139.5
1244.5
821.5
1156.0
1265.5
752.5
566.5
1192.0
1220.5
1139.5
1123.0
1258.0
1240.0
503.5
1298.5
1262.5
1049.5
1090.0
457.0
1238.5
1324.0
689.5
1198.0
1289.5
1148.5
1055.5
1232.5
1201.0
934.0
1108.0
1217.5
1292.5
1202.5
1129.0
919.0
1148.5
1123.0
1073.5
1255.0
1258.0
1343.5
1342.0
1157.5
1094.5
1325.5
935.5
1223.5
1259.5
1210.0
712.0
1247.5
329.5
950.5
1169.5
812.5
1205.5
1322.5
1189.0
1255.0
1145.5
1133.5
1244.5
1267.0
1066.0
1021.0
1214.5
1237.0
1007.5
1120.0
1228.0
928.0
1321.0
842.5
1061.5
1234.0
1175.5
850.0
998.5
1160.5
1048.0
1360.0
493.0
701.5
1135.0
1235.5
914.5
1058.5
1225.0
670.0
968.5
1151.5
1004.5
476.5
1186.0
1175.5
295.0
1102.0
1291.0
835.0
985.0
928.0
1249.0
1310.5
1270.0
1087.0
623.5
604.0
1202.5
1187.5
1085.5
713.5
1195.0
1096.0
1162.0
1058.5
1297.0
1225.0
1301.5
1114.0
638.5
1186.0
1112.5
1166.5
1186.0
1043.5
1163.5
961.0
1049.5
1118.5
1273.0
1162.0
850.0
1013.5
1303.0
653.5
883.0
1288.0
793.0
1376.5
1249.0
1061.5
1319.5
1112.5
1196.5
1145.5
1310.5
1232.5
1063.0
1180.0
995.5
1237.0
841.0
1205.5
1265.5
1174.0
1105.0
1295.5
1315.0
1124.5
1321.0
1093.0
1208.5
1280.5
1226.5
1243.0
1220.5
970.0
1291.0
401.5
1214.5
1205.5
1147.0
1118.5
826.0
896.5
1031.5
1204.0
1300.0
875.5
1184.5
1148.5
1102.0
1283.5
1112.5
1282.0
1033.0
1096.0
1135.0
1067.5
1160.5
881.5
1214.5
1244.5
1214.5
1184.5
832.0
800.5
1306.0
1159.0
1252.0
1096.0
988.0
1156.0
1163.5
1145.5
1100.5
1327.0
968.5
1268.5
1088.5
1198.0
1277.5
1336.0
1256.5
1090.0
1189.0
1291.0
1117.0
1178.5
974.5
902.5
1181.5
1211.5
1190.5
1175.5
1291.0
1129.0
1321.0
875.5
1136.5
827.5
1270.0
1229.5
1312.0
919.0
1268.5
1028.5
1222.0
1213.0
1183.0
1339.0
1187.5
1181.5
1286.5
1258.0
1283.5
1079.5
1117.0
1024.0
851.5
161.5
1261.0
1207.0
926.5
653.5
853.0
1046.5
1301.5
1115.5
1150.0
1258.0
1205.5
1276.0
1325.5
961.0
1294.0
1157.5
868.0
544.0
352.0
1231.0
1016.5
1259.5
1309.0
1286.5
1226.5
988.0
785.5
1294.0
1021.0
1012.0
1181.5
1205.5
1213.0
1217.5
343.0
1177.0
908.5
1187.5
1130.5
1298.5
1070.5
577.0
1238.5
1163.5
1163.5
1252.0
998.5
994.0
1112.5
1292.5
1081.0
1361.5
1259.5
904.0
889.0
232.0
935.5
1174.0
1018.0
1126.0
1183.0
992.5
1190.5
1073.5
802.0
1112.5
352.0
1369.0
1190.5
1091.5
1114.0
1060.0
1229.5
1282.0
1129.0
350.5
851.5
1015.0
979.0
1123.0
1171.0
1213.0
1190.5
1307.5
874.0
1274.5
965.5
1388.5
1126.0
1190.5
1240.0
1156.0
1181.5
748.0
1187.5
958.0
1168.0
1064.5
823.0
1052.5
1127.5
1166.5
950.5
1336.0
1085.5
677.5
1216.0
1174.0
1283.5
883.0
1222.0
1252.0
1273.0
1339.0
932.5
1123.0
1223.5
289.0
1337.5
1219.0
1145.5
1217.5
1124.5
949.0
1181.5
1150.0
1177.0
1357.0
796.0
1147.0
1162.0
1253.5
1246.0
1075.0
979.0
1337.5
1097.5
1069.0
980.5
1211.5
1174.0
854.5
1118.5
1303.0
1150.0
1261.0
1256.5
1262.5
1336.0
905.5
868.0
1115.5
1046.5
1202.5
1181.5
1276.0
1237.0
896.5
1099.0
841.0
448.0
1139.5
1249.0
656.5
847.0
1219.0
1066.0
1216.0
1084.0
1106.5
1063.0
1247.5
805.0
970.0
1034.5
1210.0
1244.5
1280.5
1328.5
1195.0
1295.5
1210.0
989.5
1121.5
1136.5
1316.5
1091.5
1045.0
1337.5
1325.5
1117.0
1303.0
899.5
1099.0
1145.5
1177.0
1310.5
1157.5
1034.5
1346.5
1237.0
1100.5
976.0
1330.0
1229.5
995.5
1277.5
898.0
1277.5
1331.5
839.5
865.0
1294.0
1262.5
544.0
1070.5
920.5
1199.5
983.5
1289.5
1223.5
1214.5
1297.0
802.0
1060.0
1256.5
892.0
1082.5
1327.0
665.5
919.0
1313.5
1114.0
779.5
1172.5
715.0
925.0
1274.5
1093.0
1196.5
1066.0
164.5
1069.0
1231.0
1012.0
1283.5
1324.0
1306.0
947.5
928.0
596.5
1193.5
1060.0
1163.5
1154.5
1270.0
1252.0
1193.5
1283.5
1235.5
1171.0
1228.0
1063.0
815.5
1289.5
1255.0
1175.5
1229.5
1159.0
1076.5
1208.5
1181.5
1253.5
1288.0
1208.5
1249.0
1249.0
811.0
1199.5
1234.0
1204.0
1142.5
1300.0
1238.5
1207.0
52.0
1255.0
1331.5
1123.0
547.0
1157.5
1081.0
1210.0
1346.5
887.5
1118.5
1217.5
1231.0
1127.5
1183.0
1340.5
1118.5
1073.5
1216.0
949.0
1207.0
1190.5
1172.5
413.5
1142.5
1147.0
1195.0
1136.5
1300.0
1159.0
1141.0
1097.5
1154.5
1144.0
1019.5
1031.5
1175.5
1210.0
505.0
1121.5
994.0
1124.5
1127.5
1208.5
763.0
1294.0
1246.0
1162.0
1171.0
886.0
563.5
175.0
1075.0
1156.0
1106.5
1031.5
1349.5
1156.0
1313.5
1208.5
1222.0
1052.5
1078.0
1289.5
1136.5
1204.0
1291.0
1139.5
1141.0
1204.0
1303.0
1051.0
766.0
715.0
1076.5
755.5
1169.5
1085.5
859.0
950.5
959.5
1246.0
1057.0
1304.5
1234.0
1060.0
1198.0
1145.5
1310.5
1109.5
1325.5
1238.5
1040.5
865.0
1351.0
1045.0
1051.0
1226.5
713.5
1373.5
1256.5
1052.5
1075.0
1163.5
503.5
1163.5
943.0
1001.5
998.5
1288.0
1336.0
1028.5
1208.5
1196.5
1055.5
671.5
841.0
907.0
934.0
1211.5
1198.0
1355.5
1241.5
1220.5
1160.5
1207.0
1177.0
1265.5
1270.0
1261.0
1105.0
1220.5
911.5
1154.5
1052.5
932.5
1283.5
1265.5
1225.0
1106.5
1121.5
575.5
1046.5
1237.0
1357.0
734.5
1145.5
1184.5
1402.0
1331.5
1141.0
1267.0
1226.5
1003.0
1241.5
1274.5
1325.5
1115.5
1322.5
1241.5
1216.0
1190.5
1183.0
1018.0
1159.0
1178.5
707.5
1139.5
532.0
1120.0
1040.5
1343.5
1033.0
1217.5
989.5
1307.5
805.0
1112.5
913.0
880.0
1060.0
1202.5
1241.5
1118.5
1216.0
1348.0
1295.5
491.5
1108.0
1208.5
467.5
1225.0
1178.5
1138.0
1198.0
1114.0
1201.0
1147.0
1072.0
1243.0
1264.0
877.0
1213.0
1285.0
1087.0
1307.5
854.5
1091.5
493.0
1217.5
1021.0
1186.0
1000.0
623.5
829.0
985.0
1246.0
959.5
1060.0
941.5
1214.5
1147.0
1139.5
1213.0
1309.0
1166.5
1327.0
1102.0
1279.0
686.5
1099.0
1058.5
1154.5
1147.0
1199.5
1168.0
313.0
946.0
1148.5
985.0
995.5
1226.5
1205.5
1307.5
689.5
1243.0
1013.5
1208.5
1241.5
1279.0
1037.5
1282.0
1234.0
863.5
1301.5
1153.0
1226.5
959.5
1205.5
752.5
539.5
1162.0
1132.0
1183.0
829.0
1174.0
1129.0
182.5
752.5
1213.0
662.5
1156.0
854.5
896.5
788.5
377.5
1135.0
812.5
746.5
1264.0
1033.0
1225.0
1172.5
1027.0
1142.5
1235.5
1139.5
1180.0
1373.5
914.5
1147.0
1178.5
1259.5
1183.0
1085.5
1094.5
1072.0
601.0
1147.0
1054.0
988.0
1231.0
1052.5
1159.0
1045.0
1108.0
901.0
1277.5
1076.5
1199.5
1259.5
1168.0
1303.0
1040.5
880.0
1087.0
1126.0
1084.0
1276.0
1016.5
773.5
1151.5
907.0
977.5
389.5
1178.5
1238.5
1213.0
784.0
1067.5
1208.5
1216.0
1114.0
811.0
1240.0
1327.0
1147.0
1073.5
1000.0
1177.0
1177.0
1102.0
1306.0
1276.0
1322.5
1165.0
869.5
1058.5
1231.0
1207.0
1061.5
1253.5
1192.0
1292.5
1159.0
1091.5
808.0
1268.5
1172.5
1270.0
970.0
1160.5
902.5
1075.0
1142.5
1190.5
1237.0
1286.5
1279.0
1229.5
494.5
1177.0
1007.5
850.0
1240.0
842.5
1225.0
931.0
1187.5
1150.0
1114.0
959.5
1369.0
1178.5
1196.5
1094.5
1229.5
1240.0
1010.5
1153.0
910.0
1090.0
1184.5
1238.5
1181.5
1198.0
1015.0
1285.0
1145.5
1174.0
1076.5
1195.0
1267.0
1196.5
1174.0
830.5
1144.0
1115.5
784.0
1225.0
1171.0
1249.0
1130.5
965.5
1264.0
1144.0
1369.0
1151.5
1163.5
344.5
1096.0
1067.5
1000.0
940.0
853.0
1237.0
1150.0
1298.5
1079.5
1085.5
1118.5
1156.0
1192.0
949.0
902.5
1043.5
667.0
1187.5
1175.5
1175.5
1124.5
1100.5
1232.5
814.0
1076.5
1129.0
1232.5
1127.5
565.0
1267.0
349.0
1297.0
1078.0
1118.5
1304.5
1088.5
1111.0
1109.5
914.5
952.0
1231.0
1292.5
1144.0
1258.0
1015.0
1048.0
1175.5
1282.0
1402.0
1141.0
1267.0
1147.0
1126.0
1241.5
1022.5
1127.5
1402.0
1265.5
865.0
1138.0
1196.5
1054.0
1163.5
1267.0
1100.5
962.5
962.5
1126.0
1285.0
1037.5
680.5
970.0
1304.5
1115.5
934.0
1052.5
1166.5
1319.5
1273.0
1136.5
793.0
1162.0
1142.5
1231.0
1247.5
1277.5
1258.0
1022.5
932.5
1144.0
1286.5
1225.0
1112.5
281.5
1264.0
1256.5
1139.5
1252.0
1207.0
1081.0
1246.0
1114.0
899.5
1060.0
1168.0
1264.0
1153.0
1112.5
1292.5
1021.0
1283.5
1168.0
1066.0
1067.5
1085.5
1271.5
1283.5
1211.5
1060.0
1085.5
1250.5
1183.0
1285.0
1196.5
1144.0
1151.5
1186.0
958.0
1246.0
1273.0
1258.0
1298.5
247.0
857.5
1076.5
1162.0
164.5
1120.0
1169.5
1075.0
1355.5
338.5
943.0
1121.5
1013.5
1358.5
947.5
1259.5
1357.0
1207.0
1000.0
1277.5
1322.5
1301.5
893.5
1111.0
1304.5
1250.5
1189.0
1261.0
1244.5
1088.5
1243.0
1328.5
1052.5
1330.0
1156.0
1067.5
1214.5
427.0
1315.0
1363.0
1267.0
1081.0
1177.0
1205.5
1373.5
995.5
1273.0
1271.5
1168.0
1243.0
1169.5
1300.0
1187.5
1156.0
1195.0
1100.5
1351.0
962.5
1183.0
1046.5
1181.5
1031.5
1351.0
980.5
1232.5
512.5
1138.0
1009.0
1028.5
1210.0
1000.0
1315.0
1111.0
1181.5
1048.0
1103.5
1247.5
1213.0
1265.5
1235.5
1265.5
1196.5
1136.5
1097.5
1229.5
1135.0
1352.5
1141.0
907.0
1060.0
1148.5
1159.0
302.5
1036.0
194.5
1207.0
1054.0
1199.5
1079.5
649.0
1162.0
1259.5
1132.0
755.5
869.5
1199.5
1265.5
869.5
1175.5
316.0
1154.5
1237.0
1334.5
1249.0
1211.5
1225.0
1187.5
977.5
1160.5
1186.0
611.5
1346.5
1088.5
680.5
1285.0
832.0
1388.5
1240.0
1222.0
965.5
1244.5
1183.0
1253.5
1228.0
1180.0
1222.0
1273.0
1303.0
1322.5
931.0
371.5
1246.0
1148.5
1202.5
1109.5
1372.0
1241.5
415.0
1192.0
1240.0
1063.0
1246.0
1286.5
592.0
1193.5
1178.5
1204.0
1190.5
1099.0
1268.5
1010.5
1208.5
1241.5
1037.5
1166.5
1219.0
1214.5
1196.5
1162.0
1021.0
875.5
1163.5
1253.5
1187.5
689.5
1217.5
1256.5
1169.5
1165.0
1292.5
1168.0
1127.5
1202.5
764.5
985.0
517.0
1130.5
1010.5
1207.0
1108.0
1178.5
1298.5
1177.0
451.0
1205.5
1156.0
1285.0
1027.0
1055.5
824.5
665.5
1208.5
937.0
1292.5
1120.0
1096.0
1181.5
392.5
1075.0
1277.5
1139.5
1154.5
1112.5
866.5
233.5
1114.0
523.0
1108.0
826.0
805.0
956.5
1097.5
1255.0
1304.5
1193.5
893.5
1204.0
1268.5
1070.5
1066.0
1090.0
1238.5
1265.5
1148.5
1328.5
1193.5
1229.5
830.5
1052.5
1292.5
817.0
1325.5
1244.5
1000.0
695.5
1031.5
1120.0
1145.5
1225.0
1123.0
1073.5
1316.5
1322.5
53.5
1210.0
1267.0
1201.0
1003.0
1124.5
920.5
1063.0
1282.0
1082.5
1217.5
700.0
817.0
1315.0
1007.5
1043.5
1247.5
1189.0
1307.5
1058.5
1106.5
1301.5
1198.0
1300.0
1228.0
977.5
968.5
1184.5
1162.0
1297.0
1313.5
1225.0
1396.0
1252.0
1223.5
1171.0
425.5
1159.0
1322.5
1216.0
1274.5
602.5
1159.0
1256.5
1244.5
1193.5
1150.0
809.5
1040.5
1273.0
1369.0
973.0
1268.5
1165.0
346.0
581.5
1297.0
290.5
1262.5
1199.5
1234.0
484.0
1163.5
1150.0
1241.5
1252.0
1172.5
866.5
836.5
1174.0
946.0
1310.5
1070.5
1321.0
1111.0
1312.0
1120.0
665.5
1145.5
1082.5
946.0
1291.0
998.5
1193.5
1292.5
1171.0
1129.0
1252.0
1232.5
1225.0
1301.5
1274.5
1175.5
1121.5
496.0
1160.5
1214.5
1261.0
1063.0
770.5
886.0
1193.5
1336.0
1187.5
880.0
788.5
1024.0
1100.5
1162.0
901.0
1103.5
1270.0
1220.5
1316.5
1102.0
881.5
1211.5
1060.0
970.0
1174.0
1124.5
1174.0
1285.0
754.0
1312.0
991.0
1156.0
1264.0
1112.5
1259.5
1409.5
1195.0
1235.5
1018.0
1270.0
1160.5
1247.5
1280.5
1127.5
1259.5
1118.5
1115.5
1174.0
1174.0
1249.0
818.5
1223.5
814.0
1259.5
1237.0
1235.5
1174.0
1357.0
1262.5
1055.5
1099.0
1283.5
986.5
1213.0
587.5
1351.0
1096.0
1190.5
1225.0
727.0
1034.5
1213.0
1085.5
1246.0
1249.0
1159.0
1088.5
551.5
1300.0
1262.5
1210.0
1063.0
1339.0
1285.0
1265.5
952.0
931.0
1234.0
1112.5
1136.5
1216.0
1232.5
1160.5
1030.0
754.0
1043.5
1261.0
1175.5
1262.5
1337.5
1375.0
1208.5
794.5
1151.5
1231.0
1214.5
1160.5
1219.0
1079.5
457.0
1154.5
1313.5
1144.0
1073.5
277.0
230.5
1069.0
1301.5
1306.0
1264.0
1228.0
928.0
1285.0
1256.5
1309.0
397.0
1160.5
1138.0
1175.5
1199.5
1082.5
1217.5
796.0
1318.0
1145.5
1034.5
1195.0
1049.5
1066.0
1333.0
1253.5
1189.0
1132.0
992.5
1312.0
1114.0
1091.5
1069.0
1340.5
1355.5
1229.5
1034.5
1162.0
1006.0
1055.5
1034.5
1048.0
1192.0
788.5
1250.5
730.0
1139.5
151.0
1294.0
1307.5
1154.5
898.0
1150.0
811.0
719.5
878.5
1261.0
997.0
1150.0
704.5
1276.0
1283.5
1196.5
1256.5
1283.5
1303.0
1271.5
1145.5
1208.5
1049.5
1274.5
821.5
1313.5
1175.5
1237.0
1153.0
1234.0
815.5
1063.0
1148.5
1172.5
1189.0
1121.5
1256.5
1232.5
1264.0
1148.5
1184.5
1228.0
410.5
1297.0
1255.0
1312.0
1081.0
1147.0
1129.0
1214.5
1276.0
1096.0
1114.0
1069.0
938.5
821.5
1067.5
1114.0
1346.5
1187.5
1048.0
815.5
833.5
884.5
1102.0
1234.0
1279.0
1189.0
1220.5
1016.5
566.5
722.5
1034.5
175.0
1255.0
1295.5
1226.5
1036.0
886.0
907.0
1022.5
1357.0
1180.0
1075.0
1309.0
1129.0
1141.0
1061.5
1226.5
973.0
1067.5
1343.5
1168.0
1238.5
1118.5
752.5
1171.0
1306.0
182.5
1198.0
1148.5
1163.5
1340.5
1289.5
1202.5
1157.5
1133.5
1180.0
1241.5
1214.5
967.0
539.5
1276.0
1376.5
1102.0
1213.0
1184.5
979.0
509.5
1351.0
1072.0
1270.0
1304.5
790.0
971.5
1267.0
1121.5
1357.0
1207.0
1000.0
1174.0
1237.0
1075.0
1238.5
1304.5
1157.5
1120.0
1253.5
1369.0
884.5
1340.5
1213.0
1252.0
736.0
1235.5
604.0
1091.5
1030.0
1172.5
1201.0
1258.0
1115.5
1289.5
1289.5
1084.0
1276.0
1001.5
1222.0
1199.5
922.0
940.0
1231.0
959.5
1207.0
1310.5
1310.5
1195.0
968.5
1141.0
938.5
1243.0
1211.5
787.0
1129.0
1319.5
895.0
1070.5
731.5
1328.5
1124.5
1310.5
1258.0
863.5
1261.0
884.5
1223.5
1180.0
1084.0
1274.5
1292.5
1292.5
1157.5
1304.5
1057.0
1327.0
938.5
1148.5
1208.5
1241.5
1220.5
1052.5
1237.0
1162.0
1121.5
1112.5
1115.5
1157.5
973.0
895.0
1348.0
1243.0
1052.5
1276.0
1258.0
682.0
724.0
1241.5
1198.0
1339.0
1219.0
1231.0
1276.0
980.5
1111.0
1205.5
1225.0
1130.5
1207.0
1145.5
671.5
1156.0
1273.0
1106.5
1261.0
1130.5
1142.5
1081.0
1252.0
1322.5
1064.5
1255.0
1078.0
1121.5
1289.5
826.0
1261.0
1124.5
1247.5
797.5
1049.5
997.0
1138.0
1253.5
1175.5
1205.5
1069.0
1351.0
614.5
1070.5
922.0
1190.5
1279.0
1270.0
1241.5
1292.5
772.0
1156.0
1034.5
1054.0
944.5
1079.5
898.0
965.5
517.0
1130.5
1184.5
1052.5
1142.5
1333.0
1111.0
970.0
1054.0
1253.5
1267.0
1312.0
1078.0
1192.0
808.0
1310.5
1079.5
1144.0
1231.0
1202.5
1163.5
1126.0
1258.0
659.5
1247.5
1235.5
1087.0
1280.5
973.0
1327.0
1210.0
1267.0
1168.0
872.5
839.5
1081.0
1180.0
1301.5
1255.0
1165.0
1003.0
1288.0
857.5
1075.0
1274.5
1175.5
842.5
1102.0
1150.0
1270.0
1021.0
1099.0
1274.5
1030.0
1201.0
1085.5
1327.0
1267.0
1261.0
1196.5
1397.5
1189.0
1192.0
1165.0
1328.5
1322.5
692.5
1243.0
170.5
1345.0
1192.0
1087.0
1181.5
1183.0
1354.0
1211.5
1196.5
650.5
1229.5
1235.5
1231.0
1406.5
1285.0
1099.0
1075.0
1250.5
992.5
1156.0
1141.0
970.0
1271.5
1117.0
1190.5
1223.5
1247.5
1307.5
1315.0
1009.0
1121.5
1241.5
1220.5
592.0
1301.5
1234.0
1166.5
1027.0
1151.5
962.5
1202.5
820.0
1276.0
1141.0
1072.0
1058.5
1160.5
1207.0
1262.5
1355.5
1346.5
155.5
1292.5
970.0
1342.0
1282.0
1150.0
1193.5
1237.0
800.5
1049.5
1027.0
1249.0
904.0
338.5
1136.5
853.0
743.5
1391.5
1096.0
1120.0
1078.0
899.5
1211.5
985.0
1123.0
1048.0
1288.0
433.0
1075.0
671.5
1301.5
1279.0
1190.5
1186.0
1303.0
1061.5
1169.5
653.5
1294.0
956.5
1220.5
1187.5
1082.5
1292.5
1189.0
809.5
392.5
914.5
1306.0
1276.0
1295.5
1091.5
1022.5
1195.0
1171.0
1181.5
1303.0
1382.5
1309.0
1099.0
1136.5
1283.5
757.0
1117.0
1349.5
1226.5
1139.5
1121.5
1241.5
1201.0
1178.5
1313.5
1183.0
1240.0
1268.5
1184.5
1322.5
1321.0
1228.0
1103.5
1355.5
1145.5
595.0
868.0
631.0
1307.5
1063.0
1076.5
1313.5
1280.5
1327.0
1153.0
956.5
1294.0
1144.0
1195.0
1232.5
884.5
1150.0
1000.0
1300.0
650.5
1240.0
1084.0
1231.0
1190.5
1025.5
1330.0
1046.5
1198.0
1147.0
1277.5
1087.0
961.0
1166.5
871.0
1262.5
1379.5
1232.5
1150.0
1249.0
950.5
1066.0
1307.5
1322.5
1156.0
1144.0
1270.0
1246.0
863.5
1280.5
1334.5
1120.0
1150.0
1208.5
1109.5
1028.5
992.5
1214.5
1334.5
1184.5
1153.0
1207.0
1117.0
1105.0
790.0
1088.5
1151.5
1301.5
740.5
1348.0
1211.5
1144.0
767.5
997.0
1220.5
974.5
1256.5
982.0
667.0
1220.5
1208.5
1141.0
1082.5
1069.0
1162.0
1093.0
1315.0
821.5
1175.5
1102.0
1342.0
559.0
1178.5
1075.0
1256.5
1243.0
689.5
845.5
1180.0
1261.0
959.5
1282.0
1193.5
1396.0
1130.5
1135.0
1298.5
1256.5
1298.5
1231.0
1169.5
1009.0
1183.0
1304.5
952.0
1085.5
1271.5
727.0
1069.0
788.5
1073.5
1139.5
1208.5
1349.5
1258.0
1289.5
766.0
1241.5
1159.0
1199.5
1063.0
1240.0
1322.5
1252.0
1291.0
1196.5
1091.5
1168.0
1274.5
584.5
1234.0
1307.5
1061.5
1316.5
1154.5
1057.0
1115.5
1223.5
1309.0
1270.0
1318.0
1237.0
79.0
1267.0
1219.0
1133.5
772.0
1129.0
1207.0
815.5
437.5
1220.5
1082.5
1015.0
1264.0
1160.5
1015.0
838.0
452.5
1211.5
848.5
1142.5
439.0
1205.5
538.0
1057.0
1019.5
1282.0
1376.5
1304.5
437.5
1250.5
1282.0
989.5
1243.0
1106.5
1027.0
1282.0
844.0
1163.5
886.0
1207.0
1162.0
1246.0
1189.0
1303.0
1027.0
1210.0
907.0
1271.5
1297.0
1229.5
1162.0
1208.5
1202.5
859.0
1249.0
1262.5
1180.0
1309.0
1301.5
1004.5
1054.0
1226.5
1252.0
982.0
1189.0
1247.5
1177.0
1259.5
383.5
1228.0
1057.0
1168.0
1190.5
1207.0
1193.5
1213.0
1232.5
608.5
1028.5
1364.5
1211.5
1277.5
1042.0
1223.5
1312.0
680.5
1271.5
1105.0
1186.0
964.0
1220.5
1220.5
1225.0
1166.5
1103.5
1127.5
1229.5
1318.0
1196.5
1195.0
1229.5
1253.5
932.5
1264.0
1309.0
1201.0
1333.0
772.0
1129.0
1037.5
895.0
1195.0
823.0
883.0
1220.5
916.0
1216.0
982.0
1102.0
1178.5
1109.5
1049.5
1102.0
853.0
1207.0
1202.5
1118.5
1231.0
1165.0
601.0
1147.0
1169.5
1132.0
1220.5
1330.0
1036.0
985.0
1234.0
712.0
1208.5
1195.0
623.5
1010.5
1105.0
1022.5
1225.0
1193.5
1252.0
845.5
1186.0
1261.0
934.0
1346.5
1310.5
1115.5
755.5
1138.0
359.5
328.0
713.5
1243.0
916.0
1183.0
1096.0
1076.5
1256.5
1244.5
218.5
1256.5
1072.0
1141.0
935.5
1225.0
1042.0
1280.5
1115.5
1130.5
1180.0
1309.0
1288.0
1357.0
1273.0
1123.0
1208.5
1130.5
1220.5
1361.5
1181.5
1235.5
889.0
1312.0
974.5
1265.5
1168.0
1366.0
1235.5
338.5
1211.5
1291.0
1028.5
1012.0
1132.0
1267.0
1180.0
877.0
1145.5
737.5
1153.0
1063.0
1006.0
1264.0
317.5
817.0
1106.5
677.5
1139.5
1229.5
1243.0
1133.5
1265.5
1082.5
922.0
1232.5
1145.5
1249.0
730.0
1037.5
1165.0
863.5
1163.5
757.0
1309.0
1115.5
1219.0
956.5
1294.0
1342.0
1235.5
1208.5
1123.0
1058.5
1151.5
1288.0
1238.5
1312.0
1223.5
1331.5
1366.0
1126.0
1252.0
1102.0
622.0
1040.5
1351.0
1259.5
1058.5
1259.5
1225.0
1282.0
866.5
1048.0
727.0
1255.0
1318.0
791.5
752.5
1265.5
1162.0
1066.0
1198.0
751.0
64.0
1250.5
1204.0
1234.0
737.5
976.0
1226.5
796.0
1252.0
859.0
544.0
1228.0
346.0
916.0
1127.5
1091.5
1231.0
1165.0
1082.5
1102.0
1190.5
832.0
1322.5
1225.0
842.5
839.5
1243.0
1247.5
1183.0
845.5
1286.5
1115.5
1079.5
494.5
797.5
889.0
1307.5
1234.0
1277.5
1172.5
992.5
224.5
1258.0
1234.0
1088.5
1373.5
968.5
1069.0
1193.5
1228.0
1267.0
734.5
1174.0
1310.5
1225.0
1184.5
1276.0
731.5
1244.5
1117.0
980.5
1129.0
1093.0
1199.5
1019.5
839.5
1243.0
1216.0
1180.0
1103.5
1346.5
1301.5
943.0
1274.5
1364.5
230.5
1313.5
1126.0
1193.5
850.0
1223.5
875.5
499.0
1142.5
1232.5
1195.0
1073.5
1196.5
1310.5
1328.5
1076.5
425.5
1178.5
974.5
1177.0
1109.5
1181.5
1184.5
1160.5
1210.0
944.5
1327.0
1069.0
1145.5
1187.5
1268.5
1264.0
1064.5
1189.0
1397.5
935.5
1229.5
1093.0
1312.0
1349.5
962.5
1211.5
1117.0
1111.0
1042.0
1100.5
1183.0
1342.0
1148.5
1135.0
1169.5
1282.0
1115.5
907.0
1039.0
944.5
862.0
1127.5
1258.0
1220.5
1246.0
1138.0
1156.0
1295.5
1132.0
1153.0
1213.0
1139.5
1168.0
1225.0
1231.0
1256.5
1304.5
1238.5
236.5
1033.0
1144.0
1253.5
1085.5
514.0
1298.5
1069.0
1196.5
1178.5
1136.5
238.0
1151.5
1130.5
1010.5
995.5
1072.0
1150.0
1186.0
914.5
1283.5
1085.5
1070.5
953.5
1202.5
1157.5
1223.5
1315.0
1084.0
1201.0
1196.5
985.0
1309.0
1067.5
1267.0
1279.0
1006.0
992.5
1232.5
1255.0
794.5
1364.5
1181.5
1057.0
995.5
532.0
1178.5
1114.0
797.5
170.5
893.5
1349.5
362.5
1196.5
1030.0
1070.5
890.5
1274.5
1075.0
725.5
968.5
1207.0
1157.5
1220.5
1172.5
1265.5
1162.0
1252.0
869.5
893.5
1208.5
1093.0
1238.5
1096.0
878.5
1031.5
1370.5
1031.5
767.5
1103.5
1220.5
571.0
1211.5
1196.5
1268.5
1057.0
1310.5
1121.5
1040.5
173.5
1105.0
1124.5
1214.5
1321.0
1138.0
1169.5
1085.5
1060.0
1283.5
1151.5
1222.0
635.5
1160.5
1168.0
1124.5
1267.0
964.0
1264.0
1229.5
1169.5
1250.5
1282.0
949.0
1117.0
1258.0
688.0
1114.0
1132.0
1172.5
559.0
1220.5
1153.0
1256.5
1195.0
856.0
1247.5
1111.0
1358.5
1274.5
1268.5
1277.5
1190.5
1160.5
1292.5
1063.0
1267.0
1183.0
1030.0
856.0
1123.0
980.5
1186.0
1238.5
979.0
995.5
1007.5
1238.5
1207.0
1106.5
1375.0
947.5
643.0
1165.0
857.5
875.5
439.0
1076.5
1001.5
908.5
713.5
1106.5
1238.5
833.5
1000.0
763.0
1300.0
1183.0
833.5
1276.0
466.0
1226.5
1195.0
214.0
929.5
1118.5
1327.0
1357.0
1238.5
1118.5
1234.0
1265.5
1040.5
1243.0
713.5
1231.0
896.5
1229.5
1177.0
1255.0
1265.5
1105.0
535.0
941.5
1171.0
1148.5
1249.0
1192.0
1168.0
1126.0
1244.5
1067.5
806.5
1352.5
959.5
431.5
1136.5
1163.5
1283.5
1265.5
1222.0
1066.0
1016.5
1043.5
1118.5
1069.0
1042.0
1216.0
1280.5
917.5
892.0
1340.5
1217.5
1237.0
1342.0
1319.5
727.0
1208.5
1238.5
1189.0
1238.5
797.5
1133.5
1198.0
1115.5
1015.0
1115.5
1118.5
1076.5
1328.5
1187.5
892.0
938.5
979.0
1145.5
1151.5
1171.0
1198.0
868.0
1319.5
473.5
535.0
1255.0
1169.5
1234.0
938.5
940.0
1199.5
1198.0
1048.0
1039.0
827.5
967.0
1309.0
1256.5
1169.5
1261.0
1226.5
1246.0
1187.5
1090.0
1111.0
1172.5
1030.0
563.5
1081.0
1310.5
1175.5
1043.5
1133.5
1003.0
1183.0
1028.5
1082.5
1187.5
1036.0
1285.0
838.0
860.5
1256.5
1195.0
1339.0
1306.0
1151.5
1228.0
1256.5
1144.0
851.5
1156.0
1004.5
1256.5
1222.0
1231.0
1349.5
1232.5
1159.0
1184.5
1238.5
1253.5
1274.5
1223.5
959.5
1229.5
1241.5
1184.5
1207.0
1058.5
1153.0
931.0
1231.0
1028.5
1219.0
1123.0
1015.0
800.5
919.0
961.0
1015.0
1112.5
1196.5
1253.5
1318.0
1076.5
902.5
953.5
1096.0
1190.5
1051.0
1319.5
1330.0
1193.5
1334.5
1118.5
943.0
662.5
1012.0
1210.0
1280.5
941.5
1204.0
1223.5
1141.0
1222.0
1255.0
673.0
1265.5
1247.5
1303.0
1058.5
1205.5
1007.5
1172.5
1087.0
1108.0
1336.0
1091.5
1198.0
1070.5
1081.0
1250.5
1066.0
1261.0
1250.5
1265.5
1357.0
1193.5
1234.0
1180.0
1225.0
1133.5
1015.0
916.0
877.0
958.0
1154.5
898.0
1223.5
1166.5
983.5
1058.5
1001.5
1019.5
958.0
1015.0
1282.0
1018.0
484.0
914.5
1168.0
1108.0
1274.5
1262.5
1123.0
217.0
413.5
1051.0
1012.0
1295.5
1166.5
1175.5
1117.0
860.5
1225.0
1247.5
1024.0
902.5
938.5
1265.5
287.5
974.5
1268.5
1028.5
1115.5
997.0
1178.5
1241.5
1105.0
1282.0
1210.0
1291.0
1139.5
1183.0
1108.0
1243.0
955.0
212.5
1237.0
425.5
1054.0
1331.5
1231.0
1219.0
1160.5
1300.0
1025.5
1174.0
1004.5
1199.5
1151.5
844.0
521.5
1055.5
1216.0
1075.0
1181.5
1177.0
1211.5
1127.5
1229.5
964.0
982.0
1133.5
449.5
1255.0
1279.0
1022.5
1064.5
1126.0
1153.0
1343.5
1166.5
1156.0
1154.5
1126.0
1168.0
1339.0
691.0
982.0
1024.0
998.5
1114.0
1112.5
1204.0
1129.0
874.0
208.0
1057.0
1325.5
1009.0
988.0
1304.5
1151.5
1337.5
1030.0
1258.0
995.5
457.0
1057.0
1123.0
1327.0
1156.0
632.5
1387.0
1198.0
143.5
1205.5
1169.5
553.0
548.5
620.5
1064.5
1195.0
1232.5
817.0
1172.5
1253.5
1117.0
991.0
1252.0
1033.0
1033.0
1130.5
1154.5
1244.5
1069.0
983.5
1084.0
613.0
742.0
1295.5
1280.5
1003.0
1096.0
1277.5
1151.5
1096.0
1162.0
1132.0
1288.0
790.0
1270.0
989.5
1268.5
1175.5
1220.5
1310.5
1205.5
979.0
998.5
913.0
1246.0
1204.0
410.5
1181.5
1019.5
1234.0
1157.5
1144.0
623.5
1201.0
940.0
1367.5
1001.5
1183.0
1117.0
929.5
1057.0
1334.5
1114.0
1190.5
974.5
695.5
1192.0
1268.5
1235.5
1334.5
175.0
1246.0
1073.5
1162.0
674.5
1240.0
1036.0
500.5
1228.0
1088.5
1129.0
1028.5
1099.0
1235.5
962.5
1055.5
1082.5
1307.5
1243.0
1207.0
938.5
1045.0
1310.5
1279.0
1157.5
1042.0
1238.5
890.5
1270.0
1165.0
1259.5
1292.5
655.0
1172.5
833.5
1045.0
1124.5
1253.5
1295.5
1343.5
901.0
1252.0
1103.5
1280.5
1055.5
424.0
1226.5
1261.0
1205.5
1318.0
671.5
1246.0
760.0
985.0
937.0
1208.5
1153.0
823.0
1208.5
1253.5
938.5
1072.0
704.5
1235.5
547.0
367.0
1015.0
439.0
1067.5
914.5
1193.5
1307.5
1207.0
1160.5
965.5
1267.0
1037.5
667.0
1040.5
1118.5
1183.0
1274.5
1277.5
1186.0
1244.5
1177.0
989.5
634.0
1196.5
1168.0
967.0
1258.0
875.5
1211.5
1114.0
1117.0
1138.0
940.0
1316.5
1030.0
1177.0
308.5
827.5
1273.0
1252.0
1087.0
955.0
1103.5
818.5
1297.0
914.5
1241.5
1115.5
1223.5
1192.0
869.5
1081.0
826.0
1166.5
1240.0
1079.5
1067.5
1243.0
1187.5
1318.0
1262.5
923.5
1198.0
863.5
1271.5
1168.0
1046.5
887.5
988.0
1190.5
1160.5
872.5
1087.0
979.0
1243.0
1205.5
1112.5
1141.0
1279.0
1165.0
1268.5
1048.0
1127.5
1285.0
1132.0
1312.0
1156.0
1160.5
1258.0
1120.0
1213.0
1142.5
1216.0
1201.0
1150.0
878.5
1112.5
1241.5
1150.0
980.5
1138.0
1213.0
788.5
1277.5
1178.5
1097.5
1078.0
1211.5
1190.5
1019.5
1111.0
1205.5
1180.0
1340.5
1099.0
1142.5
1252.0
1240.0
1271.5
1166.5
1196.5
1061.5
1229.5
1067.5
1246.0
853.0
1243.0
1246.0
1268.5
1225.0
1205.5
973.0
1102.0
1097.5
995.5
1141.0
1238.5
923.5
932.5
1183.0
1319.5
1102.0
1274.5
1309.0
1078.0
1327.0
985.0
361.0
275.5
1228.0
1108.0
1274.5
1136.5
1247.5
1187.5
1132.0
1207.0
1139.5
905.5
1033.0
745.0
1156.0
1159.0
986.5
1249.0
1031.5
1289.5
1085.5
1006.0
1160.5
1241.5
1130.5
965.5
1090.0
1286.5
1166.5
1345.0
1277.5
1040.5
1186.0
1136.5
1063.0
1162.0
1333.0
1253.5
1223.5
1051.0
1279.0
1021.0
683.5
596.5
1258.0
1355.5
1175.5
1271.5
1217.5
1103.5
1174.0
1352.5
1028.5
1282.0
1292.5
934.0
1037.5
1094.5
1336.0
1193.5
1096.0
1264.0
1307.5
1111.0
1195.0
1145.5
1144.0
1289.5
1217.5
1333.0
1180.0
872.5
986.5
1228.0
1243.0
1066.0
1039.0
1198.0
1102.0
1376.5
1318.0
998.5
1150.0
1144.0
1142.5
967.0
872.5
94.0
1253.5
1312.0
1219.0
1255.0
1264.0
1291.0
709.0
1258.0
1199.5
1268.5
605.5
1369.0
1123.0
1213.0
1388.5
1211.5
679.0
1141.0
910.0
932.5
1253.5
1319.5
971.5
1211.5
1297.0
1294.0
1156.0
1219.0
1051.0
1291.0
887.5
1243.0
1178.5
1144.0
1079.5
1184.5
134.5
976.0
946.0
1046.5
1253.5
1228.0
479.5
314.5
1163.5
1153.0
1291.0
1265.5
1135.0
445.0
857.5
956.5
824.5
1274.5
1346.5
1237.0
1139.5
1219.0
815.5
736.0
1126.0
926.5
668.5
986.5
1279.0
1219.0
1112.5
1225.0
727.0
1208.5
1151.5
1061.5
1271.5
1135.0
1211.5
1058.5
944.5
1336.0
1057.0
622.0
340.0
1165.0
1411.0
1184.5
832.0
1205.5
1247.5
1166.5
1006.0
577.0
980.5
1127.5
1184.5
1085.5
1078.0
1249.0
289.0
1139.5
1270.0
1102.0
1222.0
1357.0
1045.0
1303.0
1276.0
194.5
1253.5
1211.5
295.0
301.0
980.5
1054.0
1135.0
472.0
1126.0
1249.0
1291.0
949.0
1234.0
751.0
1159.0
1172.5
1180.0
394.0
794.5
1157.5
1126.0
1042.0
1232.5
485.5
1241.5
1250.5
1018.0
1352.5
274.0
986.5
1051.0
1228.0
1007.5
1118.5
1249.0
854.5
1169.5
1043.5
980.5
1154.5
1135.0
1337.5
1022.5
1228.0
1253.5
1159.0
1228.0
686.5
1217.5
1295.5
1177.0
1210.0
1192.0
1192.0
1174.0
766.0
1058.5
1229.5
1066.0
1199.5
892.0
1270.0
473.5
1279.0
1232.5
1225.0
1049.5
1285.0
1300.0
1226.5
1160.5
974.5
1114.0
1307.5
1333.0
823.0
1046.5
1162.0
1138.0
1100.5
928.0
1135.0
1270.0
961.0
1187.5
1304.5
823.0
1217.5
712.0
1358.5
1190.5
1369.0
1067.5
1204.0
1028.5
1330.0
1309.0
1397.5
1316.5
1165.0
896.5
1244.5
1285.0
1207.0
1190.5
1180.0
1270.0
1189.0
1298.5
1199.5
1163.5
1048.0
1190.5
1097.5
1292.5
452.5
1250.5
1249.0
1298.5
962.5
1124.5
1231.0
1240.0
1192.0
1057.0
1102.0
859.0
961.0
1333.0
1147.0
1270.0
1180.0
692.5
1214.5
857.5
1187.5
1193.5
905.5
1301.5
1304.5
1079.5
1001.5
560.5
985.0
1277.5
1057.0
1238.5
790.0
949.0
469.0
1243.0
1229.5
845.5
1244.5
1091.5
1177.0
839.5
1046.5
1225.0
1076.5
1112.5
1219.0
1222.0
893.5
1031.5
1345.0
1007.5
1147.0
1037.5
1211.5
1304.5
1048.0
32.5
1210.0
1265.5
1210.0
794.5
1192.0
1171.0
815.5
1196.5
1039.0
1357.0
1247.5
1145.5
1315.0
1297.0
1045.0
1007.5
1258.0
1037.5
1084.0
1370.5
814.0
1282.0
1279.0
1237.0
1277.5
979.0
469.0
1331.5
1252.0
1127.5
1270.0
1103.5
1216.0
1253.5
1270.0
1172.5
1285.0
1145.5
1379.5
961.0
1226.5
1124.5
1324.0
1174.0
1219.0
1204.0
1102.0
925.0
1045.0
1252.0
605.5
1180.0
1223.5
1267.0
1181.5
1330.0
1082.5
1159.0
1147.0
695.5
1154.5
1061.5
949.0
1142.5
1237.0
1298.5
913.0
950.5
704.5
1171.0
1168.0
1184.5
470.5
694.0
1163.5
1255.0
1105.0
905.5
1216.0
1259.5
1114.0
1342.0
1300.0
1195.0
1360.0
1316.5
1276.0
1060.0
1229.5
1165.0
1211.5
1174.0
976.0
1246.0
1250.5
1127.5
596.5
554.5
1166.5
983.5
1289.5
1142.5
1064.5
116.5
1069.0
974.5
770.5
1075.0
1186.0
1220.5
1313.5
1079.5
910.0
956.5
374.5
1154.5
1036.0
911.5
1157.5
1271.5
1154.5
596.5
1352.5
1178.5
1226.5
1024.0
1286.5
1244.5
1250.5
1361.5
1124.5
1256.5
479.5
1280.5
626.5
1282.0
1103.5
1243.0
1019.5
1366.0
1112.5
953.5
1271.5
1388.5
877.0
1234.0
1118.5
1147.0
1297.0
1162.0
872.5
1280.5
1211.5
1045.0
901.0
1184.5
946.0
656.5
1262.5
1264.0
974.5
971.5
1048.0
1054.0
679.0
1277.5
1163.5
1145.5
1004.5
799.0
1153.0
1103.5
1325.5
1220.5
1145.5
1090.0
529.0
1247.5
598.0
941.5
1267.0
1220.5
1237.0
632.5
1328.5
1306.0
1199.5
1153.0
1058.5
1075.0
1138.0
1322.5
1321.0
1108.0
1241.5
1276.0
884.5
1262.5
1249.0
1096.0
1232.5
1192.0
1219.0
1336.0
1024.0
916.0
1316.5
1055.5
1160.5
1189.0
1217.5
979.0
1237.0
980.5
1139.5
548.5
1219.0
1183.0
509.5
842.5
875.5
1301.5
1072.0
784.0
1255.0
1000.0
901.0
1256.5
958.0
1301.5
823.0
1139.5
866.5
1294.0
1330.0
1268.5
1246.0
712.0
1357.0
835.0
1169.5
218.5
1130.5
611.5
932.5
1297.0
1312.0
949.0
1177.0
1235.5
922.0
845.5
1154.5
1282.0
1193.5
1145.5
1172.5
1043.5
761.5
1234.0
1249.0
1240.0
1010.5
976.0
1156.0
1007.5
1252.0
1232.5
1120.0
940.0
875.5
1157.5
1196.5
1129.0
1264.0
1316.5
1199.5
1144.0
910.0
1135.0
1085.5
1291.0
1321.0
1355.5
1258.0
1031.5
1061.5
439.0
997.0
1172.5
1025.5
1196.5
1187.5
511.0
578.5
1180.0
1162.0
1096.0
1043.5
1168.0
1138.0
1328.5
1006.0
1130.5
1144.0
1294.0
1222.0
818.5
1030.0
1064.5
1145.5
1319.5
1190.5
1069.0
1166.5
1084.0
1204.0
1261.0
982.0
974.5
1385.5
1199.5
1282.0
971.5
1178.5
785.5
1103.5
1325.5
749.5
1220.5
923.5
944.5
1294.0
1135.0
1330.0
1228.0
1232.5
925.0
833.5
1201.0
562.0
1333.0
1318.0
646.0
1358.5
1019.5
1252.0
1045.0
1103.5
1160.5
343.0
1277.5
1103.5
1048.0
1180.0
1192.0
1286.5
1154.5
1166.5
1274.5
982.0
1306.0
1178.5
1220.5
1307.5
1277.5
1298.5
1403.5
1243.0
485.5
1129.0
1261.0
1255.0
1093.0
1007.5
715.0
1243.0
1250.5
1243.0
1246.0
662.5
1189.0
1202.5
1147.0
814.0
761.5
538.0
1268.5
724.0
1156.0
1213.0
1126.0
1043.5
1235.5
1109.5
1196.5
800.5
1135.0
1217.5
1033.0
1316.5
1222.0
1102.0
1127.5
1196.5
916.0
1150.0
158.5
428.5
1232.5
1171.0
1060.0
1295.5
1285.0
815.5
1171.0
902.5
1171.0
1157.5
1282.0
1096.0
1264.0
1252.0
1130.5
1151.5
1244.5
1102.0
1183.0
1105.0
938.5
1277.5
1157.5
1100.5
832.0
1124.5
1232.5
1249.0
1309.0
929.5
1180.0
1330.0
853.0
1064.5
1144.0
1276.0
1193.5
1076.5
1208.5
1058.5
1102.0
1235.5
1033.0
887.5
1343.5
1198.0
937.0
1283.5
1199.5
1213.0
1204.0
1220.5
1283.5
1165.0
1159.0
1132.0
1307.5
1115.5
1247.5
1243.0
956.5
1313.5
862.0
1115.5
1246.0
1003.0
811.0
383.5
1070.5
1291.0
1066.0
1165.0
1136.5
1168.0
1216.0
1124.5
1003.0
1156.0
884.5
1195.0
1253.5
1183.0
1187.5
1151.5
1025.5
970.0
1147.0
943.0
1105.0
1303.0
941.5
1151.5
1307.5
1075.0
1024.0
1363.0
1136.5
1216.0
1117.0
1142.5
1231.0
865.0
995.5
1028.5
1244.5
1078.0
962.5
1175.5
1153.0
1256.5
1241.5
1240.0
994.0
1111.0
896.5
1046.5
1288.0
1192.0
1138.0
83.5
1160.5
1231.0
1204.0
1213.0
1148.5
1363.0
904.0
1298.5
1217.5
1336.0
1348.0
967.0
1334.5
1115.5
1166.5
1183.0
1106.5
1160.5
662.5
1042.0
1270.0
953.5
404.5
1156.0
1184.5
1129.0
1147.0
1262.5
1124.5
1279.0
1309.0
1210.0
991.0
1136.5
1252.0
1054.0
302.5
1223.5
1292.5
1192.0
1255.0
1195.0
1142.5
1051.0
1289.5
1285.0
1150.0
713.5
1132.0
740.5
1211.5
1258.0
1118.5
1216.0
646.0
1330.0
1031.5
746.5
1168.0
1288.0
1259.5
1159.0
1247.5
1259.5
898.0
1214.5
1219.0
935.5
1208.5
1105.0
1037.5
1058.5
1228.0
1211.5
1247.5
1187.5
1162.0
1181.5
1096.0
1309.0
1333.0
1297.0
1331.5
1304.5
1231.0
1199.5
475.0
1085.5
1121.5
1306.0
1103.5
1202.5
1102.0
1132.0
953.5
1190.5
830.5
1178.5
1304.5
1304.5
896.5
1081.0
1252.0
1324.0
1225.0
1337.5
1288.0
1307.5
896.5
1147.0
221.5
991.0
1292.5
1027.0
1315.0
1159.0
1193.5
1268.5
902.5
1172.5
1343.5
1192.0
1115.5
1129.0
1261.0
1096.0
1276.0
1289.5
1186.0
1162.0
1120.0
1186.0
838.0
413.5
1181.5
889.0
1264.0
1082.5
1214.5
1195.0
1244.5
1130.5
1171.0
1318.0
1264.0
1061.5
1234.0
1102.0
1286.5
1186.0
1288.0
1145.5
1333.0
1205.5
755.5
907.0
1240.0
1243.0
1117.0
1100.5
1073.5
1076.5
1291.0
1165.0
1001.5
1247.5
1210.0
1054.0
1280.5
730.0
899.5
1369.0
1180.0
1207.0
1120.0
1097.5
1318.0
1258.0
1297.0
1244.5
1321.0
1070.5
1208.5
814.0
1276.0
1195.0
1282.0
1094.5
226.0
773.5
1211.5
