317.5
547.0
371.5
194.5
40.0
391.0
179.5
353.5
758.5
140.5
653.5
463.0
539.5
460.0
214.0
23.5
43.0
494.5
563.5
211.0
632.5
35.5
196.0
319.0
142.0
100.0
127.0
212.5
217.0
1001.5
460.0
260.5
808.0
157.0
362.5
683.5
115.0
431.5
214.0
179.5
86.5
697.0
736.0
349.0
185.5
254.5
622.0
145.0
746.5
202.0
106.0
110.5
380.5
644.5
175.0
476.5
158.5
101.5
19.0
497.5
491.5
119.5
133.0
215.5
917.5
130.0
230.5
367.0
131.5
442.0
82.0
74.5
334.0
124.0
307.0
526.0
184.0
490.0
407.5
994.0
409.0
89.5
211.0
137.5
260.5
556.0
442.0
254.5
91.0
532.0
202.0
1016.5
491.5
950.5
1075.0
347.5
422.5
353.5
346.0
341.5
116.5
356.5
460.0
47.5
158.5
181.0
559.0
257.5
341.5
278.5
325.0
629.5
130.0
263.5
451.0
379.0
76.0
223.0
176.5
365.5
112.0
554.5
190.0
613.0
319.0
235.0
548.5
376.0
260.5
503.5
698.5
112.0
299.5
80.5
328.0
481.0
352.0
121.0
298.0
85.0
251.5
272.5
289.0
532.0
530.5
152.5
646.0
176.5
364.0
917.5
278.5
701.5
578.5
224.5
578.5
236.5
512.5
169.0
553.0
541.0
271.0
149.5
704.5
556.0
752.5
182.5
733.0
145.0
454.0
142.0
524.5
788.5
280.0
503.5
499.0
422.5
818.5
235.0
143.5
731.5
266.5
23.5
173.5
490.0
338.5
245.5
269.5
182.5
391.0
103.0
328.0
229.0
224.5
698.5
275.5
203.5
137.5
70.0
319.0
491.5
359.5
718.0
263.5
317.5
584.5
119.5
134.5
176.5
254.5
371.5
127.0
583.0
119.5
649.0
799.0
391.0
665.5
215.5
326.5
500.5
221.5
223.0
406.0
194.5
341.5
641.5
782.5
325.0
268.0
403.0
440.5
448.0
458.5
1060.0
118.0
223.0
754.0
182.5
511.0
223.0
629.5
524.5
182.5
287.5
119.5
250.0
133.0
169.0
274.0
176.5
70.0
464.5
145.0
125.5
367.0
374.5
814.0
202.0
752.5
715.0
184.0
403.0
124.0
236.5
725.5
452.5
506.5
235.0
553.0
523.0
355.0
236.5
83.5
595.0
451.0
359.5
739.0
307.0
190.0
76.0
46.0
65.5
479.5
634.0
263.5
833.5
641.5
655.0
251.5
275.5
454.0
169.0
317.5
191.5
349.0
272.5
164.5
634.0
782.5
1000.0
245.5
289.0
545.5
299.5
199.0
893.5
202.0
163.0
236.5
389.5
233.5
97.0
440.5
755.5
515.5
634.0
520.0
364.0
97.0
193.0
59.5
407.5
134.5
199.0
457.0
154.0
298.0
199.0
248.5
437.5
419.5
584.5
142.0
163.0
259.0
322.0
349.0
109.0
640.0
544.0
394.0
122.5
197.5
19.0
353.5
307.0
571.0
236.5
269.5
452.5
205.0
259.0
454.0
779.5
553.0
442.0
242.5
659.5
608.5
100.0
587.5
388.0
656.5
248.5
373.0
455.5
952.0
220.0
454.0
379.0
908.5
218.5
394.0
724.0
103.0
266.5
578.5
385.0
421.0
316.0
464.5
1028.5
580.0
751.0
614.5
782.5
236.5
391.0
512.5
164.5
1073.5
89.5
386.5
194.5
305.5
551.5
398.5
295.0
194.5
674.5
689.5
295.0
605.5
418.0
394.0
305.5
404.5
137.5
802.0
166.0
214.0
49.0
94.0
515.5
559.0
245.5
695.5
41.5
535.0
251.5
773.5
523.0
1169.5
551.5
499.0
344.5
712.0
397.0
329.5
250.0
80.5
773.5
535.0
377.5
787.0
319.0
217.0
211.0
131.5
46.0
175.0
176.5
179.5
400.0
245.5
667.0
145.0
338.5
442.0
488.5
229.0
625.0
518.5
1042.0
803.5
214.0
553.0
224.5
329.5
427.0
79.0
292.0
143.5
509.5
214.0
436.0
449.5
472.0
229.0
313.0
272.5
166.0
98.5
439.0
235.0
398.5
236.5
263.5
346.0
233.5
280.0
805.0
331.0
149.5
575.5
253.0
472.0
571.0
254.5
257.5
185.5
194.5
431.5
107.5
487.0
665.5
421.0
440.5
476.5
533.5
443.5
328.0
158.5
199.0
350.5
601.0
1094.5
319.0
220.0
719.5
41.5
304.0
173.5
625.0
109.0
236.5
125.5
656.5
217.0
518.5
196.0
500.5
197.5
155.5
275.5
713.5
409.0
274.0
68.5
149.5
712.0
98.5
481.0
107.5
224.5
220.0
467.5
242.5
224.5
343.0
781.0
553.0
263.5
418.0
107.5
200.5
352.0
436.0
677.5
127.0
212.5
791.5
737.5
433.0
550.0
235.0
131.5
190.0
220.0
934.0
752.5
995.5
383.5
250.0
286.0
200.5
85.0
925.0
122.5
92.5
685.0
727.0
298.0
280.0
373.0
179.5
478.0
175.0
452.5
733.0
445.0
700.0
197.5
167.5
256.0
488.5
373.0
511.0
317.5
106.0
251.5
463.0
329.5
146.5
167.5
263.5
254.5
521.5
389.5
163.0
289.0
158.5
718.0
283.0
401.5
253.0
505.0
721.0
433.0
439.0
179.5
605.5
307.0
740.5
205.0
526.0
457.0
173.5
773.5
211.0
296.5
428.5
778.0
206.5
256.0
230.5
719.5
838.0
499.0
80.5
572.5
518.5
1136.5
389.5
602.5
779.5
236.5
107.5
485.5
521.5
860.5
886.0
553.0
244.0
257.5
286.0
794.5
211.0
268.0
749.5
1078.0
370.0
388.0
122.5
169.0
148.0
301.0
412.0
41.5
655.0
544.0
260.5
266.5
230.5
112.0
712.0
109.0
301.0
577.0
680.5
860.5
235.0
514.0
457.0
193.0
217.0
149.5
133.0
497.5
499.0
130.0
664.0
407.5
136.0
254.5
106.0
55.0
41.5
220.0
326.5
520.0
644.5
295.0
469.0
170.5
224.5
358.0
1066.0
98.5
529.0
329.5
103.0
190.0
95.5
377.5
401.5
413.5
94.0
428.5
562.0
1069.0
587.5
466.0
302.5
901.0
334.0
283.0
206.5
133.0
536.5
262.0
194.5
338.5
575.5
107.5
280.0
277.0
626.5
253.0
116.5
602.5
341.5
98.5
248.5
172.0
674.5
944.5
172.0
157.0
742.0
772.0
962.5
626.5
646.0
682.0
460.0
167.5
118.0
271.0
230.5
451.0
308.5
1046.5
514.0
154.0
544.0
185.5
745.0
167.5
349.0
226.0
136.0
664.0
206.5
65.5
145.0
145.0
118.0
535.0
496.0
559.0
637.0
142.0
407.5
509.5
440.5
178.0
647.5
110.5
425.5
184.0
247.0
296.5
269.5
808.0
694.0
187.0
623.5
232.0
176.5
463.0
95.5
223.0
295.0
431.5
466.0
575.5
437.5
176.5
88.0
922.0
340.0
322.0
323.5
184.0
401.5
203.5
178.0
605.5
130.0
412.0
182.5
427.0
634.0
157.0
443.5
101.5
332.5
592.0
203.5
509.5
203.5
139.0
50.5
913.0
943.0
359.5
715.0
340.0
421.0
296.5
493.0
169.0
292.0
209.5
295.0
230.5
227.5
218.5
296.5
332.5
319.0
296.5
397.0
487.0
265.0
950.5
313.0
686.5
491.5
482.5
496.0
101.5
112.0
641.5
106.0
587.5
14.5
463.0
596.5
260.5
415.0
859.0
244.0
374.5
671.5
260.5
1051.0
364.0
257.5
322.0
178.0
223.0
193.0
230.5
310.0
607.0
133.0
392.5
97.0
322.0
629.5
352.0
230.5
322.0
128.5
460.0
599.5
688.0
349.0
179.5
182.5
418.0
823.0
518.5
446.5
449.5
158.5
64.0
251.5
383.5
595.0
728.5
190.0
71.5
397.0
499.0
178.0
389.5
73.0
895.0
112.0
164.5
535.0
353.5
395.5
743.5
523.0
76.0
439.0
368.5
133.0
383.5
709.0
383.5
475.0
292.0
164.5
544.0
541.0
490.0
217.0
506.5
449.5
287.5
377.5
193.0
122.5
368.5
229.0
1039.0
232.0
584.5
238.0
368.5
337.0
932.5
454.0
143.5
185.5
223.0
143.5
524.5
115.0
520.0
1102.0
800.5
598.0
146.5
128.5
434.5
223.0
247.0
227.5
89.5
221.5
284.5
338.5
340.0
146.5
361.0
343.0
157.0
211.0
239.5
1016.5
410.5
310.0
263.5
137.5
155.5
689.5
397.0
221.5
796.0
73.0
844.0
508.0
421.0
422.5
550.0
710.5
304.0
187.0
388.0
865.0
374.5
818.5
179.5
464.5
332.5
364.0
679.0
248.5
164.5
170.5
505.0
553.0
221.5
637.0
94.0
199.0
509.5
374.5
202.0
491.5
169.0
896.5
595.0
188.5
578.5
472.0
416.5
283.0
446.5
427.0
53.5
191.5
1094.5
61.0
152.5
227.5
469.0
179.5
226.0
205.0
130.0
88.0
166.0
661.0
313.0
83.5
574.0
104.5
419.5
262.0
245.5
560.5
785.5
401.5
401.5
959.5
740.5
463.0
377.5
122.5
185.5
347.5
149.5
188.5
634.0
832.0
884.5
184.0
382.0
229.0
433.0
271.0
169.0
302.5
175.0
109.0
245.5
419.5
287.5
233.5
190.0
185.5
703.0
775.0
670.0
428.5
287.5
338.5
175.0
284.5
271.0
191.5
508.0
551.5
1007.5
794.5
142.0
193.0
737.5
551.5
94.0
206.5
203.5
430.0
116.5
301.0
40.0
76.0
229.0
311.5
137.5
383.5
172.0
689.5
109.0
194.5
79.0
158.5
511.0
968.5
617.5
127.0
373.0
623.5
260.5
74.5
292.0
133.0
157.0
179.5
340.0
167.5
857.5
413.5
155.5
314.5
314.5
479.5
469.0
430.0
409.0
289.0
167.5
197.5
104.5
656.5
841.0
674.5
499.0
152.5
140.5
638.5
218.5
377.5
347.5
407.5
373.0
238.0
295.0
347.5
340.0
833.5
257.5
248.5
79.0
436.0
100.0
56.5
475.0
712.0
238.0
191.5
370.0
344.5
227.5
587.5
241.0
676.0
145.0
241.0
1051.0
175.0
64.0
95.5
373.0
218.5
736.0
160.0
824.5
662.5
292.0
308.5
902.5
665.5
445.0
136.0
548.5
163.0
344.5
697.0
367.0
305.5
734.5
185.5
140.5
307.0
241.0
518.5
488.5
124.0
676.0
118.0
728.5
970.0
73.0
223.0
311.5
406.0
449.5
163.0
230.5
422.5
526.0
413.5
167.5
388.0
508.0
380.5
155.5
41.5
509.5
386.5
503.5
194.5
305.5
481.0
332.5
800.5
944.5
418.0
247.0
475.0
251.5
355.0
227.5
256.0
266.5
193.0
824.5
352.0
638.5
295.0
535.0
511.0
421.0
599.5
479.5
806.5
197.5
452.5
122.5
239.5
155.5
778.0
712.0
433.0
251.5
469.0
238.0
481.0
178.0
211.0
458.5
265.0
220.0
890.5
356.5
43.0
379.0
167.5
205.0
193.0
331.0
308.5
217.0
443.5
235.0
244.0
850.0
176.5
389.5
226.0
485.5
737.5
236.5
532.0
256.0
28.0
418.0
286.0
224.5
232.0
739.0
820.0
263.5
128.5
791.5
698.5
131.5
166.0
415.0
502.0
280.0
545.5
419.5
424.0
296.5
235.0
412.0
241.0
1003.0
467.5
608.5
134.5
442.0
265.0
320.5
230.5
134.5
575.5
628.0
652.0
511.0
52.0
79.0
499.0
376.0
395.5
317.5
700.0
241.0
179.5
134.5
65.5
739.0
254.5
349.0
385.0
383.5
814.0
527.5
143.5
329.5
176.5
265.0
292.0
212.5
578.5
368.5
134.5
151.0
512.5
478.0
160.0
419.5
250.0
112.0
272.5
416.5
146.5
581.5
211.0
281.5
122.5
224.5
37.0
115.0
562.0
274.0
227.5
193.0
509.5
151.0
161.5
302.5
175.0
275.5
644.5
376.0
566.5
458.5
199.0
565.0
76.0
314.5
515.5
175.0
229.0
365.5
466.0
266.5
673.0
158.5
91.0
160.0
604.0
220.0
506.5
850.0
265.0
301.0
688.0
313.0
64.0
508.0
509.5
197.5
179.5
268.0
358.0
529.0
199.0
499.0
112.0
314.5
236.5
254.5
365.5
209.5
539.5
536.5
85.0
620.5
271.0
581.5
214.0
70.0
623.5
223.0
767.5
137.5
182.5
374.5
431.5
410.5
443.5
104.5
167.5
185.5
397.0
124.0
604.0
280.0
638.5
193.0
265.0
493.0
340.0
220.0
41.5
464.5
250.0
94.0
478.0
248.5
127.0
299.5
274.0
260.5
286.0
208.0
283.0
257.5
56.5
626.5
196.0
329.5
319.0
170.5
403.0
496.0
515.5
86.5
481.0
284.5
338.5
647.5
227.5
284.5
680.5
224.5
763.0
475.0
487.0
712.0
724.0
616.0
29.5
130.0
85.0
152.5
95.5
278.5
646.0
674.5
419.5
209.5
70.0
235.0
56.5
209.5
175.0
187.0
508.0
506.5
313.0
724.0
224.5
307.0
500.5
520.0
401.5
622.0
41.5
287.5
214.0
391.0
224.5
574.0
136.0
653.5
134.5
173.5
709.0
448.0
202.0
109.0
151.0
268.0
328.0
208.0
469.0
803.5
206.5
517.0
571.0
559.0
271.0
158.5
160.0
374.5
392.5
268.0
232.0
119.5
103.0
259.0
121.0
218.5
229.0
467.5
520.0
692.5
212.5
119.5
212.5
157.0
203.5
73.0
161.5
301.0
547.0
104.5
841.0
196.0
520.0
170.5
521.5
280.0
467.5
707.5
109.0
629.5
202.0
715.0
980.5
718.0
608.5
104.5
100.0
284.5
991.0
199.0
733.0
226.0
190.0
494.5
190.0
251.5
394.0
349.0
82.0
689.5
157.0
218.5
148.0
116.5
172.0
124.0
865.0
448.0
473.5
347.5
746.5
577.0
415.0
325.0
947.5
299.5
428.5
616.0
671.5
482.5
412.0
146.5
265.0
496.0
809.5
214.0
937.0
188.5
131.5
59.5
244.0
268.0
133.0
223.0
400.0
355.0
527.5
215.5
166.0
139.0
637.0
436.0
80.5
265.0
215.5
172.0
134.5
172.0
847.0
247.0
287.5
142.0
185.5
100.0
697.0
55.0
635.5
140.5
173.5
503.5
416.5
308.5
661.0
565.0
469.0
838.0
598.0
194.5
608.5
82.0
218.5
43.0
443.5
395.5
721.0
272.5
413.5
400.0
392.5
122.5
22.0
460.0
152.5
230.5
428.5
248.5
701.5
773.5
377.5
416.5
191.5
635.5
746.5
283.0
268.0
269.5
238.0
175.0
436.0
208.0
209.5
314.5
548.5
406.0
193.0
281.5
422.5
92.5
122.5
268.0
92.5
316.0
328.0
595.0
181.0
115.0
146.5
607.0
29.5
259.0
260.5
472.0
445.0
275.5
532.0
617.5
352.0
533.5
367.0
575.5
607.0
218.5
799.0
188.5
173.5
467.5
238.0
152.5
211.0
50.5
265.0
403.0
203.5
293.5
32.5
448.0
361.0
25.0
166.0
100.0
832.0
677.5
542.5
593.5
283.0
286.0
413.5
614.5
412.0
343.0
391.0
335.5
691.0
131.5
220.0
94.0
676.0
80.5
496.0
194.5
671.5
245.5
278.5
497.5
412.0
1048.0
343.0
163.0
494.5
100.0
658.0
752.5
284.5
152.5
301.0
424.0
292.0
271.0
488.5
716.5
698.5
232.0
163.0
775.0
710.5
130.0
194.5
539.5
146.5
344.5
125.5
196.0
353.5
284.5
379.0
536.5
215.5
61.0
253.0
172.0
539.5
395.5
307.0
251.5
130.0
358.0
200.5
553.0
335.5
263.5
773.5
236.5
76.0
65.5
416.5
445.0
172.0
52.0
250.0
52.0
245.5
379.0
490.0
272.5
203.5
145.0
469.0
877.0
598.0
562.0
227.5
451.0
113.5
644.5
640.0
302.5
319.0
19.0
403.0
169.0
77.5
190.0
343.0
178.0
301.0
289.0
1069.0
527.5
560.5
118.0
121.0
380.5
713.5
292.0
436.0
113.5
299.5
142.0
299.5
172.0
208.0
116.5
98.5
350.5
383.5
23.5
133.0
445.0
631.0
302.5
590.5
776.5
926.5
463.0
443.5
283.0
403.0
170.5
193.0
103.0
124.0
520.0
211.0
106.0
116.5
191.5
239.5
296.5
187.0
203.5
419.5
268.0
337.0
23.5
95.5
241.0
161.5
119.5
109.0
451.0
385.0
113.5
169.0
278.5
161.5
815.5
400.0
620.5
233.5
835.0
127.0
542.5
497.5
166.0
466.0
233.5
719.5
67.0
425.5
598.0
655.0
550.0
160.0
202.0
157.0
304.0
148.0
572.5
592.0
473.5
232.0
169.0
376.0
199.0
257.5
313.0
392.5
545.5
527.5
310.0
62.5
196.0
220.0
602.5
748.0
568.0
502.0
77.5
74.5
253.0
142.0
152.5
128.5
553.0
32.5
326.5
166.0
350.5
494.5
641.5
173.5
436.0
278.5
160.0
148.0
721.0
544.0
515.5
218.5
250.0
226.0
268.0
161.5
295.0
106.0
322.0
448.0
133.0
104.5
281.5
262.0
196.0
128.5
152.5
380.5
581.5
176.5
505.0
689.5
103.0
53.5
535.0
188.5
172.0
625.0
665.5
731.5
511.0
127.0
136.0
10.0
190.0
958.0
485.5
650.5
365.5
523.0
640.0
140.5
574.0
344.5
341.5
575.5
133.0
158.5
182.5
230.5
139.0
737.5
844.0
71.5
404.5
656.5
413.5
238.0
538.0
119.5
709.0
271.0
211.0
541.0
475.0
326.5
173.5
157.0
230.5
218.5
89.5
124.0
194.5
607.0
224.5
911.5
356.5
650.5
293.5
220.0
407.5
652.0
413.5
442.0
464.5
103.0
217.0
143.5
137.5
178.0
460.0
380.5
380.5
199.0
500.5
215.5
607.0
547.0
757.0
112.0
263.5
263.5
338.5
641.5
622.0
530.5
314.5
44.5
220.0
509.5
469.0
256.0
575.5
361.0
248.5
73.0
409.0
763.0
610.0
781.0
116.5
460.0
167.5
164.5
520.0
482.5
785.5
359.5
647.5
787.0
104.5
298.0
424.0
103.0
707.5
358.0
185.5
506.5
418.0
257.5
178.0
242.5
266.5
247.0
629.5
737.5
131.5
691.0
1189.0
611.5
43.0
227.5
367.0
595.0
128.5
436.0
73.0
239.5
356.5
196.0
601.0
394.0
980.5
646.0
311.5
169.0
223.0
442.0
466.0
146.5
574.0
616.0
127.0
616.0
965.5
421.0
206.5
218.5
152.5
116.5
559.0
808.0
466.0
242.5
307.0
152.5
350.5
631.0
121.0
313.0
208.0
110.5
175.0
1051.0
1003.0
424.0
272.5
254.5
826.0
158.5
253.0
431.5
418.0
283.0
577.0
421.0
440.5
77.5
83.5
254.5
115.0
169.0
260.5
866.5
698.5
836.5
122.5
398.5
340.0
169.0
919.0
592.0
40.0
569.5
43.0
575.5
376.0
110.5
523.0
526.0
218.5
803.5
298.0
385.0
457.0
913.0
37.0
551.5
239.5
682.0
160.0
299.5
521.5
173.5
301.0
92.5
70.0
388.0
112.0
730.0
88.0
151.0
352.0
100.0
503.5
157.0
457.0
245.5
176.5
838.0
191.5
319.0
106.0
1067.5
230.5
73.0
367.0
460.0
496.0
547.0
263.5
319.0
179.5
502.0
362.5
136.0
242.5
271.0
200.5
208.0
224.5
158.5
223.0
283.0
692.5
904.0
160.0
814.0
265.0
424.0
353.5
146.5
235.0
124.0
196.0
215.5
367.0
670.0
457.0
359.5
82.0
740.5
433.0
437.5
194.5
493.0
34.0
367.0
286.0
278.5
169.0
493.0
899.5
227.5
151.0
311.5
76.0
187.0
328.0
563.5
443.5
602.5
425.5
478.0
449.5
158.5
371.5
379.0
289.0
151.0
238.0
394.0
946.0
386.5
356.5
407.5
433.0
209.5
725.5
352.0
116.5
290.5
188.5
406.0
719.5
563.5
164.5
344.5
586.0
359.5
185.5
437.5
236.5
313.0
32.5
356.5
208.0
346.0
148.0
362.5
695.5
493.0
539.5
221.5
782.5
313.0
82.0
682.0
415.0
692.5
169.0
217.0
143.5
176.5
803.5
581.5
469.0
415.0
245.5
403.0
11.5
148.0
724.0
529.0
272.5
463.0
811.0
116.5
580.0
691.0
397.0
785.5
172.0
44.5
436.0
200.5
307.0
319.0
658.0
779.5
89.5
361.0
379.0
598.0
401.5
175.0
157.0
160.0
118.0
455.5
196.0
224.5
523.0
271.0
212.5
20.5
808.0
995.5
496.0
470.5
905.5
796.0
199.0
689.5
524.5
230.5
133.0
35.5
571.0
307.0
907.0
748.0
478.0
187.0
232.0
277.0
97.0
91.0
475.0
425.5
455.5
352.0
380.5
830.5
638.5
313.0
553.0
70.0
259.0
313.0
269.5
112.0
680.5
217.0
349.0
100.0
278.5
124.0
116.5
688.0
203.5
163.0
488.5
335.5
149.5
628.0
532.0
187.0
835.0
326.5
202.0
787.0
316.0
649.0
394.0
221.5
1075.0
749.5
349.0
136.0
515.5
106.0
118.0
394.0
205.0
527.5
163.0
328.0
40.0
166.0
293.5
610.0
485.5
628.0
287.5
500.5
407.5
226.0
307.0
418.0
401.5
170.5
473.5
409.0
400.0
211.0
17.5
128.5
265.0
202.0
250.0
512.5
730.0
698.5
544.0
131.5
569.5
764.5
293.5
644.5
331.0
131.5
205.0
64.0
119.5
314.5
653.5
101.5
451.0
596.5
245.5
212.5
259.0
157.0
299.5
208.0
176.5
316.0
37.0
113.5
383.5
388.0
362.5
109.0
895.0
68.5
166.0
238.0
788.5
256.0
58.0
487.0
187.0
478.0
218.5
127.0
311.5
254.5
175.0
172.0
419.5
259.0
128.5
374.5
14.5
259.0
170.5
530.5
452.5
946.0
25.0
902.5
620.5
211.0
278.5
482.5
320.5
230.5
218.5
58.0
260.5
665.5
157.0
208.0
178.0
271.0
211.0
376.0
280.0
65.5
164.5
361.0
260.5
329.5
569.5
778.0
265.0
26.5
887.5
409.0
583.0
304.0
215.5
251.5
653.5
224.5
133.0
268.0
331.0
395.5
116.5
470.5
215.5
701.5
380.5
1010.5
311.5
206.5
238.0
133.0
224.5
515.5
134.5
629.5
158.5
29.5
34.0
167.5
469.0
164.5
314.5
389.5
356.5
245.5
581.5
376.0
284.5
445.0
553.0
667.0
341.5
365.5
71.5
488.5
718.0
674.5
500.5
392.5
130.0
350.5
133.0
358.0
146.5
59.5
178.0
449.5
466.0
284.5
494.5
784.0
400.0
29.5
779.5
245.5
109.0
58.0
301.0
143.5
440.5
115.0
308.5
329.5
293.5
365.5
245.5
395.5
632.5
473.5
617.5
449.5
217.0
556.0
424.0
310.0
632.5
421.0
221.5
815.5
206.5
422.5
203.5
322.0
242.5
281.5
106.0
305.5
551.5
218.5
142.0
217.0
323.5
157.0
160.0
329.5
125.5
161.5
401.5
197.5
374.5
619.0
602.5
299.5
704.5
269.5
82.0
593.5
388.0
455.5
223.0
271.0
302.5
805.0
398.5
272.5
716.5
335.5
28.0
49.0
124.0
269.5
484.0
218.5
731.5
257.5
841.0
430.0
733.0
248.5
604.0
602.5
538.0
284.5
305.5
80.5
262.0
160.0
53.5
265.0
865.0
454.0
430.0
638.5
847.0
1018.0
283.0
250.0
403.0
455.5
407.5
250.0
656.5
571.0
260.5
173.5
274.0
307.0
391.0
581.5
455.5
343.0
245.5
49.0
350.5
286.0
188.5
22.0
104.5
641.5
431.5
619.0
350.5
274.0
172.0
308.5
116.5
193.0
164.5
278.5
149.5
137.5
278.5
400.0
143.5
181.0
454.0
238.0
56.5
436.0
181.0
322.0
578.5
742.0
592.0
185.5
569.5
485.5
197.5
794.5
1094.5
608.5
965.5
647.5
683.5
226.0
236.5
349.0
377.5
751.0
172.0
1021.0
1018.0
245.5
170.5
164.5
350.5
277.0
602.5
40.0
103.0
629.5
389.5
103.0
250.0
203.5
707.5
349.0
497.5
427.0
548.5
451.0
251.5
131.5
115.0
524.5
190.0
598.0
500.5
512.5
115.0
304.0
568.0
337.0
415.0
341.5
154.0
343.0
272.5
431.5
391.0
760.0
275.5
250.0
187.0
221.5
218.5
121.0
850.0
59.5
304.0
857.5
478.0
410.5
1021.0
272.5
503.5
383.5
352.0
179.5
544.0
854.5
83.5
976.0
46.0
130.0
82.0
193.0
482.5
316.0
275.5
146.5
647.5
202.0
130.0
239.5
611.5
70.0
728.5
97.0
266.5
55.0
83.5
139.0
266.5
179.5
248.5
371.5
584.5
155.5
934.0
74.5
104.5
643.0
688.0
571.0
689.5
178.0
139.0
415.0
500.5
239.5
248.5
523.0
343.0
247.0
395.5
151.0
422.5
403.0
905.5
308.5
263.5
523.0
475.0
404.5
266.5
313.0
781.0
202.0
238.0
89.5
62.5
136.0
800.5
101.5
457.0
19.0
178.0
574.0
487.0
371.5
730.0
134.5
184.0
91.0
418.0
86.5
46.0
332.5
635.5
434.5
670.0
707.5
103.0
133.0
260.5
307.0
463.0
182.5
167.5
493.0
196.0
193.0
212.5
175.0
218.5
70.0
215.5
637.0
301.0
205.0
289.0
383.5
604.0
463.0
187.0
1054.0
773.5
71.5
205.0
38.5
826.0
331.0
31.0
293.5
236.5
253.0
619.0
278.5
689.5
338.5
709.0
370.0
704.5
562.0
206.5
188.5
565.0
343.0
448.0
157.0
280.0
283.0
235.0
964.0
146.5
442.0
455.5
226.0
329.5
485.5
460.0
11.5
179.5
202.0
179.5
286.0
931.0
235.0
143.5
167.5
545.5
76.0
194.5
304.0
166.0
98.5
212.5
139.0
265.0
269.5
157.0
301.0
310.0
431.5
76.0
107.5
493.0
136.0
623.5
751.0
10.0
850.0
685.0
395.5
494.5
214.0
659.5
739.0
481.0
613.0
535.0
134.5
752.5
379.0
254.5
425.5
757.0
263.5
185.5
100.0
187.0
790.0
61.0
610.0
184.0
398.5
388.0
274.0
196.0
149.5
181.0
329.5
388.0
881.5
155.5
814.0
452.5
316.0
586.0
230.5
838.0
280.0
181.0
148.0
221.5
286.0
236.5
485.5
629.5
437.5
410.5
524.5
203.5
65.5
716.5
203.5
413.5
584.5
206.5
125.5
362.5
319.0
346.0
368.5
37.0
316.0
103.0
188.5
409.0
679.0
818.5
1171.0
343.0
208.0
958.0
785.5
295.0
872.5
380.5
725.5
151.0
149.5
613.0
281.5
764.5
271.0
284.5
92.5
253.0
782.5
38.5
368.5
154.0
478.0
167.5
241.0
133.0
296.5
149.5
185.5
178.0
403.0
674.5
284.5
37.0
434.5
469.0
200.5
398.5
313.0
230.5
56.5
502.0
482.5
415.0
170.5
137.5
250.0
494.5
436.0
200.5
310.0
209.5
157.0
152.5
704.5
607.0
958.0
317.5
256.0
575.5
164.5
56.5
391.0
68.5
229.0
31.0
209.5
1072.0
562.0
745.0
94.0
380.5
242.5
376.0
347.5
580.0
299.5
230.5
311.5
467.5
284.5
440.5
205.0
371.5
430.0
227.5
175.0
664.0
1075.0
407.5
119.5
190.0
434.5
475.0
160.0
248.5
508.0
611.5
841.0
589.0
265.0
329.5
337.0
316.0
382.0
83.5
278.5
257.5
472.0
224.5
262.0
29.5
134.5
157.0
167.5
182.5
233.5
952.0
824.5
188.5
314.5
68.5
290.5
233.5
139.0
493.0
659.5
307.0
608.5
284.5
569.5
41.5
170.5
545.5
236.5
703.0
593.5
110.5
604.0
254.5
326.5
412.0
76.0
67.0
529.0
794.5
499.0
391.0
685.0
626.5
188.5
365.5
22.0
338.5
445.0
302.5
1015.0
380.5
379.0
362.5
206.5
269.5
236.5
379.0
74.5
328.0
460.0
395.5
287.5
305.5
200.5
83.5
574.0
865.0
337.0
506.5
145.0
25.0
176.5
410.5
509.5
295.0
155.5
358.0
131.5
55.0
352.0
167.5
289.0
415.0
715.0
155.5
1055.5
514.0
338.5
368.5
208.0
328.0
199.0
142.0
424.0
353.5
812.5
449.5
560.5
496.0
131.5
389.5
257.5
526.0
376.0
364.0
475.0
505.0
437.5
217.0
383.5
295.0
382.0
137.5
331.0
143.5
116.5
478.0
169.0
373.0
248.5
328.0
844.0
206.5
52.0
385.0
362.5
986.5
290.5
397.0
715.0
724.0
640.0
271.0
760.0
742.0
920.5
251.5
277.0
467.5
158.5
241.0
946.0
257.5
526.0
190.0
154.0
68.5
271.0
23.5
406.0
130.0
478.0
259.0
214.0
785.5
211.0
149.5
572.5
298.0
61.0
191.5
631.0
253.0
137.5
379.0
218.5
532.0
158.5
232.0
407.5
596.5
592.0
355.0
86.5
382.0
635.5
380.5
319.0
398.5
431.5
56.5
400.0
347.5
307.0
412.0
601.0
350.5
260.5
335.5
181.0
88.0
241.0
232.0
280.0
128.5
562.0
373.0
224.5
361.0
64.0
704.5
292.0
47.5
364.0
592.0
181.0
259.0
196.0
787.0
130.0
586.0
578.5
425.5
421.0
467.5
688.0
475.0
185.5
560.5
617.5
536.5
286.0
106.0
368.5
250.0
277.0
277.0
283.0
451.0
62.5
341.5
95.5
68.5
647.5
86.5
295.0
371.5
398.5
842.5
544.0
583.0
304.0
388.0
20.5
643.0
208.0
28.0
109.0
100.0
119.5
377.5
280.0
110.5
296.5
157.0
196.0
454.0
271.0
463.0
872.5
649.0
557.5
433.0
686.5
214.0
799.0
455.5
436.0
163.0
445.0
341.5
599.5
386.5
191.5
118.0
742.0
610.0
475.0
368.5
319.0
352.0
691.0
116.5
644.5
284.5
775.0
319.0
917.5
182.5
265.0
149.5
65.5
272.5
514.0
146.5
172.0
380.5
463.0
163.0
158.5
269.5
602.5
461.5
275.5
364.0
379.0
734.5
796.0
482.5
218.5
461.5
527.5
692.5
566.5
226.0
149.5
181.0
464.5
355.0
190.0
802.0
853.0
185.5
359.5
253.0
127.0
103.0
133.0
643.0
130.0
775.0
241.0
140.5
110.5
370.0
271.0
437.5
230.5
229.0
634.0
634.0
535.0
272.5
263.5
256.0
131.5
499.0
292.0
665.5
173.5
214.0
586.0
53.5
341.5
391.0
556.0
619.0
235.0
376.0
247.0
211.0
860.5
430.0
1265.5
587.5
152.5
304.0
166.0
263.5
290.5
322.0
109.0
458.5
146.5
227.5
218.5
962.5
473.5
179.5
635.5
107.5
299.5
463.0
250.0
440.5
577.0
209.5
211.0
764.5
305.5
160.0
50.5
353.5
457.0
391.0
673.0
227.5
460.0
520.0
748.0
520.0
689.5
482.5
581.5
986.5
413.5
395.5
859.0
428.5
422.5
635.5
50.5
407.5
655.0
77.5
491.5
587.5
403.0
313.0
728.5
418.0
599.5
2.5
467.5
325.0
382.0
287.5
196.0
304.0
188.5
65.5
35.5
151.0
302.5
49.0
566.5
994.0
260.5
377.5
991.0
211.0
178.0
247.0
401.5
548.5
467.5
185.5
361.0
197.5
325.0
416.5
190.0
79.0
161.5
115.0
250.0
478.0
569.5
103.0
539.5
308.5
308.5
107.5
302.5
394.0
262.0
191.5
682.0
431.5
338.5
113.5
157.0
112.0
122.5
335.5
523.0
689.5
754.0
512.5
745.0
437.5
409.0
679.0
674.5
178.0
236.5
637.0
515.5
296.5
347.5
343.0
656.5
371.5
530.5
278.5
353.5
338.5
316.0
176.5
298.0
358.0
179.5
409.0
67.0
451.0
202.0
235.0
289.0
661.0
1076.5
515.5
259.0
206.5
365.5
416.5
853.0
419.5
1000.0
373.0
524.5
101.5
491.5
481.0
442.0
410.5
458.5
106.0
359.5
77.5
203.5
497.5
31.0
349.0
647.5
650.5
644.5
247.0
497.5
784.0
419.5
611.5
568.0
1021.0
341.5
136.0
107.5
571.0
200.5
394.0
103.0
431.5
83.5
58.0
350.5
143.5
409.0
872.5
673.0
680.5
355.0
301.0
763.0
155.5
107.5
172.0
214.0
305.5
388.0
571.0
467.5
173.5
505.0
529.0
557.5
274.0
362.5
166.0
560.5
47.5
338.5
658.0
424.0
316.0
184.0
485.5
454.0
56.5
310.0
508.0
304.0
473.5
349.0
125.5
283.0
124.0
118.0
118.0
181.0
107.5
533.5
358.0
227.5
49.0
368.5
725.5
452.5
626.5
160.0
392.5
286.0
566.5
364.0
398.5
166.0
409.0
532.0
305.5
787.0
391.0
304.0
394.0
260.5
160.0
154.0
611.5
323.5
362.5
406.0
223.0
352.0
245.5
610.0
445.0
575.5
61.0
700.0
344.5
329.5
424.0
40.0
245.5
163.0
874.0
184.0
406.0
836.5
184.0
592.0
265.0
493.0
169.0
484.0
637.0
452.5
155.5
310.0
205.0
626.5
392.5
179.5
590.5
181.0
202.0
929.5
266.5
197.5
395.5
299.5
326.5
832.0
709.0
178.0
233.5
566.5
488.5
391.0
467.5
329.5
28.0
362.5
469.0
484.0
331.0
202.0
652.0
325.0
332.5
506.5
500.5
223.0
713.5
236.5
706.0
266.5
227.5
95.5
1018.0
283.0
505.0
548.5
134.5
365.5
292.0
208.0
394.0
683.5
893.5
647.5
496.0
590.5
211.0
266.5
53.5
560.5
707.5
181.0
232.0
182.5
367.0
140.5
593.5
121.0
356.5
560.5
595.0
155.5
644.5
346.0
10.0
467.5
92.5
391.0
223.0
182.5
1141.0
347.5
394.0
889.0
305.5
209.5
928.0
340.0
83.5
311.5
665.5
335.5
283.0
70.0
97.0
472.0
727.0
625.0
407.5
611.5
214.0
874.0
178.0
467.5
326.5
139.0
124.0
457.0
926.5
674.5
242.5
592.0
625.0
547.0
248.5
46.0
230.5
250.0
143.5
140.5
689.5
281.5
407.5
67.0
182.5
149.5
494.5
509.5
928.0
353.5
890.5
164.5
692.5
485.5
47.5
425.5
353.5
278.5
208.0
682.0
571.0
565.0
41.5
578.5
106.0
472.0
364.0
220.0
412.0
220.0
235.0
188.5
374.5
277.0
637.0
206.5
371.5
400.0
178.0
863.5
131.5
707.5
227.5
260.5
493.0
212.5
205.0
265.0
563.5
415.0
196.0
214.0
61.0
545.5
101.5
160.0
542.5
901.0
242.5
241.0
275.5
605.5
239.5
65.5
344.5
223.0
218.5
365.5
307.0
353.5
512.5
704.5
161.5
298.0
142.0
155.5
509.5
313.0
74.5
44.5
437.5
364.0
529.0
83.5
550.0
286.0
284.5
514.0
332.5
328.0
298.0
97.0
266.5
409.0
469.0
104.5
43.0
484.0
85.0
293.5
455.5
524.5
127.0
490.0
241.0
400.0
662.5
451.0
199.0
146.5
340.0
209.5
413.5
650.5
292.0
266.5
569.5
211.0
164.5
539.5
367.0
398.5
14.5
287.5
131.5
589.0
352.0
394.0
89.5
241.0
109.0
521.5
346.0
197.5
404.5
379.0
442.0
155.5
160.0
292.0
301.0
448.0
427.0
316.0
341.5
310.0
658.0
283.0
676.0
839.5
170.5
761.5
238.0
311.5
559.0
415.0
253.0
301.0
125.5
338.5
235.0
347.5
124.0
692.5
95.5
518.5
83.5
256.0
530.5
137.5
142.0
235.0
160.0
241.0
356.5
310.0
161.5
181.0
1007.5
314.5
404.5
166.0
395.5
166.0
14.5
191.5
214.0
173.5
371.5
256.0
41.5
79.0
386.5
194.5
491.5
338.5
338.5
460.0
595.0
569.5
188.5
269.5
619.0
920.5
193.0
115.0
409.0
103.0
85.0
449.5
131.5
442.0
446.5
229.0
403.0
554.5
152.5
169.0
221.5
304.0
179.5
340.0
367.0
490.0
425.5
40.0
347.5
209.5
232.0
115.0
373.0
199.0
74.5
947.5
353.5
91.0
215.5
373.0
376.0
440.5
176.5
787.0
32.5
323.5
251.5
163.0
41.5
392.5
716.5
880.0
484.0
658.0
154.0
659.5
400.0
544.0
934.0
719.5
725.5
329.5
251.5
311.5
698.5
487.0
637.0
235.0
943.0
539.5
118.0
202.0
394.0
314.5
541.0
65.5
455.5
383.5
332.5
562.0
491.5
265.0
869.5
551.5
656.5
413.5
217.0
343.0
364.0
137.5
86.5
161.5
127.0
83.5
559.0
242.5
397.0
148.0
437.5
326.5
301.0
107.5
547.0
424.0
265.0
65.5
329.5
487.0
334.0
365.5
284.5
437.5
118.0
475.0
608.5
1001.5
196.0
136.0
322.0
586.0
124.0
193.0
598.0
695.5
472.0
439.0
163.0
64.0
328.0
154.0
176.5
221.5
691.0
515.5
416.5
241.0
445.0
497.5
490.0
218.5
218.5
341.5
314.5
197.5
305.5
511.0
110.5
97.0
250.0
340.0
41.5
193.0
260.5
206.5
187.0
478.0
211.0
328.0
151.0
97.0
106.0
544.0
607.0
527.5
407.5
487.0
523.0
395.5
136.0
391.0
134.5
25.0
362.5
224.5
704.5
427.0
592.0
559.0
77.5
611.5
98.5
392.5
178.0
500.5
406.0
256.0
91.0
181.0
788.5
566.5
452.5
299.5
332.5
352.0
464.5
1151.5
752.5
199.0
16.0
215.5
374.5
88.0
82.0
79.0
547.0
220.0
425.5
208.0
340.0
40.0
565.0
427.0
170.5
214.0
179.5
56.5
2.5
532.0
974.5
818.5
317.5
439.0
160.0
215.5
793.0
179.5
140.5
92.5
97.0
496.0
406.0
526.0
509.5
118.0
124.0
250.0
136.0
578.5
212.5
830.5
770.5
157.0
628.0
376.0
56.5
482.5
308.5
110.5
776.5
497.5
209.5
74.5
202.0
709.0
524.5
139.0
244.0
280.0
242.5
554.5
206.5
95.5
281.5
380.5
776.5
494.5
587.5
265.0
553.0
931.0
31.0
491.5
53.5
334.0
250.0
325.0
260.5
367.0
563.5
196.0
463.0
319.0
184.0
520.0
236.5
472.0
163.0
20.5
211.0
245.5
152.5
589.0
755.5
391.0
262.0
101.5
713.5
895.0
152.5
259.0
64.0
601.0
395.5
353.5
157.0
268.0
211.0
250.0
331.0
119.5
403.0
283.0
185.5
167.5
293.5
472.0
419.5
17.5
428.5
586.0
605.5
983.5
394.0
410.5
313.0
433.0
380.5
350.5
199.0
130.0
784.0
128.5
449.5
395.5
527.5
161.5
374.5
364.0
109.0
503.5
100.0
260.5
133.0
400.0
26.5
187.0
854.5
490.0
619.0
272.5
517.0
461.5
442.0
380.5
557.5
433.0
430.0
218.5
586.0
572.5
227.5
421.0
605.5
445.0
323.5
446.5
325.0
554.5
278.5
206.5
724.0
779.5
41.5
226.0
500.5
673.0
430.0
107.5
493.0
281.5
304.0
143.5
233.5
176.5
566.5
547.0
166.0
320.5
295.0
454.0
454.0
212.5
413.5
520.0
257.5
43.0
131.5
244.0
424.0
539.5
86.5
109.0
121.0
256.0
298.0
428.5
208.0
527.5
275.5
439.0
586.0
88.0
706.0
121.0
379.0
158.5
319.0
371.5
115.0
160.0
158.5
602.5
100.0
661.0
358.0
536.5
344.5
842.5
665.5
385.0
310.0
472.0
514.0
347.5
436.0
515.5
887.5
292.0
475.0
374.5
370.0
347.5
110.5
766.0
575.5
205.0
451.0
83.5
344.5
484.0
530.5
866.5
139.0
649.0
472.0
208.0
809.5
146.5
617.5
359.5
178.0
215.5
239.5
386.5
443.5
652.0
200.5
436.0
361.0
541.0
608.5
719.5
437.5
751.0
214.0
128.5
388.0
652.0
76.0
272.5
112.0
239.5
365.5
284.5
136.0
172.0
535.0
104.5
487.0
41.5
173.5
358.0
256.0
232.0
131.5
227.5
217.0
343.0
410.5
278.5
238.0
178.0
566.5
524.5
569.5
268.0
91.0
346.0
281.5
214.0
1010.5
260.5
476.5
215.5
608.5
496.0
686.5
334.0
613.0
569.5
125.5
419.5
620.5
67.0
577.0
478.0
262.0
307.0
547.0
487.0
67.0
346.0
245.5
272.5
133.0
418.0
344.5
494.5
233.5
76.0
124.0
482.5
305.5
455.5
632.5
110.5
80.5
409.0
625.0
205.0
382.0
130.0
677.5
310.0
251.5
130.0
49.0
451.0
319.0
890.5
167.5
649.0
38.5
470.5
151.0
550.0
278.5
265.0
334.0
937.0
89.5
320.5
167.5
359.5
223.0
329.5
310.0
485.5
556.0
949.0
31.0
247.0
272.5
490.0
161.5
218.5
259.0
460.0
697.0
217.0
361.0
305.5
182.5
160.0
413.5
398.5
430.0
196.0
790.0
608.5
191.5
545.5
763.0
344.5
304.0
617.5
364.0
194.5
556.0
334.0
650.5
551.5
115.0
947.5
695.5
604.0
827.5
260.5
773.5
704.5
169.0
169.0
478.0
353.5
665.5
472.0
730.0
718.0
199.0
155.5
313.0
578.5
475.0
158.5
580.0
407.5
476.5
191.5
467.5
824.5
563.5
710.5
88.0
350.5
647.5
109.0
418.0
545.5
247.0
587.5
535.0
604.0
395.5
641.5
931.0
728.5
638.5
541.0
121.0
37.0
278.5
202.0
163.0
268.0
820.0
335.5
830.5
199.0
163.0
553.0
560.5
151.0
422.5
329.5
152.5
310.0
437.5
422.5
254.5
242.5
538.0
227.5
250.0
74.5
134.5
172.0
343.0
167.5
185.5
184.0
640.0
629.5
425.5
299.5
82.0
163.0
491.5
241.0
577.0
671.5
526.0
554.5
626.5
152.5
209.5
673.0
880.0
823.0
304.0
289.0
155.5
740.5
374.5
176.5
334.0
338.5
233.5
608.5
463.0
260.5
145.0
140.5
166.0
58.0
275.5
1028.5
412.0
523.0
772.0
266.5
326.5
770.5
286.0
326.5
74.5
134.5
247.0
92.5
433.0
451.0
503.5
773.5
308.5
181.0
1204.0
628.0
758.5
382.0
206.5
457.0
149.5
872.5
374.5
274.0
349.0
214.0
352.0
368.5
806.5
215.5
181.0
152.5
572.5
254.5
307.0
260.5
397.0
515.5
626.5
146.5
524.5
869.5
865.0
263.5
358.0
299.5
424.0
157.0
787.0
296.5
53.5
308.5
413.5
623.5
713.5
553.0
89.5
479.5
763.0
1087.0
395.5
274.0
151.0
242.5
553.0
304.0
518.5
223.0
218.5
548.5
361.0
185.5
236.5
349.0
398.5
104.5
86.5
109.0
382.0
280.0
428.5
118.0
70.0
268.0
184.0
85.0
868.0
569.5
289.0
104.5
784.0
392.5
316.0
154.0
