46.0
247.0
212.5
155.5
226.0
161.5
143.5
449.5
194.5
305.5
172.0
133.0
77.5
92.5
368.5
127.0
589.0
47.5
112.0
211.0
334.0
400.0
385.0
956.5
109.0
146.5
43.0
205.0
1001.5
296.5
160.0
116.5
398.5
242.5
208.0
403.0
472.0
235.0
167.5
880.0
460.0
85.0
146.5
296.5
493.0
155.5
469.0
416.5
196.0
59.5
226.0
455.5
166.0
200.5
649.0
130.0
320.5
262.0
53.5
191.5
166.0
247.0
233.5
521.5
121.0
232.0
287.5
247.0
151.0
238.0
257.5
244.0
110.5
275.5
305.5
334.0
160.0
361.0
215.5
67.0
385.0
622.0
91.0
157.0
289.0
167.5
115.0
743.5
284.5
535.0
287.5
134.5
490.0
148.0
334.0
182.5
236.5
191.5
356.5
418.0
203.5
289.0
224.5
238.0
20.5
203.5
263.5
196.0
164.5
247.0
358.0
886.0
479.5
160.0
20.5
397.0
485.5
262.0
529.0
82.0
374.5
299.5
47.5
112.0
11.5
238.0
421.0
235.0
236.5
131.5
302.5
256.0
134.5
419.5
347.5
557.5
251.5
79.0
115.0
392.5
118.0
418.0
118.0
212.5
164.5
44.5
181.0
212.5
79.0
491.5
337.0
233.5
307.0
233.5
200.5
205.0
316.0
172.0
157.0
139.0
235.0
419.5
364.0
331.0
358.0
140.5
211.0
52.0
235.0
256.0
539.5
260.5
245.5
220.0
220.0
341.5
707.5
320.5
331.0
437.5
346.0
290.5
536.5
193.0
172.0
170.5
215.5
634.0
227.5
266.5
100.0
86.5
292.0
443.5
379.0
124.0
52.0
458.5
373.0
553.0
76.0
244.0
79.0
539.5
514.0
109.0
202.0
293.5
403.0
368.5
79.0
142.0
251.5
226.0
226.0
142.0
182.5
121.0
176.5
157.0
107.5
196.0
383.5
344.5
89.5
719.5
437.5
397.0
922.0
151.0
313.0
307.0
31.0
118.0
487.0
95.5
71.5
217.0
398.5
71.5
82.0
59.5
178.0
365.5
451.0
704.5
278.5
92.5
139.0
260.5
67.0
70.0
131.5
226.0
203.5
155.5
22.0
82.0
191.5
164.5
97.0
194.5
53.5
91.0
185.5
124.0
194.5
94.0
508.0
139.0
494.5
263.5
82.0
115.0
226.0
143.5
244.0
215.5
388.0
317.5
305.5
223.0
442.0
464.5
515.5
329.5
367.0
137.5
553.0
221.5
199.0
314.5
268.0
73.0
254.5
40.0
274.0
556.0
146.5
389.5
221.5
115.0
365.5
638.5
305.5
370.0
392.5
293.5
269.5
97.0
134.5
349.0
463.0
248.5
94.0
205.0
719.5
194.5
734.5
412.0
13.0
277.0
169.0
182.5
491.5
202.0
251.5
232.0
292.0
205.0
215.5
346.0
325.0
532.0
578.5
83.5
209.5
701.5
71.5
238.0
214.0
124.0
178.0
362.5
265.0
377.5
89.5
173.5
319.0
217.0
158.5
185.5
172.0
485.5
407.5
358.0
157.0
97.0
422.5
358.0
338.5
185.5
413.5
455.5
151.0
176.5
377.5
173.5
161.5
275.5
242.5
328.0
116.5
253.0
422.5
505.0
25.0
668.5
214.0
347.5
200.5
251.5
205.0
61.0
157.0
356.5
194.5
193.0
56.5
106.0
250.0
925.0
251.5
278.5
209.5
430.0
209.5
350.5
649.0
127.0
122.5
73.0
319.0
287.5
161.5
116.5
377.5
107.5
173.5
505.0
623.5
77.5
17.5
104.5
439.0
422.5
224.5
145.0
151.0
431.5
181.0
172.0
331.0
287.5
364.0
280.0
275.5
77.5
76.0
68.5
263.5
62.5
769.0
169.0
203.5
317.5
467.5
205.0
646.0
311.5
220.0
41.5
542.5
655.0
202.0
260.5
430.0
74.5
587.5
130.0
517.0
343.0
152.5
538.0
157.0
212.5
619.0
215.5
259.0
416.5
424.0
374.5
178.0
275.5
34.0
434.5
440.5
82.0
382.0
718.0
130.0
667.0
152.5
221.5
350.5
310.0
305.5
302.5
172.0
193.0
202.0
203.5
116.5
529.0
248.5
130.0
172.0
481.0
343.0
109.0
344.5
166.0
214.0
481.0
430.0
442.0
533.5
251.5
289.0
52.0
92.5
118.0
64.0
178.0
121.0
154.0
136.0
781.0
121.0
527.5
284.5
32.5
607.0
224.5
173.5
233.5
737.5
361.0
301.0
244.0
172.0
290.5
89.5
166.0
343.0
376.0
112.0
607.0
67.0
433.0
182.5
185.5
86.5
154.0
512.5
239.5
236.5
341.5
232.0
116.5
185.5
389.5
611.5
308.5
113.5
530.5
185.5
236.5
491.5
107.5
200.5
130.0
187.0
289.0
133.0
247.0
317.5
551.5
83.5
137.5
275.5
415.0
553.0
433.0
289.0
205.0
166.0
310.0
334.0
185.5
211.0
140.5
68.5
98.5
148.0
154.0
389.5
130.0
241.0
197.5
398.5
139.0
206.5
512.5
404.5
296.5
352.0
692.5
203.5
548.5
70.0
85.0
119.5
56.5
160.0
31.0
346.0
353.5
148.0
293.5
358.0
143.5
473.5
181.0
76.0
85.0
91.0
487.0
505.0
62.5
526.0
275.5
94.0
238.0
227.5
232.0
506.5
460.0
268.0
56.5
56.5
266.5
293.5
217.0
142.0
115.0
311.5
304.0
88.0
221.5
41.5
88.0
599.5
343.0
332.5
388.0
440.5
154.0
488.5
131.5
185.5
166.0
137.5
61.0
244.0
451.0
512.5
451.0
329.5
349.0
242.5
146.5
521.5
679.0
407.5
289.0
275.5
116.5
506.5
43.0
299.5
62.5
223.0
212.5
385.0
292.0
353.5
83.5
109.0
92.5
557.5
395.5
182.5
667.0
169.0
452.5
224.5
263.5
424.0
319.0
377.5
83.5
385.0
179.5
139.0
68.5
584.5
319.0
158.5
352.0
253.0
293.5
199.0
28.0
271.0
353.5
782.5
262.0
430.0
463.0
350.5
136.0
260.5
169.0
85.0
254.5
368.5
197.5
430.0
122.5
424.0
688.0
220.0
451.0
181.0
116.5
274.0
215.5
100.0
107.5
185.5
311.5
194.5
80.5
247.0
308.5
301.0
175.0
178.0
133.0
784.0
164.5
236.5
220.0
383.5
131.5
284.5
352.0
89.5
407.5
259.0
602.5
56.5
194.5
166.0
398.5
158.5
178.0
569.5
448.0
413.5
218.5
313.0
200.5
172.0
532.0
182.5
118.0
88.0
481.0
55.0
121.0
242.5
401.5
191.5
130.0
160.0
125.5
457.0
490.0
277.0
208.0
344.5
950.5
145.0
575.5
613.0
371.5
82.0
167.5
224.5
203.5
181.0
278.5
148.0
62.5
106.0
142.0
238.0
655.0
43.0
634.0
202.0
170.5
164.5
160.0
338.5
338.5
343.0
278.5
158.5
67.0
487.0
290.5
290.5
604.0
175.0
28.0
260.5
323.5
182.5
403.0
146.5
128.5
332.5
721.0
457.0
254.5
221.5
241.0
248.5
202.0
685.0
1061.5
304.0
296.5
191.5
190.0
184.0
59.5
385.0
173.5
356.5
118.0
208.0
229.0
122.5
236.5
298.0
149.5
184.0
92.5
119.5
373.0
40.0
251.5
235.0
434.5
679.0
74.5
304.0
341.5
263.5
652.0
251.5
364.0
79.0
170.5
248.5
212.5
157.0
142.0
755.5
145.0
167.5
49.0
397.0
365.5
406.0
406.0
41.5
68.5
428.5
547.0
223.0
329.5
454.0
299.5
229.0
284.5
158.5
122.5
56.5
227.5
197.5
194.5
119.5
181.0
154.0
275.5
152.5
266.5
109.0
413.5
349.0
299.5
142.0
157.0
278.5
170.5
130.0
217.0
409.0
125.5
134.5
205.0
202.0
551.5
221.5
643.0
143.5
113.5
218.5
103.0
373.0
211.0
626.5
160.0
185.5
137.5
91.0
562.0
85.0
136.0
220.0
368.5
194.5
293.5
691.0
385.0
88.0
169.0
85.0
650.5
454.0
202.0
313.0
455.5
323.5
317.5
232.0
892.0
472.0
323.5
179.5
19.0
148.0
359.5
226.0
320.5
289.0
272.5
328.0
202.0
211.0
323.5
176.5
190.0
254.5
224.5
242.5
239.5
82.0
55.0
190.0
577.0
23.5
310.0
85.0
392.5
217.0
175.0
160.0
377.5
46.0
626.5
490.0
490.0
343.0
152.5
259.0
503.5
145.0
154.0
103.0
535.0
140.5
410.5
304.0
227.5
317.5
283.0
292.0
176.5
253.0
904.0
266.5
122.5
103.0
224.5
158.5
427.0
452.5
119.5
640.0
212.5
266.5
167.5
247.0
167.5
269.5
311.5
250.0
733.0
19.0
173.5
344.5
41.5
367.0
463.0
152.5
458.5
235.0
307.0
278.5
431.5
31.0
244.0
112.0
124.0
73.0
289.0
676.0
544.0
191.5
541.0
383.5
776.5
476.5
253.0
374.5
139.0
341.5
179.5
97.0
250.0
356.5
568.0
733.0
398.5
304.0
440.5
121.0
20.5
590.5
190.0
350.5
256.0
8.5
118.0
142.0
260.5
301.0
220.0
251.5
101.5
137.5
427.0
161.5
88.0
380.5
22.0
164.5
274.0
304.0
59.5
221.5
338.5
257.5
529.0
196.0
143.5
148.0
223.0
608.5
169.0
241.0
62.5
71.5
148.0
443.5
301.0
313.0
202.0
157.0
509.5
133.0
124.0
382.0
121.0
106.0
314.5
241.0
289.0
139.0
152.5
226.0
52.0
385.0
403.0
98.5
163.0
101.5
221.5
250.0
454.0
223.0
727.0
704.5
217.0
473.5
617.5
175.0
19.0
271.0
115.0
562.0
226.0
623.5
413.5
58.0
241.0
415.0
398.5
407.5
517.0
536.5
110.5
310.0
152.5
178.0
68.5
472.0
331.0
658.0
274.0
644.5
460.0
566.5
838.0
236.5
115.0
755.5
683.5
557.5
61.0
83.5
572.5
103.0
115.0
317.5
368.5
334.0
340.0
229.0
404.5
352.0
259.0
392.5
202.0
278.5
253.0
311.5
142.0
40.0
212.5
91.0
125.5
200.5
185.5
212.5
221.5
373.0
839.5
671.5
242.5
163.0
530.5
202.0
200.5
167.5
254.5
158.5
356.5
430.0
206.5
241.0
236.5
137.5
139.0
28.0
307.0
140.5
166.0
334.0
290.5
97.0
68.5
163.0
227.5
103.0
193.0
325.0
449.5
188.5
806.5
356.5
194.5
187.0
446.5
50.5
197.5
340.0
317.5
794.5
199.0
221.5
116.5
181.0
361.0
82.0
275.5
65.5
169.0
290.5
59.5
203.5
112.0
319.0
161.5
94.0
379.0
289.0
283.0
187.0
304.0
256.0
250.0
367.0
404.5
718.0
520.0
241.0
317.5
164.5
109.0
533.5
452.5
310.0
251.5
155.5
293.5
514.0
166.0
307.0
280.0
208.0
409.0
277.0
424.0
158.5
104.5
473.5
332.5
86.5
227.5
452.5
158.5
452.5
71.5
529.0
211.0
218.5
179.5
535.0
457.0
350.5
253.0
341.5
124.0
112.0
473.5
208.0
308.5
166.0
148.0
496.0
419.5
181.0
95.5
260.5
407.5
340.0
296.5
352.0
22.0
121.0
47.5
121.0
55.0
494.5
343.0
164.5
149.5
104.5
149.5
307.0
739.0
394.0
28.0
226.0
625.0
466.0
124.0
239.5
268.0
74.5
341.5
611.5
80.5
167.5
227.5
277.0
187.0
164.5
104.5
92.5
248.5
118.0
212.5
262.0
241.0
115.0
103.0
130.0
202.0
266.5
121.0
316.0
556.0
583.0
352.0
44.5
197.5
185.5
115.0
43.0
124.0
244.0
460.0
188.5
25.0
322.0
704.5
320.5
196.0
142.0
563.5
169.0
317.5
121.0
554.5
530.5
161.5
160.0
296.5
175.0
445.0
365.5
212.5
341.5
641.5
119.5
145.0
175.0
448.0
88.0
286.0
176.5
32.5
352.0
179.5
178.0
194.5
262.0
83.5
155.5
47.5
133.0
149.5
194.5
140.5
67.0
338.5
145.0
290.5
248.5
202.0
295.0
655.0
602.5
283.0
340.0
137.5
151.0
398.5
212.5
746.5
31.0
466.0
262.0
404.5
394.0
373.0
61.0
578.5
95.5
82.0
886.0
139.0
598.0
319.0
221.5
286.0
22.0
548.5
509.5
575.5
221.5
359.5
281.5
74.5
31.0
293.5
41.5
386.5
196.0
287.5
389.5
445.0
362.5
196.0
274.0
415.0
235.0
265.0
316.0
524.5
275.5
262.0
793.0
350.5
176.5
251.5
697.0
104.5
241.0
11.5
299.5
110.5
352.0
271.0
185.5
457.0
352.0
31.0
422.5
289.0
166.0
401.5
194.5
209.5
338.5
121.0
671.5
274.0
127.0
386.5
208.0
268.0
152.5
64.0
217.0
334.0
172.0
136.0
460.0
152.5
181.0
115.0
215.5
128.5
467.5
106.0
149.5
383.5
149.5
122.5
253.0
142.0
247.0
155.5
202.0
175.0
407.5
188.5
190.0
640.0
406.0
418.0
113.5
331.0
109.0
245.5
392.5
110.5
307.0
467.5
349.0
70.0
461.5
551.5
370.0
568.0
508.0
337.0
337.0
199.0
55.0
160.0
362.5
265.0
449.5
574.0
308.5
181.0
146.5
799.0
203.5
355.0
283.0
187.0
440.5
80.5
263.5
113.5
403.0
448.0
304.0
101.5
163.0
350.5
205.0
46.0
301.0
370.0
176.5
221.5
286.0
491.5
218.5
242.5
107.5
427.0
286.0
428.5
325.0
263.5
530.5
280.0
593.5
254.5
349.0
343.0
283.0
601.0
352.0
367.0
436.0
172.0
550.0
397.0
130.0
325.0
407.5
529.0
170.5
47.5
475.0
106.0
188.5
196.0
287.5
494.5
292.0
673.0
149.5
148.0
611.5
230.5
185.5
466.0
296.5
262.0
262.0
260.5
356.5
733.0
775.0
892.0
182.5
406.0
205.0
464.5
478.0
211.0
76.0
98.5
263.5
256.0
188.5
233.5
479.5
595.0
131.5
79.0
481.0
224.5
343.0
392.5
476.5
173.5
59.5
238.0
98.5
181.0
130.0
314.5
308.5
167.5
212.5
110.5
305.5
32.5
482.5
145.0
448.0
244.0
85.0
32.5
181.0
277.0
385.0
533.5
154.0
329.5
439.0
193.0
23.5
52.0
109.0
127.0
71.5
85.0
281.5
478.0
79.0
334.0
44.5
295.0
931.0
556.0
203.5
344.5
121.0
194.5
131.5
499.0
457.0
28.0
5.5
431.5
230.5
355.0
151.0
161.5
106.0
187.0
332.5
569.5
110.5
199.0
326.5
601.0
377.5
91.0
200.5
325.0
575.5
764.5
317.5
364.0
634.0
121.0
560.5
620.5
266.5
302.5
569.5
470.5
131.5
191.5
245.5
373.0
241.0
70.0
154.0
346.0
332.5
821.5
472.0
445.0
425.5
142.0
56.5
485.5
472.0
17.5
119.5
514.0
254.5
326.5
131.5
278.5
287.5
101.5
68.5
209.5
179.5
253.0
376.0
197.5
239.5
149.5
193.0
133.0
416.5
299.5
239.5
77.5
496.0
329.5
98.5
115.0
44.5
259.0
536.5
469.0
452.5
109.0
349.0
251.5
188.5
281.5
313.0
217.0
38.5
208.0
193.0
137.5
403.0
574.0
766.0
248.5
23.5
295.0
356.5
200.5
733.0
73.0
452.5
110.5
314.5
92.5
476.5
122.5
16.0
572.5
268.0
424.0
403.0
74.5
46.0
383.5
658.0
143.5
254.5
193.0
145.0
370.0
313.0
100.0
266.5
508.0
127.0
143.5
121.0
115.0
62.5
902.5
313.0
53.5
259.0
94.0
206.5
230.5
85.0
205.0
367.0
62.5
229.0
524.5
158.5
52.0
592.0
211.0
85.0
151.0
316.0
277.0
251.5
242.5
398.5
176.5
230.5
203.5
160.0
88.0
139.0
467.5
290.5
553.0
217.0
76.0
383.5
104.5
214.0
214.0
230.5
130.0
328.0
491.5
265.0
139.0
151.0
86.5
271.0
115.0
638.5
388.0
136.0
509.5
46.0
193.0
416.5
338.5
562.0
536.5
436.0
238.0
541.0
424.0
266.5
583.0
79.0
119.5
347.5
239.5
326.5
134.5
170.5
400.0
379.0
350.5
422.5
268.0
110.5
152.5
403.0
454.0
284.5
550.0
326.5
379.0
163.0
221.5
161.5
382.0
436.0
239.5
701.5
236.5
436.0
278.5
248.5
266.5
166.0
166.0
200.5
625.0
83.5
577.0
524.5
76.0
158.5
112.0
461.5
139.0
254.5
251.5
14.5
541.0
316.0
823.0
308.5
494.5
656.5
53.5
160.0
160.0
284.5
364.0
248.5
281.5
236.5
46.0
194.5
349.0
344.5
322.0
265.0
91.0
193.0
218.5
317.5
425.5
253.0
302.5
157.0
194.5
140.5
179.5
170.5
200.5
50.5
178.0
257.5
260.5
83.5
62.5
614.5
463.0
142.0
22.0
398.5
41.5
409.0
101.5
116.5
185.5
296.5
259.0
83.5
358.0
212.5
184.0
437.5
311.5
667.0
151.0
392.5
326.5
464.5
188.5
227.5
323.5
86.5
512.5
317.5
463.0
28.0
385.0
298.0
164.5
178.0
157.0
353.5
560.5
239.5
161.5
196.0
52.0
118.0
362.5
491.5
463.0
284.5
235.0
193.0
181.0
230.5
406.0
107.5
179.5
283.0
140.5
106.0
337.0
209.5
356.5
221.5
194.5
113.5
383.5
365.5
209.5
46.0
556.0
157.0
248.5
407.5
466.0
97.0
293.5
197.5
178.0
43.0
107.5
304.0
97.0
356.5
110.5
224.5
206.5
191.5
10.0
62.5
170.5
125.5
422.5
131.5
287.5
575.5
491.5
115.0
181.0
238.0
220.0
190.0
205.0
401.5
148.0
389.5
215.5
280.0
670.0
143.5
29.5
173.5
314.5
154.0
368.5
499.0
599.5
245.5
833.5
286.0
410.5
199.0
268.0
325.0
95.5
466.0
128.5
176.5
370.0
259.0
163.0
358.0
55.0
131.5
644.5
326.5
436.0
277.0
611.5
181.0
236.5
146.5
128.5
137.5
101.5
133.0
467.5
553.0
133.0
761.5
82.0
568.0
316.0
557.5
329.5
100.0
167.5
554.5
244.0
61.0
338.5
731.5
358.0
218.5
436.0
143.5
328.0
167.5
67.0
322.0
334.0
170.5
266.5
206.5
407.5
361.0
320.5
362.5
205.0
304.0
293.5
266.5
590.5
305.5
440.5
785.5
512.5
784.0
236.5
206.5
224.5
521.5
196.0
334.0
181.0
161.5
514.0
239.5
193.0
574.0
314.5
578.5
275.5
244.0
347.5
577.0
47.5
277.0
190.0
119.5
169.0
368.5
119.5
263.5
140.5
154.0
31.0
272.5
101.5
329.5
743.5
652.0
122.5
238.0
251.5
112.0
329.5
611.5
205.0
485.5
82.0
116.5
173.5
89.5
137.5
379.0
448.0
280.0
284.5
152.5
251.5
136.0
205.0
515.5
427.0
185.5
659.5
76.0
151.0
464.5
154.0
292.0
181.0
221.5
421.0
584.5
502.0
193.0
203.5
307.0
590.5
266.5
601.0
245.5
323.5
145.0
152.5
142.0
448.0
547.0
215.5
265.0
547.0
482.5
497.5
614.5
2.5
104.5
466.0
262.0
103.0
572.5
287.5
293.5
91.0
154.0
79.0
86.5
212.5
139.0
251.5
358.0
212.5
83.5
109.0
277.0
416.5
116.5
209.5
97.0
65.5
257.5
197.5
382.0
155.5
368.5
94.0
358.0
214.0
164.5
196.0
446.5
364.0
221.5
224.5
308.5
517.0
157.0
167.5
341.5
161.5
191.5
71.5
433.0
77.5
227.5
1016.5
314.5
343.0
188.5
485.5
823.0
68.5
94.0
134.5
382.0
400.0
352.0
418.0
110.5
440.5
307.0
173.5
115.0
458.5
229.0
278.5
407.5
230.5
592.0
221.5
43.0
305.5
181.0
88.0
271.0
574.0
163.0
206.5
191.5
452.5
280.0
85.0
418.0
106.0
148.0
229.0
244.0
710.5
148.0
116.5
140.5
175.0
46.0
125.5
215.5
161.5
334.0
184.0
547.0
359.5
187.0
337.0
236.5
277.0
127.0
289.0
448.0
95.5
256.0
176.5
409.0
205.0
389.5
506.5
83.5
328.0
191.5
217.0
79.0
308.5
242.5
250.0
364.0
89.5
119.5
244.0
623.5
56.5
391.0
265.0
298.0
280.0
139.0
277.0
193.0
251.5
136.0
202.0
175.0
85.0
173.5
353.5
229.0
463.0
466.0
713.5
268.0
434.5
10.0
224.5
241.0
758.5
200.5
104.5
328.0
106.0
580.0
439.0
172.0
299.5
223.0
527.5
128.5
146.5
77.5
187.0
371.5
142.0
61.0
137.5
176.5
148.0
133.0
404.5
371.5
497.5
29.5
172.0
182.5
302.5
133.0
176.5
131.5
94.0
157.0
47.5
364.0
173.5
613.0
308.5
683.5
88.0
53.5
181.0
385.0
236.5
250.0
89.5
166.0
143.5
488.5
290.5
173.5
292.0
125.5
325.0
148.0
299.5
314.5
260.5
163.0
23.5
275.5
335.5
104.5
227.5
214.0
127.0
389.5
434.5
457.0
344.5
359.5
467.5
331.0
152.5
274.0
481.0
19.0
569.5
551.5
104.5
310.0
484.0
283.0
133.0
194.5
38.5
344.5
203.5
244.0
157.0
382.0
235.0
235.0
119.5
311.5
19.0
200.5
226.0
31.0
655.0
335.5
658.0
137.5
287.5
169.0
127.0
376.0
493.0
728.5
232.0
604.0
434.5
149.5
158.5
308.5
382.0
377.5
184.0
85.0
107.5
118.0
440.5
163.0
268.0
703.0
65.5
194.5
377.5
131.5
385.0
46.0
61.0
272.5
190.0
731.5
100.0
230.5
199.0
74.5
232.0
311.5
236.5
157.0
185.5
125.5
572.5
263.5
203.5
53.5
289.0
637.0
173.5
70.0
752.5
208.0
727.0
49.0
137.5
439.0
203.5
55.0
493.0
364.0
427.0
136.0
269.5
92.5
488.5
362.5
202.0
53.5
425.5
154.0
146.5
142.0
152.5
406.0
172.0
67.0
476.5
85.0
55.0
11.5
53.5
130.0
211.0
583.0
133.0
143.5
299.5
199.0
73.0
242.5
266.5
562.0
488.5
634.0
260.5
322.0
497.5
317.5
226.0
320.5
283.0
64.0
293.5
211.0
286.0
37.0
208.0
293.5
278.5
391.0
493.0
185.5
352.0
419.5
395.5
290.5
164.5
349.0
154.0
212.5
323.5
230.5
545.5
377.5
181.0
301.0
400.0
338.5
551.5
161.5
587.5
209.5
170.5
91.0
119.5
391.0
265.0
130.0
115.0
131.5
128.5
136.0
217.0
40.0
208.0
70.0
631.0
239.5
212.5
190.0
277.0
98.5
376.0
97.0
170.5
437.5
455.5
727.0
188.5
247.0
71.5
71.5
568.0
106.0
271.0
653.5
302.5
193.0
659.5
127.0
284.5
157.0
389.5
196.0
8.5
55.0
446.5
127.0
53.5
124.0
215.5
155.5
91.0
137.5
202.0
83.5
316.0
215.5
232.0
620.5
176.5
349.0
328.0
91.0
263.5
875.5
562.0
178.0
508.0
334.0
365.5
331.0
275.5
512.5
464.5
269.5
154.0
476.5
212.5
389.5
404.5
95.5
215.5
101.5
37.0
412.0
215.5
224.5
140.5
439.0
194.5
209.5
184.0
347.5
98.5
281.5
58.0
347.5
353.5
199.0
166.0
311.5
263.5
170.5
182.5
173.5
101.5
98.5
55.0
281.5
613.0
298.0
179.5
29.5
449.5
440.5
374.5
338.5
131.5
172.0
217.0
278.5
241.0
287.5
314.5
308.5
197.5
148.0
236.5
220.0
728.5
35.5
236.5
368.5
328.0
263.5
266.5
127.0
113.5
188.5
178.0
376.0
691.0
317.5
130.0
200.5
541.0
646.0
233.5
239.5
206.5
314.5
169.0
280.0
406.0
604.0
551.5
481.0
104.5
380.5
229.0
82.0
94.0
334.0
148.0
251.5
581.5
160.0
286.0
283.0
215.5
328.0
305.5
511.0
734.5
524.5
413.5
115.0
602.5
119.5
301.0
311.5
188.5
163.0
143.5
124.0
131.5
77.5
280.0
586.0
167.5
248.5
215.5
332.5
356.5
389.5
455.5
250.0
260.5
217.0
151.0
122.5
113.5
155.5
697.0
74.5
467.5
182.5
727.0
172.0
467.5
124.0
589.0
487.0
242.5
283.0
56.5
413.5
452.5
436.0
194.5
380.5
395.5
251.5
241.0
130.0
371.5
247.0
457.0
104.5
94.0
278.5
82.0
182.5
275.5
241.0
883.0
179.5
823.0
292.0
277.0
344.5
773.5
584.5
497.5
269.5
202.0
287.5
253.0
295.0
112.0
457.0
191.5
121.0
203.5
139.0
313.0
133.0
352.0
190.0
286.0
335.5
583.0
128.5
106.0
136.0
271.0
269.5
154.0
83.5
499.0
86.5
170.5
173.5
145.0
109.0
326.5
551.5
140.5
590.5
202.0
442.0
284.5
380.5
758.5
236.5
259.0
116.5
104.5
449.5
229.0
439.0
202.0
134.5
218.5
262.0
484.0
145.0
161.5
790.0
326.5
125.5
706.0
236.5
425.5
146.5
197.5
430.0
83.5
347.5
323.5
650.5
79.0
254.5
301.0
442.0
515.5
263.5
109.0
214.0
418.0
313.0
277.0
104.5
308.5
338.5
341.5
217.0
251.5
329.5
170.5
166.0
130.0
550.0
242.5
148.0
587.5
187.0
268.0
335.5
154.0
653.5
364.0
824.5
206.5
218.5
302.5
98.5
119.5
397.0
175.0
457.0
373.0
283.0
428.5
203.5
592.0
176.5
319.0
349.0
308.5
247.0
68.5
193.0
455.5
721.0
353.5
677.5
331.0
103.0
179.5
203.5
425.5
130.0
346.0
385.0
131.5
181.0
191.5
638.5
676.0
280.0
313.0
224.5
262.0
109.0
143.5
73.0
236.5
263.5
271.0
298.0
232.0
77.5
248.5
92.5
298.0
217.0
22.0
251.5
146.5
130.0
325.0
274.0
283.0
667.0
296.5
245.5
86.5
355.0
455.5
323.5
104.5
332.5
524.5
466.0
875.5
145.0
176.5
758.5
404.5
202.0
529.0
76.0
206.5
262.0
113.5
44.5
131.5
199.0
244.0
481.0
331.0
125.5
343.0
262.0
263.5
136.0
125.5
97.0
50.5
478.0
176.5
109.0
287.5
38.5
71.5
239.5
299.5
452.5
232.0
98.5
26.5
253.0
317.5
305.5
29.5
236.5
124.0
379.0
539.5
67.0
512.5
377.5
185.5
71.5
196.0
430.0
121.0
452.5
421.0
677.5
257.5
310.0
302.5
235.0
251.5
518.5
332.5
251.5
380.5
154.0
361.0
241.0
148.0
70.0
370.0
203.5
157.0
283.0
284.5
272.5
521.5
400.0
121.0
241.0
206.5
152.5
625.0
130.0
170.5
107.5
520.0
121.0
50.5
434.5
248.5
295.0
908.5
289.0
164.5
302.5
199.0
452.5
38.5
511.0
101.5
146.5
211.0
337.0
53.5
298.0
275.5
455.5
218.5
32.5
152.5
158.5
896.5
623.5
35.5
310.0
188.5
220.0
301.0
208.0
596.5
532.0
301.0
244.0
188.5
121.0
281.5
128.5
37.0
626.5
92.5
227.5
238.0
490.0
302.5
175.0
200.5
370.0
118.0
206.5
82.0
31.0
256.0
209.5
248.5
193.0
191.5
401.5
506.5
644.5
286.0
437.5
206.5
137.5
421.0
568.0
217.0
299.5
76.0
226.0
52.0
157.0
263.5
340.0
772.0
137.5
448.0
127.0
121.0
707.5
157.0
68.5
766.0
167.5
239.5
317.5
356.5
110.5
304.0
175.0
533.5
491.5
344.5
215.5
463.0
133.0
404.5
205.0
161.5
701.5
151.0
232.0
544.0
149.5
106.0
268.0
491.5
107.5
122.5
508.0
124.0
416.5
565.0
40.0
301.0
631.0
193.0
187.0
943.0
119.5
82.0
244.0
215.5
134.5
38.5
356.5
328.0
166.0
181.0
115.0
325.0
269.5
125.5
178.0
74.5
68.5
260.5
578.5
295.0
104.5
263.5
338.5
298.0
20.5
35.5
329.5
539.5
79.0
430.0
103.0
503.5
184.0
313.0
205.0
326.5
428.5
172.0
538.0
143.5
118.0
590.5
362.5
485.5
346.0
124.0
578.5
160.0
176.5
259.0
284.5
122.5
173.5
259.0
157.0
86.5
119.5
80.5
148.0
629.5
19.0
223.0
418.0
430.0
200.5
157.0
82.0
245.5
400.0
265.0
155.5
313.0
490.0
193.0
328.0
473.5
158.5
512.5
202.0
145.0
572.5
184.0
208.0
253.0
382.0
353.5
215.5
484.0
694.0
70.0
217.0
100.0
55.0
50.5
343.0
389.5
104.5
329.5
268.0
521.5
287.5
373.0
328.0
278.5
412.0
364.0
82.0
25.0
41.5
152.5
413.5
242.5
350.5
187.0
10.0
377.5
140.5
211.0
212.5
569.5
82.0
562.0
617.5
214.0
217.0
455.5
478.0
197.5
274.0
178.0
232.0
196.0
311.5
364.0
256.0
173.5
4.0
302.5
118.0
128.5
233.5
248.5
106.0
268.0
130.0
401.5
239.5
145.0
377.5
218.5
254.5
187.0
502.0
143.5
122.5
94.0
74.5
184.0
514.0
107.5
233.5
499.0
109.0
568.0
161.5
274.0
305.5
721.0
548.5
505.0
215.5
262.0
338.5
271.0
128.5
572.5
269.5
508.0
305.5
332.5
169.0
277.0
173.5
631.0
301.0
140.5
343.0
139.0
142.0
238.0
610.0
313.0
227.5
200.5
386.5
530.5
184.0
82.0
211.0
359.5
50.5
265.0
257.5
118.0
344.5
293.5
425.5
229.0
674.5
205.0
181.0
253.0
25.0
179.5
11.5
767.5
781.0
170.5
38.5
214.0
55.0
305.5
233.5
146.5
121.0
53.5
73.0
472.0
227.5
85.0
29.5
385.0
221.5
122.5
130.0
182.5
551.5
182.5
130.0
488.5
250.0
343.0
175.0
515.5
95.5
172.0
196.0
95.5
616.0
269.5
391.0
85.0
542.5
142.0
209.5
380.5
196.0
251.5
508.0
292.0
391.0
344.5
128.5
134.5
109.0
260.5
302.5
206.5
44.5
167.5
172.0
161.5
400.0
322.0
83.5
343.0
131.5
508.0
152.5
260.5
239.5
241.0
292.0
269.5
253.0
254.5
227.5
116.5
374.5
62.5
130.0
74.5
439.0
452.5
152.5
208.0
394.0
640.0
256.0
52.0
272.5
460.0
529.0
404.5
121.0
43.0
211.0
230.5
502.0
217.0
289.0
260.5
89.5
311.5
302.5
566.5
157.0
52.0
94.0
308.5
173.5
619.0
494.5
551.5
575.5
434.5
188.5
188.5
179.5
662.5
131.5
268.0
148.0
427.0
272.5
292.0
416.5
142.0
85.0
305.5
481.0
469.0
173.5
299.5
209.5
139.0
86.5
143.5
188.5
308.5
334.0
692.5
778.0
136.0
436.0
317.5
326.5
250.0
131.5
631.0
158.5
484.0
143.5
542.5
239.5
511.0
41.5
196.0
58.0
226.0
245.5
263.5
175.0
238.0
395.5
736.0
263.5
106.0
191.5
121.0
917.5
313.0
125.5
386.5
377.5
349.0
67.0
20.5
76.0
199.0
301.0
257.5
128.5
197.5
127.0
322.0
182.5
136.0
265.0
350.5
214.0
184.0
152.5
758.5
256.0
383.5
119.5
20.5
64.0
134.5
74.5
590.5
421.0
247.0
248.5
286.0
223.0
272.5
268.0
122.5
563.5
194.5
164.5
250.0
232.0
308.5
299.5
322.0
208.0
224.5
280.0
154.0
95.5
194.5
160.0
292.0
182.5
227.5
404.5
232.0
322.0
130.0
731.5
58.0
143.5
95.5
257.5
628.0
368.5
238.0
107.5
275.5
347.5
58.0
316.0
512.5
32.5
133.0
427.0
152.5
65.5
301.0
236.5
376.0
53.5
427.0
59.5
376.0
256.0
85.0
95.5
214.0
275.5
329.5
152.5
124.0
298.0
235.0
197.5
932.5
119.5
226.0
107.5
68.5
131.5
374.5
250.0
167.5
55.0
413.5
251.5
658.0
407.5
298.0
322.0
230.5
145.0
266.5
76.0
233.5
356.5
196.0
32.5
241.0
269.5
245.5
175.0
218.5
529.0
245.5
158.5
278.5
380.5
118.0
166.0
262.0
682.0
358.0
521.5
185.5
188.5
41.5
236.5
257.5
427.0
178.0
394.0
415.0
100.0
224.5
230.5
52.0
145.0
247.0
187.0
172.0
358.0
125.5
476.5
344.5
662.5
113.5
656.5
175.0
296.5
424.0
397.0
190.0
215.5
490.0
422.5
143.5
128.5
379.0
251.5
161.5
85.0
53.5
260.5
236.5
400.0
244.0
62.5
241.0
320.5
232.0
623.5
248.5
214.0
397.0
211.0
344.5
221.5
587.5
106.0
98.5
154.0
379.0
131.5
551.5
413.5
121.0
164.5
29.5
197.5
349.0
133.0
232.0
136.0
241.0
431.5
193.0
53.5
331.0
164.5
350.5
185.5
389.5
526.0
445.0
185.5
83.5
16.0
112.0
242.5
740.5
356.5
172.0
533.5
140.5
172.0
140.5
157.0
304.0
410.5
481.0
215.5
260.5
94.0
143.5
211.0
616.0
103.0
325.0
536.5
616.0
163.0
436.0
352.0
301.0
224.5
416.5
230.5
386.5
340.0
310.0
82.0
200.5
416.5
143.5
73.0
430.0
196.0
94.0
379.0
587.5
547.0
359.5
598.0
439.0
385.0
127.0
209.5
620.5
167.5
154.0
34.0
229.0
74.5
161.5
403.0
205.0
116.5
422.5
409.0
301.0
229.0
365.5
365.5
47.5
137.5
203.5
58.0
379.0
388.0
67.0
436.0
326.5
358.0
244.0
121.0
176.5
617.5
320.5
266.5
77.5
220.0
161.5
176.5
88.0
139.0
464.5
598.0
82.0
328.0
109.0
322.0
308.5
62.5
170.5
616.0
163.0
334.0
115.0
257.5
92.5
172.0
406.0
335.5
136.0
239.5
296.5
190.0
316.0
226.0
535.0
440.5
226.0
523.0
295.0
65.5
140.5
469.0
421.0
419.5
790.0
133.0
107.5
707.5
554.5
169.0
199.0
127.0
65.5
191.5
77.5
169.0
253.0
106.0
83.5
280.0
58.0
185.5
335.5
209.5
83.5
151.0
163.0
145.0
322.0
271.0
295.0
220.0
145.0
130.0
191.5
29.5
434.5
406.0
463.0
115.0
148.0
88.0
239.5
464.5
283.0
364.0
185.5
374.5
184.0
149.5
173.5
59.5
148.0
232.0
410.5
383.5
211.0
182.5
454.0
149.5
190.0
811.0
215.5
406.0
404.5
160.0
158.5
164.5
539.5
226.0
107.5
359.5
544.0
680.5
197.5
223.0
116.5
280.0
310.0
347.5
80.5
349.0
233.5
275.5
149.5
407.5
145.0
398.5
232.0
502.0
620.5
46.0
92.5
400.0
154.0
148.0
172.0
337.0
142.0
478.0
142.0
74.5
77.5
125.5
26.5
79.0
106.0
178.0
158.5
511.0
526.0
155.5
154.0
143.5
344.5
247.0
650.5
218.5
389.5
311.5
173.5
437.5
439.0
298.0
380.5
254.5
167.5
311.5
115.0
172.0
298.0
434.5
209.5
176.5
154.0
91.0
250.0
322.0
220.0
106.0
175.0
308.5
739.0
950.5
415.0
227.5
482.5
278.5
590.5
356.5
128.5
158.5
334.0
121.0
254.5
122.5
491.5
340.0
361.0
197.5
61.0
340.0
401.5
215.5
205.0
284.5
311.5
131.5
233.5
739.0
145.0
82.0
278.5
110.5
94.0
202.0
241.0
665.5
353.5
118.0
334.0
361.0
128.5
134.5
442.0
305.5
257.5
161.5
314.5
139.0
136.0
194.5
188.5
664.0
316.0
59.5
47.5
397.0
80.5
251.5
416.5
215.5
223.0
371.5
97.0
64.0
157.0
373.0
113.5
302.5
95.5
233.5
334.0
385.0
248.5
646.0
151.0
277.0
563.5
208.0
332.5
163.0
536.5
140.5
260.5
424.0
343.0
79.0
148.0
790.0
254.5
436.0
161.5
379.0
43.0
139.0
106.0
124.0
500.5
598.0
268.0
625.0
590.5
925.0
85.0
332.5
253.0
821.5
262.0
131.5
322.0
338.5
194.5
113.5
136.0
794.5
368.5
202.0
362.5
436.0
601.0
221.5
665.5
355.0
49.0
727.0
430.0
221.5
520.0
79.0
89.5
227.5
113.5
146.5
293.5
188.5
707.5
353.5
398.5
46.0
215.5
635.5
301.0
323.5
76.0
458.5
260.5
230.5
341.5
266.5
658.0
203.5
229.0
271.0
235.0
172.0
379.0
79.0
118.0
119.5
263.5
403.0
70.0
77.5
223.0
289.0
142.0
35.5
214.0
712.0
184.0
718.0
79.0
371.5
266.5
218.5
218.5
76.0
98.5
334.0
133.0
86.5
262.0
275.5
55.0
193.0
359.5
161.5
173.5
493.0
458.5
89.5
787.0
283.0
344.5
119.5
175.0
34.0
487.0
227.5
352.0
488.5
187.0
379.0
194.5
382.0
502.0
101.5
241.0
332.5
320.5
215.5
322.0
134.5
257.5
262.0
266.5
478.0
250.0
250.0
761.5
176.5
388.0
490.0
196.0
122.5
1012.0
296.5
149.5
133.0
323.5
223.0
316.0
236.5
431.5
593.5
470.5
388.0
578.5
524.5
556.0
199.0
397.0
302.5
136.0
550.0
559.0
262.0
86.5
199.0
583.0
503.5
281.5
328.0
749.5
188.5
26.5
385.0
292.0
272.5
34.0
236.5
412.0
164.5
139.0
173.5
325.0
91.0
397.0
158.5
82.0
185.5
340.0
127.0
439.0
415.0
454.0
742.0
331.0
418.0
395.5
214.0
103.0
658.0
323.5
449.5
334.0
761.5
139.0
620.5
427.0
124.0
280.0
283.0
376.0
305.5
293.5
427.0
124.0
266.5
73.0
347.5
545.5
269.5
376.0
73.0
359.5
287.5
64.0
179.5
157.0
310.0
13.0
610.0
76.0
107.5
259.0
560.5
125.5
149.5
190.0
344.5
395.5
251.5
494.5
196.0
388.0
74.5
437.5
82.0
172.0
59.5
343.0
260.5
196.0
406.0
275.5
473.5
263.5
41.5
73.0
268.0
490.0
391.0
143.5
185.5
511.0
418.0
89.5
194.5
55.0
136.0
355.0
53.5
178.0
596.5
515.5
121.0
145.0
70.0
74.5
206.5
455.5
277.0
278.5
334.0
79.0
343.0
239.5
155.5
250.0
151.0
259.0
256.0
254.5
133.0
122.5
370.0
281.5
257.5
8.5
151.0
125.5
85.0
238.0
124.0
200.5
64.0
211.0
145.0
157.0
98.5
683.5
377.5
115.0
154.0
331.0
209.5
527.5
182.5
245.5
652.0
191.5
89.5
59.5
145.0
188.5
365.5
109.0
442.0
547.0
271.0
556.0
113.5
92.5
290.5
658.0
496.0
260.5
116.5
313.0
236.5
203.5
410.5
176.5
169.0
199.0
532.0
326.5
136.0
259.0
74.5
61.0
178.0
142.0
241.0
388.0
482.5
37.0
89.5
164.5
152.5
191.5
92.5
88.0
232.0
217.0
149.5
326.5
14.5
692.5
71.5
302.5
316.0
409.0
257.5
175.0
130.0
191.5
194.5
239.5
277.0
331.0
160.0
289.0
319.0
317.5
67.0
241.0
532.0
242.5
184.0
97.0
578.5
253.0
307.0
127.0
215.5
157.0
334.0
401.5
139.0
148.0
133.0
104.5
53.5
125.5
374.5
683.5
50.5
166.0
296.5
121.0
133.0
325.0
236.5
314.5
490.0
113.5
116.5
244.0
379.0
202.0
328.0
166.0
59.5
77.5
107.5
362.5
422.5
76.0
400.0
80.5
58.0
158.5
148.0
502.0
185.5
584.5
244.0
400.0
112.0
245.5
158.5
316.0
248.5
53.5
196.0
325.0
47.5
430.0
424.0
448.0
82.0
335.5
286.0
290.5
323.5
268.0
160.0
166.0
244.0
239.5
269.5
493.0
460.0
356.5
259.0
334.0
281.5
116.5
32.5
362.5
170.5
68.5
40.0
65.5
70.0
338.5
236.5
964.0
176.5
164.5
235.0
166.0
35.5
370.0
578.5
170.5
253.0
95.5
493.0
190.0
67.0
311.5
386.5
241.0
377.5
482.5
559.0
227.5
151.0
538.0
170.5
422.5
37.0
568.0
212.5
226.0
319.0
223.0
116.5
250.0
145.0
251.5
701.5
347.5
91.0
326.5
502.0
233.5
343.0
245.5
194.5
314.5
155.5
701.5
235.0
403.0
23.5
265.0
209.5
337.0
26.5
485.5
407.5
167.5
308.5
688.0
182.5
514.0
553.0
155.5
277.0
656.5
424.0
803.5
517.0
271.0
245.5
136.0
208.0
176.5
100.0
181.0
259.0
431.5
53.5
365.5
493.0
685.0
47.5
458.5
314.5
157.0
113.5
143.5
155.5
125.5
322.0
286.0
334.0
334.0
416.5
202.0
115.0
70.0
379.0
92.5
200.5
196.0
155.5
362.5
67.0
67.0
719.5
301.0
161.5
158.5
370.0
392.5
40.0
562.0
419.5
58.0
244.0
115.0
376.0
29.5
451.0
163.0
475.0
89.5
382.0
463.0
182.5
440.5
125.5
376.0
116.5
197.5
85.0
539.5
352.0
32.5
118.0
209.5
71.5
415.0
253.0
112.0
74.5
458.5
191.5
287.5
221.5
82.0
512.5
185.5
326.5
610.0
271.0
383.5
161.5
319.0
242.5
311.5
94.0
517.0
277.0
194.5
431.5
370.0
568.0
271.0
115.0
149.5
143.5
154.0
155.5
53.5
211.0
545.5
92.5
211.0
200.5
323.5
277.0
212.5
326.5
206.5
106.0
181.0
149.5
29.5
23.5
398.5
145.0
101.5
152.5
229.0
148.0
299.5
203.5
43.0
475.0
358.0
103.0
101.5
140.5
581.5
76.0
338.5
361.0
682.0
325.0
109.0
212.5
427.0
292.0
484.0
179.5
374.5
304.0
325.0
856.0
193.0
236.5
353.5
238.0
508.0
547.0
559.0
733.0
209.5
205.0
313.0
176.5
190.0
352.0
77.5
263.5
179.5
122.5
263.5
155.5
349.0
706.0
256.0
548.5
179.5
211.0
146.5
266.5
275.5
323.5
110.5
299.5
479.5
493.0
368.5
131.5
101.5
89.5
229.0
362.5
254.5
619.0
269.5
478.0
307.0
433.0
155.5
268.0
395.5
220.0
311.5
179.5
223.0
463.0
239.5
109.0
248.5
319.0
289.0
146.5
236.5
215.5
508.0
241.0
146.5
448.0
265.0
59.5
215.5
175.0
118.0
67.0
455.5
301.0
400.0
271.0
127.0
709.0
61.0
406.0
448.0
577.0
146.5
272.5
364.0
323.5
13.0
644.5
310.0
194.5
305.5
325.0
173.5
307.0
980.5
224.5
301.0
152.5
149.5
320.5
98.5
76.0
424.0
335.5
251.5
