151.0
535.0
388.0
70.0
698.5
532.0
526.0
914.5
677.5
184.0
437.5
859.0
842.5
994.0
142.0
641.5
226.0
350.5
721.0
335.5
100.0
665.5
64.0
595.0
278.5
511.0
155.5
671.5
107.5
479.5
595.0
386.5
386.5
190.0
563.5
974.5
148.0
689.5
329.5
256.0
395.5
907.0
505.0
61.0
857.5
593.5
347.5
554.5
101.5
199.0
212.5
220.0
268.0
511.0
74.5
400.0
841.0
301.0
1237.0
788.5
686.5
500.5
302.5
767.5
127.0
284.5
1003.0
860.5
724.0
1016.5
1003.0
1016.5
694.0
289.0
218.5
367.0
173.5
106.0
767.5
968.5
1160.5
923.5
700.0
1090.0
1084.0
656.5
92.5
593.5
289.0
557.5
575.5
758.5
1055.5
241.0
917.5
520.0
187.0
715.0
506.5
502.0
878.5
836.5
158.5
1078.0
445.0
782.5
422.5
851.5
299.5
79.0
365.5
680.5
217.0
764.5
662.5
1153.0
1058.5
811.0
616.0
700.0
197.5
233.5
463.0
836.5
161.5
850.0
700.0
128.5
133.0
457.0
488.5
518.5
797.5
623.5
374.5
1000.0
710.5
184.0
664.0
236.5
460.0
401.5
259.0
152.5
775.0
1159.0
214.0
155.5
772.0
77.5
704.5
959.5
38.5
673.0
697.0
245.5
1064.5
982.0
368.5
428.5
217.0
89.5
671.5
385.0
749.5
638.5
160.0
547.0
1174.0
631.0
581.5
634.0
41.5
457.0
568.0
419.5
731.5
1055.5
212.5
457.0
628.0
394.0
400.0
553.0
415.0
97.0
419.5
539.5
794.5
491.5
764.5
880.0
121.0
91.0
368.5
917.5
473.5
695.5
251.5
863.5
560.5
907.0
166.0
341.5
643.0
452.5
638.5
68.5
400.0
659.5
1165.0
971.5
334.0
752.5
377.5
457.0
1121.5
482.5
91.0
1211.5
400.0
262.0
580.0
164.5
422.5
332.5
455.5
625.0
403.0
778.0
140.5
551.5
752.5
320.5
367.0
716.5
835.0
602.5
157.0
95.5
241.0
970.0
275.5
592.0
241.0
337.0
418.0
298.0
749.5
1078.0
1177.0
929.5
419.5
77.5
797.5
137.5
223.0
331.0
397.0
605.5
536.5
758.5
497.5
70.0
151.0
488.5
751.0
278.5
604.0
493.0
430.0
421.0
830.5
745.0
425.5
643.0
1132.0
959.5
944.5
421.0
451.0
910.0
1096.0
158.5
118.0
269.5
239.5
931.0
986.5
673.0
850.0
581.5
956.5
491.5
641.5
190.0
161.5
274.0
209.5
371.5
439.0
380.5
1165.0
587.5
901.0
424.0
859.0
811.0
677.5
358.0
539.5
616.0
551.5
452.5
466.0
793.0
601.0
734.5
266.5
479.5
464.5
343.0
419.5
527.5
349.0
1048.0
1037.5
236.5
436.0
281.5
466.0
863.5
755.5
926.5
595.0
242.5
547.0
635.5
1202.5
569.5
533.5
712.0
1189.0
109.0
871.0
244.0
121.0
202.0
193.0
980.5
611.5
167.5
398.5
713.5
1214.5
296.5
808.0
620.5
785.5
217.0
517.0
872.5
557.5
385.0
821.5
229.0
274.0
1174.0
511.0
317.5
797.5
935.5
862.0
353.5
563.5
1015.0
976.0
515.5
212.5
262.0
782.5
364.0
401.5
244.0
226.0
818.5
55.0
244.0
668.5
934.0
694.0
1034.5
883.0
1070.5
1148.5
157.0
902.5
1085.5
814.0
1121.5
1079.5
569.5
263.5
485.5
533.5
131.5
991.0
1079.5
1201.0
611.5
1043.5
76.0
1043.5
268.0
509.5
182.5
278.5
965.5
1109.5
155.5
970.0
497.5
745.0
928.0
823.0
278.5
224.5
176.5
899.5
889.0
533.5
356.5
550.0
76.0
221.5
739.0
946.0
610.0
298.0
395.5
346.0
787.0
536.5
40.0
382.0
485.5
382.0
748.0
694.0
349.0
242.5
350.5
50.5
950.5
689.5
959.5
1018.0
280.0
608.5
122.5
502.0
766.0
950.5
548.5
1000.0
773.5
227.5
592.0
74.5
704.5
427.0
815.5
643.0
1097.5
961.0
491.5
755.5
511.0
13.0
290.5
382.0
791.5
431.5
581.5
163.0
868.0
250.0
554.5
334.0
203.5
266.5
202.0
260.5
677.5
191.5
104.5
316.0
182.5
452.5
476.5
767.5
734.5
944.5
196.0
410.5
625.0
295.0
182.5
598.0
805.0
745.0
287.5
145.0
839.5
985.0
73.0
338.5
131.5
370.0
562.0
328.0
272.5
304.0
257.5
440.5
41.5
704.5
761.5
332.5
701.5
299.5
331.0
985.0
976.0
673.0
664.0
566.5
208.0
1064.5
404.5
625.0
592.0
1121.5
455.5
386.5
568.0
190.0
566.5
800.5
131.5
103.0
1015.0
1073.5
211.0
140.5
104.5
869.5
752.5
334.0
614.5
836.5
695.5
847.0
680.5
451.0
49.0
502.0
817.0
724.0
770.5
1123.0
569.5
721.0
718.0
484.0
589.0
946.0
868.0
314.5
694.0
197.5
118.0
454.0
644.5
196.0
179.5
368.5
374.5
961.0
629.5
292.0
845.5
215.5
649.0
601.0
568.0
362.5
455.5
293.5
466.0
358.0
952.0
593.5
925.0
919.0
319.0
856.0
701.5
706.0
598.0
589.0
113.5
832.0
1141.0
370.0
850.0
341.5
1037.5
791.5
421.0
197.5
635.5
883.0
347.5
238.0
173.5
320.5
1051.0
241.0
227.5
443.5
1039.0
838.0
490.0
779.5
73.0
545.5
871.0
784.0
215.5
812.5
404.5
424.0
799.0
436.0
371.5
482.5
140.5
934.0
253.0
907.0
280.0
817.0
392.5
640.0
349.0
1079.5
1108.0
907.0
1046.5
623.5
427.0
383.5
98.5
976.0
1225.0
316.0
397.0
764.5
338.5
383.5
755.5
533.5
737.5
499.0
397.0
643.0
770.5
241.0
388.0
598.0
214.0
229.0
407.5
964.0
685.0
664.0
425.5
785.5
904.0
1256.5
466.0
371.5
701.5
914.5
737.5
710.5
505.0
1085.5
949.0
431.5
563.5
608.5
1114.0
586.0
623.5
550.0
1240.0
833.5
665.5
859.0
160.0
733.0
523.0
1019.5
727.0
871.0
316.0
622.0
662.5
715.0
494.5
977.5
56.5
502.0
781.0
379.0
440.5
59.5
283.0
394.0
749.5
473.5
1025.5
394.0
403.0
769.0
365.5
1027.0
263.5
478.0
697.0
620.5
308.5
316.0
932.5
346.0
469.0
623.5
346.0
856.0
206.5
517.0
196.0
710.5
197.5
674.5
232.0
224.5
280.0
382.0
281.5
787.0
338.5
382.0
445.0
245.5
166.0
572.5
436.0
788.5
502.0
410.5
632.5
244.0
259.0
71.5
874.0
143.5
200.5
853.0
188.5
208.0
932.5
545.5
214.0
634.0
880.0
175.0
647.5
403.0
236.5
440.5
614.5
632.5
863.5
208.0
904.0
713.5
1186.0
1171.0
455.5
433.0
866.5
670.0
746.5
437.5
1039.0
518.5
766.0
914.5
1177.0
976.0
769.0
52.0
268.0
1046.5
220.0
53.5
328.0
163.0
853.0
641.5
739.0
91.0
421.0
1060.0
782.5
236.5
343.0
317.5
113.5
473.5
209.5
502.0
472.0
1220.5
190.0
643.0
890.5
221.5
448.0
395.5
679.0
478.0
112.0
862.0
518.5
443.5
554.5
880.0
368.5
185.5
437.5
640.0
208.0
334.0
295.0
812.5
622.0
991.0
532.0
308.5
959.5
988.0
802.0
431.5
824.5
349.0
857.5
1115.5
701.5
712.0
467.5
550.0
434.5
740.5
590.5
443.5
790.0
107.5
317.5
637.0
608.5
298.0
283.0
382.0
472.0
680.5
721.0
268.0
296.5
221.5
656.5
412.0
286.0
17.5
764.5
467.5
838.0
745.0
665.5
250.0
826.0
77.5
662.5
1037.5
1001.5
176.5
203.5
677.5
830.5
575.5
550.0
284.5
209.5
202.0
952.0
425.5
583.0
433.0
415.0
872.5
610.0
455.5
287.5
949.0
431.5
514.0
181.0
325.0
356.5
776.5
1198.0
773.5
530.5
1093.0
290.5
476.5
676.0
473.5
563.5
446.5
1049.5
359.5
626.5
602.5
314.5
260.5
772.0
998.5
619.0
545.5
323.5
218.5
476.5
446.5
1012.0
301.0
329.5
92.5
583.0
86.5
338.5
736.0
902.5
182.5
350.5
955.0
89.5
139.0
82.0
449.5
74.5
469.0
181.0
344.5
350.5
367.0
223.0
262.0
331.0
148.0
155.5
287.5
133.0
751.0
223.0
577.0
394.0
401.5
425.5
355.0
862.0
680.5
1172.5
811.0
376.0
380.5
194.5
350.5
116.5
877.0
376.0
709.0
343.0
619.0
455.5
367.0
293.5
527.5
1043.5
436.0
616.0
254.5
310.0
299.5
302.5
76.0
332.5
392.5
730.0
218.5
1067.5
904.0
337.0
128.5
67.0
497.5
320.5
100.0
227.5
440.5
574.0
202.0
218.5
689.5
743.5
455.5
737.5
815.5
496.0
767.5
862.0
319.0
925.0
557.5
379.0
797.5
515.5
727.0
905.5
472.0
698.5
593.5
400.0
605.5
386.5
91.0
602.5
520.0
215.5
664.0
533.5
181.0
439.0
365.5
319.0
1054.0
1004.5
599.5
320.5
989.5
832.0
665.5
187.0
533.5
491.5
355.0
739.0
809.5
742.0
277.0
280.0
109.0
295.0
521.5
146.5
317.5
887.5
733.0
641.5
230.5
217.0
575.5
229.0
520.0
643.0
467.5
1015.0
464.5
469.0
1103.5
1043.5
884.5
191.5
406.0
304.0
1030.0
659.5
430.0
259.0
794.5
575.5
956.5
242.5
706.0
1151.5
625.0
412.0
809.5
847.0
535.0
940.0
497.5
244.0
205.0
388.0
262.0
238.0
460.0
626.5
521.5
727.0
1043.5
581.5
968.5
262.0
335.5
440.5
646.0
589.0
581.5
130.0
235.0
1006.0
1172.5
761.5
506.5
754.0
380.5
289.0
224.5
239.5
472.0
293.5
124.0
233.5
778.0
565.0
230.5
721.0
167.5
320.5
134.5
527.5
653.5
967.0
151.0
71.5
263.5
713.5
542.5
376.0
290.5
833.5
203.5
719.5
635.5
884.5
907.0
677.5
499.0
415.0
553.0
194.5
472.0
125.5
644.5
181.0
596.5
464.5
554.5
739.0
739.0
187.0
641.5
196.0
1043.5
445.0
890.5
674.5
425.5
83.5
347.5
1033.0
907.0
224.5
916.0
178.0
728.5
479.5
1070.5
308.5
277.0
266.5
685.0
488.5
857.5
1118.5
1102.0
236.5
631.0
815.5
329.5
647.5
340.0
445.0
197.5
385.0
184.0
1075.0
100.0
304.0
644.5
269.5
484.0
313.0
421.0
752.5
244.0
254.5
397.0
929.5
746.5
274.0
650.5
587.5
608.5
370.0
746.5
278.5
596.5
409.0
308.5
461.5
116.5
1079.5
248.5
937.0
817.0
460.0
389.5
526.0
782.5
865.0
1066.0
926.5
904.0
1303.0
337.0
1162.0
686.5
475.0
731.5
251.5
350.5
194.5
250.0
61.0
790.0
358.0
710.5
83.5
457.0
1172.5
673.0
539.5
590.5
239.5
380.5
982.0
287.5
658.0
329.5
308.5
649.0
695.5
1184.5
590.5
110.5
70.0
430.0
506.5
215.5
940.0
689.5
617.5
851.5
245.5
944.5
356.5
334.0
335.5
659.5
757.0
295.0
202.0
533.5
590.5
334.0
355.0
454.0
619.0
22.0
656.5
260.5
272.5
826.0
907.0
556.0
704.5
857.5
122.5
154.0
548.5
227.5
542.5
169.0
764.5
634.0
187.0
272.5
1006.0
461.5
475.0
560.5
550.0
248.5
850.0
388.0
1036.0
304.0
715.0
329.5
998.5
826.0
1075.0
1115.5
613.0
656.5
421.0
764.5
775.0
736.0
620.5
622.0
371.5
235.0
605.5
182.5
551.5
1100.5
730.0
319.0
835.0
434.5
547.0
740.5
275.5
700.0
269.5
868.0
128.5
478.0
466.0
808.0
608.5
179.5
1169.5
619.0
904.0
530.5
479.5
398.5
989.5
743.5
556.0
613.0
871.0
662.5
890.5
340.0
241.0
61.0
325.0
151.0
716.5
1061.5
835.0
515.5
640.0
520.0
88.0
301.0
745.0
292.0
215.5
587.5
245.5
656.5
760.0
583.0
844.0
550.0
1003.0
370.0
635.5
391.0
346.0
212.5
256.0
893.5
527.5
434.5
674.5
647.5
320.5
515.5
265.0
343.0
454.0
271.0
754.0
452.5
230.5
374.5
398.5
241.0
545.5
616.0
644.5
758.5
562.0
182.5
152.5
235.0
271.0
463.0
443.5
175.0
997.0
13.0
1030.0
17.5
295.0
824.5
1027.0
191.5
349.0
166.0
238.0
562.0
842.5
919.0
722.5
415.0
692.5
790.0
905.5
611.5
634.0
184.0
808.0
85.0
1021.0
163.0
481.0
428.5
769.0
818.5
632.5
851.5
1021.0
104.5
200.5
377.5
158.5
952.0
485.5
271.0
41.5
172.0
914.5
446.5
865.0
856.0
191.5
104.5
427.0
55.0
113.5
728.5
1102.0
854.5
332.5
331.0
871.0
1000.0
803.5
55.0
190.0
986.5
664.0
1009.0
752.5
430.0
437.5
443.5
1064.5
223.0
724.0
844.0
790.0
812.5
319.0
395.5
673.0
209.5
215.5
646.0
295.0
178.0
110.5
955.0
467.5
208.0
154.0
1120.0
469.0
433.0
904.0
274.0
164.5
844.0
872.5
847.0
947.5
830.5
251.5
614.5
970.0
890.5
497.5
1118.5
176.5
1010.5
58.0
136.0
664.0
524.5
520.0
227.5
1162.0
161.5
871.0
997.0
1009.0
100.0
677.5
193.0
764.5
544.0
362.5
158.5
185.5
461.5
785.5
269.5
109.0
370.0
724.0
518.5
431.5
386.5
584.5
466.0
376.0
896.5
109.0
352.0
412.0
478.0
155.5
427.0
568.0
139.0
760.0
274.0
560.5
328.0
224.5
355.0
125.5
1099.0
922.0
922.0
554.5
974.5
272.5
163.0
650.5
323.5
662.5
578.5
205.0
173.5
335.5
427.0
1018.0
334.0
55.0
292.0
529.0
833.5
193.0
739.0
457.0
185.5
286.0
196.0
464.5
322.0
1216.0
1034.5
862.0
661.0
706.0
724.0
473.5
1154.5
538.0
86.5
281.5
334.0
190.0
287.5
938.5
323.5
739.0
707.5
572.5
328.0
611.5
311.5
832.0
752.5
1001.5
274.0
974.5
779.5
190.0
739.0
389.5
854.5
452.5
724.0
329.5
340.0
968.5
109.0
530.5
377.5
368.5
1142.5
680.5
539.5
739.0
634.0
535.0
122.5
776.5
269.5
166.0
364.0
94.0
214.0
554.5
983.5
1096.0
313.0
104.5
229.0
770.5
466.0
64.0
791.5
1049.5
566.5
911.5
592.0
1156.0
260.5
628.0
1255.0
1082.5
530.5
1189.0
119.5
248.5
275.5
1181.5
856.0
187.0
221.5
797.5
740.5
484.0
482.5
133.0
364.0
229.0
46.0
970.0
922.0
419.5
362.5
119.5
1192.0
187.0
373.0
272.5
518.5
107.5
554.5
1121.5
484.0
961.0
635.5
883.0
1238.5
970.0
970.0
445.0
400.0
253.0
767.5
949.0
374.5
638.5
868.0
542.5
1273.0
349.0
127.0
283.0
434.5
965.5
995.5
808.0
136.0
655.0
340.0
833.5
164.5
577.0
194.5
548.5
82.0
115.0
635.5
593.5
734.5
179.5
319.0
44.5
247.0
685.0
271.0
985.0
223.0
17.5
145.0
235.0
532.0
839.5
445.0
455.5
1000.0
472.0
187.0
286.0
902.5
857.5
365.5
499.0
1042.0
458.5
1003.0
154.0
352.0
1001.5
1060.0
589.0
388.0
388.0
779.5
805.0
475.0
847.0
865.0
190.0
293.5
167.5
208.0
385.0
379.0
904.0
397.0
935.5
551.5
824.5
437.5
1004.5
431.5
646.0
665.5
1076.5
964.0
175.0
365.5
818.5
800.5
592.0
1099.0
247.0
329.5
685.0
641.5
856.0
718.0
310.0
160.0
584.5
368.5
781.0
508.0
460.0
310.0
1234.0
463.0
680.5
401.5
226.0
179.5
1103.5
149.5
412.0
440.5
356.5
164.5
38.5
437.5
778.0
88.0
451.0
785.5
196.0
221.5
898.0
440.5
748.0
244.0
221.5
1099.0
995.5
401.5
383.5
446.5
548.5
346.0
725.5
215.5
409.0
1018.0
1039.0
112.0
263.5
256.0
869.5
800.5
383.5
739.0
562.0
926.5
164.5
689.5
182.5
730.0
179.5
716.5
239.5
184.0
583.0
476.5
124.0
701.5
347.5
151.0
187.0
350.5
830.5
1177.0
1169.5
889.0
1006.0
134.5
454.0
142.0
302.5
839.5
904.0
386.5
608.5
295.0
484.0
218.5
437.5
107.5
227.5
301.0
836.5
505.0
569.5
404.5
221.5
524.5
1160.5
907.0
349.0
371.5
382.0
713.5
73.0
652.0
371.5
1069.0
682.0
476.5
113.5
782.5
343.0
227.5
647.5
556.0
307.0
149.5
586.0
590.5
319.0
715.0
364.0
248.5
514.0
256.0
932.5
121.0
145.0
1126.0
1165.0
365.5
785.5
83.5
713.5
454.0
992.5
170.5
91.0
536.5
566.5
830.5
583.0
317.5
239.5
110.5
361.0
461.5
637.0
292.0
497.5
881.5
617.5
103.0
980.5
350.5
476.5
262.0
475.0
371.5
838.0
722.5
179.5
328.0
679.0
521.5
391.0
307.0
563.5
283.0
571.0
740.5
247.0
472.0
397.0
464.5
968.5
940.0
508.0
623.5
523.0
569.5
518.5
833.5
659.5
344.5
224.5
235.0
218.5
413.5
362.5
130.0
139.0
334.0
325.0
674.5
1195.0
566.5
401.5
191.5
775.0
224.5
329.5
154.0
232.0
218.5
544.0
622.0
913.0
154.0
241.0
404.5
953.5
142.0
403.0
202.0
310.0
664.0
515.5
428.5
647.5
268.0
449.5
676.0
778.0
280.0
434.5
979.0
1105.0
1069.0
464.5
331.0
812.5
604.0
62.5
538.0
734.5
737.5
1006.0
1016.5
913.0
845.5
592.0
422.5
424.0
500.5
491.5
443.5
197.5
263.5
244.0
196.0
670.0
388.0
146.5
247.0
98.5
286.0
232.0
523.0
337.0
218.5
61.0
943.0
322.0
793.0
460.0
247.0
106.0
272.5
236.5
94.0
154.0
124.0
136.0
884.5
196.0
616.0
1217.5
512.5
901.0
193.0
305.5
617.5
403.0
484.0
215.5
290.5
259.0
536.5
814.0
389.5
236.5
740.5
256.0
445.0
599.5
245.5
655.0
523.0
565.0
302.5
118.0
158.5
737.5
952.0
704.5
482.5
577.0
392.5
310.0
241.0
551.5
208.0
224.5
398.5
227.5
431.5
280.0
599.5
506.5
656.5
406.0
479.5
296.5
1139.5
107.5
131.5
1099.0
562.0
314.5
451.0
881.5
743.5
730.0
397.0
134.5
643.0
904.0
734.5
100.0
682.0
211.0
82.0
221.5
841.0
316.0
454.0
242.5
596.5
473.5
139.0
271.0
619.0
506.5
415.0
289.0
313.0
901.0
562.0
751.0
322.0
361.0
935.5
1066.0
497.5
946.0
688.0
286.0
659.5
302.5
622.0
679.0
329.5
886.0
242.5
983.5
643.0
496.0
337.0
524.5
934.0
524.5
395.5
202.0
242.5
1127.5
332.5
424.0
518.5
583.0
182.5
637.0
838.0
442.0
985.0
448.0
125.5
46.0
223.0
790.0
520.0
191.5
886.0
293.5
496.0
220.0
635.5
149.5
521.5
361.0
322.0
937.0
224.5
455.5
152.5
752.5
1033.0
535.0
272.5
529.0
457.0
518.5
818.5
739.0
896.5
359.5
667.0
260.5
139.0
1093.0
188.5
494.5
610.0
1123.0
35.5
958.0
562.0
259.0
919.0
1216.0
232.0
1273.0
1040.5
1031.5
592.0
583.0
628.0
509.5
470.5
844.0
145.0
865.0
248.5
706.0
544.0
125.5
169.0
458.5
455.5
139.0
389.5
613.0
611.5
724.0
700.0
1205.5
490.0
331.0
173.5
377.5
20.5
991.0
175.0
443.5
233.5
596.5
196.0
508.0
751.0
304.0
347.5
337.0
155.5
127.0
40.0
41.5
437.5
841.0
685.0
68.5
641.5
317.5
796.0
284.5
466.0
391.0
1138.0
185.5
725.5
362.5
452.5
211.0
1174.0
188.5
466.0
496.0
973.0
863.5
925.0
997.0
137.5
287.5
73.0
926.5
886.0
478.0
899.5
772.0
194.5
932.5
488.5
839.5
515.5
482.5
619.0
511.0
76.0
122.5
695.5
152.5
130.0
73.0
319.0
808.0
322.0
542.5
544.0
344.5
875.5
401.5
628.0
790.0
293.5
652.0
814.0
887.5
332.5
208.0
449.5
196.0
250.0
314.5
832.0
539.5
299.5
41.5
928.0
709.0
509.5
935.5
884.5
767.5
488.5
643.0
43.0
131.5
88.0
530.5
698.5
353.5
509.5
115.0
193.0
284.5
1198.0
413.5
674.5
377.5
1273.0
701.5
944.5
860.5
1135.0
868.0
959.5
1142.5
457.0
712.0
217.0
829.0
845.5
695.5
424.0
1207.0
772.0
773.5
983.5
850.0
58.0
731.5
610.0
301.0
743.5
301.0
733.0
239.5
289.0
184.0
982.0
811.0
407.5
409.0
935.5
863.5
662.5
560.5
35.5
974.5
601.0
269.5
875.5
172.0
754.0
793.0
409.0
292.0
769.0
700.0
95.5
1133.5
577.0
694.0
971.5
680.5
458.5
560.5
811.0
80.5
922.0
784.0
1048.0
692.5
89.5
944.5
895.0
100.0
524.5
145.0
338.5
536.5
529.0
152.5
557.5
733.0
430.0
200.5
344.5
214.0
217.0
724.0
901.0
266.5
254.5
274.0
875.5
995.5
979.0
836.5
710.5
886.0
20.5
611.5
469.0
284.5
814.0
620.5
416.5
593.5
278.5
182.5
650.5
85.0
1040.5
851.5
857.5
280.0
1111.0
223.0
253.0
604.0
1075.0
737.5
256.0
982.0
881.5
875.5
917.5
275.5
383.5
223.0
274.0
1061.5
935.5
433.0
656.5
412.0
281.5
514.0
398.5
1252.0
1042.0
530.5
1087.0
593.5
551.5
494.5
361.0
590.5
361.0
799.0
158.5
374.5
193.0
358.0
143.5
410.5
1036.0
491.5
370.0
145.0
1118.5
610.0
887.5
832.0
37.0
217.0
772.0
737.5
430.0
607.0
793.0
736.0
136.0
1160.5
830.5
290.5
949.0
868.0
391.0
317.5
311.5
352.0
739.0
176.5
497.5
701.5
817.0
605.5
545.5
794.5
1058.5
749.5
877.0
1006.0
811.0
217.0
178.0
209.5
215.5
230.5
572.5
1033.0
779.5
398.5
491.5
611.5
652.0
406.0
1201.0
803.5
425.5
574.0
232.0
295.0
485.5
712.0
584.5
655.0
325.0
451.0
431.5
232.0
167.5
289.0
230.5
40.0
568.0
550.0
437.5
301.0
718.0
23.5
458.5
988.0
280.0
943.0
880.0
1046.5
710.5
304.0
439.0
190.0
503.5
374.5
809.5
872.5
334.0
613.0
389.5
158.5
382.0
143.5
317.5
281.5
913.0
656.5
944.5
805.0
893.5
223.0
422.5
688.0
433.0
850.0
506.5
277.0
1000.0
863.5
551.5
356.5
907.0
85.0
868.0
799.0
445.0
385.0
913.0
1082.5
1024.0
1111.0
214.0
605.5
937.0
1049.5
416.5
223.0
245.5
403.0
430.0
155.5
97.0
635.5
340.0
1048.0
410.5
748.0
499.0
476.5
862.0
358.0
469.0
1123.0
380.5
550.0
346.0
344.5
1082.5
230.5
143.5
196.0
764.5
323.5
716.5
526.0
800.5
440.5
379.0
305.5
583.0
794.5
586.0
992.5
566.5
407.5
637.0
1078.0
872.5
80.5
1060.0
1106.5
806.5
239.5
922.0
163.0
613.0
364.0
317.5
488.5
233.5
584.5
740.5
770.5
745.0
727.0
910.0
106.0
311.5
140.5
257.5
170.5
196.0
319.0
238.0
677.5
613.0
181.0
350.5
305.5
788.5
779.5
254.5
449.5
1088.5
208.0
904.0
302.5
155.5
310.0
560.5
287.5
398.5
157.0
632.5
857.5
686.5
323.5
214.0
635.5
358.0
854.5
364.0
617.5
173.5
1033.0
584.5
314.5
505.0
101.5
266.5
316.0
628.0
569.5
242.5
181.0
407.5
650.5
416.5
70.0
439.0
470.5
356.5
946.0
266.5
818.5
1025.5
853.0
92.5
875.5
689.5
743.5
874.0
380.5
251.5
359.5
422.5
928.0
515.5
257.5
1072.0
640.0
142.0
389.5
1006.0
223.0
824.5
1070.5
517.0
616.0
445.0
310.0
691.0
149.5
278.5
152.5
127.0
781.0
212.5
782.5
103.0
827.5
545.5
128.5
422.5
337.0
443.5
322.0
134.5
517.0
907.0
874.0
448.0
350.5
254.5
242.5
112.0
188.5
35.5
298.0
740.5
988.0
322.0
329.5
569.5
680.5
433.0
572.5
554.5
494.5
869.5
412.0
604.0
592.0
256.0
158.5
353.5
520.0
910.0
289.0
245.5
383.5
103.0
433.0
836.5
316.0
443.5
598.0
587.5
259.0
208.0
289.0
490.0
494.5
425.5
239.5
314.5
854.5
290.5
559.0
607.0
188.5
461.5
154.0
379.0
161.5
259.0
745.0
563.5
850.0
449.5
302.5
1109.5
241.0
419.5
34.0
554.5
758.5
794.5
394.0
674.5
187.0
463.0
535.0
469.0
190.0
757.0
307.0
982.0
514.0
520.0
155.5
737.5
662.5
299.5
1100.5
1075.0
485.5
955.0
356.5
473.5
1055.5
976.0
1216.0
701.5
415.0
515.5
1009.0
352.0
205.0
170.5
700.0
233.5
301.0
1078.0
745.0
158.5
752.5
379.0
994.0
346.0
478.0
424.0
259.0
1163.5
388.0
1037.5
778.0
313.0
571.0
1148.5
172.0
641.5
710.5
337.0
914.5
659.5
79.0
727.0
212.5
1214.5
319.0
262.0
352.0
476.5
791.5
550.0
1049.5
1175.5
478.0
692.5
833.5
173.5
205.0
494.5
698.5
254.5
524.5
262.0
359.5
898.0
800.5
260.5
422.5
355.0
266.5
289.0
989.5
410.5
682.0
958.0
263.5
1051.0
140.5
425.5
742.0
745.0
823.0
149.5
773.5
422.5
197.5
209.5
428.5
500.5
616.0
713.5
328.0
220.0
1165.0
863.5
184.0
358.0
599.5
386.5
145.0
553.0
101.5
622.0
784.0
991.0
449.5
104.5
754.0
521.5
478.0
776.5
370.0
197.5
908.5
382.0
697.0
394.0
575.5
670.0
184.0
793.0
523.0
967.0
763.0
353.5
770.5
1019.5
188.5
907.0
485.5
614.5
292.0
229.0
79.0
206.5
376.0
1010.5
140.5
707.5
359.5
230.5
545.5
455.5
245.5
914.5
1063.0
785.5
398.5
628.0
692.5
991.0
895.0
314.5
308.5
725.5
271.0
727.0
560.5
353.5
832.0
755.5
991.0
416.5
134.5
617.5
136.0
1108.0
625.0
401.5
254.5
791.5
850.0
773.5
343.0
514.0
341.5
1003.0
446.5
241.0
290.5
700.0
668.5
622.0
523.0
622.0
890.5
754.0
970.0
1063.0
1126.0
1160.5
62.5
500.5
302.5
94.0
275.5
331.0
1027.0
109.0
112.0
253.0
991.0
355.0
1019.5
1067.5
547.0
374.5
242.5
203.5
251.5
773.5
473.5
313.0
1172.5
1067.5
808.0
382.0
1171.0
379.0
101.5
1037.5
166.0
556.0
749.5
866.5
653.5
845.5
463.0
319.0
500.5
272.5
229.0
928.0
715.0
1036.0
383.5
607.0
1090.0
806.5
338.5
253.0
313.0
673.0
130.0
809.5
482.5
376.0
757.0
941.5
1291.0
299.5
44.5
178.0
545.5
139.0
1168.0
166.0
926.5
964.0
301.0
905.5
239.5
653.5
1082.5
337.0
362.5
149.5
209.5
226.0
634.0
811.0
239.5
304.0
469.0
418.0
226.0
725.5
382.0
221.5
296.5
710.5
832.0
359.5
206.5
503.5
847.0
143.5
343.0
479.5
1207.0
160.0
346.0
241.0
704.5
979.0
577.0
1199.5
932.5
58.0
1058.5
565.0
866.5
197.5
412.0
815.5
710.5
418.0
682.0
155.5
143.5
458.5
127.0
1079.5
1039.0
401.5
583.0
893.5
833.5
797.5
1058.5
722.5
479.5
305.5
1079.5
650.5
409.0
121.0
526.0
583.0
197.5
286.0
905.5
749.5
991.0
266.5
475.0
616.0
196.0
283.0
353.5
934.0
466.0
499.0
416.5
1060.0
436.0
994.0
149.5
130.0
520.0
283.0
725.5
368.5
266.5
719.5
214.0
518.5
307.0
418.0
532.0
284.5
655.0
353.5
1148.5
122.5
218.5
134.5
169.0
853.0
427.0
1121.5
611.5
914.5
931.0
815.5
533.5
709.0
593.5
754.0
797.5
158.5
1133.5
304.0
209.5
182.5
203.5
209.5
164.5
943.0
650.5
434.5
767.5
200.5
620.5
1027.0
589.0
730.0
350.5
587.5
770.5
412.0
752.5
773.5
220.0
247.0
451.0
356.5
485.5
388.0
814.0
859.0
454.0
566.5
524.5
977.5
514.0
322.0
500.5
418.0
68.5
841.0
530.5
236.5
322.0
761.5
182.5
29.5
254.5
119.5
347.5
710.5
337.0
778.0
349.0
128.5
202.0
487.0
883.0
1013.5
307.0
302.5
343.0
754.0
329.5
173.5
494.5
689.5
929.5
170.5
716.5
524.5
496.0
206.5
586.0
236.5
449.5
712.0
347.5
392.5
113.5
604.0
827.5
380.5
833.5
1196.5
239.5
640.0
262.0
310.0
445.0
208.0
404.5
548.5
850.0
571.0
158.5
349.0
649.0
169.0
929.5
197.5
665.5
376.0
200.5
587.5
950.5
500.5
493.0
331.0
716.5
251.5
604.0
299.5
109.0
862.0
754.0
508.0
334.0
575.5
107.5
472.0
614.5
890.5
560.5
688.0
545.5
622.0
577.0
359.5
731.5
157.0
628.0
179.5
490.0
286.0
245.5
238.0
185.5
1016.5
347.5
194.5
448.0
239.5
709.0
811.0
157.0
103.0
146.5
482.5
247.0
716.5
499.0
209.5
872.5
866.5
413.5
362.5
943.0
665.5
308.5
253.0
286.0
223.0
920.5
268.0
284.5
236.5
655.0
538.0
236.5
833.5
700.0
131.5
371.5
457.0
284.5
257.5
376.0
551.5
218.5
716.5
952.0
641.5
79.0
526.0
410.5
607.0
703.0
760.0
905.5
686.5
766.0
847.0
428.5
680.5
250.0
923.5
295.0
472.0
125.5
529.0
199.0
803.5
979.0
646.0
256.0
898.0
544.0
223.0
752.5
664.0
1241.5
1013.5
235.0
539.5
340.0
1186.0
796.0
923.5
593.5
797.5
1025.5
626.5
460.0
812.5
596.5
688.0
766.0
508.0
266.5
209.5
269.5
410.5
919.0
128.5
653.5
466.0
179.5
491.5
754.0
835.0
104.5
979.0
601.0
38.5
377.5
92.5
503.5
82.0
415.0
878.5
1060.0
398.5
382.0
148.0
248.5
886.0
220.0
671.5
742.0
761.5
524.5
536.5
596.5
802.0
487.0
686.5
499.0
377.5
805.0
865.0
361.0
439.0
853.0
742.0
830.5
529.0
280.0
709.0
982.0
974.5
389.5
563.5
220.0
620.5
1150.0
646.0
698.5
649.0
602.5
451.0
853.0
1061.5
272.5
253.0
220.0
547.0
493.0
743.5
338.5
1069.0
704.5
529.0
464.5
1082.5
973.0
290.5
782.5
511.0
902.5
614.5
157.0
674.5
710.5
337.0
1076.5
172.0
508.0
244.0
170.5
266.5
647.5
317.5
779.5
115.0
352.0
1045.0
680.5
316.0
1102.0
419.5
842.5
170.5
334.0
388.0
1190.5
398.5
274.0
880.0
169.0
721.0
749.5
602.5
544.0
518.5
911.5
374.5
107.5
613.0
704.5
643.0
803.5
847.0
247.0
482.5
874.0
526.0
586.0
92.5
374.5
67.0
952.0
271.0
544.0
227.5
194.5
734.5
337.0
1150.0
106.0
361.0
184.0
823.0
872.5
238.0
493.0
304.0
238.0
236.5
877.0
530.5
118.0
719.5
602.5
809.5
592.0
521.5
58.0
464.5
896.5
293.5
131.5
877.0
236.5
314.5
965.5
356.5
799.0
775.0
445.0
547.0
113.5
979.0
52.0
394.0
113.5
478.0
305.5
355.0
730.0
274.0
472.0
695.5
454.0
958.0
856.0
229.0
374.5
997.0
649.0
814.0
604.0
398.5
250.0
689.5
301.0
662.5
272.5
250.0
521.5
470.5
74.5
329.5
511.0
247.0
461.5
1175.5
410.5
787.0
998.5
883.0
592.0
436.0
301.0
248.5
317.5
736.0
1136.5
724.0
217.0
238.0
128.5
839.5
656.5
586.0
787.0
485.5
347.5
625.0
331.0
505.0
212.5
166.0
332.5
578.5
701.5
743.5
668.5
167.5
521.5
202.0
860.5
1012.0
949.0
302.5
488.5
956.5
250.0
760.0
548.5
328.0
316.0
379.0
911.5
568.0
463.0
884.5
881.5
1141.0
1064.5
169.0
496.0
367.0
454.0
311.5
107.5
1001.5
347.5
142.0
302.5
694.0
581.5
910.0
293.5
830.5
764.5
656.5
958.0
91.0
344.5
347.5
677.5
773.5
443.5
1103.5
392.5
623.5
214.0
74.5
602.5
950.5
656.5
652.0
883.0
176.5
871.0
1081.0
994.0
872.5
284.5
1076.5
385.0
256.0
38.5
571.0
134.5
40.0
983.5
481.0
1201.0
896.5
190.0
1115.5
929.5
1244.5
662.5
950.5
649.0
944.5
304.0
310.0
437.5
197.5
415.0
778.0
304.0
808.0
1051.0
536.5
166.0
409.0
467.5
997.0
853.0
535.0
116.5
515.5
1009.0
742.0
437.5
424.0
776.5
487.0
706.0
811.0
821.5
749.5
175.0
724.0
1054.0
850.0
617.5
190.0
979.0
467.5
203.5
307.0
1211.5
920.5
67.0
242.5
601.0
1067.5
988.0
1027.0
1081.0
446.5
613.0
386.5
833.5
449.5
385.0
694.0
428.5
394.0
712.0
331.0
61.0
635.5
496.0
980.5
349.0
346.0
665.5
148.0
521.5
467.5
421.0
790.0
1024.0
985.0
622.0
614.5
512.5
436.0
187.0
211.0
367.0
547.0
323.5
850.0
479.5
848.5
340.0
628.0
971.5
545.5
511.0
274.0
380.5
274.0
649.0
1150.0
554.5
145.0
322.0
1156.0
470.5
32.5
709.0
190.0
329.5
305.5
458.5
269.5
571.0
386.5
766.0
623.5
1000.0
718.0
314.5
229.0
602.5
145.0
775.0
704.5
893.5
722.5
157.0
299.5
1046.5
847.0
140.5
745.0
266.5
490.0
605.5
277.0
608.5
94.0
896.5
772.0
1174.0
349.0
874.0
566.5
122.5
703.0
113.5
505.0
263.5
587.5
58.0
122.5
842.5
356.5
355.0
799.0
704.5
862.0
794.5
28.0
247.0
284.5
658.0
310.0
322.0
184.0
550.0
674.5
317.5
254.5
1000.0
572.5
904.0
308.5
724.0
662.5
665.5
769.0
452.5
1027.0
494.5
202.0
1037.5
322.0
566.5
965.5
797.5
185.5
193.0
445.0
437.5
608.5
473.5
371.5
220.0
193.0
68.5
323.5
196.0
302.5
218.5
113.5
533.5
407.5
941.5
13.0
839.5
484.0
265.0
848.5
551.5
775.0
791.5
634.0
415.0
244.0
404.5
664.0
619.0
629.5
371.5
436.0
529.0
764.5
593.5
244.0
185.5
253.0
481.0
403.0
460.0
208.0
197.5
764.5
235.0
94.0
775.0
655.0
767.5
124.0
575.5
637.0
163.0
848.5
727.0
728.5
340.0
908.5
170.5
757.0
905.5
34.0
1156.0
191.5
232.0
481.0
1115.5
475.0
506.5
548.5
836.5
1064.5
175.0
176.5
395.5
358.0
655.0
152.5
488.5
941.5
1037.5
232.0
365.5
961.0
157.0
661.0
449.5
290.5
814.0
439.0
385.0
199.0
317.5
796.0
283.0
400.0
25.0
637.0
713.5
1288.0
973.0
997.0
664.0
218.5
757.0
680.5
428.5
445.0
452.5
167.5
634.0
1163.5
578.5
374.5
1037.5
122.5
887.5
1078.0
232.0
304.0
436.0
344.5
527.5
256.0
521.5
200.5
802.0
1031.5
307.0
766.0
356.5
539.5
433.0
134.5
830.5
67.0
388.0
221.5
674.5
251.5
883.0
776.5
674.5
652.0
1021.0
691.0
307.0
955.0
568.0
301.0
302.5
230.5
637.0
404.5
1180.0
889.0
601.0
794.5
107.5
823.0
755.5
406.0
487.0
301.0
428.5
595.0
545.5
22.0
215.5
772.0
320.5
611.5
463.0
305.5
1016.5
868.0
832.0
646.0
554.5
601.0
664.0
293.5
145.0
328.0
845.5
193.0
1145.5
566.5
308.5
956.5
763.0
427.0
863.5
629.5
196.0
656.5
584.5
451.0
700.0
256.0
254.5
845.5
460.0
463.0
842.5
335.5
347.5
643.0
1124.5
626.5
499.0
370.0
775.0
487.0
929.5
859.0
838.0
950.5
254.5
640.0
277.0
203.5
110.5
781.0
103.0
865.0
929.5
589.0
799.0
1039.0
565.0
131.5
599.5
427.0
184.0
160.0
580.0
709.0
350.5
653.5
785.5
1000.0
514.0
520.0
836.5
694.0
358.0
611.5
499.0
734.5
752.5
739.0
883.0
778.0
275.5
508.0
457.0
251.5
139.0
721.0
563.5
497.5
1130.5
712.0
262.0
862.0
334.0
791.5
326.5
269.5
173.5
884.5
307.0
302.5
529.0
62.5
778.0
964.0
1127.5
593.5
638.5
944.5
1160.5
997.0
494.5
308.5
881.5
736.0
284.5
682.0
1018.0
235.0
1102.0
383.5
685.0
434.5
974.5
751.0
379.0
608.5
1156.0
808.0
301.0
349.0
739.0
1010.5
140.5
520.0
461.5
157.0
1067.5
368.5
1106.5
125.5
598.0
985.0
161.5
182.5
442.0
676.0
340.0
962.5
362.5
578.5
665.5
245.5
1030.0
430.0
455.5
598.0
697.0
154.0
610.0
917.5
661.0
778.0
184.0
286.0
746.5
565.0
655.0
722.5
259.0
247.0
760.0
653.5
676.0
230.5
199.0
137.5
188.5
616.0
836.5
847.0
928.0
811.0
457.0
434.5
140.5
871.0
127.0
292.0
422.5
272.5
253.0
998.5
890.5
517.0
425.5
101.5
328.0
992.5
401.5
1105.0
914.5
223.0
724.0
478.0
227.5
842.5
628.0
214.0
322.0
58.0
659.5
704.5
640.0
650.5
140.5
371.5
592.0
460.0
436.0
376.0
695.5
196.0
652.0
550.0
221.5
131.5
260.5
479.5
335.5
200.5
173.5
518.5
541.0
905.5
154.0
806.5
590.5
392.5
434.5
386.5
494.5
268.0
32.5
674.5
575.5
211.0
872.5
337.0
274.0
125.5
451.0
742.0
485.5
877.0
1079.5
791.5
1057.0
553.0
1009.0
611.5
319.0
1112.5
158.5
629.5
449.5
860.5
721.0
712.0
638.5
208.0
211.0
88.0
1039.0
539.5
707.5
253.0
316.0
449.5
116.5
295.0
391.0
919.0
377.5
494.5
394.0
722.5
917.5
253.0
229.0
797.5
265.0
419.5
211.0
293.5
518.5
841.0
506.5
374.5
221.5
158.5
187.0
1039.0
383.5
556.0
145.0
124.0
220.0
595.0
421.0
1040.5
331.0
281.5
362.5
164.5
265.0
521.5
458.5
383.5
1252.0
527.5
977.5
359.5
802.0
358.0
814.0
353.5
644.5
437.5
1042.0
890.5
373.0
583.0
350.5
149.5
643.0
761.5
980.5
361.0
122.5
659.5
463.0
458.5
821.5
895.0
665.5
992.5
938.5
334.0
662.5
803.5
154.0
566.5
49.0
163.0
617.5
100.0
155.5
1048.0
451.0
496.0
608.5
106.0
131.5
805.0
937.0
1099.0
572.5
188.5
455.5
1042.0
718.0
416.5
482.5
275.5
334.0
563.5
202.0
1093.0
236.5
782.5
394.0
82.0
1003.0
197.5
836.5
199.0
178.0
394.0
562.0
503.5
722.5
634.0
358.0
784.0
431.5
781.0
874.0
934.0
601.0
1082.5
719.5
1033.0
95.5
454.0
649.0
742.0
277.0
880.0
880.0
532.0
604.0
1048.0
103.0
197.5
512.5
890.5
596.5
499.0
997.0
164.5
293.5
166.0
497.5
767.5
410.5
554.5
205.0
803.5
175.0
329.5
1097.5
689.5
392.5
211.0
332.5
277.0
1121.5
122.5
701.5
1094.5
569.5
236.5
499.0
599.5
700.0
145.0
886.0
178.0
415.0
670.0
1103.5
233.5
358.0
709.0
641.5
145.0
953.5
427.0
391.0
698.5
478.0
667.0
532.0
356.5
185.5
589.0
974.5
134.5
328.0
550.0
176.5
535.0
314.5
1106.5
605.5
671.5
298.0
323.5
281.5
814.0
433.0
545.5
298.0
698.5
275.5
241.0
160.0
1028.5
157.0
509.5
677.5
1163.5
889.0
553.0
170.5
353.5
334.0
664.0
655.0
16.0
1037.5
361.0
308.5
326.5
479.5
1297.0
521.5
946.0
479.5
416.5
172.0
263.5
325.0
40.0
755.5
103.0
227.5
664.0
226.0
214.0
176.5
761.5
650.5
548.5
73.0
319.0
967.0
707.5
1123.0
835.0
577.0
55.0
484.0
331.0
436.0
379.0
1004.5
295.0
517.0
251.5
388.0
364.0
404.5
197.5
101.5
113.5
643.0
341.5
278.5
148.0
704.5
649.0
935.5
1148.5
541.0
371.5
569.5
196.0
469.0
518.5
76.0
545.5
826.0
214.0
220.0
58.0
190.0
160.0
398.5
991.0
185.5
473.5
206.5
994.0
209.5
652.0
403.0
133.0
205.0
500.5
301.0
233.5
956.5
958.0
844.0
389.5
122.5
457.0
737.5
1091.5
77.5
1219.0
665.5
151.0
121.0
79.0
541.0
64.0
959.5
194.5
280.0
412.0
380.5
212.5
851.5
590.5
920.5
953.5
298.0
139.0
331.0
581.5
464.5
824.5
374.5
212.5
161.5
215.5
740.5
419.5
484.0
589.0
365.5
620.5
659.5
1088.5
295.0
956.5
418.0
290.5
638.5
484.0
592.0
347.5
466.0
215.5
343.0
643.0
1081.0
761.5
376.0
724.0
157.0
376.0
1178.5
170.5
418.0
472.0
620.5
224.5
854.5
275.5
520.0
449.5
691.0
358.0
880.0
578.5
398.5
77.5
364.0
656.5
521.5
68.5
797.5
488.5
310.0
1025.5
466.0
380.5
916.0
1123.0
248.5
529.0
503.5
733.0
716.5
491.5
121.0
323.5
769.0
445.0
479.5
502.0
275.5
197.5
634.0
247.0
337.0
457.0
785.5
383.5
481.0
227.5
371.5
971.5
698.5
970.0
982.0
998.5
74.5
298.0
628.0
886.0
134.5
710.5
389.5
248.5
1001.5
929.5
263.5
667.0
178.0
649.0
721.0
485.5
881.5
277.0
1061.5
1237.0
769.0
976.0
509.5
679.0
176.5
383.5
655.0
1012.0
197.5
431.5
640.0
82.0
533.5
424.0
101.5
775.0
280.0
616.0
154.0
535.0
929.5
101.5
242.5
305.5
769.0
604.0
382.0
853.0
595.0
676.0
373.0
157.0
251.5
778.0
635.5
658.0
388.0
814.0
458.5
