68.5
421.0
203.5
167.5
166.0
211.0
421.0
1063.0
203.5
634.0
241.0
515.5
478.0
350.5
790.0
286.0
725.5
583.0
215.5
473.5
1010.5
319.0
163.0
770.5
410.5
310.0
362.5
361.0
515.5
110.5
238.0
94.0
659.5
524.5
839.5
338.5
328.0
479.5
119.5
359.5
656.5
74.5
125.5
721.0
370.0
284.5
536.5
491.5
493.0
226.0
278.5
365.5
364.0
377.5
191.5
283.0
647.5
385.0
170.5
323.5
181.0
500.5
115.0
107.5
428.5
560.5
740.5
515.5
221.5
391.0
598.0
428.5
329.5
269.5
760.0
295.0
553.0
403.0
754.0
257.5
278.5
422.5
268.0
791.5
440.5
113.5
520.0
344.5
415.0
164.5
551.5
395.5
265.0
145.0
422.5
619.0
215.5
655.0
184.0
715.0
170.5
520.0
473.5
419.5
709.0
125.5
566.5
680.5
304.0
875.5
373.0
679.0
316.0
232.0
373.0
371.5
151.0
854.5
592.0
230.5
145.0
584.5
623.5
211.0
565.0
650.5
602.5
619.0
419.5
796.0
376.0
337.0
433.0
470.5
598.0
329.5
602.5
179.5
770.5
398.5
580.0
644.5
38.5
116.5
197.5
172.0
818.5
533.5
368.5
134.5
272.5
656.5
188.5
530.5
685.0
125.5
985.0
533.5
323.5
838.0
341.5
694.0
409.0
83.5
434.5
329.5
413.5
769.0
541.0
484.0
202.0
997.0
331.0
328.0
781.0
1166.5
5.5
568.0
442.0
1075.0
1148.5
236.5
284.5
94.0
95.5
473.5
104.5
203.5
586.0
752.5
176.5
236.5
931.0
562.0
83.5
491.5
431.5
716.5
260.5
64.0
487.0
755.5
886.0
193.0
473.5
869.5
872.5
184.0
932.5
649.0
557.5
776.5
335.5
115.0
220.0
118.0
50.5
361.0
469.0
464.5
164.5
1066.0
215.5
767.5
289.0
430.0
112.0
238.0
1121.5
83.5
88.0
311.5
368.5
370.0
562.0
217.0
322.0
148.0
398.5
466.0
410.5
514.0
626.5
970.0
592.0
157.0
575.5
260.5
601.0
154.0
689.5
371.5
725.5
568.0
253.0
478.0
146.5
137.5
262.0
79.0
991.0
634.0
652.0
683.5
424.0
205.0
328.0
203.5
640.0
350.5
383.5
337.0
854.5
398.5
556.0
343.0
359.5
509.5
418.0
77.5
287.5
793.0
185.5
484.0
583.0
25.0
970.0
65.5
548.5
419.5
437.5
775.0
128.5
782.5
206.5
242.5
902.5
716.5
22.0
182.5
250.0
478.0
680.5
197.5
638.5
224.5
706.0
437.5
308.5
421.0
518.5
470.5
334.0
476.5
212.5
548.5
35.5
425.5
413.5
470.5
791.5
616.0
920.5
566.5
605.5
754.0
968.5
797.5
166.0
196.0
859.0
517.0
787.0
401.5
341.5
532.0
1000.0
757.0
158.5
224.5
893.5
772.0
1096.0
92.5
238.0
626.5
265.0
563.5
992.5
367.0
851.5
266.5
676.0
155.5
431.5
335.5
232.0
179.5
593.5
368.5
199.0
749.5
767.5
554.5
604.0
389.5
722.5
457.0
367.0
350.5
220.0
364.0
518.5
241.0
764.5
308.5
196.0
356.5
415.0
475.0
875.5
187.0
721.0
103.0
370.0
629.5
223.0
1021.0
821.5
488.5
265.0
547.0
275.5
310.0
614.5
338.5
274.0
496.0
271.0
299.5
133.0
104.5
466.0
32.5
449.5
88.0
761.5
1193.5
638.5
152.5
164.5
590.5
338.5
352.0
535.0
323.5
296.5
599.5
355.0
415.0
184.0
425.5
281.5
826.0
104.5
565.0
476.5
557.5
178.0
412.0
755.5
164.5
553.0
392.5
116.5
695.5
275.5
190.0
313.0
397.0
452.5
362.5
554.5
556.0
196.0
454.0
122.5
493.0
353.5
238.0
155.5
686.5
580.0
205.0
962.5
254.5
487.0
293.5
769.0
272.5
719.5
292.0
403.0
182.5
143.5
370.0
262.0
871.0
868.0
938.5
257.5
400.0
374.5
745.0
104.5
163.0
371.5
302.5
52.0
145.0
266.5
916.0
127.0
730.0
259.0
503.5
560.5
520.0
427.0
548.5
167.5
374.5
209.5
100.0
439.0
1076.5
442.0
365.5
554.5
709.0
653.5
272.5
755.5
473.5
373.0
650.5
182.5
431.5
16.0
373.0
107.5
422.5
943.0
259.0
341.5
212.5
50.5
395.5
398.5
212.5
40.0
689.5
49.0
272.5
925.0
269.5
302.5
187.0
169.0
737.5
746.5
242.5
431.5
463.0
107.5
610.0
412.0
253.0
314.5
131.5
319.0
275.5
830.5
548.5
379.0
185.5
223.0
359.5
713.5
737.5
110.5
35.5
263.5
274.0
1159.0
368.5
818.5
401.5
181.0
260.5
359.5
1183.0
626.5
128.5
373.0
553.0
919.0
403.0
413.5
770.5
523.0
298.0
487.0
488.5
308.5
106.0
919.0
752.5
365.5
478.0
419.5
457.0
166.0
74.5
176.5
575.5
310.0
268.0
734.5
1051.0
577.0
509.5
305.5
509.5
199.0
857.5
322.0
199.0
610.0
337.0
710.5
178.0
754.0
463.0
629.5
406.0
941.5
479.5
116.5
229.0
319.0
326.5
458.5
536.5
434.5
449.5
427.0
269.5
410.5
77.5
299.5
290.5
601.0
493.0
82.0
890.5
530.5
788.5
911.5
136.0
806.5
460.0
302.5
968.5
263.5
71.5
404.5
232.0
455.5
590.5
569.5
241.0
458.5
347.5
406.0
172.0
271.0
721.0
688.0
106.0
287.5
44.5
1136.5
220.0
271.0
340.0
307.0
200.5
487.0
241.0
251.5
785.5
982.0
325.0
254.5
619.0
376.0
587.5
380.5
202.0
317.5
322.0
496.0
394.0
863.5
167.5
278.5
175.0
715.0
1064.5
359.5
127.0
880.0
790.0
967.0
245.5
473.5
547.0
779.5
806.5
371.5
649.0
311.5
479.5
107.5
173.5
545.5
94.0
121.0
616.0
236.5
250.0
109.0
223.0
797.5
235.0
371.5
239.5
835.0
656.5
253.0
242.5
160.0
863.5
224.5
217.0
373.0
563.5
130.0
358.0
638.5
694.0
725.5
668.5
890.5
344.5
475.0
556.0
209.5
730.0
808.0
743.5
193.0
671.5
368.5
119.5
205.0
268.0
347.5
688.0
221.5
95.5
751.0
134.5
766.0
671.5
151.0
578.5
434.5
751.0
364.0
848.5
34.0
644.5
685.0
241.0
392.5
563.5
586.0
434.5
643.0
341.5
343.0
608.5
250.0
136.0
647.5
772.0
469.0
71.5
1010.5
455.5
358.0
452.5
572.5
490.0
94.0
434.5
221.5
280.0
70.0
418.0
496.0
290.5
677.5
503.5
413.5
476.5
181.0
748.0
461.5
368.5
292.0
692.5
406.0
613.0
604.0
1058.5
310.0
571.0
832.0
569.5
916.0
247.0
382.0
32.5
392.5
200.5
208.0
1096.0
187.0
260.5
1013.5
104.5
526.0
1027.0
256.0
380.5
233.5
1135.0
362.5
217.0
128.5
244.0
137.5
697.0
104.5
715.0
679.0
250.0
830.5
397.0
70.0
166.0
340.0
20.5
212.5
446.5
208.0
259.0
626.5
559.0
772.0
209.5
839.5
869.5
578.5
260.5
250.0
242.5
893.5
361.0
676.0
563.5
370.0
178.0
496.0
124.0
259.0
494.5
113.5
649.0
217.0
313.0
904.0
1006.0
436.0
247.0
92.5
680.5
476.5
373.0
544.0
124.0
622.0
394.0
505.0
983.5
659.5
397.0
971.5
286.0
155.5
101.5
725.5
368.5
862.0
548.5
565.0
529.0
479.5
749.5
172.0
938.5
731.5
92.5
926.5
665.5
250.0
554.5
193.0
793.0
214.0
275.5
46.0
107.5
517.0
347.5
313.0
194.5
707.5
668.5
941.5
214.0
409.0
272.5
1078.0
386.5
571.0
598.0
262.0
49.0
617.5
493.0
299.5
461.5
679.0
547.0
583.0
385.0
137.5
112.0
196.0
664.0
1105.0
220.0
824.5
295.0
265.0
515.5
1018.0
115.0
1174.0
118.0
575.5
130.0
700.0
670.0
332.5
487.0
782.5
514.0
673.0
152.5
31.0
250.0
451.0
338.5
80.5
338.5
583.0
347.5
182.5
593.5
341.5
547.0
788.5
559.0
860.5
758.5
88.0
148.0
746.5
580.0
625.0
235.0
28.0
151.0
182.5
550.0
1051.0
605.5
184.0
251.5
314.5
694.0
1063.0
442.0
179.5
274.0
158.5
841.0
187.0
272.5
199.0
638.5
355.0
56.5
238.0
647.5
311.5
379.0
899.5
346.0
281.5
236.5
320.5
376.0
433.0
452.5
199.0
286.0
607.0
1085.5
578.5
356.5
629.5
337.0
244.0
559.0
401.5
235.0
208.0
743.5
241.0
232.0
413.5
667.0
71.5
338.5
119.5
635.5
475.0
418.0
157.0
206.5
619.0
485.5
596.5
125.5
923.5
487.0
692.5
226.0
124.0
493.0
229.0
133.0
1199.5
373.0
421.0
133.0
524.5
221.5
778.0
854.5
1018.0
802.0
197.5
547.0
109.0
733.0
220.0
556.0
928.0
214.0
560.5
704.5
341.5
239.5
535.0
475.0
196.0
395.5
250.0
446.5
350.5
661.0
232.0
746.5
848.5
437.5
362.5
1034.5
616.0
739.0
167.5
283.0
230.5
550.0
697.0
290.5
707.5
962.5
857.5
512.5
634.0
85.0
997.0
448.0
283.0
44.5
593.5
674.5
506.5
683.5
182.5
394.0
130.0
496.0
208.0
820.0
427.0
328.0
847.0
131.5
505.0
875.5
457.0
86.5
673.0
70.0
781.0
155.5
763.0
811.0
314.5
250.0
568.0
197.5
125.5
185.5
353.5
179.5
367.0
523.0
506.5
152.5
175.0
133.0
488.5
469.0
749.5
436.0
470.5
979.0
247.0
632.5
674.5
326.5
350.5
581.5
463.0
406.0
676.0
964.0
794.5
430.0
262.0
593.5
857.5
458.5
371.5
341.5
328.0
694.0
643.0
260.5
401.5
955.0
256.0
505.0
548.5
182.5
832.0
31.0
698.5
251.5
611.5
115.0
236.5
371.5
796.0
179.5
742.0
224.5
880.0
364.0
835.0
256.0
761.5
200.5
409.0
344.5
511.0
919.0
197.5
610.0
247.0
364.0
670.0
239.5
695.5
850.0
127.0
185.5
583.0
65.5
397.0
838.0
388.0
509.5
247.0
517.0
1009.0
506.5
203.5
547.0
586.0
281.5
922.0
296.5
416.5
79.0
121.0
370.0
596.5
850.0
413.5
46.0
253.0
502.0
463.0
257.5
874.0
253.0
404.5
145.0
124.0
292.0
238.0
704.5
859.0
514.0
464.5
694.0
665.5
428.5
356.5
460.0
107.5
341.5
206.5
889.0
796.0
305.5
433.0
346.0
1126.0
208.0
413.5
38.5
550.0
134.5
109.0
251.5
272.5
445.0
583.0
115.0
395.5
424.0
310.0
842.5
277.0
286.0
631.0
671.5
245.5
422.5
137.5
137.5
415.0
269.5
451.0
545.5
904.0
299.5
317.5
323.5
298.0
259.0
389.5
506.5
320.5
785.5
95.5
314.5
428.5
449.5
212.5
763.0
710.5
824.5
880.0
448.0
593.5
244.0
254.5
665.5
659.5
289.0
97.0
238.0
328.0
376.0
550.0
686.5
757.0
292.0
211.0
188.5
145.0
416.5
610.0
430.0
44.5
182.5
625.0
919.0
173.5
811.0
307.0
185.5
364.0
646.0
472.0
590.5
172.0
442.0
122.5
97.0
232.0
554.5
811.0
685.0
256.0
493.0
319.0
329.5
943.0
817.0
311.5
241.0
983.5
158.5
170.5
1015.0
577.0
196.0
751.0
769.0
434.5
304.0
161.5
181.0
431.5
944.5
317.5
475.0
617.5
152.5
841.0
511.0
497.5
308.5
49.0
248.5
304.0
160.0
397.0
110.5
226.0
430.0
149.5
128.5
412.0
236.5
340.0
727.0
209.5
325.0
418.0
568.0
173.5
301.0
187.0
188.5
100.0
199.0
415.0
1165.0
70.0
587.5
667.0
373.0
842.5
236.5
70.0
523.0
296.5
253.0
61.0
935.5
116.5
680.5
535.0
565.0
776.5
361.0
421.0
808.0
61.0
425.5
292.0
97.0
841.0
445.0
497.5
464.5
757.0
374.5
463.0
35.5
991.0
277.0
224.5
274.0
436.0
181.0
131.5
257.5
983.5
163.0
373.0
767.5
292.0
37.0
320.5
568.0
190.0
793.0
143.5
490.0
203.5
625.0
691.0
752.5
1069.0
284.5
305.5
659.5
356.5
1009.0
434.5
157.0
176.5
473.5
262.0
215.5
125.5
1121.5
722.5
286.0
500.5
791.5
919.0
674.5
359.5
280.0
502.0
422.5
208.0
554.5
560.5
391.0
533.5
968.5
637.0
308.5
539.5
230.5
181.0
556.0
236.5
740.5
217.0
115.0
223.0
868.0
1087.0
284.5
65.5
212.5
724.0
992.5
305.5
94.0
374.5
400.0
320.5
490.0
320.5
596.5
26.5
389.5
614.5
223.0
554.5
743.5
628.0
653.5
1037.5
203.5
571.0
379.0
142.0
26.5
151.0
377.5
212.5
307.0
61.0
61.0
428.5
883.0
55.0
707.5
190.0
224.5
599.5
328.0
274.0
793.0
599.5
37.0
178.0
178.0
1052.5
127.0
551.5
329.5
1052.5
274.0
680.5
488.5
179.5
463.0
400.0
616.0
146.5
470.5
1060.0
304.0
331.0
245.5
62.5
215.5
760.0
248.5
272.5
247.0
152.5
722.5
347.5
356.5
239.5
704.5
301.0
989.5
497.5
224.5
269.5
901.0
334.0
733.0
574.0
673.0
226.0
236.5
248.5
401.5
220.0
565.0
632.5
283.0
355.0
299.5
614.5
319.0
611.5
629.5
175.0
835.0
587.5
223.0
154.0
1091.5
367.0
1085.5
224.5
929.5
535.0
545.5
925.0
815.5
653.5
779.5
580.0
112.0
38.5
233.5
347.5
143.5
293.5
917.5
614.5
253.0
107.5
899.5
322.0
214.0
665.5
199.0
320.5
398.5
517.0
970.0
209.5
1015.0
994.0
460.0
455.5
217.0
136.0
280.0
832.0
734.5
686.5
500.5
394.0
968.5
439.0
715.0
427.0
403.0
893.5
97.0
602.5
451.0
185.5
740.5
554.5
602.5
260.5
484.0
236.5
661.0
179.5
386.5
77.5
310.0
163.0
784.0
857.5
842.5
1039.0
431.5
190.0
646.0
548.5
506.5
496.0
539.5
496.0
662.5
518.5
536.5
34.0
215.5
199.0
551.5
101.5
607.0
638.5
665.5
304.0
1006.0
493.0
536.5
515.5
334.0
131.5
185.5
211.0
427.0
707.5
245.5
511.0
1019.5
323.5
196.0
214.0
602.5
728.5
722.5
322.0
55.0
67.0
734.5
146.5
878.5
1027.0
742.0
512.5
520.0
415.0
712.0
199.0
58.0
1093.0
82.0
562.0
1108.0
251.5
640.0
377.5
184.0
251.5
424.0
430.0
155.5
370.0
554.5
806.5
688.0
571.0
419.5
442.0
34.0
379.0
805.0
377.5
769.0
442.0
859.0
631.0
568.0
115.0
983.5
527.5
76.0
71.5
925.0
226.0
172.0
127.0
470.5
211.0
760.0
229.0
338.5
290.5
331.0
76.0
659.5
313.0
814.0
728.5
181.0
665.5
94.0
505.0
307.0
220.0
386.5
221.5
37.0
940.0
1178.5
512.5
931.0
523.0
508.0
245.5
190.0
283.0
593.5
266.5
560.5
250.0
509.5
1036.0
136.0
265.0
203.5
41.5
368.5
355.0
107.5
505.0
133.0
259.0
304.0
863.5
367.0
392.5
254.5
880.0
691.0
239.5
274.0
389.5
232.0
112.0
389.5
19.0
625.0
253.0
140.5
131.5
133.0
256.0
328.0
818.5
245.5
388.0
533.5
184.0
136.0
337.0
356.5
296.5
107.5
650.5
145.0
22.0
367.0
172.0
209.5
220.0
665.5
380.5
569.5
799.0
994.0
463.0
410.5
457.0
446.5
314.5
755.5
175.0
403.0
233.5
223.0
407.5
325.0
110.5
395.5
529.0
179.5
185.5
302.5
425.5
266.5
602.5
673.0
838.0
235.0
157.0
241.0
554.5
691.0
328.0
70.0
173.5
875.5
100.0
517.0
118.0
881.5
137.5
152.5
583.0
341.5
725.5
991.0
127.0
319.0
772.0
341.5
413.5
748.0
491.5
713.5
391.0
541.0
613.0
898.0
277.0
725.5
175.0
368.5
100.0
226.0
422.5
209.5
551.5
761.5
301.0
533.5
464.5
787.0
656.5
647.5
37.0
428.5
202.0
541.0
935.5
479.5
346.0
37.0
31.0
82.0
701.5
845.5
383.5
394.0
205.0
448.0
400.0
167.5
545.5
244.0
553.0
250.0
214.0
236.5
827.5
46.0
256.0
695.5
478.0
232.0
574.0
511.0
473.5
386.5
319.0
968.5
179.5
68.5
182.5
250.0
409.0
364.0
358.0
115.0
517.0
182.5
833.5
862.0
83.5
439.0
284.5
650.5
781.0
692.5
296.5
121.0
718.0
286.0
187.0
275.5
601.0
164.5
238.0
887.5
517.0
139.0
311.5
719.5
254.5
334.0
839.5
377.5
152.5
563.5
101.5
355.0
149.5
847.0
176.5
359.5
500.5
485.5
124.0
413.5
356.5
257.5
685.0
899.5
886.0
142.0
575.5
178.0
266.5
271.0
169.0
233.5
698.5
190.0
671.5
70.0
208.0
158.5
217.0
316.0
155.5
305.5
416.5
119.5
794.5
14.5
860.5
752.5
1000.0
439.0
796.0
478.0
256.0
449.5
65.5
304.0
149.5
184.0
607.0
397.0
304.0
334.0
197.5
398.5
647.5
199.0
341.5
458.5
134.5
656.5
130.0
337.0
836.5
971.5
437.5
770.5
692.5
253.0
260.5
199.0
550.0
263.5
991.0
554.5
439.0
391.0
809.5
542.5
440.5
670.0
671.5
784.0
508.0
338.5
148.0
596.5
214.0
431.5
1082.5
1067.5
646.0
146.5
377.5
986.5
734.5
524.5
503.5
856.0
175.0
173.5
433.0
685.0
143.5
499.0
61.0
428.5
367.0
221.5
92.5
125.5
862.0
704.5
223.0
184.0
487.0
127.0
503.5
833.5
863.5
359.5
464.5
284.5
472.0
169.0
632.5
920.5
629.5
143.5
536.5
338.5
359.5
752.5
487.0
382.0
607.0
866.5
266.5
116.5
503.5
484.0
121.0
163.0
491.5
122.5
251.5
817.0
907.0
488.5
203.5
733.0
608.5
524.5
179.5
452.5
352.0
194.5
1105.0
344.5
250.0
1103.5
934.0
1145.5
104.5
529.0
461.5
107.5
1075.0
277.0
236.5
218.5
478.0
619.0
524.5
125.5
61.0
514.0
328.0
299.5
979.0
215.5
425.5
292.0
11.5
608.5
841.0
365.5
463.0
604.0
761.5
373.0
1016.5
622.0
302.5
623.5
371.5
392.5
262.0
662.5
233.5
179.5
320.5
263.5
137.5
442.0
982.0
251.5
217.0
328.0
560.5
68.5
134.5
512.5
977.5
898.0
283.0
40.0
821.5
499.0
256.0
902.5
235.0
172.0
874.0
332.5
506.5
523.0
413.5
679.0
272.5
545.5
623.5
316.0
503.5
70.0
592.0
722.5
430.0
262.0
506.5
223.0
314.5
334.0
301.0
145.0
361.0
287.5
158.5
509.5
943.0
244.0
416.5
838.0
196.0
458.5
143.5
70.0
427.0
469.0
404.5
755.5
655.0
311.5
631.0
734.5
700.0
838.0
790.0
143.5
538.0
484.0
451.0
205.0
106.0
754.0
896.5
110.5
313.0
406.0
1060.0
88.0
565.0
1046.5
248.5
263.5
446.5
694.0
425.5
886.0
265.0
569.5
809.5
86.5
184.0
388.0
218.5
19.0
437.5
874.0
803.5
167.5
244.0
529.0
463.0
497.5
280.0
575.5
556.0
62.5
748.0
374.5
98.5
322.0
139.0
241.0
692.5
563.5
418.0
137.5
178.0
604.0
868.0
433.0
1172.5
368.5
248.5
241.0
298.0
314.5
11.5
781.0
421.0
181.0
254.5
436.0
782.5
112.0
386.5
103.0
277.0
154.0
241.0
104.5
157.0
106.0
290.5
422.5
485.5
587.5
638.5
506.5
104.5
271.0
700.0
289.0
380.5
395.5
632.5
80.5
434.5
268.0
727.0
146.5
298.0
388.0
685.0
932.5
226.0
259.0
244.0
242.5
230.5
395.5
77.5
245.5
235.0
209.5
547.0
44.5
464.5
352.0
190.0
787.0
259.0
1066.0
272.5
32.5
571.0
572.5
503.5
50.5
589.0
350.5
535.0
314.5
212.5
212.5
217.0
154.0
362.5
520.0
550.0
364.0
524.5
20.5
289.0
733.0
427.0
71.5
379.0
248.5
770.5
223.0
1193.5
229.0
323.5
164.5
595.0
104.5
859.0
628.0
458.5
431.5
266.5
655.0
349.0
377.5
140.5
458.5
313.0
343.0
397.0
470.5
124.0
271.0
263.5
1162.0
217.0
352.0
100.0
581.5
97.0
302.5
164.5
157.0
368.5
83.5
479.5
668.5
505.0
767.5
658.0
329.5
329.5
463.0
664.0
385.0
650.5
637.0
380.5
286.0
173.5
185.5
802.0
398.5
274.0
329.5
170.5
146.5
340.0
271.0
281.5
616.0
637.0
314.5
130.0
844.0
232.0
863.5
224.5
785.5
572.5
205.0
887.5
88.0
370.0
166.0
464.5
451.0
196.0
352.0
73.0
418.0
187.0
179.5
614.5
326.5
958.0
634.0
800.5
202.0
400.0
143.5
350.5
245.5
515.5
124.0
220.0
133.0
499.0
260.5
286.0
236.5
79.0
197.5
956.5
166.0
179.5
656.5
845.5
91.0
599.5
100.0
508.0
334.0
412.0
122.5
739.0
592.0
128.5
281.5
616.0
161.5
245.5
365.5
536.5
166.0
112.0
202.0
176.5
1060.0
94.0
139.0
292.0
701.5
47.5
706.0
127.0
824.5
583.0
104.5
577.0
467.5
133.0
367.0
28.0
470.5
217.0
695.5
115.0
482.5
230.5
253.0
611.5
268.0
403.0
772.0
1015.0
106.0
472.0
485.5
260.5
17.5
271.0
289.0
569.5
85.0
322.0
1067.5
199.0
562.0
949.0
404.5
164.5
316.0
595.0
866.5
308.5
857.5
254.5
319.0
913.0
358.0
200.5
392.5
1022.5
268.0
512.5
418.0
533.5
1259.5
319.0
515.5
400.0
410.5
404.5
575.5
836.5
230.5
151.0
844.0
416.5
952.0
760.0
347.5
515.5
983.5
272.5
631.0
493.0
235.0
673.0
961.0
127.0
898.0
332.5
133.0
976.0
494.5
127.0
290.5
302.5
77.5
511.0
238.0
404.5
469.0
193.0
286.0
130.0
646.0
134.5
148.0
247.0
392.5
283.0
254.5
59.5
236.5
244.0
499.0
484.0
31.0
94.0
388.0
839.5
143.5
130.0
913.0
130.0
205.0
301.0
13.0
310.0
464.5
551.5
347.5
313.0
448.0
463.0
242.5
631.0
683.5
517.0
517.0
262.0
508.0
217.0
163.0
608.5
595.0
340.0
526.0
85.0
1015.0
541.0
478.0
281.5
235.0
215.5
151.0
325.0
509.5
505.0
431.5
167.5
110.5
212.5
917.5
166.0
490.0
55.0
737.5
376.0
262.0
637.0
145.0
865.0
305.5
824.5
116.5
523.0
163.0
400.0
115.0
875.5
215.5
590.5
290.5
232.0
425.5
665.5
344.5
275.5
892.0
616.0
703.0
634.0
245.5
283.0
299.5
289.0
329.5
479.5
202.0
662.5
709.0
673.0
440.5
155.5
586.0
122.5
241.0
136.0
458.5
259.0
709.0
524.5
571.0
413.5
341.5
170.5
224.5
187.0
602.5
515.5
310.0
149.5
461.5
647.5
428.5
97.0
470.5
604.0
214.0
46.0
755.5
241.0
455.5
812.5
682.0
599.5
376.0
764.5
1060.0
277.0
557.5
430.0
382.0
496.0
431.5
220.0
358.0
430.0
616.0
875.5
1021.0
314.5
238.0
884.5
100.0
236.5
535.0
179.5
422.5
175.0
316.0
998.5
250.0
566.5
356.5
362.5
92.5
260.5
238.0
251.5
445.0
349.0
293.5
379.0
182.5
235.0
1070.5
265.0
230.5
695.5
224.5
466.0
203.5
179.5
259.0
436.0
722.5
11.5
671.5
649.0
325.0
394.0
109.0
626.5
281.5
61.0
179.5
817.0
605.5
659.5
220.0
77.5
904.0
176.5
202.0
283.0
340.0
521.5
550.0
223.0
766.0
104.5
436.0
724.0
518.5
136.0
496.0
32.5
545.5
169.0
601.0
436.0
424.0
655.0
172.0
940.0
1009.0
251.5
208.0
221.5
683.5
172.0
458.5
422.5
439.0
728.5
689.5
1112.5
388.0
43.0
520.0
974.5
146.5
749.5
571.0
232.0
757.0
394.0
784.0
557.5
571.0
727.0
388.0
332.5
655.0
472.0
694.0
196.0
200.5
203.5
199.0
1019.5
263.5
488.5
386.5
733.0
101.5
350.5
545.5
148.0
301.0
593.5
346.0
727.0
572.5
206.5
670.0
458.5
658.0
373.0
382.0
286.0
239.5
326.5
395.5
242.5
398.5
511.0
478.0
908.5
202.0
524.5
382.0
131.5
431.5
316.0
484.0
142.0
101.5
808.0
91.0
143.5
416.5
130.0
1169.5
749.5
571.0
223.0
136.0
169.0
305.5
826.0
461.5
493.0
656.5
260.5
62.5
368.5
83.5
248.5
706.0
649.0
365.5
439.0
562.0
334.0
461.5
94.0
205.0
316.0
442.0
290.5
154.0
146.5
394.0
389.5
214.0
167.5
820.0
130.0
230.5
1079.5
346.0
737.5
844.0
773.5
815.5
548.5
187.0
662.5
67.0
248.5
371.5
161.5
850.0
140.5
344.5
860.5
467.5
248.5
53.5
137.5
25.0
722.5
479.5
755.5
770.5
229.0
344.5
257.5
101.5
364.0
149.5
35.5
281.5
200.5
574.0
200.5
233.5
1162.0
331.0
289.0
193.0
608.5
506.5
377.5
203.5
253.0
1151.5
22.0
403.0
659.5
328.0
223.0
358.0
389.5
203.5
604.0
401.5
736.0
532.0
619.0
302.5
614.5
713.5
287.5
592.0
628.0
67.0
682.0
739.0
475.0
254.5
703.0
589.0
133.0
337.0
301.0
214.0
308.5
589.0
266.5
1132.0
775.0
761.5
1031.5
517.0
671.5
943.0
638.5
241.0
199.0
139.0
401.5
197.5
296.5
812.5
259.0
218.5
50.5
527.5
193.0
520.0
283.0
455.5
415.0
664.0
434.5
358.0
365.5
347.5
527.5
668.5
493.0
389.5
704.5
716.5
560.5
856.0
484.0
178.0
920.5
284.5
806.5
133.0
160.0
289.0
257.5
422.5
674.5
401.5
964.0
229.0
511.0
449.5
614.5
553.0
748.0
320.5
508.0
661.0
1096.0
119.5
655.0
278.5
947.5
443.5
749.5
496.0
757.0
65.5
310.0
394.0
224.5
146.5
202.0
338.5
560.5
394.0
683.5
541.0
236.5
511.0
517.0
625.0
26.5
268.0
259.0
212.5
638.5
239.5
167.5
407.5
401.5
157.0
307.0
166.0
829.0
340.0
484.0
656.5
220.0
625.0
946.0
211.0
35.5
566.5
277.0
287.5
758.5
154.0
203.5
58.0
379.0
392.5
601.0
524.5
982.0
344.5
740.5
548.5
854.5
770.5
253.0
955.0
302.5
125.5
961.0
787.0
380.5
782.5
476.5
115.0
847.0
692.5
418.0
647.5
493.0
556.0
161.5
256.0
290.5
530.5
322.0
241.0
41.5
301.0
149.5
94.0
130.0
130.0
382.0
356.5
215.5
259.0
701.5
251.5
74.5
661.0
271.0
364.0
94.0
904.0
938.5
308.5
148.0
382.0
148.0
232.0
214.0
647.5
320.5
754.0
188.5
268.0
461.5
203.5
331.0
274.0
986.5
458.5
707.5
259.0
118.0
286.0
385.0
566.5
479.5
307.0
199.0
218.5
244.0
193.0
343.0
802.0
601.0
410.5
269.5
187.0
328.0
227.5
266.5
289.0
502.0
281.5
80.5
1010.5
584.5
892.0
968.5
454.0
100.0
221.5
241.0
638.5
475.0
86.5
223.0
238.0
454.0
97.0
263.5
164.5
644.5
739.0
296.5
731.5
89.5
220.0
88.0
524.5
260.5
275.5
850.0
215.5
128.5
686.5
781.0
122.5
713.5
896.5
1135.0
172.0
205.0
553.0
397.0
221.5
560.5
370.0
142.0
719.5
946.0
242.5
893.5
509.5
746.5
554.5
94.0
205.0
710.5
98.5
422.5
287.5
757.0
178.0
416.5
100.0
215.5
385.0
583.0
82.0
340.0
506.5
181.0
808.0
712.0
217.0
361.0
142.0
230.5
380.5
548.5
173.5
484.0
652.0
511.0
814.0
860.5
649.0
403.0
274.0
802.0
178.0
653.5
680.5
61.0
322.0
31.0
335.5
352.0
812.5
248.5
478.0
934.0
928.0
515.5
509.5
796.0
262.0
263.5
298.0
658.0
542.5
370.0
574.0
524.5
701.5
146.5
464.5
187.0
839.5
979.0
703.0
316.0
677.5
140.5
917.5
683.5
598.0
334.0
488.5
172.0
433.0
311.5
379.0
421.0
46.0
1066.0
629.5
323.5
356.5
703.0
484.0
83.5
493.0
49.0
689.5
224.5
349.0
166.0
772.0
787.0
260.5
271.0
305.5
445.0
844.0
206.5
820.0
127.0
523.0
259.0
349.0
644.5
391.0
383.5
263.5
727.0
329.5
85.0
62.5
820.0
422.5
194.5
781.0
152.5
263.5
548.5
107.5
322.0
65.5
896.5
233.5
169.0
667.0
988.0
457.0
157.0
662.5
586.0
194.5
434.5
661.0
380.5
1063.0
353.5
467.5
380.5
221.5
203.5
454.0
131.5
143.5
263.5
527.5
152.5
715.0
391.0
733.0
898.0
452.5
475.0
290.5
850.0
202.0
191.5
176.5
199.0
704.5
584.5
146.5
313.0
247.0
298.0
644.5
290.5
572.5
176.5
460.0
419.5
638.5
133.0
253.0
214.0
293.5
316.0
196.0
805.0
763.0
68.5
707.5
347.5
425.5
160.0
116.5
853.0
485.5
419.5
100.0
241.0
922.0
263.5
1153.0
1013.5
518.5
124.0
200.5
62.5
224.5
302.5
407.5
565.0
754.0
202.0
397.0
101.5
595.0
397.0
785.5
184.0
304.0
355.0
332.5
248.5
412.0
563.5
419.5
667.0
400.0
421.0
398.5
359.5
293.5
340.0
77.5
1013.5
580.0
286.0
278.5
680.5
493.0
365.5
386.5
857.5
356.5
169.0
238.0
517.0
383.5
175.0
437.5
863.5
521.5
700.0
508.0
278.5
391.0
88.0
424.0
847.0
491.5
865.0
473.5
607.0
239.5
745.0
386.5
338.5
506.5
56.5
898.0
448.0
316.0
728.5
518.5
29.5
67.0
404.5
479.5
49.0
857.5
251.5
373.0
665.5
391.0
332.5
703.0
812.5
376.0
250.0
200.5
166.0
82.0
296.5
523.0
692.5
460.0
374.5
338.5
557.5
232.0
652.0
224.5
142.0
587.5
719.5
482.5
448.0
758.5
34.0
203.5
259.0
958.0
497.5
337.0
562.0
137.5
601.0
509.5
643.0
104.5
158.5
220.0
340.0
745.0
353.5
713.5
155.5
616.0
313.0
313.0
148.0
478.0
212.5
263.5
332.5
881.5
521.5
580.0
338.5
769.0
241.0
233.5
338.5
362.5
502.0
275.5
422.5
265.0
277.0
151.0
826.0
250.0
154.0
448.0
1081.0
157.0
163.0
181.0
713.5
296.5
104.5
301.0
328.0
158.5
74.5
152.5
452.5
341.5
331.0
268.0
967.0
674.5
541.0
562.0
887.5
611.5
119.5
274.0
166.0
133.0
311.5
488.5
805.0
523.0
593.5
664.0
608.5
598.0
139.0
439.0
176.5
863.5
184.0
668.5
191.5
712.0
370.0
235.0
226.0
187.0
107.5
221.5
325.0
746.5
295.0
266.5
262.0
556.0
607.0
202.0
310.0
95.5
286.0
272.5
400.0
439.0
217.0
367.0
647.5
395.5
176.5
166.0
695.5
785.5
269.5
748.0
887.5
106.0
460.0
145.0
101.5
676.0
86.5
262.0
169.0
512.5
379.0
505.0
361.0
970.0
545.5
98.5
191.5
500.5
188.5
163.0
53.5
374.5
473.5
176.5
103.0
203.5
506.5
583.0
190.0
676.0
143.5
272.5
113.5
353.5
391.0
505.0
691.0
388.0
68.5
421.0
358.0
877.0
412.0
266.5
361.0
133.0
1004.5
278.5
583.0
166.0
628.0
824.5
377.5
725.5
248.5
748.0
1024.0
878.5
734.5
28.0
1004.5
439.0
343.0
175.0
644.5
397.0
623.5
1097.5
844.0
1114.0
344.5
140.5
323.5
284.5
571.0
286.0
284.5
349.0
290.5
302.5
412.0
536.5
43.0
296.5
214.0
416.5
220.0
271.0
734.5
299.5
443.5
776.5
103.0
376.0
307.0
236.5
242.5
656.5
670.0
596.5
503.5
203.5
412.0
541.0
140.5
187.0
362.5
281.5
74.5
718.0
257.5
328.0
190.0
413.5
1078.0
260.5
311.5
253.0
223.0
511.0
430.0
257.5
449.5
191.5
82.0
466.0
958.0
403.0
155.5
407.5
557.5
448.0
521.5
682.0
518.5
224.5
193.0
245.5
284.5
614.5
337.0
440.5
530.5
362.5
970.0
304.0
463.0
593.5
232.0
403.0
356.5
326.5
638.5
197.5
595.0
700.0
110.5
458.5
640.0
644.5
212.5
227.5
191.5
478.0
430.0
134.5
340.0
571.0
761.5
1076.5
584.5
865.0
289.0
688.0
97.0
547.0
349.0
76.0
185.5
842.5
197.5
562.0
302.5
164.5
748.0
593.5
191.5
454.0
266.5
341.5
710.5
962.5
460.0
254.5
545.5
833.5
170.5
860.5
451.0
386.5
121.0
191.5
343.0
595.0
613.0
352.0
413.5
262.0
202.0
416.5
358.0
335.5
925.0
320.5
658.0
262.0
424.0
166.0
196.0
271.0
497.5
241.0
242.5
200.5
509.5
377.5
673.0
284.5
592.0
236.5
212.5
124.0
748.0
664.0
526.0
796.0
365.5
245.5
533.5
245.5
103.0
1093.0
395.5
556.0
233.5
146.5
278.5
154.0
361.0
199.0
301.0
362.5
223.0
170.5
497.5
107.5
293.5
464.5
310.0
713.5
392.5
130.0
1135.0
650.5
674.5
805.0
361.0
455.5
925.0
374.5
229.0
334.0
503.5
334.0
598.0
455.5
737.5
328.0
169.0
575.5
254.5
410.5
235.0
502.0
182.5
392.5
847.0
419.5
625.0
689.5
832.0
184.0
125.5
298.0
830.5
559.0
773.5
584.5
278.5
167.5
664.0
281.5
293.5
595.0
436.0
553.0
680.5
568.0
412.0
280.0
289.0
905.5
703.0
112.0
151.0
553.0
571.0
272.5
970.0
604.0
518.5
130.0
302.5
1195.0
125.5
862.0
692.5
211.0
118.0
232.0
932.5
595.0
340.0
94.0
526.0
221.5
574.0
619.0
166.0
173.5
404.5
1148.5
424.0
365.5
902.5
109.0
629.5
578.5
178.0
404.5
40.0
119.5
148.0
670.0
779.5
515.5
713.5
668.5
376.0
985.0
77.5
239.5
484.0
194.5
1216.0
641.5
160.0
1030.0
334.0
709.0
643.0
652.0
382.0
487.0
314.5
329.5
170.5
410.5
736.0
104.5
293.5
389.5
86.5
256.0
257.5
799.0
1028.5
745.0
796.0
637.0
530.5
607.0
460.0
839.5
484.0
790.0
710.5
127.0
94.0
796.0
394.0
695.5
187.0
415.0
785.5
725.5
134.5
253.0
302.5
284.5
586.0
374.5
614.5
223.0
314.5
266.5
352.0
203.5
73.0
247.0
391.0
173.5
215.5
26.5
152.5
364.0
262.0
239.5
224.5
721.0
881.5
1012.0
377.5
140.5
227.5
236.5
205.0
103.0
554.5
457.0
332.5
410.5
938.5
583.0
145.0
695.5
583.0
260.5
197.5
272.5
1130.5
637.0
740.5
163.0
634.0
452.5
727.0
347.5
421.0
266.5
748.0
488.5
742.0
476.5
284.5
472.0
206.5
125.5
1187.5
34.0
574.0
452.5
476.5
151.0
506.5
568.0
503.5
272.5
688.0
139.0
698.5
133.0
641.5
331.0
178.0
583.0
251.5
320.5
242.5
139.0
314.5
442.0
283.0
208.0
511.0
128.5
761.5
59.5
458.5
98.5
313.0
512.5
385.0
884.5
356.5
470.5
715.0
470.5
583.0
58.0
379.0
614.5
263.5
286.0
601.0
823.0
190.0
653.5
710.5
340.0
623.5
602.5
263.5
370.0
301.0
524.5
500.5
212.5
703.0
155.5
218.5
484.0
991.0
758.5
149.5
181.0
142.0
923.5
521.5
620.5
305.5
589.0
104.5
146.5
385.0
470.5
91.0
229.0
160.0
515.5
427.0
380.5
496.0
245.5
868.0
832.0
196.0
446.5
319.0
626.5
386.5
749.5
289.0
307.0
574.0
151.0
605.5
406.0
586.0
364.0
952.0
359.5
289.0
250.0
988.0
311.5
905.5
698.5
355.0
199.0
919.0
343.0
764.5
829.0
358.0
442.0
157.0
196.0
449.5
146.5
740.5
259.0
248.5
284.5
460.0
598.0
383.5
868.0
851.5
274.0
131.5
1169.5
586.0
304.0
395.5
445.0
163.0
958.0
235.0
239.5
662.5
790.0
389.5
563.5
184.0
292.0
611.5
194.5
481.0
602.5
37.0
482.5
644.5
476.5
511.0
164.5
359.5
187.0
860.5
656.5
697.0
155.5
460.0
482.5
152.5
305.5
256.0
565.0
257.5
934.0
224.5
370.0
485.5
184.0
493.0
670.0
709.0
551.5
185.5
395.5
203.5
206.5
191.5
73.0
427.0
559.0
716.5
151.0
731.5
259.0
886.0
220.0
235.0
175.0
335.5
97.0
557.5
236.5
476.5
262.0
878.5
599.5
395.5
419.5
1018.0
155.5
364.0
695.5
254.5
922.0
322.0
323.5
449.5
611.5
281.5
865.0
677.5
250.0
598.0
290.5
679.0
1153.0
902.5
82.0
634.0
734.5
608.5
1003.0
382.0
121.0
79.0
319.0
133.0
628.0
856.0
544.0
602.5
1130.5
410.5
529.0
755.5
160.0
155.5
127.0
332.5
224.5
682.0
926.5
1010.5
119.5
845.5
250.0
707.5
166.0
482.5
194.5
656.5
746.5
638.5
619.0
341.5
343.0
245.5
964.0
830.5
418.0
838.0
143.5
475.0
715.0
386.5
629.5
584.5
571.0
976.0
158.5
415.0
206.5
452.5
518.5
59.5
950.5
377.5
233.5
676.0
271.0
635.5
625.0
29.5
544.0
608.5
596.5
136.0
88.0
488.5
196.0
50.5
181.0
356.5
415.0
169.0
509.5
583.0
269.5
218.5
394.0
64.0
725.5
875.5
85.0
502.0
389.5
374.5
1015.0
739.0
476.5
412.0
319.0
604.0
958.0
478.0
880.0
292.0
118.0
307.0
946.0
313.0
515.5
31.0
113.5
106.0
268.0
329.5
373.0
328.0
166.0
646.0
701.5
488.5
17.5
139.0
143.5
550.0
427.0
94.0
295.0
559.0
260.5
178.0
308.5
575.5
134.5
239.5
685.0
289.0
685.0
290.5
575.5
259.0
746.5
349.0
484.0
136.0
572.5
383.5
944.5
152.5
194.5
415.0
809.5
269.5
364.0
628.0
365.5
1121.5
95.5
176.5
44.5
440.5
919.0
878.5
598.0
281.5
179.5
514.0
736.0
394.0
581.5
515.5
370.0
82.0
851.5
394.0
550.0
424.0
443.5
857.5
419.5
89.5
1184.5
320.5
427.0
155.5
971.5
283.0
194.5
184.0
457.0
676.0
320.5
781.0
170.5
271.0
305.5
695.5
787.0
545.5
271.0
350.5
574.0
83.5
373.0
278.5
446.5
629.5
365.5
562.0
251.5
1019.5
577.0
724.0
170.5
32.5
497.5
277.0
520.0
337.0
446.5
188.5
298.0
257.5
958.0
397.0
722.5
280.0
418.0
175.0
433.0
127.0
472.0
446.5
544.0
412.0
323.5
496.0
704.5
467.5
772.0
214.0
149.5
410.5
442.0
821.5
374.5
424.0
319.0
317.5
160.0
511.0
323.5
358.0
238.0
956.5
139.0
248.5
808.0
854.5
334.0
482.5
256.0
632.5
689.5
47.5
406.0
799.0
263.5
563.5
370.0
176.5
340.0
587.5
8.5
716.5
613.0
274.0
370.0
97.0
184.0
952.0
673.0
778.0
295.0
167.5
284.5
373.0
319.0
548.5
443.5
575.5
253.0
295.0
367.0
169.0
617.5
368.5
554.5
386.5
178.0
235.0
100.0
896.5
250.0
694.0
818.5
290.5
163.0
239.5
562.0
602.5
311.5
769.0
431.5
701.5
304.0
158.5
547.0
593.5
514.0
386.5
920.5
793.0
620.5
470.5
472.0
580.0
341.5
413.5
274.0
550.0
299.5
14.5
163.0
614.5
427.0
271.0
836.5
634.0
199.0
563.5
485.5
574.0
340.0
266.5
853.0
616.0
148.0
283.0
203.5
301.0
205.0
332.5
866.5
797.5
577.0
248.5
64.0
209.5
698.5
388.0
275.5
178.0
61.0
914.5
941.5
302.5
628.0
539.5
478.0
1025.5
154.0
86.5
854.5
145.0
878.5
1160.5
331.0
404.5
286.0
592.0
404.5
547.0
256.0
361.0
214.0
811.0
281.5
85.0
941.5
371.5
614.5
427.0
179.5
304.0
190.0
493.0
464.5
791.5
512.5
85.0
245.5
679.0
178.0
430.0
766.0
74.5
530.5
497.5
785.5
452.5
863.5
565.0
713.5
37.0
1127.5
400.0
493.0
820.0
565.0
70.0
302.5
635.5
227.5
644.5
167.5
320.5
665.5
854.5
884.5
197.5
376.0
500.5
742.0
190.0
194.5
323.5
455.5
281.5
347.5
83.5
517.0
430.0
478.0
188.5
158.5
640.0
446.5
571.0
146.5
809.5
419.5
470.5
220.0
404.5
481.0
1016.5
688.0
373.0
332.5
118.0
497.5
910.0
554.5
872.5
784.0
602.5
103.0
404.5
835.0
752.5
413.5
223.0
644.5
470.5
316.0
616.0
334.0
103.0
145.0
323.5
725.5
323.5
575.5
304.0
1076.5
226.0
274.0
298.0
370.0
856.0
362.5
901.0
649.0
367.0
530.5
289.0
526.0
701.5
319.0
389.5
557.5
758.5
355.0
257.5
1126.0
758.5
82.0
283.0
1108.0
77.5
589.0
418.0
218.5
676.0
971.5
677.5
980.5
322.0
223.0
389.5
605.5
955.0
743.5
361.0
472.0
110.5
160.0
853.0
163.0
241.0
229.0
515.5
274.0
302.5
98.5
97.0
601.0
617.5
500.5
217.0
1066.0
284.5
568.0
763.0
896.5
359.5
295.0
289.0
26.5
473.5
160.0
496.0
698.5
251.5
421.0
50.5
253.0
509.5
763.0
182.5
638.5
755.5
124.0
64.0
490.0
223.0
172.0
1004.5
643.0
232.0
704.5
460.0
280.0
374.5
103.0
497.5
769.0
152.5
209.5
