784.0
802.0
749.5
632.5
757.0
506.5
395.5
88.0
814.0
910.0
911.5
194.5
401.5
973.0
890.5
796.0
757.0
1006.0
218.5
353.5
859.0
1000.0
980.5
370.0
628.0
226.0
482.5
292.0
278.5
178.0
347.5
943.0
514.0
443.5
553.0
886.0
631.0
446.5
478.0
871.0
472.0
862.0
493.0
439.0
980.5
814.0
518.5
722.5
362.5
130.0
1040.5
284.5
542.5
392.5
434.5
454.0
481.0
748.0
1126.0
194.5
1087.0
320.5
493.0
938.5
176.5
1075.0
448.0
343.0
152.5
800.5
368.5
209.5
584.5
53.5
185.5
398.5
1195.0
343.0
224.5
401.5
941.5
713.5
187.0
1000.0
694.0
686.5
883.0
1042.0
1085.5
907.0
625.0
475.0
122.5
80.5
491.5
494.5
368.5
683.5
326.5
256.0
1015.0
494.5
23.5
730.0
829.0
385.0
751.0
319.0
397.0
295.0
149.5
707.5
1135.0
917.5
1012.0
245.5
182.5
424.0
151.0
1271.5
1073.5
685.0
550.0
1156.0
205.0
433.0
653.5
1124.5
820.0
226.0
553.0
256.0
836.5
92.5
457.0
674.5
667.0
113.5
601.0
293.5
214.0
382.0
157.0
409.0
341.5
433.0
1013.5
358.0
517.0
110.5
553.0
826.0
64.0
298.0
1213.0
1067.5
262.0
1072.0
145.0
1234.0
556.0
905.5
1019.5
1118.5
757.0
1036.0
418.0
889.0
1141.0
551.5
1163.5
1016.5
889.0
418.0
133.0
928.0
1103.5
775.0
620.5
412.0
797.5
238.0
334.0
407.5
245.5
707.5
328.0
125.5
692.5
889.0
652.0
424.0
259.0
895.0
656.5
424.0
301.0
200.5
1015.0
1121.5
691.0
590.5
547.0
376.0
298.0
379.0
517.0
877.0
370.0
304.0
203.5
640.0
1084.0
292.0
734.5
220.0
587.5
908.5
331.0
700.0
626.5
374.5
206.5
340.0
833.5
553.0
1102.0
1178.5
232.0
436.0
529.0
250.0
238.0
476.5
62.5
62.5
863.5
19.0
637.0
740.5
23.5
1150.0
464.5
571.0
355.0
956.5
890.5
1016.5
209.5
344.5
1187.5
967.0
595.0
671.5
373.0
104.5
206.5
746.5
559.0
670.0
986.5
905.5
899.5
326.5
370.0
223.0
1162.0
770.5
383.5
668.5
860.5
25.0
562.0
922.0
991.0
511.0
295.0
310.0
368.5
841.0
202.0
749.5
244.0
1117.0
185.5
308.5
130.0
506.5
892.0
451.0
434.5
298.0
94.0
197.5
272.5
256.0
707.5
541.0
865.0
364.0
818.5
724.0
589.0
214.0
247.0
635.5
425.5
1231.0
937.0
371.5
755.5
572.5
953.5
265.0
773.5
484.0
548.5
577.0
532.0
1025.5
871.0
361.0
983.5
874.0
385.0
649.0
112.0
208.0
634.0
911.5
904.0
338.5
715.0
136.0
1018.0
307.0
1225.0
782.5
634.0
242.5
1165.0
788.5
116.5
410.5
94.0
415.0
388.0
524.5
524.5
358.0
857.5
311.5
452.5
1159.0
193.0
184.0
527.5
199.0
701.5
743.5
830.5
1187.5
853.0
119.5
734.5
484.0
1069.0
467.5
485.5
469.0
323.5
308.5
479.5
614.5
107.5
302.5
373.0
686.5
967.0
401.5
539.5
863.5
782.5
604.0
926.5
983.5
370.0
470.5
379.0
814.0
184.0
754.0
835.0
1132.0
616.0
247.0
310.0
758.5
419.5
1055.5
533.5
638.5
703.0
362.5
332.5
821.5
152.5
830.5
58.0
484.0
497.5
1013.5
623.5
794.5
74.5
475.0
748.0
526.0
784.0
458.5
229.0
281.5
545.5
491.5
593.5
535.0
674.5
197.5
116.5
473.5
293.5
808.0
332.5
1012.0
749.5
833.5
728.5
1004.5
496.0
242.5
275.5
628.0
320.5
1076.5
199.0
431.5
871.0
433.0
211.0
217.0
329.5
857.5
400.0
5.5
751.0
350.5
410.5
607.0
403.0
193.0
878.5
598.0
515.5
350.5
251.5
301.0
607.0
736.0
559.0
1120.0
458.5
454.0
835.0
206.5
967.0
289.0
464.5
346.0
653.5
899.5
626.5
1006.0
787.0
146.5
964.0
881.5
199.0
349.0
238.0
314.5
215.5
406.0
289.0
1093.0
634.0
464.5
484.0
907.0
889.0
439.0
529.0
863.5
1019.5
532.0
821.5
407.5
398.5
439.0
917.5
934.0
250.0
671.5
383.5
287.5
482.5
68.5
820.0
655.0
202.0
74.5
754.0
469.0
1016.5
419.5
527.5
466.0
218.5
527.5
647.5
754.0
1034.5
541.0
623.5
383.5
641.5
302.5
848.5
263.5
239.5
464.5
595.0
151.0
602.5
611.5
436.0
235.0
118.0
989.5
860.5
1234.0
329.5
230.5
1141.0
850.0
925.0
1058.5
445.0
61.0
391.0
877.0
778.0
545.5
560.5
970.0
326.5
74.5
1010.5
823.0
497.5
427.0
730.0
871.0
560.5
490.0
547.0
286.0
392.5
767.5
211.0
289.0
629.5
256.0
349.0
200.5
188.5
977.5
514.0
1009.0
619.0
244.0
817.0
596.5
386.5
193.0
599.5
1313.5
863.5
769.0
919.0
185.5
250.0
811.0
640.0
380.5
193.0
94.0
1004.5
962.5
392.5
325.0
151.0
775.0
223.0
907.0
448.0
769.0
941.5
413.5
476.5
190.0
257.5
193.0
1157.5
515.5
286.0
400.0
400.0
316.0
385.0
160.0
103.0
400.0
553.0
998.5
127.0
734.5
464.5
449.5
815.5
250.0
547.0
718.0
251.5
689.5
779.5
935.5
163.0
352.0
548.5
38.5
373.0
677.5
29.5
745.0
1061.5
455.5
311.5
688.0
404.5
499.0
277.0
640.0
262.0
523.0
679.0
1010.5
928.0
652.0
1102.0
344.5
709.0
389.5
313.0
946.0
871.0
677.5
202.0
722.5
749.5
1088.5
671.5
205.0
655.0
278.5
169.0
77.5
124.0
457.0
925.0
712.0
1070.5
686.5
413.5
518.5
280.0
1153.0
430.0
277.0
686.5
259.0
797.5
302.5
295.0
533.5
572.5
1145.5
715.0
676.0
937.0
709.0
916.0
826.0
1103.5
382.0
416.5
593.5
982.0
941.5
638.5
1250.5
1070.5
733.0
929.5
686.5
836.5
1037.5
365.5
388.0
457.0
1222.0
224.5
262.0
304.0
781.0
316.0
866.5
338.5
592.0
206.5
455.5
508.0
1030.0
230.5
217.0
598.0
541.0
533.5
1253.5
382.0
721.0
1276.0
397.0
217.0
829.0
185.5
349.0
647.5
272.5
206.5
503.5
34.0
823.0
1132.0
1037.5
403.0
461.5
655.0
442.0
335.5
112.0
140.5
575.5
209.5
848.5
908.5
238.0
217.0
767.5
1016.5
502.0
278.5
920.5
37.0
775.0
362.5
1000.0
634.0
770.5
670.0
65.5
238.0
440.5
683.5
529.0
1040.5
586.0
52.0
602.5
1018.0
694.0
818.5
871.0
296.5
260.5
1048.0
278.5
794.5
823.0
376.0
271.0
292.0
182.5
127.0
247.0
442.0
140.5
508.0
652.0
850.0
800.5
149.5
1028.5
622.0
245.5
488.5
830.5
1207.0
983.5
931.0
794.5
902.5
187.0
119.5
278.5
302.5
800.5
469.0
917.5
1160.5
638.5
950.5
736.0
688.0
664.0
257.5
125.5
115.0
1055.5
541.0
1208.5
529.0
830.5
83.5
286.0
323.5
349.0
869.5
910.0
944.5
133.0
202.0
205.0
664.0
829.0
470.5
253.0
76.0
187.0
232.0
643.0
356.5
1144.0
490.0
793.0
740.5
458.5
353.5
826.0
949.0
697.0
298.0
941.5
370.0
305.5
946.0
893.5
524.5
199.0
95.5
617.5
331.0
863.5
386.5
724.0
178.0
743.5
530.5
755.5
794.5
332.5
1214.5
760.0
889.0
266.5
850.0
185.5
455.5
214.0
148.0
488.5
40.0
539.5
1216.0
676.0
149.5
548.5
953.5
142.0
220.0
785.5
935.5
293.5
949.0
638.5
469.0
1120.0
220.0
679.0
313.0
59.5
689.5
115.0
941.5
391.0
310.0
257.5
250.0
214.0
671.5
1090.0
578.5
569.5
344.5
239.5
527.5
338.5
421.0
1144.0
350.5
794.5
1048.0
737.5
635.5
866.5
460.0
668.5
955.0
188.5
101.5
479.5
842.5
356.5
1084.0
416.5
916.0
727.0
251.5
419.5
656.5
578.5
961.0
668.5
1042.0
865.0
329.5
217.0
983.5
1048.0
191.5
346.0
304.0
589.0
256.0
47.5
412.0
638.5
241.0
182.5
616.0
934.0
556.0
707.5
413.5
853.0
388.0
430.0
106.0
1031.5
400.0
1013.5
1087.0
1087.0
668.5
314.5
1067.5
170.5
350.5
637.0
955.0
385.0
820.0
454.0
1139.5
628.0
655.0
863.5
551.5
286.0
544.0
283.0
91.0
257.5
113.5
238.0
920.5
839.5
613.0
479.5
112.0
1058.5
934.0
77.5
1087.0
335.5
719.5
941.5
1027.0
718.0
430.0
1003.0
644.5
586.0
112.0
700.0
557.5
400.0
329.5
446.5
169.0
226.0
121.0
1109.5
296.5
691.0
296.5
481.0
799.0
229.0
601.0
145.0
950.5
670.0
211.0
649.0
547.0
65.5
451.0
574.0
614.5
592.0
511.0
340.0
715.0
332.5
223.0
806.5
368.5
752.5
949.0
482.5
821.5
400.0
580.0
316.0
794.5
410.5
1115.5
1120.0
796.0
737.5
158.5
739.0
889.0
119.5
742.0
788.5
856.0
925.0
43.0
935.5
146.5
202.0
236.5
479.5
233.5
626.5
361.0
484.0
752.5
779.5
620.5
509.5
488.5
938.5
706.0
986.5
704.5
934.0
577.0
307.0
947.5
266.5
592.0
997.0
962.5
809.5
823.0
220.0
181.0
119.5
256.0
647.5
182.5
698.5
158.5
562.0
610.0
526.0
557.5
764.5
560.5
371.5
847.0
683.5
799.0
421.0
797.5
826.0
839.5
835.0
128.5
332.5
350.5
47.5
611.5
892.0
1153.0
263.5
824.5
373.0
550.0
719.5
944.5
733.0
857.5
538.0
146.5
262.0
449.5
389.5
671.5
961.0
854.5
841.0
205.0
448.0
434.5
487.0
737.5
1132.0
587.5
493.0
136.0
610.0
1163.5
176.5
874.0
1151.5
449.5
731.5
628.0
584.5
812.5
707.5
412.0
1025.5
1153.0
1171.0
683.5
556.0
328.0
527.5
289.0
910.0
920.5
707.5
221.5
1165.0
635.5
244.0
770.5
568.0
329.5
533.5
845.5
761.5
508.0
380.5
781.0
340.0
371.5
527.5
86.5
413.5
442.0
1030.0
673.0
116.5
923.5
1202.5
958.0
361.0
341.5
760.0
545.5
604.0
364.0
1151.5
662.5
323.5
604.0
667.0
1157.5
242.5
236.5
286.0
329.5
287.5
470.5
410.5
166.0
812.5
26.5
569.5
521.5
872.5
407.5
589.0
638.5
422.5
640.0
791.5
409.0
319.0
248.5
383.5
185.5
577.0
929.5
967.0
445.0
757.0
779.5
614.5
1036.0
374.5
643.0
766.0
395.5
319.0
802.0
884.5
301.0
221.5
497.5
253.0
1123.0
374.5
734.5
833.5
809.5
230.5
646.0
914.5
766.0
725.5
1130.5
890.5
1085.5
721.0
391.0
818.5
274.0
203.5
770.5
463.0
1205.5
293.5
788.5
862.0
824.5
547.0
973.0
562.0
820.0
955.0
563.5
143.5
742.0
875.5
757.0
593.5
230.5
197.5
643.0
1019.5
539.5
938.5
1079.5
1045.0
721.0
448.0
950.5
259.0
311.5
316.0
365.5
82.0
472.0
502.0
158.5
397.0
671.5
461.5
245.5
1088.5
974.5
127.0
626.5
835.0
593.5
623.5
202.0
488.5
745.0
919.0
616.0
751.0
92.5
286.0
269.5
637.0
149.5
80.5
520.0
86.5
569.5
940.0
544.0
1067.5
766.0
749.5
532.0
418.0
229.0
152.5
134.5
763.0
182.5
1079.5
8.5
659.5
376.0
337.0
808.0
1117.0
454.0
652.0
214.0
997.0
1246.0
395.5
220.0
799.0
491.5
815.5
175.0
766.0
134.5
673.0
844.0
502.0
145.0
442.0
794.5
203.5
527.5
755.5
791.5
178.0
121.0
610.0
905.5
163.0
110.5
193.0
308.5
209.5
643.0
178.0
277.0
812.5
1036.0
400.0
995.5
955.0
332.5
557.5
86.5
1051.0
661.0
1019.5
1006.0
59.5
865.0
877.0
653.5
493.0
158.5
554.5
812.5
268.0
526.0
433.0
760.0
445.0
484.0
371.5
931.0
211.0
878.5
187.0
739.0
664.0
1022.5
743.5
1112.5
754.0
128.5
1072.0
1066.0
934.0
236.5
406.0
328.0
1055.5
925.0
233.5
217.0
863.5
802.0
1081.0
514.0
379.0
658.0
856.0
424.0
922.0
1106.5
1061.5
830.5
419.5
997.0
388.0
841.0
424.0
1072.0
773.5
421.0
80.5
511.0
928.0
332.5
796.0
596.5
535.0
712.0
608.5
236.5
349.0
898.0
335.5
176.5
227.5
380.5
271.0
797.5
1178.5
733.0
635.5
130.0
1174.0
418.0
730.0
538.0
613.0
715.0
638.5
527.5
719.5
257.5
356.5
428.5
1094.5
407.5
161.5
1207.0
1237.0
1019.5
298.0
430.0
1208.5
788.5
278.5
440.5
1024.0
919.0
818.5
598.0
800.5
1000.0
749.5
1037.5
178.0
107.5
716.5
707.5
746.5
734.5
671.5
476.5
349.0
665.5
208.0
1018.0
136.0
562.0
722.5
106.0
79.0
827.5
316.0
100.0
355.0
257.5
605.5
919.0
208.0
1100.5
401.5
596.5
268.0
505.0
191.5
1072.0
314.5
322.0
739.0
304.0
398.5
1088.5
803.5
931.0
1177.0
553.0
830.5
1057.0
1072.0
664.0
269.5
937.0
101.5
619.0
578.5
598.0
625.0
602.5
217.0
272.5
757.0
511.0
661.0
287.5
448.0
887.5
520.0
157.0
407.5
577.0
644.5
358.0
403.0
133.0
410.5
977.5
47.5
398.5
841.0
577.0
296.5
286.0
277.0
95.5
218.5
128.5
214.0
400.0
251.5
295.0
802.0
526.0
797.5
268.0
284.5
433.0
673.0
854.5
1087.0
703.0
358.0
1058.5
1127.5
563.5
937.0
745.0
209.5
461.5
319.0
242.5
377.5
305.5
463.0
164.5
245.5
854.5
872.5
491.5
727.0
323.5
922.0
130.0
1169.5
275.5
1139.5
697.0
367.0
98.5
514.0
875.5
1138.0
1028.5
851.5
380.5
253.0
272.5
242.5
238.0
1045.0
1120.0
224.5
817.0
631.0
163.0
826.0
482.5
535.0
227.5
970.0
286.0
568.0
1048.0
862.0
101.5
448.0
442.0
149.5
895.0
200.5
842.5
986.5
271.0
652.0
961.0
824.5
991.0
851.5
263.5
445.0
556.0
401.5
544.0
1103.5
521.5
913.0
394.0
919.0
560.5
787.0
545.5
104.5
118.0
565.0
317.5
647.5
398.5
251.5
406.0
184.0
424.0
416.5
1057.0
871.0
145.0
985.0
683.5
893.5
422.5
1052.5
983.5
1291.0
736.0
202.0
478.0
115.0
715.0
869.5
497.5
830.5
491.5
833.5
368.5
655.0
1025.5
191.5
541.0
443.5
1120.0
775.0
151.0
782.5
743.5
326.5
317.5
866.5
425.5
482.5
568.0
1162.0
427.0
643.0
1189.0
491.5
683.5
694.0
484.0
296.5
346.0
1082.5
925.0
1132.0
766.0
269.5
1219.0
757.0
1015.0
587.5
821.5
980.5
983.5
856.0
688.0
1021.0
259.0
44.5
173.5
245.5
481.0
134.5
667.0
740.5
431.5
586.0
922.0
182.5
554.5
583.0
503.5
262.0
803.5
371.5
326.5
1022.5
512.5
785.5
514.0
431.5
307.0
1169.5
314.5
859.0
688.0
529.0
160.0
637.0
670.0
470.5
890.5
901.0
365.5
850.0
226.0
346.0
386.5
215.5
832.0
1030.0
364.0
424.0
137.5
298.0
436.0
467.5
392.5
868.0
34.0
374.5
800.5
523.0
926.5
611.5
964.0
727.0
971.5
517.0
563.5
733.0
362.5
1124.5
772.0
328.0
100.0
248.5
197.5
127.0
241.0
1001.5
961.0
263.5
239.5
149.5
794.5
343.0
904.0
622.0
320.5
845.5
707.5
439.0
56.5
770.5
278.5
880.0
332.5
562.0
310.0
502.0
713.5
208.0
266.5
563.5
860.5
584.5
281.5
98.5
34.0
131.5
527.5
181.0
1126.0
403.0
257.5
658.0
628.0
287.5
328.0
368.5
133.0
404.5
380.5
953.5
974.5
818.5
907.0
214.0
1016.5
847.0
1075.0
599.5
400.0
769.0
181.0
830.5
217.0
238.0
581.5
83.5
704.5
283.0
592.0
760.0
803.5
754.0
556.0
593.5
400.0
1063.0
88.0
445.0
778.0
209.5
451.0
391.0
142.0
751.0
845.5
766.0
496.0
916.0
757.0
485.5
133.0
260.5
811.0
592.0
773.5
322.0
688.0
514.0
923.5
191.5
107.5
955.0
970.0
935.5
443.5
1225.0
1054.0
278.5
478.0
263.5
338.5
509.5
676.0
559.0
826.0
734.5
211.0
1102.0
448.0
245.5
601.0
473.5
793.0
775.0
757.0
457.0
542.5
245.5
550.0
688.0
335.5
664.0
379.0
901.0
1120.0
286.0
773.5
257.5
181.0
1241.5
628.0
635.5
1043.5
908.5
173.5
400.0
428.5
814.0
422.5
760.0
353.5
269.5
715.0
812.5
964.0
1172.5
1111.0
895.0
125.5
571.0
181.0
349.0
301.0
539.5
1105.0
628.0
43.0
140.5
1070.5
916.0
523.0
629.5
715.0
374.5
772.0
1145.5
101.5
572.5
569.5
598.0
260.5
580.0
256.0
566.5
817.0
157.0
605.5
337.0
268.0
365.5
56.5
430.0
740.5
586.0
88.0
1183.0
325.0
1019.5
622.0
196.0
242.5
847.0
593.5
259.0
305.5
176.5
730.0
974.5
436.0
1141.0
574.0
308.5
377.5
311.5
1097.5
1090.0
994.0
1001.5
193.0
554.5
122.5
1153.0
241.0
370.0
350.5
1028.5
547.0
995.5
425.5
319.0
802.0
65.5
131.5
919.0
616.0
623.5
934.0
595.0
731.5
254.5
202.0
406.0
346.0
1006.0
994.0
955.0
448.0
442.0
1175.5
1118.5
796.0
214.0
773.5
404.5
163.0
322.0
28.0
689.5
940.0
413.5
127.0
158.5
592.0
131.5
872.5
388.0
139.0
601.0
1076.5
652.0
278.5
370.0
383.5
1171.0
584.5
365.5
244.0
364.0
235.0
308.5
418.0
335.5
448.0
272.5
593.5
1120.0
842.5
418.0
947.5
838.0
341.5
800.5
734.5
1015.0
965.5
722.5
824.5
532.0
794.5
866.5
946.0
886.0
578.5
311.5
242.5
265.0
278.5
653.5
199.0
662.5
425.5
494.5
497.5
574.0
572.5
263.5
509.5
959.5
929.5
434.5
298.0
203.5
946.0
524.5
535.0
152.5
419.5
982.0
58.0
446.5
214.0
131.5
853.0
1175.5
139.0
1066.0
421.0
568.0
842.5
271.0
559.0
205.0
17.5
410.5
473.5
430.0
542.5
841.0
178.0
832.0
304.0
683.5
229.0
566.5
598.0
359.5
608.5
971.5
148.0
532.0
529.0
749.5
1091.5
770.5
437.5
835.0
1060.0
754.0
37.0
211.0
1172.5
680.5
797.5
484.0
1022.5
622.0
620.5
269.5
899.5
640.0
1159.0
373.0
1147.0
428.5
107.5
632.5
314.5
439.0
914.5
104.5
944.5
584.5
731.5
380.5
1004.5
1120.0
428.5
1139.5
1126.0
208.0
65.5
427.0
682.0
691.0
358.0
235.0
199.0
706.0
568.0
772.0
524.5
791.5
1084.0
257.5
863.5
844.0
260.5
503.5
830.5
389.5
893.5
883.0
497.5
335.5
683.5
1084.0
742.0
973.0
239.5
529.0
163.0
827.5
757.0
697.0
247.0
442.0
161.5
370.0
244.0
682.0
463.0
535.0
476.5
805.0
235.0
172.0
421.0
497.5
274.0
421.0
361.0
121.0
302.5
503.5
478.0
268.0
340.0
256.0
1013.5
55.0
292.0
20.5
472.0
347.5
1030.0
437.5
629.5
1135.0
368.5
677.5
826.0
940.0
985.0
323.5
125.5
277.0
467.5
1160.5
784.0
935.5
1100.5
527.5
260.5
1109.5
572.5
1228.0
301.0
1043.5
151.0
403.0
322.0
311.5
352.0
814.0
710.5
311.5
1262.5
595.0
958.0
736.0
190.0
262.0
133.0
488.5
1012.0
788.5
337.0
43.0
293.5
137.5
74.5
307.0
911.5
782.5
473.5
812.5
56.5
205.0
817.0
173.5
428.5
661.0
160.0
902.5
862.0
785.5
751.0
802.0
452.5
118.0
692.5
598.0
677.5
214.0
965.5
961.0
1222.0
427.0
635.5
1039.0
1091.5
614.5
683.5
664.0
122.5
259.0
182.5
50.5
460.0
76.0
1141.0
1208.5
1061.5
395.5
1027.0
514.0
320.5
584.5
380.5
371.5
278.5
716.5
998.5
194.5
1022.5
682.0
256.0
196.0
248.5
269.5
581.5
331.0
233.5
904.0
757.0
1147.0
475.0
1034.5
670.0
317.5
529.0
244.0
226.0
115.0
272.5
149.5
238.0
329.5
718.0
386.5
1103.5
361.0
241.0
818.5
572.5
475.0
775.0
1187.5
929.5
644.5
833.5
251.5
733.0
419.5
1019.5
959.5
302.5
299.5
622.0
493.0
71.5
634.0
931.0
478.0
968.5
1091.5
320.5
1016.5
986.5
920.5
124.0
107.5
524.5
964.0
595.0
107.5
191.5
1123.0
752.5
484.0
494.5
959.5
698.5
892.0
226.0
566.5
451.0
557.5
356.5
712.0
212.5
961.0
226.0
434.5
481.0
220.0
809.5
976.0
1151.5
623.5
289.0
977.5
344.5
215.5
181.0
283.0
112.0
916.0
613.0
226.0
1159.0
274.0
848.5
686.5
124.0
196.0
610.0
656.5
193.0
373.0
629.5
1075.0
469.0
445.0
1087.0
1121.5
719.5
280.0
121.0
458.5
643.0
542.5
29.5
628.0
370.0
619.0
104.5
580.0
809.5
137.5
1025.5
214.0
637.0
662.5
743.5
277.0
244.0
679.0
934.0
685.0
473.5
665.5
568.0
730.0
841.0
935.5
838.0
452.5
469.0
460.0
716.5
638.5
116.5
845.5
958.0
886.0
503.5
206.5
643.0
314.5
809.5
704.5
928.0
139.0
1082.5
323.5
1105.0
397.0
583.0
191.5
1046.5
532.0
991.0
550.0
686.5
580.0
91.0
1049.5
413.5
295.0
335.5
923.5
296.5
523.0
271.0
68.5
175.0
124.0
607.0
914.5
521.5
577.0
467.5
143.5
724.0
427.0
550.0
242.5
554.5
313.0
544.0
460.0
649.0
217.0
595.0
140.5
475.0
995.5
266.5
1132.0
239.5
967.0
133.0
452.5
265.0
781.0
146.5
389.5
838.0
1069.0
949.0
200.5
922.0
524.5
772.0
244.0
449.5
436.0
310.0
541.0
451.0
68.5
616.0
280.0
1133.5
806.5
248.5
745.0
487.0
500.5
274.0
173.5
476.5
728.5
545.5
1118.5
788.5
1138.0
241.0
1052.5
727.0
226.0
379.0
1319.5
514.0
376.0
283.0
817.0
535.0
752.5
206.5
154.0
722.5
628.0
1225.0
514.0
1037.5
703.0
365.5
410.5
1033.0
1154.5
1012.0
491.5
412.0
334.0
797.5
515.5
283.0
634.0
694.0
838.0
499.0
1036.0
773.5
724.0
985.0
499.0
94.0
400.0
244.0
779.5
425.5
685.0
320.5
631.0
325.0
214.0
1096.0
181.0
280.0
485.5
503.5
1076.5
1127.5
854.5
650.5
899.5
973.0
637.0
886.0
140.5
64.0
260.5
422.5
307.0
700.0
155.5
797.5
1246.0
176.5
1072.0
392.5
361.0
670.0
331.0
610.0
721.0
448.0
637.0
704.5
758.5
212.5
325.0
286.0
353.5
1201.0
310.0
553.0
1088.5
991.0
605.5
712.0
310.0
221.5
205.0
502.0
85.0
655.0
103.0
1087.0
820.0
692.5
439.0
619.0
863.5
706.0
316.0
407.5
914.5
1162.0
856.0
400.0
115.0
196.0
326.5
812.5
1135.0
715.0
694.0
874.0
293.5
278.5
572.5
644.5
163.0
491.5
602.5
380.5
668.5
373.0
326.5
116.5
335.5
455.5
400.0
1138.0
535.0
445.0
1075.0
802.0
242.5
359.5
1120.0
670.0
781.0
982.0
850.0
434.5
166.0
107.5
982.0
1111.0
1130.5
326.5
1061.5
1162.0
337.0
677.5
179.5
313.0
71.5
196.0
322.0
161.5
649.0
448.0
908.5
1034.5
623.5
496.0
461.5
899.5
1123.0
988.0
563.5
398.5
764.5
607.0
344.5
910.0
1154.5
769.0
305.5
629.5
1015.0
157.0
202.0
746.5
247.0
344.5
229.0
415.0
107.5
527.5
496.0
565.0
188.5
304.0
1231.0
100.0
650.5
209.5
104.5
550.0
398.5
1138.0
625.0
778.0
130.0
467.5
167.5
406.0
527.5
883.0
1225.0
928.0
641.5
830.5
170.5
548.5
346.0
290.5
211.0
451.0
1018.0
521.5
1160.5
146.5
908.5
464.5
703.0
218.5
332.5
208.0
329.5
644.5
421.0
293.5
1099.0
328.0
779.5
425.5
539.5
730.0
571.0
427.0
1135.0
1204.0
164.5
838.0
478.0
881.5
892.0
365.5
218.5
251.5
599.5
152.5
952.0
208.0
155.5
790.0
835.0
494.5
284.5
952.0
748.0
320.5
394.0
577.0
380.5
511.0
950.5
298.0
712.0
412.0
1052.5
187.0
751.0
1036.0
700.0
565.0
515.5
592.0
583.0
340.0
461.5
791.5
307.0
166.0
610.0
235.0
595.0
425.5
608.5
953.5
649.0
442.0
596.5
281.5
1151.5
587.5
710.5
782.5
442.0
340.0
287.5
92.5
545.5
601.0
266.5
682.0
805.0
1102.0
437.5
524.5
385.0
727.0
379.0
743.5
229.0
410.5
1090.0
956.5
1034.5
521.5
349.0
1151.5
1048.0
247.0
1075.0
254.5
368.5
455.5
815.5
661.0
293.5
130.0
868.0
272.5
647.5
335.5
712.0
380.5
956.5
139.0
850.0
980.5
599.5
928.0
712.0
770.5
398.5
581.5
473.5
823.0
274.0
461.5
307.0
172.0
731.5
752.5
190.0
272.5
616.0
382.0
979.0
1187.5
527.5
146.5
721.0
215.5
998.5
235.0
935.5
655.0
115.0
301.0
278.5
1123.0
992.5
469.0
949.0
383.5
230.5
508.0
412.0
587.5
106.0
601.0
257.5
515.5
517.0
197.5
458.5
1201.0
254.5
322.0
449.5
424.0
638.5
1205.5
857.5
386.5
373.0
845.5
385.0
313.0
625.0
256.0
482.5
1036.0
1102.0
502.0
409.0
557.5
596.5
812.5
1001.5
329.5
199.0
433.0
1090.0
775.0
809.5
1226.5
982.0
929.5
532.0
493.0
202.0
440.5
1085.5
263.5
398.5
1079.5
448.0
1066.0
224.5
713.5
770.5
901.0
847.0
523.0
776.5
544.0
314.5
236.5
614.5
688.0
985.0
839.5
295.0
874.0
784.0
877.0
446.5
713.5
875.5
272.5
469.0
463.0
385.0
476.5
427.0
800.5
835.0
131.5
250.0
434.5
1001.5
1078.0
704.5
524.5
134.5
241.0
350.5
520.0
104.5
901.0
275.5
470.5
821.5
190.0
1198.0
893.5
238.0
500.5
406.0
253.0
394.0
65.5
842.5
512.5
263.5
1052.5
268.0
913.0
550.0
958.0
956.5
1214.5
509.5
895.0
1039.0
1207.0
274.0
278.5
1009.0
326.5
857.5
164.5
574.0
467.5
503.5
404.5
860.5
725.5
842.5
499.0
749.5
515.5
583.0
355.0
1051.0
604.0
428.5
518.5
226.0
934.0
839.5
251.5
163.0
460.0
436.0
868.0
850.0
701.5
268.0
307.0
527.5
737.5
173.5
104.5
815.5
1019.5
688.0
394.0
925.0
550.0
349.0
422.5
70.0
274.0
977.5
1190.5
32.5
545.5
767.5
1031.5
1156.0
841.0
562.0
733.0
452.5
1052.5
248.5
158.5
875.5
631.0
553.0
410.5
481.0
811.0
736.0
812.5
418.0
47.5
976.0
968.5
740.5
1114.0
401.5
1259.5
1165.0
787.0
443.5
1069.0
341.5
758.5
1007.5
848.5
554.5
607.0
830.5
607.0
353.5
934.0
704.5
289.0
634.0
1099.0
271.0
557.5
868.0
815.5
286.0
289.0
917.5
1115.5
1015.0
490.0
619.0
1018.0
464.5
478.0
415.0
562.0
557.5
223.0
430.0
436.0
419.5
664.0
449.5
857.5
770.5
214.0
680.5
373.0
632.5
631.0
284.5
1037.5
1133.5
791.5
670.0
521.5
287.5
130.0
838.0
490.0
520.0
917.5
428.5
535.0
503.5
203.5
341.5
340.0
226.0
665.5
782.5
790.0
184.0
16.0
116.5
118.0
563.5
103.0
668.5
445.0
424.0
844.0
718.0
184.0
373.0
415.0
217.0
266.5
890.5
1217.5
487.0
755.5
235.0
136.0
823.0
1193.5
1040.5
443.5
937.0
935.5
251.5
1210.0
230.5
770.5
674.5
160.0
866.5
938.5
209.5
901.0
782.5
593.5
437.5
862.0
701.5
1123.0
982.0
562.0
287.5
989.5
89.5
130.0
176.5
802.0
229.0
1063.0
1073.5
877.0
757.0
184.0
134.5
745.0
863.5
178.0
293.5
224.5
137.5
139.0
826.0
175.0
151.0
88.0
853.0
229.0
1033.0
365.5
518.5
440.5
932.5
584.5
64.0
1063.0
839.5
464.5
223.0
601.0
152.5
1178.5
665.5
536.5
389.5
620.5
760.0
947.5
460.0
469.0
401.5
704.5
446.5
214.0
1015.0
146.5
515.5
518.5
583.0
934.0
254.5
8.5
749.5
326.5
331.0
590.5
499.0
335.5
554.5
245.5
637.0
458.5
557.5
670.0
694.0
475.0
905.5
605.5
865.0
757.0
1006.0
922.0
188.5
730.0
1030.0
539.5
419.5
313.0
238.0
1108.0
929.5
1072.0
851.5
703.0
1115.5
134.5
829.0
503.5
386.5
874.0
967.0
748.0
262.0
571.0
529.0
997.0
293.5
437.5
686.5
1228.0
905.5
323.5
1081.0
253.0
592.0
503.5
797.5
323.5
158.5
310.0
976.0
436.0
697.0
382.0
376.0
1142.5
163.0
253.0
1021.0
544.0
992.5
239.5
871.0
652.0
671.5
1087.0
163.0
254.5
115.0
658.0
158.5
356.5
389.5
1126.0
293.5
614.5
263.5
298.0
620.5
365.5
787.0
446.5
1064.5
290.5
754.0
1165.0
790.0
778.0
446.5
758.5
497.5
767.5
161.5
1154.5
976.0
929.5
1156.0
1237.0
1252.0
559.0
826.0
1064.5
185.5
130.0
160.0
497.5
701.5
529.0
367.0
298.0
1219.0
196.0
295.0
880.0
502.0
529.0
806.5
397.0
1033.0
1045.0
607.0
1105.0
775.0
833.5
347.5
337.0
791.5
832.0
217.0
355.0
251.5
721.0
509.5
713.5
782.5
499.0
523.0
910.0
826.0
1124.5
385.0
128.5
406.0
322.0
188.5
625.0
800.5
115.0
538.0
1042.0
271.0
251.5
560.5
1202.5
676.0
253.0
380.5
124.0
266.5
617.5
1022.5
971.5
1051.0
976.0
1102.0
1112.5
1027.0
443.5
386.5
227.5
181.0
610.0
286.0
511.0
670.0
1096.0
548.5
103.0
431.5
248.5
560.5
232.0
478.0
881.5
322.0
1028.5
1022.5
496.0
322.0
355.0
104.5
409.0
401.5
290.5
1202.5
769.0
245.5
1118.5
682.0
848.5
781.0
893.5
463.0
482.5
979.0
368.5
931.0
479.5
257.5
808.0
275.5
365.5
1034.5
697.0
979.0
346.0
683.5
367.0
23.5
232.0
578.5
586.0
1150.0
760.0
1079.5
902.5
908.5
568.0
992.5
161.5
1021.0
850.0
1226.5
401.5
542.5
349.0
394.0
1133.5
589.0
917.5
241.0
530.5
920.5
713.5
851.5
71.5
662.5
341.5
1009.0
409.0
493.0
437.5
422.5
1160.5
401.5
517.0
410.5
733.0
371.5
727.0
466.0
85.0
229.0
817.0
400.0
758.5
335.5
248.5
461.5
802.0
707.5
452.5
796.0
142.0
164.5
221.5
251.5
1085.5
868.0
479.5
752.5
242.5
734.5
782.5
577.0
875.5
640.0
587.5
763.0
431.5
853.0
329.5
517.0
647.5
1232.5
1133.5
530.5
280.0
752.5
404.5
989.5
670.0
1004.5
253.0
14.5
331.0
713.5
817.0
1078.0
260.5
770.5
925.0
128.5
1153.0
617.5
571.0
1225.0
274.0
1174.0
457.0
451.0
524.5
70.0
566.5
101.5
800.5
100.0
202.0
625.0
1184.5
316.0
1010.5
610.0
737.5
866.5
572.5
610.0
1031.5
725.5
220.0
1159.0
664.0
326.5
518.5
277.0
1046.5
640.0
418.0
1007.5
413.5
485.5
650.5
278.5
901.0
193.0
281.5
421.0
1103.5
295.0
560.5
1118.5
811.0
389.5
424.0
1066.0
706.0
518.5
935.5
896.5
226.0
211.0
860.5
217.0
377.5
343.0
989.5
842.5
343.0
509.5
253.0
971.5
214.0
1024.0
1142.5
776.5
841.0
478.0
962.5
853.0
827.5
205.0
421.0
1033.0
886.0
767.5
475.0
272.5
820.0
988.0
698.5
907.0
1108.0
1031.5
721.0
1066.0
115.0
917.5
515.5
317.5
791.5
872.5
487.0
458.5
965.5
728.5
827.5
356.5
436.0
574.0
1126.0
266.5
287.5
434.5
107.5
1006.0
85.0
965.5
970.0
1055.5
1142.5
1060.0
1172.5
676.0
832.0
1085.5
1231.0
482.5
500.5
244.0
1106.5
479.5
472.0
220.0
1058.5
677.5
197.5
1067.5
299.5
61.0
887.5
484.0
634.0
1084.0
533.5
170.5
1150.0
104.5
323.5
31.0
124.0
1136.5
415.0
659.5
359.5
913.0
485.5
364.0
436.0
443.5
514.0
1015.0
772.0
310.0
766.0
341.5
436.0
991.0
242.5
514.0
409.0
562.0
410.5
566.5
781.0
893.5
1072.0
763.0
575.5
37.0
131.5
242.5
314.5
782.5
244.0
131.5
430.0
944.5
433.0
728.5
719.5
703.0
244.0
586.0
404.5
166.0
470.5
325.0
310.0
140.5
707.5
857.5
182.5
272.5
266.5
308.5
166.0
109.0
311.5
125.5
739.0
758.5
1046.5
883.0
98.5
793.0
169.0
613.0
736.0
290.5
1223.5
665.5
862.0
677.5
1103.5
1270.0
985.0
652.0
602.5
740.5
586.0
826.0
682.0
685.0
898.0
397.0
1106.5
1075.0
602.5
301.0
731.5
1060.0
824.5
847.0
1039.0
209.5
68.5
340.0
419.5
476.5
95.5
79.0
238.0
248.5
722.5
142.0
718.0
904.0
565.0
76.0
233.5
848.5
866.5
226.0
269.5
250.0
377.5
109.0
376.0
896.5
944.5
553.0
674.5
122.5
823.0
799.0
740.5
358.0
1124.5
431.5
523.0
982.0
304.0
577.0
292.0
868.0
931.0
1106.5
278.5
1019.5
1063.0
760.0
239.5
320.5
587.5
917.5
187.0
110.5
274.0
356.5
929.5
796.0
209.5
155.5
455.5
449.5
677.5
1046.5
274.0
256.0
257.5
214.0
719.5
329.5
344.5
925.0
632.5
269.5
727.0
691.0
359.5
749.5
271.0
448.0
748.0
112.0
1136.5
659.5
796.0
125.5
662.5
686.5
394.0
424.0
332.5
322.0
764.5
68.5
617.5
838.0
296.5
955.0
626.5
286.0
574.0
818.5
622.0
851.5
1198.0
535.0
605.5
659.5
500.5
799.0
595.0
155.5
515.5
472.0
610.0
760.0
785.5
515.5
746.5
889.0
203.5
782.5
875.5
871.0
91.0
155.5
79.0
311.5
860.5
236.5
565.0
370.0
994.0
89.5
376.0
58.0
392.5
244.0
433.0
536.5
233.5
280.0
496.0
73.0
179.5
523.0
515.5
395.5
644.5
332.5
335.5
803.5
202.0
337.0
328.0
734.5
1171.0
23.5
593.5
275.5
728.5
395.5
661.0
712.0
914.5
250.0
109.0
632.5
797.5
253.0
812.5
604.0
467.5
931.0
791.5
344.5
190.0
581.5
418.0
164.5
469.0
784.0
392.5
449.5
539.5
443.5
1033.0
470.5
274.0
286.0
863.5
1138.0
431.5
1018.0
736.0
290.5
469.0
1136.5
269.5
611.5
776.5
299.5
142.0
337.0
776.5
784.0
229.0
907.0
677.5
875.5
935.5
725.5
415.0
722.5
209.5
187.0
755.5
464.5
502.0
125.5
269.5
694.0
377.5
413.5
704.5
1048.0
670.0
973.0
20.5
218.5
640.0
475.0
956.5
466.0
439.0
293.5
536.5
800.5
653.5
824.5
766.0
874.0
716.5
268.0
116.5
481.0
893.5
481.0
89.5
554.5
541.0
823.0
446.5
616.0
242.5
458.5
526.0
101.5
385.0
770.5
373.0
541.0
1097.5
187.0
1019.5
859.0
805.0
887.5
697.0
145.0
737.5
1073.5
880.0
872.5
424.0
367.0
296.5
628.0
1085.5
452.5
562.0
809.5
1027.0
1052.5
938.5
874.0
440.5
527.5
1081.0
449.5
439.0
1129.0
941.5
367.0
950.5
752.5
154.0
703.0
695.5
437.5
281.5
268.0
1060.0
142.0
329.5
874.0
256.0
929.5
679.0
338.5
601.0
749.5
958.0
1201.0
193.0
901.0
659.5
181.0
634.0
1129.0
487.0
392.5
545.5
376.0
887.5
686.5
659.5
1039.0
113.5
788.5
353.5
1120.0
427.0
949.0
626.5
178.0
464.5
563.5
643.0
760.0
443.5
866.5
395.5
218.5
886.0
689.5
956.5
209.5
313.0
1063.0
608.5
946.0
142.0
805.0
311.5
260.5
653.5
205.0
703.0
269.5
205.0
407.5
464.5
308.5
437.5
829.0
205.0
1007.5
262.0
325.0
556.0
287.5
1192.0
754.0
466.0
370.0
533.5
866.5
352.0
169.0
455.5
280.0
316.0
212.5
1037.5
410.5
671.5
917.5
743.5
941.5
296.5
941.5
325.0
287.5
116.5
194.5
142.0
950.5
445.0
1202.5
389.5
1192.0
514.0
857.5
892.0
331.0
514.0
1003.0
1262.5
638.5
112.0
226.0
392.5
301.0
845.5
305.5
472.0
808.0
434.5
674.5
911.5
1039.0
28.0
337.0
292.0
1100.5
794.5
521.5
650.5
416.5
739.0
190.0
389.5
248.5
455.5
308.5
176.5
410.5
608.5
235.0
971.5
332.5
1033.0
383.5
1054.0
628.0
202.0
283.0
193.0
634.0
583.0
895.0
691.0
508.0
95.5
590.5
1132.0
316.0
230.5
532.0
859.0
1054.0
1010.5
560.5
685.0
247.0
224.5
280.0
977.5
1127.5
122.5
923.5
778.0
770.5
1148.5
646.0
839.5
110.5
440.5
425.5
305.5
1097.5
1207.0
275.5
637.0
199.0
932.5
316.0
919.0
361.0
856.0
662.5
545.5
1043.5
119.5
1081.0
637.0
854.5
1084.0
485.5
230.5
163.0
1100.5
988.0
878.5
359.5
454.0
841.0
539.5
734.5
131.5
785.5
233.5
632.5
926.5
892.0
361.0
676.0
770.5
62.5
1132.0
865.0
416.5
869.5
434.5
158.5
572.5
775.0
740.5
1063.0
985.0
1034.5
671.5
395.5
487.0
745.0
607.0
89.5
484.0
530.5
452.5
583.0
397.0
277.0
814.0
781.0
358.0
76.0
1130.5
299.5
398.5
527.5
325.0
880.0
193.0
175.0
229.0
242.5
188.5
226.0
761.5
865.0
502.0
217.0
1195.0
703.0
1073.5
1243.0
1108.0
214.0
745.0
961.0
548.5
925.0
815.5
307.0
682.0
736.0
694.0
52.0
799.0
836.5
662.5
202.0
557.5
815.5
791.5
868.0
950.5
260.5
1132.0
994.0
211.0
178.0
667.0
686.5
166.0
821.5
337.0
407.5
304.0
155.5
328.0
1093.0
1094.5
541.0
647.5
220.0
1009.0
647.5
406.0
197.5
736.0
385.0
533.5
355.0
271.0
511.0
760.0
1022.5
145.0
241.0
896.5
1253.5
653.5
838.0
907.0
245.5
254.5
184.0
106.0
959.5
557.5
311.5
439.0
863.5
1099.0
1049.5
520.0
958.0
815.5
836.5
964.0
808.0
1187.5
368.5
94.0
457.0
142.0
974.5
242.5
721.0
188.5
592.0
374.5
680.5
904.0
799.0
758.5
340.0
827.5
911.5
244.0
944.5
1049.5
1151.5
137.5
389.5
343.0
887.5
218.5
601.0
286.0
641.5
811.0
266.5
122.5
745.0
257.5
239.5
875.5
290.5
568.0
1004.5
658.0
541.0
152.5
221.5
1075.0
140.5
163.0
443.5
460.0
499.0
68.5
487.0
313.0
1040.5
872.5
269.5
682.0
604.0
950.5
827.5
236.5
548.5
889.0
799.0
298.0
919.0
310.0
829.0
602.5
820.0
412.0
971.5
971.5
254.5
35.5
689.5
1037.5
445.0
554.5
995.5
377.5
65.5
557.5
890.5
565.0
940.0
893.5
787.0
695.5
248.5
637.0
164.5
665.5
506.5
382.0
746.5
352.0
230.5
92.5
145.0
665.5
670.0
986.5
916.0
451.0
1148.5
295.0
427.0
749.5
91.0
214.0
391.0
479.5
547.0
908.5
797.5
767.5
848.5
563.5
577.0
1094.5
226.0
113.5
470.5
637.0
472.0
1045.0
622.0
566.5
698.5
799.0
1001.5
373.0
856.0
971.5
143.5
340.0
265.0
817.0
1082.5
278.5
523.0
350.5
314.5
656.5
683.5
619.0
355.0
349.0
335.5
962.5
508.0
824.5
1168.0
992.5
880.0
862.0
658.0
929.5
1022.5
587.5
1105.0
844.0
142.0
181.0
380.5
721.0
1219.0
745.0
1177.0
1268.5
1139.5
1106.5
514.0
457.0
1168.0
269.5
1063.0
379.0
460.0
352.0
1048.0
106.0
980.5
827.5
974.5
316.0
871.0
107.5
725.5
1096.0
373.0
416.5
290.5
1073.5
575.5
856.0
170.5
616.0
404.5
856.0
907.0
167.5
677.5
808.0
218.5
65.5
359.5
779.5
398.5
1096.0
310.0
517.0
397.0
710.5
197.5
325.0
425.5
1117.0
785.5
740.5
187.0
685.0
190.0
302.5
124.0
308.5
176.5
55.0
736.0
803.5
1120.0
275.5
88.0
313.0
262.0
365.5
1066.0
995.5
475.0
476.5
268.0
298.0
932.5
863.5
682.0
418.0
1051.0
1129.0
452.5
320.5
173.5
587.5
77.5
779.5
1001.5
1231.0
1000.0
1004.5
1138.0
133.0
377.5
316.0
527.5
871.0
433.0
502.0
34.0
865.0
439.0
953.5
365.5
478.0
1138.0
145.0
724.0
521.5
158.5
203.5
910.0
322.0
499.0
148.0
1142.5
1283.5
76.0
470.5
796.0
227.5
407.5
509.5
166.0
176.5
569.5
169.0
472.0
332.5
863.5
1067.5
889.0
998.5
922.0
1069.0
578.5
631.0
968.5
940.0
604.0
788.5
71.5
1034.5
914.5
514.0
353.5
1030.0
968.5
466.0
311.5
82.0
296.5
275.5
236.5
439.0
932.5
553.0
974.5
202.0
676.0
566.5
607.0
419.5
209.5
365.5
430.0
251.5
206.5
149.5
152.5
925.0
278.5
550.0
49.0
949.0
284.5
577.0
310.0
317.5
319.0
776.5
191.5
722.5
443.5
1001.5
820.0
697.0
325.0
358.0
481.0
536.5
991.0
1154.5
1063.0
1066.0
901.0
