1421.5
1340.5
1378.0
1409.5
1376.5
1433.5
1316.5
1351.0
1370.5
1324.0
1415.5
1474.0
1384.0
1390.0
1402.0
1390.0
1385.5
1369.0
1346.5
1369.0
1324.0
1453.0
1402.0
1369.0
1393.0
1394.5
1376.5
1369.0
1337.5
1334.5
1468.0
1415.5
1430.5
1346.5
1345.0
1451.5
1423.0
1415.5
1363.0
1420.0
1435.0
1378.0
1426.0
1375.0
1391.5
1363.0
1471.0
1445.5
1409.5
1454.5
1400.5
1436.5
1388.5
1430.5
1399.0
1348.0
1460.5
1454.5
1375.0
1261.0
1303.0
1415.5
1427.5
1334.5
1226.5
1423.0
1334.5
1387.0
1423.0
1384.0
1433.5
1397.5
1423.0
1355.5
1426.0
1379.5
1396.0
1361.5
1319.5
1426.0
1430.5
1298.5
1408.0
1366.0
1310.5
1417.0
1426.0
1369.0
1405.0
1387.0
1496.5
1429.0
1415.5
1357.0
1354.0
1382.5
1438.0
1412.5
1426.0
1408.0
1382.5
1397.5
1369.0
1373.5
1252.0
1322.5
1468.0
1376.5
1450.0
1411.0
1379.5
1348.0
1411.0
1402.0
1402.0
1399.0
1357.0
1381.0
1373.5
1415.5
1354.0
1423.0
1393.0
1379.5
1376.5
1397.5
1400.5
1433.5
1426.0
1360.0
1343.5
1331.5
1415.5
1403.5
1421.5
1409.5
1430.5
1418.5
1202.5
1436.5
1387.0
1412.5
1343.5
1334.5
1345.0
1382.5
1321.0
1406.5
1352.5
1483.0
1423.0
1348.0
1385.5
1409.5
1415.5
1352.5
1400.5
1375.0
1400.5
1384.0
1424.5
1462.0
1423.0
1357.0
1354.0
1436.5
1375.0
1361.5
1432.0
1400.5
1445.5
1391.5
1351.0
1408.0
1417.0
1375.0
1417.0
1391.5
1393.0
1349.5
1429.0
1408.0
1337.5
1360.0
1402.0
1369.0
1465.0
1318.0
1442.5
1430.5
1430.5
1430.5
1352.5
1420.0
1454.5
1394.5
1393.0
1378.0
1418.5
1432.0
1391.5
1417.0
1364.5
1424.5
1357.0
1417.0
1343.5
1393.0
1454.5
1333.0
1400.5
1382.5
1400.5
1408.0
1391.5
1379.5
1366.0
1385.5
1400.5
1369.0
1453.0
1352.5
1420.0
1375.0
1391.5
1408.0
1250.5
1414.0
1427.5
1454.5
1433.5
1312.0
1294.0
1384.0
1316.5
1360.0
1429.0
1274.5
1468.0
1372.0
1427.5
1454.5
1465.0
1397.5
1421.5
1289.5
1349.5
1352.5
1418.5
1444.0
1394.5
1346.5
1483.0
1349.5
1441.0
1378.0
1417.0
1382.5
1264.0
1346.5
1363.0
1393.0
1427.5
1403.5
1333.0
1408.0
1417.0
1451.5
1448.5
1444.0
1382.5
1396.0
1366.0
1414.0
1418.5
1339.0
1264.0
1321.0
1397.5
1330.0
1357.0
1349.5
1447.0
1444.0
1460.5
1390.0
1423.0
1393.0
1375.0
1432.0
1420.0
1442.5
1418.5
1426.0
1409.5
1393.0
1352.5
1357.0
1360.0
1435.0
1340.5
1352.5
1447.0
1423.0
1427.5
1465.0
1381.0
1430.5
1402.0
1429.0
1427.5
1408.0
1420.0
1385.5
1417.0
1406.5
1357.0
1429.0
1420.0
1436.5
1375.0
1346.5
1439.5
1432.0
1426.0
1424.5
1385.5
1394.5
1283.5
1357.0
1390.0
1429.0
1385.5
1367.5
1408.0
1408.0
1454.5
1411.0
1394.5
1444.0
1286.5
1444.0
1436.5
1331.5
1379.5
1358.5
1411.0
1315.0
1330.0
1409.5
1378.0
1340.5
1451.5
1378.0
1441.0
1441.0
1445.5
1369.0
1370.5
1363.0
1439.5
1385.5
1405.0
1310.5
1454.5
1330.0
1417.0
1303.0
1399.0
1339.0
1396.0
1417.0
1211.5
1451.5
1373.5
1366.0
1402.0
1412.5
1277.5
1405.0
1391.5
1388.5
1453.0
1427.5
1447.0
1397.5
1340.5
1340.5
1384.0
1390.0
1432.0
1360.0
1432.0
1399.0
1462.0
1388.5
1397.5
1330.0
1439.5
1400.5
1379.5
1415.5
1472.5
1393.0
1370.5
1466.5
1345.0
1306.0
1444.0
1405.0
1432.0
1351.0
1358.5
1432.0
1439.5
1378.0
1436.5
1364.5
1478.5
1370.5
1327.0
1375.0
1414.0
1363.0
1396.0
1420.0
1400.5
1451.5
1367.5
1403.5
1436.5
1390.0
1370.5
1427.5
1433.5
1384.0
1420.0
1436.5
1414.0
1399.0
1390.0
1370.5
1460.5
1409.5
1354.0
1408.0
1427.5
1423.0
1318.0
1460.5
1402.0
1328.5
1405.0
1417.0
1384.0
1412.5
1324.0
1402.0
1367.5
1462.0
1376.5
1378.0
1355.5
1468.0
1307.5
1418.5
1406.5
1294.0
1379.5
1369.0
1438.0
1378.0
1378.0
1366.0
1436.5
1414.0
1435.0
1399.0
1345.0
1462.0
1424.5
1391.5
1361.5
1340.5
1427.5
1480.0
1328.5
1417.0
1445.5
1345.0
1441.0
1411.0
1391.5
1391.5
1405.0
1358.5
1288.0
1364.5
1328.5
1379.5
1408.0
1346.5
1435.0
1424.5
1432.0
1412.5
1391.5
1372.0
1418.5
1400.5
1457.5
1436.5
1436.5
1388.5
1387.0
1381.0
1373.5
1369.0
1409.5
1462.0
1414.0
1399.0
1415.5
1471.0
1417.0
1376.5
1333.0
1354.0
1390.0
1364.5
1417.0
1319.5
1435.0
1412.5
1358.5
1394.5
1381.0
1433.5
1354.0
1331.5
1414.0
1411.0
1291.0
1385.5
1415.5
1405.0
1388.5
1426.0
1411.0
1411.0
1315.0
1370.5
1411.0
1457.5
1441.0
1400.5
1441.0
1324.0
1457.5
1399.0
1367.5
1397.5
1345.0
1406.5
1409.5
1411.0
1441.0
1378.0
1451.5
1403.5
1432.0
1466.5
1400.5
1393.0
1403.5
1417.0
1349.5
1397.5
1360.0
1390.0
1309.0
1384.0
1450.0
1382.5
1438.0
1420.0
1417.0
1453.0
1316.5
1312.0
1363.0
1406.5
1441.0
1415.5
1264.0
1340.5
1286.5
1297.0
1418.5
1454.5
1393.0
1403.5
1414.0
1403.5
1397.5
1373.5
1391.5
1321.0
1337.5
1381.0
1433.5
1436.5
1412.5
1466.5
1414.0
1399.0
1337.5
1432.0
1409.5
1424.5
1381.0
1418.5
1417.0
1373.5
1375.0
1379.5
1382.5
1429.0
1406.5
1361.5
1457.5
1336.0
1397.5
1438.0
1427.5
1406.5
1394.5
1406.5
1427.5
1357.0
1322.5
1406.5
1376.5
1394.5
1393.0
1427.5
1409.5
1426.0
1391.5
1363.0
1366.0
1400.5
1369.0
1273.0
1310.5
1391.5
1417.0
1456.0
1411.0
1435.0
1411.0
1454.5
1462.0
1382.5
1387.0
1400.5
1390.0
1489.0
1276.0
1381.0
1441.0
1379.5
1318.0
1402.0
1411.0
1412.5
1382.5
1411.0
1336.0
1420.0
1361.5
1388.5
1388.5
1493.5
1325.5
1364.5
1331.5
1316.5
1370.5
1354.0
1442.5
1411.0
1411.0
1408.0
1423.0
1417.0
1372.0
1400.5
1319.5
1384.0
1405.0
1376.5
1378.0
1462.0
1403.5
1427.5
1439.5
1375.0
1400.5
1375.0
1414.0
1364.5
1387.0
1355.5
1429.0
1414.0
1403.5
1432.0
1387.0
1352.5
1351.0
1397.5
1403.5
1439.5
1400.5
1406.5
1396.0
1387.0
1406.5
1390.0
1318.0
1355.5
1384.0
1435.0
1420.0
1411.0
1370.5
1396.0
1468.0
1450.0
1373.5
1390.0
1391.5
1415.5
1439.5
1409.5
1360.0
1382.5
1396.0
1321.0
1411.0
1424.5
1415.5
1424.5
1357.0
1402.0
1324.0
1379.5
1406.5
1175.5
1414.0
1394.5
1387.0
1420.0
1469.5
1357.0
1396.0
1370.5
1432.0
1346.5
1370.5
1409.5
1384.0
1372.0
1343.5
1354.0
1429.0
1421.5
1367.5
1370.5
1357.0
1399.0
1388.5
1436.5
1384.0
1444.0
1345.0
1342.0
1415.5
1357.0
1388.5
1384.0
1352.5
1433.5
1417.0
1325.5
1382.5
1457.5
1334.5
1409.5
1438.0
1411.0
1340.5
1333.0
1421.5
1430.5
1372.0
1348.0
1346.5
1481.5
1397.5
1331.5
1408.0
1403.5
1340.5
1349.5
1379.5
1339.0
1349.5
1453.0
1424.5
1429.0
1447.0
1405.0
1394.5
1466.5
1414.0
1331.5
1400.5
1363.0
1411.0
1427.5
1429.0
1355.5
1388.5
1384.0
1415.5
1456.0
1394.5
1282.0
1363.0
1453.0
1445.5
1361.5
1286.5
1433.5
1411.0
1414.0
1396.0
1391.5
1328.5
1463.5
1382.5
1397.5
1363.0
1411.0
1361.5
1427.5
1433.5
1324.0
1375.0
1456.0
1400.5
1393.0
1355.5
1373.5
1417.0
1372.0
1363.0
1415.5
1420.0
1447.0
1355.5
1385.5
1418.5
1403.5
1442.5
1382.5
1354.0
1381.0
1391.5
1445.5
1424.5
1372.0
1396.0
1442.5
1387.0
1325.5
1430.5
1336.0
1375.0
1376.5
1303.0
1432.0
1438.0
1268.5
1441.0
1318.0
1346.5
1457.5
1340.5
1430.5
1397.5
1415.5
1328.5
1430.5
1367.5
1447.0
1370.5
1348.0
1424.5
1420.0
1430.5
1445.5
1363.0
1283.5
1433.5
1381.0
1349.5
1360.0
1382.5
1351.0
1444.0
1438.0
1373.5
1417.0
1421.5
1382.5
1421.5
1424.5
1435.0
1411.0
1382.5
1330.0
1478.5
1391.5
1435.0
1394.5
1439.5
1400.5
1421.5
1420.0
1391.5
1319.5
1373.5
1433.5
1325.5
1348.0
1423.0
1355.5
1288.0
1354.0
1303.0
1411.0
1438.0
1375.0
1354.0
1357.0
1375.0
1360.0
1345.0
1358.5
1424.5
1349.5
1334.5
1387.0
1337.5
1366.0
1403.5
1427.5
1411.0
1436.5
1445.5
1426.0
1406.5
1360.0
1328.5
1369.0
1274.5
1411.0
1424.5
1460.5
1403.5
1420.0
1360.0
1358.5
1384.0
1390.0
1340.5
1352.5
1342.0
1355.5
1438.0
1396.0
1382.5
1406.5
1459.0
1387.0
1354.0
1361.5
1400.5
1373.5
1423.0
1460.5
1319.5
1414.0
1408.0
1412.5
1379.5
1403.5
1366.0
1454.5
1403.5
1391.5
1415.5
1414.0
1477.0
1432.0
1390.0
1357.0
1448.5
1433.5
1424.5
1331.5
1421.5
1391.5
1423.0
1432.0
1394.5
1397.5
1444.0
1354.0
1354.0
1354.0
1376.5
1382.5
1379.5
1381.0
1418.5
1324.0
1250.5
1357.0
1328.5
1403.5
1426.0
1390.0
1406.5
1429.0
1504.0
1294.0
1297.0
1321.0
1373.5
1378.0
1468.0
1232.5
1300.0
1453.0
1375.0
1423.0
1423.0
1288.0
1385.5
1364.5
1444.0
1315.0
1418.5
1381.0
1409.5
1369.0
1378.0
1402.0
1384.0
1333.0
1445.5
1433.5
1316.5
1403.5
1453.0
1382.5
1381.0
1291.0
1412.5
1393.0
1433.5
1451.5
1417.0
1358.5
1372.0
1336.0
1300.0
1393.0
1402.0
1493.5
1423.0
1376.5
1301.5
1340.5
1460.5
1444.0
1415.5
1423.0
1369.0
1399.0
1463.5
1363.0
1442.5
1370.5
1337.5
1340.5
1376.5
1391.5
1381.0
1406.5
1384.0
1175.5
1372.0
1388.5
1402.0
1385.5
1346.5
1376.5
1406.5
1351.0
1387.0
1349.5
1399.0
1375.0
1408.0
1372.0
1349.5
1462.0
1423.0
1454.5
1421.5
1418.5
1390.0
1420.0
1433.5
1285.0
1418.5
1372.0
1324.0
1397.5
1472.5
1405.0
1396.0
1445.5
1408.0
1372.0
1316.5
1436.5
1441.0
1391.5
1235.5
1354.0
1376.5
1319.5
1357.0
1343.5
1288.0
1279.0
1445.5
1426.0
1373.5
1384.0
1387.0
1358.5
1421.5
1387.0
1300.0
1435.0
1316.5
1367.5
1412.5
1370.5
1426.0
1412.5
1411.0
1432.0
1372.0
1379.5
1367.5
1390.0
1346.5
1393.0
1370.5
1445.5
1391.5
1366.0
1373.5
1397.5
1400.5
1474.0
1274.5
1301.5
1399.0
1357.0
1427.5
1408.0
1325.5
1423.0
1363.0
1411.0
1366.0
1475.5
1372.0
1399.0
1400.5
1367.5
1406.5
1306.0
1313.5
1384.0
1444.0
1454.5
1408.0
1297.0
1366.0
1333.0
1397.5
1373.5
1420.0
1424.5
1423.0
1424.5
1393.0
1411.0
1397.5
1423.0
1432.0
1301.5
1457.5
1408.0
1402.0
1390.0
1444.0
1388.5
1463.5
1376.5
1397.5
1397.5
1384.0
1402.0
1406.5
1402.0
1352.5
1445.5
1399.0
1306.0
1385.5
1391.5
1342.0
1357.0
1411.0
1402.0
1454.5
1388.5
1396.0
1366.0
1442.5
1424.5
1421.5
1414.0
1420.0
1421.5
1444.0
1393.0
1412.5
1447.0
1352.5
1475.5
1472.5
1372.0
1385.5
1376.5
1375.0
1471.0
1334.5
1412.5
1379.5
1451.5
1406.5
1423.0
1369.0
1424.5
1450.0
1408.0
1334.5
1391.5
1340.5
1448.5
1378.0
1412.5
1381.0
1369.0
1345.0
1430.5
1370.5
1372.0
1445.5
1357.0
1439.5
1441.0
1366.0
1418.5
1403.5
1402.0
1402.0
1454.5
1379.5
1408.0
1445.5
1412.5
1334.5
1411.0
1435.0
1415.5
1340.5
1357.0
1426.0
1403.5
1463.5
1322.5
1384.0
1411.0
1393.0
1391.5
1363.0
1358.5
1315.0
1378.0
1415.5
1384.0
1471.0
1384.0
1310.5
1366.0
1400.5
1408.0
1412.5
1369.0
1435.0
1441.0
1456.0
1433.5
1361.5
1438.0
1379.5
1337.5
1379.5
1417.0
1417.0
1420.0
1396.0
1412.5
1447.0
1396.0
1448.5
1438.0
1264.0
1331.5
1372.0
1339.0
1417.0
1355.5
1361.5
1360.0
1402.0
1384.0
1448.5
1409.5
1432.0
1436.5
1339.0
1375.0
1453.0
1421.5
1339.0
1469.5
1345.0
1264.0
1456.0
1396.0
1393.0
1426.0
1408.0
1348.0
1391.5
1436.5
1394.5
1442.5
1301.5
1432.0
1340.5
1369.0
1411.0
1442.5
1430.5
1390.0
1427.5
1412.5
1400.5
1405.0
1417.0
1367.5
1372.0
1403.5
1352.5
1370.5
1357.0
1427.5
1304.5
1340.5
1381.0
1441.0
1426.0
1387.0
1418.5
1361.5
1322.5
1354.0
1384.0
1342.0
1223.5
1334.5
1438.0
1414.0
1412.5
1349.5
1439.5
1393.0
1436.5
1387.0
1361.5
1375.0
1441.0
1411.0
1475.5
1457.5
1345.0
1267.0
1463.5
1400.5
1453.0
1406.5
1459.0
1468.0
1414.0
1373.5
1367.5
1312.0
1301.5
1360.0
1334.5
1420.0
1432.0
1421.5
1399.0
1426.0
1427.5
1409.5
1423.0
1394.5
1376.5
1421.5
1400.5
1406.5
1391.5
1376.5
1399.0
1420.0
1340.5
1274.5
1331.5
1430.5
1468.0
1453.0
1358.5
1373.5
1369.0
1445.5
1439.5
1334.5
1297.0
1324.0
1337.5
1406.5
1309.0
1412.5
1412.5
1384.0
1438.0
1319.5
1271.5
1369.0
1390.0
1454.5
1397.5
1313.5
1361.5
1375.0
1390.0
1361.5
1394.5
1435.0
1406.5
1361.5
1423.0
1372.0
1420.0
1432.0
1399.0
1319.5
1396.0
1436.5
1435.0
1334.5
1325.5
1421.5
1420.0
1472.5
1406.5
1409.5
1415.5
1396.0
1402.0
1310.5
1364.5
1333.0
1448.5
1351.0
1415.5
1442.5
1367.5
1390.0
1331.5
1427.5
1448.5
1331.5
1315.0
1430.5
1399.0
1417.0
1406.5
1337.5
1417.0
1432.0
1372.0
1412.5
1339.0
1418.5
1369.0
1390.0
1448.5
1445.5
1420.0
1342.0
1327.0
1433.5
1435.0
1447.0
1441.0
1442.5
1250.5
1451.5
1292.5
1427.5
1402.0
1450.0
1387.0
1453.0
1421.5
1460.5
1322.5
1441.0
1439.5
1402.0
1375.0
1379.5
1343.5
1421.5
1373.5
1339.0
1373.5
1408.0
1378.0
1349.5
1433.5
1418.5
1430.5
1408.0
1409.5
1432.0
1418.5
1411.0
1360.0
1358.5
1402.0
1396.0
1378.0
1387.0
1397.5
1424.5
1381.0
1357.0
1379.5
1400.5
1321.0
1439.5
1361.5
1444.0
1384.0
1334.5
1282.0
1408.0
1363.0
1436.5
1385.5
1402.0
1421.5
1352.5
1459.0
1393.0
1300.0
1387.0
1438.0
1409.5
1408.0
1421.5
1415.5
1319.5
1421.5
1436.5
1391.5
1388.5
1379.5
1402.0
1390.0
1400.5
1435.0
1418.5
1432.0
1480.0
1456.0
1402.0
1402.0
1456.0
1376.5
1411.0
1303.0
1477.0
1421.5
1466.5
1142.5
1370.5
1409.5
1438.0
1426.0
1337.5
1433.5
1385.5
1436.5
1394.5
1334.5
1373.5
1399.0
1352.5
1366.0
1403.5
1306.0
1364.5
1361.5
1349.5
1234.0
1430.5
1402.0
1310.5
1372.0
1411.0
1382.5
1448.5
1409.5
1372.0
1354.0
1336.0
1349.5
1408.0
1442.5
1292.5
1493.5
1456.0
1409.5
1480.0
1370.5
1409.5
1351.0
1378.0
1363.0
1363.0
1349.5
1385.5
1387.0
1354.0
1438.0
1400.5
1366.0
1301.5
1388.5
1264.0
1370.5
1348.0
1408.0
1375.0
1378.0
1366.0
1438.0
1409.5
1391.5
1475.5
1385.5
1325.5
1382.5
1364.5
1448.5
1388.5
1423.0
1420.0
1373.5
1372.0
1423.0
1423.0
1391.5
1354.0
1426.0
1480.0
1418.5
1418.5
1444.0
1435.0
1400.5
1411.0
1364.5
1378.0
1424.5
1345.0
1372.0
1411.0
1429.0
1432.0
1460.5
1415.5
1421.5
1447.0
1445.5
1399.0
1355.5
1433.5
1336.0
1388.5
1388.5
1448.5
1423.0
1448.5
1385.5
1402.0
1439.5
1387.0
1276.0
1414.0
1391.5
1393.0
1393.0
1411.0
1411.0
1343.5
1357.0
1409.5
1415.5
1312.0
1391.5
1397.5
1432.0
1301.5
1318.0
1400.5
1379.5
1421.5
1397.5
1433.5
1429.0
1457.5
1342.0
1439.5
1430.5
1444.0
1354.0
1438.0
1457.5
1489.0
1424.5
1352.5
1369.0
1379.5
1358.5
1378.0
1429.0
1414.0
1411.0
1414.0
1463.5
1388.5
1412.5
1399.0
1315.0
1439.5
1394.5
1454.5
1412.5
1421.5
1364.5
1394.5
1364.5
1327.0
1426.0
1378.0
1441.0
1424.5
1424.5
1388.5
1441.0
1418.5
1399.0
1369.0
1391.5
1445.5
1430.5
1235.5
1372.0
1390.0
1432.0
1393.0
1384.0
1435.0
1348.0
1370.5
1408.0
1403.5
1345.0
1405.0
1372.0
1400.5
1319.5
1352.5
1412.5
1303.0
1444.0
1444.0
1462.0
1357.0
1397.5
1441.0
1409.5
1381.0
1378.0
1379.5
1424.5
1454.5
1355.5
1421.5
1310.5
1409.5
1372.0
1399.0
1363.0
1372.0
1451.5
1451.5
1387.0
1393.0
1343.5
1372.0
1459.0
1279.0
1451.5
1439.5
1387.0
1469.5
1414.0
1424.5
1453.0
1366.0
1360.0
1408.0
1412.5
1408.0
1357.0
1403.5
1424.5
1403.5
1384.0
1373.5
1427.5
1324.0
1354.0
1400.5
1342.0
1451.5
1375.0
1433.5
1354.0
1406.5
1405.0
1375.0
1403.5
1421.5
1438.0
1447.0
1378.0
1381.0
1376.5
1379.5
1388.5
1430.5
1369.0
1369.0
1400.5
1393.0
1381.0
1321.0
1310.5
1396.0
1420.0
1373.5
1400.5
1441.0
1411.0
1421.5
1375.0
1372.0
1426.0
1346.5
1372.0
1390.0
1423.0
1435.0
1381.0
1417.0
1418.5
1430.5
1388.5
1408.0
1423.0
1403.5
1417.0
1424.5
1400.5
1436.5
1415.5
1279.0
1381.0
1379.5
1346.5
1384.0
1408.0
1358.5
1307.5
1334.5
1447.0
1420.0
1444.0
1465.0
1369.0
1432.0
1429.0
1379.5
1346.5
1313.5
1331.5
1441.0
1393.0
1376.5
1469.5
1424.5
1393.0
1433.5
1429.0
1339.0
1327.0
1436.5
1448.5
1429.0
1369.0
1399.0
1397.5
1352.5
1409.5
1469.5
1370.5
1444.0
1424.5
1352.5
1358.5
1432.0
1469.5
1300.0
1468.0
1361.5
1441.0
1378.0
1366.0
1444.0
1435.0
1372.0
1366.0
1441.0
1448.5
1399.0
1361.5
1424.5
1474.0
1390.0
1345.0
1415.5
1379.5
1373.5
1381.0
1357.0
1292.5
1432.0
1394.5
1378.0
1403.5
1408.0
1387.0
1423.0
1421.5
1432.0
1420.0
1282.0
1381.0
1351.0
1432.0
1447.0
1369.0
1414.0
1456.0
1396.0
1333.0
1300.0
1399.0
1327.0
1267.0
1450.0
1403.5
1402.0
1370.5
1454.5
1370.5
1375.0
1402.0
1174.0
1409.5
1379.5
1447.0
1424.5
1409.5
1427.5
1432.0
1435.0
1421.5
1342.0
1471.0
1415.5
1288.0
1312.0
1355.5
1459.0
1415.5
1390.0
1456.0
1445.5
1348.0
1313.5
1322.5
1391.5
1384.0
1360.0
1336.0
1373.5
1322.5
1339.0
1256.5
1391.5
1307.5
1336.0
1487.5
1417.0
1343.5
1405.0
1457.5
1360.0
1388.5
1343.5
1417.0
1445.5
1408.0
1345.0
1267.0
1403.5
1459.0
1373.5
1373.5
1390.0
1441.0
1396.0
1379.5
1400.5
1412.5
1405.0
1433.5
1393.0
1423.0
1375.0
1381.0
1409.5
1271.5
1240.0
1348.0
1456.0
1330.0
1325.5
1385.5
1397.5
1373.5
1499.5
1277.5
1321.0
1331.5
1381.0
1441.0
1390.0
1348.0
1402.0
1363.0
1436.5
1390.0
1340.5
1333.0
1373.5
1405.0
1274.5
1420.0
1388.5
1351.0
1345.0
1354.0
1294.0
1399.0
1405.0
1289.5
1453.0
1445.5
1435.0
1399.0
1412.5
1409.5
1408.0
1381.0
1399.0
1378.0
1321.0
1433.5
1453.0
1328.5
1321.0
1399.0
1354.0
1433.5
1393.0
1340.5
1427.5
1403.5
1394.5
1414.0
1405.0
1345.0
1420.0
1408.0
1393.0
1402.0
1453.0
1373.5
1396.0
1357.0
1409.5
1235.5
1444.0
1430.5
1495.0
1396.0
1388.5
1430.5
1405.0
1349.5
1360.0
1354.0
1345.0
1330.0
1387.0
1409.5
1429.0
1432.0
1405.0
1337.5
1310.5
1444.0
1411.0
1439.5
1372.0
1378.0
1372.0
1438.0
1322.5
1429.0
1370.5
1426.0
1424.5
1373.5
1433.5
1400.5
1409.5
1423.0
1406.5
1414.0
1465.0
1379.5
1438.0
1444.0
1436.5
1391.5
1385.5
1391.5
1378.0
1379.5
1424.5
1358.5
1420.0
1408.0
1357.0
1343.5
1423.0
1382.5
1364.5
1460.5
1414.0
1450.0
1385.5
1430.5
1370.5
1405.0
1418.5
1427.5
1357.0
1409.5
1339.0
1409.5
1339.0
1451.5
1414.0
1462.0
1378.0
1345.0
1384.0
1439.5
1378.0
1375.0
1381.0
1465.0
1396.0
1321.0
1433.5
1429.0
1456.0
1415.5
1438.0
1369.0
1271.5
1351.0
1429.0
1318.0
1447.0
1405.0
1409.5
1424.5
1370.5
1396.0
1400.5
1292.5
1459.0
1349.5
1400.5
1349.5
1375.0
1393.0
1363.0
1340.5
1360.0
1433.5
1418.5
1388.5
1406.5
1369.0
1444.0
1369.0
1402.0
1300.0
1402.0
1387.0
1423.0
1418.5
1429.0
1397.5
1103.5
1390.0
1348.0
1327.0
1484.5
1403.5
1370.5
1286.5
1360.0
1354.0
1432.0
1430.5
1415.5
1423.0
1451.5
1424.5
1378.0
1378.0
1378.0
1442.5
1376.5
1391.5
1366.0
1438.0
1430.5
1301.5
1378.0
1340.5
1381.0
1223.5
1444.0
1457.5
1426.0
1466.5
1394.5
1433.5
1444.0
1415.5
1372.0
1337.5
1384.0
1418.5
1391.5
1403.5
1322.5
1447.0
1456.0
1423.0
1375.0
1289.5
1372.0
1411.0
1363.0
1472.5
1412.5
1439.5
1379.5
1337.5
1288.0
1439.5
1412.5
1414.0
1429.0
1441.0
1429.0
1304.5
1396.0
1348.0
1423.0
1418.5
1451.5
1450.0
1417.0
1420.0
1396.0
1355.5
1366.0
1399.0
1381.0
1390.0
1384.0
1313.5
1297.0
1358.5
1288.0
1424.5
1390.0
1367.5
1436.5
1415.5
1310.5
1343.5
1358.5
1450.0
1388.5
1400.5
1373.5
1424.5
1448.5
1378.0
1378.0
1391.5
1361.5
1400.5
1354.0
1423.0
1312.0
1400.5
1357.0
1363.0
1408.0
1372.0
1357.0
1360.0
1328.5
1387.0
1435.0
1436.5
1417.0
1376.5
1378.0
1357.0
1409.5
1424.5
1412.5
1385.5
1219.0
1399.0
1387.0
1423.0
1408.0
1402.0
1447.0
1384.0
1411.0
1424.5
1450.0
1415.5
1402.0
1433.5
1412.5
1396.0
1360.0
1397.5
1364.5
1312.0
1420.0
1430.5
1412.5
1412.5
1354.0
1373.5
1412.5
1408.0
1445.5
1372.0
1466.5
1400.5
1378.0
1372.0
1411.0
1387.0
1378.0
1381.0
1444.0
1327.0
1439.5
1417.0
1382.5
1313.5
1343.5
1292.5
1411.0
1384.0
1438.0
1394.5
1259.5
1423.0
1450.0
1433.5
1363.0
1388.5
1372.0
1399.0
1415.5
1390.0
1274.5
1403.5
1342.0
1337.5
1357.0
1388.5
1394.5
1430.5
1427.5
1397.5
1369.0
1346.5
1427.5
1372.0
1406.5
1447.0
1375.0
1403.5
1399.0
1463.5
1435.0
1376.5
1402.0
1378.0
1378.0
1441.0
1385.5
1411.0
1357.0
1411.0
1318.0
1432.0
1390.0
1457.5
1426.0
1445.5
1354.0
1438.0
1462.0
1346.5
1477.0
1462.0
1400.5
1274.5
1309.0
1345.0
1273.0
1372.0
1345.0
1451.5
1412.5
1427.5
1430.5
1363.0
1429.0
1364.5
1427.5
1391.5
1382.5
1475.5
1441.0
1367.5
1388.5
1363.0
1360.0
1451.5
1442.5
1430.5
1466.5
1414.0
1382.5
1442.5
1462.0
1250.5
1393.0
1447.0
1424.5
1420.0
1397.5
1370.5
1394.5
1348.0
1372.0
1364.5
1387.0
1453.0
1394.5
1372.0
1411.0
1408.0
1277.5
1409.5
1390.0
1402.0
1460.5
1430.5
1397.5
1414.0
1216.0
1441.0
1432.0
1454.5
1367.5
1457.5
1451.5
1385.5
1429.0
1373.5
1399.0
1421.5
1423.0
1414.0
1439.5
1429.0
1418.5
1421.5
1408.0
1333.0
1412.5
1385.5
1444.0
1399.0
1399.0
1430.5
1396.0
1414.0
1355.5
1394.5
1426.0
1339.0
1358.5
1361.5
1381.0
1415.5
1382.5
1438.0
1417.0
1357.0
1433.5
1489.0
1361.5
1379.5
1417.0
1438.0
1423.0
1439.5
1387.0
1387.0
1361.5
1421.5
1441.0
1331.5
1459.0
1415.5
1346.5
1334.5
1388.5
1400.5
1379.5
1238.5
1405.0
1427.5
1369.0
1471.0
1369.0
1361.5
1357.0
1417.0
1435.0
1210.0
1373.5
1432.0
1388.5
1420.0
1457.5
1396.0
1430.5
1393.0
1349.5
1346.5
1433.5
1435.0
1459.0
1361.5
1300.0
1372.0
1409.5
1213.0
1402.0
1480.0
1409.5
1406.5
1423.0
1321.0
1316.5
1360.0
1405.0
1372.0
1394.5
1153.0
1372.0
1360.0
1424.5
1448.5
1307.5
1354.0
1328.5
1409.5
1378.0
1427.5
1484.5
1336.0
1436.5
1357.0
1319.5
1427.5
1450.0
1408.0
1418.5
1315.0
1466.5
1336.0
1399.0
1454.5
1444.0
1352.5
1400.5
1429.0
1424.5
1400.5
1367.5
1382.5
1444.0
1406.5
1369.0
1400.5
1486.0
1391.5
1286.5
1249.0
1417.0
1318.0
1333.0
1316.5
1396.0
1309.0
1435.0
1339.0
1336.0
1364.5
1454.5
1411.0
1423.0
1363.0
1354.0
1300.0
1384.0
1406.5
1420.0
1397.5
1429.0
1450.0
1384.0
1360.0
1384.0
1397.5
1355.5
1235.5
1370.5
1381.0
1441.0
1445.5
1376.5
1393.0
1397.5
1394.5
1346.5
1354.0
1399.0
1441.0
1373.5
1402.0
1384.0
1459.0
1307.5
1432.0
1412.5
1369.0
1357.0
1408.0
1409.5
1420.0
1325.5
1423.0
1424.5
1448.5
1388.5
1388.5
1366.0
1399.0
1367.5
1394.5
1442.5
1336.0
1394.5
1429.0
1442.5
1406.5
1433.5
1418.5
1396.0
1432.0
1366.0
1397.5
1388.5
1394.5
1421.5
1411.0
1384.0
1381.0
1352.5
1450.0
1366.0
1247.5
1406.5
1334.5
1447.0
1396.0
1448.5
1445.5
1340.5
1313.5
1447.0
1417.0
1279.0
1339.0
1436.5
1381.0
1387.0
1384.0
1463.5
1376.5
1477.0
1303.0
1448.5
1402.0
1412.5
1373.5
1409.5
1447.0
1418.5
1367.5
1394.5
1409.5
1408.0
1370.5
1399.0
1381.0
1355.5
1336.0
1424.5
1451.5
1411.0
1379.5
1421.5
1369.0
1372.0
1445.5
1412.5
1363.0
1393.0
1342.0
1394.5
1444.0
1409.5
1390.0
1382.5
1409.5
1384.0
1405.0
1442.5
1454.5
1427.5
1486.0
1429.0
1390.0
1396.0
1474.0
1412.5
1396.0
1319.5
1328.5
1403.5
1303.0
1429.0
1316.5
1412.5
1382.5
1445.5
1408.0
1265.5
1361.5
1280.5
1456.0
1441.0
1456.0
1372.0
1411.0
1297.0
1355.5
1423.0
1343.5
1384.0
1328.5
1436.5
1372.0
1420.0
1397.5
1415.5
1247.5
1399.0
1430.5
1402.0
1406.5
1372.0
1306.0
1432.0
1378.0
1433.5
1372.0
1402.0
1429.0
1411.0
1391.5
1301.5
1414.0
1418.5
1426.0
1373.5
1373.5
1385.5
1442.5
1426.0
1418.5
1406.5
1366.0
1394.5
1423.0
1424.5
1436.5
1370.5
1366.0
1394.5
1403.5
1384.0
1363.0
1421.5
1355.5
1390.0
1424.5
1411.0
1385.5
1411.0
1312.0
1373.5
1406.5
1360.0
1393.0
1382.5
1388.5
1430.5
1378.0
1379.5
1396.0
1418.5
1373.5
1280.5
1375.0
1418.5
1420.0
1388.5
1322.5
1442.5
1444.0
1373.5
1405.0
1418.5
1396.0
1394.5
1399.0
1312.0
1418.5
1388.5
1355.5
1403.5
1390.0
1318.0
1258.0
1381.0
1390.0
1445.5
1418.5
1409.5
1394.5
1336.0
1385.5
1363.0
1352.5
1402.0
1364.5
1390.0
1408.0
1384.0
1367.5
1432.0
1307.5
1393.0
1378.0
1417.0
1345.0
1432.0
1342.0
1433.5
1325.5
1336.0
1424.5
1424.5
1372.0
1420.0
1457.5
1400.5
1409.5
1457.5
1430.5
1370.5
1418.5
1364.5
1315.0
1355.5
1411.0
1397.5
1447.0
1457.5
1423.0
1396.0
1373.5
1273.0
1420.0
1372.0
1381.0
1456.0
1430.5
1378.0
1349.5
1399.0
1327.0
1388.5
1348.0
1426.0
1360.0
1403.5
1433.5
1403.5
1358.5
1405.0
1415.5
1366.0
1439.5
1337.5
1285.0
1381.0
1378.0
1429.0
1409.5
1433.5
1375.0
1427.5
1375.0
1390.0
1375.0
1388.5
1411.0
1403.5
1406.5
1423.0
1360.0
1435.0
1423.0
1294.0
1339.0
1358.5
1346.5
1405.0
1432.0
1360.0
1433.5
1420.0
1324.0
1357.0
1441.0
1336.0
1394.5
1435.0
1409.5
1432.0
1432.0
1432.0
1304.5
1423.0
1405.0
1406.5
1283.5
1445.5
1397.5
1426.0
1376.5
1298.5
1412.5
1402.0
1405.0
1367.5
1385.5
1478.5
1388.5
1268.5
1384.0
1339.0
1378.0
1285.0
1457.5
1451.5
1402.0
1382.5
1360.0
1406.5
1451.5
1460.5
1357.0
1432.0
1378.0
1462.0
1376.5
1334.5
1412.5
1409.5
1370.5
1396.0
1364.5
1405.0
1439.5
1382.5
1208.5
1418.5
1462.0
1459.0
1472.5
1297.0
1439.5
1423.0
1378.0
1400.5
1271.5
1432.0
1388.5
1430.5
1418.5
1375.0
1424.5
1414.0
1405.0
1399.0
1390.0
1382.5
1412.5
1390.0
1457.5
1405.0
1393.0
1378.0
1447.0
1361.5
1430.5
1429.0
1397.5
1436.5
1465.0
1387.0
1402.0
1397.5
1336.0
1393.0
1418.5
1430.5
1429.0
1345.0
1432.0
1442.5
1435.0
1381.0
1346.5
1435.0
1433.5
1379.5
1388.5
1364.5
1349.5
1373.5
1421.5
1432.0
1396.0
1267.0
1399.0
1418.5
1432.0
1423.0
1408.0
1367.5
1366.0
1390.0
1349.5
1345.0
1448.5
1406.5
1445.5
1334.5
1354.0
1412.5
1420.0
1403.5
1370.5
1423.0
1355.5
1406.5
1399.0
1291.0
1361.5
1415.5
1337.5
1390.0
1405.0
1280.5
1307.5
1424.5
1427.5
1447.0
1412.5
1450.0
1423.0
1387.0
1441.0
1366.0
1438.0
1298.5
1340.5
1349.5
1475.5
1432.0
1309.0
1396.0
1358.5
1376.5
1451.5
1409.5
1421.5
1408.0
1424.5
1360.0
1388.5
1459.0
1433.5
1427.5
1424.5
1370.5
1343.5
1379.5
1369.0
1361.5
1415.5
1426.0
1369.0
1346.5
1412.5
1385.5
1379.5
1400.5
1379.5
1310.5
1451.5
1435.0
1417.0
1414.0
1460.5
1367.5
1441.0
1411.0
1396.0
1442.5
1391.5
1370.5
1358.5
1385.5
1363.0
1412.5
1432.0
1430.5
1436.5
1420.0
1265.5
1405.0
1363.0
1408.0
1360.0
1369.0
1342.0
1405.0
1417.0
1396.0
1417.0
1355.5
1408.0
1409.5
1415.5
1361.5
1414.0
1402.0
1411.0
1411.0
1414.0
1333.0
1432.0
1414.0
1465.0
1447.0
1436.5
1415.5
1400.5
1385.5
1444.0
1417.0
1451.5
1417.0
1376.5
1384.0
1414.0
1409.5
1426.0
1423.0
1349.5
1405.0
1415.5
1381.0
1361.5
1390.0
1348.0
1442.5
1319.5
1361.5
1451.5
1267.0
1382.5
1435.0
1379.5
1411.0
1427.5
1277.5
1423.0
1327.0
1451.5
1360.0
1451.5
1439.5
1417.0
1333.0
1352.5
1445.5
1334.5
1328.5
1438.0
1337.5
1403.5
1397.5
1319.5
1331.5
1385.5
1438.0
1349.5
1474.0
1370.5
1379.5
1325.5
1396.0
1448.5
1465.0
1394.5
1396.0
1352.5
1418.5
1420.0
1372.0
1294.0
1406.5
1382.5
1396.0
1318.0
1423.0
1297.0
1417.0
1393.0
1429.0
1495.0
1451.5
1417.0
1424.5
1403.5
1384.0
1375.0
1384.0
1373.5
1390.0
1394.5
1417.0
1400.5
1324.0
1316.5
1132.0
1294.0
1385.5
1463.5
1369.0
1319.5
1438.0
1460.5
1429.0
1403.5
1147.0
1381.0
1435.0
1426.0
1382.5
1469.5
1367.5
1400.5
1366.0
1427.5
1462.0
1445.5
1442.5
1376.5
1351.0
1451.5
1385.5
1435.0
1376.5
1460.5
1387.0
1423.0
1384.0
1388.5
1438.0
1357.0
1426.0
1393.0
1366.0
1376.5
1411.0
1405.0
1391.5
1394.5
1393.0
1486.0
1424.5
1303.0
1390.0
1385.5
1412.5
1391.5
1366.0
1357.0
1411.0
1454.5
1418.5
1301.5
1393.0
1432.0
1283.5
1343.5
1382.5
1382.5
1462.0
1402.0
1438.0
1283.5
1453.0
1436.5
1450.0
1324.0
1268.5
1483.0
1376.5
1423.0
1361.5
1454.5
1436.5
1402.0
1333.0
1424.5
1454.5
1408.0
1387.0
1436.5
1387.0
1375.0
1303.0
1397.5
1385.5
1382.5
1417.0
1240.0
1402.0
1429.0
1420.0
1429.0
1402.0
1417.0
1388.5
1349.5
1420.0
1385.5
1414.0
1396.0
1436.5
1435.0
1268.5
1394.5
1292.5
1360.0
1366.0
1435.0
1249.0
1340.5
1390.0
1399.0
1463.5
1312.0
1216.0
1465.0
1444.0
1294.0
1457.5
1457.5
1327.0
1327.0
1460.5
1387.0
1429.0
1412.5
1384.0
1273.0
1429.0
1442.5
1414.0
1355.5
1406.5
1423.0
1366.0
1402.0
1417.0
1358.5
1423.0
1343.5
1361.5
1471.0
1396.0
1367.5
1388.5
1439.5
1363.0
1399.0
1436.5
1411.0
1397.5
1349.5
1438.0
1394.5
1384.0
1463.5
1339.0
1301.5
1397.5
1426.0
1423.0
1435.0
1444.0
1451.5
1493.5
1429.0
1411.0
1403.5
1420.0
1436.5
1390.0
1445.5
1451.5
1424.5
1354.0
1400.5
1406.5
1348.0
1438.0
1382.5
1429.0
1415.5
1169.5
1427.5
1430.5
1378.0
1411.0
1349.5
1379.5
1397.5
1415.5
1414.0
1379.5
1472.5
1433.5
1333.0
1330.0
1373.5
1432.0
1349.5
1352.5
1412.5
1441.0
1414.0
1441.0
1346.5
1370.5
1459.0
1364.5
1475.5
1336.0
1309.0
1417.0
1378.0
1405.0
1349.5
1466.5
1303.0
1363.0
1379.5
1412.5
1438.0
1412.5
1447.0
1414.0
1297.0
1387.0
1421.5
1349.5
1307.5
1484.5
1357.0
1397.5
1417.0
1295.5
1379.5
1355.5
1396.0
1385.5
1349.5
1439.5
1424.5
1349.5
1472.5
1460.5
1432.0
1385.5
1441.0
1492.0
1300.0
1400.5
1384.0
1249.0
1376.5
1393.0
1432.0
1378.0
1406.5
1405.0
1405.0
1438.0
1412.5
1342.0
1352.5
1427.5
1384.0
1402.0
1399.0
1378.0
1238.5
1408.0
1340.5
1337.5
1415.5
1481.5
1373.5
1313.5
1348.0
1387.0
1315.0
1406.5
1354.0
1477.0
1394.5
1361.5
1447.0
1439.5
1322.5
1424.5
1469.5
1411.0
1405.0
1387.0
1345.0
1369.0
1409.5
1343.5
1399.0
1375.0
1420.0
1339.0
1471.0
1429.0
1336.0
1405.0
1390.0
1427.5
1417.0
1436.5
1351.0
1424.5
1450.0
1454.5
1373.5
1315.0
1375.0
1442.5
1334.5
1400.5
1429.0
1388.5
1450.0
1447.0
1445.5
1384.0
1435.0
1375.0
1292.5
1462.0
1385.5
1340.5
1412.5
1372.0
1391.5
1318.0
1382.5
1346.5
1397.5
1388.5
1345.0
1376.5
1426.0
1424.5
1480.0
1351.0
1409.5
1340.5
1435.0
1373.5
1414.0
1424.5
1432.0
1369.0
1382.5
1364.5
1418.5
1321.0
1414.0
1394.5
1249.0
1376.5
1451.5
1448.5
1355.5
1417.0
1387.0
1414.0
1430.5
1423.0
1402.0
1391.5
1387.0
1447.0
1348.0
1391.5
1435.0
1361.5
1426.0
1424.5
1390.0
1435.0
1418.5
1439.5
1387.0
1406.5
1330.0
1396.0
1442.5
1351.0
1366.0
1439.5
1465.0
1373.5
1438.0
1432.0
1343.5
1403.5
1378.0
1310.5
1378.0
1337.5
1403.5
1451.5
1397.5
1469.5
1303.0
1423.0
1421.5
1372.0
1406.5
1361.5
1441.0
1403.5
1441.0
1369.0
1412.5
1412.5
1406.5
1433.5
1445.5
1364.5
1313.5
1217.5
1384.0
1379.5
1399.0
1399.0
1468.0
1421.5
1327.0
1300.0
1411.0
1399.0
1348.0
1358.5
1382.5
1346.5
1352.5
1372.0
1375.0
1201.0
1397.5
1387.0
1403.5
1390.0
1454.5
1427.5
1417.0
1433.5
1415.5
1421.5
1430.5
1324.0
1376.5
1424.5
1397.5
1454.5
1384.0
1361.5
1411.0
1384.0
1444.0
1324.0
1400.5
1432.0
1400.5
1369.0
1424.5
1336.0
1421.5
1393.0
1463.5
1351.0
1391.5
1378.0
1402.0
1388.5
1255.0
1328.5
1424.5
1414.0
1423.0
1321.0
1439.5
1373.5
1321.0
1388.5
1421.5
1391.5
1382.5
1420.0
1432.0
1426.0
1400.5
1366.0
1469.5
1427.5
1427.5
1420.0
1364.5
1394.5
1403.5
1369.0
1387.0
1340.5
1397.5
1442.5
1361.5
1339.0
1373.5
1396.0
1412.5
1409.5
1439.5
1448.5
1378.0
1442.5
1328.5
1361.5
1444.0
1435.0
1385.5
1406.5
1423.0
1412.5
1367.5
1378.0
1415.5
1387.0
1327.0
1403.5
1450.0
1349.5
1387.0
1450.0
1451.5
1394.5
1451.5
1363.0
1405.0
1370.5
1436.5
1345.0
1457.5
1388.5
1381.0
1300.0
1376.5
1364.5
1379.5
1447.0
1324.0
1331.5
1433.5
1382.5
1418.5
1349.5
1369.0
1441.0
1267.0
1442.5
1352.5
1417.0
1366.0
1286.5
1424.5
1430.5
1391.5
1402.0
1438.0
1387.0
1444.0
1408.0
1375.0
1438.0
1441.0
1426.0
1429.0
1439.5
1454.5
1453.0
1397.5
1435.0
1429.0
1430.5
1316.5
1403.5
1451.5
1360.0
1385.5
1417.0
1400.5
1339.0
1355.5
1385.5
1429.0
1394.5
1451.5
1412.5
1405.0
1372.0
1393.0
1366.0
1412.5
1393.0
1402.0
1378.0
1378.0
1432.0
1417.0
1330.0
1433.5
1364.5
1400.5
1349.5
1466.5
1228.0
1322.5
1415.5
1373.5
1435.0
1336.0
1357.0
1427.5
1427.5
1403.5
1411.0
1400.5
1402.0
1453.0
1415.5
1373.5
1435.0
1388.5
1363.0
1360.0
1324.0
1342.0
1345.0
1379.5
1427.5
1450.0
1396.0
1367.5
1400.5
1376.5
1322.5
1367.5
1405.0
1388.5
1444.0
1342.0
1352.5
1409.5
1249.0
1405.0
1390.0
1454.5
1397.5
1346.5
1360.0
1400.5
1366.0
1427.5
1423.0
1448.5
1411.0
1378.0
1363.0
1465.0
1421.5
1415.5
1339.0
1387.0
1369.0
1424.5
1394.5
1465.0
1370.5
1295.5
1420.0
1349.5
1393.0
1436.5
1427.5
1408.0
1423.0
1466.5
1330.0
1412.5
1405.0
1432.0
1372.0
1396.0
1327.0
1469.5
1441.0
1490.5
1442.5
1379.5
1391.5
1439.5
1396.0
1394.5
1427.5
1462.0
1418.5
1303.0
1412.5
1412.5
1400.5
1297.0
1349.5
1445.5
1451.5
1403.5
1474.0
1405.0
1430.5
1432.0
1333.0
1426.0
1403.5
1388.5
1379.5
1400.5
1435.0
1418.5
1315.0
1481.5
1352.5
1465.0
1423.0
1379.5
1393.0
1222.0
1447.0
1361.5
1373.5
1373.5
1453.0
1402.0
1417.0
1310.5
1414.0
1447.0
1457.5
1351.0
1381.0
1385.5
1423.0
1474.0
1388.5
1375.0
1300.0
1376.5
1394.5
1406.5
1237.0
1414.0
1412.5
1417.0
1348.0
1412.5
1349.5
1448.5
1429.0
1387.0
1403.5
1442.5
1445.5
1321.0
1405.0
1207.0
1423.0
1444.0
1364.5
1381.0
1394.5
1402.0
1375.0
1405.0
1403.5
1408.0
1406.5
1345.0
1439.5
1348.0
1427.5
1451.5
1427.5
1421.5
1379.5
1408.0
1403.5
1318.0
1349.5
1463.5
1405.0
1432.0
1405.0
1444.0
1406.5
1391.5
1385.5
1406.5
1420.0
1430.5
1411.0
1361.5
1388.5
1448.5
1439.5
1484.5
1360.0
1393.0
1372.0
1493.5
1465.0
1406.5
1345.0
1457.5
1456.0
1415.5
1409.5
1424.5
1379.5
1394.5
1300.0
1465.0
1403.5
1426.0
1409.5
1381.0
1396.0
1445.5
1363.0
1328.5
1427.5
1442.5
1322.5
1364.5
1472.5
1433.5
1358.5
1390.0
1462.0
1397.5
1370.5
1409.5
1408.0
1432.0
1411.0
1411.0
1423.0
1373.5
1409.5
1421.5
1450.0
1354.0
1447.0
1388.5
1429.0
1375.0
1429.0
1405.0
1474.0
1402.0
1352.5
1366.0
1384.0
1400.5
1292.5
1382.5
1403.5
1429.0
1304.5
1336.0
1372.0
1402.0
1444.0
1390.0
1318.0
1388.5
1445.5
1387.0
1472.5
1406.5
1447.0
1477.0
1346.5
1450.0
1408.0
1361.5
1361.5
1408.0
1340.5
1390.0
1438.0
1450.0
1444.0
1433.5
1391.5
1349.5
1361.5
1412.5
1406.5
1457.5
1393.0
1406.5
1445.5
1316.5
1411.0
1427.5
1382.5
1426.0
1382.5
1385.5
1367.5
1403.5
1435.0
1427.5
1388.5
1336.0
1478.5
1405.0
1280.5
1364.5
1348.0
1331.5
1442.5
1400.5
1424.5
1394.5
1420.0
1409.5
1445.5
1321.0
1360.0
1373.5
1355.5
1343.5
1207.0
1400.5
1391.5
1378.0
1327.0
1309.0
1420.0
1435.0
1415.5
1408.0
1333.0
1360.0
1283.5
1441.0
1394.5
1424.5
1393.0
1358.5
1364.5
1372.0
1397.5
1313.5
1397.5
1415.5
1450.0
1396.0
1321.0
1433.5
1411.0
1282.0
1451.5
1393.0
1433.5
1363.0
1417.0
1406.5
1418.5
1334.5
1417.0
1436.5
1400.5
1367.5
1399.0
1418.5
1373.5
1424.5
1295.5
1342.0
1339.0
1378.0
1313.5
1432.0
1436.5
1438.0
1381.0
1409.5
1390.0
1339.0
1393.0
1433.5
1462.0
1384.0
1405.0
1390.0
1328.5
1399.0
1420.0
1394.5
1424.5
1472.5
1417.0
1367.5
1454.5
1237.0
1408.0
1400.5
1384.0
1379.5
1432.0
1456.0
1405.0
1391.5
1403.5
1423.0
1400.5
1352.5
1439.5
1436.5
1426.0
1406.5
1388.5
1355.5
1400.5
1406.5
1369.0
1429.0
1418.5
1352.5
1426.0
1445.5
1409.5
1412.5
1435.0
1414.0
1381.0
1397.5
1367.5
1357.0
1418.5
1435.0
1445.5
1424.5
1322.5
1415.5
1435.0
1378.0
1373.5
1453.0
1241.5
1400.5
1379.5
1439.5
1291.0
1402.0
1445.5
1397.5
1376.5
1325.5
1466.5
1352.5
1463.5
1466.5
1402.0
1346.5
1369.0
1405.0
1423.0
1438.0
1403.5
1465.0
1394.5
1334.5
1324.0
1399.0
1423.0
1381.0
1409.5
1411.0
1402.0
1457.5
1363.0
1387.0
1450.0
1441.0
1412.5
1409.5
1343.5
1400.5
1373.5
1411.0
1439.5
1384.0
1495.0
1460.5
1454.5
1409.5
1382.5
1457.5
1427.5
1378.0
1420.0
1324.0
1267.0
1450.0
1375.0
1397.5
1361.5
1240.0
1337.5
1421.5
1426.0
1466.5
1453.0
1399.0
1429.0
1447.0
1390.0
1357.0
1333.0
1424.5
1406.5
1318.0
1414.0
1402.0
1262.5
1418.5
1400.5
1345.0
1306.0
1474.0
1357.0
1346.5
1429.0
1397.5
1411.0
1391.5
1414.0
1372.0
1403.5
1453.0
1352.5
1435.0
1354.0
1421.5
1426.0
1342.0
1411.0
1369.0
1360.0
1418.5
1433.5
1426.0
1414.0
1412.5
1463.5
1462.0
1408.0
1423.0
1378.0
1429.0
1436.5
1427.5
1442.5
1418.5
1355.5
1369.0
1396.0
1420.0
1411.0
1436.5
1357.0
1406.5
1412.5
1358.5
1373.5
1375.0
1348.0
1438.0
1481.5
1453.0
1261.0
1378.0
1354.0
1373.5
1409.5
1388.5
1442.5
1226.5
1381.0
1469.5
1381.0
1256.5
1441.0
1360.0
1337.5
1309.0
1370.5
1390.0
1420.0
1369.0
1382.5
1409.5
1444.0
1471.0
1429.0
1409.5
1414.0
1442.5
1403.5
1441.0
1426.0
1442.5
1427.5
1465.0
1424.5
1445.5
1403.5
1420.0
1426.0
1364.5
1412.5
1412.5
1393.0
1372.0
1399.0
1396.0
1384.0
1442.5
1409.5
1435.0
1384.0
1367.5
1423.0
1478.5
1394.5
1372.0
1400.5
1445.5
1373.5
1399.0
1276.0
1298.5
1480.0
1462.0
1348.0
1417.0
1307.5
1463.5
1436.5
1430.5
1442.5
1426.0
1399.0
1417.0
1415.5
1381.0
1412.5
1420.0
1450.0
1421.5
1331.5
1432.0
1387.0
1397.5
1436.5
1397.5
1400.5
1367.5
1403.5
1426.0
1382.5
1400.5
1429.0
1381.0
1351.0
1367.5
1396.0
1414.0
1352.5
1295.5
1412.5
1397.5
1456.0
1393.0
1423.0
1385.5
1415.5
1418.5
1430.5
1445.5
1304.5
1340.5
1391.5
1250.5
1405.0
1403.5
1402.0
1378.0
1346.5
1439.5
1358.5
1259.5
1319.5
1430.5
1352.5
1370.5
1385.5
1348.0
1453.0
1435.0
1336.0
1433.5
1387.0
1409.5
1421.5
1442.5
1364.5
1324.0
1373.5
1412.5
1477.0
1375.0
1411.0
1400.5
1418.5
1370.5
1378.0
1388.5
1403.5
1351.0
1378.0
1304.5
1435.0
1415.5
1420.0
1411.0
1424.5
1363.0
1448.5
1466.5
1327.0
1408.0
1438.0
1469.5
1421.5
1339.0
1364.5
1435.0
1460.5
1294.0
1423.0
1387.0
1370.5
1406.5
1411.0
1439.5
1367.5
1450.0
1441.0
1439.5
1382.5
1399.0
1382.5
1291.0
1397.5
1433.5
1448.5
1453.0
1397.5
1417.0
1399.0
1450.0
1348.0
1381.0
1412.5
1375.0
1412.5
1418.5
1370.5
1388.5
1450.0
1417.0
1367.5
1373.5
1447.0
1385.5
1376.5
1375.0
1435.0
1450.0
1429.0
1417.0
1418.5
1331.5
1397.5
1466.5
1363.0
1334.5
1406.5
1364.5
1409.5
1348.0
1442.5
1348.0
1384.0
1385.5
1439.5
1360.0
1382.5
1421.5
1414.0
1430.5
1345.0
1453.0
1456.0
1391.5
1411.0
1393.0
1390.0
1408.0
1283.5
1337.5
1361.5
1420.0
1415.5
1450.0
1417.0
1328.5
1402.0
1397.5
1406.5
1432.0
1330.0
1423.0
1447.0
1420.0
1355.5
1459.0
1393.0
1331.5
1331.5
1436.5
1360.0
1438.0
1369.0
1420.0
1342.0
1357.0
1402.0
1397.5
1361.5
1384.0
1426.0
1417.0
1355.5
1424.5
1406.5
1349.5
1361.5
1391.5
1433.5
1453.0
1402.0
1420.0
1415.5
1367.5
1405.0
1378.0
1448.5
1414.0
1391.5
1442.5
1379.5
1463.5
1408.0
1361.5
1447.0
1378.0
1415.5
1273.0
1348.0
1439.5
1435.0
1417.0
1478.5
1444.0
1408.0
1352.5
1429.0
1358.5
1379.5
1367.5
1438.0
1270.0
1363.0
1397.5
1346.5
1394.5
1342.0
1282.0
1439.5
1412.5
1424.5
1411.0
1396.0
1451.5
1423.0
1381.0
1417.0
1421.5
1412.5
1388.5
1363.0
1399.0
1324.0
1402.0
1379.5
1394.5
1420.0
1459.0
1399.0
1406.5
1384.0
1463.5
1456.0
1415.5
1400.5
1337.5
1394.5
1388.5
1288.0
1399.0
1379.5
1406.5
1495.0
1375.0
1426.0
1420.0
1435.0
1354.0
1411.0
1366.0
1439.5
1331.5
1295.5
1393.0
1414.0
1345.0
1444.0
