107.5
196.0
113.5
200.5
101.5
187.0
110.5
64.0
209.5
91.0
166.0
76.0
16.0
41.5
58.0
104.5
32.5
175.0
175.0
82.0
211.0
103.0
98.5
74.5
74.5
148.0
74.5
110.5
110.5
98.5
65.5
145.0
38.5
121.0
76.0
208.0
205.0
224.5
155.5
215.5
332.5
73.0
170.5
161.5
41.5
74.5
74.5
80.5
101.5
248.5
113.5
49.0
403.0
31.0
175.0
92.5
265.0
229.0
119.5
197.5
89.5
77.5
73.0
227.5
23.5
187.0
65.5
118.0
31.0
61.0
49.0
34.0
190.0
97.0
206.5
275.5
197.5
76.0
250.0
254.5
104.5
70.0
49.0
46.0
88.0
46.0
248.5
158.5
307.0
251.5
161.5
67.0
200.5
242.5
50.5
52.0
271.0
251.5
128.5
263.5
127.0
158.5
104.5
158.5
104.5
53.5
97.0
122.5
71.5
67.0
112.0
50.5
268.0
55.0
290.5
64.0
241.0
143.5
101.5
146.5
251.5
17.5
221.5
251.5
119.5
25.0
131.5
187.0
194.5
202.0
244.0
46.0
131.5
229.0
79.0
161.5
107.5
127.0
160.0
388.0
277.0
55.0
185.5
286.0
74.5
86.5
104.5
214.0
130.0
107.5
266.5
110.5
188.5
317.5
445.0
211.0
94.0
260.5
34.0
32.5
31.0
344.5
263.5
130.0
220.0
172.0
124.0
217.0
77.5
64.0
227.5
106.0
107.5
53.5
121.0
67.0
89.5
115.0
253.0
112.0
145.0
332.5
106.0
74.5
94.0
164.5
406.0
118.0
361.0
166.0
223.0
29.5
91.0
56.5
391.0
62.5
154.0
103.0
289.0
119.5
76.0
107.5
143.5
236.5
229.0
79.0
62.5
115.0
293.5
56.5
133.0
170.5
197.5
68.5
88.0
134.5
97.0
158.5
188.5
94.0
179.5
98.5
50.5
70.0
59.5
70.0
29.5
145.0
106.0
169.0
71.5
149.5
61.0
64.0
287.5
155.5
250.0
68.5
169.0
196.0
125.5
103.0
215.5
91.0
137.5
149.5
202.0
65.5
260.5
286.0
229.0
43.0
134.5
116.5
148.0
92.5
326.5
116.5
112.0
122.5
260.5
59.5
163.0
95.5
398.5
118.0
116.5
232.0
142.0
100.0
14.5
70.0
287.5
98.5
308.5
286.0
38.5
92.5
38.5
106.0
106.0
110.5
101.5
149.5
76.0
154.0
259.0
241.0
50.5
194.5
16.0
115.0
101.5
79.0
310.0
206.5
88.0
229.0
65.5
478.0
332.5
47.5
194.5
230.5
32.5
37.0
124.0
202.0
116.5
151.0
307.0
208.0
136.0
209.5
116.5
118.0
242.5
188.5
175.0
212.5
322.0
323.5
113.5
283.0
145.0
206.5
136.0
184.0
91.0
265.0
23.5
280.0
88.0
146.5
58.0
143.5
65.5
190.0
149.5
404.5
104.5
242.5
224.5
151.0
31.0
71.5
197.5
61.0
124.0
164.5
242.5
194.5
208.0
58.0
52.0
86.5
70.0
104.5
199.0
283.0
218.5
245.5
163.0
86.5
248.5
160.0
113.5
118.0
203.5
178.0
277.0
227.5
100.0
155.5
116.5
280.0
313.0
133.0
280.0
214.0
380.5
103.0
224.5
170.5
53.5
391.0
118.0
155.5
125.5
113.5
121.0
52.0
71.5
326.5
269.5
134.5
74.5
40.0
58.0
298.0
124.0
80.5
182.5
32.5
85.0
91.0
152.5
124.0
179.5
98.5
58.0
77.5
118.0
218.5
229.0
260.5
71.5
136.0
316.0
242.5
121.0
293.5
187.0
302.5
194.5
188.5
98.5
56.5
326.5
40.0
82.0
157.0
178.0
133.0
85.0
61.0
82.0
62.5
76.0
116.5
17.5
128.5
139.0
62.5
16.0
8.5
230.5
125.5
109.0
172.0
214.0
214.0
35.5
196.0
205.0
194.5
199.0
208.0
169.0
151.0
206.5
65.5
67.0
68.5
185.5
134.5
110.5
71.5
128.5
19.0
97.0
317.5
217.0
65.5
275.5
61.0
104.5
164.5
386.5
148.0
124.0
263.5
65.5
311.5
91.0
202.0
77.5
101.5
85.0
128.5
28.0
98.5
166.0
190.0
254.5
148.0
97.0
221.5
86.5
268.0
395.5
17.5
151.0
98.5
97.0
152.5
134.5
116.5
152.5
77.5
91.0
307.0
91.0
38.5
46.0
79.0
157.0
380.5
143.5
415.0
139.0
43.0
253.0
353.5
134.5
161.5
218.5
143.5
88.0
110.5
112.0
227.5
242.5
187.0
196.0
148.0
182.5
200.5
56.5
277.0
343.0
256.0
140.5
79.0
334.0
166.0
139.0
157.0
305.5
137.5
205.0
116.5
58.0
124.0
101.5
211.0
161.5
49.0
73.0
194.5
335.5
209.5
65.5
163.0
91.0
86.5
37.0
212.5
217.0
133.0
232.0
59.5
145.0
125.5
196.0
152.5
251.5
176.5
58.0
194.5
91.0
160.0
140.5
182.5
155.5
137.5
119.5
224.5
43.0
32.5
71.5
149.5
155.5
25.0
73.0
65.5
230.5
238.0
83.5
232.0
50.5
197.5
172.0
68.5
101.5
271.0
56.5
283.0
130.0
104.5
119.5
281.5
290.5
268.0
233.5
20.5
50.5
178.0
268.0
286.0
146.5
232.0
233.5
50.5
73.0
79.0
94.0
326.5
59.5
118.0
373.0
139.0
178.0
253.0
58.0
161.5
77.5
106.0
248.5
167.5
88.0
151.0
77.5
203.5
239.5
121.0
52.0
113.5
44.5
229.0
205.0
107.5
74.5
230.5
116.5
133.0
206.5
190.0
37.0
73.0
176.5
187.0
40.0
98.5
121.0
91.0
107.5
251.5
32.5
139.0
148.0
115.0
59.5
271.0
142.0
70.0
151.0
184.0
232.0
151.0
148.0
67.0
133.0
200.5
235.0
182.5
271.0
164.5
41.5
332.5
50.5
83.5
217.0
104.5
67.0
157.0
119.5
40.0
122.5
103.0
221.5
127.0
127.0
125.5
61.0
55.0
148.0
182.5
178.0
148.0
104.5
125.5
113.5
190.0
91.0
95.5
89.5
232.0
167.5
107.5
176.5
158.5
494.5
82.0
178.0
106.0
52.0
203.5
194.5
95.5
254.5
382.0
145.0
308.5
323.5
311.5
46.0
110.5
149.5
208.0
151.0
49.0
170.5
263.5
188.5
140.5
62.5
145.0
212.5
263.5
182.5
34.0
116.5
241.0
224.5
121.0
106.0
247.0
167.5
107.5
65.5
140.5
38.5
193.0
218.5
62.5
227.5
16.0
251.5
160.0
182.5
128.5
140.5
154.0
127.0
38.5
121.0
149.5
115.0
167.5
67.0
218.5
64.0
185.5
260.5
83.5
251.5
20.5
103.0
80.5
199.0
119.5
73.0
161.5
68.5
146.5
136.0
127.0
328.0
172.0
229.0
232.0
232.0
53.5
28.0
68.5
16.0
247.0
145.0
22.0
217.0
100.0
127.0
58.0
8.5
19.0
218.5
140.5
172.0
259.0
77.5
185.5
269.5
83.5
85.0
302.5
320.5
316.0
74.5
13.0
124.0
236.5
203.5
88.0
226.0
178.0
20.5
130.0
101.5
229.0
94.0
214.0
104.5
185.5
262.0
181.0
190.0
119.5
10.0
62.5
283.0
260.5
214.0
122.5
53.5
146.5
215.5
191.5
79.0
370.0
68.5
56.5
125.5
76.0
98.5
44.5
175.0
176.5
232.0
175.0
82.0
193.0
277.0
226.0
112.0
79.0
197.5
23.5
143.5
77.5
16.0
65.5
139.0
389.5
542.5
241.0
79.0
245.5
68.5
16.0
127.0
43.0
182.5
305.5
274.0
37.0
154.0
281.5
100.0
280.0
367.0
137.5
128.5
214.0
298.0
86.5
170.5
58.0
43.0
172.0
74.5
257.5
199.0
28.0
47.5
116.5
172.0
44.5
227.5
182.5
107.5
154.0
71.5
101.5
62.5
100.0
410.5
188.5
130.0
176.5
137.5
340.0
116.5
58.0
56.5
140.5
76.0
22.0
77.5
86.5
100.0
95.5
181.0
215.5
62.5
272.5
56.5
71.5
80.5
154.0
142.0
91.0
133.0
137.5
299.5
323.5
139.0
193.0
61.0
178.0
151.0
77.5
178.0
140.5
181.0
110.5
91.0
185.5
154.0
92.5
194.5
53.5
227.5
92.5
247.0
184.0
209.5
115.0
122.5
85.0
107.5
181.0
131.5
190.0
19.0
184.0
116.5
208.0
143.5
272.5
256.0
266.5
194.5
124.0
110.5
136.0
251.5
95.5
287.5
125.5
410.5
250.0
131.5
118.0
140.5
98.5
76.0
115.0
41.5
208.0
250.0
59.5
206.5
38.5
32.5
32.5
236.5
121.0
98.5
65.5
229.0
326.5
215.5
116.5
260.5
23.5
67.0
239.5
7.0
119.5
158.5
35.5
154.0
263.5
298.0
50.5
83.5
80.5
115.0
218.5
197.5
38.5
85.0
103.0
302.5
178.0
122.5
136.0
122.5
61.0
89.5
140.5
76.0
83.5
220.0
194.5
392.5
62.5
68.5
88.0
31.0
128.5
79.0
175.0
175.0
160.0
110.5
88.0
149.5
172.0
67.0
92.5
22.0
413.5
212.5
104.5
20.5
56.5
124.0
173.5
107.5
124.0
143.5
307.0
19.0
160.0
166.0
214.0
190.0
223.0
217.0
127.0
232.0
191.5
287.5
85.0
85.0
160.0
83.5
83.5
130.0
140.5
215.5
277.0
106.0
74.5
305.5
89.5
220.0
22.0
257.5
44.5
187.0
307.0
91.0
155.5
95.5
89.5
209.5
160.0
232.0
250.0
55.0
139.0
83.5
80.5
25.0
226.0
32.5
158.5
109.0
146.5
67.0
85.0
238.0
211.0
188.5
47.5
112.0
148.0
155.5
157.0
193.0
223.0
211.0
94.0
109.0
104.5
155.5
157.0
475.0
85.0
44.5
287.5
29.5
262.0
62.5
160.0
245.5
331.0
83.5
131.5
70.0
185.5
35.5
149.5
74.5
154.0
100.0
179.5
128.5
133.0
92.5
86.5
109.0
118.0
214.0
16.0
170.5
112.0
268.0
128.5
82.0
88.0
76.0
82.0
104.5
91.0
97.0
199.0
205.0
41.5
265.0
266.5
97.0
200.5
67.0
190.0
86.5
256.0
226.0
82.0
314.5
92.5
142.0
40.0
67.0
94.0
97.0
22.0
113.5
76.0
352.0
86.5
160.0
166.0
142.0
157.0
124.0
136.0
41.5
158.5
142.0
55.0
341.5
215.5
76.0
59.5
308.5
16.0
278.5
16.0
104.5
241.0
110.5
247.0
386.5
185.5
152.5
317.5
20.5
176.5
182.5
106.0
296.5
184.0
358.0
349.0
98.5
76.0
370.0
190.0
212.5
166.0
247.0
295.0
40.0
127.0
58.0
244.0
257.5
26.5
97.0
322.0
173.5
280.0
67.0
134.5
202.0
146.5
239.5
68.5
343.0
80.5
133.0
170.5
191.5
184.0
50.5
259.0
184.0
167.5
217.0
43.0
91.0
193.0
151.0
173.5
187.0
142.0
128.5
206.5
365.5
214.0
46.0
113.5
109.0
16.0
128.5
152.5
115.0
181.0
319.0
113.5
67.0
253.0
224.5
37.0
230.5
77.5
215.5
209.5
118.0
109.0
49.0
73.0
25.0
98.5
229.0
109.0
175.0
206.5
241.0
163.0
86.5
178.0
164.5
151.0
107.5
28.0
175.0
245.5
275.5
221.5
76.0
214.0
176.5
82.0
92.5
127.0
58.0
212.5
41.5
40.0
91.0
77.5
137.5
179.5
116.5
250.0
332.5
106.0
208.0
140.5
79.0
167.5
290.5
112.0
199.0
395.5
37.0
92.5
49.0
118.0
365.5
379.0
173.5
122.5
101.5
68.5
172.0
145.0
56.5
361.0
110.5
46.0
109.0
172.0
362.5
52.0
187.0
173.5
254.5
79.0
202.0
130.0
367.0
256.0
314.5
20.5
211.0
23.5
376.0
184.0
194.5
145.0
139.0
271.0
176.5
100.0
5.5
172.0
88.0
94.0
188.5
73.0
83.5
253.0
94.0
175.0
47.5
71.5
187.0
229.0
47.5
127.0
191.5
74.5
206.5
245.5
181.0
349.0
155.5
310.0
173.5
55.0
182.5
167.5
68.5
112.0
152.5
415.0
209.5
287.5
92.5
65.5
197.5
38.5
209.5
107.5
116.5
82.0
34.0
287.5
134.5
301.0
148.0
179.5
44.5
88.0
100.0
101.5
59.5
133.0
47.5
139.0
359.5
394.0
19.0
100.0
205.0
155.5
44.5
149.5
311.5
133.0
163.0
223.0
52.0
64.0
92.5
215.5
194.5
118.0
118.0
139.0
134.5
112.0
229.0
419.5
154.0
110.5
94.0
122.5
70.0
106.0
20.5
185.5
142.0
127.0
92.5
152.5
23.5
229.0
136.0
98.5
143.5
100.0
142.0
98.5
244.0
43.0
293.5
259.0
61.0
86.5
154.0
151.0
110.5
191.5
89.5
281.5
82.0
61.0
167.5
395.5
127.0
233.5
71.5
91.0
167.5
125.5
152.5
56.5
148.0
416.5
155.5
178.0
71.5
109.0
230.5
197.5
92.5
271.0
194.5
151.0
154.0
167.5
217.0
151.0
113.5
238.0
106.0
124.0
154.0
242.5
146.5
347.5
83.5
65.5
178.0
104.5
257.5
445.0
53.5
232.0
25.0
155.5
151.0
43.0
218.5
184.0
167.5
110.5
61.0
166.0
140.5
145.0
76.0
187.0
205.0
112.0
17.5
152.5
32.5
226.0
401.5
245.5
103.0
284.5
145.0
148.0
74.5
280.0
37.0
179.5
139.0
136.0
149.5
121.0
59.5
35.5
89.5
140.5
65.5
116.5
121.0
95.5
251.5
115.0
241.0
98.5
11.5
134.5
113.5
146.5
173.5
82.0
151.0
101.5
80.5
395.5
145.0
139.0
224.5
127.0
97.0
70.0
37.0
253.0
26.5
191.5
53.5
92.5
215.5
80.5
53.5
134.5
229.0
191.5
119.5
152.5
166.0
193.0
146.5
215.5
118.0
71.5
377.5
136.0
343.0
140.5
226.0
40.0
149.5
148.0
59.5
196.0
178.0
106.0
70.0
254.5
62.5
137.5
164.5
161.5
92.5
41.5
133.0
190.0
31.0
73.0
119.5
182.5
95.5
278.5
155.5
62.5
122.5
262.0
110.5
65.5
122.5
206.5
37.0
79.0
241.0
64.0
193.0
103.0
247.0
323.5
136.0
169.0
293.5
140.5
214.0
188.5
82.0
263.5
178.0
136.0
44.5
316.0
131.5
307.0
194.5
106.0
88.0
133.0
101.5
109.0
239.5
121.0
241.0
163.0
247.0
107.5
56.5
158.5
146.5
146.5
110.5
119.5
94.0
59.5
64.0
94.0
71.5
152.5
112.0
208.0
196.0
85.0
424.0
44.5
235.0
50.5
157.0
113.5
208.0
136.0
152.5
32.5
55.0
218.5
175.0
233.5
124.0
89.5
92.5
199.0
128.5
287.5
217.0
422.5
104.5
266.5
215.5
131.5
100.0
79.0
56.5
85.0
376.0
34.0
107.5
218.5
91.0
79.0
62.5
127.0
152.5
146.5
109.0
211.0
97.0
214.0
134.5
172.0
65.5
64.0
37.0
211.0
247.0
47.5
94.0
175.0
82.0
124.0
133.0
163.0
86.5
274.0
34.0
44.5
127.0
167.5
92.5
407.5
293.5
302.5
196.0
371.5
85.0
173.5
215.5
125.5
434.5
265.0
220.0
109.0
88.0
82.0
101.5
145.0
154.0
46.0
238.0
85.0
92.5
110.5
175.0
152.5
194.5
292.0
83.5
251.5
158.5
221.5
347.5
73.0
133.0
91.0
116.5
37.0
80.5
49.0
64.0
244.0
314.5
101.5
161.5
76.0
232.0
88.0
124.0
68.5
232.0
59.5
76.0
194.5
316.0
193.0
194.5
134.5
151.0
205.0
70.0
151.0
160.0
62.5
334.0
136.0
80.5
74.5
143.5
82.0
217.0
167.5
92.5
70.0
104.5
217.0
119.5
121.0
257.5
356.5
268.0
298.0
199.0
253.0
29.5
196.0
301.0
148.0
137.5
62.5
182.5
118.0
70.0
68.5
56.5
299.5
29.5
194.5
28.0
107.5
176.5
65.5
71.5
175.0
38.5
55.0
229.0
184.0
140.5
61.0
73.0
349.0
85.0
125.5
155.5
239.5
223.0
98.5
53.5
230.5
136.0
104.5
220.0
232.0
124.0
239.5
68.5
133.0
71.5
71.5
109.0
166.0
190.0
221.5
110.5
208.0
79.0
34.0
176.5
268.0
25.0
242.5
44.5
343.0
121.0
134.5
122.5
17.5
55.0
212.5
164.5
82.0
85.0
140.5
58.0
280.0
119.5
107.5
172.0
247.0
340.0
92.5
49.0
190.0
331.0
352.0
254.5
149.5
166.0
185.5
46.0
175.0
340.0
94.0
65.5
61.0
127.0
31.0
205.0
74.5
173.5
92.5
526.0
163.0
143.5
188.5
205.0
317.5
313.0
262.0
22.0
158.5
163.0
125.5
127.0
322.0
77.5
203.5
158.5
146.5
334.0
182.5
124.0
107.5
43.0
106.0
125.5
163.0
167.5
65.5
178.0
58.0
20.5
106.0
151.0
176.5
130.0
100.0
202.0
134.5
8.5
121.0
274.0
79.0
64.0
47.5
170.5
71.5
227.5
52.0
86.5
170.5
196.0
71.5
148.0
281.5
77.5
190.0
104.5
101.5
134.5
317.5
49.0
59.5
28.0
299.5
161.5
197.5
127.0
71.5
161.5
197.5
124.0
38.5
250.0
71.5
580.0
374.5
158.5
256.0
118.0
119.5
43.0
98.5
61.0
301.0
379.0
137.5
274.0
130.0
226.0
44.5
101.5
259.0
26.5
107.5
80.5
238.0
229.0
83.5
343.0
235.0
365.5
232.0
88.0
113.5
200.5
271.0
155.5
313.0
215.5
46.0
191.5
16.0
103.0
109.0
103.0
172.0
176.5
200.5
89.5
29.5
86.5
14.5
184.0
91.0
371.5
202.0
289.0
184.0
200.5
109.0
91.0
22.0
172.0
130.0
124.0
169.0
224.5
197.5
196.0
205.0
170.5
305.5
89.5
151.0
74.5
67.0
44.5
115.0
88.0
230.5
133.0
137.5
53.5
134.5
386.5
155.5
187.0
35.5
116.5
212.5
71.5
377.5
281.5
157.0
10.0
49.0
104.5
154.0
32.5
103.0
199.0
233.5
97.0
265.0
110.5
38.5
149.5
169.0
14.5
404.5
245.5
65.5
199.0
250.0
47.5
26.5
26.5
170.5
197.5
71.5
4.0
86.5
206.5
181.0
233.5
107.5
155.5
140.5
128.5
278.5
83.5
143.5
136.0
128.5
109.0
236.5
286.0
299.5
191.5
143.5
115.0
152.5
190.0
50.5
142.0
37.0
74.5
142.0
38.5
46.0
311.5
149.5
103.0
76.0
113.5
193.0
341.5
152.5
167.5
215.5
173.5
166.0
83.5
38.5
64.0
98.5
167.5
133.0
64.0
67.0
106.0
197.5
181.0
359.5
173.5
46.0
152.5
40.0
40.0
149.5
184.0
74.5
116.5
142.0
82.0
314.5
104.5
139.0
67.0
34.0
202.0
131.5
92.5
125.5
17.5
256.0
154.0
212.5
101.5
178.0
224.5
89.5
59.5
61.0
265.0
178.0
151.0
131.5
140.5
211.0
134.5
109.0
463.0
160.0
158.5
167.5
103.0
548.5
203.5
10.0
130.0
164.5
104.5
155.5
88.0
233.5
107.5
262.0
80.5
145.0
182.5
115.0
142.0
424.0
337.0
137.5
257.5
142.0
98.5
146.5
65.5
92.5
122.5
148.0
172.0
133.0
137.5
139.0
145.0
137.5
53.5
137.5
97.0
113.5
40.0
134.5
130.0
58.0
56.5
115.0
23.5
211.0
158.5
235.0
17.5
79.0
203.5
83.5
130.0
74.5
221.5
56.5
34.0
161.5
161.5
262.0
46.0
58.0
256.0
32.5
37.0
53.5
172.0
19.0
94.0
209.5
149.5
115.0
49.0
73.0
416.5
116.5
83.5
196.0
173.5
47.5
41.5
89.5
212.5
178.0
139.0
161.5
86.5
218.5
91.0
95.5
143.5
97.0
74.5
158.5
113.5
133.0
85.0
143.5
80.5
79.0
34.0
26.5
113.5
137.5
188.5
158.5
20.5
22.0
89.5
58.0
152.5
94.0
25.0
227.5
148.0
37.0
119.5
98.5
338.5
173.5
89.5
112.0
100.0
95.5
284.5
173.5
173.5
424.0
20.5
160.0
344.5
124.0
350.5
224.5
55.0
86.5
94.0
160.0
178.0
130.0
127.0
152.5
91.0
151.0
182.5
284.5
104.5
83.5
172.0
145.0
371.5
59.5
196.0
223.0
169.0
229.0
224.5
65.5
220.0
185.5
193.0
29.5
68.5
113.5
163.0
176.5
196.0
82.0
275.5
245.5
277.0
74.5
92.5
107.5
194.5
179.5
161.5
193.0
308.5
91.0
178.0
68.5
139.0
187.0
323.5
310.0
82.0
164.5
178.0
206.5
196.0
49.0
136.0
190.0
265.0
44.5
106.0
235.0
71.5
176.5
46.0
74.5
74.5
116.5
124.0
410.5
170.5
37.0
134.5
202.0
439.0
343.0
89.5
50.5
127.0
179.5
130.0
230.5
125.5
187.0
116.5
269.5
227.5
181.0
215.5
182.5
67.0
299.5
89.5
134.5
203.5
341.5
127.0
235.0
442.0
310.0
154.0
232.0
32.5
140.5
193.0
242.5
143.5
134.5
32.5
76.0
71.5
401.5
199.0
194.5
151.0
89.5
218.5
217.0
166.0
275.5
220.0
242.5
49.0
118.0
256.0
121.0
188.5
220.0
91.0
262.0
193.0
77.5
23.5
149.5
232.0
127.0
347.5
188.5
68.5
112.0
79.0
254.5
79.0
83.5
98.5
131.5
59.5
188.5
98.5
53.5
95.5
229.0
193.0
26.5
94.0
232.0
64.0
134.5
104.5
73.0
224.5
107.5
74.5
73.0
445.0
34.0
113.5
256.0
335.5
164.5
122.5
50.5
238.0
88.0
190.0
74.5
245.5
167.5
311.5
173.5
194.5
302.5
302.5
29.5
55.0
67.0
101.5
179.5
203.5
88.0
130.0
119.5
256.0
164.5
35.5
113.5
334.0
224.5
83.5
134.5
110.5
86.5
289.0
388.0
65.5
31.0
125.5
106.0
176.5
425.5
59.5
65.5
133.0
16.0
125.5
319.0
58.0
109.0
103.0
304.0
82.0
41.5
76.0
79.0
112.0
166.0
224.5
131.5
122.5
152.5
128.5
49.0
8.5
82.0
298.0
166.0
77.5
115.0
181.0
133.0
53.5
100.0
176.5
124.0
220.0
53.5
80.5
107.5
229.0
158.5
109.0
158.5
262.0
280.0
262.0
91.0
121.0
107.5
74.5
269.5
139.0
140.5
136.0
77.5
145.0
98.5
269.5
103.0
193.0
106.0
128.5
172.0
124.0
71.5
26.5
146.5
173.5
59.5
112.0
52.0
337.0
140.5
106.0
170.5
88.0
44.5
136.0
139.0
242.5
175.0
115.0
325.0
217.0
157.0
149.5
293.5
278.5
97.0
127.0
118.0
83.5
182.5
109.0
380.5
206.5
133.0
241.0
79.0
227.5
343.0
206.5
155.5
283.0
224.5
82.0
116.5
233.5
164.5
92.5
160.0
110.5
68.5
83.5
122.5
290.5
206.5
68.5
172.0
157.0
244.0
155.5
137.5
32.5
205.0
167.5
119.5
157.0
61.0
100.0
164.5
115.0
319.0
145.0
100.0
128.5
244.0
148.0
128.5
106.0
29.5
65.5
242.5
125.5
194.5
103.0
170.5
233.5
74.5
388.0
50.5
170.5
83.5
253.0
160.0
179.5
91.0
106.0
62.5
181.0
100.0
176.5
188.5
40.0
286.0
212.5
23.5
214.0
80.5
70.0
251.5
179.5
164.5
430.0
113.5
92.5
89.5
121.0
278.5
158.5
109.0
71.5
101.5
64.0
82.0
149.5
31.0
397.0
85.0
26.5
248.5
109.0
82.0
65.5
47.5
139.0
212.5
239.5
64.0
202.0
332.5
133.0
121.0
277.0
94.0
185.5
212.5
205.0
209.5
134.5
130.0
119.5
121.0
140.5
98.5
157.0
55.0
139.0
46.0
86.5
274.0
67.0
206.5
167.5
79.0
43.0
161.5
98.5
70.0
122.5
92.5
148.0
163.0
218.5
190.0
211.0
311.5
98.5
212.5
350.5
50.5
109.0
85.0
158.5
188.5
46.0
98.5
253.0
40.0
73.0
170.5
53.5
62.5
211.0
221.5
91.0
31.0
236.5
227.5
122.5
112.0
184.0
91.0
118.0
62.5
292.0
124.0
130.0
259.0
70.0
64.0
53.5
374.5
55.0
176.5
143.5
70.0
70.0
221.5
137.5
122.5
52.0
77.5
92.5
262.0
452.5
112.0
212.5
133.0
238.0
77.5
127.0
127.0
344.5
107.5
403.0
155.5
269.5
145.0
83.5
367.0
62.5
151.0
389.5
158.5
158.5
283.0
200.5
190.0
148.0
71.5
157.0
130.0
163.0
110.5
55.0
281.5
22.0
173.5
119.5
122.5
146.5
163.0
65.5
74.5
104.5
5.5
26.5
140.5
109.0
74.5
158.5
44.5
133.0
50.5
100.0
191.5
181.0
244.0
146.5
106.0
50.5
160.0
182.5
271.0
143.5
203.5
115.0
32.5
154.0
82.0
163.0
124.0
82.0
88.0
82.0
211.0
244.0
142.0
124.0
167.5
38.5
110.5
212.5
235.0
149.5
80.5
199.0
77.5
145.0
133.0
251.5
212.5
133.0
49.0
185.5
95.5
121.0
70.0
383.5
64.0
124.0
227.5
128.5
127.0
70.0
127.0
307.0
133.0
280.0
178.0
161.5
74.5
316.0
188.5
91.0
124.0
124.0
275.5
115.0
109.0
214.0
137.5
127.0
155.5
98.5
70.0
215.5
112.0
83.5
140.5
290.5
130.0
58.0
268.0
143.5
50.5
118.0
244.0
181.0
154.0
136.0
272.5
140.5
71.5
92.5
47.5
121.0
229.0
7.0
38.5
64.0
122.5
182.5
44.5
254.5
101.5
188.5
142.0
205.0
262.0
355.0
64.0
83.5
208.0
284.5
101.5
98.5
244.0
62.5
70.0
115.0
34.0
109.0
190.0
136.0
287.5
407.5
61.0
53.5
16.0
257.5
82.0
196.0
319.0
136.0
148.0
106.0
385.0
50.5
142.0
298.0
224.5
152.5
271.0
91.0
170.5
31.0
95.5
133.0
232.0
85.0
217.0
80.5
254.5
244.0
31.0
67.0
55.0
91.0
49.0
64.0
74.5
383.5
359.5
52.0
115.0
185.5
118.0
43.0
106.0
22.0
137.5
148.0
238.0
95.5
179.5
229.0
124.0
80.5
157.0
137.5
80.5
133.0
41.5
134.5
317.5
89.5
118.0
146.5
241.0
211.0
172.0
53.5
119.5
209.5
125.5
247.0
158.5
43.0
67.0
122.5
37.0
128.5
347.5
154.0
152.5
121.0
134.5
298.0
121.0
149.5
280.0
230.5
217.0
113.5
74.5
154.0
265.0
8.5
16.0
76.0
541.0
65.5
20.5
251.5
220.0
20.5
71.5
185.5
251.5
167.5
104.5
145.0
85.0
127.0
83.5
61.0
88.0
199.0
229.0
274.0
215.5
74.5
314.5
157.0
163.0
146.5
82.0
101.5
241.0
80.5
167.5
155.5
218.5
325.0
70.0
113.5
43.0
73.0
172.0
233.5
67.0
161.5
166.0
208.0
176.5
40.0
311.5
64.0
137.5
214.0
230.5
119.5
115.0
94.0
89.5
268.0
137.5
98.5
191.5
215.5
50.5
100.0
146.5
52.0
89.5
158.5
136.0
79.0
160.0
124.0
262.0
124.0
20.5
244.0
76.0
188.5
112.0
73.0
61.0
191.5
94.0
169.0
77.5
140.5
266.5
131.5
133.0
98.5
163.0
155.5
358.0
67.0
146.5
50.5
64.0
247.0
125.5
13.0
103.0
76.0
193.0
62.5
118.0
179.5
25.0
83.5
248.5
137.5
103.0
169.0
185.5
214.0
116.5
43.0
193.0
218.5
95.5
200.5
244.0
160.0
109.0
2.5
53.5
176.5
19.0
122.5
182.5
407.5
140.5
361.0
199.0
107.5
127.0
62.5
173.5
112.0
77.5
85.0
334.0
175.0
316.0
119.5
130.0
155.5
193.0
385.0
113.5
61.0
128.5
328.0
161.5
98.5
94.0
134.5
65.5
50.5
26.5
34.0
122.5
139.0
199.0
22.0
110.5
128.5
334.0
250.0
184.0
266.5
424.0
98.5
50.5
88.0
115.0
92.5
26.5
454.0
77.5
203.5
281.5
58.0
127.0
245.5
131.5
92.5
106.0
266.5
26.5
344.5
152.5
152.5
166.0
118.0
190.0
139.0
290.5
127.0
59.5
35.5
131.5
281.5
29.5
161.5
259.0
128.5
61.0
97.0
77.5
221.5
334.0
244.0
251.5
76.0
65.5
139.0
79.0
64.0
260.5
190.0
47.5
143.5
145.0
220.0
137.5
83.5
149.5
203.5
95.5
233.5
131.5
211.0
140.5
182.5
152.5
137.5
64.0
172.0
58.0
47.5
145.0
235.0
155.5
145.0
332.5
62.5
100.0
139.0
191.5
101.5
149.5
38.5
152.5
322.0
82.0
50.5
242.5
104.5
80.5
167.5
344.5
160.0
40.0
119.5
43.0
65.5
89.5
40.0
238.0
59.5
44.5
271.0
226.0
311.5
269.5
80.5
128.5
373.0
208.0
347.5
128.5
64.0
46.0
59.5
274.0
211.0
421.0
106.0
7.0
112.0
124.0
76.0
242.5
176.5
71.5
85.0
203.5
88.0
167.5
101.5
143.5
214.0
148.0
311.5
143.5
332.5
385.0
202.0
143.5
190.0
92.5
154.0
145.0
91.0
205.0
83.5
52.0
283.0
88.0
281.5
92.5
157.0
167.5
223.0
197.5
190.0
35.5
121.0
113.5
46.0
160.0
122.5
401.5
43.0
140.5
119.5
143.5
100.0
209.5
118.0
266.5
175.0
161.5
271.0
178.0
317.5
134.5
152.5
320.5
134.5
295.0
133.0
233.5
31.0
158.5
178.0
257.5
125.5
67.0
59.5
46.0
109.0
98.5
215.5
161.5
331.0
140.5
49.0
71.5
509.5
23.5
257.5
14.5
251.5
202.0
182.5
157.0
137.5
52.0
52.0
32.5
128.5
154.0
194.5
115.0
148.0
163.0
109.0
103.0
19.0
40.0
115.0
74.5
296.5
250.0
82.0
44.5
280.0
98.5
73.0
97.0
127.0
124.0
301.0
50.5
397.0
209.5
155.5
293.5
37.0
253.0
103.0
86.5
176.5
278.5
128.5
286.0
35.5
22.0
163.0
227.5
146.5
265.0
94.0
107.5
131.5
88.0
94.0
52.0
55.0
236.5
28.0
44.5
106.0
77.5
86.5
41.5
157.0
118.0
145.0
409.0
77.5
68.5
80.5
94.0
55.0
106.0
226.0
65.5
161.5
112.0
235.0
419.5
272.5
239.5
205.0
97.0
100.0
217.0
154.0
292.0
505.0
58.0
122.5
184.0
244.0
184.0
260.5
233.5
244.0
70.0
163.0
217.0
185.5
299.5
38.5
137.5
314.5
296.5
196.0
149.5
134.5
158.5
98.5
41.5
80.5
37.0
161.5
41.5
155.5
70.0
47.5
91.0
313.0
323.5
208.0
194.5
59.5
74.5
149.5
241.0
367.0
170.5
112.0
347.5
242.5
172.0
83.5
59.5
266.5
61.0
124.0
251.5
124.0
85.0
160.0
229.0
91.0
119.5
365.5
68.5
16.0
52.0
194.5
275.5
94.0
127.0
133.0
205.0
184.0
40.0
59.5
46.0
157.0
187.0
185.5
19.0
178.0
55.0
179.5
107.5
295.0
89.5
125.5
290.5
128.5
85.0
286.0
335.5
161.5
193.0
46.0
187.0
172.0
368.5
80.5
136.0
167.5
91.0
124.0
290.5
211.0
61.0
247.0
56.5
100.0
98.5
203.5
172.0
199.0
64.0
307.0
167.5
346.0
187.0
253.0
59.5
92.5
137.5
94.0
166.0
110.5
55.0
34.0
139.0
115.0
152.5
112.0
157.0
353.5
160.0
196.0
172.0
107.5
140.5
103.0
176.5
299.5
176.5
268.0
358.0
80.5
113.5
95.5
130.0
100.0
143.5
190.0
122.5
305.5
148.0
151.0
208.0
188.5
104.5
359.5
181.0
361.0
106.0
103.0
389.5
149.5
46.0
85.0
119.5
82.0
85.0
100.0
124.0
226.0
38.5
245.5
124.0
97.0
154.0
29.5
149.5
92.5
131.5
202.0
131.5
230.5
107.5
172.0
211.0
241.0
89.5
94.0
197.5
152.5
262.0
118.0
58.0
71.5
28.0
95.5
71.5
77.5
292.0
140.5
248.5
100.0
55.0
74.5
166.0
79.0
236.5
98.5
116.5
352.0
92.5
58.0
173.5
208.0
124.0
287.5
74.5
136.0
65.5
20.5
149.5
232.0
38.5
242.5
89.5
191.5
167.5
26.5
368.5
245.5
16.0
154.0
142.0
121.0
242.5
209.5
73.0
209.5
214.0
17.5
268.0
352.0
103.0
185.5
88.0
26.5
43.0
251.5
191.5
89.5
326.5
221.5
65.5
80.5
197.5
74.5
127.0
31.0
149.5
142.0
140.5
47.5
86.5
170.5
256.0
211.0
34.0
52.0
232.0
35.5
140.5
205.0
8.5
161.5
13.0
170.5
49.0
104.5
308.5
163.0
58.0
199.0
121.0
38.5
79.0
119.5
77.5
178.0
190.0
152.5
14.5
232.0
370.0
64.0
92.5
133.0
92.5
118.0
178.0
173.5
218.5
130.0
170.5
77.5
287.5
121.0
307.0
31.0
121.0
32.5
284.5
265.0
385.0
73.0
116.5
332.5
286.0
242.5
86.5
91.0
155.5
61.0
211.0
11.5
71.5
122.5
287.5
185.5
17.5
158.5
109.0
134.5
139.0
77.5
109.0
196.0
122.5
245.5
206.5
199.0
59.5
94.0
166.0
64.0
119.5
157.0
62.5
235.0
233.5
196.0
394.0
149.5
130.0
17.5
260.5
65.5
64.0
242.5
200.5
179.5
64.0
203.5
64.0
172.0
121.0
349.0
247.0
92.5
104.5
143.5
10.0
88.0
116.5
232.0
196.0
145.0
107.5
71.5
218.5
119.5
256.0
112.0
95.5
209.5
163.0
224.5
166.0
71.5
188.5
170.5
197.5
46.0
65.5
100.0
172.0
304.0
14.5
272.5
104.5
224.5
188.5
347.5
32.5
107.5
65.5
122.5
214.0
89.5
182.5
164.5
125.5
224.5
323.5
49.0
118.0
61.0
85.0
160.0
83.5
68.5
239.5
113.5
106.0
26.5
158.5
175.0
313.0
80.5
127.0
191.5
167.5
392.5
151.0
116.5
316.0
107.5
313.0
454.0
154.0
289.0
178.0
119.5
236.5
95.5
169.0
74.5
257.5
209.5
109.0
317.5
133.0
223.0
100.0
19.0
94.0
41.5
85.0
17.5
83.5
182.5
61.0
116.5
65.5
377.5
125.5
146.5
83.5
160.0
122.5
124.0
74.5
28.0
124.0
154.0
56.5
185.5
157.0
121.0
98.5
113.5
176.5
173.5
193.0
70.0
184.0
55.0
95.5
115.0
143.5
11.5
92.5
110.5
241.0
118.0
97.0
86.5
391.0
109.0
118.0
35.5
80.5
116.5
73.0
38.5
88.0
200.5
175.0
161.5
251.5
283.0
158.5
160.0
85.0
73.0
79.0
323.5
32.5
212.5
106.0
50.5
62.5
143.5
179.5
55.0
49.0
80.5
218.5
64.0
70.0
124.0
112.0
80.5
140.5
253.0
157.0
104.5
152.5
77.5
202.0
71.5
140.5
241.0
58.0
92.5
158.5
323.5
89.5
131.5
107.5
110.5
133.0
137.5
292.0
58.0
59.5
110.5
281.5
217.0
142.0
199.0
59.5
79.0
190.0
215.5
65.5
82.0
224.5
85.0
235.0
46.0
239.5
157.0
109.0
68.5
124.0
89.5
79.0
238.0
103.0
194.5
10.0
415.0
257.5
176.5
407.5
55.0
238.0
199.0
128.5
260.5
241.0
127.0
169.0
260.5
152.5
430.0
190.0
221.5
332.5
157.0
185.5
29.5
116.5
218.5
202.0
137.5
127.0
161.5
41.5
332.5
128.5
110.5
91.0
298.0
46.0
266.5
253.0
110.5
224.5
172.0
167.5
110.5
59.5
199.0
118.0
85.0
185.5
47.5
179.5
172.0
223.0
221.5
127.0
172.0
163.0
178.0
124.0
218.5
179.5
13.0
56.5
178.0
313.0
185.5
58.0
218.5
56.5
202.0
221.5
38.5
77.5
217.0
110.5
23.5
124.0
148.0
241.0
181.0
16.0
80.5
322.0
146.5
131.5
163.0
94.0
224.5
103.0
80.5
232.0
190.0
119.5
277.0
292.0
130.0
80.5
101.5
134.5
56.5
68.5
215.5
215.5
77.5
244.0
125.5
106.0
97.0
79.0
109.0
46.0
73.0
115.0
101.5
337.0
143.5
56.5
308.5
215.5
157.0
76.0
68.5
76.0
110.5
281.5
11.5
40.0
134.5
172.0
95.5
125.5
181.0
188.5
118.0
343.0
182.5
263.5
137.5
32.5
92.5
20.5
61.0
284.5
134.5
79.0
37.0
101.5
79.0
97.0
283.0
128.5
85.0
62.5
70.0
113.5
379.0
65.5
121.0
103.0
157.0
56.5
170.5
193.0
61.0
331.0
47.5
70.0
299.5
116.5
142.0
203.5
92.5
281.5
101.5
95.5
46.0
154.0
89.5
262.0
344.5
145.0
148.0
65.5
62.5
223.0
278.5
53.5
247.0
233.5
187.0
173.5
257.5
214.0
206.5
349.0
74.5
125.5
299.5
163.0
196.0
119.5
316.0
415.0
434.5
80.5
220.0
298.0
166.0
260.5
295.0
68.5
245.5
245.5
373.0
94.0
76.0
74.5
140.5
158.5
44.5
10.0
38.5
59.5
161.5
196.0
229.0
247.0
83.5
106.0
200.5
94.0
115.0
82.0
98.5
107.5
218.5
91.0
64.0
79.0
94.0
127.0
49.0
37.0
133.0
356.5
47.5
329.5
236.5
143.5
217.0
82.0
103.0
53.5
176.5
223.0
371.5
112.0
112.0
226.0
203.5
130.0
116.5
103.0
13.0
86.5
107.5
185.5
134.5
245.5
221.5
56.5
89.5
152.5
118.0
128.5
58.0
10.0
139.0
40.0
101.5
170.5
196.0
458.5
226.0
77.5
139.0
185.5
145.0
158.5
221.5
88.0
91.0
49.0
263.5
136.0
133.0
244.0
145.0
29.5
79.0
122.5
28.0
31.0
95.5
167.5
67.0
146.5
148.0
46.0
283.0
50.5
31.0
277.0
173.5
128.5
439.0
157.0
142.0
53.5
142.0
152.5
197.5
59.5
101.5
278.5
49.0
155.5
160.0
346.0
55.0
94.0
244.0
71.5
64.0
232.0
142.0
176.5
202.0
133.0
464.5
146.5
325.0
203.5
2.5
86.5
296.5
197.5
74.5
91.0
53.5
49.0
326.5
146.5
38.5
128.5
43.0
100.0
65.5
244.0
430.0
166.0
235.0
166.0
350.5
230.5
67.0
100.0
292.0
172.0
64.0
116.5
208.0
340.0
230.5
175.0
74.5
359.5
106.0
160.0
59.5
62.5
239.5
101.5
119.5
197.5
118.0
133.0
379.0
325.0
59.5
340.0
185.5
97.0
176.5
158.5
64.0
67.0
110.5
223.0
181.0
23.5
332.5
377.5
26.5
166.0
71.5
220.0
38.5
235.0
158.5
95.5
163.0
109.0
85.0
356.5
107.5
89.5
103.0
85.0
292.0
68.5
283.0
59.5
199.0
172.0
92.5
227.5
257.5
89.5
218.5
278.5
229.0
203.5
133.0
70.0
214.0
178.0
104.5
235.0
55.0
175.0
122.5
139.0
145.0
148.0
193.0
289.0
229.0
109.0
148.0
266.5
209.5
286.0
59.5
67.0
143.5
181.0
43.0
71.5
179.5
181.0
157.0
259.0
193.0
173.5
56.5
187.0
247.0
80.5
76.0
197.5
205.0
130.0
109.0
191.5
217.0
29.5
113.5
89.5
152.5
250.0
166.0
227.5
128.5
74.5
122.5
80.5
244.0
242.5
187.0
56.5
158.5
77.5
100.0
328.0
74.5
229.0
286.0
200.5
289.0
233.5
70.0
112.0
299.5
217.0
292.0
8.5
179.5
73.0
179.5
83.5
80.5
170.5
146.5
179.5
329.5
254.5
112.0
230.5
119.5
53.5
115.0
263.5
346.0
130.0
68.5
76.0
121.0
116.5
220.0
50.5
445.0
283.0
14.5
55.0
214.0
203.5
11.5
311.5
67.0
232.0
220.0
94.0
43.0
287.5
160.0
134.5
166.0
160.0
176.5
131.5
275.5
28.0
362.5
521.5
304.0
181.0
130.0
244.0
416.5
151.0
313.0
409.0
245.5
59.5
94.0
193.0
388.0
254.5
23.5
50.5
143.5
40.0
146.5
154.0
203.5
472.0
157.0
182.5
128.5
373.0
169.0
136.0
77.5
233.5
62.5
149.5
227.5
334.0
167.5
71.5
109.0
289.0
137.5
43.0
64.0
188.5
125.5
79.0
167.5
86.5
136.0
73.0
241.0
326.5
134.5
50.5
86.5
214.0
202.0
86.5
109.0
80.5
115.0
14.5
131.5
190.0
37.0
103.0
194.5
206.5
95.5
91.0
128.5
92.5
155.5
46.0
82.0
112.0
37.0
161.5
130.0
124.0
173.5
145.0
92.5
142.0
205.0
59.5
103.0
142.0
76.0
92.5
86.5
116.5
176.5
130.0
319.0
127.0
56.5
376.0
248.5
95.5
28.0
52.0
253.0
217.0
274.0
152.5
197.5
178.0
118.0
188.5
115.0
197.5
113.5
32.5
98.5
130.0
88.0
268.0
136.0
46.0
67.0
136.0
251.5
134.5
152.5
217.0
155.5
34.0
154.0
62.5
280.0
217.0
160.0
155.5
164.5
241.0
49.0
67.0
49.0
16.0
235.0
76.0
82.0
128.5
91.0
70.0
82.0
103.0
112.0
119.5
52.0
298.0
68.5
32.5
104.5
22.0
349.0
22.0
124.0
184.0
25.0
56.5
94.0
103.0
211.0
184.0
161.5
28.0
68.5
244.0
202.0
67.0
167.5
94.0
209.5
230.5
208.0
112.0
97.0
49.0
292.0
283.0
62.5
190.0
41.5
320.5
61.0
202.0
157.0
94.0
178.0
146.5
140.5
98.5
143.5
25.0
65.5
89.5
155.5
227.5
74.5
257.5
193.0
178.0
179.5
73.0
161.5
274.0
124.0
328.0
175.0
47.5
53.5
202.0
61.0
92.5
86.5
97.0
149.5
116.5
68.5
154.0
185.5
233.5
149.5
439.0
316.0
95.5
170.5
106.0
233.5
182.5
67.0
199.0
308.5
307.0
110.5
175.0
233.5
269.5
182.5
68.5
100.0
169.0
209.5
116.5
241.0
256.0
278.5
122.5
164.5
179.5
64.0
47.5
31.0
92.5
571.0
119.5
