107.5
134.5
88.0
80.5
56.5
50.5
67.0
88.0
55.0
98.5
98.5
110.5
34.0
80.5
41.5
205.0
58.0
28.0
37.0
67.0
20.5
79.0
80.5
13.0
161.5
62.5
86.5
112.0
44.5
7.0
56.5
74.5
71.5
56.5
47.5
50.5
86.5
73.0
4.0
38.5
82.0
46.0
46.0
140.5
80.5
140.5
73.0
13.0
50.5
98.5
82.0
37.0
50.5
49.0
148.0
62.5
79.0
25.0
31.0
58.0
64.0
13.0
29.5
53.5
37.0
37.0
133.0
64.0
202.0
11.5
34.0
134.5
179.5
59.5
122.5
107.5
44.5
59.5
97.0
46.0
133.0
74.5
113.5
46.0
124.0
34.0
56.5
8.5
151.0
47.5
73.0
50.5
55.0
131.5
86.5
73.0
176.5
35.5
77.5
67.0
65.5
85.0
70.0
164.5
64.0
16.0
23.5
100.0
124.0
22.0
46.0
40.0
97.0
173.5
97.0
107.5
94.0
19.0
106.0
79.0
50.5
113.5
10.0
95.5
68.5
92.5
22.0
94.0
58.0
220.0
73.0
104.5
11.5
61.0
55.0
58.0
151.0
43.0
91.0
52.0
193.0
98.5
70.0
85.0
55.0
46.0
175.0
25.0
94.0
127.0
46.0
89.5
61.0
47.5
34.0
146.5
127.0
118.0
20.5
67.0
41.5
34.0
166.0
101.5
79.0
77.5
23.5
32.5
143.5
53.5
23.5
25.0
59.5
43.0
26.5
35.5
73.0
49.0
103.0
20.5
190.0
74.5
50.5
1.0
238.0
67.0
131.5
76.0
49.0
56.5
53.5
122.5
71.5
28.0
31.0
157.0
62.5
157.0
83.5
68.5
128.5
28.0
55.0
31.0
92.5
64.0
20.5
59.5
95.5
22.0
127.0
31.0
161.5
32.5
55.0
47.5
149.5
67.0
62.5
92.5
140.5
71.5
77.5
107.5
175.0
32.5
38.5
73.0
127.0
38.5
47.5
11.5
34.0
167.5
103.0
112.0
53.5
65.5
32.5
31.0
52.0
109.0
41.5
113.5
74.5
86.5
71.5
64.0
115.0
26.5
32.5
106.0
115.0
136.0
82.0
44.5
8.5
41.5
103.0
68.5
67.0
146.5
142.0
50.5
38.5
95.5
125.5
43.0
121.0
136.0
103.0
8.5
158.5
149.5
110.5
74.5
62.5
16.0
43.0
127.0
85.0
125.5
47.5
49.0
71.5
98.5
38.5
113.5
11.5
154.0
128.5
94.0
115.0
38.5
70.0
103.0
158.5
76.0
85.0
59.5
68.5
58.0
41.5
92.5
25.0
85.0
125.5
112.0
38.5
55.0
140.5
104.5
26.5
43.0
103.0
130.0
62.5
25.0
74.5
76.0
50.5
28.0
55.0
53.5
38.5
134.5
14.5
58.0
202.0
92.5
104.5
124.0
22.0
53.5
82.0
58.0
118.0
89.5
49.0
52.0
130.0
134.5
107.5
76.0
17.5
37.0
67.0
38.5
44.5
59.5
113.5
98.5
98.5
128.5
125.5
74.5
41.5
37.0
28.0
89.5
148.0
70.0
140.5
40.0
2.5
62.5
50.5
62.5
154.0
41.5
43.0
40.0
122.5
71.5
16.0
47.5
113.5
28.0
31.0
104.5
80.5
155.5
173.5
133.0
124.0
44.5
106.0
35.5
110.5
109.0
194.5
67.0
82.0
140.5
17.5
23.5
76.0
88.0
47.5
40.0
28.0
8.5
50.5
115.0
103.0
25.0
100.0
59.5
22.0
41.5
89.5
151.0
73.0
32.5
124.0
151.0
59.5
70.0
73.0
169.0
95.5
47.5
25.0
56.5
109.0
95.5
91.0
77.5
16.0
29.5
92.5
70.0
94.0
44.5
16.0
142.0
97.0
148.0
175.0
52.0
103.0
73.0
53.5
92.5
124.0
52.0
52.0
76.0
62.5
50.5
83.5
38.5
47.5
110.5
134.5
65.5
67.0
32.5
61.0
110.5
44.5
19.0
47.5
49.0
125.5
119.5
35.5
95.5
47.5
169.0
50.5
142.0
97.0
86.5
52.0
49.0
40.0
116.5
79.0
193.0
82.0
29.5
19.0
38.5
49.0
52.0
62.5
38.5
167.5
95.5
145.0
89.5
134.5
31.0
17.5
29.5
8.5
62.5
191.5
86.5
41.5
176.5
38.5
44.5
49.0
64.0
56.5
73.0
82.0
46.0
35.5
14.5
32.5
25.0
43.0
38.5
205.0
67.0
110.5
65.5
77.5
38.5
67.0
79.0
37.0
73.0
176.5
154.0
155.5
70.0
68.5
124.0
46.0
208.0
74.5
121.0
32.5
121.0
202.0
109.0
128.5
76.0
166.0
8.5
58.0
175.0
88.0
49.0
68.5
59.5
80.5
110.5
43.0
58.0
89.5
149.5
67.0
128.5
76.0
34.0
32.5
35.5
125.5
142.0
10.0
70.0
43.0
38.5
41.5
73.0
23.5
94.0
50.5
89.5
52.0
146.5
134.5
29.5
11.5
97.0
47.5
127.0
71.5
32.5
146.5
193.0
49.0
89.5
37.0
112.0
83.5
125.5
34.0
76.0
58.0
119.5
79.0
44.5
112.0
106.0
98.5
31.0
121.0
14.5
86.5
115.0
34.0
46.0
68.5
74.5
134.5
52.0
101.5
23.5
88.0
116.5
146.5
50.5
28.0
142.0
137.5
41.5
136.0
70.0
154.0
146.5
82.0
110.5
133.0
128.5
83.5
124.0
50.5
59.5
76.0
115.0
115.0
52.0
148.0
83.5
100.0
95.5
68.5
137.5
77.5
157.0
29.5
148.0
34.0
61.0
25.0
104.5
46.0
74.5
125.5
49.0
61.0
118.0
29.5
35.5
85.0
38.5
91.0
53.5
161.5
73.0
44.5
55.0
137.5
46.0
101.5
65.5
170.5
34.0
136.0
38.5
101.5
124.0
92.5
59.5
104.5
88.0
125.5
65.5
43.0
97.0
101.5
101.5
8.5
64.0
37.0
101.5
128.5
37.0
76.0
92.5
50.5
11.5
185.5
73.0
95.5
100.0
101.5
47.5
113.5
91.0
112.0
52.0
73.0
32.5
61.0
40.0
121.0
16.0
5.5
43.0
143.5
55.0
101.5
41.5
68.5
86.5
131.5
103.0
68.5
26.5
116.5
26.5
160.0
23.5
74.5
79.0
41.5
40.0
13.0
98.5
124.0
37.0
158.5
20.5
61.0
119.5
118.0
38.5
31.0
49.0
80.5
16.0
109.0
160.0
173.5
35.5
74.5
58.0
22.0
50.5
134.5
119.5
53.5
88.0
52.0
136.0
38.5
124.0
106.0
32.5
46.0
23.5
79.0
13.0
61.0
62.5
74.5
70.0
155.5
35.5
140.5
2.5
14.5
35.5
65.5
73.0
29.5
28.0
44.5
185.5
112.0
89.5
194.5
76.0
26.5
74.5
65.5
49.0
52.0
80.5
13.0
64.0
92.5
104.5
29.5
94.0
145.0
91.0
37.0
128.5
89.5
17.5
29.5
34.0
94.0
97.0
100.0
125.5
103.0
68.5
25.0
43.0
56.5
170.5
104.5
32.5
40.0
116.5
257.5
119.5
68.5
56.5
56.5
64.0
26.5
31.0
70.0
22.0
28.0
125.5
94.0
31.0
14.5
65.5
110.5
130.0
20.5
86.5
124.0
89.5
14.5
52.0
95.5
121.0
46.0
22.0
11.5
154.0
28.0
161.5
19.0
56.5
58.0
22.0
115.0
110.5
56.5
76.0
119.5
64.0
164.5
64.0
40.0
145.0
194.5
20.5
92.5
26.5
175.0
47.5
49.0
115.0
52.0
110.5
34.0
118.0
53.5
161.5
86.5
85.0
64.0
137.5
49.0
59.5
89.5
14.5
23.5
143.5
110.5
14.5
140.5
80.5
28.0
118.0
179.5
31.0
49.0
35.5
64.0
130.0
115.0
61.0
101.5
94.0
173.5
113.5
94.0
53.5
94.0
98.5
140.5
74.5
31.0
179.5
26.5
88.0
115.0
82.0
71.5
118.0
22.0
58.0
89.5
133.0
55.0
142.0
100.0
56.5
89.5
61.0
44.5
43.0
110.5
97.0
91.0
91.0
89.5
104.5
169.0
137.5
70.0
2.5
40.0
20.5
154.0
44.5
38.5
94.0
92.5
169.0
203.5
35.5
77.5
65.5
110.5
116.5
56.5
41.5
26.5
59.5
37.0
71.5
38.5
89.5
70.0
46.0
82.0
77.5
59.5
49.0
28.0
35.5
22.0
49.0
32.5
32.5
74.5
55.0
94.0
115.0
16.0
224.5
70.0
89.5
89.5
79.0
82.0
29.5
91.0
34.0
82.0
10.0
83.5
61.0
100.0
49.0
49.0
215.5
101.5
89.5
56.5
31.0
20.5
52.0
146.5
146.5
166.0
80.5
41.5
14.5
76.0
61.0
77.5
53.5
101.5
110.5
166.0
50.5
7.0
103.0
89.5
82.0
88.0
74.5
19.0
86.5
88.0
52.0
83.5
94.0
58.0
88.0
2.5
110.5
38.5
95.5
134.5
17.5
139.0
92.5
59.5
64.0
140.5
26.5
88.0
143.5
40.0
50.5
70.0
44.5
29.5
49.0
28.0
88.0
73.0
56.5
20.5
53.5
10.0
28.0
94.0
80.5
77.5
80.5
55.0
148.0
79.0
125.5
50.5
106.0
52.0
119.5
22.0
52.0
55.0
41.5
134.5
26.5
76.0
77.5
71.5
35.5
53.5
79.0
53.5
68.5
25.0
137.5
92.5
85.0
82.0
43.0
118.0
152.5
131.5
143.5
61.0
89.5
32.5
166.0
128.5
37.0
163.0
67.0
86.5
94.0
91.0
47.5
106.0
73.0
53.5
139.0
92.5
79.0
116.5
22.0
44.5
38.5
47.5
163.0
52.0
91.0
224.5
38.5
50.5
110.5
85.0
118.0
61.0
112.0
7.0
86.5
38.5
119.5
181.0
101.5
92.5
148.0
79.0
218.5
97.0
95.5
38.5
25.0
34.0
31.0
26.5
28.0
43.0
109.0
56.5
19.0
97.0
49.0
76.0
124.0
86.5
97.0
46.0
121.0
59.5
125.5
20.5
29.5
160.0
22.0
139.0
86.5
62.5
52.0
5.5
76.0
83.5
79.0
194.5
77.5
76.0
41.5
28.0
89.5
74.5
161.5
137.5
95.5
70.0
71.5
95.5
31.0
77.5
154.0
41.5
145.0
119.5
109.0
16.0
109.0
47.5
79.0
61.0
170.5
163.0
170.5
122.5
191.5
164.5
151.0
88.0
13.0
58.0
22.0
86.5
8.5
106.0
58.0
53.5
25.0
133.0
101.5
52.0
49.0
50.5
133.0
97.0
76.0
86.5
130.0
140.5
41.5
71.5
181.0
49.0
97.0
124.0
40.0
52.0
130.0
40.0
113.5
56.5
127.0
49.0
67.0
200.5
2.5
70.0
61.0
107.5
19.0
95.5
55.0
154.0
22.0
19.0
35.5
94.0
176.5
40.0
23.5
182.5
34.0
46.0
67.0
19.0
196.0
152.5
58.0
38.5
98.5
131.5
19.0
59.5
85.0
35.5
61.0
73.0
74.5
94.0
47.5
127.0
31.0
115.0
50.5
16.0
29.5
25.0
142.0
121.0
44.5
35.5
47.5
35.5
56.5
169.0
88.0
77.5
158.5
77.5
50.5
50.5
133.0
20.5
92.5
106.0
2.5
136.0
71.5
113.5
106.0
121.0
41.5
104.5
44.5
46.0
148.0
74.5
137.5
40.0
64.0
41.5
167.5
41.5
85.0
28.0
83.5
140.5
82.0
103.0
53.5
79.0
20.5
23.5
46.0
56.5
59.5
124.0
50.5
25.0
65.5
32.5
56.5
29.5
97.0
50.5
83.5
62.5
71.5
71.5
91.0
86.5
19.0
136.0
92.5
97.0
32.5
17.5
110.5
101.5
107.5
14.5
130.0
83.5
34.0
148.0
82.0
106.0
196.0
85.0
47.5
46.0
59.5
74.5
55.0
74.5
175.0
83.5
128.5
100.0
7.0
85.0
40.0
71.5
11.5
118.0
40.0
94.0
19.0
41.5
83.5
26.5
187.0
158.5
124.0
32.5
82.0
49.0
119.5
89.5
56.5
104.5
76.0
118.0
52.0
53.5
49.0
67.0
62.5
116.5
151.0
50.5
139.0
46.0
67.0
125.5
70.0
62.5
25.0
53.5
130.0
163.0
53.5
26.5
73.0
115.0
73.0
185.5
77.5
130.0
55.0
139.0
125.5
40.0
56.5
98.5
167.5
116.5
53.5
197.5
142.0
73.0
64.0
130.0
40.0
16.0
74.5
137.5
109.0
194.5
38.5
55.0
46.0
61.0
124.0
110.5
43.0
85.0
59.5
139.0
70.0
59.5
44.5
38.5
58.0
100.0
16.0
101.5
44.5
31.0
41.5
133.0
40.0
32.5
79.0
40.0
136.0
8.5
91.0
125.5
55.0
31.0
46.0
44.5
115.0
38.5
35.5
67.0
137.5
20.5
38.5
91.0
50.5
26.5
73.0
95.5
194.5
121.0
55.0
128.5
86.5
94.0
154.0
59.5
154.0
61.0
58.0
56.5
55.0
44.5
158.5
74.5
59.5
166.0
101.5
119.5
68.5
58.0
28.0
91.0
44.5
104.5
34.0
53.5
53.5
88.0
55.0
70.0
95.5
152.5
38.5
103.0
38.5
97.0
62.5
74.5
38.5
137.5
104.5
98.5
40.0
133.0
95.5
41.5
139.0
116.5
50.5
41.5
98.5
58.0
35.5
118.0
80.5
175.0
118.0
88.0
17.5
86.5
160.0
38.5
49.0
77.5
29.5
10.0
16.0
68.5
62.5
95.5
74.5
118.0
121.0
76.0
106.0
64.0
62.5
53.5
55.0
47.5
71.5
131.5
43.0
101.5
133.0
77.5
80.5
136.0
70.0
74.5
53.5
124.0
32.5
178.0
41.5
20.5
47.5
92.5
89.5
77.5
29.5
49.0
43.0
88.0
52.0
55.0
10.0
43.0
23.5
112.0
50.5
61.0
62.5
25.0
73.0
86.5
31.0
5.5
74.5
101.5
65.5
65.5
136.0
95.5
44.5
62.5
121.0
92.5
17.5
29.5
68.5
71.5
71.5
100.0
43.0
1.0
130.0
118.0
91.0
61.0
14.5
85.0
107.5
58.0
59.5
65.5
17.5
23.5
29.5
58.0
113.5
112.0
38.5
28.0
85.0
89.5
80.5
53.5
80.5
88.0
130.0
55.0
17.5
94.0
49.0
92.5
103.0
47.5
52.0
55.0
62.5
70.0
125.5
164.5
58.0
101.5
98.5
56.5
107.5
41.5
76.0
106.0
53.5
38.5
92.5
85.0
124.0
71.5
130.0
44.5
115.0
92.5
122.5
140.5
79.0
131.5
37.0
20.5
133.0
98.5
55.0
109.0
122.5
85.0
17.5
10.0
71.5
59.5
44.5
103.0
55.0
34.0
32.5
64.0
70.0
58.0
73.0
68.5
158.5
79.0
67.0
77.5
71.5
110.5
43.0
232.0
86.5
32.5
124.0
241.0
13.0
55.0
35.5
40.0
92.5
130.0
143.5
85.0
43.0
37.0
14.5
118.0
25.0
193.0
91.0
73.0
8.5
71.5
41.5
160.0
22.0
164.5
44.5
142.0
154.0
62.5
82.0
91.0
170.5
59.5
52.0
154.0
95.5
110.5
58.0
136.0
74.5
140.5
139.0
43.0
118.0
41.5
61.0
124.0
25.0
140.5
14.5
97.0
103.0
17.5
92.5
136.0
95.5
46.0
104.5
142.0
77.5
122.5
88.0
182.5
118.0
73.0
98.5
62.5
137.5
80.5
86.5
94.0
70.0
32.5
119.5
16.0
22.0
20.5
41.5
113.5
71.5
38.5
113.5
62.5
103.0
16.0
37.0
112.0
127.0
130.0
71.5
17.5
74.5
127.0
83.5
59.5
130.0
46.0
41.5
23.5
178.0
152.5
23.5
158.5
103.0
95.5
100.0
41.5
22.0
149.5
109.0
131.5
131.5
46.0
26.5
128.5
29.5
163.0
67.0
107.5
94.0
26.5
154.0
73.0
112.0
53.5
61.0
22.0
67.0
59.5
118.0
14.5
88.0
47.5
17.5
110.5
76.0
106.0
46.0
56.5
62.5
131.5
11.5
43.0
92.5
46.0
35.5
185.5
14.5
121.0
29.5
88.0
98.5
28.0
160.0
71.5
281.5
32.5
49.0
76.0
143.5
37.0
22.0
95.5
56.5
131.5
56.5
47.5
118.0
112.0
32.5
37.0
46.0
43.0
95.5
28.0
97.0
13.0
37.0
13.0
46.0
125.5
94.0
281.5
122.5
91.0
46.0
19.0
71.5
55.0
172.0
91.0
118.0
40.0
26.5
55.0
65.5
80.5
50.5
98.5
46.0
29.5
41.5
88.0
101.5
100.0
61.0
43.0
28.0
146.5
68.5
44.5
70.0
50.5
125.5
77.5
44.5
52.0
127.0
70.0
238.0
82.0
49.0
88.0
74.5
124.0
94.0
77.5
125.5
22.0
112.0
88.0
43.0
14.5
112.0
107.5
118.0
37.0
32.5
53.5
53.5
65.5
46.0
106.0
86.5
122.5
148.0
10.0
52.0
47.5
11.5
88.0
71.5
7.0
112.0
53.5
47.5
43.0
55.0
56.5
85.0
55.0
11.5
116.5
98.5
83.5
52.0
28.0
101.5
79.0
50.5
17.5
50.5
11.5
41.5
50.5
55.0
56.5
79.0
50.5
88.0
43.0
53.5
89.5
97.0
119.5
40.0
65.5
88.0
176.5
71.5
118.0
55.0
160.0
143.5
58.0
40.0
28.0
83.5
80.5
50.5
100.0
68.5
38.5
22.0
28.0
59.5
44.5
169.0
76.0
68.5
56.5
250.0
115.0
121.0
79.0
124.0
49.0
124.0
55.0
16.0
89.5
179.5
2.5
140.5
104.5
43.0
118.0
68.5
125.5
49.0
157.0
70.0
116.5
172.0
101.5
31.0
131.5
121.0
172.0
95.5
52.0
38.5
74.5
62.5
52.0
76.0
35.5
212.5
35.5
118.0
23.5
28.0
71.5
44.5
98.5
82.0
88.0
55.0
82.0
59.5
88.0
146.5
98.5
25.0
71.5
116.5
46.0
43.0
14.5
169.0
101.5
32.5
68.5
56.5
46.0
52.0
55.0
38.5
107.5
59.5
62.5
25.0
25.0
91.0
148.0
116.5
52.0
58.0
83.5
13.0
170.5
31.0
235.0
86.5
107.5
109.0
80.5
86.5
161.5
23.5
110.5
86.5
73.0
14.5
104.5
112.0
80.5
55.0
104.5
23.5
56.5
169.0
53.5
26.5
181.0
86.5
76.0
68.5
91.0
107.5
49.0
98.5
85.0
92.5
158.5
115.0
13.0
59.5
32.5
134.5
112.0
79.0
71.5
74.5
65.5
94.0
83.5
32.5
74.5
68.5
188.5
46.0
212.5
16.0
29.5
49.0
38.5
34.0
101.5
29.5
65.5
77.5
49.0
79.0
23.5
64.0
146.5
83.5
163.0
43.0
47.5
169.0
154.0
122.5
41.5
109.0
62.5
49.0
70.0
10.0
46.0
175.0
143.5
74.5
59.5
50.5
49.0
62.5
67.0
85.0
124.0
142.0
80.5
95.5
67.0
58.0
88.0
125.5
23.5
79.0
77.5
88.0
151.0
38.5
73.0
152.5
151.0
134.5
115.0
244.0
88.0
44.5
136.0
140.5
124.0
59.5
58.0
79.0
107.5
71.5
22.0
80.5
116.5
127.0
173.5
94.0
29.5
14.5
125.5
22.0
152.5
65.5
13.0
148.0
154.0
74.5
88.0
44.5
31.0
92.5
79.0
151.0
113.5
124.0
107.5
85.0
77.5
130.0
61.0
14.5
59.5
13.0
94.0
37.0
61.0
50.5
104.5
179.5
121.0
47.5
59.5
68.5
94.0
71.5
188.5
59.5
110.5
88.0
140.5
80.5
82.0
47.5
37.0
65.5
106.0
283.0
77.5
89.5
46.0
29.5
73.0
11.5
71.5
34.0
121.0
59.5
37.0
52.0
143.5
85.0
92.5
46.0
143.5
68.5
76.0
68.5
25.0
73.0
80.5
71.5
61.0
115.0
62.5
112.0
70.0
95.5
38.5
47.5
55.0
89.5
59.5
58.0
155.5
5.5
146.5
122.5
53.5
128.5
94.0
64.0
71.5
25.0
80.5
97.0
19.0
43.0
97.0
25.0
31.0
58.0
40.0
85.0
31.0
44.5
70.0
187.0
22.0
104.5
50.5
134.5
83.5
121.0
157.0
122.5
116.5
37.0
26.5
62.5
86.5
103.0
47.5
25.0
67.0
83.5
32.5
295.0
85.0
137.5
67.0
49.0
125.5
25.0
56.5
59.5
110.5
100.0
56.5
245.5
25.0
173.5
52.0
62.5
56.5
74.5
196.0
31.0
16.0
61.0
95.5
236.5
82.0
47.5
44.5
26.5
215.5
59.5
37.0
68.5
16.0
122.5
29.5
44.5
61.0
68.5
46.0
64.0
118.0
164.5
128.5
104.5
79.0
200.5
125.5
44.5
70.0
152.5
101.5
130.0
131.5
181.0
47.5
74.5
68.5
94.0
148.0
5.5
34.0
53.5
43.0
44.5
77.5
64.0
35.5
109.0
83.5
247.0
35.5
178.0
86.5
82.0
128.5
82.0
46.0
55.0
79.0
118.0
98.5
13.0
65.5
35.5
16.0
29.5
68.5
152.5
326.5
59.5
133.0
32.5
25.0
137.5
10.0
200.5
124.0
116.5
55.0
56.5
74.5
43.0
31.0
68.5
143.5
149.5
67.0
44.5
104.5
26.5
140.5
59.5
26.5
121.0
182.5
47.5
73.0
62.5
41.5
172.0
68.5
176.5
31.0
38.5
95.5
4.0
62.5
49.0
79.0
88.0
47.5
131.5
146.5
56.5
115.0
157.0
58.0
98.5
64.0
77.5
76.0
55.0
65.5
74.5
104.5
20.5
22.0
37.0
157.0
82.0
64.0
46.0
88.0
121.0
53.5
31.0
59.5
76.0
49.0
35.5
55.0
28.0
98.5
58.0
40.0
121.0
16.0
134.5
20.5
304.0
32.5
22.0
56.5
14.5
14.5
118.0
28.0
55.0
95.5
40.0
116.5
47.5
61.0
119.5
64.0
25.0
25.0
127.0
86.5
46.0
53.5
8.5
106.0
20.5
107.5
19.0
43.0
53.5
25.0
20.5
113.5
133.0
32.5
173.5
38.5
119.5
98.5
44.5
55.0
52.0
97.0
112.0
101.5
5.5
88.0
145.0
73.0
118.0
7.0
143.5
94.0
103.0
203.5
89.5
28.0
73.0
61.0
52.0
74.5
50.5
170.5
28.0
61.0
32.5
58.0
97.0
26.5
65.5
89.5
83.5
124.0
74.5
100.0
73.0
92.5
88.0
136.0
143.5
11.5
149.5
163.0
47.5
122.5
158.5
26.5
128.5
19.0
19.0
118.0
137.5
37.0
32.5
71.5
32.5
49.0
49.0
16.0
116.5
26.5
112.0
38.5
205.0
28.0
56.5
170.5
74.5
95.5
32.5
19.0
95.5
80.5
106.0
4.0
172.0
101.5
82.0
181.0
107.5
113.5
25.0
34.0
95.5
65.5
94.0
95.5
71.5
22.0
115.0
20.5
55.0
55.0
143.5
43.0
65.5
62.5
25.0
83.5
52.0
38.5
97.0
145.0
17.5
47.5
19.0
80.5
82.0
58.0
68.5
38.5
55.0
35.5
79.0
68.5
80.5
130.0
80.5
59.5
74.5
35.5
41.5
43.0
100.0
106.0
28.0
101.5
80.5
29.5
59.5
62.5
206.5
26.5
157.0
175.0
65.5
83.5
35.5
58.0
194.5
89.5
106.0
100.0
136.0
89.5
142.0
139.0
58.0
64.0
52.0
124.0
103.0
79.0
139.0
34.0
28.0
52.0
76.0
5.5
91.0
52.0
70.0
34.0
11.5
31.0
89.5
176.5
155.5
29.5
17.5
92.5
64.0
142.0
50.5
124.0
67.0
110.5
67.0
79.0
32.5
197.5
34.0
83.5
34.0
49.0
61.0
152.5
62.5
17.5
97.0
55.0
91.0
95.5
89.5
26.5
229.0
28.0
20.5
70.0
298.0
89.5
23.5
101.5
58.0
38.5
61.0
157.0
178.0
26.5
50.5
64.0
14.5
43.0
68.5
98.5
56.5
133.0
70.0
50.5
104.5
94.0
47.5
92.5
64.0
26.5
25.0
122.5
76.0
88.0
125.5
94.0
109.0
86.5
8.5
82.0
47.5
97.0
116.5
103.0
40.0
47.5
88.0
67.0
124.0
43.0
56.5
29.5
40.0
31.0
68.5
58.0
76.0
119.5
137.5
107.5
136.0
71.5
56.5
103.0
16.0
31.0
239.5
29.5
35.5
64.0
101.5
61.0
118.0
91.0
52.0
83.5
29.5
134.5
188.5
110.5
44.5
23.5
137.5
142.0
200.5
118.0
49.0
73.0
43.0
35.5
151.0
14.5
127.0
47.5
13.0
71.5
145.0
145.0
122.5
74.5
19.0
19.0
80.5
29.5
67.0
49.0
41.5
58.0
41.5
67.0
95.5
52.0
4.0
110.5
133.0
116.5
44.5
70.0
40.0
40.0
178.0
16.0
133.0
139.0
38.5
101.5
46.0
182.5
83.5
53.5
119.5
79.0
53.5
38.5
44.5
119.5
184.0
127.0
67.0
161.5
44.5
73.0
28.0
47.5
70.0
118.0
4.0
130.0
116.5
56.5
107.5
229.0
52.0
136.0
26.5
50.5
41.5
100.0
37.0
121.0
47.5
58.0
152.5
23.5
116.5
145.0
76.0
35.5
52.0
95.5
80.5
70.0
58.0
25.0
67.0
47.5
64.0
154.0
10.0
67.0
28.0
113.5
178.0
269.5
80.5
29.5
88.0
49.0
58.0
142.0
19.0
34.0
61.0
50.5
152.5
59.5
61.0
175.0
70.0
151.0
104.5
20.5
62.5
41.5
103.0
109.0
25.0
26.5
116.5
43.0
134.5
76.0
86.5
110.5
31.0
4.0
115.0
91.0
23.5
110.5
137.5
43.0
23.5
100.0
70.0
55.0
68.5
46.0
23.5
109.0
41.5
86.5
59.5
92.5
106.0
53.5
31.0
101.5
40.0
40.0
139.0
98.5
86.5
58.0
52.0
5.5
14.5
71.5
34.0
19.0
85.0
104.5
58.0
52.0
157.0
35.5
88.0
61.0
95.5
160.0
44.5
28.0
64.0
74.5
94.0
58.0
5.5
23.5
131.5
41.5
116.5
65.5
74.5
110.5
80.5
83.5
76.0
80.5
20.5
98.5
26.5
62.5
148.0
43.0
98.5
131.5
95.5
19.0
53.5
50.5
46.0
73.0
121.0
55.0
109.0
70.0
83.5
34.0
134.5
61.0
31.0
166.0
122.5
34.0
28.0
46.0
95.5
103.0
82.0
178.0
118.0
46.0
157.0
154.0
49.0
137.5
61.0
34.0
92.5
56.5
65.5
178.0
38.5
56.5
32.5
31.0
43.0
46.0
173.5
65.5
121.0
82.0
271.0
158.5
109.0
26.5
67.0
154.0
35.5
85.0
35.5
85.0
127.0
62.5
47.5
53.5
137.5
59.5
28.0
68.5
47.5
94.0
82.0
55.0
133.0
38.5
83.5
73.0
22.0
113.5
73.0
158.5
67.0
50.5
140.5
116.5
107.5
142.0
103.0
68.5
148.0
88.0
92.5
139.0
92.5
80.5
47.5
19.0
64.0
46.0
137.5
52.0
22.0
88.0
46.0
67.0
115.0
100.0
32.5
11.5
49.0
70.0
56.5
215.5
38.5
35.5
71.5
40.0
52.0
106.0
125.5
41.5
50.5
164.5
71.5
37.0
14.5
59.5
85.0
98.5
88.0
89.5
58.0
38.5
80.5
61.0
97.0
86.5
79.0
40.0
29.5
116.5
13.0
68.5
155.5
152.5
46.0
58.0
86.5
64.0
88.0
37.0
145.0
158.5
85.0
58.0
106.0
77.5
22.0
41.5
83.5
130.0
59.5
173.5
167.5
125.5
118.0
74.5
88.0
62.5
47.5
47.5
139.0
79.0
22.0
38.5
152.5
101.5
20.5
52.0
26.5
61.0
52.0
52.0
220.0
89.5
50.5
44.5
73.0
109.0
140.5
86.5
65.5
80.5
172.0
98.5
41.5
34.0
23.5
143.5
44.5
38.5
160.0
23.5
41.5
119.5
101.5
98.5
143.5
68.5
28.0
65.5
163.0
43.0
172.0
40.0
28.0
52.0
85.0
23.5
104.5
125.5
37.0
173.5
26.5
158.5
214.0
44.5
44.5
49.0
73.0
65.5
88.0
46.0
223.0
97.0
28.0
100.0
133.0
77.5
139.0
79.0
98.5
95.5
136.0
62.5
31.0
26.5
35.5
37.0
46.0
68.5
85.0
146.5
46.0
185.5
115.0
73.0
50.5
37.0
20.5
40.0
34.0
151.0
76.0
44.5
89.5
47.5
47.5
43.0
31.0
67.0
95.5
100.0
22.0
103.0
58.0
190.0
85.0
64.0
133.0
53.5
34.0
101.5
194.5
112.0
140.5
137.5
118.0
68.5
145.0
139.0
56.5
22.0
13.0
35.5
65.5
91.0
71.5
212.5
215.5
88.0
85.0
80.5
158.5
25.0
50.5
64.0
149.5
29.5
13.0
40.0
77.5
95.5
68.5
116.5
67.0
94.0
52.0
119.5
31.0
19.0
79.0
32.5
52.0
164.5
65.5
91.0
46.0
125.5
65.5
64.0
61.0
113.5
167.5
89.5
134.5
83.5
59.5
130.0
119.5
43.0
67.0
68.5
103.0
61.0
46.0
94.0
20.5
80.5
109.0
109.0
26.5
43.0
76.0
94.0
79.0
34.0
67.0
76.0
68.5
38.5
134.5
92.5
43.0
89.5
53.5
118.0
23.5
68.5
124.0
17.5
169.0
64.0
100.0
46.0
58.0
74.5
28.0
142.0
32.5
71.5
8.5
62.5
116.5
106.0
122.5
77.5
35.5
32.5
107.5
101.5
32.5
85.0
100.0
46.0
49.0
89.5
110.5
128.5
38.5
47.5
26.5
74.5
16.0
187.0
62.5
118.0
94.0
62.5
166.0
95.5
44.5
109.0
8.5
73.0
116.5
16.0
46.0
64.0
61.0
98.5
85.0
92.5
52.0
106.0
46.0
235.0
53.5
97.0
37.0
133.0
76.0
142.0
109.0
85.0
94.0
73.0
32.5
68.5
94.0
25.0
113.5
62.5
55.0
157.0
46.0
56.5
61.0
55.0
74.5
13.0
137.5
43.0
56.5
28.0
40.0
22.0
83.5
71.5
80.5
61.0
34.0
32.5
88.0
22.0
149.5
82.0
161.5
31.0
64.0
80.5
31.0
110.5
59.5
29.5
44.5
95.5
188.5
29.5
58.0
11.5
41.5
121.0
100.0
25.0
91.0
13.0
22.0
49.0
19.0
1.0
25.0
40.0
113.5
110.5
37.0
83.5
103.0
104.5
61.0
103.0
38.5
106.0
103.0
67.0
49.0
50.5
34.0
148.0
29.5
49.0
155.5
64.0
149.5
130.0
110.5
94.0
77.5
122.5
29.5
104.5
23.5
74.5
98.5
94.0
62.5
40.0
167.5
149.5
38.5
130.0
161.5
137.5
115.0
16.0
55.0
91.0
44.5
100.0
106.0
89.5
16.0
41.5
170.5
136.0
86.5
25.0
46.0
89.5
128.5
47.5
73.0
182.5
40.0
119.5
170.5
14.5
77.5
65.5
119.5
59.5
10.0
82.0
29.5
43.0
125.5
32.5
26.5
23.5
62.5
116.5
152.5
62.5
128.5
64.0
148.0
50.5
8.5
55.0
91.0
64.0
97.0
95.5
55.0
35.5
74.5
53.5
67.0
34.0
167.5
16.0
212.5
49.0
94.0
125.5
79.0
209.5
80.5
85.0
109.0
44.5
112.0
52.0
77.5
35.5
62.5
10.0
22.0
116.5
89.5
65.5
7.0
113.5
34.0
92.5
130.0
77.5
35.5
68.5
250.0
113.5
37.0
97.0
8.5
97.0
137.5
82.0
166.0
62.5
98.5
40.0
50.5
67.0
140.5
100.0
89.5
76.0
139.0
52.0
34.0
55.0
47.5
122.5
124.0
121.0
160.0
67.0
37.0
121.0
185.5
83.5
80.5
205.0
71.5
31.0
92.5
40.0
29.5
26.5
128.5
38.5
197.5
40.0
58.0
52.0
35.5
74.5
142.0
28.0
53.5
80.5
79.0
107.5
118.0
116.5
86.5
37.0
103.0
38.5
56.5
203.5
136.0
52.0
77.5
115.0
47.5
38.5
52.0
155.5
23.5
103.0
164.5
104.5
79.0
82.0
122.5
106.0
56.5
62.5
16.0
50.5
41.5
37.0
43.0
22.0
58.0
74.5
100.0
59.5
103.0
221.5
103.0
100.0
124.0
166.0
53.5
44.5
109.0
43.0
88.0
82.0
70.0
95.5
64.0
38.5
55.0
91.0
73.0
130.0
86.5
64.0
47.5
86.5
94.0
43.0
35.5
115.0
82.0
68.5
34.0
26.5
97.0
157.0
100.0
185.5
59.5
22.0
34.0
19.0
74.5
64.0
235.0
217.0
56.5
98.5
79.0
10.0
47.5
50.5
134.5
107.5
176.5
52.0
68.5
56.5
91.0
95.5
40.0
100.0
97.0
91.0
68.5
13.0
79.0
79.0
10.0
89.5
113.5
85.0
148.0
29.5
52.0
70.0
32.5
50.5
53.5
43.0
50.5
32.5
100.0
28.0
109.0
70.0
85.0
49.0
209.5
67.0
34.0
73.0
182.5
238.0
46.0
95.5
79.0
149.5
56.5
77.5
73.0
167.5
89.5
13.0
85.0
44.5
103.0
182.5
112.0
59.5
103.0
227.5
103.0
133.0
55.0
119.5
59.5
154.0
89.5
40.0
76.0
59.5
104.5
107.5
44.5
79.0
98.5
50.5
128.5
67.0
71.5
115.0
40.0
31.0
100.0
55.0
49.0
44.5
127.0
61.0
143.5
101.5
38.5
37.0
52.0
121.0
34.0
64.0
14.5
70.0
28.0
119.5
49.0
62.5
53.5
71.5
29.5
49.0
133.0
77.5
34.0
107.5
80.5
65.5
64.0
193.0
20.5
97.0
67.0
73.0
149.5
35.5
65.5
64.0
82.0
52.0
44.5
20.5
40.0
46.0
94.0
154.0
130.0
43.0
56.5
55.0
49.0
94.0
35.5
47.5
19.0
137.5
22.0
95.5
88.0
61.0
23.5
92.5
124.0
61.0
101.5
140.5
128.5
13.0
88.0
61.0
43.0
62.5
5.5
94.0
25.0
40.0
52.0
58.0
82.0
175.0
28.0
86.5
80.5
119.5
86.5
92.5
172.0
49.0
113.5
53.5
59.5
95.5
80.5
136.0
46.0
56.5
118.0
38.5
133.0
67.0
86.5
10.0
91.0
62.5
85.0
130.0
97.0
10.0
28.0
31.0
118.0
56.5
43.0
104.5
37.0
92.5
89.5
43.0
76.0
184.0
106.0
79.0
86.5
142.0
76.0
134.5
80.5
131.5
65.5
74.5
125.5
98.5
103.0
148.0
35.5
41.5
70.0
23.5
128.5
82.0
41.5
65.5
49.0
67.0
58.0
13.0
89.5
32.5
140.5
67.0
122.5
163.0
17.5
32.5
32.5
172.0
125.5
91.0
142.0
35.5
85.0
86.5
172.0
26.5
52.0
71.5
68.5
59.5
89.5
95.5
37.0
29.5
38.5
37.0
58.0
107.5
104.5
59.5
124.0
82.0
34.0
59.5
40.0
22.0
34.0
38.5
64.0
139.0
58.0
119.5
64.0
44.5
74.5
131.5
136.0
53.5
58.0
38.5
184.0
200.5
136.0
40.0
157.0
53.5
128.5
17.5
53.5
62.5
25.0
58.0
46.0
38.5
104.5
136.0
127.0
92.5
34.0
25.0
142.0
73.0
136.0
77.5
145.0
14.5
175.0
104.5
56.5
142.0
71.5
68.5
220.0
98.5
170.5
100.0
23.5
23.5
37.0
26.5
25.0
19.0
64.0
110.5
191.5
100.0
194.5
61.0
107.5
158.5
85.0
43.0
32.5
43.0
163.0
41.5
112.0
40.0
64.0
97.0
19.0
79.0
74.5
50.5
92.5
157.0
40.0
143.5
80.5
23.5
5.5
70.0
79.0
40.0
13.0
49.0
98.5
82.0
52.0
76.0
97.0
79.0
23.5
62.5
157.0
86.5
38.5
133.0
106.0
73.0
20.5
59.5
58.0
52.0
130.0
20.5
28.0
89.5
40.0
67.0
226.0
130.0
43.0
55.0
46.0
100.0
85.0
179.5
100.0
73.0
106.0
55.0
106.0
97.0
73.0
113.5
154.0
32.5
49.0
155.5
44.5
194.5
97.0
46.0
136.0
155.5
74.5
79.0
35.5
59.5
128.5
53.5
85.0
37.0
139.0
37.0
109.0
101.5
46.0
50.5
40.0
46.0
122.5
110.5
59.5
52.0
52.0
70.0
29.5
83.5
23.5
64.0
56.5
101.5
149.5
89.5
76.0
97.0
133.0
59.5
71.5
52.0
82.0
77.5
115.0
94.0
10.0
16.0
53.5
53.5
85.0
118.0
121.0
29.5
218.5
127.0
95.5
23.5
121.0
286.0
119.5
146.5
61.0
203.5
43.0
85.0
41.5
34.0
182.5
43.0
112.0
58.0
52.0
92.5
139.0
154.0
22.0
91.0
113.5
64.0
26.5
142.0
244.0
29.5
41.5
136.0
62.5
118.0
20.5
64.0
50.5
43.0
91.0
43.0
26.5
17.5
71.5
34.0
109.0
68.5
71.5
61.0
155.5
79.0
157.0
26.5
20.5
35.5
97.0
50.5
143.5
103.0
22.0
154.0
4.0
103.0
22.0
62.5
167.5
41.5
68.5
103.0
34.0
26.5
34.0
94.0
35.5
161.5
130.0
80.5
67.0
67.0
185.5
11.5
46.0
65.5
16.0
101.5
91.0
118.0
47.5
149.5
47.5
43.0
155.5
92.5
127.0
152.5
61.0
13.0
38.5
110.5
40.0
40.0
37.0
23.5
118.0
206.5
46.0
46.0
46.0
136.0
91.0
88.0
98.5
61.0
134.5
130.0
176.5
145.0
88.0
26.5
232.0
85.0
83.5
91.0
32.5
37.0
91.0
116.5
167.5
128.5
67.0
145.0
80.5
113.5
92.5
98.5
61.0
112.0
101.5
130.0
32.5
92.5
110.5
103.0
22.0
109.0
10.0
97.0
91.0
92.5
53.5
49.0
95.5
80.5
100.0
73.0
14.5
95.5
134.5
53.5
59.5
104.5
58.0
193.0
25.0
34.0
47.5
98.5
50.5
71.5
31.0
26.5
79.0
67.0
67.0
107.5
73.0
32.5
76.0
163.0
88.0
43.0
49.0
80.5
49.0
58.0
208.0
109.0
121.0
80.5
128.5
71.5
131.5
44.5
59.5
101.5
158.5
83.5
97.0
148.0
29.5
13.0
53.5
58.0
89.5
56.5
46.0
104.5
97.0
2.5
58.0
43.0
16.0
35.5
137.5
46.0
13.0
113.5
146.5
68.5
106.0
31.0
47.5
43.0
76.0
91.0
56.5
52.0
119.5
70.0
68.5
86.5
85.0
151.0
37.0
34.0
34.0
38.5
13.0
22.0
82.0
86.5
170.5
76.0
82.0
13.0
110.5
121.0
173.5
26.5
88.0
79.0
17.5
16.0
91.0
119.5
77.5
133.0
103.0
61.0
76.0
76.0
79.0
50.5
5.5
142.0
119.5
127.0
41.5
55.0
196.0
25.0
29.5
172.0
70.0
101.5
115.0
139.0
31.0
62.5
8.5
193.0
133.0
68.5
74.5
64.0
188.5
173.5
124.0
28.0
80.5
50.5
47.5
112.0
248.5
61.0
133.0
62.5
74.5
67.0
79.0
20.5
25.0
59.5
103.0
50.5
155.5
37.0
41.5
50.5
70.0
184.0
128.5
91.0
79.0
91.0
43.0
152.5
163.0
94.0
215.5
179.5
32.5
59.5
31.0
71.5
28.0
29.5
31.0
31.0
113.5
170.5
52.0
134.5
98.5
74.5
131.5
59.5
79.0
160.0
125.5
74.5
56.5
65.5
97.0
31.0
149.5
191.5
53.5
26.5
79.0
85.0
173.5
139.0
94.0
100.0
26.5
25.0
34.0
266.5
161.5
65.5
83.5
142.0
61.0
62.5
238.0
70.0
82.0
70.0
46.0
77.5
169.0
17.5
50.5
67.0
20.5
58.0
17.5
49.0
131.5
47.5
17.5
52.0
37.0
11.5
49.0
85.0
91.0
119.5
31.0
94.0
107.5
7.0
31.0
22.0
76.0
28.0
113.5
46.0
29.5
59.5
34.0
91.0
58.0
62.5
76.0
43.0
65.5
109.0
97.0
8.5
64.0
101.5
68.5
53.5
173.5
2.5
14.5
85.0
58.0
118.0
136.0
134.5
41.5
70.0
95.5
122.5
157.0
125.5
110.5
112.0
43.0
145.0
200.5
29.5
89.5
83.5
161.5
142.0
85.0
38.5
38.5
53.5
37.0
34.0
85.0
19.0
67.0
73.0
101.5
59.5
91.0
83.5
107.5
32.5
31.0
74.5
70.0
187.0
31.0
113.5
91.0
125.5
59.5
32.5
43.0
92.5
28.0
100.0
55.0
139.0
163.0
119.5
154.0
71.5
127.0
134.5
49.0
64.0
97.0
74.5
32.5
49.0
130.0
61.0
91.0
46.0
176.5
128.5
260.5
86.5
175.0
67.0
86.5
70.0
86.5
112.0
34.0
169.0
85.0
29.5
167.5
56.5
98.5
23.5
218.5
41.5
98.5
80.5
38.5
98.5
17.5
83.5
73.0
64.0
32.5
148.0
22.0
130.0
100.0
82.0
88.0
29.5
41.5
16.0
46.0
269.5
188.5
61.0
82.0
88.0
52.0
20.5
97.0
47.5
14.5
29.5
175.0
70.0
112.0
97.0
50.5
58.0
44.5
71.5
139.0
44.5
31.0
134.5
10.0
29.5
29.5
128.5
35.5
151.0
67.0
47.5
35.5
86.5
88.0
88.0
43.0
181.0
140.5
74.5
7.0
88.0
70.0
154.0
79.0
11.5
64.0
103.0
32.5
68.5
151.0
133.0
104.5
148.0
31.0
70.0
94.0
50.5
190.0
59.5
68.5
31.0
226.0
68.5
85.0
10.0
44.5
142.0
173.5
97.0
89.5
109.0
112.0
50.5
34.0
110.5
16.0
134.5
59.5
19.0
128.5
134.5
91.0
8.5
79.0
29.5
28.0
25.0
41.5
95.5
46.0
73.0
23.5
88.0
89.5
74.5
17.5
103.0
65.5
13.0
46.0
88.0
142.0
28.0
22.0
83.5
178.0
124.0
160.0
83.5
98.5
82.0
166.0
115.0
92.5
82.0
38.5
10.0
16.0
206.5
11.5
56.5
23.5
64.0
8.5
101.5
76.0
103.0
74.5
49.0
76.0
131.5
8.5
26.5
49.0
149.5
14.5
40.0
28.0
35.5
124.0
43.0
73.0
14.5
94.0
76.0
97.0
104.5
79.0
55.0
23.5
100.0
22.0
92.5
70.0
37.0
76.0
73.0
83.5
46.0
35.5
143.5
77.5
55.0
41.5
25.0
259.0
32.5
149.5
28.0
58.0
14.5
20.5
59.5
94.0
200.5
35.5
89.5
53.5
106.0
31.0
40.0
116.5
104.5
86.5
76.0
232.0
212.5
179.5
41.5
89.5
38.5
17.5
94.0
148.0
119.5
55.0
83.5
62.5
56.5
188.5
158.5
92.5
