434.5
623.5
715.0
241.0
217.0
404.5
95.5
145.0
583.0
595.0
17.5
185.5
1022.5
824.5
247.0
596.5
797.5
211.0
251.5
461.5
674.5
226.0
254.5
931.0
227.5
890.5
608.5
106.0
374.5
136.0
476.5
167.5
707.5
998.5
184.0
194.5
493.0
166.0
365.5
355.0
710.5
92.5
356.5
217.0
646.0
119.5
971.5
989.5
205.0
233.5
458.5
844.0
596.5
89.5
284.5
334.0
74.5
383.5
740.5
830.5
748.0
721.0
226.0
340.0
194.5
650.5
392.5
826.0
770.5
350.5
568.0
122.5
485.5
1036.0
950.5
304.0
1108.0
602.5
98.5
265.0
392.5
593.5
409.0
518.5
569.5
554.5
404.5
326.5
293.5
313.0
775.0
346.0
773.5
179.5
985.0
272.5
373.0
118.0
298.0
782.5
191.5
425.5
172.0
256.0
143.5
566.5
344.5
859.0
340.0
307.0
650.5
989.5
200.5
311.5
482.5
343.0
433.0
548.5
203.5
299.5
607.0
457.0
410.5
650.5
359.5
386.5
353.5
395.5
676.0
436.0
497.5
104.5
308.5
451.0
833.5
295.0
286.0
272.5
260.5
250.0
410.5
530.5
415.0
232.0
79.0
91.0
296.5
254.5
367.0
308.5
301.0
643.0
266.5
139.0
731.5
149.5
419.5
658.0
173.5
470.5
304.0
350.5
815.5
674.5
832.0
638.5
470.5
812.5
199.0
406.0
769.0
448.0
1060.0
841.0
232.0
91.0
571.0
247.0
691.0
767.5
706.0
404.5
385.0
304.0
934.0
500.5
539.5
1145.5
620.5
583.0
509.5
209.5
605.5
400.0
268.0
56.5
256.0
112.0
413.5
577.0
176.5
281.5
505.0
478.0
185.5
244.0
515.5
541.0
37.0
377.5
875.5
226.0
184.0
395.5
283.0
254.5
188.5
115.0
184.0
458.5
218.5
326.5
428.5
95.5
395.5
1112.5
1097.5
949.0
455.5
368.5
406.0
101.5
529.0
827.5
364.0
299.5
466.0
28.0
241.0
226.0
377.5
175.0
107.5
394.0
274.0
100.0
400.0
557.5
584.5
115.0
313.0
242.5
505.0
166.0
119.5
380.5
625.0
541.0
208.0
232.0
832.0
283.0
296.5
460.0
292.0
326.5
302.5
442.0
277.0
572.5
296.5
142.0
571.0
739.0
544.0
38.5
167.5
586.0
505.0
235.0
389.5
517.0
385.0
404.5
448.0
490.0
662.5
164.5
196.0
158.5
371.5
418.0
197.5
376.0
544.0
161.5
250.0
277.0
526.0
206.5
403.0
116.5
137.5
859.0
221.5
617.5
217.0
248.5
665.5
803.5
869.5
695.5
1009.0
386.5
193.0
397.0
349.0
77.5
248.5
145.0
128.5
382.0
85.0
319.0
235.0
622.0
965.5
377.5
806.5
1084.0
179.5
65.5
733.0
251.5
181.0
107.5
70.0
293.5
370.0
326.5
607.0
413.5
409.0
335.5
328.0
251.5
488.5
182.5
263.5
172.0
331.0
421.0
169.0
88.0
374.5
214.0
193.0
1058.5
485.5
811.0
67.0
940.0
617.5
734.5
89.5
755.5
224.5
472.0
206.5
319.0
824.5
829.0
328.0
97.0
443.5
791.5
535.0
244.0
224.5
230.5
274.0
683.5
239.5
148.0
176.5
361.0
247.0
703.0
157.0
425.5
506.5
277.0
31.0
163.0
535.0
289.0
938.5
514.0
400.0
224.5
257.5
110.5
265.0
407.5
298.0
112.0
283.0
245.5
419.5
440.5
349.0
634.0
199.0
317.5
194.5
308.5
173.5
329.5
302.5
1007.5
197.5
1093.0
139.0
263.5
584.5
667.0
85.0
176.5
187.0
83.5
380.5
479.5
226.0
623.5
673.0
985.0
323.5
190.0
523.0
169.0
395.5
191.5
352.0
241.0
139.0
188.5
215.5
437.5
119.5
544.0
536.5
50.5
10.0
241.0
718.0
566.5
44.5
677.5
313.0
223.0
931.0
640.0
302.5
515.5
973.0
469.0
443.5
560.5
341.5
596.5
689.5
136.0
161.5
455.5
890.5
355.0
520.0
259.0
122.5
386.5
307.0
775.0
248.5
127.0
413.5
1000.0
944.5
868.0
571.0
887.5
905.5
371.5
638.5
157.0
293.5
821.5
571.0
383.5
281.5
565.0
98.5
56.5
1087.0
238.0
263.5
205.0
619.0
575.5
811.0
1046.5
169.0
197.5
502.0
458.5
793.0
307.0
172.0
412.0
340.0
52.0
544.0
445.0
317.5
161.5
575.5
355.0
611.5
436.0
673.0
667.0
322.0
757.0
718.0
605.5
1022.5
271.0
544.0
698.5
1.0
644.5
145.0
125.5
595.0
349.0
643.0
238.0
514.0
268.0
233.5
944.5
433.0
242.5
278.5
410.5
644.5
691.0
776.5
148.0
371.5
725.5
683.5
403.0
304.0
436.0
341.5
118.0
202.0
206.5
245.5
802.0
206.5
337.0
487.0
601.0
881.5
725.5
247.0
133.0
643.0
677.5
436.0
382.0
322.0
220.0
859.0
929.5
142.0
407.5
118.0
140.5
611.5
221.5
341.5
124.0
194.5
509.5
302.5
839.5
823.0
1094.5
871.0
994.0
638.5
451.0
236.5
323.5
209.5
329.5
194.5
559.0
197.5
424.0
58.0
374.5
509.5
175.0
332.5
728.5
302.5
472.0
859.0
508.0
428.5
232.0
913.0
248.5
682.0
226.0
886.0
85.0
196.0
815.5
319.0
140.5
169.0
358.0
835.0
260.5
496.0
104.5
112.0
164.5
263.5
266.5
479.5
487.0
227.5
587.5
797.5
676.0
938.5
1052.5
230.5
704.5
509.5
155.5
640.0
133.0
580.0
386.5
346.0
331.0
628.0
631.0
689.5
592.0
572.5
823.0
994.0
767.5
253.0
166.0
823.0
469.0
95.5
353.5
293.5
295.0
863.5
1016.5
1069.0
526.0
587.5
106.0
646.0
473.5
115.0
113.5
262.0
974.5
587.5
653.5
62.5
181.0
538.0
497.5
169.0
116.5
208.0
245.5
544.0
565.0
580.0
608.5
842.5
814.0
185.5
149.5
292.0
266.5
416.5
515.5
704.5
536.5
488.5
617.5
176.5
848.5
101.5
355.0
583.0
50.5
637.0
352.0
707.5
707.5
67.0
316.0
91.0
1108.0
701.5
280.0
443.5
89.5
482.5
794.5
160.0
667.0
632.5
418.0
821.5
718.0
605.5
227.5
178.0
50.5
298.0
38.5
247.0
506.5
248.5
559.0
197.5
629.5
295.0
467.5
572.5
269.5
692.5
808.0
590.5
106.0
160.0
463.0
199.0
391.0
527.5
511.0
616.0
652.0
626.5
407.5
638.5
104.5
212.5
128.5
481.0
445.0
314.5
97.0
890.5
554.5
395.5
898.0
266.5
502.0
488.5
391.0
298.0
260.5
172.0
682.0
586.0
184.0
601.0
289.0
94.0
476.5
362.5
268.0
541.0
451.0
214.0
362.5
187.0
835.0
596.5
229.0
214.0
637.0
647.5
623.5
803.5
1117.0
802.0
1027.0
193.0
361.0
269.5
236.5
385.0
262.0
394.0
835.0
209.5
718.0
935.5
721.0
350.5
1070.5
380.5
304.0
296.5
556.0
335.5
190.0
44.5
812.5
866.5
254.5
250.0
301.0
479.5
125.5
215.5
265.0
391.0
188.5
38.5
410.5
335.5
245.5
571.0
1040.5
779.5
506.5
817.0
962.5
316.0
184.0
92.5
406.0
190.0
526.0
289.0
359.5
320.5
520.0
469.0
115.0
329.5
148.0
484.0
301.0
215.5
86.5
689.5
979.0
353.5
394.0
350.5
529.0
341.5
419.5
779.5
449.5
149.5
217.0
128.5
514.0
97.0
337.0
260.5
652.0
101.5
751.0
358.0
896.5
215.5
551.5
451.0
883.0
98.5
298.0
481.0
326.5
932.5
610.0
490.0
266.5
34.0
713.5
355.0
299.5
521.5
73.0
317.5
209.5
241.0
122.5
211.0
253.0
836.5
836.5
493.0
503.5
250.0
202.0
55.0
256.0
416.5
266.5
92.5
329.5
910.0
619.0
293.5
520.0
173.5
283.0
166.0
107.5
238.0
247.0
425.5
586.0
263.5
209.5
302.5
800.5
649.0
187.0
401.5
316.0
59.5
166.0
404.5
688.0
136.0
692.5
334.0
707.5
841.0
407.5
100.0
335.5
170.5
745.0
629.5
122.5
304.0
653.5
182.5
241.0
707.5
265.0
253.0
358.0
61.0
160.0
28.0
719.5
787.0
182.5
221.5
365.5
566.5
226.0
292.0
394.0
509.5
127.0
602.5
754.0
235.0
281.5
409.0
721.0
898.0
175.0
641.5
820.0
229.0
413.5
199.0
457.0
145.0
287.5
170.5
661.0
124.0
67.0
94.0
416.5
499.0
244.0
215.5
620.5
877.0
367.0
115.0
731.5
119.5
353.5
157.0
392.5
256.0
173.5
331.0
227.5
143.5
31.0
400.0
785.5
49.0
520.0
47.5
583.0
709.0
128.5
415.0
638.5
196.0
272.5
811.0
1132.0
782.5
127.0
625.0
440.5
248.5
568.0
314.5
877.0
919.0
286.0
641.5
334.0
256.0
280.0
766.0
131.5
421.0
611.5
361.0
107.5
574.0
269.5
112.0
458.5
367.0
296.5
598.0
145.0
38.5
677.5
988.0
173.5
205.0
133.0
1025.5
968.5
428.5
367.0
401.5
106.0
853.0
517.0
203.5
469.0
289.0
172.0
353.5
203.5
80.5
304.0
917.5
242.5
445.0
469.0
860.5
332.5
412.0
95.5
140.5
266.5
268.0
953.5
226.0
616.0
64.0
244.0
901.0
616.0
758.5
629.5
545.5
289.0
752.5
220.0
533.5
680.5
136.0
332.5
235.0
91.0
605.5
539.5
797.5
431.5
503.5
119.5
635.5
449.5
355.0
277.0
697.0
454.0
349.0
304.0
290.5
278.5
316.0
536.5
377.5
710.5
41.5
100.0
119.5
19.0
799.0
221.5
935.5
490.0
502.0
352.0
644.5
659.5
1010.5
160.0
199.0
223.0
806.5
215.5
1015.0
284.5
451.0
613.0
127.0
200.5
467.5
197.5
449.5
521.5
374.5
494.5
266.5
734.5
463.0
65.5
185.5
341.5
203.5
349.0
242.5
41.5
652.0
259.0
343.0
716.5
421.0
11.5
677.5
220.0
364.0
124.0
986.5
784.0
250.0
325.0
467.5
421.0
191.5
440.5
659.5
199.0
170.5
382.0
172.0
166.0
268.0
52.0
461.5
151.0
196.0
700.0
479.5
248.5
22.0
992.5
802.0
97.0
178.0
115.0
193.0
188.5
359.5
239.5
230.5
92.5
392.5
631.0
634.0
356.5
223.0
1000.0
337.0
751.0
160.0
868.0
946.0
53.5
73.0
820.0
952.0
367.0
334.0
209.5
341.5
155.5
329.5
878.5
713.5
584.5
277.0
221.5
206.5
221.5
28.0
475.0
236.5
328.0
251.5
169.0
371.5
389.5
308.5
338.5
197.5
1061.5
1039.0
311.5
527.5
532.0
184.0
151.0
205.0
400.0
169.0
568.0
718.0
152.5
943.0
160.0
98.5
389.5
280.0
203.5
454.0
143.5
313.0
686.5
196.0
763.0
571.0
65.5
82.0
371.5
361.0
449.5
361.0
601.0
92.5
599.5
650.5
316.0
689.5
611.5
203.5
247.0
421.0
205.0
395.5
382.0
494.5
278.5
467.5
658.0
253.0
104.5
749.5
184.0
187.0
238.0
571.0
346.0
923.5
485.5
488.5
197.5
943.0
388.0
593.5
619.0
544.0
775.0
731.5
257.5
622.0
83.5
193.0
227.5
295.0
568.0
170.5
457.0
385.0
367.0
812.5
316.0
725.5
67.0
169.0
638.5
514.0
316.0
677.5
361.0
407.5
245.5
172.0
889.0
343.0
401.5
548.5
340.0
283.0
521.5
341.5
346.0
497.5
109.0
713.5
817.0
50.5
338.5
298.0
608.5
65.5
427.0
305.5
233.5
593.5
560.5
845.5
596.5
307.0
586.0
359.5
94.0
346.0
358.0
856.0
658.0
274.0
583.0
359.5
634.0
232.0
956.5
184.0
280.0
172.0
355.0
520.0
310.0
245.5
308.5
620.5
32.5
322.0
133.0
707.5
253.0
46.0
503.5
364.0
56.5
569.5
530.5
178.0
665.5
310.0
280.0
178.0
224.5
212.5
467.5
443.5
397.0
211.0
364.0
269.5
764.5
875.5
386.5
472.0
500.5
370.0
101.5
170.5
118.0
265.0
346.0
416.5
796.0
136.0
157.0
434.5
164.5
542.5
521.5
1049.5
248.5
404.5
503.5
80.5
191.5
554.5
149.5
707.5
353.5
340.0
475.0
854.5
221.5
578.5
298.0
169.0
668.5
182.5
113.5
157.0
874.0
337.0
671.5
175.0
1231.0
562.0
719.5
527.5
920.5
568.0
205.0
172.0
1006.0
478.0
614.5
301.0
314.5
107.5
361.0
349.0
742.0
697.0
479.5
185.5
379.0
472.0
572.5
179.5
319.0
209.5
581.5
793.0
772.0
761.5
112.0
67.0
188.5
35.5
205.0
562.0
401.5
550.0
310.0
223.0
38.5
323.5
61.0
641.5
617.5
175.0
112.0
916.0
634.0
833.5
1033.0
292.0
247.0
529.0
130.0
728.5
299.5
694.0
749.5
236.5
37.0
8.5
479.5
376.0
671.5
149.5
155.5
388.0
203.5
499.0
350.5
439.0
181.0
148.0
251.5
263.5
644.5
791.5
851.5
859.0
194.5
419.5
193.0
382.0
611.5
568.0
791.5
284.5
352.0
511.0
97.0
1129.0
202.0
335.5
562.0
707.5
223.0
101.5
322.0
266.5
358.0
229.0
448.0
325.0
341.5
287.5
445.0
472.0
239.5
235.0
164.5
823.0
37.0
188.5
1057.0
304.0
104.5
259.0
535.0
649.0
709.0
491.5
383.5
577.0
197.5
500.5
209.5
152.5
353.5
67.0
686.5
464.5
296.5
776.5
497.5
91.0
79.0
322.0
848.5
533.5
236.5
811.0
164.5
239.5
578.5
475.0
275.5
26.5
191.5
151.0
67.0
187.0
403.0
304.0
572.5
548.5
565.0
559.0
274.0
661.0
350.5
511.0
478.0
701.5
491.5
857.5
283.0
625.0
611.5
139.0
637.0
130.0
361.0
362.5
229.0
229.0
136.0
380.5
136.0
304.0
385.0
532.0
668.5
335.5
331.0
349.0
650.5
629.5
352.0
590.5
121.0
583.0
158.5
367.0
232.0
610.0
118.0
175.0
680.5
184.0
371.5
728.5
584.5
41.5
277.0
449.5
667.0
929.5
1075.0
298.0
586.0
313.0
431.5
1039.0
295.0
458.5
116.5
505.0
520.0
427.0
107.5
421.0
125.5
322.0
284.5
472.0
511.0
704.5
659.5
140.5
313.0
551.5
461.5
79.0
131.5
640.0
139.0
92.5
341.5
257.5
184.0
344.5
272.5
446.5
530.5
668.5
547.0
296.5
551.5
547.0
865.0
274.0
865.0
284.5
515.5
524.5
935.5
542.5
275.5
523.0
685.0
79.0
206.5
302.5
164.5
248.5
400.0
1024.0
542.5
329.5
910.0
4.0
128.5
209.5
316.0
559.0
370.0
263.5
377.5
631.0
604.0
481.0
607.0
340.0
452.5
554.5
569.5
320.5
206.5
368.5
1114.0
452.5
791.5
811.0
511.0
697.0
751.0
241.0
682.0
475.0
271.0
607.0
565.0
557.5
559.0
755.5
268.0
184.0
820.0
686.5
113.5
422.5
98.5
559.0
158.5
863.5
658.0
251.5
970.0
415.0
548.5
109.0
109.0
236.5
295.0
190.0
473.5
166.0
214.0
130.0
316.0
307.0
91.0
254.5
713.5
473.5
970.0
584.5
343.0
274.0
97.0
280.0
554.5
208.0
560.5
514.0
499.0
344.5
259.0
41.5
730.0
130.0
479.5
145.0
529.0
910.0
619.0
292.0
491.5
644.5
470.5
382.0
442.0
218.5
179.5
700.0
238.0
103.0
392.5
109.0
226.0
217.0
169.0
265.0
433.0
355.0
302.5
206.5
584.5
263.5
176.5
112.0
412.0
254.5
379.0
194.5
236.5
568.0
437.5
235.0
121.0
352.0
401.5
535.0
208.0
244.0
542.5
194.5
131.5
721.0
370.0
655.0
463.0
325.0
283.0
115.0
233.5
101.5
622.0
184.0
566.5
116.5
209.5
245.5
179.5
277.0
164.5
125.5
224.5
359.5
695.5
629.5
746.5
587.5
284.5
320.5
574.0
88.0
506.5
349.0
386.5
152.5
337.0
761.5
355.0
61.0
56.5
370.0
244.0
524.5
260.5
283.0
353.5
481.0
353.5
467.5
103.0
382.0
272.5
334.0
307.0
211.0
136.0
85.0
985.0
388.0
524.5
923.5
257.5
643.0
218.5
868.0
791.5
971.5
178.0
802.0
421.0
280.0
553.0
307.0
349.0
184.0
233.5
535.0
61.0
142.0
170.5
68.5
314.5
403.0
274.0
335.5
286.0
598.0
716.5
254.5
116.5
346.0
511.0
203.5
163.0
646.0
130.0
670.0
431.5
304.0
193.0
566.5
317.5
205.0
533.5
119.5
242.5
347.5
406.0
221.5
346.0
302.5
158.5
392.5
668.5
785.5
334.0
218.5
229.0
287.5
167.5
319.0
469.0
449.5
922.0
296.5
947.5
556.0
109.0
995.5
1139.5
641.5
128.5
289.0
335.5
1214.5
379.0
209.5
181.0
737.5
376.0
422.5
271.0
421.0
923.5
232.0
547.0
559.0
188.5
265.0
344.5
509.5
512.5
221.5
355.0
586.0
337.0
416.5
400.0
166.0
1177.0
659.5
553.0
58.0
265.0
103.0
91.0
80.5
184.0
257.5
992.5
586.0
724.0
164.5
152.5
370.0
182.5
250.0
280.0
217.0
164.5
641.5
103.0
364.0
727.0
646.0
257.5
361.0
367.0
238.0
137.5
398.5
545.5
544.0
518.5
208.0
296.5
332.5
650.5
931.0
187.0
470.5
181.0
806.5
911.5
724.0
617.5
521.5
305.5
668.5
410.5
511.0
725.5
298.0
931.0
760.0
338.5
511.0
418.0
458.5
616.0
329.5
899.5
752.5
769.0
880.0
977.5
520.0
338.5
757.0
562.0
986.5
85.0
731.5
634.0
353.5
250.0
721.0
508.0
922.0
655.0
661.0
29.5
308.5
340.0
272.5
379.0
253.0
518.5
541.0
79.0
854.5
394.0
191.5
212.5
227.5
137.5
226.0
314.5
325.0
481.0
359.5
247.0
613.0
469.0
343.0
326.5
248.5
728.5
331.0
236.5
901.0
803.5
85.0
560.5
469.0
326.5
467.5
64.0
295.0
545.5
878.5
394.0
503.5
860.5
76.0
263.5
263.5
269.5
268.0
307.0
193.0
622.0
412.0
581.5
644.5
169.0
83.5
352.0
307.0
775.0
596.5
502.0
14.5
829.0
386.5
577.0
304.0
67.0
437.5
482.5
302.5
662.5
703.0
710.5
854.5
227.5
203.5
188.5
53.5
658.0
106.0
623.5
322.0
122.5
811.0
814.0
794.5
578.5
533.5
112.0
16.0
947.5
164.5
421.0
112.0
37.0
379.0
398.5
346.0
307.0
215.5
352.0
629.5
601.0
304.0
58.0
293.5
185.5
211.0
409.0
160.0
128.5
965.5
1012.0
83.5
946.0
751.0
383.5
539.5
926.5
527.5
334.0
791.5
143.5
670.0
200.5
274.0
289.0
497.5
949.0
302.5
170.5
695.5
202.0
611.5
275.5
38.5
173.5
380.5
659.5
235.0
401.5
74.5
707.5
76.0
359.5
287.5
353.5
694.0
194.5
478.0
184.0
956.5
172.0
436.0
862.0
388.0
460.0
302.5
148.0
142.0
430.0
604.0
95.5
286.0
325.0
472.0
832.0
353.5
380.5
421.0
800.5
122.5
173.5
511.0
637.0
434.5
418.0
334.0
517.0
245.5
103.0
449.5
361.0
719.5
701.5
175.0
365.5
437.5
370.0
667.0
332.5
266.5
802.0
760.0
307.0
178.0
829.0
374.5
824.5
73.0
361.0
577.0
1114.0
227.5
199.0
122.5
302.5
385.0
857.5
592.0
610.0
287.5
827.5
265.0
434.5
206.5
316.0
359.5
397.0
667.0
227.5
589.0
548.5
517.0
149.5
424.0
362.5
196.0
643.0
175.0
845.5
580.0
377.5
698.5
23.5
370.0
350.5
314.5
400.0
385.0
73.0
341.5
508.0
655.0
113.5
257.5
349.0
316.0
287.5
427.0
842.5
1003.0
668.5
104.5
697.0
866.5
187.0
245.5
218.5
349.0
37.0
584.5
686.5
211.0
451.0
335.5
497.5
157.0
758.5
581.5
752.5
170.5
631.0
355.0
194.5
584.5
286.0
64.0
725.5
164.5
173.5
703.0
277.0
370.0
332.5
536.5
961.0
352.0
844.0
322.0
119.5
761.5
406.0
89.5
865.0
119.5
208.0
167.5
253.0
106.0
52.0
368.5
1013.5
157.0
451.0
364.0
383.5
461.5
643.0
157.0
82.0
1015.0
145.0
166.0
580.0
181.0
224.5
671.5
281.5
272.5
331.0
83.5
296.5
166.0
427.0
338.5
757.0
478.0
242.5
374.5
203.5
449.5
74.5
856.0
530.5
769.0
308.5
76.0
304.0
71.5
430.0
481.0
131.5
167.5
424.0
356.5
56.5
245.5
41.5
304.0
118.0
835.0
97.0
350.5
643.0
200.5
520.0
317.5
196.0
178.0
416.5
205.0
278.5
695.5
362.5
211.0
545.5
896.5
658.0
233.5
271.0
329.5
346.0
443.5
427.0
289.0
232.0
467.5
104.5
197.5
335.5
721.0
433.0
250.0
371.5
256.0
202.0
265.0
139.0
761.5
607.0
125.5
760.0
700.0
118.0
326.5
226.0
538.0
533.5
161.5
136.0
92.5
34.0
617.5
200.5
163.0
301.0
101.5
247.0
211.0
482.5
176.5
709.0
391.0
698.5
104.5
437.5
499.0
238.0
163.0
137.5
619.0
554.5
1156.0
185.5
104.5
548.5
437.5
902.5
566.5
244.0
509.5
511.0
590.5
265.0
664.0
437.5
445.0
350.5
497.5
949.0
106.0
377.5
103.0
245.5
335.5
296.5
410.5
367.0
232.0
433.0
118.0
392.5
668.5
652.0
1027.0
158.5
149.5
314.5
196.0
304.0
382.0
341.5
259.0
343.0
130.0
268.0
311.5
349.0
662.5
280.0
122.5
188.5
175.0
110.5
455.5
128.5
586.0
560.5
599.5
620.5
175.0
475.0
628.0
395.5
98.5
350.5
400.0
35.5
214.0
172.0
350.5
410.5
757.0
851.5
233.5
728.5
473.5
589.0
586.0
166.0
623.5
113.5
602.5
485.5
814.0
286.0
157.0
931.0
293.5
592.0
517.0
178.0
139.0
713.5
157.0
472.0
160.0
514.0
563.5
331.0
733.0
116.5
604.0
668.5
305.5
559.0
697.0
724.0
496.0
271.0
416.5
589.0
178.0
187.0
343.0
539.5
286.0
196.0
121.0
778.0
557.5
833.5
133.0
313.0
616.0
376.0
52.0
337.0
139.0
497.5
137.5
607.0
278.5
452.5
904.0
751.0
184.0
578.5
461.5
796.0
232.0
530.5
215.5
110.5
200.5
769.0
632.5
200.5
11.5
1129.0
40.0
400.0
137.5
286.0
518.5
278.5
385.0
368.5
676.0
289.0
971.5
848.5
79.0
235.0
233.5
218.5
437.5
85.0
407.5
616.0
880.0
421.0
862.0
164.5
866.5
455.5
257.5
280.0
443.5
823.0
274.0
515.5
700.0
703.0
140.5
152.5
211.0
137.5
547.0
1004.5
214.0
98.5
436.0
233.5
290.5
697.0
550.0
575.5
376.0
317.5
194.5
176.5
154.0
601.0
697.0
704.5
454.0
206.5
106.0
526.0
625.0
209.5
977.5
203.5
866.5
1141.0
127.0
86.5
373.0
349.0
745.0
418.0
454.0
571.0
238.0
329.5
322.0
40.0
319.0
74.5
787.0
472.0
545.5
443.5
131.5
656.5
113.5
419.5
101.5
142.0
691.0
562.0
376.0
80.5
335.5
563.5
805.0
82.0
383.5
770.5
121.0
373.0
197.5
499.0
512.5
574.0
700.0
139.0
110.5
817.0
251.5
644.5
139.0
370.0
202.0
628.0
739.0
191.5
1025.5
454.0
428.5
376.0
482.5
550.0
779.5
527.5
283.0
607.0
793.0
679.0
815.5
131.5
448.0
263.5
589.0
74.5
1244.5
235.0
584.5
113.5
350.5
568.0
235.0
445.0
44.5
715.0
154.0
350.5
359.5
640.0
650.5
562.0
373.0
319.0
1036.0
787.0
563.5
203.5
425.5
544.0
598.0
263.5
568.0
394.0
263.5
272.5
479.5
443.5
362.5
701.5
131.5
379.0
233.5
673.0
632.5
1096.0
199.0
421.0
520.0
514.0
118.0
590.5
266.5
377.5
415.0
86.5
452.5
556.0
497.5
62.5
836.5
179.5
469.0
160.0
517.0
283.0
400.0
68.5
428.5
565.0
170.5
98.5
749.5
788.5
101.5
946.0
406.0
448.0
472.0
262.0
469.0
520.0
161.5
172.0
634.0
314.5
433.0
190.0
340.0
281.5
719.5
143.5
305.5
674.5
331.0
467.5
107.5
574.0
382.0
611.5
374.5
116.5
496.0
125.5
206.5
583.0
388.0
712.0
536.5
421.0
227.5
158.5
284.5
95.5
961.0
433.0
218.5
280.0
221.5
475.0
487.0
343.0
91.0
265.0
464.5
523.0
410.5
137.5
389.5
110.5
484.0
404.5
259.0
62.5
439.0
272.5
542.5
179.5
352.0
695.5
340.0
1039.0
236.5
139.0
239.5
260.5
173.5
169.0
322.0
847.0
221.5
554.5
472.0
97.0
442.0
368.5
329.5
553.0
145.0
721.0
64.0
701.5
364.0
52.0
313.0
761.5
247.0
340.0
956.5
766.0
257.5
872.5
986.5
788.5
700.0
632.5
506.5
487.0
478.0
181.0
451.0
76.0
368.5
181.0
131.5
178.0
313.0
241.0
299.5
263.5
500.5
602.5
290.5
754.0
56.5
179.5
604.0
401.5
134.5
511.0
125.5
239.5
529.0
452.5
518.5
277.0
169.0
301.0
749.5
262.0
346.0
200.5
398.5
508.0
44.5
202.0
500.5
143.5
247.0
259.0
422.5
589.0
1027.0
685.0
661.0
382.0
230.5
859.0
860.5
82.0
56.5
100.0
493.0
185.5
716.5
985.0
688.0
391.0
461.5
314.5
286.0
302.5
188.5
505.0
298.0
128.5
170.5
352.0
466.0
511.0
409.0
344.5
248.5
310.0
464.5
788.5
622.0
220.0
616.0
772.0
295.0
523.0
539.5
361.0
281.5
125.5
182.5
94.0
278.5
965.5
893.5
124.0
386.5
418.0
817.0
818.5
377.5
191.5
986.5
527.5
229.0
670.0
148.0
472.0
251.5
365.5
701.5
308.5
32.5
209.5
19.0
67.0
335.5
395.5
691.0
64.0
211.0
157.0
802.0
593.5
395.5
680.5
76.0
263.5
868.0
737.5
91.0
776.5
415.0
230.5
187.0
301.0
1234.0
289.0
464.5
526.0
484.0
599.5
395.5
316.0
44.5
932.5
373.0
65.5
106.0
601.0
550.0
322.0
194.5
268.0
946.0
272.5
211.0
55.0
995.5
509.5
388.0
484.0
367.0
599.5
199.0
235.0
172.0
409.0
224.5
580.0
32.5
622.0
965.5
199.0
218.5
218.5
284.5
601.0
517.0
95.5
325.0
587.5
322.0
584.5
379.0
38.5
281.5
106.0
652.0
991.0
449.5
95.5
614.5
599.5
292.0
163.0
497.5
52.0
440.5
352.0
800.5
152.5
286.0
871.0
488.5
389.5
538.0
514.0
62.5
331.0
172.0
565.0
310.0
877.0
712.0
73.0
625.0
239.5
301.0
572.5
85.0
101.5
173.5
89.5
643.0
275.5
298.0
106.0
143.5
406.0
514.0
224.5
415.0
499.0
320.5
575.5
290.5
959.5
118.0
62.5
127.0
316.0
272.5
266.5
140.5
358.0
374.5
553.0
488.5
220.0
272.5
103.0
190.0
571.0
307.0
461.5
958.0
619.0
605.5
470.5
415.0
496.0
235.0
637.0
769.0
74.5
125.5
241.0
818.5
121.0
289.0
893.5
541.0
430.0
593.5
118.0
322.0
715.0
368.5
409.0
145.0
128.5
157.0
203.5
401.5
487.0
598.0
911.5
409.0
467.5
697.0
338.5
265.0
175.0
578.5
368.5
146.5
172.0
766.0
668.5
409.0
263.5
133.0
515.5
364.0
695.5
791.5
149.5
268.0
158.5
302.5
164.5
364.0
626.5
116.5
283.0
874.0
500.5
517.0
737.5
335.5
274.0
296.5
229.0
119.5
656.5
215.5
199.0
239.5
383.5
343.0
478.0
616.0
227.5
377.5
485.5
29.5
517.0
218.5
316.0
389.5
677.5
520.0
398.5
664.0
302.5
92.5
248.5
701.5
485.5
730.0
97.0
560.5
328.0
115.0
503.5
196.0
352.0
169.0
559.0
184.0
293.5
827.5
223.0
133.0
806.5
227.5
217.0
305.5
403.0
377.5
299.5
494.5
334.0
698.5
329.5
230.5
298.0
110.5
368.5
379.0
316.0
178.0
605.5
466.0
569.5
610.0
271.0
290.5
118.0
728.5
679.0
670.0
142.0
245.5
619.0
236.5
500.5
292.0
1096.0
398.5
520.0
692.5
682.0
569.5
428.5
284.5
439.0
80.5
221.5
598.0
751.0
730.0
335.5
427.0
317.5
236.5
823.0
449.5
268.0
560.5
77.5
259.0
344.5
923.5
952.0
619.0
536.5
740.5
586.0
493.0
668.5
245.5
464.5
406.0
338.5
767.5
259.0
946.0
595.0
778.0
158.5
478.0
758.5
469.0
433.0
1006.0
455.5
637.0
178.0
590.5
205.0
196.0
365.5
521.5
347.5
941.5
1132.0
770.5
142.0
703.0
659.5
419.5
757.0
434.5
437.5
58.0
154.0
728.5
35.5
166.0
565.0
374.5
203.5
542.5
79.0
443.5
703.0
130.0
170.5
700.0
464.5
310.0
182.5
649.0
608.5
662.5
224.5
130.0
302.5
659.5
493.0
424.0
593.5
529.0
205.0
163.0
556.0
709.0
283.0
680.5
293.5
964.0
743.5
796.0
713.5
260.5
505.0
739.0
313.0
220.0
206.5
311.5
296.5
554.5
796.0
514.0
56.5
379.0
682.0
298.0
952.0
269.5
353.5
119.5
226.0
28.0
215.5
653.5
271.0
707.5
284.5
143.5
782.5
253.0
214.0
854.5
203.5
133.0
367.0
122.5
172.0
155.5
457.0
137.5
761.5
412.0
104.5
97.0
710.5
284.5
853.0
890.5
175.0
655.0
640.0
173.5
622.0
275.5
304.0
382.0
674.5
437.5
326.5
97.0
362.5
466.0
191.5
586.0
751.0
733.0
361.0
215.5
163.0
353.5
634.0
287.5
793.0
887.5
161.5
716.5
671.5
841.0
854.5
356.5
130.0
179.5
200.5
305.5
629.5
719.5
797.5
154.0
419.5
583.0
238.0
848.5
418.0
1165.0
214.0
371.5
40.0
196.0
238.0
347.5
812.5
305.5
593.5
349.0
268.0
134.5
455.5
815.5
251.5
35.5
310.0
286.0
626.5
115.0
409.0
634.0
188.5
464.5
172.0
211.0
424.0
398.5
290.5
439.0
46.0
569.5
320.5
142.0
263.5
680.5
467.5
377.5
316.0
260.5
106.0
755.5
739.0
199.0
184.0
239.5
241.0
487.0
346.0
223.0
506.5
370.0
767.5
536.5
604.0
374.5
761.5
838.0
731.5
620.5
275.5
343.0
58.0
229.0
341.5
611.5
362.5
160.0
197.5
544.0
179.5
185.5
136.0
152.5
37.0
218.5
197.5
386.5
545.5
218.5
280.0
541.0
413.5
619.0
112.0
185.5
406.0
364.0
532.0
100.0
311.5
413.5
454.0
931.0
566.5
421.0
604.0
281.5
364.0
217.0
235.0
434.5
428.5
125.5
274.0
169.0
1105.0
88.0
205.0
917.5
514.0
235.0
896.5
145.0
622.0
308.5
554.5
388.0
701.5
424.0
922.0
655.0
863.5
490.0
220.0
314.5
142.0
112.0
365.5
76.0
230.5
92.5
301.0
73.0
131.5
311.5
49.0
548.5
187.0
346.0
524.5
595.0
85.0
758.5
313.0
193.0
79.0
493.0
578.5
101.5
196.0
373.0
482.5
466.0
278.5
170.5
308.5
70.0
259.0
424.0
1040.5
302.5
166.0
326.5
187.0
692.5
868.0
136.0
836.5
149.5
212.5
218.5
914.5
142.0
155.5
434.5
476.5
361.0
137.5
241.0
142.0
355.0
269.5
776.5
440.5
214.0
269.5
277.0
292.0
359.5
101.5
1045.0
439.0
694.0
722.5
91.0
436.0
199.0
644.5
310.0
673.0
412.0
290.5
880.0
953.5
782.5
233.5
442.0
224.5
227.5
191.5
371.5
902.5
427.0
997.0
1157.5
274.0
944.5
799.0
431.5
815.5
1135.0
256.0
449.5
1004.5
251.5
239.5
464.5
238.0
286.0
245.5
419.5
607.0
23.5
428.5
229.0
610.0
764.5
91.0
545.5
497.5
842.5
427.0
182.5
172.0
404.5
641.5
136.0
205.0
320.5
233.5
233.5
164.5
80.5
556.0
848.5
655.0
773.5
553.0
637.0
259.0
446.5
70.0
440.5
88.0
220.0
95.5
896.5
356.5
292.0
466.0
380.5
496.0
176.5
533.5
655.0
1121.5
401.5
700.0
80.5
53.5
311.5
226.0
860.5
952.0
1222.0
928.0
415.0
383.5
239.5
1030.0
62.5
245.5
740.5
443.5
209.5
176.5
745.0
367.0
515.5
119.5
92.5
191.5
614.5
41.5
431.5
1043.5
631.0
817.0
448.0
812.5
163.0
700.0
347.5
127.0
356.5
490.0
535.0
829.0
919.0
884.5
215.5
691.0
557.5
601.0
661.0
217.0
458.5
127.0
448.0
92.5
334.0
274.0
319.0
85.0
451.0
1109.5
86.5
742.0
433.0
275.5
778.0
437.5
409.0
538.0
239.5
221.5
52.0
50.5
221.5
71.5
130.0
224.5
259.0
409.0
434.5
568.0
203.5
830.5
197.5
1040.5
257.5
652.0
418.0
320.5
815.5
586.0
121.0
281.5
418.0
182.5
478.0
539.5
1034.5
224.5
287.5
658.0
79.0
583.0
352.0
817.0
299.5
491.5
130.0
580.0
175.0
713.5
524.5
325.0
196.0
229.0
104.5
83.5
112.0
457.0
344.5
331.0
428.5
155.5
253.0
580.0
97.0
305.5
445.0
850.0
494.5
443.5
317.5
184.0
313.0
392.5
223.0
206.5
290.5
40.0
259.0
173.5
227.5
227.5
616.0
158.5
269.5
190.0
775.0
613.0
722.5
778.0
437.5
173.5
511.0
601.0
595.0
275.5
310.0
260.5
463.0
61.0
421.0
275.5
73.0
244.0
616.0
145.0
40.0
439.0
683.5
644.5
269.5
167.5
374.5
769.0
658.0
679.0
449.5
697.0
245.5
104.5
574.0
124.0
452.5
841.0
94.0
416.5
781.0
247.0
86.5
394.0
485.5
781.0
175.0
343.0
314.5
236.5
205.0
74.5
622.0
64.0
298.0
679.0
314.5
319.0
554.5
113.5
95.5
667.0
400.0
203.5
170.5
385.0
782.5
652.0
400.0
62.5
128.5
103.0
35.5
109.0
152.5
271.0
202.0
454.0
167.5
625.0
215.5
710.5
322.0
190.0
10.0
76.0
284.5
194.5
601.0
146.5
340.0
43.0
460.0
118.0
296.5
175.0
176.5
386.5
335.5
541.0
74.5
638.5
524.5
508.0
494.5
572.5
443.5
283.0
731.5
457.0
484.0
467.5
691.0
218.5
208.0
298.0
110.5
184.0
280.0
1103.5
577.0
427.0
452.5
709.0
130.0
217.0
1093.0
634.0
226.0
689.5
581.5
269.5
535.0
302.5
1043.5
74.5
335.5
232.0
229.0
452.5
532.0
103.0
322.0
217.0
811.0
220.0
533.5
397.0
523.0
118.0
305.5
196.0
803.5
286.0
617.5
902.5
794.5
253.0
571.0
79.0
382.0
398.5
823.0
82.0
437.5
428.5
668.5
230.5
620.5
724.0
367.0
421.0
245.5
856.0
580.0
175.0
199.0
379.0
505.0
125.5
217.0
892.0
142.0
70.0
211.0
814.0
80.5
698.5
416.5
751.0
463.0
818.5
211.0
121.0
109.0
202.0
164.5
628.0
487.0
140.5
524.5
784.0
503.5
275.5
925.0
131.5
727.0
287.5
314.5
358.0
232.0
214.0
649.0
715.0
217.0
380.5
74.5
103.0
265.0
718.0
178.0
196.0
643.0
868.0
854.5
275.5
290.5
380.5
805.0
158.5
211.0
238.0
613.0
77.5
151.0
820.0
914.5
788.5
50.5
448.0
122.5
347.5
146.5
328.0
734.5
605.5
352.0
143.5
253.0
284.5
301.0
70.0
190.0
275.5
394.0
635.5
95.5
155.5
529.0
280.0
160.0
298.0
515.5
269.5
260.5
53.5
187.0
433.0
217.0
175.0
155.5
112.0
73.0
259.0
586.0
134.5
850.0
194.5
662.5
182.5
409.0
415.0
242.5
319.0
55.0
55.0
236.5
298.0
610.0
200.5
292.0
257.5
437.5
380.5
107.5
151.0
730.0
310.0
253.0
529.0
377.5
650.5
161.5
70.0
329.5
353.5
554.5
793.0
149.5
359.5
160.0
427.0
338.5
502.0
191.5
169.0
238.0
233.5
392.5
428.5
77.5
382.0
688.0
673.0
412.0
926.5
73.0
242.5
308.5
131.5
148.0
277.0
559.0
106.0
347.5
278.5
128.5
419.5
646.0
193.0
110.5
97.0
820.0
622.0
575.5
152.5
427.0
277.0
616.0
215.5
341.5
290.5
157.0
119.5
463.0
718.0
278.5
292.0
266.5
116.5
259.0
166.0
104.5
368.5
908.5
355.0
269.5
419.5
248.5
269.5
406.0
703.0
875.5
566.5
505.0
731.5
521.5
604.0
350.5
566.5
836.5
227.5
61.0
131.5
218.5
682.0
506.5
824.5
298.0
394.0
584.5
248.5
688.0
284.5
199.0
698.5
226.0
398.5
503.5
112.0
212.5
590.5
316.0
596.5
272.5
397.0
100.0
256.0
616.0
476.5
461.5
125.5
350.5
616.0
166.0
218.5
623.5
356.5
1033.0
62.5
202.0
554.5
317.5
398.5
412.0
209.5
602.5
203.5
1024.0
244.0
71.5
530.5
146.5
128.5
239.5
325.0
542.5
302.5
353.5
821.5
202.0
379.0
155.5
733.0
584.5
590.5
391.0
388.0
683.5
262.0
209.5
194.5
220.0
80.5
145.0
371.5
380.5
461.5
869.5
950.5
343.0
160.0
746.5
958.0
368.5
442.0
869.5
737.5
808.0
370.0
692.5
398.5
227.5
475.0
139.0
574.0
283.0
704.5
643.0
202.0
178.0
829.0
857.5
494.5
425.5
583.0
95.5
550.0
313.0
388.0
265.0
227.5
1217.5
553.0
581.5
659.5
371.5
331.0
733.0
674.5
535.0
182.5
314.5
223.0
679.0
515.5
523.0
335.5
652.0
238.0
406.0
308.5
241.0
311.5
871.0
520.0
88.0
329.5
245.5
98.5
34.0
166.0
260.5
611.5
596.5
470.5
275.5
607.0
643.0
185.5
337.0
148.0
544.0
701.5
791.5
236.5
176.5
298.0
184.0
175.0
568.0
398.5
691.0
386.5
931.0
314.5
487.0
301.0
161.5
367.0
145.0
215.5
122.5
143.5
287.5
119.5
383.5
194.5
203.5
817.0
1132.0
617.5
536.5
247.0
247.0
847.0
337.0
379.0
287.5
760.0
337.0
92.5
986.5
730.0
860.5
482.5
236.5
697.0
392.5
1055.5
127.0
233.5
424.0
242.5
500.5
625.0
313.0
619.0
344.5
1042.0
166.0
341.5
272.5
379.0
319.0
394.0
824.5
58.0
619.0
116.5
95.5
37.0
485.5
77.5
121.0
340.0
412.0
275.5
244.0
929.5
82.0
335.5
598.0
323.5
508.0
499.0
281.5
424.0
973.0
595.0
451.0
178.0
485.5
571.0
619.0
694.0
263.5
113.5
307.0
275.5
197.5
269.5
158.5
161.5
562.0
497.5
445.0
406.0
338.5
464.5
568.0
224.5
227.5
122.5
83.5
596.5
130.0
781.0
265.0
329.5
842.5
313.0
218.5
520.0
314.5
358.0
512.5
1040.5
349.0
253.0
37.0
155.5
332.5
265.0
637.0
698.5
352.0
371.5
319.0
164.5
431.5
452.5
610.0
665.5
848.5
1033.0
928.0
374.5
269.5
445.0
305.5
490.0
764.5
104.5
149.5
268.0
799.0
812.5
293.5
751.0
412.0
323.5
428.5
808.0
178.0
415.0
364.0
481.0
982.0
461.5
271.0
248.5
247.0
440.5
209.5
232.0
254.5
352.0
262.0
655.0
1060.0
410.5
700.0
91.0
557.5
485.5
511.0
140.5
577.0
194.5
553.0
251.5
224.5
638.5
805.0
421.0
301.0
848.5
889.0
340.0
832.0
416.5
914.5
464.5
1081.0
280.0
121.0
443.5
413.5
775.0
641.5
779.5
397.0
470.5
277.0
160.0
275.5
100.0
290.5
565.0
541.0
484.0
392.5
505.0
134.5
358.0
464.5
140.5
292.0
475.0
454.0
541.0
508.0
335.5
736.0
143.5
193.0
397.0
812.5
977.5
130.0
140.5
232.0
398.5
308.5
112.0
212.5
139.0
122.5
149.5
821.5
257.5
607.0
269.5
470.5
520.0
232.0
764.5
653.5
236.5
290.5
241.0
362.5
937.0
964.0
346.0
629.5
211.0
110.5
397.0
323.5
73.0
266.5
383.5
451.0
436.0
170.5
265.0
559.0
304.0
47.5
376.0
518.5
340.0
134.5
680.5
641.5
130.0
326.5
506.5
383.5
46.0
238.0
20.5
428.5
398.5
551.5
272.5
391.0
628.0
445.0
188.5
214.0
857.5
1078.0
707.5
691.0
584.5
110.5
356.5
677.5
526.0
1090.0
503.5
383.5
434.5
274.0
227.5
244.0
709.0
358.0
259.0
494.5
197.5
301.0
322.0
515.5
257.5
161.5
529.0
190.0
164.5
148.0
230.5
379.0
166.0
580.0
188.5
227.5
232.0
637.0
385.0
239.5
698.5
151.0
548.5
262.0
109.0
839.5
280.0
491.5
490.0
382.0
698.5
314.5
695.5
881.5
244.0
337.0
92.5
667.0
403.0
206.5
428.5
548.5
323.5
736.0
518.5
452.5
524.5
155.5
217.0
611.5
796.0
338.5
565.0
286.0
59.5
226.0
271.0
434.5
368.5
214.0
256.0
95.5
275.5
295.0
625.0
196.0
488.5
82.0
311.5
523.0
784.0
619.0
137.5
256.0
302.5
566.5
128.5
100.0
431.5
38.5
746.5
179.5
97.0
98.5
952.0
418.0
358.0
614.5
1166.5
400.0
938.5
113.5
413.5
269.5
214.0
272.5
34.0
680.5
76.0
760.0
278.5
227.5
677.5
64.0
775.0
188.5
244.0
668.5
77.5
313.0
283.0
379.0
395.5
335.5
298.0
403.0
251.5
245.5
199.0
320.5
952.0
94.0
248.5
128.5
319.0
634.0
452.5
181.0
104.5
167.5
916.0
877.0
317.5
