608.5
836.5
634.0
709.0
752.5
605.5
751.0
845.5
592.0
797.5
697.0
346.0
731.5
796.0
577.0
352.0
745.0
151.0
826.0
574.0
716.5
695.5
694.0
748.0
152.5
811.0
278.5
649.0
802.0
655.0
599.5
617.5
872.5
671.5
253.0
700.0
862.0
182.5
514.0
730.0
845.5
350.5
670.0
395.5
704.5
725.5
818.5
733.0
863.5
823.0
167.5
745.0
584.5
860.5
650.5
821.5
764.5
809.5
676.0
580.0
719.5
644.5
736.0
142.0
794.5
542.5
880.0
754.0
601.0
782.5
800.5
761.5
688.0
202.0
794.5
788.5
545.5
676.0
787.0
806.5
526.0
590.5
674.5
779.5
860.5
676.0
748.0
761.5
299.5
575.5
713.5
868.0
563.5
640.0
434.5
569.5
767.5
466.0
824.5
721.0
238.0
452.5
767.5
697.0
692.5
655.0
709.0
158.5
617.5
602.5
653.5
580.0
469.0
841.0
715.0
833.5
913.0
677.5
577.0
857.5
712.0
722.5
746.5
688.0
284.5
523.0
620.5
526.0
605.5
175.0
692.5
794.5
244.0
655.0
823.0
535.0
787.0
719.5
806.5
415.0
410.5
227.5
712.0
262.0
220.0
400.0
734.5
700.0
760.0
304.0
803.5
682.0
373.0
583.0
724.0
818.5
878.5
373.0
713.5
833.5
167.5
691.0
830.5
350.5
791.5
745.0
724.0
680.5
769.0
569.5
623.5
704.5
802.0
671.5
197.5
635.5
400.0
659.5
689.5
862.0
614.5
184.0
617.5
457.0
280.0
836.5
578.5
685.0
854.5
754.0
719.5
122.5
692.5
658.0
520.0
742.0
622.0
637.0
751.0
718.0
784.0
517.0
523.0
578.5
838.0
710.5
556.0
742.0
590.5
622.0
824.5
826.0
107.5
647.5
754.0
821.5
598.0
743.5
733.0
740.5
848.5
601.0
749.5
395.5
877.0
541.0
703.0
817.0
868.0
539.5
724.0
734.5
610.0
838.0
859.0
251.5
367.0
785.5
134.5
470.5
826.0
893.5
869.5
836.5
214.0
559.0
688.0
517.0
713.5
590.5
760.0
727.0
694.0
731.5
857.5
824.5
725.5
683.5
443.5
434.5
773.5
752.5
700.0
817.0
667.0
359.5
656.5
794.5
571.0
295.0
824.5
776.5
637.0
668.5
353.5
629.5
787.0
559.0
634.0
829.0
736.0
811.0
736.0
860.5
839.5
854.5
758.5
388.0
698.5
778.0
605.5
272.5
80.5
218.5
773.5
715.0
712.0
757.0
808.0
671.5
709.0
806.5
829.0
749.5
385.0
679.0
688.0
700.0
580.0
355.0
778.0
649.0
784.0
748.0
821.5
557.5
785.5
53.5
811.0
704.5
754.0
646.0
785.5
766.0
194.5
695.5
761.5
611.5
658.0
727.0
679.0
782.5
431.5
823.0
622.0
479.5
584.5
661.0
872.5
416.5
698.5
730.0
734.5
395.5
767.5
715.0
776.5
755.5
616.0
614.5
571.0
496.0
728.5
566.5
817.0
791.5
755.5
587.5
778.0
320.5
602.5
815.5
610.0
668.5
772.0
815.5
596.5
95.5
760.0
565.0
595.0
688.0
685.0
787.0
776.5
809.5
652.0
658.0
754.0
758.5
461.5
788.5
829.0
467.5
316.0
803.5
557.5
644.5
745.0
748.0
782.5
505.0
779.5
689.5
844.0
878.5
763.0
751.0
730.0
656.5
721.0
50.5
506.5
407.5
802.0
521.5
245.5
554.5
674.5
598.0
691.0
647.5
674.5
488.5
410.5
154.0
206.5
730.0
800.5
850.0
619.0
674.5
788.5
263.5
631.0
290.5
800.5
700.0
761.5
692.5
650.5
772.0
763.0
602.5
524.5
871.0
776.5
719.5
674.5
776.5
784.0
686.5
709.0
529.0
692.5
779.5
551.5
578.5
784.0
794.5
503.5
703.0
719.5
292.0
604.0
571.0
688.0
697.0
691.0
776.5
766.0
758.5
706.0
763.0
725.5
376.0
700.0
629.5
784.0
778.0
812.5
677.5
713.5
763.0
727.0
637.0
563.5
418.0
773.5
377.5
691.0
560.5
839.5
625.0
215.5
875.5
731.5
784.0
671.5
773.5
661.0
593.5
656.5
704.5
593.5
833.5
748.0
779.5
623.5
479.5
782.5
446.5
802.0
236.5
877.0
874.0
436.0
854.5
866.5
239.5
877.0
884.5
778.0
310.0
733.0
875.5
802.0
715.0
799.0
683.5
506.5
761.5
670.0
797.5
580.0
718.0
640.0
749.5
415.0
731.5
608.5
394.0
571.0
790.0
847.0
817.0
599.5
785.5
454.0
758.5
793.0
565.0
559.0
467.5
731.5
821.5
704.5
470.5
467.5
287.5
691.0
671.5
658.0
647.5
511.0
523.0
743.5
784.0
646.0
737.5
736.0
706.0
491.5
760.0
827.5
874.0
761.5
473.5
692.5
773.5
598.0
674.5
658.0
773.5
763.0
820.0
887.5
833.5
784.0
776.5
662.5
707.5
667.0
659.5
770.5
364.0
770.5
731.5
682.0
827.5
721.0
842.5
710.5
841.0
686.5
488.5
703.0
754.0
359.5
721.0
778.0
797.5
662.5
473.5
841.0
653.5
881.5
514.0
752.5
737.5
695.5
814.0
715.0
790.0
764.5
758.5
695.5
712.0
461.5
832.0
715.0
547.0
691.0
860.5
452.5
242.5
829.0
89.5
719.5
716.5
691.0
733.0
715.0
739.0
785.5
724.0
766.0
721.0
371.5
223.0
812.5
748.0
857.5
737.5
800.5
451.0
865.0
805.0
808.0
712.0
206.5
476.5
623.5
805.0
769.0
760.0
775.0
431.5
718.0
661.0
790.0
695.5
775.0
187.0
785.5
769.0
760.0
707.5
836.5
845.5
730.0
452.5
574.0
734.5
782.5
737.5
659.5
656.5
563.5
791.5
647.5
322.0
724.0
553.0
866.5
656.5
809.5
376.0
721.0
698.5
545.5
595.0
268.0
847.0
691.0
901.0
847.0
577.0
703.0
592.0
653.5
743.5
670.0
701.5
725.5
631.0
517.0
637.0
800.5
724.0
367.0
674.5
527.5
709.0
820.0
508.0
643.0
605.5
641.5
779.5
809.5
790.0
590.5
443.5
542.5
782.5
656.5
170.5
536.5
232.0
779.5
658.0
763.0
752.5
589.0
763.0
674.5
892.0
358.0
839.5
703.0
817.0
713.5
733.0
619.0
875.5
571.0
658.0
833.5
466.0
355.0
541.0
23.5
805.0
751.0
316.0
818.5
739.0
737.5
799.0
730.0
712.0
754.0
836.5
103.0
547.0
206.5
851.5
631.0
616.0
800.5
626.5
650.5
812.5
614.5
583.0
707.5
815.5
652.0
593.5
758.5
808.0
703.0
836.5
722.5
502.0
847.0
725.5
593.5
805.0
577.0
719.5
835.0
404.5
791.5
358.0
604.0
619.0
743.5
427.0
437.5
719.5
422.5
590.5
130.0
334.0
776.5
811.0
688.0
655.0
427.0
371.5
485.5
719.5
628.0
653.5
733.0
554.5
592.0
391.0
737.5
803.5
637.0
854.5
623.5
586.0
800.5
610.0
187.0
575.5
413.5
209.5
676.0
703.0
838.0
611.5
590.5
607.0
850.0
619.0
790.0
770.5
671.5
101.5
509.5
310.0
787.0
560.5
548.5
793.0
692.5
661.0
490.0
791.5
586.0
553.0
781.0
797.5
788.5
628.0
667.0
812.5
151.0
682.0
742.0
712.0
799.0
529.0
806.5
853.0
691.0
646.0
667.0
245.5
848.5
691.0
814.0
763.0
881.5
539.5
842.5
850.0
190.0
761.5
86.5
517.0
802.0
748.0
614.5
476.5
496.0
508.0
542.5
517.0
598.0
158.5
367.0
160.0
557.5
640.0
713.5
832.0
829.0
299.5
650.5
614.5
671.5
751.0
683.5
724.0
764.5
502.0
397.0
725.5
781.0
20.5
539.5
385.0
250.0
650.5
851.5
695.5
700.0
718.0
706.0
709.0
178.0
707.5
728.5
745.0
659.5
449.5
803.5
671.5
616.0
244.0
632.5
809.5
712.0
518.5
530.5
535.0
809.5
694.0
845.5
766.0
734.5
743.5
869.5
790.0
619.0
733.0
845.5
740.5
815.5
740.5
655.0
551.5
644.5
691.0
754.0
505.0
676.0
566.5
656.5
856.0
292.0
677.5
404.5
556.0
745.0
523.0
751.0
661.0
782.5
764.5
736.0
730.0
790.0
758.5
826.0
721.0
563.5
790.0
238.0
704.5
716.5
661.0
718.0
842.5
508.0
724.0
749.5
811.0
778.0
839.5
688.0
664.0
821.5
686.5
653.5
775.0
727.0
743.5
644.5
797.5
748.0
661.0
758.5
751.0
686.5
220.0
751.0
796.0
236.5
698.5
760.0
776.5
373.0
758.5
829.0
712.0
755.5
677.5
214.0
544.0
565.0
706.0
572.5
595.0
544.0
563.5
649.0
661.0
500.5
835.0
686.5
649.0
812.5
467.5
823.0
392.5
455.5
184.0
721.0
292.0
674.5
793.0
677.5
190.0
761.5
358.0
887.5
833.5
475.0
796.0
742.0
785.5
268.0
782.5
713.5
695.5
572.5
667.0
689.5
464.5
875.5
298.0
599.5
808.0
830.5
667.0
737.5
34.0
830.5
304.0
629.5
742.0
683.5
748.0
556.0
638.5
367.0
767.5
529.0
908.5
646.0
800.5
673.0
680.5
829.0
751.0
745.0
850.0
751.0
761.5
748.0
772.0
788.5
604.0
589.0
841.0
733.0
764.5
665.5
440.5
802.0
677.5
787.0
679.0
667.0
811.0
778.0
718.0
745.0
814.0
301.0
706.0
812.5
248.5
529.0
656.5
688.0
779.5
650.5
743.5
842.5
749.5
704.5
482.5
746.5
641.5
719.5
268.0
385.0
760.0
538.0
770.5
505.0
791.5
698.5
854.5
596.5
596.5
787.0
824.5
518.5
280.0
377.5
743.5
749.5
691.0
293.5
908.5
574.0
758.5
827.5
673.0
646.0
848.5
253.0
743.5
745.0
730.0
596.5
826.0
788.5
499.0
775.0
472.0
118.0
815.5
602.5
710.5
874.0
670.0
737.5
691.0
896.5
764.5
734.5
584.5
479.5
661.0
658.0
751.0
820.0
257.5
740.5
442.0
667.0
640.0
458.5
751.0
787.0
815.5
605.5
692.5
784.0
515.5
200.5
793.0
454.0
548.5
331.0
731.5
748.0
442.0
452.5
596.5
551.5
647.5
773.5
250.0
749.5
59.5
874.0
550.0
605.5
655.0
728.5
727.0
671.5
575.5
766.0
457.0
610.0
643.0
523.0
784.0
500.5
769.0
716.5
883.0
575.5
676.0
775.0
475.0
652.0
619.0
818.5
614.5
368.5
604.0
541.0
682.0
790.0
164.5
902.5
658.0
119.5
670.0
674.5
761.5
415.0
269.5
458.5
757.0
679.0
269.5
811.0
841.0
635.5
671.5
652.0
698.5
772.0
791.5
107.5
476.5
698.5
698.5
820.0
782.5
487.0
703.0
146.5
442.0
814.0
509.5
862.0
662.5
761.5
910.0
227.5
377.5
812.5
187.0
794.5
838.0
631.0
113.5
659.5
736.0
395.5
497.5
817.0
748.0
698.5
713.5
734.5
409.0
493.0
779.5
814.0
781.0
718.0
853.0
808.0
785.5
239.5
728.5
572.5
254.5
682.0
626.5
769.0
863.5
745.0
508.0
731.5
139.0
629.5
826.0
470.5
787.0
787.0
712.0
676.0
715.0
841.0
638.5
728.5
605.5
286.0
679.0
635.5
613.0
614.5
94.0
574.0
653.5
751.0
494.5
769.0
803.5
611.5
844.0
161.5
599.5
503.5
796.0
184.0
457.0
607.0
748.0
775.0
505.0
811.0
544.0
880.0
589.0
208.0
580.0
634.0
469.0
862.0
485.5
539.5
764.5
838.0
853.0
821.5
778.0
379.0
659.5
185.5
845.5
742.0
616.0
796.0
398.5
766.0
764.5
655.0
704.5
799.0
805.0
742.0
500.5
563.5
724.0
847.0
580.0
361.0
811.0
760.0
203.5
275.5
698.5
619.0
842.5
692.5
617.5
715.0
584.5
658.0
490.0
725.5
746.5
785.5
800.5
848.5
200.5
785.5
845.5
797.5
616.0
661.0
722.5
436.0
577.0
598.0
688.0
641.5
647.5
791.5
796.0
721.0
692.5
832.0
712.0
859.0
674.5
668.5
496.0
725.5
770.5
695.5
814.0
734.5
848.5
718.0
737.5
835.0
592.0
751.0
682.0
524.5
659.5
610.0
724.0
773.5
829.0
752.5
908.5
878.5
772.0
700.0
758.5
533.5
757.0
736.0
791.5
590.5
856.0
824.5
589.0
812.5
448.0
607.0
793.0
748.0
718.0
563.5
745.0
838.0
128.5
824.5
616.0
803.5
704.5
821.5
92.5
622.0
529.0
203.5
808.0
739.0
661.0
874.0
683.5
353.5
766.0
668.5
704.5
595.0
446.5
878.5
680.5
739.0
271.0
677.5
695.5
337.0
829.0
604.0
274.0
790.0
377.5
589.0
751.0
658.0
488.5
817.0
553.0
580.0
467.5
361.0
763.0
71.5
533.5
359.5
805.0
325.0
851.5
677.5
308.5
469.0
811.0
821.5
799.0
770.5
839.5
740.5
740.5
701.5
443.5
548.5
704.5
826.0
548.5
124.0
179.5
647.5
421.0
605.5
688.0
865.0
104.5
752.5
673.0
544.0
730.0
400.0
824.5
620.5
760.0
379.0
691.0
139.0
763.0
569.5
782.5
634.0
718.0
338.5
538.0
733.0
683.5
769.0
593.5
556.0
353.5
860.5
829.0
823.0
803.5
925.0
601.0
778.0
778.0
566.5
821.5
698.5
841.0
451.0
401.5
847.0
640.0
485.5
677.5
734.5
737.5
832.0
629.5
610.0
668.5
749.5
775.0
788.5
725.5
331.0
133.0
773.5
680.5
652.0
866.5
665.5
278.5
724.0
844.0
713.5
629.5
613.0
809.5
883.0
490.0
779.5
629.5
733.0
847.0
817.0
796.0
875.5
838.0
827.5
650.5
896.5
385.0
617.5
796.0
413.5
673.0
620.5
806.5
712.0
766.0
551.5
691.0
794.5
599.5
805.0
640.0
728.5
448.0
868.0
773.5
778.0
809.5
368.5
839.5
665.5
733.0
320.5
736.0
692.5
677.5
302.5
17.5
284.5
781.0
539.5
494.5
794.5
487.0
680.5
568.0
838.0
545.5
737.5
830.5
736.0
614.5
884.5
719.5
502.0
707.5
346.0
647.5
659.5
818.5
826.0
574.0
469.0
808.0
854.5
82.0
743.5
710.5
752.5
815.5
772.0
763.0
794.5
544.0
754.0
782.5
731.5
686.5
785.5
653.5
653.5
775.0
767.5
851.5
124.0
733.0
748.0
758.5
602.5
722.5
688.0
772.0
874.0
565.0
869.5
583.0
214.0
454.0
782.5
785.5
767.5
478.0
430.0
784.0
727.0
785.5
851.5
709.0
652.0
632.5
685.0
449.5
752.5
296.5
593.5
572.5
701.5
764.5
668.5
742.0
752.5
731.5
751.0
712.0
790.0
878.5
736.0
160.0
800.5
532.0
745.0
814.0
842.5
790.0
778.0
488.5
721.0
806.5
805.0
811.0
781.0
607.0
176.5
617.5
659.5
742.0
799.0
734.5
692.5
491.5
514.0
733.0
664.0
512.5
806.5
544.0
868.0
368.5
766.0
280.0
854.5
683.5
584.5
806.5
635.5
401.5
151.0
589.0
650.5
641.5
833.5
790.0
568.0
215.5
811.0
707.5
697.0
454.0
757.0
691.0
407.5
575.5
790.0
793.0
676.0
178.0
731.5
743.5
814.0
850.0
862.0
790.0
677.5
571.0
415.0
893.5
649.0
241.0
772.0
832.0
758.5
484.0
824.5
775.0
740.5
740.5
767.5
733.0
296.5
724.0
809.5
505.0
784.0
643.0
698.5
790.0
737.5
749.5
706.0
518.5
727.0
799.0
536.5
469.0
455.5
656.5
797.5
409.0
557.5
262.0
701.5
124.0
839.5
754.0
545.5
788.5
769.0
560.5
731.5
695.5
775.0
616.0
749.5
901.0
469.0
817.0
790.0
782.5
167.5
760.0
478.0
284.5
844.0
691.0
445.0
736.0
811.0
665.5
733.0
427.0
766.0
727.0
182.5
815.5
707.5
905.5
772.0
938.5
767.5
724.0
791.5
805.0
817.0
737.5
812.5
722.5
650.5
706.0
706.0
505.0
727.0
220.0
751.0
779.5
653.5
530.5
571.0
752.5
451.0
715.0
812.5
718.0
604.0
728.5
638.5
773.5
706.0
382.0
761.5
731.5
697.0
152.5
856.0
802.0
631.0
701.5
269.5
613.0
734.5
461.5
689.5
622.0
656.5
487.0
415.0
361.0
799.0
749.5
740.5
530.5
823.0
772.0
730.0
683.5
758.5
259.0
812.5
668.5
893.5
194.5
769.0
778.0
799.0
700.0
377.5
623.5
506.5
305.5
563.5
322.0
494.5
613.0
775.0
739.0
706.0
596.5
848.5
646.0
650.5
730.0
401.5
701.5
863.5
640.0
650.5
667.0
727.0
226.0
602.5
782.5
823.0
892.0
695.5
688.0
811.0
854.5
788.5
620.5
806.5
680.5
751.0
755.5
788.5
160.0
551.5
626.5
694.0
752.5
640.0
163.0
737.5
715.0
640.0
755.5
484.0
812.5
689.5
577.0
739.0
349.0
538.0
752.5
808.0
784.0
862.0
740.5
811.0
826.0
553.0
781.0
578.5
859.0
808.0
817.0
707.5
628.0
832.0
859.0
481.0
211.0
800.5
809.5
671.5
647.5
406.0
182.5
682.0
689.5
673.0
259.0
721.0
890.5
122.5
772.0
596.5
365.5
658.0
763.0
808.0
854.5
634.0
836.5
355.0
722.5
821.5
811.0
512.5
697.0
773.5
568.0
808.0
649.0
886.0
496.0
676.0
790.0
263.5
623.5
403.0
652.0
401.5
742.0
173.5
538.0
188.5
659.5
421.0
746.5
683.5
790.0
614.5
824.5
769.0
248.5
665.5
817.0
770.5
649.0
668.5
533.5
761.5
809.5
587.5
797.5
778.0
844.0
736.0
806.5
736.0
610.0
679.0
580.0
769.0
685.0
643.0
398.5
847.0
644.5
865.0
593.5
524.5
643.0
550.0
664.0
637.0
652.0
593.5
694.0
811.0
793.0
836.5
451.0
167.5
751.0
817.0
739.0
316.0
790.0
709.0
850.0
802.0
742.0
751.0
707.5
740.5
530.5
776.5
359.5
746.5
683.5
466.0
625.0
742.0
491.5
463.0
686.5
131.5
686.5
754.0
638.5
496.0
887.5
220.0
665.5
640.0
694.0
844.0
778.0
844.0
667.0
857.5
730.0
857.5
776.5
722.5
715.0
640.0
503.5
224.5
796.0
853.0
784.0
671.5
176.5
299.5
493.0
649.0
820.0
574.0
715.0
416.5
700.0
577.0
487.0
839.5
718.0
613.0
674.5
688.0
838.0
811.0
706.0
823.0
473.5
299.5
784.0
758.5
847.0
155.5
634.0
769.0
161.5
740.5
295.0
391.0
482.5
700.0
739.0
833.5
665.5
800.5
863.5
622.0
815.5
737.5
695.5
482.5
806.5
776.5
551.5
203.5
851.5
794.5
614.5
772.0
223.0
503.5
604.0
757.0
797.5
583.0
776.5
784.0
550.0
670.0
802.0
122.5
790.0
287.5
404.5
620.5
785.5
395.5
293.5
392.5
743.5
622.0
778.0
671.5
674.5
701.5
803.5
821.5
863.5
611.5
652.0
674.5
298.0
526.0
676.0
643.0
820.0
743.5
571.0
508.0
664.0
862.0
524.5
269.5
239.5
592.0
637.0
785.5
853.0
740.5
532.0
461.5
235.0
553.0
823.0
623.5
833.5
644.5
811.0
748.0
617.5
815.5
727.0
557.5
649.0
568.0
761.5
827.5
740.5
739.0
851.5
686.5
835.0
223.0
850.0
802.0
755.5
613.0
631.0
478.0
808.0
788.5
421.0
653.5
845.5
874.0
130.0
595.0
604.0
862.0
650.5
698.5
776.5
815.5
724.0
665.5
772.0
800.5
823.0
760.0
827.5
712.0
737.5
806.5
752.5
500.5
562.0
772.0
652.0
863.5
61.0
776.5
703.0
793.0
412.0
751.0
812.5
827.5
493.0
614.5
722.5
650.5
841.0
652.0
622.0
824.5
605.5
704.5
467.5
709.0
566.5
683.5
559.0
800.5
704.5
581.5
719.5
791.5
902.5
718.0
764.5
673.0
634.0
475.0
565.0
533.5
725.5
616.0
800.5
634.0
158.5
820.0
499.0
704.5
790.0
743.5
308.5
800.5
637.0
785.5
787.0
731.5
682.0
827.5
605.5
61.0
734.5
830.5
431.5
716.5
841.0
205.0
802.0
778.0
742.0
509.5
679.0
788.5
674.5
334.0
730.0
617.5
707.5
706.0
736.0
787.0
716.5
646.0
731.5
880.0
818.5
581.5
794.5
590.5
794.5
781.0
361.0
754.0
863.5
844.0
661.0
728.5
647.5
682.0
829.0
478.0
839.5
730.0
791.5
388.0
776.5
593.5
887.5
830.5
746.5
808.0
856.0
845.5
589.0
793.0
863.5
478.0
562.0
722.5
776.5
706.0
845.5
619.0
724.0
740.5
565.0
790.0
518.5
598.0
635.5
682.0
473.5
85.0
598.0
142.0
791.5
733.0
727.0
763.0
785.5
766.0
623.5
623.5
862.0
839.5
871.0
800.5
352.0
698.5
869.5
545.5
467.5
217.0
767.5
743.5
736.0
886.0
715.0
833.5
442.0
787.0
598.0
835.0
764.5
854.5
215.5
562.0
761.5
688.0
671.5
554.5
535.0
775.0
871.0
614.5
586.0
103.0
787.0
434.5
778.0
662.5
679.0
686.5
829.0
814.0
769.0
782.5
704.5
254.5
608.5
841.0
470.5
649.0
349.0
797.5
794.5
782.5
788.5
595.0
767.5
887.5
737.5
760.0
749.5
820.0
809.5
761.5
766.0
724.0
490.0
688.0
299.5
212.5
839.5
724.0
806.5
776.5
872.5
410.5
617.5
859.0
806.5
776.5
799.0
767.5
832.0
620.5
803.5
737.5
601.0
424.0
728.5
422.5
815.5
820.0
365.5
44.5
853.0
536.5
833.5
806.5
251.5
832.0
386.5
806.5
695.5
874.0
749.5
713.5
716.5
683.5
802.0
700.0
748.0
757.0
253.0
851.5
307.0
800.5
724.0
773.5
772.0
592.0
799.0
383.5
596.5
818.5
448.0
725.5
634.0
175.0
701.5
529.0
874.0
361.0
784.0
512.5
778.0
794.5
800.5
802.0
815.5
886.0
742.0
737.5
803.5
748.0
706.0
446.5
436.0
701.5
796.0
262.0
824.5
688.0
817.0
632.5
778.0
793.0
769.0
725.5
889.0
674.5
530.5
845.5
676.0
772.0
668.5
302.5
643.0
791.5
464.5
283.0
797.5
496.0
682.0
812.5
502.0
695.5
739.0
302.5
743.5
526.0
56.5
851.5
574.0
667.0
745.0
653.5
677.5
661.0
419.5
155.5
748.0
221.5
836.5
521.5
727.0
806.5
815.5
644.5
847.0
353.5
133.0
814.0
731.5
802.0
451.0
698.5
623.5
854.5
685.0
650.5
670.0
733.0
607.0
764.5
718.0
634.0
449.5
830.5
437.5
604.0
745.0
640.0
743.5
769.0
604.0
715.0
712.0
817.0
863.5
485.5
481.0
844.0
746.5
590.5
649.0
829.0
701.5
652.0
817.0
619.0
157.0
718.0
772.0
737.5
817.0
635.5
869.5
236.5
827.5
790.0
790.0
644.5
385.0
619.0
559.0
421.0
776.5
797.5
256.0
610.0
532.0
790.0
722.5
701.5
805.0
214.0
506.5
848.5
826.0
599.5
731.5
346.0
457.0
739.0
482.5
833.5
785.5
703.0
806.5
571.0
821.5
508.0
680.5
440.5
734.5
722.5
644.5
229.0
836.5
710.5
743.5
620.5
679.0
826.0
700.0
790.0
812.5
359.5
527.5
587.5
146.5
473.5
691.0
670.0
904.0
533.5
310.0
811.0
731.5
677.5
836.5
838.0
161.5
725.5
544.0
823.0
820.0
790.0
835.0
686.5
694.0
710.5
526.0
733.0
395.5
839.5
574.0
745.0
758.5
763.0
608.5
730.0
721.0
790.0
706.0
431.5
874.0
847.0
511.0
647.5
758.5
674.5
397.0
824.5
707.5
596.5
817.0
590.5
730.0
721.0
812.5
89.5
695.5
770.5
791.5
848.5
643.0
784.0
575.5
737.5
616.0
127.0
608.5
793.0
506.5
703.0
661.0
565.0
662.5
766.0
332.5
685.0
623.5
722.5
548.5
578.5
611.5
736.0
673.0
722.5
655.0
811.0
229.0
728.5
827.5
745.0
628.0
790.0
712.0
701.5
650.5
314.5
625.0
805.0
212.5
310.0
433.0
686.5
872.5
505.0
713.5
749.5
721.0
764.5
767.5
326.5
790.0
751.0
710.5
692.5
631.0
358.0
767.5
737.5
872.5
712.0
821.5
701.5
670.0
553.0
703.0
605.5
715.0
670.0
848.5
751.0
478.0
731.5
671.5
772.0
755.5
667.0
725.5
706.0
760.0
752.5
686.5
850.0
521.5
623.5
479.5
877.0
482.5
479.5
850.0
613.0
722.5
758.5
838.0
730.0
739.0
704.5
764.5
685.0
698.5
688.0
601.0
613.0
700.0
577.0
845.5
772.0
674.5
428.5
617.5
860.5
607.0
695.5
431.5
625.0
428.5
389.5
437.5
391.0
683.5
839.5
515.5
736.0
742.0
335.5
778.0
724.0
670.0
478.0
791.5
680.5
757.0
844.0
866.5
535.0
656.5
485.5
730.0
571.0
751.0
428.5
701.5
458.5
775.0
668.5
478.0
614.5
139.0
562.0
577.0
451.0
878.5
838.0
275.5
772.0
604.0
758.5
620.5
830.5
23.5
794.5
548.5
233.5
728.5
728.5
850.0
676.0
136.0
785.5
823.0
577.0
770.5
605.5
710.5
709.0
785.5
866.5
776.5
835.0
766.0
656.5
760.0
367.0
793.0
308.5
800.5
800.5
733.0
806.5
173.5
799.0
743.5
613.0
848.5
833.5
514.0
527.5
364.0
388.0
775.0
742.0
769.0
593.5
761.5
434.5
803.5
790.0
643.0
898.0
670.0
739.0
646.0
803.5
785.5
692.5
272.5
767.5
722.5
743.5
703.0
649.0
565.0
595.0
626.5
701.5
824.5
841.0
334.0
844.0
788.5
781.0
760.0
661.0
713.5
796.0
614.5
671.5
761.5
614.5
781.0
791.5
680.5
646.0
799.0
196.0
530.5
563.5
619.0
640.0
886.0
752.5
683.5
829.0
638.5
635.5
745.0
878.5
601.0
617.5
457.0
734.5
625.0
610.0
842.5
652.0
616.0
731.5
826.0
658.0
802.0
172.0
839.5
682.0
736.0
793.0
601.0
443.5
532.0
791.5
865.0
809.5
776.5
622.0
703.0
784.0
526.0
830.5
727.0
751.0
725.5
859.0
590.5
877.0
152.5
317.5
533.5
725.5
793.0
706.0
731.5
503.5
740.5
113.5
728.5
493.0
613.0
647.5
599.5
802.0
683.5
592.0
821.5
793.0
695.5
541.0
590.5
766.0
592.0
827.5
710.5
680.5
866.5
808.0
388.0
616.0
634.0
703.0
743.5
398.5
782.5
703.0
419.5
829.0
856.0
487.0
769.0
169.0
545.5
755.5
526.0
796.0
788.5
494.5
785.5
539.5
658.0
725.5
683.5
733.0
668.5
703.0
671.5
805.0
799.0
784.0
842.5
638.5
856.0
550.0
749.5
316.0
226.0
727.0
674.5
760.0
794.5
596.5
764.5
673.0
293.5
797.5
646.0
706.0
409.0
356.5
634.0
415.0
551.5
424.0
791.5
343.0
613.0
613.0
802.0
349.0
706.0
155.5
838.0
697.0
731.5
590.5
437.5
833.5
601.0
869.5
773.5
779.5
691.0
704.5
776.5
821.5
695.5
904.0
790.0
820.0
557.5
754.0
725.5
535.0
752.5
704.5
577.0
608.5
845.5
715.0
418.0
800.5
614.5
761.5
719.5
343.0
767.5
430.0
788.5
689.5
622.0
763.0
808.0
197.5
604.0
824.5
818.5
778.0
746.5
556.0
650.5
811.0
757.0
754.0
370.0
644.5
638.5
692.5
179.5
437.5
185.5
598.0
769.0
316.0
730.0
797.5
596.5
383.5
716.5
370.0
622.0
766.0
598.0
425.5
275.5
673.0
703.0
728.5
359.5
419.5
656.5
817.0
734.5
604.0
617.5
724.0
736.0
593.5
254.5
356.5
694.0
287.5
608.5
532.0
605.5
745.0
793.0
755.5
760.0
455.5
16.0
763.0
824.5
626.5
592.0
727.0
656.5
664.0
832.0
809.5
112.0
428.5
824.5
835.0
878.5
751.0
718.0
815.5
857.5
833.5
737.5
770.5
605.5
704.5
665.5
736.0
742.0
488.5
575.5
865.0
827.5
223.0
596.5
329.5
758.5
742.0
619.0
722.5
700.0
812.5
688.0
595.0
857.5
778.0
698.5
818.5
386.5
772.0
734.5
545.5
830.5
61.0
781.0
449.5
772.0
652.0
404.5
587.5
716.5
724.0
752.5
686.5
734.5
760.0
767.5
809.5
761.5
803.5
794.5
539.5
727.0
752.5
836.5
859.0
725.5
760.0
700.0
719.5
677.5
799.0
512.5
149.5
719.5
778.0
791.5
680.5
749.5
850.0
746.5
782.5
742.0
667.0
590.5
286.0
737.5
565.0
785.5
502.0
803.5
748.0
808.0
485.5
857.5
509.5
742.0
803.5
889.0
493.0
866.5
575.5
802.0
748.0
479.5
494.5
593.5
799.0
766.0
700.0
149.5
773.5
856.0
827.5
595.0
427.0
266.5
281.5
739.0
559.0
685.0
449.5
842.5
529.0
604.0
616.0
632.5
871.0
619.0
455.5
862.0
679.0
233.5
503.5
785.5
437.5
871.0
529.0
583.0
745.0
796.0
764.5
829.0
703.0
773.5
815.5
800.5
512.5
539.5
817.0
799.0
808.0
838.0
821.5
656.5
721.0
419.5
775.0
310.0
734.5
784.0
697.0
640.0
863.5
824.5
329.5
802.0
773.5
764.5
730.0
881.5
539.5
862.0
584.5
269.5
326.5
782.5
845.5
529.0
581.5
716.5
661.0
845.5
578.5
835.0
832.0
806.5
842.5
806.5
827.5
263.5
737.5
664.0
640.0
713.5
617.5
679.0
727.0
823.0
623.5
737.5
311.5
725.5
301.0
652.0
817.0
832.0
791.5
724.0
662.5
703.0
586.0
710.5
821.5
671.5
586.0
722.5
731.5
803.5
613.0
712.0
719.5
718.0
820.0
745.0
704.5
854.5
227.5
766.0
713.5
656.5
829.0
112.0
473.5
670.0
566.5
685.0
835.0
227.5
746.5
194.5
400.0
803.5
718.0
263.5
727.0
494.5
817.0
821.5
604.0
551.5
556.0
722.5
800.5
715.0
781.0
827.5
574.0
742.0
529.0
851.5
442.0
791.5
767.5
679.0
692.5
755.5
722.5
545.5
277.0
686.5
737.5
815.5
779.5
748.0
619.0
391.0
688.0
787.0
781.0
743.5
835.0
757.0
481.0
584.5
125.5
767.5
500.5
728.5
439.0
769.0
721.0
458.5
575.5
806.5
773.5
754.0
815.5
698.5
830.5
437.5
557.5
787.0
601.0
715.0
685.0
847.0
872.5
613.0
664.0
740.5
392.5
718.0
478.0
203.5
803.5
694.0
757.0
806.5
574.0
104.5
710.5
811.0
809.5
493.0
665.5
667.0
503.5
751.0
778.0
764.5
602.5
763.0
760.0
634.0
748.0
583.0
692.5
652.0
893.5
703.0
746.5
728.5
500.5
511.0
827.5
665.5
757.0
586.0
740.5
836.5
755.5
466.0
818.5
659.5
787.0
850.0
841.0
811.0
661.0
854.5
745.0
733.0
506.5
682.0
802.0
583.0
740.5
872.5
502.0
526.0
629.5
734.5
230.5
712.0
649.0
784.0
293.5
680.5
670.0
814.0
721.0
806.5
770.5
668.5
779.5
848.5
185.5
791.5
755.5
604.0
634.0
784.0
797.5
716.5
619.0
563.5
883.0
407.5
698.5
763.0
530.5
799.0
679.0
829.0
257.5
556.0
523.0
784.0
629.5
605.5
866.5
569.5
653.5
827.5
691.0
853.0
434.5
731.5
785.5
151.0
764.5
721.0
766.0
722.5
728.5
746.5
728.5
740.5
748.0
626.5
497.5
622.0
710.5
709.0
781.0
433.0
650.5
536.5
713.5
730.0
733.0
706.0
557.5
416.5
391.0
620.5
611.5
56.5
691.0
836.5
746.5
302.5
782.5
634.0
749.5
767.5
725.5
809.5
742.0
883.0
700.0
715.0
793.0
806.5
290.5
319.0
653.5
728.5
730.0
812.5
706.0
763.0
784.0
835.0
796.0
790.0
545.5
619.0
709.0
743.5
626.5
745.0
847.0
652.0
781.0
664.0
511.0
748.0
757.0
706.0
617.5
754.0
709.0
745.0
761.5
638.5
799.0
644.5
787.0
677.5
209.5
823.0
361.0
766.0
337.0
622.0
164.5
679.0
794.5
776.5
853.0
721.0
371.5
754.0
748.0
482.5
859.0
640.0
793.0
127.0
484.0
515.5
728.5
643.0
707.5
271.0
610.0
500.5
775.0
853.0
781.0
490.0
739.0
767.5
842.5
832.0
781.0
709.0
746.5
806.5
829.0
806.5
778.0
655.0
646.0
553.0
608.5
682.0
839.5
542.5
773.5
580.0
755.5
731.5
94.0
853.0
832.0
506.5
748.0
778.0
704.5
859.0
475.0
559.0
614.5
655.0
715.0
451.0
542.5
677.5
847.0
499.0
821.5
716.5
466.0
340.0
668.5
725.5
745.0
644.5
718.0
757.0
818.5
658.0
713.5
680.5
694.0
568.0
515.5
724.0
838.0
611.5
170.5
527.5
371.5
626.5
358.0
827.5
770.5
340.0
650.5
844.0
647.5
670.0
860.5
508.0
812.5
812.5
377.5
691.0
884.5
767.5
856.0
803.5
682.0
650.5
692.5
538.0
659.5
749.5
514.0
704.5
529.0
821.5
787.0
500.5
614.5
640.0
827.5
646.0
730.0
272.5
785.5
728.5
787.0
688.0
646.0
824.5
436.0
685.0
802.0
316.0
476.5
554.5
851.5
653.5
581.5
755.5
698.5
620.5
722.5
215.5
707.5
895.0
703.0
614.5
814.0
811.0
652.0
698.5
544.0
811.0
758.5
755.5
685.0
635.5
688.0
685.0
650.5
640.0
833.5
782.5
856.0
790.0
718.0
670.0
506.5
385.0
395.5
527.5
866.5
661.0
674.5
146.5
593.5
683.5
544.0
796.0
610.0
806.5
719.5
368.5
613.0
740.5
881.5
764.5
770.5
601.0
667.0
794.5
880.0
434.5
824.5
635.5
668.5
188.5
298.0
889.0
761.5
755.5
766.0
220.0
632.5
656.5
830.5
773.5
317.5
373.0
803.5
623.5
571.0
752.5
628.0
683.5
434.5
704.5
824.5
779.5
835.0
662.5
674.5
814.0
671.5
524.5
884.5
499.0
371.5
331.0
593.5
460.0
862.0
823.0
730.0
422.5
748.0
730.0
724.0
263.5
688.0
799.0
761.5
748.0
715.0
772.0
815.5
692.5
817.0
373.0
781.0
667.0
626.5
605.5
677.5
472.0
748.0
548.5
607.0
638.5
781.0
611.5
830.5
194.5
749.5
782.5
460.0
778.0
833.5
760.0
622.0
712.0
818.5
785.5
833.5
775.0
398.5
796.0
592.0
272.5
587.5
808.0
641.5
337.0
770.5
718.0
208.0
845.5
833.5
401.5
619.0
697.0
568.0
202.0
617.5
121.0
820.0
703.0
151.0
743.5
520.0
263.5
634.0
608.5
830.5
586.0
838.0
409.0
656.5
560.5
772.0
847.0
713.5
770.5
529.0
836.5
734.5
799.0
725.5
833.5
830.5
758.5
424.0
496.0
511.0
580.0
808.0
689.5
265.0
793.0
701.5
830.5
764.5
794.5
737.5
793.0
767.5
605.5
674.5
814.0
350.5
815.5
607.0
854.5
563.5
776.5
835.0
520.0
292.0
656.5
710.5
767.5
751.0
757.0
592.0
586.0
814.0
596.5
767.5
457.0
665.5
760.0
740.5
722.5
725.5
397.0
527.5
634.0
650.5
842.5
505.0
752.5
268.0
385.0
505.0
791.5
785.5
680.5
622.0
761.5
842.5
877.0
841.0
754.0
607.0
82.0
827.5
779.5
761.5
715.0
829.0
836.5
730.0
593.5
724.0
557.5
790.0
734.5
734.5
557.5
632.5
826.0
644.5
775.0
808.0
473.5
691.0
575.5
229.0
482.5
689.5
470.5
763.0
758.5
229.0
883.0
793.0
508.0
440.5
697.0
757.0
671.5
733.0
601.0
757.0
470.5
776.5
872.5
347.5
745.0
811.0
800.5
820.0
439.0
701.5
763.0
439.0
721.0
544.0
710.5
706.0
620.5
457.0
506.5
667.0
662.5
742.0
767.5
491.5
404.5
338.5
800.5
188.5
586.0
446.5
592.0
676.0
671.5
764.5
466.0
695.5
757.0
574.0
731.5
749.5
854.5
310.0
697.0
865.0
760.0
848.5
215.5
572.5
808.0
838.0
554.5
635.5
502.0
863.5
404.5
833.5
511.0
443.5
826.0
587.5
703.0
452.5
655.0
742.0
499.0
764.5
800.5
494.5
170.5
836.5
812.5
653.5
656.5
542.5
767.5
425.5
677.5
598.0
580.0
815.5
401.5
755.5
326.5
715.0
677.5
488.5
872.5
736.0
424.0
808.0
824.5
341.5
647.5
262.0
851.5
662.5
782.5
794.5
764.5
650.5
776.5
707.5
412.0
206.5
841.0
157.0
833.5
802.0
745.0
776.5
752.5
836.5
670.0
673.0
839.5
757.0
821.5
779.5
743.5
809.5
98.5
833.5
548.5
758.5
77.5
346.0
760.0
842.5
626.5
718.0
884.5
358.0
790.0
815.5
716.5
755.5
818.5
730.0
469.0
349.0
802.0
790.0
145.0
788.5
824.5
799.0
500.5
638.5
463.0
773.5
778.0
92.5
464.5
17.5
637.0
763.0
211.0
296.5
47.5
602.5
772.0
793.0
794.5
841.0
760.0
575.5
782.5
623.5
551.5
775.0
901.0
886.0
733.0
653.5
658.0
491.5
775.0
797.5
715.0
775.0
797.5
457.0
854.5
602.5
814.0
436.0
794.5
482.5
655.0
685.0
706.0
749.5
716.5
92.5
818.5
728.5
781.0
710.5
736.0
367.0
752.5
475.0
784.0
623.5
344.5
685.0
859.0
422.5
763.0
574.0
260.5
602.5
736.0
602.5
725.5
638.5
818.5
184.0
724.0
826.0
569.5
694.0
752.5
653.5
661.0
629.5
799.0
821.5
800.5
694.0
748.0
848.5
776.5
709.0
830.5
617.5
752.5
730.0
838.0
379.0
766.0
803.5
653.5
793.0
556.0
512.5
685.0
421.0
734.5
739.0
683.5
173.5
784.0
682.0
688.0
727.0
487.0
196.0
824.5
767.5
343.0
506.5
389.5
557.5
655.0
802.0
712.0
773.5
764.5
814.0
604.0
809.5
785.5
818.5
413.5
542.5
752.5
598.0
427.0
838.0
704.5
593.5
668.5
620.5
553.0
760.0
761.5
659.5
784.0
836.5
889.0
764.5
683.5
776.5
652.0
766.0
805.0
815.5
839.5
854.5
613.0
752.5
272.5
794.5
710.5
337.0
833.5
833.5
602.5
794.5
454.0
638.5
643.0
745.0
697.0
796.0
626.5
778.0
781.0
791.5
704.5
640.0
671.5
842.5
656.5
677.5
845.5
491.5
175.0
845.5
646.0
800.5
439.0
305.5
302.5
616.0
796.0
638.5
665.5
800.5
836.5
751.0
299.5
761.5
790.0
407.5
695.5
809.5
694.0
706.0
719.5
245.5
799.0
254.5
547.0
536.5
775.0
604.0
737.5
431.5
550.0
628.0
676.0
704.5
803.5
682.0
73.0
676.0
454.0
182.5
722.5
857.5
656.5
598.0
757.0
826.0
697.0
386.5
701.5
757.0
805.0
746.5
643.0
581.5
743.5
289.0
734.5
803.5
823.0
154.0
713.5
602.5
691.0
652.0
830.5
785.5
670.0
775.0
832.0
404.5
799.0
853.0
817.0
761.5
512.5
656.5
722.5
647.5
116.5
590.5
293.5
871.0
713.5
827.5
766.0
650.5
574.0
743.5
667.0
716.5
779.5
515.5
788.5
677.5
742.0
815.5
707.5
785.5
662.5
596.5
680.5
286.0
220.0
485.5
641.5
691.0
404.5
749.5
808.0
692.5
737.5
514.0
751.0
431.5
569.5
647.5
562.0
656.5
799.0
649.0
874.0
674.5
376.0
781.0
761.5
712.0
757.0
568.0
568.0
191.5
805.0
737.5
538.0
448.0
797.5
815.5
820.0
841.0
722.5
845.5
812.5
643.0
179.5
736.0
515.5
155.5
685.0
71.5
709.0
706.0
766.0
818.5
550.0
835.0
56.5
725.5
815.5
680.5
824.5
620.5
755.5
293.5
580.0
808.0
662.5
767.5
442.0
818.5
637.0
857.5
560.5
724.0
574.0
893.5
245.5
758.5
565.0
841.0
185.5
587.5
407.5
725.5
691.0
485.5
740.5
698.5
796.0
586.0
740.5
749.5
406.0
715.0
692.5
575.5
167.5
559.0
736.0
785.5
830.5
827.5
781.0
241.0
809.5
860.5
796.0
587.5
599.5
766.0
575.5
682.0
683.5
251.5
640.0
883.0
739.0
739.0
631.0
760.0
686.5
809.5
599.5
653.5
482.5
817.0
250.0
221.5
644.5
545.5
601.0
728.5
311.5
835.0
455.5
715.0
895.0
689.5
869.5
685.0
815.5
707.5
710.5
538.0
784.0
695.5
838.0
803.5
830.5
703.0
863.5
874.0
742.0
760.0
211.0
742.0
383.5
761.5
866.5
752.5
691.0
163.0
763.0
799.0
697.0
413.5
733.0
241.0
719.5
790.0
803.5
695.5
794.5
808.0
817.0
506.5
608.5
788.5
725.5
620.5
596.5
823.0
571.0
518.5
410.5
328.0
773.5
620.5
643.0
494.5
778.0
800.5
805.0
703.0
722.5
766.0
595.0
269.5
239.5
713.5
481.0
776.5
499.0
317.5
680.5
640.0
355.0
815.5
829.0
569.5
646.0
364.0
401.5
781.0
643.0
862.0
710.5
764.5
352.0
647.5
769.0
640.0
730.0
785.5
685.0
398.5
392.5
718.0
859.0
536.5
653.5
715.0
800.5
811.0
805.0
886.0
695.5
356.5
482.5
229.0
769.0
793.0
568.0
733.0
652.0
824.5
238.0
826.0
791.5
604.0
640.0
448.0
796.0
731.5
655.0
466.0
436.0
682.0
656.5
589.0
125.5
835.0
292.0
289.0
683.5
691.0
796.0
443.5
761.5
208.0
769.0
703.0
473.5
835.0
805.0
679.0
763.0
766.0
697.0
830.5
833.5
707.5
740.5
742.0
796.0
800.5
779.5
524.5
446.5
860.5
758.5
799.0
811.0
550.0
802.0
610.0
290.5
589.0
427.0
724.0
326.5
424.0
679.0
643.0
586.0
502.0
755.5
743.5
190.0
725.5
838.0
439.0
872.5
661.0
407.5
