614.5
773.5
751.0
836.5
748.0
716.5
833.5
853.0
688.0
811.0
734.5
707.5
769.0
851.5
562.0
815.5
826.0
790.0
887.5
376.0
689.5
647.5
628.0
848.5
833.5
775.0
878.5
407.5
854.5
830.5
449.5
676.0
766.0
823.0
797.5
842.5
368.5
833.5
830.5
847.0
524.5
544.0
814.0
695.5
611.5
601.0
691.0
739.0
764.5
671.5
877.0
670.0
679.0
364.0
710.5
616.0
862.0
677.5
395.5
271.0
932.5
779.5
892.0
821.5
770.5
785.5
716.5
698.5
715.0
736.0
838.0
842.5
727.0
623.5
811.0
748.0
827.5
703.0
698.5
730.0
370.0
841.0
796.0
856.0
451.0
718.0
689.5
572.5
809.5
790.0
779.5
718.0
608.5
598.0
800.5
791.5
730.0
491.5
565.0
776.5
779.5
670.0
665.5
794.5
487.0
910.0
725.5
796.0
670.0
823.0
884.5
805.0
830.5
805.0
784.0
652.0
737.5
820.0
631.0
469.0
593.5
589.0
805.0
778.0
878.5
677.5
806.5
542.5
839.5
754.0
410.5
739.0
745.0
772.0
635.5
874.0
767.5
742.0
818.5
847.0
239.5
827.5
544.0
692.5
710.5
691.0
821.5
823.0
752.5
833.5
142.0
652.0
560.5
824.5
568.0
658.0
476.5
827.5
676.0
812.5
775.0
785.5
848.5
815.5
728.5
598.0
854.5
647.5
818.5
787.0
905.5
728.5
800.5
853.0
773.5
745.0
646.0
803.5
902.5
749.5
815.5
742.0
838.0
461.5
766.0
668.5
745.0
761.5
575.5
722.5
802.0
857.5
872.5
107.5
502.0
803.5
791.5
701.5
769.0
647.5
821.5
784.0
805.0
743.5
833.5
154.0
829.0
718.0
478.0
643.0
773.5
494.5
727.0
859.0
866.5
743.5
718.0
415.0
671.5
794.5
887.5
826.0
823.0
685.0
563.5
782.5
260.5
820.0
844.0
809.5
661.0
878.5
815.5
817.0
851.5
830.5
757.0
623.5
875.5
836.5
697.0
781.0
752.5
784.0
676.0
656.5
806.5
887.5
779.5
620.5
796.0
806.5
751.0
805.0
638.5
896.5
782.5
805.0
749.5
632.5
614.5
826.0
553.0
736.0
718.0
829.0
862.0
676.0
740.5
698.5
866.5
748.0
770.5
844.0
805.0
707.5
673.0
805.0
833.5
877.0
598.0
844.0
830.5
641.5
779.5
743.5
767.5
668.5
758.5
737.5
601.0
797.5
694.0
887.5
689.5
746.5
638.5
688.0
559.0
764.5
556.0
688.0
416.5
700.0
853.0
824.5
709.0
679.0
815.5
572.5
836.5
775.0
683.5
692.5
526.0
928.0
677.5
790.0
775.0
836.5
797.5
749.5
827.5
596.5
796.0
790.0
706.0
698.5
208.0
688.0
751.0
703.0
848.5
839.5
782.5
727.0
779.5
149.5
449.5
442.0
614.5
556.0
830.5
889.0
781.0
760.0
916.0
766.0
730.0
383.5
721.0
629.5
700.0
869.5
923.5
742.0
823.0
797.5
791.5
805.0
575.5
547.0
884.5
655.0
542.5
824.5
797.5
673.0
790.0
613.0
703.0
472.0
703.0
778.0
842.5
764.5
758.5
800.5
682.0
670.0
757.0
638.5
634.0
815.5
766.0
547.0
886.0
859.0
758.5
869.5
697.0
821.5
235.0
622.0
878.5
650.5
830.5
883.0
659.5
811.0
547.0
268.0
833.5
832.0
664.0
736.0
832.0
742.0
890.5
637.0
856.0
697.0
574.0
769.0
736.0
601.0
709.0
797.5
530.5
844.0
706.0
770.5
635.5
574.0
628.0
767.5
766.0
884.5
790.0
551.5
793.0
748.0
92.5
800.5
863.5
718.0
827.5
742.0
787.0
842.5
794.5
785.5
758.5
347.5
884.5
737.5
835.0
523.0
662.5
619.0
617.5
115.0
757.0
530.5
815.5
916.0
836.5
755.5
674.5
611.5
796.0
746.5
329.5
656.5
865.0
814.0
605.5
689.5
491.5
863.5
680.5
652.0
865.0
524.5
854.5
799.0
773.5
794.5
806.5
773.5
640.0
715.0
601.0
587.5
754.0
278.5
869.5
589.0
550.0
419.5
775.0
836.5
746.5
851.5
685.0
880.0
493.0
736.0
799.0
805.0
821.5
634.0
400.0
707.5
827.5
361.0
745.0
643.0
740.5
724.0
754.0
773.5
802.0
698.5
656.5
698.5
853.0
818.5
637.0
665.5
841.0
797.5
827.5
719.5
784.0
869.5
554.5
473.5
751.0
649.0
436.0
596.5
785.5
794.5
778.0
635.5
814.0
395.5
757.0
649.0
596.5
796.0
67.0
833.5
674.5
730.0
667.0
736.0
772.0
832.0
848.5
752.5
757.0
779.5
671.5
788.5
721.0
863.5
745.0
746.5
782.5
676.0
619.0
467.5
746.5
494.5
734.5
811.0
239.5
862.0
907.0
865.0
590.5
788.5
640.0
794.5
749.5
757.0
790.0
698.5
727.0
917.5
830.5
412.0
811.0
755.5
691.0
772.0
757.0
578.5
707.5
730.0
745.0
595.0
698.5
763.0
829.0
754.0
895.0
746.5
775.0
733.0
698.5
773.5
862.0
845.5
757.0
175.0
859.0
634.0
833.5
854.5
878.5
829.0
766.0
824.5
739.0
778.0
694.0
730.0
902.5
770.5
824.5
908.5
755.5
775.0
733.0
569.5
748.0
761.5
806.5
764.5
860.5
674.5
842.5
281.5
683.5
827.5
604.0
775.0
881.5
772.0
752.5
815.5
793.0
824.5
617.5
682.0
524.5
814.0
848.5
538.0
688.0
799.0
824.5
853.0
710.5
758.5
805.0
629.5
776.5
811.0
883.0
778.0
860.5
469.0
544.0
818.5
902.5
755.5
688.0
806.5
566.5
626.5
746.5
718.0
838.0
790.0
692.5
785.5
908.5
859.0
562.0
551.5
496.0
622.0
805.0
796.0
314.5
749.5
646.0
424.0
647.5
718.0
664.0
442.0
757.0
764.5
767.5
794.5
784.0
569.5
805.0
845.5
472.0
632.5
253.0
679.0
658.0
860.5
764.5
758.5
815.5
833.5
664.0
629.5
827.5
854.5
517.0
854.5
748.0
626.5
706.0
703.0
197.5
799.0
731.5
680.5
799.0
863.5
701.5
397.0
769.0
820.0
587.5
766.0
836.5
548.5
854.5
713.5
863.5
790.0
812.5
754.0
829.0
676.0
341.5
797.5
833.5
812.5
880.0
722.5
809.5
542.5
380.5
814.0
776.5
740.5
769.0
634.0
766.0
578.5
797.5
778.0
758.5
836.5
541.0
826.0
794.5
836.5
698.5
827.5
797.5
857.5
787.0
838.0
875.5
853.0
691.0
739.0
625.0
454.0
811.0
722.5
838.0
800.5
628.0
838.0
721.0
817.0
845.5
578.5
808.0
877.0
599.5
860.5
638.5
604.0
595.0
556.0
772.0
653.5
701.5
658.0
584.5
817.0
811.0
796.0
826.0
941.5
907.0
818.5
572.5
755.5
535.0
808.0
784.0
706.0
766.0
718.0
839.5
776.5
823.0
727.0
187.0
833.5
811.0
847.0
785.5
460.0
731.5
775.0
715.0
659.5
641.5
784.0
796.0
776.5
787.0
500.5
749.5
904.0
776.5
817.0
715.0
700.0
34.0
32.5
790.0
742.0
797.5
269.5
542.5
878.5
872.5
830.5
869.5
784.0
553.0
800.5
785.5
524.5
746.5
743.5
592.0
733.0
719.5
745.0
829.0
775.0
887.5
670.0
758.5
685.0
691.0
896.5
650.5
757.0
767.5
772.0
776.5
806.5
742.0
605.5
872.5
772.0
764.5
785.5
172.0
730.0
826.0
827.5
599.5
853.0
781.0
799.0
857.5
812.5
731.5
803.5
577.0
655.0
787.0
802.0
763.0
779.5
497.5
776.5
779.5
746.5
787.0
653.5
791.5
703.0
733.0
614.5
710.5
826.0
853.0
365.5
737.5
856.0
106.0
647.5
779.5
734.5
770.5
754.0
820.0
670.0
574.0
787.0
301.0
836.5
685.0
713.5
506.5
686.5
866.5
808.0
751.0
650.5
650.5
722.5
838.0
610.0
581.5
809.5
761.5
782.5
737.5
784.0
445.0
797.5
784.0
817.0
824.5
700.0
754.0
814.0
731.5
862.0
697.0
725.5
773.5
659.5
629.5
899.5
751.0
550.0
772.0
721.0
686.5
659.5
782.5
734.5
712.0
821.5
226.0
830.5
686.5
799.0
821.5
713.5
650.5
797.5
616.0
707.5
659.5
709.0
737.5
556.0
848.5
290.5
650.5
499.0
643.0
767.5
745.0
490.0
905.5
718.0
296.5
802.0
748.0
797.5
793.0
586.0
796.0
323.5
716.5
838.0
556.0
748.0
766.0
827.5
746.5
790.0
731.5
706.0
800.5
815.5
524.5
658.0
782.5
866.5
857.5
637.0
869.5
730.0
760.0
857.5
602.5
829.0
614.5
781.0
695.5
764.5
847.0
877.0
691.0
373.0
814.0
752.5
767.5
706.0
785.5
686.5
640.0
517.0
731.5
845.5
812.5
812.5
892.0
719.5
602.5
859.0
517.0
815.5
716.5
742.0
457.0
698.5
665.5
814.0
416.5
562.0
488.5
890.5
743.5
854.5
764.5
730.0
884.5
847.0
260.5
733.0
806.5
586.0
674.5
766.0
863.5
764.5
932.5
629.5
865.0
808.0
724.0
808.0
631.0
824.5
805.0
881.5
710.5
647.5
811.0
802.0
626.5
550.0
401.5
596.5
778.0
679.0
461.5
874.0
622.0
668.5
611.5
836.5
659.5
799.0
815.5
806.5
800.5
826.0
815.5
688.0
710.5
688.0
770.5
760.0
740.5
700.0
887.5
601.0
746.5
589.0
710.5
239.5
742.0
742.0
821.5
562.0
806.5
823.0
728.5
806.5
778.0
718.0
712.0
715.0
683.5
896.5
785.5
781.0
785.5
848.5
607.0
619.0
805.0
611.5
436.0
871.0
649.0
734.5
788.5
746.5
713.5
850.0
428.5
835.0
703.0
628.0
497.5
827.5
832.0
844.0
424.0
787.0
827.5
710.5
394.0
838.0
757.0
854.5
736.0
826.0
730.0
850.0
899.5
749.5
890.5
704.5
488.5
695.5
700.0
641.5
803.5
842.5
784.0
770.5
416.5
854.5
758.5
445.0
746.5
824.5
812.5
479.5
593.5
449.5
835.0
647.5
748.0
701.5
838.0
857.5
782.5
787.0
841.0
784.0
643.0
640.0
836.5
895.0
662.5
845.5
674.5
728.5
664.0
269.5
853.0
769.0
782.5
800.5
695.5
692.5
854.5
505.0
755.5
787.0
608.5
424.0
821.5
845.5
842.5
698.5
743.5
506.5
653.5
803.5
826.0
580.0
784.0
824.5
842.5
775.0
784.0
760.0
596.5
637.0
677.5
751.0
647.5
862.0
853.0
830.5
790.0
667.0
649.0
818.5
911.5
859.0
770.5
887.5
788.5
802.0
710.5
698.5
763.0
740.5
665.5
851.5
565.0
701.5
740.5
766.0
418.0
367.0
677.5
839.5
746.5
793.0
536.5
781.0
812.5
710.5
878.5
755.5
707.5
740.5
851.5
221.5
731.5
557.5
853.0
724.0
787.0
802.0
703.0
616.0
629.5
508.0
700.0
652.0
601.0
766.0
413.5
844.0
716.5
832.0
601.0
479.5
752.5
622.0
820.0
485.5
721.0
806.5
241.0
815.5
652.0
785.5
470.5
308.5
788.5
815.5
562.0
736.0
604.0
802.0
737.5
731.5
740.5
802.0
778.0
406.0
752.5
818.5
683.5
851.5
680.5
742.0
766.0
721.0
818.5
230.5
853.0
742.0
784.0
770.5
620.5
875.5
659.5
731.5
271.0
865.0
829.0
880.0
709.0
809.5
796.0
550.0
800.5
751.0
194.5
805.0
527.5
752.5
754.0
758.5
601.0
791.5
856.0
824.5
376.0
506.5
679.0
632.5
572.5
847.0
770.5
703.0
785.5
365.5
884.5
830.5
817.0
797.5
673.0
844.0
749.5
773.5
793.0
860.5
742.0
701.5
325.0
695.5
857.5
868.0
757.0
707.5
829.0
563.5
791.5
182.5
827.5
508.0
635.5
808.0
727.0
827.5
694.0
755.5
416.5
757.0
805.0
860.5
685.0
604.0
799.0
601.0
62.5
829.0
770.5
683.5
794.5
637.0
562.0
764.5
835.0
806.5
824.5
754.0
739.0
772.0
403.0
521.5
686.5
587.5
739.0
674.5
794.5
728.5
805.0
505.0
814.0
715.0
818.5
242.5
625.0
850.0
860.5
878.5
860.5
841.0
785.5
619.0
412.0
832.0
695.5
784.0
310.0
796.0
917.5
845.5
823.0
731.5
776.5
739.0
743.5
773.5
817.0
727.0
317.5
718.0
733.0
731.5
736.0
641.5
860.5
839.5
184.0
716.5
650.5
772.0
683.5
836.5
821.5
824.5
737.5
682.0
818.5
685.0
512.5
871.0
748.0
595.0
509.5
671.5
649.0
836.5
820.0
572.5
818.5
769.0
877.0
824.5
805.0
707.5
776.5
721.0
794.5
743.5
466.0
823.0
791.5
664.0
787.0
811.0
785.5
626.5
644.5
788.5
482.5
841.0
875.5
400.0
269.5
629.5
673.0
862.0
782.5
868.0
746.5
742.0
707.5
523.0
338.5
586.0
679.0
793.0
817.0
698.5
787.0
857.5
581.5
763.0
674.5
704.5
226.0
692.5
755.5
434.5
736.0
652.0
245.5
799.0
730.0
155.5
878.5
824.5
571.0
824.5
803.5
574.0
425.5
808.0
847.0
830.5
847.0
701.5
823.0
701.5
566.5
709.0
758.5
109.0
451.0
839.5
730.0
745.0
826.0
622.0
782.5
845.5
650.5
764.5
590.5
599.5
799.0
679.0
737.5
689.5
656.5
859.0
710.5
460.0
788.5
754.0
812.5
616.0
820.0
748.0
733.0
653.5
481.0
686.5
802.0
215.5
826.0
734.5
659.5
818.5
820.0
857.5
749.5
782.5
748.0
767.5
710.5
415.0
496.0
680.5
787.0
803.5
794.5
833.5
806.5
767.5
604.0
872.5
739.0
475.0
767.5
847.0
763.0
509.5
842.5
767.5
790.0
295.0
644.5
776.5
866.5
764.5
734.5
748.0
623.5
773.5
773.5
586.0
761.5
769.0
563.5
739.0
770.5
811.0
634.0
793.0
796.0
845.5
805.0
757.0
755.5
665.5
700.0
599.5
767.5
775.0
641.5
676.0
836.5
737.5
820.0
836.5
601.0
677.5
298.0
664.0
349.0
631.0
848.5
803.5
688.0
850.0
508.0
806.5
821.5
868.0
845.5
472.0
338.5
703.0
889.0
833.5
592.0
751.0
712.0
799.0
685.0
497.5
817.0
652.0
734.5
712.0
647.5
806.5
742.0
865.0
871.0
818.5
838.0
812.5
743.5
686.5
605.5
665.5
860.5
718.0
824.5
508.0
202.0
719.5
170.5
814.0
286.0
821.5
809.5
802.0
665.5
649.0
572.5
736.0
796.0
653.5
640.0
886.0
358.0
847.0
736.0
692.5
643.0
826.0
649.0
857.5
664.0
815.5
794.5
812.5
644.5
746.5
817.0
745.0
877.0
724.0
565.0
254.5
557.5
778.0
662.5
658.0
652.0
767.5
889.0
823.0
779.5
592.0
580.0
817.0
863.5
365.5
776.5
857.5
772.0
599.5
491.5
830.5
715.0
815.5
782.5
638.5
607.0
808.0
794.5
836.5
749.5
829.0
859.0
782.5
776.5
563.5
692.5
803.5
823.0
782.5
722.5
697.0
794.5
590.5
163.0
806.5
707.5
757.0
716.5
673.0
754.0
803.5
820.0
785.5
733.0
503.5
572.5
829.0
782.5
682.0
818.5
799.0
893.5
98.5
751.0
760.0
818.5
562.0
262.0
754.0
737.5
764.5
757.0
814.0
749.5
604.0
655.0
838.0
868.0
595.0
788.5
850.0
763.0
784.0
766.0
782.5
773.5
910.0
790.0
623.5
659.5
781.0
848.5
817.0
709.0
422.5
559.0
668.5
517.0
866.5
686.5
745.0
725.5
670.0
709.0
680.5
818.5
800.5
830.5
677.5
427.0
887.5
787.0
740.5
772.0
781.0
367.0
733.0
814.0
745.0
722.5
721.0
725.5
616.0
704.5
649.0
652.0
796.0
781.0
614.5
625.0
775.0
497.5
751.0
310.0
839.5
733.0
727.0
721.0
734.5
704.5
841.0
644.5
800.5
623.5
562.0
914.5
634.0
859.0
818.5
877.0
803.5
791.5
671.5
607.0
443.5
679.0
838.0
677.5
602.5
614.5
688.0
728.5
875.5
755.5
763.0
760.0
776.5
595.0
859.0
671.5
808.0
830.5
691.0
796.0
874.0
419.5
757.0
520.0
746.5
814.0
400.0
793.0
811.0
868.0
437.5
788.5
800.5
406.0
827.5
823.0
380.5
805.0
820.0
827.5
818.5
851.5
620.5
473.5
830.5
493.0
896.5
704.5
832.0
787.0
820.0
794.5
736.0
727.0
626.5
833.5
811.0
731.5
175.0
523.0
353.5
794.5
740.5
775.0
649.0
775.0
835.0
125.5
881.5
617.5
653.5
479.5
758.5
737.5
665.5
668.5
830.5
751.0
710.5
475.0
452.5
779.5
856.0
164.5
712.0
595.0
713.5
809.5
802.0
878.5
629.5
784.0
811.0
817.0
682.0
640.0
869.5
733.0
304.0
853.0
832.0
776.5
824.5
637.0
722.5
767.5
707.5
239.5
787.0
800.5
767.5
661.0
698.5
793.0
706.0
730.0
719.5
802.0
673.0
637.0
842.5
784.0
668.5
826.0
793.0
767.5
869.5
838.0
395.5
800.5
574.0
290.5
82.0
739.0
763.0
785.5
682.0
835.0
781.0
782.5
431.5
787.0
860.5
739.0
674.5
662.5
833.5
820.0
790.0
386.5
913.0
838.0
535.0
716.5
743.5
692.5
761.5
898.0
806.5
254.5
875.5
812.5
785.5
713.5
800.5
629.5
814.0
833.5
784.0
817.0
689.5
865.0
769.0
589.0
418.0
716.5
761.5
883.0
809.5
694.0
760.0
776.5
731.5
719.5
646.0
788.5
802.0
803.5
751.0
584.5
397.0
757.0
361.0
832.0
919.0
794.5
772.0
790.0
889.0
818.5
811.0
757.0
842.5
605.5
776.5
778.0
640.0
803.5
712.0
698.5
781.0
679.0
355.0
754.0
796.0
772.0
752.5
821.5
415.0
607.0
844.0
826.0
890.5
887.5
682.0
724.0
764.5
734.5
701.5
602.5
752.5
859.0
382.0
788.5
814.0
631.0
799.0
817.0
769.0
689.5
755.5
739.0
800.5
836.5
449.5
413.5
695.5
812.5
688.0
796.0
748.0
752.5
700.0
701.5
821.5
824.5
827.5
547.0
493.0
634.0
739.0
806.5
781.0
854.5
832.0
206.5
664.0
854.5
479.5
847.0
685.0
665.5
839.5
793.0
808.0
383.5
679.0
820.0
824.5
817.0
785.5
863.5
823.0
829.0
605.5
803.5
817.0
779.5
871.0
820.0
734.5
871.0
661.0
830.5
734.5
818.5
589.0
416.5
790.0
799.0
844.0
649.0
868.0
701.5
754.0
149.5
862.0
331.0
790.0
778.0
841.0
686.5
821.5
833.5
679.0
761.5
862.0
803.5
754.0
853.0
610.0
727.0
862.0
818.5
832.0
685.0
622.0
857.5
742.0
157.0
731.5
788.5
838.0
814.0
827.5
443.5
899.5
817.0
770.5
767.5
746.5
847.0
818.5
791.5
421.0
842.5
748.0
749.5
760.0
695.5
724.0
671.5
755.5
710.5
437.5
697.0
454.0
757.0
637.0
605.5
718.0
644.5
700.0
787.0
788.5
332.5
896.5
832.0
772.0
805.0
790.0
802.0
781.0
808.0
274.0
266.5
820.0
902.5
872.5
673.0
719.5
772.0
818.5
644.5
779.5
841.0
635.5
848.5
784.0
227.5
635.5
817.0
653.5
778.0
340.0
788.5
856.0
772.0
745.0
727.0
847.0
743.5
851.5
769.0
746.5
665.5
743.5
755.5
728.5
820.0
764.5
833.5
656.5
883.0
680.5
814.0
518.5
836.5
640.0
754.0
871.0
716.5
775.0
839.5
632.5
671.5
208.0
727.0
796.0
740.5
778.0
569.5
877.0
793.0
844.0
722.5
697.0
911.5
833.5
794.5
758.5
683.5
736.0
446.5
536.5
850.0
655.0
716.5
301.0
698.5
755.5
568.0
554.5
592.0
527.5
754.0
631.0
605.5
824.5
721.0
854.5
829.0
763.0
616.0
281.5
811.0
656.5
830.5
871.0
722.5
817.0
730.0
788.5
571.0
839.5
784.0
596.5
803.5
607.0
746.5
454.0
797.5
790.0
614.5
755.5
646.0
802.0
832.0
698.5
692.5
817.0
776.5
821.5
602.5
755.5
820.0
857.5
815.5
694.0
769.0
766.0
887.5
796.0
845.5
802.0
805.0
499.0
695.5
755.5
617.5
563.5
382.0
694.0
571.0
673.0
542.5
811.0
640.0
805.0
775.0
754.0
836.5
850.0
743.5
851.5
643.0
341.5
268.0
850.0
676.0
688.0
700.0
683.5
656.5
841.0
865.0
463.0
595.0
845.5
464.5
637.0
502.0
188.5
826.0
632.5
722.5
712.0
440.5
779.5
740.5
850.0
823.0
673.0
274.0
758.5
853.0
784.0
655.0
746.5
745.0
748.0
760.0
781.0
763.0
803.5
572.5
764.5
730.0
823.0
847.0
719.5
296.5
809.5
781.0
320.5
713.5
832.0
709.0
680.5
772.0
688.0
845.5
806.5
643.0
764.5
548.5
877.0
707.5
776.5
808.0
670.0
775.0
868.0
826.0
821.5
508.0
688.0
832.0
842.5
838.0
796.0
847.0
853.0
502.0
703.0
718.0
149.5
706.0
707.5
814.0
641.5
818.5
782.5
616.0
637.0
422.5
553.0
731.5
784.0
779.5
800.5
893.5
811.0
785.5
647.5
860.5
731.5
793.0
724.0
754.0
824.5
788.5
715.0
632.5
728.5
646.0
769.0
683.5
769.0
736.0
803.5
812.5
658.0
760.0
607.0
805.0
767.5
593.5
896.5
556.0
824.5
712.0
170.5
799.0
670.0
707.5
425.5
709.0
635.5
658.0
515.5
484.0
857.5
830.5
596.5
806.5
758.5
770.5
743.5
481.0
850.0
820.0
880.0
716.5
853.0
767.5
836.5
710.5
709.0
658.0
560.5
752.5
604.0
634.0
728.5
436.0
307.0
766.0
811.0
671.5
805.0
782.5
689.5
691.0
746.5
782.5
778.0
767.5
728.5
715.0
775.0
833.5
215.5
463.0
614.5
847.0
779.5
709.0
667.0
733.0
821.5
631.0
682.0
875.5
766.0
799.0
616.0
593.5
653.5
809.5
800.5
862.0
785.5
790.0
707.5
794.5
850.0
719.5
736.0
836.5
841.0
494.5
877.0
796.0
784.0
769.0
809.5
656.5
454.0
874.0
700.0
863.5
728.5
881.5
728.5
799.0
721.0
776.5
683.5
857.5
853.0
796.0
823.0
872.5
779.5
845.5
284.5
659.5
782.5
791.5
673.0
541.0
773.5
742.0
691.0
853.0
884.5
740.5
715.0
737.5
754.0
785.5
805.0
298.0
778.0
866.5
775.0
785.5
823.0
578.5
806.5
748.0
848.5
647.5
649.0
715.0
686.5
760.0
745.0
832.0
700.0
845.5
853.0
718.0
778.0
409.0
332.5
532.0
518.5
785.5
517.0
256.0
719.5
790.0
832.0
734.5
778.0
139.0
754.0
841.0
746.5
619.0
637.0
262.0
764.5
703.0
745.0
847.0
826.0
839.5
821.5
781.0
263.5
706.0
685.0
809.5
829.0
199.0
863.5
803.5
784.0
752.5
706.0
887.5
379.0
562.0
781.0
824.5
632.5
653.5
785.5
605.5
482.5
700.0
406.0
793.0
769.0
749.5
761.5
700.0
137.5
635.5
752.5
649.0
460.0
779.5
745.0
841.0
814.0
737.5
656.5
619.0
850.0
514.0
800.5
830.5
859.0
862.0
811.0
550.0
646.0
677.5
529.0
493.0
691.0
722.5
482.5
635.5
526.0
755.5
650.5
704.5
668.5
728.5
695.5
797.5
539.5
730.0
745.0
901.0
863.5
610.0
808.0
724.0
697.0
311.5
683.5
757.0
824.5
680.5
701.5
484.0
566.5
689.5
701.5
731.5
778.0
626.5
743.5
175.0
703.0
848.5
836.5
794.5
712.0
874.0
820.0
784.0
499.0
641.5
667.0
787.0
667.0
631.0
841.0
674.5
683.5
160.0
862.0
776.5
550.0
218.5
691.0
736.0
568.0
839.5
826.0
640.0
751.0
779.5
449.5
896.5
311.5
674.5
866.5
781.0
809.5
805.0
616.0
665.5
499.0
653.5
779.5
713.5
769.0
752.5
467.5
701.5
395.5
818.5
719.5
698.5
739.0
895.0
698.5
755.5
559.0
760.0
739.0
733.0
827.5
769.0
542.5
680.5
718.0
707.5
649.0
740.5
725.5
625.0
823.0
878.5
461.5
709.0
799.0
869.5
793.0
602.5
832.0
586.0
448.0
803.5
731.5
775.0
691.0
853.0
691.0
658.0
781.0
832.0
749.5
683.5
263.5
724.0
865.0
802.0
776.5
460.0
724.0
562.0
437.5
859.0
794.5
361.0
830.5
215.5
716.5
767.5
674.5
805.0
797.5
796.0
557.5
604.0
259.0
212.5
770.5
263.5
803.5
823.0
812.5
857.5
839.5
742.0
709.0
784.0
800.5
593.5
811.0
710.5
554.5
610.0
829.0
812.5
329.5
851.5
869.5
812.5
535.0
763.0
721.0
766.0
445.0
670.0
719.5
811.0
797.5
554.5
697.0
599.5
790.0
782.5
674.5
703.0
733.0
790.0
758.5
821.5
148.0
826.0
685.0
697.0
616.0
734.5
721.0
836.5
746.5
437.5
695.5
167.5
839.5
844.0
751.0
806.5
818.5
740.5
626.5
488.5
820.0
844.0
776.5
794.5
614.5
773.5
778.0
814.0
757.0
764.5
871.0
631.0
695.5
698.5
874.0
746.5
709.0
725.5
733.0
572.5
694.0
806.5
826.0
814.0
793.0
875.5
809.5
779.5
814.0
686.5
773.5
800.5
779.5
817.0
778.0
802.0
833.5
686.5
658.0
794.5
406.0
671.5
653.5
718.0
889.0
640.0
841.0
635.5
848.5
811.0
757.0
761.5
754.0
739.0
844.0
829.0
616.0
719.5
674.5
584.5
631.0
853.0
748.0
839.5
836.5
826.0
533.5
767.5
842.5
766.0
827.5
829.0
580.0
779.5
610.0
853.0
644.5
109.0
802.0
259.0
793.0
368.5
625.0
767.5
803.5
709.0
377.5
413.5
841.0
751.0
766.0
802.0
818.5
811.0
814.0
553.0
850.0
839.5
856.0
611.5
673.0
722.5
839.5
640.0
445.0
892.0
772.0
791.5
740.5
887.5
736.0
506.5
598.0
691.0
671.5
575.5
775.0
902.5
350.5
770.5
764.5
844.0
769.0
838.0
469.0
878.5
496.0
844.0
697.0
806.5
811.0
340.0
596.5
743.5
781.0
743.5
709.0
499.0
692.5
745.0
788.5
641.5
728.5
844.0
704.5
740.5
770.5
803.5
865.0
799.0
733.0
809.5
661.0
626.5
863.5
740.5
476.5
763.0
514.0
779.5
715.0
790.0
775.0
784.0
814.0
832.0
865.0
911.5
800.5
697.0
784.0
551.5
869.5
821.5
805.0
806.5
761.5
709.0
713.5
211.0
830.5
719.5
835.0
580.0
845.5
866.5
730.0
856.0
59.5
875.5
866.5
761.5
829.0
569.5
905.5
698.5
803.5
533.5
824.5
482.5
727.0
812.5
917.5
865.0
815.5
544.0
662.5
731.5
712.0
775.0
799.0
766.0
725.5
436.0
772.0
706.0
731.5
833.5
554.5
740.5
881.5
226.0
686.5
841.0
785.5
836.5
827.5
479.5
608.5
815.5
761.5
823.0
806.5
725.5
812.5
691.0
673.0
770.5
703.0
680.5
788.5
638.5
569.5
797.5
808.0
802.0
587.5
757.0
253.0
788.5
595.0
775.0
412.0
653.5
274.0
772.0
625.0
509.5
593.5
763.0
811.0
815.5
545.5
823.0
638.5
577.0
836.5
799.0
512.5
823.0
851.5
703.0
790.0
568.0
259.0
853.0
785.5
704.5
847.0
884.5
817.0
806.5
856.0
281.5
889.0
580.0
736.0
626.5
698.5
769.0
757.0
758.5
643.0
812.5
196.0
721.0
191.5
854.5
857.5
838.0
727.0
820.0
380.5
763.0
737.5
713.5
779.5
817.0
742.0
685.0
742.0
799.0
734.5
700.0
740.5
749.5
815.5
700.0
814.0
890.5
770.5
818.5
494.5
808.0
532.0
220.0
622.0
820.0
679.0
821.5
682.0
763.0
668.5
790.0
883.0
826.0
781.0
833.5
809.5
802.0
745.0
836.5
628.0
820.0
758.5
848.5
593.5
611.5
784.0
463.0
715.0
779.5
803.5
364.0
791.5
685.0
722.5
293.5
739.0
752.5
686.5
797.5
812.5
833.5
818.5
176.5
812.5
368.5
814.0
794.5
853.0
593.5
364.0
758.5
680.5
781.0
836.5
844.0
658.0
620.5
649.0
842.5
812.5
857.5
770.5
793.0
848.5
842.5
776.5
763.0
748.0
883.0
652.0
761.5
154.0
730.0
865.0
841.0
851.5
785.5
671.5
803.5
866.5
806.5
886.0
650.5
809.5
820.0
560.5
611.5
563.5
779.5
823.0
859.0
772.0
728.5
326.5
311.5
854.5
511.0
776.5
728.5
871.0
796.0
833.5
598.0
628.0
578.5
913.0
724.0
695.5
724.0
664.0
682.0
805.0
773.5
632.5
596.5
724.0
200.5
857.5
808.0
742.0
787.0
862.0
823.0
749.5
758.5
854.5
701.5
617.5
904.0
871.0
755.5
790.0
103.0
800.5
658.0
815.5
812.5
163.0
622.0
583.0
830.5
778.0
677.5
850.0
724.0
712.0
794.5
758.5
590.5
565.0
886.0
685.0
544.0
817.0
608.5
802.0
626.5
776.5
779.5
688.0
688.0
715.0
773.5
670.0
601.0
800.5
799.0
736.0
743.5
764.5
406.0
529.0
736.0
826.0
722.5
193.0
724.0
698.5
871.0
733.0
655.0
784.0
881.5
682.0
712.0
850.0
841.0
731.5
674.5
833.5
788.5
826.0
817.0
802.0
772.0
797.5
854.5
835.0
794.5
724.0
529.0
839.5
766.0
671.5
724.0
854.5
839.5
749.5
869.5
794.5
815.5
758.5
566.5
899.5
730.0
563.5
682.0
353.5
772.0
608.5
761.5
734.5
547.0
848.5
619.0
611.5
560.5
671.5
737.5
815.5
571.0
887.5
475.0
757.0
781.0
851.5
848.5
623.5
650.5
658.0
833.5
529.0
785.5
838.0
763.0
671.5
767.5
562.0
475.0
680.5
332.5
808.0
731.5
652.0
635.5
497.5
713.5
610.0
763.0
790.0
874.0
739.0
800.5
655.0
128.5
476.5
569.5
548.5
520.0
793.0
548.5
878.5
587.5
862.0
788.5
788.5
656.5
643.0
889.0
154.0
736.0
865.0
869.5
863.5
827.5
599.5
689.5
725.5
496.0
788.5
826.0
610.0
796.0
754.0
814.0
799.0
790.0
796.0
737.5
778.0
728.5
851.5
605.5
733.0
872.5
532.0
767.5
736.0
764.5
767.5
524.5
485.5
761.5
830.5
821.5
820.0
749.5
764.5
872.5
389.5
857.5
679.0
802.0
431.5
839.5
845.5
422.5
455.5
554.5
728.5
758.5
880.0
695.5
817.0
743.5
554.5
784.0
568.0
814.0
734.5
806.5
791.5
479.5
857.5
782.5
685.0
728.5
826.0
523.0
769.0
587.5
82.0
791.5
811.0
715.0
730.0
713.5
734.5
748.0
727.0
814.0
647.5
778.0
802.0
824.5
755.5
772.0
875.5
485.5
803.5
668.5
695.5
829.0
442.0
757.0
790.0
601.0
706.0
782.5
272.5
773.5
929.5
611.5
778.0
665.5
877.0
796.0
752.5
583.0
848.5
680.5
590.5
842.5
781.0
808.0
770.5
695.5
791.5
898.0
742.0
799.0
742.0
850.0
880.0
689.5
829.0
680.5
871.0
769.0
839.5
814.0
379.0
641.5
773.5
863.5
710.5
520.0
632.5
704.5
731.5
793.0
794.5
373.0
863.5
619.0
740.5
704.5
875.5
485.5
511.0
611.5
425.5
719.5
815.5
695.5
772.0
652.0
875.5
722.5
799.0
739.0
857.5
733.0
706.0
98.5
149.5
872.5
413.5
356.5
545.5
724.0
709.0
622.0
487.0
805.0
715.0
635.5
694.0
835.0
292.0
485.5
626.5
437.5
811.0
548.5
578.5
761.5
668.5
740.5
736.0
851.5
800.5
719.5
640.0
787.0
733.0
440.5
841.0
748.0
838.0
830.5
824.5
767.5
323.5
712.0
274.0
739.0
641.5
803.5
875.5
724.0
619.0
877.0
737.5
788.5
707.5
838.0
754.0
533.5
778.0
739.0
832.0
875.5
766.0
281.5
152.5
827.5
635.5
650.5
608.5
800.5
653.5
805.0
733.0
476.5
809.5
886.0
890.5
728.5
760.0
764.5
658.0
647.5
623.5
796.0
698.5
830.5
610.0
623.5
865.0
839.5
541.0
346.0
679.0
812.5
629.5
821.5
874.0
892.0
830.5
647.5
638.5
713.5
583.0
671.5
826.0
733.0
628.0
844.0
781.0
779.5
494.5
788.5
529.0
797.5
730.0
587.5
832.0
805.0
377.5
835.0
787.0
590.5
794.5
758.5
637.0
416.5
791.5
865.0
889.0
388.0
580.0
826.0
758.5
842.5
817.0
715.0
635.5
680.5
914.5
608.5
698.5
764.5
448.0
887.5
730.0
647.5
866.5
796.0
824.5
775.0
176.5
854.5
797.5
523.0
755.5
607.0
829.0
745.0
752.5
685.0
857.5
748.0
622.0
857.5
587.5
820.0
688.0
730.0
608.5
749.5
730.0
373.0
845.5
881.5
659.5
722.5
496.0
650.5
700.0
680.5
808.0
536.5
800.5
716.5
712.0
595.0
836.5
403.0
383.5
677.5
671.5
749.5
700.0
790.0
685.0
670.0
790.0
769.0
763.0
803.5
728.5
721.0
845.5
719.5
466.0
731.5
730.0
760.0
547.0
736.0
763.0
835.0
820.0
824.5
764.5
772.0
655.0
743.5
782.5
649.0
557.5
758.5
785.5
838.0
749.5
119.5
734.5
652.0
743.5
761.5
875.5
676.0
656.5
695.5
731.5
736.0
802.0
788.5
667.0
767.5
829.0
482.5
799.0
730.0
599.5
799.0
859.0
772.0
763.0
326.5
746.5
794.5
670.0
838.0
718.0
800.5
817.0
836.5
740.5
772.0
790.0
832.0
449.5
773.5
695.5
353.5
571.0
842.5
353.5
677.5
809.5
724.0
563.5
664.0
644.5
806.5
641.5
722.5
533.5
889.0
790.0
620.5
724.0
851.5
671.5
823.0
721.0
485.5
724.0
707.5
761.5
814.0
548.5
874.0
850.0
668.5
467.5
388.0
440.5
437.5
797.5
487.0
280.0
737.5
722.5
715.0
734.5
842.5
770.5
836.5
740.5
419.5
691.0
748.0
910.0
695.5
710.5
848.5
869.5
668.5
772.0
773.5
860.5
866.5
331.0
784.0
734.5
811.0
755.5
508.0
406.0
236.5
772.0
700.0
773.5
839.5
829.0
649.0
829.0
856.0
668.5
704.5
850.0
727.0
715.0
794.5
722.5
691.0
749.5
676.0
587.5
841.0
674.5
836.5
737.5
788.5
872.5
817.0
766.0
818.5
862.0
631.0
802.0
839.5
611.5
775.0
634.0
653.5
754.0
802.0
754.0
466.0
461.5
772.0
824.5
809.5
773.5
595.0
748.0
734.5
745.0
805.0
550.0
859.0
817.0
778.0
800.5
623.5
847.0
451.0
412.0
799.0
592.0
745.0
809.5
829.0
493.0
664.0
772.0
856.0
379.0
430.0
821.5
812.5
730.0
770.5
793.0
707.5
566.5
839.5
653.5
764.5
133.0
802.0
788.5
367.0
725.5
680.5
847.0
767.5
643.0
686.5
794.5
776.5
839.5
244.0
880.0
764.5
860.5
736.0
794.5
775.0
832.0
257.5
751.0
820.0
703.0
355.0
227.5
652.0
875.5
722.5
751.0
697.0
716.5
778.0
785.5
685.0
776.5
800.5
518.5
740.5
835.0
772.0
760.0
766.0
865.0
449.5
859.0
718.0
800.5
758.5
862.0
706.0
769.0
560.5
578.5
757.0
800.5
623.5
746.5
613.0
760.0
463.0
304.0
865.0
532.0
712.0
554.5
853.0
799.0
566.5
848.5
709.0
347.5
715.0
647.5
758.5
824.5
712.0
719.5
679.0
700.0
776.5
553.0
766.0
743.5
845.5
682.0
818.5
532.0
833.5
796.0
682.0
797.5
638.5
736.0
766.0
776.5
713.5
655.0
749.5
632.5
469.0
863.5
814.0
658.0
803.5
502.0
761.5
832.0
536.5
770.5
788.5
863.5
583.0
794.5
637.0
521.5
655.0
572.5
839.5
803.5
386.5
572.5
784.0
815.5
796.0
728.5
754.0
839.5
80.5
862.0
367.0
625.0
841.0
754.0
434.5
464.5
691.0
830.5
724.0
583.0
266.5
214.0
613.0
568.0
554.5
764.5
568.0
335.5
592.0
410.5
682.0
220.0
371.5
676.0
550.0
794.5
758.5
497.5
841.0
776.5
496.0
754.0
869.5
811.0
859.0
323.5
182.5
518.5
881.5
698.5
872.5
431.5
874.0
728.5
835.0
635.5
214.0
725.5
848.5
808.0
635.5
817.0
784.0
722.5
598.0
667.0
583.0
799.0
451.0
719.5
730.0
695.5
743.5
716.5
776.5
698.5
577.0
625.0
593.5
806.5
583.0
817.0
745.0
823.0
851.5
467.5
817.0
857.5
452.5
767.5
833.5
760.0
697.0
617.5
847.0
787.0
755.5
725.5
776.5
764.5
761.5
515.5
842.5
751.0
833.5
818.5
464.5
851.5
851.5
797.5
796.0
754.0
857.5
841.0
812.5
736.0
860.5
760.0
871.0
820.0
680.5
604.0
470.5
526.0
733.0
839.5
511.0
821.5
869.5
617.5
791.5
683.5
673.0
602.5
749.5
743.5
794.5
824.5
730.0
794.5
728.5
272.5
827.5
758.5
670.0
787.0
779.5
737.5
860.5
764.5
686.5
152.5
821.5
697.0
604.0
787.0
776.5
494.5
794.5
773.5
610.0
695.5
217.0
764.5
217.0
800.5
830.5
820.0
587.5
857.5
532.0
889.0
797.5
731.5
836.5
790.0
850.0
860.5
655.0
857.5
649.0
715.0
733.0
766.0
821.5
730.0
845.5
727.0
815.5
802.0
634.0
571.0
736.0
701.5
785.5
890.5
793.0
761.5
793.0
677.5
709.0
749.5
649.0
823.0
748.0
799.0
248.5
856.0
749.5
850.0
710.5
782.5
824.5
847.0
821.5
896.5
793.0
286.0
796.0
905.5
727.0
566.5
589.0
841.0
715.0
860.5
700.0
734.5
736.0
745.0
803.5
694.0
557.5
850.0
523.0
617.5
695.5
868.0
712.0
700.0
715.0
667.0
688.0
761.5
644.5
704.5
866.5
794.5
883.0
811.0
715.0
811.0
806.5
590.5
794.5
788.5
622.0
764.5
817.0
793.0
679.0
719.5
535.0
404.5
641.5
782.5
722.5
763.0
214.0
745.0
902.5
497.5
727.0
755.5
703.0
712.0
799.0
259.0
772.0
818.5
715.0
391.0
818.5
664.0
800.5
709.0
763.0
743.5
787.0
749.5
686.5
676.0
703.0
796.0
838.0
551.5
758.5
811.0
491.5
658.0
619.0
682.0
794.5
629.5
737.5
542.5
644.5
875.5
337.0
389.5
638.5
779.5
832.0
820.0
622.0
811.0
802.0
766.0
700.0
796.0
595.0
698.5
805.0
842.5
593.5
263.5
346.0
758.5
722.5
802.0
370.0
878.5
860.5
820.0
769.0
799.0
866.5
770.5
652.0
776.5
638.5
628.0
316.0
763.0
869.5
643.0
704.5
859.0
800.5
808.0
761.5
652.0
670.0
515.5
761.5
541.0
797.5
859.0
91.0
704.5
692.5
751.0
869.5
883.0
760.0
755.5
793.0
418.0
689.5
700.0
517.0
766.0
712.0
611.5
754.0
640.0
608.5
796.0
667.0
761.5
623.5
830.5
851.5
610.0
767.5
667.0
838.0
796.0
836.5
721.0
713.5
805.0
920.5
418.0
610.0
733.0
853.0
668.5
647.5
736.0
857.5
833.5
781.0
805.0
616.0
263.5
776.5
754.0
628.0
838.0
842.5
415.0
815.5
827.5
818.5
830.5
754.0
766.0
802.0
797.5
748.0
562.0
823.0
737.5
764.5
229.0
863.5
785.5
761.5
793.0
685.0
866.5
800.5
754.0
698.5
772.0
806.5
745.0
703.0
560.5
793.0
865.0
907.0
632.5
667.0
733.0
776.5
817.0
899.5
826.0
656.5
859.0
197.5
649.0
658.0
797.5
835.0
751.0
719.5
857.5
809.5
788.5
725.5
733.0
803.5
850.0
614.5
718.0
649.0
761.5
799.0
770.5
803.5
665.5
773.5
821.5
824.5
683.5
646.0
751.0
628.0
835.0
835.0
440.5
794.5
754.0
812.5
823.0
640.0
776.5
373.0
818.5
629.5
812.5
770.5
467.5
755.5
845.5
830.5
832.0
722.5
598.0
706.0
841.0
785.5
814.0
548.5
706.0
826.0
731.5
817.0
497.5
832.0
817.0
262.0
793.0
176.5
353.5
874.0
733.0
851.5
902.5
821.5
847.0
799.0
682.0
352.0
791.5
830.5
575.5
505.0
826.0
761.5
587.5
814.0
767.5
781.0
799.0
866.5
679.0
791.5
856.0
737.5
860.5
743.5
772.0
772.0
529.0
832.0
502.0
836.5
832.0
716.5
478.0
763.0
644.5
850.0
878.5
752.5
574.0
662.5
899.5
755.5
799.0
799.0
739.0
836.5
647.5
631.0
671.5
325.0
769.0
698.5
814.0
745.0
749.5
805.0
535.0
715.0
805.0
806.5
811.0
746.5
820.0
845.5
835.0
850.0
710.5
761.5
868.0
385.0
688.0
808.0
289.0
799.0
710.5
634.0
784.0
862.0
736.0
790.0
671.5
725.5
599.5
781.0
779.5
814.0
745.0
859.0
808.0
422.5
746.5
784.0
842.5
599.5
845.5
844.0
851.5
842.5
890.5
365.5
659.5
754.0
314.5
413.5
826.0
499.0
752.5
757.0
511.0
851.5
409.0
755.5
748.0
590.5
857.5
568.0
778.0
608.5
548.5
268.0
736.0
748.0
812.5
775.0
620.5
628.0
706.0
874.0
844.0
670.0
805.0
785.5
871.0
770.5
818.5
821.5
715.0
803.5
778.0
865.0
784.0
632.5
686.5
824.5
779.5
646.0
875.5
859.0
823.0
662.5
409.0
766.0
784.0
653.5
773.5
455.5
848.5
512.5
832.0
832.0
731.5
808.0
650.5
691.0
826.0
836.5
724.0
677.5
383.5
767.5
848.5
833.5
713.5
860.5
734.5
881.5
644.5
841.0
836.5
656.5
814.0
