953.5
952.0
928.0
919.0
965.5
941.5
949.0
938.5
931.0
956.5
944.5
941.5
913.0
932.5
941.5
892.0
947.5
938.5
967.0
947.5
956.5
917.5
953.5
944.5
941.5
950.5
967.0
944.5
931.0
968.5
943.0
952.0
902.5
950.5
926.5
955.0
932.5
943.0
920.5
944.5
959.5
941.5
925.0
880.0
943.0
944.5
932.5
938.5
956.5
955.0
967.0
940.0
950.5
859.0
964.0
961.0
962.5
914.5
959.5
956.5
917.5
956.5
929.5
904.0
938.5
953.5
940.0
931.0
934.0
917.5
868.0
889.0
901.0
935.5
934.0
934.0
928.0
943.0
943.0
926.5
955.0
923.5
952.0
956.5
952.0
922.0
944.5
959.5
917.5
956.5
935.5
941.5
923.5
947.5
938.5
938.5
974.5
922.0
911.5
941.5
962.5
929.5
958.0
946.0
947.5
950.5
940.0
946.0
931.0
937.0
937.0
935.5
959.5
902.5
916.0
925.0
905.5
908.5
887.5
922.0
953.5
973.0
904.0
938.5
911.5
901.0
940.0
967.0
952.0
959.5
934.0
943.0
914.5
947.5
937.0
931.0
923.5
940.0
937.0
929.5
955.0
913.0
934.0
919.0
926.5
932.5
947.5
929.5
928.0
929.5
946.0
925.0
928.0
937.0
971.5
865.0
958.0
938.5
934.0
949.0
958.0
899.5
961.0
925.0
935.5
941.5
943.0
985.0
925.0
934.0
967.0
929.5
929.5
940.0
950.5
914.5
917.5
973.0
919.0
968.5
955.0
937.0
959.5
956.5
938.5
970.0
938.5
964.0
926.5
931.0
958.0
944.5
938.5
913.0
914.5
902.5
931.0
962.5
941.5
955.0
926.5
901.0
929.5
931.0
961.0
881.5
971.5
946.0
943.0
881.5
973.0
929.5
931.0
947.5
916.0
944.5
958.0
931.0
931.0
929.5
889.0
935.5
950.5
941.5
961.0
970.0
932.5
935.5
950.5
956.5
952.0
973.0
950.5
934.0
917.5
965.5
937.0
916.0
908.5
950.5
923.5
910.0
920.5
992.5
925.0
938.5
932.5
949.0
886.0
946.0
868.0
907.0
947.5
950.5
892.0
947.5
950.5
922.0
953.5
947.5
940.0
944.5
952.0
934.0
908.5
898.0
935.5
943.0
922.0
881.5
941.5
970.0
940.0
907.0
961.0
932.5
878.5
943.0
932.5
941.5
923.5
952.0
941.5
965.5
976.0
935.5
899.5
970.0
910.0
935.5
937.0
937.0
959.5
923.5
955.0
928.0
953.5
955.0
950.5
946.0
901.0
922.0
949.0
907.0
932.5
941.5
925.0
922.0
947.5
946.0
926.5
973.0
937.0
925.0
934.0
949.0
938.5
967.0
916.0
947.5
922.0
922.0
884.5
944.5
950.5
938.5
916.0
949.0
881.5
962.5
941.5
947.5
934.0
959.5
953.5
904.0
934.0
926.5
853.0
944.5
956.5
955.0
910.0
919.0
892.0
896.5
946.0
929.5
955.0
910.0
940.0
971.5
934.0
947.5
950.5
940.0
919.0
896.5
947.5
931.0
938.5
928.0
944.5
916.0
920.5
928.0
949.0
968.5
953.5
932.5
925.0
913.0
925.0
940.0
968.5
929.5
919.0
979.0
944.5
938.5
892.0
953.5
917.5
925.0
874.0
965.5
955.0
943.0
949.0
943.0
916.0
955.0
947.5
964.0
964.0
952.0
967.0
938.5
908.5
944.5
928.0
959.5
955.0
929.5
878.5
916.0
907.0
932.5
956.5
923.5
964.0
914.5
922.0
922.0
941.5
940.0
968.5
953.5
943.0
926.5
887.5
904.0
907.0
944.5
947.5
872.5
940.0
970.0
920.5
877.0
928.0
940.0
907.0
911.5
923.5
958.0
932.5
931.0
943.0
953.5
952.0
979.0
919.0
920.5
919.0
926.5
850.0
919.0
944.5
943.0
923.5
941.5
953.5
937.0
941.5
935.5
941.5
899.5
944.5
925.0
950.5
938.5
925.0
875.5
943.0
902.5
929.5
937.0
911.5
950.5
928.0
917.5
973.0
961.0
944.5
889.0
929.5
910.0
952.0
955.0
974.5
950.5
955.0
949.0
943.0
935.5
926.5
947.5
920.5
910.0
958.0
956.5
898.0
911.5
911.5
940.0
949.0
925.0
944.5
956.5
946.0
889.0
868.0
941.5
914.5
911.5
944.5
955.0
937.0
938.5
917.5
946.0
946.0
955.0
964.0
952.0
955.0
956.5
935.5
899.5
979.0
946.0
958.0
880.0
971.5
908.5
931.0
979.0
934.0
944.5
973.0
953.5
887.5
952.0
926.5
964.0
934.0
958.0
943.0
889.0
931.0
938.5
947.5
958.0
910.0
946.0
926.5
934.0
937.0
935.5
896.5
953.5
926.5
943.0
913.0
941.5
953.5
904.0
902.5
947.5
907.0
952.0
944.5
925.0
887.5
883.0
964.0
931.0
940.0
926.5
968.5
934.0
911.5
923.5
940.0
962.5
949.0
917.5
919.0
925.0
961.0
944.5
923.5
914.5
913.0
968.5
923.5
946.0
931.0
935.5
950.5
940.0
920.5
922.0
937.0
944.5
953.5
884.5
976.0
937.0
925.0
917.5
941.5
961.0
965.5
938.5
968.5
959.5
958.0
928.0
919.0
964.0
913.0
854.5
946.0
962.5
919.0
902.5
922.0
872.5
922.0
958.0
989.5
947.5
956.5
943.0
941.5
917.5
911.5
946.0
923.5
916.0
941.5
968.5
967.0
956.5
944.5
976.0
925.0
953.5
955.0
947.5
932.5
934.0
911.5
944.5
965.5
949.0
925.0
953.5
919.0
941.5
926.5
955.0
913.0
956.5
953.5
911.5
955.0
941.5
977.5
947.5
941.5
926.5
973.0
953.5
943.0
905.5
955.0
965.5
935.5
893.5
932.5
949.0
934.0
947.5
952.0
878.5
928.0
944.5
962.5
950.5
923.5
970.0
959.5
970.0
971.5
926.5
922.0
947.5
931.0
916.0
929.5
896.5
922.0
937.0
961.0
914.5
949.0
889.0
917.5
944.5
922.0
973.0
952.0
971.5
917.5
932.5
952.0
953.5
968.5
922.0
937.0
956.5
925.0
931.0
940.0
941.5
944.5
935.5
929.5
934.0
971.5
917.5
952.0
958.0
940.0
925.0
970.0
931.0
934.0
923.5
952.0
953.5
959.5
971.5
920.5
940.0
943.0
928.0
926.5
934.0
910.0
922.0
913.0
934.0
913.0
941.5
928.0
925.0
880.0
932.5
910.0
940.0
923.5
901.0
949.0
968.5
955.0
956.5
922.0
902.5
934.0
931.0
935.5
946.0
941.5
950.5
950.5
965.5
959.5
991.0
965.5
899.5
907.0
923.5
922.0
958.0
925.0
968.5
896.5
968.5
955.0
923.5
962.5
895.0
958.0
914.5
901.0
932.5
905.5
896.5
968.5
952.0
967.0
919.0
895.0
961.0
931.0
922.0
937.0
940.0
949.0
961.0
952.0
953.5
937.0
953.5
911.5
935.5
950.5
923.5
937.0
952.0
944.5
959.5
937.0
889.0
908.5
896.5
955.0
967.0
952.0
929.5
905.5
970.0
949.0
881.5
953.5
970.0
956.5
925.0
953.5
937.0
973.0
878.5
905.5
946.0
923.5
935.5
929.5
944.5
919.0
953.5
964.0
911.5
937.0
949.0
929.5
958.0
959.5
946.0
929.5
934.0
958.0
923.5
949.0
932.5
958.0
932.5
923.5
929.5
935.5
932.5
880.0
959.5
905.5
946.0
956.5
922.0
970.0
964.0
967.0
962.5
901.0
947.5
944.5
868.0
895.0
934.0
934.0
953.5
937.0
938.5
958.0
961.0
887.5
934.0
926.5
931.0
968.5
920.5
908.5
947.5
895.0
956.5
931.0
926.5
964.0
905.5
910.0
949.0
949.0
934.0
961.0
922.0
926.5
949.0
932.5
952.0
899.5
973.0
967.0
913.0
938.5
905.5
964.0
962.5
956.5
944.5
941.5
913.0
901.0
959.5
935.5
956.5
938.5
946.0
958.0
935.5
961.0
941.5
904.0
898.0
947.5
958.0
952.0
932.5
932.5
968.5
898.0
944.5
962.5
907.0
977.5
953.5
964.0
946.0
932.5
926.5
968.5
926.5
937.0
926.5
962.5
910.0
917.5
928.0
944.5
905.5
922.0
926.5
941.5
935.5
853.0
904.0
934.0
934.0
937.0
953.5
974.5
968.5
922.0
901.0
952.0
940.0
950.5
929.5
940.0
952.0
923.5
941.5
881.5
970.0
973.0
884.5
937.0
946.0
938.5
923.5
943.0
943.0
905.5
970.0
967.0
965.5
922.0
916.0
971.5
898.0
962.5
958.0
922.0
935.5
962.5
964.0
898.0
926.5
913.0
952.0
971.5
962.5
955.0
952.0
943.0
938.5
956.5
940.0
974.5
965.5
911.5
956.5
955.0
940.0
935.5
914.5
952.0
845.5
946.0
980.5
937.0
943.0
961.0
956.5
964.0
944.5
949.0
952.0
910.0
947.5
956.5
952.0
929.5
946.0
935.5
892.0
947.5
926.5
947.5
919.0
937.0
950.5
947.5
907.0
956.5
965.5
950.5
938.5
932.5
985.0
946.0
854.5
920.5
914.5
944.5
932.5
932.5
943.0
941.5
952.0
950.5
902.5
929.5
932.5
926.5
950.5
971.5
970.0
880.0
887.5
949.0
950.5
941.5
925.0
910.0
958.0
931.0
950.5
928.0
944.5
931.0
934.0
934.0
943.0
947.5
943.0
923.5
925.0
895.0
932.5
946.0
929.5
937.0
932.5
956.5
928.0
944.5
928.0
922.0
877.0
944.5
914.5
926.5
934.0
922.0
839.5
919.0
953.5
919.0
914.5
887.5
925.0
917.5
920.5
916.0
920.5
917.5
917.5
940.0
961.0
938.5
871.0
937.0
926.5
947.5
872.5
953.5
919.0
925.0
943.0
938.5
943.0
940.0
956.5
935.5
943.0
955.0
935.5
956.5
941.5
953.5
977.5
934.0
970.0
941.5
908.5
899.5
893.5
944.5
925.0
929.5
955.0
937.0
926.5
950.5
925.0
914.5
919.0
901.0
947.5
953.5
895.0
902.5
940.0
932.5
946.0
910.0
931.0
944.5
916.0
959.5
940.0
965.5
928.0
958.0
970.0
950.5
935.5
896.5
958.0
947.5
938.5
958.0
964.0
901.0
967.0
943.0
955.0
956.5
932.5
923.5
961.0
895.0
932.5
968.5
967.0
916.0
935.5
971.5
962.5
929.5
938.5
955.0
929.5
962.5
899.5
961.0
922.0
908.5
962.5
932.5
895.0
925.0
953.5
941.5
833.5
941.5
929.5
952.0
935.5
959.5
950.5
940.0
899.5
932.5
956.5
928.0
929.5
908.5
961.0
923.5
947.5
979.0
962.5
941.5
943.0
962.5
947.5
931.0
955.0
935.5
943.0
914.5
922.0
913.0
932.5
943.0
928.0
928.0
919.0
952.0
958.0
914.5
937.0
928.0
934.0
965.5
932.5
962.5
917.5
913.0
926.5
908.5
884.5
943.0
935.5
869.5
913.0
934.0
931.0
947.5
952.0
920.5
959.5
961.0
940.0
950.5
932.5
935.5
968.5
953.5
965.5
946.0
965.5
931.0
956.5
952.0
938.5
938.5
955.0
911.5
968.5
916.0
890.5
907.0
935.5
940.0
956.5
953.5
940.0
922.0
968.5
925.0
860.5
950.5
904.0
947.5
896.5
950.5
943.0
932.5
929.5
953.5
944.5
949.0
928.0
898.0
920.5
955.0
941.5
938.5
965.5
953.5
956.5
935.5
958.0
958.0
934.0
934.0
875.5
934.0
932.5
908.5
919.0
965.5
949.0
922.0
914.5
953.5
946.0
952.0
923.5
923.5
886.0
896.5
911.5
935.5
920.5
940.0
968.5
905.5
917.5
964.0
919.0
947.5
938.5
931.0
959.5
950.5
920.5
896.5
955.0
919.0
935.5
887.5
926.5
935.5
920.5
953.5
961.0
905.5
910.0
956.5
928.0
977.5
968.5
949.0
952.0
899.5
952.0
922.0
934.0
923.5
956.5
949.0
956.5
905.5
953.5
956.5
959.5
911.5
952.0
917.5
922.0
937.0
943.0
920.5
916.0
928.0
953.5
943.0
937.0
925.0
943.0
907.0
934.0
919.0
959.5
947.5
961.0
917.5
949.0
946.0
968.5
937.0
907.0
916.0
947.5
944.5
968.5
937.0
926.5
985.0
946.0
947.5
898.0
925.0
928.0
949.0
940.0
952.0
937.0
970.0
964.0
929.5
940.0
902.5
952.0
956.5
940.0
937.0
910.0
953.5
929.5
949.0
970.0
947.5
905.5
914.5
919.0
950.5
943.0
941.5
944.5
974.5
947.5
928.0
941.5
941.5
967.0
919.0
899.5
874.0
946.0
931.0
934.0
928.0
941.5
956.5
958.0
976.0
913.0
881.5
947.5
965.5
935.5
940.0
926.5
914.5
929.5
934.0
920.5
913.0
905.5
929.5
949.0
904.0
923.5
965.5
889.0
932.5
977.5
950.5
940.0
905.5
908.5
944.5
958.0
919.0
934.0
934.0
920.5
959.5
919.0
950.5
938.5
961.0
947.5
947.5
932.5
952.0
937.0
950.5
955.0
932.5
964.0
955.0
946.0
944.5
952.0
901.0
923.5
878.5
946.0
943.0
955.0
952.0
937.0
949.0
926.5
941.5
904.0
928.0
910.0
892.0
925.0
970.0
902.5
953.5
913.0
944.5
926.5
869.5
943.0
934.0
923.5
928.0
920.5
970.0
952.0
952.0
910.0
902.5
935.5
935.5
925.0
935.5
940.0
967.0
904.0
908.5
935.5
970.0
928.0
941.5
955.0
916.0
932.5
911.5
943.0
964.0
967.0
962.5
959.5
941.5
937.0
976.0
944.5
959.5
932.5
953.5
956.5
940.0
943.0
964.0
964.0
929.5
938.5
938.5
961.0
904.0
946.0
923.5
923.5
953.5
988.0
950.5
902.5
937.0
853.0
947.5
914.5
935.5
887.5
961.0
952.0
941.5
946.0
953.5
943.0
950.5
959.5
944.5
935.5
925.0
941.5
922.0
937.0
920.5
950.5
925.0
899.5
965.5
938.5
943.0
967.0
961.0
919.0
932.5
940.0
976.0
955.0
929.5
943.0
911.5
962.5
932.5
976.0
950.5
934.0
922.0
937.0
937.0
938.5
961.0
941.5
931.0
956.5
952.0
958.0
940.0
944.5
938.5
952.0
959.5
949.0
865.0
923.5
943.0
913.0
904.0
911.5
923.5
925.0
877.0
940.0
950.5
940.0
934.0
947.5
961.0
958.0
956.5
952.0
950.5
917.5
967.0
928.0
947.5
959.5
934.0
901.0
910.0
952.0
949.0
911.5
920.5
931.0
952.0
929.5
901.0
961.0
937.0
931.0
893.5
941.5
946.0
904.0
967.0
955.0
925.0
935.5
947.5
935.5
949.0
946.0
935.5
919.0
893.5
920.5
938.5
898.0
962.5
950.5
932.5
890.5
943.0
905.5
941.5
953.5
922.0
941.5
934.0
952.0
964.0
950.5
943.0
925.0
953.5
956.5
950.5
953.5
916.0
934.0
934.0
958.0
961.0
932.5
916.0
950.5
961.0
878.5
922.0
952.0
919.0
949.0
911.5
938.5
955.0
961.0
947.5
946.0
962.5
944.5
905.5
746.5
949.0
943.0
944.5
944.5
905.5
974.5
961.0
946.0
970.0
959.5
955.0
937.0
923.5
968.5
908.5
926.5
944.5
886.0
901.0
932.5
937.0
932.5
950.5
928.0
959.5
871.0
920.5
970.0
898.0
950.5
962.5
937.0
934.0
896.5
943.0
941.5
869.5
940.0
953.5
901.0
928.0
940.0
937.0
929.5
931.0
950.5
947.5
883.0
932.5
959.5
938.5
890.5
958.0
908.5
962.5
943.0
883.0
941.5
958.0
926.5
908.5
970.0
962.5
973.0
934.0
943.0
928.0
940.0
922.0
962.5
920.5
940.0
961.0
899.5
929.5
947.5
935.5
931.0
937.0
949.0
916.0
950.5
937.0
928.0
944.5
941.5
925.0
937.0
946.0
926.5
901.0
883.0
971.5
929.5
929.5
923.5
946.0
949.0
887.5
941.5
935.5
920.5
949.0
923.5
874.0
938.5
953.5
904.0
920.5
944.5
955.0
932.5
923.5
938.5
944.5
965.5
965.5
931.0
956.5
955.0
941.5
950.5
962.5
937.0
934.0
958.0
920.5
925.0
905.5
949.0
955.0
970.0
937.0
920.5
947.5
877.0
946.0
940.0
919.0
952.0
892.0
901.0
946.0
946.0
898.0
919.0
940.0
955.0
940.0
934.0
934.0
938.5
946.0
926.5
980.5
955.0
901.0
946.0
902.5
958.0
940.0
926.5
943.0
950.5
979.0
938.5
952.0
859.0
913.0
931.0
953.5
923.5
938.5
916.0
899.5
946.0
896.5
940.0
866.5
905.5
910.0
916.0
974.5
947.5
920.5
916.0
919.0
940.0
935.5
923.5
944.5
929.5
905.5
941.5
947.5
893.5
943.0
943.0
938.5
923.5
971.5
974.5
947.5
952.0
922.0
973.0
956.5
970.0
940.0
938.5
922.0
965.5
953.5
937.0
940.0
919.0
955.0
926.5
952.0
956.5
926.5
931.0
931.0
920.5
937.0
914.5
961.0
920.5
949.0
944.5
946.0
934.0
907.0
952.0
971.5
922.0
970.0
943.0
928.0
959.5
928.0
959.5
932.5
964.0
937.0
929.5
932.5
929.5
937.0
935.5
956.5
937.0
926.5
940.0
922.0
941.5
928.0
988.0
932.5
938.5
952.0
947.5
932.5
952.0
952.0
932.5
940.0
943.0
952.0
911.5
892.0
946.0
934.0
956.5
877.0
941.5
913.0
925.0
901.0
943.0
917.5
914.5
971.5
935.5
917.5
920.5
940.0
931.0
938.5
925.0
916.0
961.0
938.5
956.5
898.0
961.0
958.0
950.5
940.0
959.5
935.5
943.0
917.5
962.5
944.5
898.0
929.5
874.0
934.0
947.5
925.0
919.0
964.0
929.5
923.5
872.5
917.5
937.0
938.5
944.5
961.0
949.0
940.0
916.0
947.5
952.0
950.5
964.0
953.5
938.5
950.5
962.5
946.0
931.0
958.0
956.5
947.5
967.0
928.0
872.5
932.5
934.0
953.5
950.5
932.5
911.5
955.0
958.0
968.5
949.0
893.5
955.0
947.5
940.0
946.0
955.0
950.5
934.0
950.5
886.0
904.0
962.5
935.5
965.5
889.0
949.0
941.5
953.5
955.0
929.5
916.0
898.0
934.0
928.0
931.0
925.0
943.0
928.0
970.0
938.5
965.5
922.0
940.0
970.0
920.5
931.0
940.0
926.5
964.0
890.5
943.0
931.0
917.5
938.5
922.0
938.5
944.5
931.0
893.5
946.0
953.5
941.5
898.0
935.5
950.5
941.5
952.0
953.5
943.0
943.0
907.0
896.5
928.0
893.5
970.0
955.0
956.5
896.5
925.0
925.0
938.5
950.5
935.5
946.0
926.5
940.0
943.0
922.0
962.5
932.5
955.0
961.0
937.0
947.5
950.5
962.5
938.5
952.0
922.0
935.5
941.5
911.5
934.0
911.5
952.0
964.0
934.0
962.5
928.0
958.0
941.5
950.5
944.5
940.0
962.5
974.5
935.5
955.0
949.0
983.5
937.0
920.5
947.5
941.5
923.5
941.5
964.0
934.0
932.5
935.5
944.5
955.0
952.0
955.0
917.5
928.0
965.5
920.5
944.5
955.0
943.0
946.0
949.0
913.0
959.5
931.0
923.5
964.0
964.0
949.0
965.5
928.0
938.5
968.5
916.0
872.5
958.0
917.5
908.5
904.0
961.0
946.0
958.0
922.0
934.0
863.5
884.5
922.0
898.0
944.5
961.0
949.0
970.0
956.5
928.0
949.0
932.5
944.5
940.0
955.0
952.0
961.0
941.5
914.5
974.5
896.5
935.5
890.5
899.5
947.5
947.5
958.0
962.5
919.0
961.0
908.5
970.0
880.0
956.5
952.0
937.0
922.0
920.5
925.0
947.5
950.5
968.5
962.5
929.5
952.0
962.5
950.5
959.5
898.0
919.0
940.0
914.5
950.5
967.0
935.5
950.5
976.0
970.0
953.5
961.0
920.5
959.5
919.0
932.5
913.0
971.5
920.5
923.5
947.5
964.0
919.0
895.0
878.5
941.5
937.0
950.5
952.0
965.5
949.0
956.5
932.5
946.0
952.0
947.5
944.5
946.0
970.0
968.5
956.5
947.5
940.0
911.5
949.0
953.5
877.0
947.5
955.0
904.0
949.0
955.0
901.0
929.5
949.0
905.5
943.0
932.5
947.5
935.5
949.0
934.0
935.5
961.0
935.5
920.5
938.5
938.5
874.0
926.5
925.0
956.5
956.5
920.5
932.5
953.5
949.0
935.5
914.5
950.5
931.0
929.5
955.0
940.0
908.5
952.0
926.5
958.0
971.5
947.5
932.5
958.0
956.5
928.0
952.0
953.5
932.5
944.5
944.5
920.5
949.0
971.5
965.5
914.5
955.0
931.0
934.0
950.5
925.0
932.5
934.0
947.5
956.5
944.5
931.0
952.0
911.5
953.5
929.5
919.0
869.5
950.5
952.0
961.0
913.0
962.5
944.5
934.0
898.0
931.0
946.0
949.0
928.0
958.0
952.0
931.0
950.5
962.5
913.0
950.5
928.0
977.5
866.5
926.5
959.5
958.0
913.0
884.5
944.5
923.5
962.5
935.5
958.0
931.0
937.0
944.5
896.5
938.5
953.5
893.5
955.0
913.0
947.5
958.0
890.5
892.0
923.5
935.5
979.0
950.5
899.5
923.5
886.0
925.0
935.5
917.5
944.5
968.5
937.0
941.5
947.5
920.5
922.0
956.5
919.0
889.0
949.0
919.0
956.5
934.0
955.0
898.0
920.5
931.0
970.0
935.5
911.5
938.5
964.0
949.0
944.5
922.0
941.5
890.5
928.0
947.5
938.5
958.0
961.0
953.5
883.0
940.0
953.5
940.0
946.0
923.5
923.5
908.5
958.0
938.5
914.5
938.5
928.0
940.0
934.0
922.0
904.0
944.5
937.0
952.0
958.0
935.5
937.0
926.5
952.0
970.0
919.0
967.0
863.5
959.5
955.0
907.0
958.0
940.0
938.5
934.0
941.5
952.0
949.0
938.5
929.5
907.0
953.5
943.0
952.0
950.5
907.0
925.0
917.5
935.5
953.5
938.5
952.0
979.0
941.5
913.0
941.5
950.5
872.5
946.0
893.5
952.0
929.5
959.5
946.0
956.5
871.0
916.0
931.0
952.0
944.5
928.0
953.5
922.0
941.5
955.0
965.5
943.0
961.0
943.0
926.5
962.5
959.5
914.5
916.0
967.0
959.5
926.5
911.5
949.0
967.0
931.0
937.0
967.0
974.5
919.0
968.5
940.0
928.0
910.0
928.0
935.5
920.5
887.5
952.0
973.0
953.5
935.5
937.0
907.0
965.5
988.0
959.5
931.0
926.5
965.5
944.5
943.0
935.5
902.5
943.0
932.5
928.0
950.5
959.5
928.0
947.5
823.0
959.5
961.0
955.0
950.5
920.5
943.0
905.5
881.5
932.5
944.5
917.5
923.5
961.0
961.0
944.5
946.0
965.5
965.5
910.0
929.5
941.5
940.0
979.0
940.0
943.0
935.5
911.5
938.5
940.0
931.0
901.0
931.0
956.5
950.5
926.5
934.0
964.0
943.0
950.5
917.5
944.5
962.5
928.0
899.5
898.0
949.0
889.0
943.0
913.0
943.0
904.0
923.5
968.5
959.5
962.5
956.5
956.5
902.5
892.0
938.5
935.5
938.5
907.0
956.5
937.0
955.0
941.5
937.0
916.0
949.0
917.5
932.5
913.0
913.0
965.5
928.0
944.5
925.0
932.5
928.0
944.5
923.5
938.5
920.5
937.0
956.5
922.0
947.5
944.5
940.0
937.0
946.0
913.0
950.5
988.0
914.5
938.5
934.0
955.0
931.0
934.0
955.0
928.0
934.0
943.0
902.5
923.5
952.0
935.5
902.5
949.0
920.5
931.0
961.0
941.5
928.0
941.5
940.0
869.5
923.5
916.0
920.5
941.5
955.0
946.0
976.0
965.5
931.0
961.0
950.5
952.0
914.5
926.5
964.0
962.5
956.5
923.5
938.5
973.0
907.0
949.0
913.0
928.0
907.0
958.0
956.5
946.0
961.0
934.0
965.5
977.5
946.0
937.0
946.0
955.0
941.5
944.5
956.5
931.0
943.0
955.0
946.0
925.0
914.5
886.0
947.5
949.0
938.5
944.5
956.5
964.0
907.0
865.0
868.0
907.0
958.0
923.5
946.0
938.5
956.5
929.5
928.0
947.5
962.5
931.0
914.5
944.5
926.5
908.5
934.0
943.0
943.0
928.0
928.0
964.0
958.0
973.0
952.0
934.0
919.0
946.0
920.5
956.5
910.0
932.5
925.0
904.0
917.5
929.5
959.5
944.5
922.0
916.0
946.0
953.5
899.5
913.0
934.0
953.5
964.0
931.0
949.0
944.5
961.0
946.0
899.5
929.5
952.0
955.0
932.5
931.0
964.0
961.0
947.5
944.5
947.5
949.0
919.0
970.0
931.0
938.5
935.5
967.0
953.5
937.0
937.0
953.5
931.0
905.5
916.0
968.5
947.5
941.5
962.5
928.0
892.0
965.5
919.0
949.0
905.5
899.5
941.5
946.0
965.5
937.0
920.5
911.5
923.5
940.0
947.5
890.5
959.5
941.5
970.0
940.0
937.0
944.5
892.0
904.0
947.5
913.0
947.5
973.0
943.0
958.0
953.5
937.0
950.5
938.5
955.0
943.0
947.5
944.5
952.0
931.0
916.0
935.5
970.0
950.5
973.0
916.0
935.5
901.0
916.0
932.5
958.0
952.0
892.0
929.5
887.5
958.0
965.5
947.5
952.0
931.0
904.0
911.5
968.5
952.0
905.5
959.5
956.5
932.5
952.0
883.0
955.0
947.5
947.5
946.0
953.5
946.0
919.0
949.0
872.5
920.5
922.0
947.5
923.5
932.5
962.5
926.5
944.5
962.5
958.0
973.0
922.0
920.5
928.0
925.0
958.0
941.5
955.0
923.5
944.5
962.5
878.5
965.5
943.0
943.0
946.0
974.5
895.0
950.5
961.0
925.0
898.0
956.5
943.0
955.0
955.0
895.0
827.5
977.5
950.5
944.5
934.0
914.5
955.0
979.0
944.5
920.5
958.0
952.0
959.5
952.0
976.0
973.0
953.5
896.5
911.5
911.5
931.0
905.5
953.5
911.5
896.5
952.0
923.5
907.0
937.0
971.5
962.5
949.0
949.0
902.5
964.0
929.5
925.0
955.0
923.5
919.0
944.5
944.5
937.0
968.5
955.0
965.5
917.5
938.5
914.5
941.5
943.0
955.0
926.5
910.0
964.0
958.0
997.0
877.0
952.0
907.0
931.0
902.5
956.5
922.0
946.0
953.5
952.0
940.0
967.0
952.0
950.5
964.0
880.0
950.5
949.0
932.5
917.5
952.0
913.0
953.5
929.5
956.5
932.5
950.5
917.5
953.5
965.5
958.0
956.5
958.0
919.0
890.5
940.0
953.5
947.5
968.5
893.5
901.0
949.0
922.0
947.5
919.0
935.5
892.0
953.5
946.0
926.5
898.0
905.5
955.0
955.0
958.0
925.0
958.0
943.0
902.5
935.5
928.0
959.5
938.5
946.0
896.5
919.0
932.5
881.5
938.5
935.5
956.5
916.0
944.5
949.0
935.5
946.0
925.0
938.5
953.5
935.5
937.0
931.0
971.5
962.5
935.5
959.5
943.0
926.5
910.0
943.0
956.5
958.0
902.5
941.5
908.5
908.5
944.5
926.5
952.0
923.5
950.5
929.5
911.5
920.5
932.5
914.5
941.5
937.0
907.0
931.0
908.5
853.0
941.5
931.0
953.5
908.5
959.5
926.5
926.5
952.0
962.5
925.0
901.0
949.0
965.5
931.0
887.5
968.5
944.5
955.0
946.0
917.5
943.0
946.0
923.5
938.5
955.0
955.0
956.5
977.5
926.5
929.5
941.5
935.5
917.5
916.0
941.5
919.0
940.0
976.0
953.5
961.0
943.0
947.5
949.0
923.5
946.0
955.0
952.0
949.0
941.5
932.5
929.5
898.0
934.0
943.0
941.5
983.5
934.0
953.5
950.5
926.5
847.0
952.0
914.5
944.5
953.5
935.5
952.0
917.5
944.5
953.5
979.0
958.0
913.0
917.5
950.5
923.5
983.5
934.0
937.0
952.0
935.5
967.0
932.5
941.5
920.5
899.5
949.0
943.0
965.5
952.0
902.5
931.0
893.5
935.5
881.5
938.5
925.0
956.5
917.5
863.5
934.0
937.0
946.0
914.5
899.5
844.0
941.5
949.0
956.5
935.5
926.5
949.0
931.0
911.5
946.0
899.5
944.5
944.5
943.0
937.0
947.5
943.0
944.5
929.5
923.5
949.0
928.0
916.0
959.5
935.5
935.5
970.0
943.0
967.0
935.5
944.5
952.0
908.5
949.0
932.5
958.0
938.5
961.0
883.0
950.5
944.5
962.5
917.5
925.0
950.5
955.0
943.0
886.0
962.5
911.5
878.5
898.0
956.5
961.0
962.5
901.0
911.5
956.5
928.0
929.5
932.5
940.0
919.0
916.0
931.0
938.5
947.5
901.0
962.5
950.5
914.5
950.5
934.0
877.0
929.5
935.5
967.0
913.0
934.0
967.0
955.0
941.5
968.5
934.0
949.0
946.0
902.5
946.0
962.5
949.0
953.5
931.0
964.0
941.5
931.0
952.0
958.0
929.5
959.5
946.0
925.0
926.5
953.5
908.5
961.0
931.0
928.0
938.5
946.0
947.5
967.0
932.5
952.0
941.5
932.5
958.0
953.5
967.0
889.0
929.5
946.0
950.5
973.0
941.5
958.0
893.5
967.0
941.5
952.0
853.0
910.0
896.5
938.5
956.5
910.0
946.0
923.5
931.0
959.5
956.5
926.5
920.5
988.0
970.0
917.5
937.0
923.5
934.0
944.5
934.0
949.0
952.0
934.0
956.5
956.5
941.5
938.5
949.0
950.5
920.5
941.5
908.5
898.0
934.0
937.0
905.5
929.5
959.5
919.0
944.5
955.0
959.5
911.5
958.0
973.0
932.5
961.0
916.0
934.0
901.0
946.0
901.0
931.0
937.0
937.0
943.0
937.0
926.5
896.5
949.0
928.0
952.0
920.5
959.5
931.0
931.0
923.5
940.0
944.5
908.5
964.0
935.5
901.0
940.0
956.5
922.0
955.0
892.0
949.0
938.5
904.0
955.0
947.5
928.0
950.5
941.5
959.5
971.5
917.5
935.5
950.5
952.0
937.0
938.5
950.5
922.0
923.5
952.0
916.0
968.5
940.0
962.5
932.5
929.5
931.0
937.0
887.5
923.5
937.0
956.5
932.5
964.0
947.5
949.0
932.5
950.5
947.5
950.5
917.5
959.5
964.0
947.5
952.0
929.5
952.0
968.5
947.5
896.5
952.0
905.5
928.0
907.0
967.0
914.5
887.5
950.5
896.5
944.5
940.0
961.0
931.0
956.5
916.0
955.0
950.5
967.0
973.0
944.5
935.5
953.5
964.0
943.0
950.5
943.0
943.0
932.5
947.5
878.5
959.5
922.0
947.5
947.5
955.0
958.0
928.0
946.0
940.0
953.5
938.5
937.0
911.5
962.5
955.0
947.5
941.5
926.5
934.0
898.0
931.0
926.5
881.5
922.0
922.0
940.0
872.5
937.0
968.5
919.0
965.5
911.5
923.5
943.0
922.0
928.0
920.5
932.5
934.0
935.5
914.5
898.0
967.0
931.0
925.0
937.0
947.5
959.5
943.0
947.5
946.0
962.5
970.0
907.0
904.0
916.0
947.5
955.0
950.5
949.0
934.0
931.0
916.0
947.5
917.5
923.5
940.0
910.0
950.5
946.0
943.0
907.0
952.0
958.0
971.5
943.0
958.0
934.0
929.5
940.0
952.0
943.0
923.5
928.0
952.0
938.5
941.5
890.5
914.5
926.5
931.0
943.0
950.5
919.0
916.0
940.0
901.0
938.5
925.0
934.0
955.0
938.5
991.0
950.5
949.0
910.0
980.5
931.0
890.5
920.5
928.0
977.5
943.0
947.5
940.0
937.0
935.5
970.0
934.0
887.5
943.0
950.5
905.5
934.0
941.5
919.0
893.5
860.5
938.5
959.5
937.0
947.5
955.0
959.5
922.0
926.5
955.0
907.0
883.0
931.0
898.0
941.5
941.5
920.5
959.5
934.0
956.5
950.5
934.0
923.5
949.0
938.5
971.5
947.5
935.5
896.5
974.5
916.0
943.0
946.0
964.0
907.0
925.0
934.0
929.5
940.0
946.0
923.5
947.5
962.5
961.0
964.0
962.5
946.0
935.5
905.5
907.0
944.5
961.0
955.0
938.5
856.0
941.5
949.0
874.0
953.5
964.0
958.0
934.0
944.5
964.0
914.5
974.5
922.0
914.5
937.0
944.5
865.0
952.0
929.5
938.5
946.0
890.5
937.0
953.5
944.5
935.5
928.0
947.5
938.5
938.5
956.5
931.0
937.0
944.5
911.5
949.0
965.5
955.0
922.0
868.0
931.0
953.5
928.0
947.5
949.0
943.0
944.5
967.0
962.5
953.5
923.5
956.5
958.0
935.5
941.5
950.5
922.0
883.0
952.0
946.0
928.0
919.0
949.0
934.0
955.0
928.0
958.0
926.5
965.5
953.5
964.0
971.5
943.0
926.5
949.0
932.5
941.5
923.5
953.5
938.5
959.5
911.5
959.5
929.5
952.0
958.0
941.5
935.5
961.0
941.5
935.5
892.0
944.5
961.0
940.0
893.5
943.0
962.5
905.5
950.5
953.5
920.5
902.5
878.5
962.5
926.5
908.5
941.5
916.0
919.0
971.5
890.5
922.0
967.0
974.5
932.5
929.5
916.0
955.0
922.0
925.0
907.0
917.5
938.5
958.0
935.5
919.0
956.5
931.0
943.0
946.0
935.5
947.5
946.0
946.0
953.5
949.0
965.5
943.0
919.0
941.5
962.5
893.5
974.5
913.0
961.0
953.5
961.0
934.0
941.5
943.0
947.5
929.5
944.5
932.5
943.0
941.5
941.5
913.0
919.0
920.5
905.5
916.0
925.0
956.5
968.5
950.5
910.0
967.0
916.0
931.0
931.0
929.5
952.0
931.0
902.5
931.0
880.0
932.5
899.5
907.0
944.5
962.5
908.5
944.5
934.0
959.5
943.0
938.5
967.0
956.5
958.0
919.0
896.5
928.0
970.0
943.0
926.5
880.0
926.5
940.0
922.0
884.5
911.5
914.5
931.0
925.0
935.5
926.5
913.0
929.5
941.5
944.5
923.5
944.5
932.5
947.5
938.5
968.5
928.0
932.5
899.5
920.5
926.5
940.0
913.0
962.5
982.0
929.5
965.5
887.5
949.0
937.0
974.5
926.5
949.0
916.0
946.0
932.5
941.5
964.0
910.0
904.0
937.0
950.5
944.5
953.5
944.5
914.5
944.5
959.5
949.0
923.5
955.0
946.0
935.5
923.5
979.0
959.5
946.0
943.0
931.0
877.0
965.5
946.0
941.5
886.0
965.5
940.0
892.0
965.5
937.0
929.5
943.0
919.0
937.0
947.5
943.0
931.0
959.5
965.5
946.0
944.5
932.5
913.0
940.0
946.0
946.0
953.5
955.0
968.5
962.5
916.0
955.0
895.0
937.0
953.5
973.0
923.5
937.0
959.5
941.5
932.5
940.0
896.5
941.5
928.0
949.0
971.5
947.5
908.5
926.5
970.0
938.5
920.5
985.0
944.5
917.5
949.0
931.0
967.0
965.5
932.5
955.0
883.0
958.0
932.5
949.0
919.0
871.0
836.5
868.0
953.5
953.5
920.5
899.5
980.5
928.0
947.5
902.5
928.0
935.5
947.5
946.0
923.5
949.0
958.0
950.5
964.0
892.0
941.5
962.5
950.5
949.0
959.5
925.0
928.0
967.0
956.5
971.5
941.5
953.5
913.0
917.5
958.0
923.5
911.5
940.0
956.5
937.0
892.0
962.5
940.0
880.0
932.5
953.5
961.0
950.5
940.0
979.0
928.0
952.0
949.0
896.5
901.0
931.0
937.0
955.0
937.0
959.5
947.5
925.0
937.0
922.0
935.5
940.0
910.0
971.5
947.5
938.5
919.0
943.0
938.5
913.0
923.5
901.0
964.0
959.5
958.0
938.5
941.5
947.5
949.0
944.5
949.0
950.5
898.0
940.0
902.5
944.5
916.0
964.0
937.0
946.0
928.0
952.0
908.5
970.0
940.0
946.0
920.5
913.0
950.5
947.5
955.0
902.5
962.5
958.0
935.5
949.0
911.5
905.5
959.5
934.0
959.5
943.0
940.0
935.5
956.5
947.5
952.0
941.5
959.5
946.0
950.5
929.5
934.0
928.0
931.0
920.5
916.0
941.5
952.0
920.5
929.5
952.0
910.0
929.5
917.5
904.0
943.0
955.0
962.5
959.5
923.5
938.5
931.0
932.5
986.5
955.0
962.5
956.5
923.5
944.5
964.0
926.5
947.5
893.5
937.0
949.0
977.5
932.5
956.5
953.5
935.5
961.0
956.5
923.5
946.0
974.5
946.0
970.0
914.5
896.5
935.5
943.0
922.0
967.0
968.5
949.0
937.0
949.0
944.5
980.5
886.0
946.0
931.0
935.5
970.0
937.0
961.0
931.0
931.0
949.0
934.0
953.5
943.0
976.0
958.0
934.0
958.0
941.5
929.5
959.5
952.0
911.5
965.5
941.5
958.0
961.0
920.5
920.5
944.5
886.0
908.5
962.5
949.0
953.5
961.0
953.5
878.5
911.5
923.5
919.0
941.5
940.0
958.0
956.5
916.0
938.5
944.5
941.5
923.5
964.0
956.5
943.0
902.5
946.0
941.5
914.5
952.0
962.5
899.5
935.5
959.5
890.5
949.0
929.5
940.0
955.0
949.0
943.0
916.0
955.0
941.5
925.0
946.0
934.0
950.5
950.5
943.0
958.0
943.0
919.0
971.5
944.5
937.0
920.5
956.5
883.0
944.5
958.0
970.0
907.0
928.0
950.5
949.0
908.5
943.0
845.5
899.5
941.5
955.0
952.0
943.0
922.0
962.5
949.0
953.5
944.5
965.5
967.0
944.5
953.5
956.5
964.0
920.5
962.5
937.0
959.5
938.5
929.5
934.0
935.5
919.0
944.5
914.5
932.5
916.0
947.5
926.5
934.0
974.5
950.5
935.5
931.0
938.5
958.0
938.5
949.0
943.0
934.0
914.5
941.5
956.5
950.5
967.0
937.0
907.0
929.5
914.5
941.5
965.5
938.5
926.5
926.5
866.5
902.5
911.5
901.0
955.0
944.5
959.5
964.0
896.5
928.0
938.5
967.0
940.0
955.0
953.5
910.0
910.0
935.5
919.0
932.5
968.5
944.5
938.5
955.0
928.0
859.0
955.0
928.0
946.0
934.0
949.0
947.5
955.0
911.5
907.0
865.0
970.0
944.5
968.5
886.0
950.5
932.5
935.5
919.0
941.5
932.5
946.0
949.0
922.0
895.0
950.5
935.5
929.5
953.5
923.5
949.0
920.5
938.5
947.5
905.5
877.0
980.5
952.0
985.0
956.5
890.5
940.0
962.5
898.0
917.5
932.5
943.0
881.5
941.5
920.5
940.0
940.0
943.0
919.0
922.0
914.5
919.0
914.5
944.5
946.0
919.0
940.0
929.5
922.0
941.5
928.0
902.5
979.0
929.5
935.5
958.0
947.5
958.0
934.0
926.5
973.0
932.5
940.0
935.5
949.0
926.5
962.5
953.5
928.0
962.5
902.5
938.5
970.0
937.0
941.5
947.5
937.0
955.0
955.0
875.5
949.0
907.0
982.0
961.0
949.0
935.5
931.0
958.0
949.0
946.0
946.0
925.0
932.5
943.0
952.0
970.0
914.5
943.0
935.5
928.0
932.5
934.0
938.5
916.0
937.0
940.0
898.0
938.5
929.5
935.5
895.0
940.0
967.0
971.5
842.5
947.5
952.0
917.5
931.0
946.0
890.5
917.5
964.0
973.0
938.5
956.5
943.0
928.0
962.5
938.5
961.0
938.5
932.5
955.0
877.0
952.0
937.0
956.5
949.0
964.0
964.0
922.0
958.0
947.5
925.0
943.0
901.0
959.5
947.5
941.5
898.0
947.5
919.0
961.0
958.0
926.5
953.5
973.0
955.0
950.5
934.0
934.0
946.0
952.0
944.5
949.0
904.0
941.5
961.0
935.5
965.5
949.0
941.5
938.5
953.5
959.5
905.5
932.5
953.5
925.0
934.0
931.0
944.5
931.0
973.0
926.5
949.0
932.5
950.5
961.0
934.0
941.5
919.0
944.5
851.5
907.0
926.5
931.0
952.0
920.5
898.0
938.5
932.5
922.0
946.0
901.0
943.0
947.5
919.0
968.5
944.5
952.0
925.0
952.0
914.5
943.0
973.0
935.5
926.5
919.0
922.0
937.0
941.5
923.5
947.5
947.5
964.0
953.5
932.5
905.5
931.0
941.5
928.0
935.5
953.5
850.0
941.5
928.0
944.5
955.0
920.5
935.5
965.5
911.5
958.0
932.5
953.5
968.5
956.5
950.5
932.5
967.0
920.5
959.5
928.0
964.0
934.0
952.0
931.0
938.5
967.0
925.0
917.5
952.0
953.5
893.5
943.0
919.0
929.5
967.0
914.5
937.0
929.5
970.0
934.0
940.0
940.0
952.0
934.0
977.5
929.5
929.5
977.5
965.5
956.5
953.5
959.5
935.5
935.5
950.5
883.0
905.5
953.5
871.0
959.5
935.5
958.0
934.0
913.0
946.0
935.5
973.0
971.5
970.0
955.0
905.5
974.5
925.0
970.0
919.0
961.0
973.0
946.0
911.5
943.0
956.5
944.5
967.0
904.0
949.0
959.5
962.5
946.0
856.0
923.5
958.0
925.0
947.5
946.0
944.5
938.5
952.0
962.5
938.5
959.5
941.5
907.0
944.5
947.5
889.0
902.5
943.0
950.5
956.5
926.5
859.0
949.0
926.5
971.5
941.5
926.5
940.0
938.5
932.5
955.0
922.0
913.0
899.5
950.5
929.5
922.0
941.5
937.0
926.5
923.5
950.5
959.5
934.0
922.0
955.0
971.5
926.5
935.5
959.5
944.5
958.0
955.0
971.5
949.0
896.5
934.0
922.0
923.5
950.5
944.5
938.5
941.5
946.0
943.0
929.5
899.5
962.5
929.5
935.5
943.0
952.0
952.0
931.0
931.0
949.0
943.0
956.5
913.0
923.5
932.5
961.0
956.5
970.0
965.5
968.5
910.0
893.5
917.5
908.5
940.0
959.5
893.5
959.5
959.5
955.0
803.5
958.0
913.0
950.5
950.5
946.0
967.0
959.5
947.5
953.5
943.0
925.0
938.5
965.5
956.5
913.0
917.5
925.0
937.0
920.5
967.0
932.5
953.5
946.0
958.0
959.5
941.5
931.0
925.0
896.5
923.5
920.5
899.5
952.0
962.5
950.5
944.5
928.0
947.5
940.0
931.0
950.5
928.0
898.0
944.5
958.0
869.5
965.5
940.0
956.5
941.5
937.0
967.0
920.5
946.0
890.5
916.0
943.0
944.5
944.5
920.5
908.5
928.0
946.0
925.0
925.0
958.0
895.0
917.5
940.0
965.5
914.5
928.0
925.0
941.5
959.5
901.0
956.5
968.5
917.5
950.5
955.0
968.5
976.0
941.5
922.0
967.0
922.0
976.0
934.0
959.5
929.5
887.5
868.0
923.5
961.0
935.5
919.0
907.0
956.5
932.5
937.0
949.0
