32.5
49.0
43.0
82.0
58.0
7.0
71.5
28.0
19.0
55.0
76.0
2.5
131.5
196.0
67.0
52.0
97.0
19.0
65.5
98.5
73.0
46.0
35.5
52.0
40.0
47.5
49.0
38.5
35.5
22.0
46.0
124.0
38.5
11.5
59.5
34.0
47.5
53.5
70.0
59.5
70.0
49.0
119.5
32.5
38.5
23.5
62.5
41.5
82.0
40.0
104.5
110.5
113.5
92.5
53.5
100.0
43.0
37.0
11.5
10.0
41.5
22.0
52.0
25.0
67.0
49.0
23.5
95.5
10.0
79.0
16.0
70.0
61.0
37.0
38.5
92.5
10.0
86.5
68.5
64.0
16.0
77.5
52.0
112.0
119.5
161.5
32.5
83.5
8.5
38.5
40.0
16.0
25.0
101.5
46.0
131.5
25.0
4.0
17.5
16.0
89.5
118.0
14.5
29.5
23.5
19.0
49.0
31.0
74.5
43.0
19.0
77.5
97.0
43.0
46.0
76.0
32.5
80.5
58.0
70.0
28.0
17.5
31.0
20.5
101.5
89.5
53.5
34.0
92.5
67.0
37.0
31.0
44.5
40.0
61.0
22.0
7.0
173.5
49.0
17.5
40.0
62.5
22.0
32.5
26.5
16.0
68.5
19.0
92.5
37.0
35.5
43.0
55.0
10.0
58.0
32.5
26.5
56.5
22.0
19.0
25.0
46.0
70.0
47.5
47.5
46.0
26.5
58.0
44.5
98.5
50.5
58.0
67.0
70.0
49.0
28.0
98.5
22.0
14.5
56.5
116.5
41.5
76.0
26.5
19.0
58.0
52.0
20.5
10.0
82.0
80.5
40.0
29.5
91.0
53.5
76.0
35.5
55.0
121.0
64.0
50.5
86.5
35.5
43.0
43.0
55.0
56.5
71.5
58.0
68.5
64.0
22.0
7.0
98.5
46.0
68.5
86.5
52.0
70.0
71.5
64.0
40.0
20.5
82.0
92.5
25.0
16.0
56.5
98.5
68.5
11.5
55.0
34.0
31.0
8.5
32.5
71.5
25.0
38.5
29.5
83.5
44.5
35.5
35.5
101.5
20.5
70.0
20.5
11.5
65.5
97.0
62.5
98.5
85.0
152.5
35.5
50.5
67.0
43.0
77.5
67.0
10.0
37.0
14.5
64.0
56.5
29.5
95.5
61.0
23.5
61.0
44.5
127.0
32.5
83.5
53.5
55.0
62.5
52.0
62.5
35.5
56.5
35.5
29.5
31.0
67.0
101.5
29.5
11.5
64.0
40.0
19.0
64.0
76.0
83.5
4.0
98.5
58.0
44.5
47.5
31.0
65.5
68.5
71.5
37.0
22.0
43.0
73.0
53.5
41.5
58.0
17.5
49.0
46.0
50.5
35.5
58.0
91.0
59.5
26.5
28.0
41.5
7.0
11.5
67.0
35.5
137.5
11.5
47.5
26.5
91.0
49.0
55.0
47.5
14.5
11.5
32.5
25.0
61.0
62.5
47.5
34.0
43.0
74.5
61.0
56.5
80.5
46.0
20.5
25.0
44.5
23.5
19.0
49.0
62.5
25.0
46.0
53.5
88.0
40.0
41.5
38.5
68.5
28.0
23.5
34.0
86.5
110.5
8.5
58.0
71.5
59.5
107.5
82.0
79.0
77.5
44.5
55.0
116.5
65.5
49.0
80.5
11.5
118.0
53.5
14.5
28.0
32.5
46.0
146.5
74.5
22.0
59.5
77.5
47.5
8.5
52.0
59.5
67.0
52.0
56.5
56.5
29.5
49.0
28.0
46.0
52.0
79.0
122.5
95.5
28.0
88.0
19.0
116.5
31.0
55.0
76.0
25.0
20.5
23.5
40.0
34.0
56.5
97.0
98.5
53.5
19.0
32.5
106.0
58.0
23.5
31.0
50.5
59.5
31.0
52.0
56.5
67.0
31.0
58.0
7.0
115.0
41.5
17.5
55.0
94.0
56.5
10.0
4.0
55.0
44.5
58.0
37.0
76.0
83.5
52.0
38.5
14.5
68.5
28.0
22.0
31.0
98.5
52.0
41.5
35.5
62.5
56.5
29.5
50.5
50.5
17.5
55.0
52.0
4.0
31.0
38.5
19.0
68.5
61.0
13.0
49.0
95.5
17.5
83.5
32.5
43.0
53.5
11.5
53.5
55.0
41.5
62.5
7.0
50.5
65.5
50.5
14.5
17.5
40.0
19.0
28.0
32.5
11.5
28.0
47.5
52.0
68.5
68.5
32.5
50.5
17.5
16.0
29.5
40.0
43.0
29.5
107.5
38.5
50.5
40.0
52.0
59.5
20.5
47.5
56.5
40.0
35.5
62.5
22.0
124.0
13.0
67.0
77.5
19.0
103.0
64.0
35.5
61.0
37.0
62.5
98.5
62.5
50.5
38.5
41.5
64.0
38.5
55.0
22.0
113.5
107.5
46.0
71.5
53.5
73.0
43.0
20.5
82.0
25.0
43.0
23.5
70.0
83.5
55.0
20.5
23.5
49.0
2.5
37.0
58.0
50.5
61.0
16.0
100.0
29.5
74.5
55.0
10.0
73.0
40.0
32.5
52.0
41.5
49.0
29.5
22.0
58.0
49.0
97.0
28.0
35.5
37.0
70.0
46.0
62.5
76.0
41.5
23.5
14.5
34.0
41.5
38.5
133.0
23.5
34.0
13.0
55.0
37.0
29.5
32.5
86.5
67.0
61.0
40.0
88.0
80.5
28.0
50.5
41.5
77.5
53.5
35.5
22.0
32.5
28.0
19.0
38.5
152.5
34.0
70.0
41.5
34.0
46.0
40.0
38.5
29.5
26.5
68.5
20.5
10.0
55.0
31.0
109.0
20.5
151.0
56.5
61.0
14.5
82.0
97.0
80.5
67.0
14.5
14.5
40.0
16.0
79.0
41.5
10.0
44.5
26.5
34.0
88.0
68.5
58.0
2.5
88.0
95.5
25.0
113.5
23.5
44.5
119.5
44.5
20.5
17.5
71.5
11.5
22.0
68.5
34.0
43.0
89.5
5.5
131.5
5.5
7.0
47.5
49.0
56.5
71.5
32.5
16.0
79.0
41.5
28.0
52.0
32.5
77.5
83.5
25.0
58.0
56.5
46.0
49.0
19.0
20.5
31.0
35.5
74.5
20.5
40.0
91.0
88.0
25.0
46.0
82.0
32.5
32.5
67.0
20.5
44.5
68.5
67.0
46.0
68.5
86.5
13.0
16.0
22.0
44.5
25.0
22.0
127.0
59.5
35.5
43.0
2.5
41.5
82.0
71.5
46.0
29.5
52.0
13.0
107.5
53.5
31.0
23.5
89.5
28.0
7.0
154.0
17.5
80.5
10.0
44.5
40.0
40.0
64.0
28.0
76.0
55.0
28.0
16.0
73.0
85.0
55.0
44.5
44.5
64.0
50.5
88.0
23.5
101.5
86.5
86.5
43.0
70.0
43.0
58.0
68.5
38.5
23.5
67.0
98.5
47.5
58.0
14.5
49.0
32.5
16.0
37.0
53.5
71.5
44.5
61.0
58.0
86.5
47.5
73.0
37.0
52.0
23.5
58.0
80.5
17.5
91.0
35.5
34.0
52.0
68.5
14.5
11.5
25.0
37.0
92.5
74.5
92.5
50.5
25.0
44.5
37.0
68.5
11.5
32.5
44.5
41.5
110.5
5.5
44.5
47.5
77.5
43.0
88.0
53.5
70.0
20.5
25.0
8.5
40.0
109.0
13.0
34.0
31.0
31.0
4.0
68.5
34.0
46.0
31.0
16.0
91.0
25.0
22.0
17.5
29.5
67.0
41.5
38.5
88.0
28.0
53.5
26.5
106.0
44.5
52.0
29.5
101.5
40.0
35.5
20.5
34.0
26.5
28.0
19.0
19.0
28.0
74.5
79.0
29.5
22.0
31.0
103.0
31.0
59.5
65.5
89.5
92.5
52.0
58.0
7.0
67.0
7.0
40.0
97.0
92.5
10.0
68.5
56.5
67.0
130.0
67.0
68.5
20.5
41.5
29.5
38.5
23.5
26.5
68.5
113.5
47.5
20.5
139.0
37.0
16.0
47.5
31.0
7.0
56.5
10.0
34.0
70.0
14.5
52.0
38.5
61.0
82.0
59.5
62.5
35.5
62.5
32.5
92.5
46.0
19.0
34.0
23.5
58.0
70.0
25.0
26.5
56.5
50.5
41.5
79.0
67.0
16.0
28.0
22.0
53.5
23.5
59.5
83.5
49.0
34.0
70.0
89.5
49.0
62.5
56.5
56.5
56.5
34.0
26.5
79.0
23.5
76.0
53.5
64.0
83.5
74.5
38.5
70.0
70.0
35.5
17.5
26.5
40.0
65.5
89.5
20.5
29.5
58.0
53.5
29.5
17.5
79.0
47.5
71.5
41.5
86.5
17.5
46.0
88.0
64.0
7.0
28.0
43.0
34.0
17.5
110.5
79.0
74.5
70.0
22.0
55.0
128.5
46.0
61.0
41.5
89.5
19.0
22.0
20.5
61.0
23.5
8.5
85.0
28.0
17.5
44.5
35.5
52.0
164.5
43.0
38.5
26.5
134.5
19.0
127.0
25.0
35.5
58.0
43.0
32.5
58.0
46.0
20.5
101.5
46.0
40.0
50.5
86.5
37.0
46.0
62.5
17.5
8.5
88.0
10.0
13.0
25.0
17.5
68.5
55.0
50.5
41.5
73.0
7.0
16.0
127.0
86.5
26.5
53.5
28.0
82.0
97.0
68.5
28.0
67.0
106.0
44.5
56.5
38.5
32.5
26.5
7.0
22.0
16.0
67.0
47.5
37.0
49.0
40.0
10.0
38.5
44.5
46.0
20.5
55.0
20.5
23.5
38.5
92.5
37.0
14.5
59.5
85.0
53.5
43.0
109.0
19.0
46.0
20.5
73.0
67.0
67.0
11.5
22.0
107.5
28.0
32.5
26.5
32.5
22.0
44.5
59.5
59.5
101.5
62.5
94.0
62.5
83.5
47.5
125.5
64.0
53.5
95.5
22.0
50.5
52.0
79.0
50.5
29.5
59.5
1.0
47.5
46.0
20.5
32.5
44.5
20.5
34.0
55.0
26.5
14.5
25.0
70.0
82.0
50.5
28.0
62.5
25.0
62.5
25.0
74.5
19.0
85.0
37.0
47.5
35.5
70.0
43.0
34.0
59.5
55.0
76.0
65.5
38.5
95.5
44.5
25.0
38.5
44.5
43.0
17.5
71.5
13.0
53.5
26.5
20.5
58.0
25.0
13.0
7.0
106.0
71.5
23.5
58.0
103.0
55.0
97.0
58.0
25.0
53.5
13.0
124.0
79.0
56.5
79.0
20.5
67.0
28.0
82.0
14.5
50.5
20.5
14.5
67.0
70.0
80.5
32.5
76.0
16.0
16.0
53.5
55.0
40.0
52.0
73.0
50.5
47.5
29.5
64.0
85.0
32.5
56.5
31.0
89.5
65.5
25.0
28.0
20.5
28.0
52.0
22.0
61.0
17.5
59.5
43.0
74.5
14.5
76.0
53.5
65.5
68.5
32.5
62.5
73.0
29.5
68.5
31.0
4.0
19.0
43.0
56.5
16.0
124.0
59.5
56.5
70.0
11.5
56.5
40.0
79.0
133.0
95.5
26.5
68.5
55.0
20.5
35.5
128.5
64.0
31.0
25.0
53.5
19.0
44.5
55.0
43.0
44.5
65.5
47.5
31.0
13.0
23.5
109.0
85.0
49.0
100.0
28.0
26.5
40.0
26.5
53.5
133.0
14.5
35.5
31.0
49.0
29.5
35.5
52.0
88.0
52.0
58.0
4.0
28.0
88.0
67.0
58.0
43.0
77.5
47.5
32.5
26.5
37.0
68.5
34.0
64.0
22.0
65.5
82.0
38.5
64.0
85.0
68.5
47.5
7.0
41.5
31.0
50.5
8.5
106.0
29.5
43.0
46.0
14.5
26.5
25.0
47.5
35.5
46.0
91.0
31.0
61.0
68.5
37.0
41.5
31.0
94.0
61.0
28.0
85.0
94.0
82.0
17.5
43.0
64.0
56.5
88.0
37.0
31.0
89.5
22.0
56.5
62.5
49.0
50.5
59.5
31.0
14.5
28.0
41.5
10.0
58.0
41.5
62.5
97.0
79.0
17.5
16.0
79.0
40.0
106.0
40.0
25.0
14.5
119.5
20.5
25.0
131.5
16.0
32.5
26.5
43.0
40.0
32.5
44.5
52.0
64.0
19.0
64.0
49.0
46.0
41.5
10.0
19.0
32.5
7.0
13.0
38.5
32.5
7.0
65.5
50.5
53.5
61.0
58.0
8.5
92.5
16.0
11.5
106.0
52.0
59.5
115.0
20.5
82.0
50.5
23.5
110.5
35.5
20.5
134.5
67.0
28.0
61.0
26.5
38.5
46.0
44.5
68.5
103.0
53.5
100.0
85.0
25.0
71.5
115.0
52.0
35.5
49.0
58.0
100.0
59.5
79.0
40.0
13.0
46.0
92.5
13.0
47.5
34.0
74.5
32.5
14.5
83.5
62.5
56.5
19.0
44.5
88.0
80.5
16.0
47.5
49.0
44.5
137.5
88.0
34.0
28.0
17.5
68.5
59.5
38.5
46.0
26.5
65.5
55.0
62.5
23.5
122.5
13.0
31.0
56.5
70.0
11.5
52.0
92.5
20.5
137.5
47.5
37.0
76.0
17.5
82.0
29.5
65.5
76.0
25.0
82.0
49.0
14.5
16.0
50.5
53.5
152.5
76.0
92.5
49.0
77.5
23.5
28.0
29.5
20.5
29.5
29.5
44.5
38.5
23.5
14.5
70.0
40.0
16.0
68.5
59.5
38.5
26.5
11.5
44.5
56.5
47.5
101.5
101.5
55.0
4.0
26.5
38.5
40.0
26.5
22.0
73.0
25.0
34.0
38.5
35.5
13.0
20.5
31.0
29.5
49.0
55.0
40.0
46.0
19.0
43.0
37.0
22.0
49.0
68.5
74.5
82.0
52.0
58.0
98.5
23.5
26.5
62.5
71.5
64.0
31.0
32.5
28.0
145.0
71.5
29.5
73.0
46.0
26.5
98.5
71.5
101.5
31.0
7.0
62.5
55.0
46.0
55.0
43.0
14.5
35.5
53.5
37.0
73.0
32.5
29.5
65.5
62.5
70.0
53.5
73.0
19.0
73.0
38.5
28.0
55.0
83.5
40.0
71.5
16.0
26.5
49.0
88.0
49.0
17.5
26.5
31.0
16.0
20.5
25.0
92.5
59.5
37.0
52.0
73.0
85.0
29.5
83.5
25.0
29.5
43.0
92.5
37.0
35.5
46.0
43.0
86.5
23.5
74.5
19.0
31.0
49.0
55.0
97.0
79.0
73.0
35.5
53.5
56.5
68.5
46.0
38.5
16.0
52.0
38.5
89.5
64.0
46.0
13.0
74.5
68.5
38.5
29.5
94.0
91.0
46.0
28.0
13.0
40.0
89.5
73.0
46.0
91.0
35.5
62.5
50.5
35.5
20.5
32.5
50.5
10.0
83.5
28.0
7.0
82.0
17.5
56.5
43.0
68.5
52.0
61.0
23.5
7.0
19.0
31.0
32.5
11.5
58.0
34.0
46.0
28.0
62.5
37.0
83.5
86.5
58.0
17.5
50.5
124.0
28.0
112.0
55.0
101.5
88.0
62.5
47.5
29.5
58.0
31.0
89.5
70.0
40.0
53.5
32.5
70.0
94.0
11.5
128.5
43.0
152.5
44.5
50.5
49.0
59.5
20.5
34.0
31.0
133.0
13.0
107.5
11.5
44.5
68.5
17.5
4.0
83.5
61.0
107.5
53.5
106.0
61.0
14.5
35.5
56.5
37.0
71.5
31.0
17.5
23.5
47.5
50.5
37.0
71.5
67.0
29.5
11.5
32.5
79.0
55.0
46.0
46.0
26.5
22.0
52.0
41.5
49.0
107.5
35.5
17.5
31.0
14.5
77.5
55.0
55.0
46.0
40.0
61.0
7.0
94.0
55.0
76.0
31.0
20.5
31.0
76.0
37.0
79.0
23.5
10.0
47.5
64.0
29.5
7.0
29.5
53.5
38.5
34.0
13.0
14.5
19.0
41.5
16.0
50.5
109.0
82.0
68.5
97.0
95.5
47.5
70.0
58.0
88.0
64.0
70.0
59.5
7.0
4.0
41.5
13.0
17.5
14.5
41.5
73.0
26.5
11.5
28.0
49.0
103.0
59.5
40.0
25.0
43.0
35.5
5.5
35.5
28.0
44.5
16.0
26.5
37.0
28.0
61.0
40.0
37.0
13.0
52.0
89.5
17.5
64.0
7.0
32.5
20.5
43.0
13.0
70.0
47.5
89.5
34.0
74.5
61.0
7.0
65.5
32.5
70.0
56.5
31.0
50.5
68.5
20.5
83.5
53.5
28.0
55.0
37.0
17.5
130.0
32.5
49.0
44.5
26.5
46.0
47.5
65.5
110.5
44.5
62.5
56.5
11.5
50.5
29.5
34.0
52.0
11.5
49.0
85.0
32.5
106.0
71.5
25.0
64.0
13.0
35.5
67.0
106.0
46.0
98.5
53.5
68.5
50.5
32.5
67.0
52.0
107.5
50.5
61.0
5.5
35.5
29.5
104.5
52.0
98.5
5.5
65.5
53.5
28.0
53.5
124.0
17.5
52.0
65.5
49.0
25.0
52.0
22.0
31.0
52.0
10.0
35.5
82.0
83.5
32.5
47.5
37.0
131.5
13.0
23.5
71.5
11.5
71.5
83.5
11.5
59.5
104.5
83.5
80.5
82.0
46.0
76.0
53.5
25.0
58.0
47.5
32.5
8.5
34.0
130.0
32.5
89.5
40.0
50.5
32.5
44.5
71.5
71.5
16.0
73.0
46.0
34.0
17.5
38.5
40.0
98.5
73.0
35.5
46.0
73.0
35.5
7.0
67.0
29.5
38.5
103.0
58.0
44.5
97.0
103.0
29.5
109.0
95.5
76.0
28.0
23.5
43.0
40.0
62.5
47.5
98.5
38.5
20.5
103.0
76.0
46.0
26.5
41.5
32.5
53.5
56.5
62.5
79.0
82.0
61.0
70.0
19.0
62.5
88.0
86.5
53.5
110.5
34.0
55.0
23.5
29.5
56.5
5.5
37.0
58.0
70.0
106.0
40.0
31.0
68.5
118.0
25.0
26.5
35.5
68.5
37.0
128.5
23.5
101.5
34.0
38.5
10.0
7.0
32.5
125.5
64.0
7.0
56.5
61.0
14.5
61.0
82.0
25.0
55.0
44.5
43.0
41.5
47.5
91.0
23.5
82.0
16.0
58.0
50.5
91.0
37.0
103.0
46.0
64.0
89.5
31.0
40.0
31.0
52.0
46.0
65.5
43.0
47.5
50.5
67.0
82.0
46.0
5.5
91.0
53.5
70.0
47.5
46.0
41.5
22.0
53.5
26.5
46.0
22.0
85.0
40.0
70.0
25.0
44.5
86.5
58.0
116.5
25.0
19.0
10.0
55.0
56.5
62.5
20.5
67.0
43.0
40.0
61.0
71.5
23.5
86.5
22.0
46.0
68.5
32.5
32.5
38.5
37.0
71.5
82.0
22.0
83.5
23.5
89.5
8.5
16.0
14.5
53.5
37.0
37.0
19.0
53.5
13.0
28.0
68.5
100.0
7.0
91.0
86.5
47.5
88.0
34.0
20.5
37.0
55.0
61.0
49.0
62.5
35.5
64.0
41.5
25.0
47.5
59.5
95.5
29.5
13.0
32.5
37.0
59.5
16.0
73.0
29.5
145.0
83.5
22.0
13.0
49.0
79.0
44.5
74.5
28.0
25.0
58.0
37.0
29.5
20.5
91.0
73.0
7.0
61.0
64.0
17.5
103.0
56.5
43.0
19.0
25.0
56.5
32.5
34.0
71.5
46.0
37.0
103.0
53.5
41.5
65.5
49.0
44.5
19.0
83.5
115.0
29.5
46.0
49.0
44.5
8.5
58.0
98.5
46.0
61.0
25.0
32.5
100.0
67.0
31.0
23.5
71.5
73.0
13.0
20.5
23.5
44.5
35.5
20.5
26.5
14.5
65.5
13.0
52.0
88.0
34.0
58.0
37.0
86.5
40.0
38.5
58.0
19.0
28.0
59.5
112.0
23.5
85.0
106.0
41.5
34.0
59.5
83.5
52.0
47.5
19.0
65.5
71.5
77.5
7.0
65.5
67.0
32.5
25.0
37.0
62.5
65.5
62.5
32.5
34.0
77.5
46.0
71.5
23.5
68.5
56.5
58.0
106.0
61.0
46.0
38.5
26.5
29.5
109.0
53.5
106.0
52.0
41.5
55.0
74.5
29.5
89.5
25.0
34.0
29.5
14.5
92.5
13.0
22.0
86.5
26.5
109.0
85.0
55.0
41.5
14.5
28.0
62.5
38.5
10.0
26.5
49.0
34.0
47.5
68.5
4.0
29.5
14.5
67.0
8.5
11.5
22.0
41.5
68.5
83.5
89.5
11.5
25.0
34.0
118.0
16.0
61.0
32.5
49.0
34.0
80.5
76.0
37.0
50.5
85.0
19.0
49.0
43.0
77.5
17.5
127.0
28.0
88.0
40.0
50.5
53.5
34.0
8.5
34.0
34.0
8.5
89.5
32.5
44.5
49.0
73.0
113.5
37.0
71.5
35.5
46.0
32.5
34.0
116.5
29.5
29.5
154.0
47.5
11.5
40.0
98.5
37.0
53.5
70.0
10.0
13.0
5.5
37.0
110.5
17.5
7.0
98.5
8.5
101.5
41.5
32.5
50.5
44.5
89.5
44.5
19.0
49.0
8.5
46.0
46.0
61.0
34.0
130.0
40.0
55.0
125.5
32.5
26.5
65.5
64.0
29.5
19.0
52.0
26.5
32.5
104.5
40.0
26.5
55.0
107.5
31.0
58.0
58.0
32.5
94.0
46.0
59.5
50.5
65.5
22.0
31.0
64.0
71.5
97.0
13.0
32.5
22.0
16.0
46.0
23.5
22.0
35.5
55.0
43.0
44.5
20.5
55.0
52.0
58.0
94.0
41.5
59.5
11.5
32.5
73.0
28.0
62.5
35.5
65.5
20.5
109.0
26.5
62.5
22.0
98.5
65.5
92.5
34.0
14.5
83.5
64.0
44.5
52.0
46.0
64.0
74.5
5.5
74.5
40.0
97.0
50.5
34.0
43.0
70.0
29.5
23.5
11.5
29.5
13.0
20.5
46.0
56.5
32.5
26.5
65.5
50.5
175.0
67.0
10.0
25.0
35.5
52.0
220.0
74.5
86.5
37.0
61.0
56.5
50.5
56.5
113.5
5.5
29.5
58.0
32.5
49.0
32.5
47.5
20.5
16.0
19.0
46.0
52.0
22.0
59.5
28.0
13.0
17.5
112.0
40.0
55.0
8.5
71.5
35.5
28.0
49.0
77.5
56.5
20.5
49.0
40.0
49.0
46.0
13.0
56.5
28.0
16.0
17.5
28.0
55.0
89.5
34.0
91.0
11.5
41.5
28.0
17.5
20.5
37.0
25.0
20.5
89.5
44.5
94.0
32.5
47.5
73.0
101.5
23.5
11.5
62.5
50.5
28.0
34.0
46.0
17.5
19.0
56.5
17.5
77.5
14.5
25.0
83.5
40.0
52.0
11.5
19.0
74.5
85.0
22.0
55.0
73.0
20.5
49.0
38.5
28.0
80.5
16.0
121.0
22.0
34.0
55.0
28.0
5.5
38.5
59.5
46.0
25.0
67.0
47.5
43.0
145.0
58.0
139.0
31.0
14.5
50.5
38.5
22.0
46.0
31.0
43.0
35.5
4.0
41.5
41.5
52.0
44.5
44.5
17.5
47.5
26.5
41.5
70.0
20.5
64.0
43.0
56.5
40.0
14.5
86.5
5.5
34.0
16.0
32.5
74.5
79.0
31.0
26.5
50.5
47.5
58.0
53.5
32.5
34.0
25.0
76.0
64.0
32.5
169.0
56.5
65.5
31.0
46.0
17.5
16.0
22.0
41.5
37.0
53.5
44.5
35.5
17.5
64.0
37.0
86.5
50.5
80.5
35.5
23.5
35.5
53.5
94.0
55.0
43.0
25.0
20.5
152.5
17.5
52.0
47.5
49.0
64.0
68.5
74.5
79.0
35.5
43.0
59.5
44.5
49.0
97.0
67.0
31.0
79.0
65.5
70.0
56.5
59.5
43.0
73.0
43.0
31.0
37.0
26.5
92.5
10.0
47.5
124.0
76.0
62.5
52.0
32.5
49.0
47.5
31.0
43.0
43.0
13.0
34.0
56.5
8.5
32.5
50.5
130.0
43.0
38.5
23.5
46.0
22.0
70.0
97.0
68.5
25.0
76.0
77.5
11.5
14.5
56.5
77.5
68.5
52.0
61.0
80.5
28.0
65.5
28.0
40.0
94.0
16.0
76.0
16.0
26.5
44.5
37.0
34.0
32.5
16.0
118.0
76.0
25.0
64.0
71.5
37.0
29.5
34.0
26.5
29.5
19.0
62.5
67.0
79.0
13.0
73.0
40.0
35.5
46.0
89.5
29.5
38.5
65.5
41.5
26.5
25.0
35.5
58.0
19.0
44.5
11.5
26.5
26.5
95.5
89.5
32.5
56.5
49.0
28.0
31.0
49.0
44.5
29.5
52.0
73.0
46.0
67.0
20.5
47.5
127.0
25.0
68.5
64.0
44.5
77.5
65.5
47.5
41.5
34.0
35.5
125.5
53.5
13.0
38.5
64.0
118.0
38.5
70.0
25.0
65.5
26.5
10.0
49.0
32.5
74.5
44.5
35.5
68.5
95.5
121.0
92.5
53.5
77.5
25.0
97.0
32.5
22.0
23.5
14.5
65.5
32.5
25.0
55.0
56.5
13.0
59.5
14.5
20.5
23.5
29.5
50.5
50.5
52.0
103.0
58.0
43.0
41.5
68.5
86.5
47.5
37.0
74.5
28.0
17.5
20.5
28.0
16.0
10.0
65.5
49.0
10.0
65.5
55.0
89.5
56.5
64.0
74.5
31.0
25.0
64.0
74.5
31.0
50.5
86.5
59.5
88.0
79.0
65.5
31.0
109.0
13.0
74.5
49.0
118.0
49.0
38.5
44.5
26.5
14.5
64.0
14.5
44.5
86.5
29.5
62.5
46.0
26.5
23.5
46.0
26.5
59.5
31.0
64.0
34.0
8.5
73.0
73.0
95.5
56.5
40.0
41.5
88.0
19.0
77.5
25.0
133.0
23.5
41.5
37.0
11.5
20.5
14.5
76.0
14.5
40.0
67.0
31.0
53.5
26.5
52.0
82.0
28.0
8.5
53.5
25.0
67.0
11.5
85.0
20.5
31.0
49.0
55.0
61.0
34.0
64.0
19.0
50.5
40.0
41.5
25.0
83.5
16.0
89.5
20.5
14.5
40.0
80.5
31.0
68.5
91.0
44.5
44.5
17.5
55.0
59.5
86.5
32.5
28.0
34.0
23.5
11.5
82.0
74.5
58.0
23.5
52.0
14.5
16.0
10.0
38.5
28.0
2.5
40.0
62.5
56.5
65.5
34.0
23.5
38.5
35.5
41.5
5.5
64.0
92.5
31.0
46.0
107.5
38.5
32.5
1.0
71.5
109.0
22.0
46.0
16.0
10.0
34.0
61.0
28.0
56.5
11.5
34.0
83.5
23.5
34.0
107.5
71.5
52.0
14.5
46.0
37.0
71.5
61.0
29.5
56.5
32.5
58.0
23.5
16.0
68.5
14.5
19.0
65.5
47.5
28.0
85.0
38.5
80.5
37.0
14.5
49.0
128.5
2.5
58.0
35.5
37.0
56.5
68.5
31.0
44.5
59.5
22.0
23.5
28.0
76.0
37.0
19.0
49.0
41.5
94.0
110.5
67.0
53.5
56.5
62.5
53.5
26.5
16.0
14.5
31.0
29.5
37.0
5.5
7.0
34.0
44.5
35.5
58.0
82.0
19.0
35.5
28.0
74.5
52.0
5.5
55.0
68.5
55.0
26.5
5.5
49.0
10.0
41.5
71.5
34.0
68.5
59.5
67.0
32.5
41.5
38.5
29.5
134.5
26.5
47.5
14.5
31.0
61.0
25.0
17.5
113.5
19.0
46.0
41.5
26.5
88.0
47.5
34.0
58.0
29.5
62.5
67.0
68.5
26.5
40.0
10.0
43.0
22.0
31.0
85.0
22.0
28.0
17.5
95.5
103.0
25.0
16.0
13.0
100.0
34.0
64.0
26.5
28.0
13.0
89.5
91.0
47.5
19.0
49.0
38.5
10.0
76.0
25.0
47.5
40.0
88.0
10.0
46.0
73.0
10.0
37.0
70.0
52.0
22.0
58.0
50.5
14.5
26.5
17.5
17.5
58.0
35.5
26.5
5.5
22.0
52.0
50.5
47.5
5.5
25.0
22.0
5.5
34.0
67.0
20.5
19.0
13.0
149.5
98.5
16.0
61.0
83.5
67.0
61.0
29.5
76.0
25.0
58.0
40.0
68.5
85.0
7.0
50.5
64.0
79.0
19.0
43.0
55.0
52.0
115.0
23.5
46.0
52.0
32.5
56.5
8.5
5.5
80.5
109.0
58.0
68.5
34.0
91.0
92.5
62.5
95.5
25.0
55.0
70.0
40.0
52.0
37.0
28.0
35.5
46.0
82.0
53.5
41.5
23.5
14.5
67.0
55.0
46.0
19.0
28.0
19.0
34.0
74.5
52.0
28.0
67.0
44.5
17.5
52.0
38.5
50.5
22.0
20.5
47.5
41.5
13.0
46.0
28.0
41.5
76.0
148.0
11.5
31.0
35.5
85.0
56.5
38.5
37.0
50.5
35.5
49.0
128.5
52.0
80.5
58.0
19.0
13.0
7.0
26.5
2.5
58.0
65.5
59.5
43.0
19.0
64.0
47.5
23.5
37.0
47.5
35.5
29.5
55.0
86.5
28.0
37.0
65.5
44.5
43.0
68.5
62.5
61.0
26.5
46.0
11.5
68.5
79.0
2.5
77.5
64.0
32.5
116.5
73.0
119.5
76.0
16.0
29.5
37.0
13.0
46.0
101.5
41.5
14.5
67.0
56.5
67.0
10.0
31.0
113.5
29.5
112.0
115.0
31.0
104.5
17.5
43.0
65.5
71.5
41.5
20.5
38.5
5.5
59.5
61.0
53.5
29.5
23.5
35.5
29.5
32.5
73.0
50.5
41.5
44.5
52.0
67.0
26.5
77.5
46.0
25.0
43.0
44.5
44.5
55.0
37.0
25.0
67.0
11.5
157.0
29.5
31.0
55.0
64.0
62.5
38.5
28.0
89.5
65.5
77.5
31.0
16.0
79.0
31.0
55.0
58.0
16.0
41.5
23.5
43.0
37.0
31.0
16.0
65.5
34.0
59.5
22.0
49.0
88.0
68.5
35.5
35.5
22.0
46.0
91.0
79.0
37.0
44.5
32.5
8.5
64.0
70.0
10.0
19.0
82.0
26.5
44.5
49.0
32.5
127.0
34.0
106.0
55.0
19.0
16.0
106.0
41.5
31.0
22.0
8.5
49.0
41.5
56.5
17.5
47.5
32.5
25.0
23.5
59.5
10.0
53.5
26.5
47.5
89.5
112.0
58.0
41.5
110.5
43.0
26.5
58.0
20.5
149.5
14.5
41.5
23.5
46.0
107.5
25.0
20.5
20.5
17.5
34.0
136.0
14.5
11.5
14.5
61.0
59.5
29.5
55.0
64.0
28.0
68.5
46.0
43.0
136.0
82.0
17.5
58.0
70.0
38.5
7.0
50.5
44.5
55.0
28.0
29.5
17.5
23.5
62.5
4.0
64.0
35.5
46.0
86.5
20.5
13.0
7.0
94.0
40.0
20.5
25.0
101.5
91.0
35.5
8.5
34.0
70.0
17.5
53.5
91.0
26.5
41.5
28.0
50.5
71.5
49.0
88.0
70.0
49.0
83.5
26.5
25.0
11.5
50.5
34.0
134.5
46.0
23.5
16.0
22.0
41.5
28.0
43.0
58.0
46.0
34.0
41.5
25.0
74.5
34.0
16.0
31.0
95.5
58.0
46.0
56.5
7.0
8.5
44.5
49.0
118.0
61.0
122.5
16.0
125.5
100.0
65.5
23.5
16.0
53.5
26.5
71.5
136.0
11.5
62.5
56.5
173.5
55.0
52.0
98.5
53.5
82.0
58.0
58.0
64.0
61.0
22.0
23.5
29.5
34.0
20.5
19.0
83.5
38.5
44.5
139.0
70.0
70.0
20.5
70.0
25.0
50.5
35.5
13.0
17.5
40.0
28.0
71.5
76.0
71.5
68.5
41.5
56.5
38.5
46.0
70.0
68.5
67.0
44.5
67.0
67.0
52.0
34.0
11.5
61.0
62.5
28.0
14.5
55.0
97.0
11.5
43.0
28.0
17.5
38.5
124.0
80.5
77.5
7.0
34.0
59.5
46.0
14.5
82.0
40.0
62.5
37.0
94.0
47.5
58.0
11.5
68.5
22.0
26.5
70.0
28.0
98.5
53.5
68.5
65.5
35.5
166.0
101.5
53.5
41.5
38.5
34.0
44.5
91.0
65.5
35.5
53.5
74.5
19.0
23.5
88.0
13.0
20.5
64.0
47.5
55.0
31.0
53.5
92.5
53.5
37.0
64.0
29.5
46.0
58.0
61.0
40.0
53.5
46.0
62.5
53.5
25.0
28.0
62.5
38.5
41.5
55.0
103.0
17.5
43.0
76.0
20.5
106.0
40.0
50.5
14.5
43.0
53.5
14.5
74.5
59.5
55.0
70.0
28.0
17.5
71.5
79.0
85.0
85.0
40.0
11.5
35.5
23.5
28.0
116.5
7.0
44.5
11.5
32.5
91.0
41.5
70.0
31.0
20.5
73.0
52.0
34.0
32.5
20.5
55.0
76.0
89.5
74.5
17.5
91.0
55.0
5.5
11.5
47.5
34.0
59.5
49.0
50.5
16.0
35.5
22.0
25.0
13.0
20.5
35.5
8.5
74.5
31.0
35.5
56.5
109.0
83.5
10.0
5.5
28.0
109.0
32.5
40.0
20.5
14.5
11.5
13.0
31.0
49.0
38.5
34.0
46.0
68.5
17.5
44.5
80.5
73.0
38.5
71.5
74.5
19.0
40.0
8.5
4.0
59.5
13.0
62.5
7.0
37.0
53.5
59.5
83.5
23.5
56.5
101.5
7.0
17.5
49.0
32.5
76.0
44.5
127.0
98.5
59.5
25.0
26.5
37.0
85.0
58.0
79.0
47.5
43.0
71.5
74.5
50.5
34.0
40.0
34.0
46.0
59.5
13.0
94.0
32.5
32.5
55.0
22.0
31.0
47.5
41.5
41.5
50.5
64.0
98.5
73.0
71.5
29.5
35.5
107.5
22.0
35.5
19.0
23.5
40.0
13.0
34.0
28.0
79.0
59.5
32.5
32.5
73.0
41.5
46.0
2.5
124.0
25.0
64.0
68.5
34.0
80.5
55.0
16.0
35.5
44.5
14.5
47.5
50.5
23.5
13.0
43.0
52.0
59.5
20.5
67.0
50.5
53.5
26.5
23.5
53.5
88.0
28.0
23.5
35.5
86.5
29.5
68.5
22.0
20.5
58.0
70.0
86.5
110.5
16.0
73.0
25.0
26.5
59.5
44.5
49.0
40.0
22.0
11.5
91.0
17.5
50.5
55.0
43.0
77.5
13.0
29.5
61.0
40.0
16.0
70.0
35.5
28.0
25.0
68.5
14.5
20.5
28.0
98.5
50.5
35.5
85.0
10.0
53.5
58.0
52.0
83.5
26.5
14.5
31.0
71.5
22.0
53.5
65.5
68.5
28.0
11.5
83.5
115.0
19.0
4.0
70.0
56.5
40.0
31.0
50.5
59.5
20.5
55.0
74.5
28.0
7.0
34.0
85.0
41.5
26.5
41.5
34.0
26.5
22.0
7.0
14.5
17.5
89.5
40.0
67.0
50.5
59.5
37.0
37.0
26.5
26.5
8.5
49.0
29.5
25.0
19.0
28.0
41.5
47.5
86.5
86.5
35.5
41.5
74.5
38.5
41.5
16.0
38.5
58.0
40.0
88.0
58.0
43.0
55.0
34.0
31.0
34.0
32.5
16.0
77.5
17.5
41.5
26.5
53.5
40.0
37.0
43.0
131.5
17.5
47.5
58.0
46.0
37.0
40.0
35.5
31.0
34.0
46.0
44.5
14.5
43.0
29.5
37.0
28.0
41.5
80.5
53.5
83.5
49.0
70.0
25.0
19.0
98.5
59.5
22.0
43.0
20.5
59.5
29.5
52.0
34.0
77.5
109.0
40.0
28.0
116.5
26.5
32.5
11.5
151.0
14.5
22.0
44.5
29.5
34.0
55.0
55.0
43.0
50.5
50.5
11.5
47.5
19.0
70.0
52.0
46.0
17.5
19.0
38.5
35.5
43.0
47.5
28.0
55.0
14.5
67.0
25.0
77.5
115.0
56.5
23.5
19.0
29.5
59.5
32.5
32.5
58.0
35.5
52.0
37.0
32.5
23.5
40.0
22.0
44.5
50.5
23.5
40.0
43.0
37.0
76.0
35.5
58.0
26.5
40.0
53.5
85.0
16.0
65.5
65.5
40.0
49.0
49.0
25.0
22.0
31.0
47.5
4.0
43.0
23.5
47.5
17.5
64.0
76.0
47.5
44.5
70.0
109.0
47.5
73.0
31.0
47.5
20.5
34.0
70.0
44.5
29.5
70.0
14.5
50.5
25.0
41.5
71.5
80.5
103.0
41.5
64.0
11.5
37.0
14.5
22.0
46.0
46.0
56.5
79.0
35.5
52.0
55.0
40.0
49.0
41.5
53.5
49.0
5.5
47.5
47.5
67.0
11.5
17.5
52.0
77.5
46.0
25.0
68.5
5.5
34.0
58.0
56.5
16.0
61.0
59.5
29.5
23.5
76.0
94.0
58.0
77.5
95.5
31.0
79.0
22.0
53.5
38.5
32.5
79.0
59.5
34.0
89.5
61.0
31.0
74.5
67.0
109.0
10.0
65.5
38.5
34.0
23.5
35.5
23.5
52.0
121.0
8.5
23.5
7.0
13.0
44.5
82.0
52.0
50.5
61.0
64.0
13.0
53.5
77.5
74.5
68.5
26.5
56.5
32.5
73.0
38.5
52.0
29.5
35.5
41.5
61.0
49.0
20.5
32.5
80.5
29.5
47.5
59.5
20.5
41.5
68.5
106.0
46.0
1.0
73.0
23.5
13.0
64.0
29.5
23.5
89.5
73.0
53.5
52.0
32.5
16.0
109.0
53.5
41.5
49.0
44.5
82.0
67.0
53.5
19.0
101.5
41.5
22.0
44.5
82.0
52.0
19.0
142.0
23.5
59.5
19.0
58.0
41.5
86.5
25.0
103.0
20.5
29.5
28.0
20.5
35.5
28.0
125.5
5.5
17.5
107.5
14.5
35.5
22.0
55.0
98.5
28.0
34.0
52.0
32.5
52.0
65.5
38.5
46.0
43.0
43.0
41.5
70.0
41.5
35.5
55.0
80.5
68.5
86.5
28.0
50.5
22.0
74.5
29.5
56.5
17.5
56.5
92.5
16.0
32.5
13.0
86.5
44.5
14.5
46.0
5.5
19.0
8.5
40.0
59.5
68.5
77.5
115.0
88.0
83.5
61.0
43.0
47.5
49.0
44.5
100.0
67.0
25.0
80.5
73.0
82.0
32.5
34.0
98.5
62.5
58.0
49.0
86.5
65.5
22.0
29.5
37.0
4.0
43.0
70.0
49.0
7.0
29.5
101.5
50.5
37.0
64.0
43.0
74.5
88.0
46.0
35.5
34.0
20.5
74.5
73.0
25.0
47.5
89.5
125.5
20.5
11.5
43.0
38.5
25.0
11.5
100.0
62.5
76.0
50.5
35.5
8.5
61.0
59.5
43.0
28.0
26.5
79.0
22.0
64.0
82.0
58.0
59.5
61.0
70.0
41.5
25.0
62.5
35.5
10.0
68.5
61.0
19.0
25.0
31.0
10.0
28.0
86.5
34.0
32.5
40.0
77.5
37.0
61.0
25.0
35.5
97.0
56.5
50.5
89.5
82.0
37.0
37.0
50.5
43.0
65.5
17.5
40.0
44.5
41.5
82.0
28.0
55.0
25.0
22.0
113.5
17.5
46.0
26.5
133.0
62.5
16.0
16.0
40.0
46.0
46.0
73.0
112.0
38.5
115.0
98.5
91.0
16.0
58.0
59.5
67.0
28.0
50.5
55.0
67.0
59.5
41.5
28.0
58.0
43.0
59.5
61.0
35.5
14.5
8.5
13.0
85.0
73.0
17.5
128.5
74.5
89.5
19.0
64.0
31.0
17.5
26.5
70.0
65.5
22.0
11.5
10.0
20.5
85.0
11.5
41.5
50.5
58.0
92.5
46.0
71.5
43.0
41.5
28.0
43.0
8.5
82.0
34.0
62.5
32.5
41.5
14.5
20.5
46.0
109.0
55.0
37.0
23.5
25.0
52.0
13.0
8.5
25.0
65.5
62.5
16.0
59.5
76.0
47.5
55.0
25.0
14.5
35.5
29.5
29.5
43.0
89.5
37.0
11.5
19.0
26.5
14.5
22.0
41.5
14.5
80.5
38.5
41.5
23.5
35.5
11.5
80.5
67.0
52.0
59.5
44.5
59.5
10.0
56.5
17.5
95.5
17.5
71.5
76.0
8.5
49.0
82.0
13.0
8.5
14.5
136.0
32.5
55.0
47.5
56.5
13.0
50.5
35.5
77.5
41.5
97.0
41.5
94.0
40.0
76.0
13.0
11.5
19.0
70.0
76.0
35.5
53.5
46.0
80.5
56.5
28.0
43.0
89.5
118.0
14.5
103.0
31.0
41.5
40.0
67.0
26.5
61.0
43.0
38.5
83.5
62.5
22.0
17.5
47.5
14.5
7.0
74.5
32.5
56.5
76.0
37.0
43.0
56.5
169.0
46.0
25.0
38.5
7.0
29.5
97.0
131.5
73.0
43.0
32.5
49.0
29.5
14.5
71.5
83.5
40.0
26.5
97.0
49.0
4.0
20.5
116.5
14.5
41.5
83.5
2.5
19.0
5.5
53.5
101.5
67.0
74.5
17.5
109.0
58.0
31.0
17.5
61.0
71.5
8.5
16.0
71.5
38.5
25.0
62.5
56.5
43.0
25.0
5.5
95.5
35.5
98.5
10.0
44.5
50.5
56.5
38.5
14.5
92.5
8.5
121.0
52.0
91.0
38.5
86.5
67.0
26.5
44.5
5.5
22.0
13.0
58.0
112.0
20.5
58.0
50.5
5.5
86.5
22.0
2.5
52.0
23.5
44.5
19.0
23.5
37.0
85.0
40.0
37.0
16.0
46.0
38.5
46.0
4.0
13.0
13.0
20.5
71.5
32.5
31.0
91.0
7.0
50.5
16.0
17.5
65.5
91.0
50.5
37.0
109.0
22.0
77.5
95.5
40.0
38.5
7.0
64.0
35.5
23.5
43.0
55.0
55.0
29.5
14.5
43.0
41.5
44.5
29.5
25.0
70.0
74.5
41.5
20.5
53.5
58.0
80.5
16.0
70.0
34.0
95.5
23.5
47.5
59.5
68.5
16.0
49.0
58.0
34.0
31.0
1.0
56.5
40.0
23.5
100.0
31.0
98.5
77.5
16.0
62.5
77.5
32.5
59.5
19.0
37.0
19.0
104.5
56.5
34.0
29.5
38.5
119.5
91.0
28.0
5.5
59.5
58.0
29.5
20.5
26.5
50.5
82.0
52.0
76.0
40.0
91.0
142.0
55.0
46.0
20.5
86.5
112.0
37.0
11.5
31.0
38.5
79.0
44.5
13.0
61.0
29.5
35.5
61.0
17.5
74.5
37.0
40.0
35.5
52.0
34.0
5.5
64.0
46.0
32.5
11.5
80.5
28.0
25.0
28.0
19.0
47.5
79.0
23.5
70.0
68.5
82.0
101.5
10.0
58.0
67.0
32.5
43.0
11.5
100.0
65.5
26.5
83.5
32.5
55.0
16.0
17.5
17.5
22.0
47.5
43.0
58.0
20.5
26.5
88.0
26.5
31.0
56.5
100.0
88.0
70.0
89.5
11.5
50.5
80.5
32.5
62.5
71.5
23.5
73.0
7.0
38.5
31.0
52.0
35.5
67.0
64.0
103.0
40.0
40.0
28.0
25.0
73.0
44.5
2.5
70.0
