122.5
161.5
326.5
194.5
143.5
259.0
139.0
188.5
52.0
59.5
125.5
310.0
262.0
173.5
272.5
53.5
299.5
221.5
209.5
263.5
344.5
277.0
149.5
82.0
304.0
98.5
52.0
187.0
127.0
142.0
325.0
245.5
79.0
91.0
82.0
236.5
262.0
167.5
395.5
155.5
226.0
212.5
275.5
247.0
103.0
283.0
89.5
164.5
91.0
91.0
65.5
179.5
86.5
323.5
74.5
214.0
190.0
302.5
203.5
76.0
82.0
65.5
593.5
110.5
176.5
80.5
172.0
43.0
143.5
73.0
37.0
131.5
82.0
145.0
313.0
119.5
85.0
127.0
37.0
275.5
223.0
88.0
91.0
481.0
223.0
140.5
197.5
196.0
221.5
265.0
61.0
106.0
70.0
157.0
52.0
352.0
23.5
281.5
352.0
214.0
67.0
170.5
137.5
175.0
143.5
68.5
50.5
101.5
193.0
145.0
196.0
59.5
209.5
313.0
53.5
271.0
125.5
241.0
145.0
101.5
271.0
233.5
20.5
350.5
88.0
101.5
22.0
103.0
236.5
299.5
395.5
148.0
169.0
80.5
143.5
109.0
227.5
62.5
364.0
251.5
136.0
104.5
257.5
73.0
97.0
64.0
290.5
178.0
101.5
284.5
170.5
110.5
127.0
76.0
248.5
115.0
238.0
115.0
604.0
53.5
218.5
364.0
178.0
224.5
245.5
106.0
55.0
64.0
238.0
271.0
280.0
275.5
196.0
76.0
133.0
364.0
214.0
499.0
218.5
329.5
158.5
113.5
163.0
196.0
131.5
343.0
329.5
151.0
199.0
40.0
242.5
98.5
176.5
344.5
220.0
364.0
260.5
496.0
241.0
83.5
275.5
146.5
278.5
125.5
181.0
122.5
428.5
110.5
194.5
67.0
124.0
158.5
152.5
106.0
251.5
166.0
275.5
262.0
362.5
119.5
197.5
44.5
289.0
32.5
200.5
140.5
161.5
98.5
134.5
56.5
212.5
125.5
124.0
436.0
385.0
164.5
367.0
113.5
85.0
67.0
92.5
35.5
56.5
284.5
164.5
272.5
163.0
209.5
77.5
142.0
152.5
148.0
34.0
94.0
368.5
163.0
134.5
146.5
92.5
152.5
188.5
394.0
35.5
164.5
167.5
214.0
376.0
112.0
92.5
197.5
52.0
68.5
241.0
229.0
131.5
169.0
242.5
124.0
100.0
64.0
161.5
70.0
91.0
332.5
115.0
110.5
23.5
200.5
253.0
116.5
100.0
173.5
268.0
125.5
133.0
377.5
130.0
106.0
250.0
202.0
113.5
107.5
46.0
170.5
151.0
151.0
130.0
71.5
166.0
139.0
40.0
101.5
83.5
233.5
85.0
157.0
104.5
242.5
2.5
250.0
187.0
175.0
64.0
113.5
70.0
64.0
77.5
128.5
169.0
151.0
100.0
220.0
160.0
100.0
190.0
340.0
262.0
166.0
20.5
133.0
208.0
17.5
122.5
410.5
254.5
196.0
98.5
71.5
122.5
178.0
100.0
242.5
235.0
161.5
70.0
286.0
67.0
145.0
68.5
43.0
76.0
323.5
59.5
355.0
223.0
502.0
245.5
92.5
179.5
148.0
110.5
187.0
233.5
172.0
157.0
71.5
331.0
188.5
187.0
142.0
67.0
284.5
61.0
160.0
127.0
95.5
55.0
502.0
104.5
293.5
146.5
185.5
79.0
317.5
214.0
196.0
103.0
199.0
109.0
244.0
446.5
392.5
139.0
332.5
197.5
104.5
173.5
172.0
143.5
229.0
245.5
200.5
197.5
85.0
85.0
76.0
130.0
67.0
188.5
205.0
122.5
91.0
355.0
31.0
133.0
184.0
34.0
140.5
133.0
95.5
31.0
26.5
41.5
67.0
85.0
89.5
176.5
437.5
44.5
143.5
221.5
47.5
80.5
167.5
38.5
166.0
259.0
158.5
200.5
97.0
220.0
190.0
173.5
86.5
163.0
149.5
202.0
385.0
119.5
127.0
469.0
110.5
73.0
41.5
170.5
187.0
238.0
89.5
115.0
32.5
266.5
319.0
191.5
371.5
263.5
64.0
562.0
217.0
16.0
94.0
160.0
341.5
211.0
73.0
322.0
88.0
304.0
37.0
176.5
221.5
106.0
53.5
218.5
212.5
308.5
88.0
329.5
311.5
137.5
100.0
110.5
104.5
110.5
449.5
70.0
131.5
229.0
196.0
97.0
178.0
20.5
104.5
73.0
143.5
194.5
164.5
95.5
158.5
200.5
97.0
271.0
71.5
112.0
49.0
167.5
434.5
47.5
127.0
154.0
46.0
313.0
380.5
143.5
85.0
94.0
245.5
152.5
236.5
23.5
323.5
40.0
113.5
136.0
146.5
145.0
80.5
200.5
463.0
91.0
143.5
109.0
380.5
62.5
176.5
161.5
46.0
160.0
434.5
301.0
91.0
59.5
77.5
98.5
40.0
73.0
232.0
152.5
107.5
170.5
62.5
194.5
113.5
71.5
94.0
268.0
94.0
62.5
107.5
14.5
262.0
85.0
115.0
187.0
83.5
368.5
331.0
301.0
274.0
101.5
118.0
164.5
421.0
77.5
239.5
142.0
167.5
280.0
89.5
133.0
275.5
56.5
272.5
95.5
118.0
259.0
215.5
188.5
236.5
104.5
173.5
344.5
167.5
250.0
79.0
131.5
131.5
127.0
16.0
55.0
115.0
152.5
127.0
289.0
94.0
445.0
157.0
412.0
127.0
122.5
334.0
77.5
97.0
152.5
68.5
203.5
352.0
356.5
152.5
217.0
61.0
44.5
172.0
139.0
200.5
52.0
167.5
257.5
175.0
286.0
122.5
212.5
220.0
187.0
197.5
218.5
59.5
208.0
80.5
29.5
142.0
169.0
143.5
218.5
85.0
50.5
322.0
134.5
281.5
415.0
193.0
112.0
17.5
109.0
116.5
148.0
64.0
14.5
341.5
191.5
268.0
110.5
247.0
367.0
394.0
104.5
19.0
179.5
91.0
212.5
364.0
166.0
202.0
80.5
361.0
85.0
71.5
91.0
88.0
199.0
188.5
373.0
22.0
53.5
65.5
226.0
133.0
157.0
113.5
277.0
517.0
382.0
358.0
227.5
236.5
139.0
31.0
245.5
178.0
95.5
124.0
122.5
365.5
59.5
116.5
218.5
121.0
107.5
311.5
146.5
97.0
107.5
151.0
265.0
262.0
88.0
224.5
112.0
335.5
107.5
104.5
179.5
73.0
248.5
121.0
23.5
151.0
169.0
79.0
70.0
137.5
101.5
256.0
260.5
169.0
58.0
262.0
115.0
275.5
10.0
170.5
176.5
233.5
166.0
208.0
31.0
283.0
383.5
134.5
58.0
56.5
98.5
160.0
220.0
136.0
271.0
319.0
109.0
37.0
89.5
103.0
142.0
265.0
268.0
158.5
79.0
49.0
68.5
127.0
160.0
95.5
320.5
193.0
125.5
34.0
266.5
76.0
137.5
124.0
253.0
46.0
113.5
80.5
107.5
271.0
11.5
152.5
325.0
109.0
64.0
95.5
95.5
193.0
158.5
103.0
122.5
250.0
344.5
272.5
74.5
244.0
16.0
35.5
173.5
197.5
119.5
359.5
152.5
85.0
466.0
121.0
311.5
197.5
143.5
88.0
163.0
212.5
277.0
67.0
92.5
26.5
121.0
95.5
157.0
196.0
89.5
353.5
13.0
56.5
41.5
287.5
7.0
47.5
122.5
215.5
242.5
161.5
82.0
128.5
91.0
52.0
295.0
136.0
148.0
229.0
317.5
379.0
59.5
151.0
221.5
146.5
287.5
380.5
194.5
253.0
25.0
142.0
101.5
238.0
169.0
188.5
143.5
91.0
86.5
116.5
169.0
278.5
125.5
47.5
178.0
398.5
13.0
200.5
158.5
55.0
122.5
185.5
94.0
194.5
62.5
64.0
200.5
331.0
259.0
166.0
268.0
167.5
20.5
214.0
133.0
361.0
221.5
40.0
338.5
113.5
229.0
184.0
109.0
46.0
274.0
160.0
137.5
79.0
175.0
76.0
179.5
167.5
74.5
317.5
197.5
146.5
421.0
254.5
365.5
134.5
292.0
160.0
263.5
161.5
235.0
98.5
125.5
85.0
85.0
371.5
421.0
115.0
128.5
193.0
158.5
119.5
160.0
110.5
92.5
26.5
167.5
274.0
109.0
148.0
271.0
161.5
301.0
439.0
59.5
121.0
152.5
32.5
122.5
323.5
136.0
29.5
145.0
58.0
190.0
50.5
251.5
145.0
107.5
193.0
50.5
208.0
211.0
49.0
247.0
58.0
146.5
62.5
205.0
76.0
17.5
149.5
251.5
191.5
436.0
152.5
115.0
134.5
196.0
143.5
112.0
251.5
170.5
289.0
235.0
137.5
38.5
83.5
178.0
290.5
500.5
292.0
101.5
203.5
259.0
179.5
275.5
76.0
146.5
205.0
280.0
56.5
146.5
421.0
116.5
143.5
100.0
44.5
295.0
272.5
127.0
82.0
245.5
140.5
131.5
371.5
346.0
110.5
106.0
103.0
284.5
314.5
199.0
91.0
46.0
125.5
109.0
62.5
4.0
52.0
149.5
118.0
94.0
62.5
202.0
224.5
331.0
62.5
79.0
205.0
35.5
173.5
94.0
104.5
280.0
28.0
449.5
322.0
44.5
83.5
232.0
131.5
58.0
104.5
32.5
323.5
74.5
235.0
80.5
56.5
55.0
344.5
95.5
109.0
29.5
178.0
182.5
73.0
112.0
433.0
241.0
28.0
89.5
374.5
28.0
218.5
4.0
115.0
85.0
101.5
127.0
35.5
247.0
68.5
224.5
301.0
208.0
182.5
152.5
326.5
137.5
155.5
172.0
160.0
104.5
175.0
323.5
139.0
122.5
188.5
100.0
104.5
163.0
142.0
358.0
188.5
227.5
137.5
10.0
139.0
128.5
184.0
190.0
164.5
116.5
230.5
163.0
14.5
106.0
190.0
106.0
179.5
227.5
91.0
88.0
281.5
341.5
232.0
388.0
239.5
218.5
286.0
187.0
214.0
115.0
115.0
79.0
227.5
236.5
35.5
193.0
275.5
94.0
94.0
79.0
130.0
82.0
224.5
263.5
166.0
421.0
241.0
155.5
268.0
34.0
65.5
76.0
50.5
128.5
46.0
359.5
287.5
116.5
296.5
125.5
104.5
415.0
145.0
49.0
242.5
373.0
241.0
139.0
110.5
512.5
214.0
131.5
328.0
53.5
335.5
103.0
373.0
157.0
188.5
251.5
163.0
232.0
164.5
188.5
35.5
223.0
125.5
124.0
94.0
385.0
239.5
67.0
82.0
10.0
364.0
149.5
118.0
427.0
68.5
179.5
104.5
188.5
86.5
65.5
158.5
268.0
142.0
97.0
268.0
283.0
512.5
131.5
239.5
146.5
334.0
95.5
244.0
148.0
121.0
247.0
467.5
20.5
79.0
88.0
142.0
59.5
137.5
82.0
89.5
290.5
286.0
407.5
80.5
229.0
67.0
82.0
116.5
203.5
116.5
97.0
29.5
131.5
139.0
182.5
80.5
101.5
550.0
80.5
89.5
133.0
544.0
158.5
130.0
320.5
428.5
76.0
136.0
137.5
151.0
116.5
56.5
223.0
247.0
92.5
263.5
95.5
80.5
157.0
272.5
136.0
112.0
164.5
299.5
151.0
172.0
146.5
253.0
124.0
385.0
155.5
100.0
152.5
110.5
385.0
47.5
136.0
220.0
40.0
62.5
155.5
38.5
74.5
242.5
149.5
211.0
131.5
71.5
272.5
398.5
32.5
292.0
217.0
295.0
248.5
26.5
100.0
2.5
34.0
154.0
299.5
131.5
17.5
115.0
274.0
74.5
301.0
187.0
71.5
146.5
104.5
44.5
155.5
202.0
65.5
64.0
158.5
173.5
130.0
44.5
164.5
71.5
38.5
128.5
139.0
100.0
325.0
143.5
113.5
152.5
295.0
307.0
89.5
100.0
176.5
226.0
59.5
316.0
50.5
71.5
169.0
134.5
199.0
46.0
107.5
302.5
167.5
229.0
416.5
170.5
164.5
214.0
145.0
179.5
140.5
32.5
370.0
119.5
146.5
268.0
251.5
170.5
164.5
121.0
233.5
188.5
106.0
211.0
344.5
113.5
127.0
85.0
434.5
157.0
253.0
241.0
121.0
388.0
163.0
4.0
61.0
223.0
176.5
211.0
74.5
52.0
205.0
178.0
169.0
83.5
104.5
47.5
80.5
43.0
23.5
164.5
157.0
302.5
170.5
122.5
115.0
116.5
395.5
131.5
182.5
143.5
44.5
157.0
62.5
169.0
133.0
64.0
130.0
230.5
98.5
125.5
254.5
244.0
82.0
257.5
155.5
77.5
37.0
34.0
523.0
260.5
154.0
14.5
43.0
368.5
262.0
76.0
109.0
128.5
251.5
193.0
214.0
157.0
49.0
61.0
217.0
190.0
284.5
134.5
397.0
173.5
298.0
101.5
35.5
59.5
214.0
128.5
205.0
65.5
100.0
44.5
419.5
77.5
47.5
128.5
95.5
88.0
100.0
64.0
115.0
151.0
32.5
61.0
245.5
137.5
70.0
83.5
50.5
85.0
373.0
82.0
97.0
355.0
283.0
67.0
233.5
170.5
95.5
142.0
214.0
112.0
26.5
290.5
236.5
172.0
17.5
404.5
181.0
166.0
130.0
508.0
101.5
95.5
79.0
116.5
182.5
107.5
71.5
244.0
458.5
56.5
65.5
25.0
173.5
113.5
452.5
110.5
299.5
134.5
347.5
329.5
257.5
193.0
13.0
196.0
79.0
223.0
229.0
241.0
247.0
122.5
161.5
98.5
139.0
137.5
80.5
94.0
298.0
254.5
167.5
151.0
107.5
350.5
131.5
65.5
109.0
374.5
110.5
118.0
94.0
185.5
76.0
239.5
50.5
130.0
124.0
247.0
301.0
254.5
119.5
248.5
41.5
131.5
94.0
77.5
263.5
374.5
212.5
154.0
248.5
46.0
343.0
160.0
311.5
76.0
59.5
71.5
86.5
76.0
106.0
241.0
101.5
25.0
206.5
116.5
155.5
307.0
233.5
43.0
235.0
148.0
260.5
238.0
245.5
103.0
133.0
106.0
151.0
235.0
431.5
64.0
224.5
361.0
172.0
50.5
398.5
125.5
175.0
229.0
161.5
259.0
26.5
247.0
95.5
485.5
262.0
32.5
97.0
200.5
355.0
185.5
106.0
124.0
209.5
244.0
115.0
134.5
130.0
82.0
284.5
544.0
28.0
179.5
88.0
101.5
302.5
128.5
220.0
125.5
382.0
58.0
340.0
125.5
88.0
116.5
221.5
95.5
344.5
82.0
527.5
329.5
266.5
80.5
152.5
10.0
290.5
508.0
74.5
322.0
158.5
464.5
95.5
278.5
113.5
52.0
350.5
19.0
91.0
293.5
256.0
169.0
158.5
53.5
112.0
40.0
142.0
211.0
295.0
379.0
250.0
100.0
242.5
139.0
263.5
194.5
164.5
313.0
104.5
205.0
341.5
11.5
70.0
43.0
109.0
37.0
184.0
43.0
230.5
266.5
184.0
61.0
194.5
107.5
220.0
103.0
188.5
160.0
91.0
163.0
328.0
242.5
40.0
218.5
310.0
62.5
220.0
350.5
388.0
149.5
139.0
236.5
130.0
133.0
374.5
146.5
112.0
179.5
125.5
73.0
104.5
341.5
208.0
113.5
52.0
419.5
322.0
178.0
113.5
136.0
193.0
223.0
71.5
46.0
188.5
266.5
278.5
437.5
334.0
109.0
83.5
109.0
214.0
104.5
283.0
245.5
37.0
128.5
67.0
50.5
82.0
203.5
160.0
163.0
139.0
34.0
119.5
197.5
101.5
332.5
247.0
74.5
440.5
287.5
281.5
28.0
145.0
136.0
50.5
130.0
31.0
97.0
166.0
104.5
53.5
202.0
16.0
245.5
149.5
155.5
53.5
214.0
197.5
101.5
199.0
104.5
118.0
98.5
203.5
152.5
265.0
83.5
359.5
157.0
158.5
74.5
65.5
62.5
110.5
164.5
137.5
145.0
158.5
115.0
305.5
158.5
317.5
212.5
161.5
392.5
206.5
239.5
47.5
221.5
169.0
28.0
91.0
406.0
14.5
143.5
284.5
202.0
103.0
100.0
157.0
307.0
155.5
179.5
59.5
122.5
28.0
230.5
100.0
257.5
83.5
61.0
208.0
212.5
233.5
46.0
142.0
184.0
89.5
67.0
62.5
308.5
265.0
149.5
61.0
199.0
193.0
89.5
269.5
95.5
101.5
131.5
133.0
232.0
188.5
140.5
220.0
235.0
419.5
121.0
253.0
191.5
358.0
170.5
184.0
379.0
208.0
86.5
151.0
284.5
406.0
281.5
296.5
173.5
121.0
113.5
118.0
56.5
68.5
55.0
113.5
53.5
40.0
113.5
109.0
161.5
329.5
161.5
274.0
287.5
139.0
100.0
71.5
34.0
85.0
94.0
214.0
124.0
88.0
364.0
100.0
65.5
221.5
104.5
61.0
265.0
143.5
145.0
64.0
293.5
31.0
359.5
73.0
169.0
49.0
61.0
131.5
208.0
103.0
191.5
13.0
8.5
290.5
317.5
238.0
107.5
67.0
92.5
334.0
139.0
116.5
56.5
122.5
167.5
112.0
22.0
121.0
163.0
205.0
196.0
350.5
67.0
125.5
145.0
61.0
172.0
118.0
292.0
292.0
130.0
205.0
155.5
112.0
307.0
67.0
179.5
89.5
139.0
125.5
55.0
196.0
44.5
20.5
197.5
403.0
212.5
137.5
166.0
67.0
41.5
125.5
91.0
170.5
439.0
128.5
29.5
185.5
454.0
76.0
124.0
82.0
224.5
79.0
173.5
191.5
88.0
190.0
55.0
281.5
131.5
292.0
71.5
77.5
76.0
188.5
485.5
43.0
26.5
220.0
220.0
65.5
52.0
164.5
205.0
133.0
274.0
130.0
152.5
278.5
218.5
115.0
155.5
304.0
272.5
113.5
77.5
269.5
92.5
169.0
338.5
38.5
52.0
262.0
133.0
323.5
121.0
70.0
76.0
88.0
311.5
178.0
122.5
275.5
233.5
236.5
160.0
32.5
148.0
164.5
532.0
10.0
85.0
34.0
22.0
253.0
208.0
100.0
284.5
59.5
244.0
199.0
143.5
88.0
49.0
200.5
148.0
110.5
169.0
196.0
257.5
283.0
73.0
293.5
235.0
281.5
115.0
245.5
121.0
239.5
145.0
44.5
178.0
110.5
46.0
142.0
97.0
208.0
362.5
95.5
317.5
355.0
136.0
175.0
77.5
329.5
62.5
182.5
119.5
46.0
17.5
404.5
218.5
253.0
178.0
70.0
139.0
85.0
203.5
272.5
77.5
404.5
241.0
293.5
94.0
209.5
310.0
104.5
134.5
353.5
148.0
229.0
44.5
77.5
154.0
200.5
134.5
140.5
85.0
97.0
221.5
128.5
49.0
121.0
23.5
160.0
53.5
97.0
364.0
70.0
472.0
83.5
325.0
341.5
149.5
31.0
329.5
86.5
80.5
161.5
319.0
139.0
29.5
170.5
73.0
212.5
172.0
109.0
31.0
194.5
143.5
68.5
223.0
133.0
244.0
74.5
169.0
235.0
125.5
211.0
58.0
113.5
130.0
32.5
176.5
112.0
121.0
37.0
224.5
41.5
353.5
470.5
304.0
287.5
125.5
55.0
41.5
308.5
418.0
206.5
269.5
176.5
158.5
95.5
448.0
208.0
71.5
269.5
245.5
236.5
121.0
188.5
451.0
458.5
98.5
64.0
368.5
257.5
112.0
260.5
133.0
218.5
80.5
46.0
47.5
148.0
383.5
302.5
73.0
169.0
215.5
155.5
40.0
100.0
92.5
86.5
79.0
107.5
32.5
118.0
19.0
77.5
142.0
163.0
223.0
145.0
127.0
157.0
67.0
340.0
232.0
191.5
82.0
250.0
262.0
139.0
304.0
215.5
152.5
151.0
82.0
146.5
70.0
184.0
235.0
377.5
35.5
98.5
53.5
98.5
220.0
197.5
154.0
85.0
95.5
97.0
79.0
170.5
203.5
353.5
119.5
83.5
97.0
166.0
445.0
253.0
100.0
115.0
269.5
181.0
85.0
13.0
41.5
113.5
419.5
422.5
23.5
175.0
185.5
109.0
215.5
302.5
37.0
233.5
134.5
125.5
122.5
160.0
134.5
35.5
122.5
257.5
221.5
73.0
97.0
335.5
34.0
37.0
160.0
520.0
46.0
235.0
178.0
143.5
479.5
55.0
298.0
73.0
221.5
4.0
176.5
220.0
112.0
70.0
383.5
13.0
113.5
88.0
334.0
113.5
37.0
283.0
238.0
164.5
161.5
142.0
64.0
262.0
155.5
101.5
43.0
134.5
190.0
82.0
214.0
124.0
292.0
260.5
110.5
181.0
28.0
214.0
92.5
370.0
100.0
112.0
113.5
59.5
352.0
271.0
56.5
205.0
307.0
25.0
148.0
179.5
176.5
230.5
55.0
107.5
269.5
74.5
335.5
238.0
263.5
212.5
58.0
430.0
287.5
221.5
100.0
218.5
181.0
50.5
130.0
46.0
224.5
47.5
260.5
47.5
178.0
77.5
35.5
302.5
92.5
274.0
262.0
133.0
244.0
161.5
352.0
284.5
100.0
91.0
328.0
352.0
77.5
287.5
65.5
278.5
184.0
169.0
70.0
193.0
206.5
70.0
338.5
467.5
136.0
89.5
119.5
230.5
140.5
152.5
385.0
97.0
103.0
118.0
304.0
16.0
232.0
101.5
175.0
28.0
379.0
280.0
394.0
37.0
188.5
58.0
350.5
61.0
530.5
116.5
289.0
14.5
235.0
160.0
134.5
196.0
134.5
157.0
256.0
104.5
125.5
59.5
164.5
310.0
98.5
88.0
205.0
161.5
80.5
179.5
110.5
184.0
185.5
349.0
205.0
127.0
128.5
136.0
179.5
232.0
166.0
127.0
302.5
245.5
415.0
74.5
104.5
305.5
68.5
155.5
59.5
329.5
155.5
157.0
239.5
221.5
62.5
239.5
209.5
65.5
37.0
277.0
130.0
109.0
122.5
158.5
116.5
310.0
215.5
164.5
116.5
124.0
184.0
121.0
86.5
85.0
290.5
128.5
89.5
56.5
266.5
199.0
101.5
490.0
65.5
217.0
238.0
298.0
17.5
97.0
203.5
340.0
53.5
185.5
43.0
61.0
137.5
190.0
164.5
194.5
362.5
169.0
302.5
367.0
118.0
142.0
244.0
439.0
130.0
283.0
188.5
265.0
160.0
116.5
218.5
37.0
175.0
97.0
245.5
67.0
56.5
563.5
23.5
85.0
74.5
398.5
61.0
116.5
317.5
157.0
86.5
103.0
263.5
94.0
100.0
326.5
118.0
158.5
289.0
245.5
137.5
361.0
83.5
236.5
164.5
200.5
83.5
160.0
97.0
172.0
131.5
181.0
266.5
167.5
341.5
155.5
140.5
80.5
61.0
148.0
274.0
74.5
92.5
25.0
134.5
41.5
557.5
191.5
140.5
172.0
176.5
172.0
86.5
245.5
34.0
223.0
79.0
58.0
5.5
91.0
116.5
97.0
56.5
211.0
13.0
191.5
83.5
257.5
359.5
305.5
139.0
59.5
179.5
29.5
146.5
260.5
146.5
454.0
218.5
113.5
67.0
131.5
127.0
133.0
49.0
310.0
53.5
179.5
331.0
526.0
29.5
193.0
119.5
112.0
125.5
137.5
104.5
68.5
101.5
146.5
73.0
403.0
95.5
104.5
320.5
257.5
163.0
215.5
46.0
142.0
547.0
241.0
178.0
61.0
89.5
13.0
136.0
463.0
50.5
32.5
143.5
101.5
260.5
134.5
419.5
103.0
38.5
116.5
298.0
235.0
122.5
65.5
353.5
76.0
43.0
74.5
104.5
407.5
13.0
226.0
40.0
148.0
355.0
178.0
158.5
214.0
79.0
116.5
199.0
197.5
164.5
143.5
38.5
245.5
185.5
152.5
160.0
115.0
166.0
62.5
185.5
227.5
250.0
295.0
101.5
95.5
478.0
109.0
134.5
182.5
145.0
89.5
146.5
74.5
19.0
31.0
134.5
97.0
119.5
118.0
323.5
263.5
454.0
131.5
49.0
65.5
560.5
251.5
77.5
536.5
380.5
190.0
145.0
104.5
116.5
110.5
244.0
65.5
202.0
103.0
266.5
122.5
142.0
238.0
140.5
92.5
211.0
56.5
257.5
295.0
227.5
52.0
401.5
115.0
137.5
323.5
61.0
58.0
86.5
173.5
299.5
34.0
161.5
257.5
62.5
104.5
244.0
97.0
169.0
250.0
113.5
172.0
188.5
86.5
196.0
164.5
179.5
154.0
58.0
64.0
391.0
109.0
92.5
160.0
59.5
110.5
70.0
71.5
109.0
125.5
223.0
130.0
188.5
50.5
68.5
73.0
272.5
481.0
419.5
91.0
271.0
65.5
160.0
113.5
244.0
142.0
182.5
97.0
167.5
184.0
65.5
286.0
28.0
250.0
358.0
166.0
97.0
23.5
136.0
158.5
343.0
182.5
175.0
211.0
229.0
137.5
266.5
346.0
169.0
58.0
106.0
121.0
61.0
125.5
43.0
179.5
157.0
241.0
121.0
146.5
190.0
218.5
157.0
328.0
61.0
244.0
209.5
103.0
166.0
254.5
388.0
164.5
131.5
163.0
91.0
146.5
178.0
70.0
52.0
100.0
185.5
113.5
257.5
64.0
56.5
62.5
151.0
145.0
161.5
208.0
130.0
263.5
107.5
139.0
94.0
61.0
137.5
430.0
89.5
235.0
253.0
125.5
178.0
97.0
296.5
538.0
187.0
17.5
280.0
128.5
49.0
139.0
47.5
269.5
191.5
133.0
169.0
209.5
109.0
116.5
220.0
283.0
50.5
124.0
49.0
125.5
166.0
175.0
229.0
79.0
136.0
290.5
68.5
178.0
181.0
151.0
152.5
166.0
275.5
88.0
406.0
80.5
208.0
184.0
89.5
46.0
98.5
71.5
236.5
97.0
107.5
164.5
79.0
395.5
404.5
94.0
136.0
241.0
104.5
181.0
226.0
73.0
85.0
115.0
286.0
230.5
224.5
187.0
368.5
205.0
89.5
118.0
113.5
229.0
130.0
146.5
31.0
163.0
80.5
263.5
158.5
212.5
79.0
406.0
251.5
89.5
50.5
103.0
49.0
122.5
326.5
64.0
112.0
179.5
124.0
79.0
266.5
154.0
173.5
109.0
143.5
88.0
89.5
50.5
103.0
181.0
178.0
259.0
182.5
65.5
205.0
70.0
92.5
83.5
238.0
82.0
58.0
113.5
196.0
71.5
142.0
52.0
130.0
103.0
287.5
56.5
37.0
148.0
53.5
262.0
115.0
115.0
158.5
307.0
121.0
182.5
224.5
124.0
184.0
109.0
68.5
154.0
259.0
199.0
167.5
104.5
292.0
170.5
149.5
212.5
278.5
197.5
122.5
115.0
134.5
76.0
314.5
247.0
134.5
62.5
77.5
98.5
203.5
89.5
68.5
193.0
88.0
140.5
64.0
253.0
22.0
28.0
65.5
170.5
40.0
124.0
226.0
29.5
37.0
214.0
101.5
184.0
115.0
164.5
46.0
91.0
101.5
175.0
109.0
256.0
446.5
211.0
221.5
98.5
70.0
296.5
191.5
116.5
89.5
110.5
142.0
323.5
437.5
358.0
215.5
290.5
103.0
253.0
41.5
349.0
256.0
256.0
146.5
217.0
329.5
164.5
79.0
340.0
134.5
175.0
113.5
79.0
268.0
55.0
169.0
229.0
178.0
64.0
74.5
100.0
130.0
182.5
223.0
133.0
365.5
28.0
107.5
406.0
101.5
46.0
46.0
158.5
77.5
206.5
37.0
173.5
223.0
137.5
85.0
163.0
14.5
272.5
94.0
55.0
65.5
11.5
245.5
83.5
65.5
236.5
259.0
101.5
118.0
242.5
130.0
236.5
109.0
110.5
260.5
74.5
151.0
380.5
137.5
361.0
73.0
68.5
91.0
89.5
5.5
43.0
278.5
242.5
227.5
175.0
113.5
382.0
368.5
289.0
137.5
98.5
146.5
185.5
107.5
70.0
214.0
109.0
178.0
208.0
233.5
88.0
646.0
137.5
208.0
161.5
17.5
301.0
263.5
88.0
85.0
61.0
43.0
148.0
314.5
169.0
530.5
124.0
92.5
286.0
70.0
251.5
106.0
127.0
224.5
55.0
109.0
235.0
187.0
47.5
232.0
212.5
203.5
101.5
397.0
43.0
205.0
59.5
163.0
172.0
181.0
292.0
365.5
79.0
227.5
425.5
49.0
113.5
160.0
58.0
274.0
164.5
121.0
232.0
257.5
383.5
65.5
286.0
124.0
86.5
341.5
46.0
235.0
466.0
184.0
124.0
127.0
200.5
265.0
230.5
293.5
155.5
349.0
113.5
203.5
220.0
269.5
251.5
26.5
259.0
79.0
115.0
230.5
244.0
97.0
151.0
241.0
215.5
151.0
223.0
151.0
215.5
293.5
32.5
184.0
241.0
76.0
115.0
82.0
29.5
260.5
247.0
152.5
139.0
22.0
67.0
230.5
94.0
200.5
19.0
65.5
94.0
83.5
146.5
320.5
64.0
104.5
62.5
16.0
65.5
185.5
124.0
320.5
82.0
160.0
215.5
110.5
143.5
196.0
137.5
88.0
160.0
388.0
167.5
218.5
112.0
19.0
136.0
187.0
247.0
137.5
100.0
95.5
113.5
98.5
158.5
179.5
187.0
166.0
334.0
74.5
140.5
170.5
218.5
170.5
347.5
359.5
127.0
358.0
200.5
266.5
196.0
125.5
242.5
140.5
23.5
424.0
134.5
124.0
176.5
41.5
127.0
268.0
71.5
143.5
170.5
190.0
130.0
248.5
382.0
41.5
125.5
127.0
101.5
202.0
121.0
191.5
73.0
152.5
203.5
242.5
103.0
170.5
17.5
211.0
130.0
56.5
205.0
74.5
197.5
14.5
98.5
47.5
152.5
338.5
52.0
154.0
157.0
265.0
43.0
238.0
410.5
64.0
317.5
181.0
125.5
202.0
122.5
121.0
29.5
322.0
73.0
191.5
19.0
56.5
181.0
136.0
101.5
154.0
80.5
442.0
433.0
340.0
155.5
46.0
253.0
343.0
179.5
212.5
95.5
158.5
241.0
125.5
343.0
446.5
494.5
335.5
146.5
37.0
142.0
133.0
80.5
47.5
85.0
254.5
175.0
13.0
131.5
107.5
116.5
128.5
238.0
185.5
485.5
122.5
83.5
56.5
265.0
122.5
89.5
89.5
58.0
61.0
181.0
284.5
223.0
119.5
188.5
167.5
134.5
260.5
214.0
283.0
181.0
239.5
85.0
212.5
266.5
212.5
160.0
187.0
263.5
182.5
82.0
83.5
260.5
145.0
86.5
286.0
68.5
169.0
278.5
232.0
253.0
56.5
130.0
119.5
52.0
170.5
335.5
50.5
338.5
214.0
223.0
323.5
100.0
259.0
98.5
73.0
89.5
106.0
175.0
292.0
29.5
119.5
182.5
448.0
154.0
190.0
221.5
46.0
200.5
38.5
101.5
194.5
106.0
271.0
14.5
170.5
109.0
67.0
202.0
101.5
52.0
190.0
65.5
332.5
466.0
196.0
148.0
200.5
184.0
263.5
29.5
95.5
112.0
517.0
97.0
122.5
226.0
122.5
115.0
157.0
44.5
157.0
85.0
217.0
113.5
257.5
244.0
50.5
214.0
292.0
50.5
134.5
14.5
217.0
242.5
91.0
209.5
14.5
122.5
104.5
89.5
160.0
157.0
8.5
196.0
20.5
103.0
215.5
104.5
455.5
94.0
193.0
518.5
97.0
26.5
103.0
383.5
32.5
110.5
101.5
136.0
259.0
206.5
85.0
344.5
547.0
329.5
143.5
145.0
116.5
103.0
146.5
85.0
317.5
155.5
61.0
113.5
203.5
287.5
112.0
400.0
143.5
149.5
76.0
89.5
154.0
232.0
220.0
212.5
73.0
124.0
58.0
125.5
121.0
209.5
112.0
44.5
389.5
223.0
191.5
352.0
236.5
376.0
109.0
221.5
71.5
91.0
100.0
512.5
49.0
73.0
152.5
151.0
124.0
121.0
113.5
310.0
142.0
77.5
194.5
281.5
67.0
206.5
115.0
44.5
194.5
97.0
110.5
245.5
302.5
338.5
538.0
170.5
68.5
377.5
136.0
68.5
209.5
88.0
65.5
133.0
247.0
101.5
100.0
398.5
145.0
211.0
121.0
155.5
127.0
262.0
109.0
127.0
254.5
356.5
667.0
200.5
187.0
206.5
49.0
235.0
209.5
245.5
112.0
122.5
26.5
163.0
175.0
23.5
320.5
101.5
137.5
376.0
320.5
169.0
161.5
202.0
317.5
298.0
133.0
304.0
272.5
131.5
227.5
77.5
167.5
88.0
274.0
97.0
151.0
97.0
74.5
74.5
65.5
272.5
32.5
277.0
263.5
56.5
179.5
286.0
416.5
238.0
89.5
212.5
233.5
121.0
76.0
92.5
253.0
73.0
263.5
164.5
173.5
106.0
334.0
254.5
71.5
187.0
166.0
169.0
100.0
149.5
280.0
311.5
181.0
302.5
379.0
244.0
250.0
121.0
187.0
149.5
271.0
79.0
200.5
85.0
104.5
187.0
131.5
346.0
140.5
95.5
151.0
277.0
131.5
85.0
124.0
40.0
71.5
170.5
16.0
98.5
139.0
47.5
199.0
272.5
298.0
92.5
148.0
130.0
61.0
199.0
332.5
65.5
86.5
119.5
71.5
74.5
158.5
185.5
223.0
179.5
142.0
380.5
113.5
106.0
20.5
287.5
86.5
44.5
181.0
427.0
106.0
107.5
119.5
229.0
50.5
62.5
112.0
232.0
197.5
137.5
49.0
424.0
319.0
44.5
137.5
211.0
25.0
130.0
124.0
149.5
212.5
100.0
73.0
224.5
194.5
173.5
374.5
128.5
361.0
316.0
122.5
188.5
151.0
221.5
83.5
233.5
104.5
217.0
212.5
110.5
382.0
262.0
91.0
103.0
178.0
178.0
262.0
130.0
130.0
91.0
91.0
253.0
178.0
341.5
107.5
181.0
187.0
166.0
23.5
218.5
275.5
89.5
109.0
172.0
229.0
146.5
293.5
190.0
92.5
86.5
155.5
128.5
232.0
146.5
299.5
193.0
163.0
217.0
116.5
271.0
184.0
101.5
152.5
68.5
52.0
74.5
206.5
64.0
364.0
77.5
142.0
392.5
131.5
77.5
361.0
103.0
74.5
191.5
34.0
109.0
397.0
125.5
236.5
97.0
68.5
311.5
62.5
131.5
116.5
68.5
193.0
322.0
175.0
304.0
179.5
295.0
173.5
443.5
61.0
305.5
88.0
200.5
218.5
79.0
92.5
281.5
19.0
253.0
101.5
79.0
161.5
386.5
119.5
173.5
134.5
163.0
70.0
163.0
379.0
121.0
355.0
158.5
194.5
136.0
286.0
112.0
20.5
119.5
164.5
82.0
259.0
197.5
289.0
94.0
46.0
422.5
194.5
28.0
71.5
94.0
98.5
305.5
320.5
62.5
116.5
299.5
119.5
94.0
257.5
227.5
139.0
262.0
136.0
169.0
215.5
355.0
311.5
71.5
67.0
56.5
149.5
125.5
133.0
161.5
374.5
73.0
73.0
50.5
44.5
148.0
163.0
106.0
151.0
134.5
332.5
217.0
236.5
296.5
89.5
128.5
140.5
271.0
173.5
77.5
29.5
109.0
241.0
94.0
193.0
196.0
214.0
61.0
115.0
262.0
62.5
37.0
230.5
257.5
43.0
130.0
95.5
292.0
106.0
94.0
115.0
290.5
181.0
125.5
28.0
286.0
70.0
146.5
190.0
212.5
271.0
394.0
341.5
184.0
85.0
136.0
119.5
100.0
95.5
145.0
160.0
35.5
19.0
77.5
61.0
101.5
166.0
199.0
203.5
193.0
104.5
97.0
106.0
191.5
304.0
82.0
70.0
106.0
100.0
212.5
211.0
101.5
271.0
212.5
88.0
5.5
347.5
106.0
47.5
47.5
194.5
151.0
254.5
425.5
173.5
494.5
332.5
56.5
188.5
67.0
304.0
230.5
190.0
176.5
175.0
340.0
62.5
157.0
127.0
212.5
283.0
314.5
134.5
200.5
269.5
203.5
124.0
202.0
149.5
160.0
107.5
298.0
163.0
77.5
293.5
11.5
98.5
167.5
274.0
212.5
227.5
157.0
362.5
164.5
419.5
92.5
313.0
181.0
247.0
53.5
89.5
178.0
265.0
145.0
241.0
479.5
307.0
146.5
73.0
188.5
61.0
181.0
439.0
121.0
206.5
101.5
50.5
91.0
209.5
220.0
124.0
311.5
190.0
349.0
205.0
58.0
82.0
80.5
95.5
146.5
169.0
91.0
128.5
77.5
122.5
19.0
137.5
61.0
47.5
320.5
85.0
286.0
142.0
172.0
184.0
331.0
223.0
236.5
518.5
104.5
43.0
241.0
80.5
223.0
67.0
61.0
31.0
127.0
67.0
148.0
178.0
67.0
278.5
154.0
71.5
118.0
82.0
95.5
385.0
304.0
275.5
224.5
217.0
170.5
92.5
167.5
349.0
359.5
37.0
203.5
95.5
167.5
311.5
290.5
112.0
8.5
133.0
50.5
277.0
107.5
104.5
181.0
49.0
197.5
166.0
59.5
55.0
227.5
157.0
142.0
154.0
142.0
163.0
116.5
62.5
214.0
269.5
203.5
137.5
161.5
140.5
110.5
139.0
373.0
284.5
86.5
139.0
239.5
38.5
133.0
53.5
85.0
268.0
137.5
127.0
259.0
62.5
292.0
124.0
22.0
167.5
61.0
197.5
50.5
172.0
404.5
259.0
377.5
248.5
238.0
217.0
92.5
121.0
166.0
152.5
161.5
136.0
250.0
187.0
265.0
133.0
290.5
149.5
215.5
106.0
148.0
23.5
203.5
77.5
251.5
115.0
179.5
368.5
211.0
251.5
170.5
103.0
94.0
175.0
296.5
107.5
298.0
71.5
419.5
214.0
188.5
112.0
130.0
241.0
157.0
194.5
85.0
43.0
16.0
218.5
212.5
151.0
116.5
107.5
106.0
244.0
146.5
253.0
130.0
361.0
146.5
349.0
334.0
140.5
89.5
292.0
265.0
61.0
106.0
79.0
122.5
236.5
79.0
163.0
202.0
77.5
73.0
128.5
35.5
260.5
109.0
272.5
49.0
103.0
104.5
95.5
161.5
214.0
158.5
86.5
113.5
187.0
133.0
224.5
55.0
40.0
115.0
115.0
83.5
130.0
191.5
77.5
130.0
214.0
244.0
263.5
28.0
337.0
389.5
22.0
149.5
140.5
290.5
133.0
206.5
190.0
199.0
164.5
224.5
223.0
400.0
145.0
137.5
116.5
227.5
235.0
340.0
47.5
307.0
71.5
416.5
253.0
257.5
145.0
188.5
286.0
271.0
98.5
77.5
13.0
317.5
199.0
347.5
196.0
181.0
110.5
85.0
145.0
97.0
118.0
95.5
496.0
155.5
74.5
97.0
40.0
35.5
92.5
43.0
100.0
191.5
89.5
254.5
68.5
158.5
283.0
139.0
365.5
220.0
307.0
46.0
269.5
59.5
268.0
149.5
56.5
451.0
164.5
262.0
233.5
100.0
83.5
416.5
59.5
104.5
401.5
40.0
172.0
10.0
169.0
190.0
317.5
103.0
106.0
92.5
121.0
242.5
104.5
251.5
271.0
82.0
158.5
38.5
259.0
317.5
274.0
325.0
151.0
118.0
61.0
104.5
257.5
167.5
188.5
194.5
272.5
52.0
218.5
352.0
166.0
283.0
241.0
143.5
311.5
32.5
232.0
1.0
17.5
172.0
133.0
28.0
259.0
79.0
122.5
161.5
172.0
76.0
91.0
292.0
308.5
179.5
85.0
233.5
53.5
313.0
374.5
178.0
209.5
106.0
373.0
59.5
134.5
88.0
50.5
173.5
86.5
142.0
173.5
100.0
316.0
193.0
172.0
89.5
89.5
103.0
125.5
83.5
299.5
106.0
59.5
124.0
112.0
229.0
305.5
160.0
98.5
163.0
95.5
67.0
391.0
139.0
260.5
211.0
47.5
19.0
103.0
214.0
184.0
94.0
155.5
41.5
256.0
55.0
100.0
64.0
160.0
169.0
191.5
229.0
64.0
175.0
80.5
88.0
67.0
17.5
196.0
176.5
293.5
152.5
157.0
215.5
101.5
211.0
148.0
166.0
287.5
59.5
140.5
79.0
203.5
194.5
308.5
37.0
50.5
361.0
52.0
22.0
160.0
133.0
233.5
80.5
80.5
79.0
118.0
266.5
17.5
40.0
137.5
173.5
151.0
260.5
176.5
182.5
110.5
64.0
140.5
191.5
107.5
265.0
340.0
131.5
250.0
89.5
257.5
172.0
155.5
244.0
140.5
241.0
437.5
119.5
97.0
274.0
280.0
16.0
25.0
77.5
119.5
380.5
74.5
163.0
242.5
173.5
89.5
113.5
32.5
371.5
298.0
157.0
236.5
188.5
205.0
184.0
76.0
64.0
272.5
170.5
191.5
278.5
358.0
107.5
322.0
56.5
274.0
119.5
134.5
419.5
271.0
344.5
23.5
98.5
73.0
137.5
128.5
431.5
121.0
187.0
73.0
290.5
215.5
47.5
343.0
106.0
109.0
56.5
236.5
91.0
92.5
109.0
137.5
160.0
86.5
85.0
211.0
113.5
28.0
146.5
284.5
68.5
212.5
182.5
73.0
271.0
61.0
56.5
104.5
337.0
64.0
97.0
482.5
293.5
76.0
128.5
104.5
494.5
137.5
350.5
139.0
232.0
227.5
83.5
77.5
301.0
151.0
103.0
109.0
79.0
107.5
67.0
245.5
182.5
79.0
362.5
173.5
119.5
245.5
50.5
65.5
131.5
127.0
86.5
41.5
259.0
302.5
64.0
142.0
185.5
139.0
8.5
133.0
148.0
155.5
229.0
49.0
125.5
161.5
265.0
110.5
124.0
163.0
370.0
83.5
281.5
122.5
212.5
128.5
163.0
200.5
170.5
347.5
115.0
61.0
197.5
110.5
268.0
208.0
230.5
43.0
80.5
113.5
127.0
52.0
92.5
49.0
166.0
73.0
422.5
146.5
229.0
250.0
113.5
362.5
317.5
74.5
92.5
40.0
101.5
215.5
107.5
124.0
169.0
130.0
25.0
256.0
172.0
167.5
37.0
74.5
16.0
101.5
202.0
407.5
181.0
257.5
119.5
259.0
244.0
244.0
98.5
316.0
46.0
52.0
31.0
410.5
215.5
133.0
193.0
110.5
385.0
116.5
82.0
56.5
272.5
218.5
113.5
109.0
259.0
113.5
197.5
28.0
379.0
94.0
224.5
304.0
415.0
257.5
124.0
272.5
259.0
121.0
52.0
391.0
112.0
197.5
38.5
175.0
359.5
208.0
320.5
214.0
152.5
305.5
124.0
11.5
365.5
73.0
148.0
160.0
307.0
329.5
193.0
76.0
199.0
118.0
61.0
274.0
118.0
121.0
197.5
199.0
157.0
35.5
11.5
125.5
59.5
223.0
239.5
103.0
247.0
91.0
286.0
122.5
380.5
110.5
203.5
104.5
25.0
346.0
116.5
106.0
274.0
152.5
433.0
98.5
101.5
49.0
302.5
304.0
71.5
62.5
77.5
323.5
200.5
85.0
143.5
508.0
545.5
304.0
83.5
124.0
127.0
101.5
220.0
58.0
416.5
388.0
137.5
151.0
281.5
220.0
218.5
106.0
86.5
413.5
49.0
464.5
133.0
538.0
214.0
46.0
164.5
209.5
187.0
265.0
260.5
266.5
224.5
104.5
82.0
356.5
227.5
460.0
133.0
112.0
134.5
151.0
284.5
137.5
187.0
214.0
50.5
127.0
26.5
283.0
