815.5
592.0
512.5
857.5
515.5
557.5
469.0
715.0
616.0
388.0
446.5
800.5
187.0
146.5
566.5
634.0
644.5
358.0
871.0
610.0
785.5
676.0
785.5
676.0
454.0
671.5
425.5
725.5
620.5
587.5
560.5
449.5
59.5
793.0
644.5
280.0
488.5
569.5
529.0
667.0
653.5
652.0
284.5
335.5
205.0
749.5
227.5
868.0
290.5
655.0
878.5
655.0
316.0
70.0
562.0
442.0
490.0
647.5
278.5
97.0
472.0
283.0
847.0
694.0
391.0
310.0
721.0
572.5
151.0
674.5
112.0
419.5
196.0
617.5
631.0
289.0
809.5
695.5
449.5
782.5
796.0
518.5
575.5
316.0
506.5
682.0
739.0
479.5
352.0
623.5
44.5
536.5
217.0
716.5
422.5
500.5
244.0
553.0
196.0
403.0
818.5
170.5
668.5
466.0
683.5
623.5
667.0
497.5
772.0
641.5
203.5
302.5
349.0
733.0
821.5
442.0
103.0
121.0
506.5
548.5
371.5
703.0
698.5
299.5
688.0
757.0
130.0
695.5
520.0
680.5
523.0
503.5
607.0
797.5
265.0
469.0
853.0
760.0
706.0
619.0
761.5
743.5
790.0
412.0
689.5
593.5
493.0
130.0
776.5
685.0
653.5
238.0
577.0
634.0
605.5
542.5
59.5
668.5
151.0
622.0
794.5
775.0
728.5
148.0
701.5
194.5
173.5
763.0
293.5
73.0
614.5
665.5
800.5
176.5
335.5
652.0
785.5
590.5
137.5
589.0
737.5
455.5
272.5
442.0
265.0
395.5
271.0
755.5
329.5
484.0
508.0
475.0
499.0
674.5
590.5
433.0
589.0
581.5
590.5
172.0
388.0
433.0
482.5
734.5
203.5
674.5
559.0
76.0
562.0
365.5
737.5
395.5
601.0
775.0
668.5
817.0
818.5
73.0
620.5
217.0
730.0
179.5
644.5
218.5
608.5
686.5
370.0
371.5
856.0
604.0
661.0
368.5
752.5
293.5
730.0
152.5
275.5
481.0
698.5
778.0
265.0
574.0
767.5
775.0
734.5
158.5
692.5
781.0
491.5
80.5
356.5
784.0
526.0
725.5
676.0
341.5
766.0
500.5
856.0
643.0
512.5
541.0
281.5
866.5
274.0
802.0
211.0
424.0
689.5
713.5
194.5
628.0
433.0
773.5
158.5
691.0
614.5
565.0
566.5
623.5
523.0
238.0
89.5
734.5
613.0
94.0
782.5
797.5
604.0
715.0
631.0
320.5
413.5
503.5
188.5
736.0
359.5
217.0
386.5
745.0
278.5
668.5
851.5
833.5
341.5
547.0
412.0
653.5
293.5
545.5
476.5
647.5
244.0
712.0
733.0
742.0
208.0
652.0
490.0
572.5
424.0
449.5
661.0
512.5
134.5
760.0
497.5
646.0
389.5
235.0
583.0
722.5
683.5
811.0
175.0
230.5
550.0
34.0
497.5
187.0
595.0
587.5
563.5
611.5
818.5
742.0
278.5
478.0
302.5
622.0
622.0
370.0
748.0
641.5
680.5
680.5
646.0
268.0
746.5
307.0
559.0
685.0
379.0
370.0
644.5
178.0
457.0
733.0
767.5
676.0
512.5
827.5
673.0
112.0
637.0
166.0
766.0
464.5
770.5
145.0
637.0
223.0
356.5
676.0
713.5
257.5
361.0
125.5
265.0
502.0
851.5
443.5
632.5
607.0
212.5
586.0
326.5
787.0
346.0
749.5
148.0
689.5
610.0
685.0
337.0
757.0
194.5
722.5
695.5
598.0
602.5
602.5
688.0
167.5
352.0
97.0
788.5
224.5
211.0
625.0
211.0
89.5
596.5
745.0
725.5
550.0
815.5
446.5
586.0
608.5
314.5
229.0
716.5
325.0
676.0
646.0
320.5
712.0
685.0
143.5
599.5
502.0
746.5
730.0
310.0
487.0
547.0
670.0
587.5
265.0
806.5
838.0
302.5
791.5
415.0
217.0
367.0
731.5
383.5
680.5
569.5
469.0
694.0
613.0
328.0
442.0
754.0
349.0
775.0
140.5
653.5
724.0
268.0
737.5
715.0
526.0
653.5
473.5
704.5
392.5
752.5
715.0
670.0
754.0
409.0
614.5
793.0
458.5
763.0
535.0
548.5
404.5
611.5
227.5
335.5
107.5
736.0
488.5
445.0
556.0
613.0
445.0
656.5
317.5
689.5
563.5
887.5
661.0
751.0
727.0
668.5
415.0
520.0
578.5
727.0
112.0
338.5
794.5
590.5
568.0
695.5
629.5
770.5
334.0
386.5
859.0
601.0
235.0
601.0
700.0
575.5
730.0
467.5
680.5
686.5
251.5
269.5
704.5
454.0
673.0
616.0
563.5
586.0
316.0
874.0
343.0
386.5
775.0
622.0
151.0
157.0
98.5
686.5
787.0
703.0
154.0
394.0
235.0
257.5
227.5
713.5
95.5
622.0
284.5
314.5
146.5
106.0
554.5
211.0
785.5
607.0
208.0
409.0
749.5
395.5
521.5
313.0
451.0
578.5
791.5
215.5
395.5
553.0
163.0
512.5
206.5
715.0
695.5
280.0
751.0
535.0
755.5
446.5
802.0
604.0
796.0
712.0
695.5
458.5
617.5
512.5
823.0
94.0
620.5
571.0
571.0
382.0
592.0
248.5
775.0
881.5
838.0
649.0
662.5
643.0
698.5
722.5
616.0
404.5
826.0
830.5
601.0
62.5
814.0
188.5
625.0
650.5
473.5
472.0
709.0
526.0
734.5
307.0
568.0
403.0
346.0
155.5
184.0
625.0
173.5
706.0
728.5
464.5
140.5
364.0
485.5
800.5
107.5
373.0
439.0
589.0
164.5
107.5
629.5
374.5
254.5
365.5
728.5
692.5
520.0
515.5
625.0
41.5
659.5
844.0
578.5
224.5
419.5
395.5
248.5
704.5
682.0
845.5
292.0
731.5
307.0
155.5
785.5
688.0
248.5
607.0
502.0
653.5
503.5
709.0
628.0
379.0
380.5
422.5
505.0
847.0
808.0
707.5
622.0
457.0
170.5
707.5
607.0
430.0
415.0
146.5
763.0
644.5
386.5
136.0
193.0
604.0
785.5
292.0
707.5
349.0
598.0
371.5
790.0
656.5
269.5
715.0
278.5
539.5
685.0
613.0
274.0
764.5
698.5
563.5
646.0
692.5
479.5
644.5
755.5
406.0
472.0
520.0
589.0
784.0
785.5
671.5
620.5
94.0
323.5
74.5
130.0
485.5
101.5
145.0
685.0
655.0
731.5
643.0
722.5
646.0
266.5
791.5
245.5
313.0
200.5
809.5
566.5
652.0
596.5
478.0
407.5
677.5
344.5
475.0
682.0
143.5
808.0
671.5
695.5
767.5
683.5
524.5
590.5
319.0
397.0
736.0
598.0
751.0
578.5
449.5
799.0
226.0
58.0
428.5
664.0
737.5
628.0
577.0
676.0
539.5
320.5
281.5
743.5
821.5
740.5
692.5
605.5
5.5
796.0
212.5
70.0
364.0
737.5
827.5
427.0
578.5
644.5
193.0
746.5
412.0
581.5
706.0
253.0
584.5
590.5
689.5
748.0
497.5
293.5
47.5
550.0
493.0
424.0
532.0
479.5
718.0
806.5
524.5
554.5
475.0
493.0
164.5
796.0
853.0
314.5
302.5
656.5
526.0
809.5
781.0
737.5
574.0
544.0
784.0
358.0
554.5
665.5
226.0
251.5
197.5
746.5
406.0
683.5
448.0
620.5
443.5
319.0
664.0
419.5
755.5
646.0
551.5
461.5
494.5
703.0
14.5
466.0
74.5
239.5
194.5
299.5
583.0
703.0
404.5
809.5
386.5
736.0
563.5
709.0
373.0
443.5
784.0
268.0
578.5
766.0
581.5
649.0
506.5
400.0
760.0
878.5
173.5
680.5
565.0
514.0
575.5
632.5
652.0
175.0
664.0
592.0
491.5
607.0
425.5
260.5
572.5
485.5
541.0
760.0
565.0
494.5
502.0
715.0
800.5
770.5
512.5
761.5
443.5
467.5
362.5
760.0
505.0
659.5
341.5
476.5
670.0
571.0
335.5
541.0
98.5
184.0
158.5
503.5
689.5
644.5
170.5
676.0
568.0
344.5
814.0
664.0
764.5
202.0
484.0
433.0
296.5
758.5
706.0
385.0
614.5
436.0
811.0
514.0
734.5
280.0
685.0
211.0
145.0
536.5
80.5
430.0
199.0
583.0
173.5
694.0
197.5
646.0
869.5
628.0
97.0
275.5
436.0
659.5
430.0
379.0
728.5
638.5
680.5
89.5
556.0
196.0
725.5
289.0
713.5
683.5
763.0
464.5
781.0
307.0
322.0
349.0
334.0
751.0
677.5
256.0
118.0
653.5
368.5
193.0
703.0
787.0
730.0
700.0
265.0
872.5
379.0
481.0
346.0
490.0
274.0
700.0
344.5
778.0
589.0
665.5
743.5
631.0
437.5
172.0
821.5
329.5
233.5
658.0
625.0
106.0
673.0
466.0
643.0
205.0
836.5
163.0
560.5
407.5
587.5
145.0
221.5
370.0
152.5
524.5
790.0
707.5
790.0
398.5
604.0
184.0
854.5
436.0
88.0
610.0
112.0
809.5
223.0
476.5
760.0
43.0
520.0
776.5
725.5
794.5
683.5
668.5
614.5
586.0
733.0
277.0
413.5
832.0
835.0
253.0
733.0
734.5
637.0
709.0
766.0
283.0
469.0
86.5
527.5
407.5
665.5
677.5
383.5
703.0
610.0
584.5
479.5
571.0
196.0
739.0
670.0
758.5
490.0
484.0
587.5
721.0
695.5
677.5
209.5
149.5
650.5
745.0
652.0
532.0
545.5
773.5
206.5
721.0
332.5
529.0
847.0
638.5
178.0
866.5
550.0
95.5
116.5
764.5
286.0
505.0
685.0
490.0
416.5
682.0
670.0
268.0
728.5
553.0
806.5
640.0
587.5
806.5
691.0
704.5
439.0
556.0
715.0
541.0
599.5
233.5
370.0
521.5
253.0
797.5
563.5
863.5
665.5
653.5
647.5
568.0
475.0
692.5
725.5
127.0
580.0
419.5
646.0
188.5
455.5
784.0
160.0
511.0
208.0
581.5
82.0
326.5
746.5
308.5
532.0
533.5
436.0
689.5
475.0
649.0
685.0
743.5
527.5
499.0
206.5
782.5
578.5
523.0
614.5
805.0
781.0
623.5
166.0
224.5
464.5
95.5
653.5
491.5
329.5
286.0
239.5
505.0
625.0
623.5
532.0
695.5
83.5
238.0
370.0
803.5
781.0
664.0
199.0
431.5
740.5
622.0
464.5
262.0
104.5
637.0
773.5
317.5
184.0
805.0
677.5
167.5
127.0
782.5
404.5
428.5
568.0
494.5
710.5
119.5
401.5
475.0
689.5
565.0
79.0
502.0
787.0
713.5
565.0
361.0
700.0
778.0
604.0
695.5
364.0
682.0
452.5
710.5
316.0
775.0
794.5
784.0
818.5
823.0
347.5
617.5
526.0
800.5
566.5
68.5
566.5
188.5
556.0
716.5
661.0
251.5
637.0
301.0
494.5
634.0
122.5
713.5
311.5
611.5
608.5
743.5
727.0
766.0
701.5
475.0
803.5
352.0
769.0
487.0
701.5
284.5
224.5
794.5
764.5
775.0
670.0
211.0
401.5
430.0
395.5
314.5
652.0
560.5
715.0
601.0
559.0
631.0
176.5
436.0
725.5
313.0
682.0
776.5
668.5
352.0
443.5
719.5
820.0
613.0
349.0
754.0
572.5
652.0
724.0
571.0
517.0
284.5
649.0
371.5
404.5
766.0
319.0
559.0
199.0
722.5
733.0
677.5
692.5
545.5
671.5
643.0
590.5
739.0
512.5
659.5
700.0
691.0
206.5
325.0
637.0
559.0
253.0
388.0
419.5
208.0
47.5
236.5
572.5
307.0
352.0
583.0
149.5
320.5
811.0
517.0
736.0
215.5
584.5
394.0
227.5
515.5
328.0
553.0
251.5
368.5
817.0
535.0
598.0
812.5
286.0
565.0
463.0
751.0
521.5
676.0
529.0
773.5
692.5
770.5
607.0
62.5
653.5
757.0
598.0
506.5
220.0
512.5
646.0
697.0
517.0
661.0
425.5
502.0
290.5
616.0
461.5
544.0
787.0
503.5
364.0
553.0
598.0
658.0
650.5
712.0
589.0
538.0
641.5
187.0
863.5
271.0
508.0
634.0
193.0
802.0
107.5
635.5
299.5
50.5
607.0
439.0
295.0
668.5
221.5
445.0
698.5
814.0
755.5
526.0
374.5
632.5
355.0
848.5
139.0
731.5
788.5
128.5
653.5
682.0
752.5
866.5
232.0
683.5
485.5
367.0
778.0
536.5
721.0
698.5
263.5
760.0
211.0
769.0
698.5
283.0
187.0
767.5
796.0
217.0
281.5
593.5
611.5
340.0
799.0
604.0
653.5
284.5
367.0
815.5
725.5
193.0
706.0
344.5
608.5
605.5
460.0
788.5
725.5
364.0
791.5
337.0
602.5
220.0
523.0
269.5
763.0
719.5
794.5
692.5
245.5
560.5
472.0
578.5
746.5
130.0
892.0
589.0
781.0
140.5
443.5
614.5
566.5
665.5
737.5
398.5
569.5
560.5
130.0
581.5
608.5
560.5
505.0
701.5
608.5
694.0
743.5
788.5
764.5
556.0
514.0
842.5
769.0
94.0
680.5
812.5
691.0
593.5
893.5
523.0
349.0
686.5
544.0
340.0
673.0
788.5
175.0
782.5
88.0
817.0
650.5
592.0
155.5
692.5
722.5
317.5
587.5
458.5
773.5
649.0
614.5
508.0
719.5
121.0
580.0
773.5
830.5
592.0
500.5
80.5
653.5
707.5
200.5
808.0
850.0
799.0
478.0
685.0
530.5
703.0
758.5
563.5
79.0
626.5
410.5
694.0
227.5
667.0
778.0
733.0
202.0
647.5
728.5
200.5
638.5
845.5
713.5
593.5
580.0
133.0
652.0
196.0
805.0
415.0
791.5
722.5
409.0
88.0
482.5
256.0
710.5
656.5
371.5
494.5
730.0
583.0
391.0
497.5
484.0
194.5
553.0
410.5
517.0
281.5
523.0
754.0
155.5
520.0
317.5
400.0
781.0
698.5
710.5
764.5
451.0
758.5
512.5
271.0
133.0
665.5
841.0
685.0
353.5
754.0
443.5
37.0
413.5
445.0
79.0
701.5
454.0
745.0
790.0
113.5
371.5
670.0
613.0
781.0
775.0
641.5
305.5
367.0
812.5
344.5
689.5
673.0
253.0
785.5
659.5
829.0
637.0
670.0
326.5
592.0
367.0
779.5
646.0
605.5
524.5
92.5
622.0
388.0
265.0
748.0
548.5
703.0
725.5
628.0
650.5
455.5
326.5
731.5
824.5
473.5
743.5
490.0
112.0
395.5
731.5
803.5
176.5
458.5
314.5
623.5
73.0
595.0
673.0
626.5
769.0
434.5
673.0
124.0
425.5
172.0
673.0
821.5
736.0
452.5
545.5
50.5
523.0
653.5
661.0
773.5
193.0
383.5
827.5
214.0
287.5
542.5
50.5
809.5
800.5
232.0
226.0
286.0
596.5
290.5
386.5
31.0
554.5
523.0
488.5
481.0
455.5
445.0
530.5
473.5
446.5
97.0
605.5
641.5
733.0
313.0
593.5
691.0
551.5
535.0
248.5
652.0
688.0
487.0
514.0
557.5
208.0
628.0
764.5
434.5
698.5
625.0
728.5
695.5
262.0
515.5
199.0
352.0
689.5
751.0
683.5
272.5
338.5
646.0
769.0
284.5
830.5
352.0
259.0
830.5
694.0
581.5
653.5
464.5
215.5
410.5
439.0
539.5
358.0
809.5
311.5
688.0
284.5
745.0
673.0
572.5
277.0
596.5
451.0
212.5
307.0
713.5
844.0
586.0
710.5
145.0
827.5
593.5
695.5
686.5
389.5
566.5
667.0
644.5
740.5
221.5
374.5
740.5
311.5
143.5
659.5
563.5
584.5
782.5
608.5
731.5
664.0
20.5
626.5
554.5
422.5
640.0
574.0
556.0
202.0
575.5
767.5
544.0
461.5
413.5
551.5
592.0
641.5
584.5
616.0
749.5
701.5
721.0
772.0
716.5
755.5
331.0
854.5
203.5
451.0
626.5
770.5
217.0
782.5
695.5
721.0
694.0
664.0
737.5
725.5
683.5
815.5
386.5
724.0
647.5
304.0
494.5
476.5
221.5
608.5
515.5
557.5
199.0
472.0
130.0
436.0
523.0
614.5
257.5
781.0
731.5
670.0
230.5
310.0
497.5
509.5
131.5
608.5
803.5
740.5
502.0
73.0
430.0
688.0
694.0
658.0
106.0
172.0
521.5
695.5
817.0
709.0
260.5
212.5
586.0
748.0
508.0
493.0
179.5
343.0
661.0
460.0
194.5
736.0
397.0
521.5
781.0
253.0
503.5
812.5
794.5
268.0
616.0
608.5
790.0
161.5
766.0
77.5
350.5
718.0
428.5
667.0
745.0
811.0
547.0
239.5
653.5
412.0
29.5
575.5
506.5
688.0
535.0
155.5
11.5
656.5
779.5
67.0
838.0
749.5
190.0
658.0
590.5
433.0
422.5
206.5
847.0
490.0
428.5
788.5
415.0
352.0
157.0
242.5
523.0
749.5
469.0
718.0
236.5
707.5
578.5
323.5
754.0
565.0
212.5
158.5
572.5
431.5
212.5
832.0
634.0
655.0
595.0
239.5
455.5
677.5
527.5
122.5
206.5
250.0
659.5
800.5
646.0
413.5
490.0
826.0
565.0
272.5
98.5
347.5
757.0
353.5
268.0
638.5
217.0
497.5
574.0
118.0
859.0
614.5
520.0
370.0
307.0
253.0
713.5
92.5
239.5
370.0
694.0
743.5
115.0
457.0
91.0
586.0
575.5
508.0
244.0
422.5
565.0
151.0
530.5
191.5
731.5
194.5
863.5
589.0
517.0
262.0
367.0
817.0
335.5
544.0
640.0
596.5
382.0
550.0
529.0
595.0
640.0
763.0
175.0
556.0
673.0
725.5
385.0
616.0
325.0
455.5
293.5
317.5
323.5
562.0
593.5
515.5
524.5
538.0
527.5
520.0
703.0
728.5
632.5
541.0
694.0
595.0
514.0
739.0
649.0
611.5
362.5
833.5
827.5
649.0
763.0
334.0
628.0
575.5
734.5
350.5
734.5
203.5
506.5
545.5
718.0
692.5
775.0
725.5
259.0
596.5
316.0
5.5
206.5
740.5
719.5
560.5
560.5
223.0
850.0
778.0
350.5
524.5
643.0
638.5
746.5
653.5
556.0
454.0
781.0
571.0
610.0
608.5
466.0
416.5
322.0
248.5
391.0
199.0
292.0
848.5
692.5
271.0
743.5
482.5
482.5
331.0
497.5
89.5
392.5
220.0
577.0
727.0
758.5
743.5
107.5
370.0
236.5
224.5
205.0
481.0
374.5
641.5
622.0
331.0
640.0
650.5
70.0
634.0
269.5
562.0
604.0
590.5
752.5
247.0
241.0
431.5
389.5
436.0
557.5
700.0
760.0
226.0
653.5
473.5
793.0
271.0
368.5
181.0
424.0
737.5
598.0
644.5
631.0
560.5
259.0
521.5
418.0
761.5
685.0
85.0
511.0
634.0
767.5
743.5
443.5
775.0
646.0
232.0
482.5
352.0
601.0
692.5
200.5
728.5
284.5
619.0
440.5
502.0
595.0
457.0
103.0
514.0
181.0
158.5
497.5
238.0
560.5
100.0
191.5
466.0
680.5
628.0
265.0
715.0
692.5
820.0
467.5
478.0
323.5
703.0
397.0
895.0
724.0
703.0
619.0
326.5
674.5
544.0
839.5
620.5
451.0
76.0
787.0
598.0
673.0
254.5
253.0
823.0
788.5
784.0
617.5
92.5
640.0
539.5
398.5
322.0
718.0
550.0
791.5
520.0
625.0
110.5
592.0
868.0
158.5
134.5
620.5
551.5
472.0
191.5
56.5
733.0
641.5
106.0
572.5
692.5
118.0
751.0
205.0
295.0
853.0
643.0
172.0
637.0
781.0
130.0
676.0
323.5
410.5
223.0
802.0
335.5
554.5
385.0
551.5
620.5
704.5
476.5
206.5
458.5
500.5
544.0
622.0
424.0
788.5
206.5
580.0
487.0
610.0
490.0
526.0
761.5
712.0
692.5
604.0
877.0
553.0
65.5
608.5
545.5
745.0
544.0
737.5
586.0
731.5
686.5
140.5
482.5
716.5
725.5
769.0
173.5
451.0
578.5
659.5
572.5
574.0
131.5
571.0
692.5
701.5
398.5
659.5
566.5
784.0
776.5
505.0
350.5
379.0
344.5
818.5
770.5
772.0
524.5
487.0
601.0
790.0
658.0
542.5
670.0
358.0
659.5
698.5
581.5
716.5
733.0
625.0
190.0
154.0
659.5
278.5
785.5
371.5
233.5
671.5
619.0
239.5
500.5
730.0
740.5
763.0
652.0
280.0
583.0
395.5
607.0
620.5
164.5
677.5
298.0
574.0
112.0
176.5
56.5
418.0
460.0
464.5
853.0
478.0
118.0
107.5
479.5
538.0
469.0
808.0
737.5
817.0
700.0
818.5
592.0
779.5
206.5
398.5
355.0
140.5
668.5
632.5
614.5
343.0
730.0
703.0
541.0
748.0
721.0
430.0
848.5
718.0
649.0
775.0
458.5
511.0
673.0
266.5
790.0
685.0
322.0
152.5
646.0
674.5
626.5
676.0
808.0
689.5
436.0
658.0
644.5
860.5
626.5
508.0
641.5
413.5
782.5
308.5
613.0
602.5
538.0
685.0
728.5
701.5
605.5
790.0
823.0
635.5
617.5
793.0
665.5
554.5
739.0
875.5
481.0
650.5
721.0
541.0
692.5
520.0
677.5
212.5
244.0
671.5
718.0
704.5
604.0
277.0
386.5
761.5
755.5
619.0
121.0
722.5
758.5
662.5
835.0
578.5
785.5
34.0
470.5
527.5
760.0
584.5
625.0
749.5
656.5
487.0
271.0
136.0
281.5
722.5
752.5
442.0
449.5
218.5
283.0
694.0
701.5
641.5
739.0
734.5
671.5
163.0
703.0
457.0
110.5
452.5
740.5
443.5
220.0
161.5
565.0
154.0
139.0
557.5
521.5
184.0
502.0
656.5
650.5
100.0
346.0
562.0
565.0
713.5
514.0
700.0
839.5
454.0
430.0
583.0
146.5
604.0
784.0
430.0
334.0
898.0
778.0
632.5
557.5
548.5
373.0
526.0
82.0
538.0
631.0
862.0
700.0
292.0
365.5
818.5
662.5
539.5
538.0
68.5
554.5
643.0
505.0
700.0
596.5
467.5
695.5
721.0
725.5
709.0
668.5
598.0
710.5
664.0
686.5
125.5
706.0
646.0
641.5
637.0
103.0
140.5
136.0
554.5
196.0
728.5
374.5
650.5
349.0
160.0
881.5
344.5
734.5
244.0
451.0
338.5
484.0
113.5
863.5
472.0
385.0
41.5
902.5
340.0
598.0
467.5
734.5
671.5
409.0
728.5
794.5
503.5
586.0
557.5
538.0
823.0
640.0
751.0
524.5
497.5
598.0
554.5
656.5
490.0
679.0
470.5
728.5
149.5
685.0
704.5
445.0
538.0
517.0
431.5
593.5
200.5
514.0
667.0
805.0
506.5
179.5
433.0
586.0
742.0
445.0
655.0
772.0
578.5
646.0
38.5
634.0
839.5
764.5
304.0
587.5
280.0
505.0
655.0
326.5
740.5
551.5
620.5
236.5
463.0
467.5
637.0
115.0
767.5
533.5
667.0
613.0
71.5
670.0
658.0
683.5
803.5
274.0
121.0
196.0
718.0
247.0
220.0
811.0
769.0
650.5
268.0
548.5
70.0
680.5
629.5
59.5
356.5
698.5
749.5
644.5
700.0
556.0
815.5
602.5
652.0
757.0
713.5
599.5
112.0
824.5
451.0
668.5
376.0
421.0
707.5
413.5
682.0
413.5
635.5
407.5
706.0
560.5
559.0
326.5
398.5
95.5
173.5
674.5
203.5
586.0
386.5
610.0
503.5
731.5
682.0
202.0
244.0
82.0
88.0
701.5
698.5
826.0
821.5
409.0
731.5
485.5
788.5
736.0
683.5
472.0
371.5
691.0
620.5
196.0
574.0
656.5
596.5
635.5
182.5
694.0
220.0
683.5
575.5
113.5
584.5
815.5
319.0
520.0
739.0
100.0
590.5
815.5
769.0
734.5
592.0
712.0
706.0
763.0
634.0
316.0
686.5
649.0
221.5
133.0
797.5
245.5
410.5
814.0
827.5
530.5
292.0
131.5
727.0
521.5
695.5
74.5
721.0
454.0
545.5
701.5
653.5
562.0
137.5
304.0
556.0
478.0
542.5
676.0
683.5
406.0
403.0
77.5
778.0
686.5
374.5
475.0
803.5
676.0
151.0
628.0
466.0
343.0
58.0
370.0
671.5
740.5
685.0
76.0
710.5
355.0
638.5
742.0
451.0
628.0
688.0
196.0
769.0
635.5
707.5
311.5
845.5
50.5
673.0
167.5
349.0
313.0
733.0
598.0
815.5
493.0
337.0
731.5
586.0
497.5
584.5
280.0
574.0
806.5
190.0
574.0
446.5
265.0
286.0
725.5
787.0
103.0
785.5
739.0
316.0
319.0
544.0
406.0
406.0
551.5
76.0
286.0
601.0
83.5
494.5
581.5
760.0
611.5
721.0
821.5
481.0
770.5
595.0
346.0
517.0
460.0
671.5
454.0
118.0
307.0
334.0
671.5
370.0
776.5
545.5
382.0
452.5
662.5
619.0
578.5
730.0
551.5
620.5
718.0
527.5
443.5
775.0
539.5
52.0
271.0
130.0
638.5
394.0
545.5
784.0
730.0
403.0
350.5
341.5
247.0
187.0
634.0
677.5
314.5
530.5
427.0
790.0
97.0
545.5
175.0
620.5
623.5
202.0
421.0
754.0
541.0
425.5
560.5
403.0
272.5
599.5
637.0
806.5
562.0
296.5
163.0
175.0
199.0
605.5
787.0
349.0
332.5
61.0
755.5
434.5
88.0
347.5
533.5
241.0
517.0
736.0
689.5
559.0
56.5
550.0
263.5
655.0
716.5
797.5
470.5
251.5
571.0
497.5
130.0
553.0
674.5
154.0
671.5
737.5
649.0
518.5
568.0
533.5
686.5
829.0
560.5
785.5
635.5
548.5
254.5
259.0
740.5
794.5
644.5
101.5
773.5
85.0
556.0
631.0
314.5
665.5
286.0
385.0
484.0
551.5
715.0
691.0
316.0
379.0
652.0
682.0
635.5
551.5
635.5
728.5
680.5
638.5
223.0
503.5
737.5
626.5
608.5
452.5
778.0
308.5
412.0
740.5
778.0
497.5
709.0
787.0
691.0
601.0
806.5
274.0
253.0
746.5
220.0
661.0
155.5
608.5
374.5
529.0
545.5
731.5
437.5
89.5
791.5
478.0
245.5
695.5
779.5
290.5
146.5
670.0
347.5
250.0
187.0
412.0
433.0
427.0
623.5
635.5
224.5
433.0
836.5
100.0
401.5
160.0
323.5
739.0
649.0
205.0
761.5
283.0
691.0
817.0
767.5
728.5
689.5
743.5
703.0
743.5
836.5
755.5
566.5
406.0
149.5
833.5
181.0
59.5
724.0
560.5
209.5
698.5
388.0
788.5
760.0
634.0
716.5
847.0
551.5
235.0
409.0
275.5
727.0
325.0
752.5
710.5
241.0
293.5
667.0
509.5
697.0
508.0
383.5
47.5
773.5
173.5
722.5
380.5
167.5
83.5
664.0
230.5
562.0
827.5
776.5
349.0
787.0
772.0
559.0
494.5
641.5
320.5
827.5
703.0
598.0
118.0
164.5
649.0
743.5
565.0
112.0
373.0
694.0
787.0
763.0
766.0
566.5
743.5
629.5
653.5
746.5
466.0
266.5
394.0
559.0
668.5
635.5
538.0
620.5
554.5
677.5
610.0
605.5
625.0
404.5
367.0
803.5
757.0
379.0
803.5
385.0
674.5
8.5
542.5
805.0
140.5
742.0
416.5
596.5
242.5
227.5
719.5
758.5
194.5
53.5
607.0
461.5
620.5
799.0
523.0
755.5
737.5
640.0
365.5
520.0
707.5
554.5
553.0
485.5
785.5
230.5
644.5
668.5
640.0
658.0
806.5
650.5
712.0
788.5
760.0
809.5
91.0
350.5
601.0
265.0
155.5
500.5
502.0
238.0
563.5
640.0
553.0
605.5
107.5
436.0
248.5
634.0
641.5
757.0
214.0
473.5
509.5
586.0
637.0
277.0
754.0
455.5
269.5
361.0
433.0
286.0
320.5
245.5
775.0
652.0
742.0
685.0
614.5
145.0
256.0
250.0
743.5
16.0
169.0
346.0
473.5
328.0
583.0
781.0
509.5
740.5
431.5
614.5
224.5
577.0
569.5
61.0
157.0
68.5
257.5
235.0
685.0
340.0
137.5
655.0
332.5
452.5
656.5
89.5
517.0
326.5
206.5
506.5
287.5
809.5
463.0
632.5
314.5
440.5
413.5
511.0
596.5
292.0
220.0
554.5
391.0
598.0
578.5
431.5
211.0
634.0
736.0
392.5
527.5
725.5
655.0
445.0
748.0
505.0
545.5
748.0
755.5
688.0
281.5
179.5
700.0
203.5
764.5
85.0
448.0
698.5
224.5
619.0
712.0
590.5
734.5
541.0
455.5
644.5
383.5
80.5
784.0
505.0
661.0
806.5
745.0
179.5
109.0
740.5
772.0
722.5
737.5
697.0
479.5
472.0
655.0
410.5
821.5
125.5
658.0
677.5
782.5
839.5
512.5
304.0
619.0
713.5
101.5
784.0
538.0
803.5
721.0
628.0
314.5
664.0
320.5
776.5
548.5
404.5
604.0
205.0
565.0
196.0
229.0
617.5
122.5
283.0
730.0
736.0
451.0
734.5
520.0
235.0
428.5
491.5
710.5
817.0
250.0
479.5
158.5
458.5
572.5
649.0
784.0
523.0
659.5
428.5
698.5
698.5
682.0
407.5
686.5
782.5
167.5
688.0
808.0
634.0
568.0
790.0
574.0
529.0
724.0
542.5
760.0
668.5
605.5
758.5
169.0
611.5
695.5
131.5
548.5
442.0
281.5
682.0
544.0
106.0
121.0
274.0
580.0
137.5
397.0
191.5
278.5
98.5
544.0
479.5
790.0
553.0
781.0
716.5
190.0
292.0
623.5
566.5
608.5
605.5
647.5
688.0
772.0
446.5
643.0
394.0
241.0
185.5
653.5
814.0
289.0
566.5
424.0
440.5
739.0
653.5
745.0
176.5
173.5
262.0
773.5
247.0
727.0
844.0
800.5
518.5
851.5
799.0
491.5
788.5
200.5
653.5
745.0
559.0
497.5
119.5
163.0
391.0
436.0
604.0
710.5
238.0
449.5
47.5
554.5
392.5
230.5
268.0
508.0
851.5
785.5
796.0
62.5
685.0
287.5
184.0
785.5
250.0
370.0
605.5
524.5
388.0
748.0
821.5
460.0
832.0
782.5
716.5
469.0
565.0
791.5
620.5
485.5
376.0
601.0
332.5
599.5
197.5
400.0
775.0
121.0
721.0
682.0
635.5
781.0
299.5
401.5
517.0
727.0
520.0
169.0
473.5
376.0
562.0
703.0
535.0
538.0
344.5
743.5
154.0
736.0
773.5
718.0
415.0
206.5
790.0
583.0
595.0
638.5
292.0
736.0
370.0
310.0
787.0
232.0
758.5
496.0
637.0
715.0
415.0
587.5
340.0
502.0
722.5
793.0
491.5
805.0
572.5
545.5
394.0
593.5
593.5
782.5
325.0
697.0
212.5
224.5
202.0
737.5
550.0
556.0
518.5
683.5
511.0
610.0
829.0
695.5
725.5
116.5
142.0
457.0
115.0
737.5
623.5
385.0
692.5
536.5
313.0
440.5
442.0
553.0
152.5
247.0
227.5
67.0
448.0
640.0
833.5
272.5
478.0
161.5
205.0
202.0
596.5
526.0
389.5
440.5
566.5
733.0
727.0
220.0
448.0
715.0
494.5
605.5
569.5
682.0
601.0
391.0
707.5
236.5
227.5
617.5
152.5
245.5
620.5
581.5
245.5
235.0
508.0
530.5
724.0
281.5
707.5
377.5
677.5
433.0
793.0
553.0
649.0
469.0
482.5
241.0
257.5
493.0
592.0
752.5
749.5
782.5
449.5
476.5
100.0
565.0
638.5
607.0
143.5
638.5
439.0
584.5
335.5
838.0
790.0
721.0
686.5
392.5
313.0
275.5
631.0
505.0
758.5
118.0
697.0
439.0
541.0
326.5
740.5
286.0
514.0
482.5
643.0
253.0
778.0
370.0
610.0
182.5
884.5
701.5
821.5
166.0
242.5
526.0
178.0
260.5
175.0
373.0
793.0
571.0
754.0
550.0
433.0
724.0
653.5
679.0
713.5
778.0
383.5
184.0
794.5
229.0
86.5
670.0
553.0
661.0
331.0
820.0
469.0
781.0
274.0
631.0
239.5
715.0
592.0
566.5
218.5
353.5
517.0
685.0
766.0
778.0
155.5
205.0
550.0
673.0
826.0
275.5
710.5
361.0
580.0
653.5
662.5
733.0
128.5
577.0
361.0
523.0
653.5
629.5
716.5
743.5
479.5
712.0
541.0
752.5
728.5
328.0
757.0
626.5
677.5
202.0
305.5
364.0
440.5
493.0
823.0
473.5
773.5
632.5
523.0
694.0
470.5
550.0
544.0
755.5
317.5
547.0
745.0
769.0
130.0
368.5
787.0
742.0
700.0
89.5
247.0
754.0
653.5
473.5
737.5
728.5
721.0
617.5
79.0
592.0
394.0
596.5
677.5
725.5
517.0
667.0
622.0
488.5
209.5
56.5
503.5
151.0
568.0
772.0
694.0
782.5
571.0
206.5
269.5
268.0
406.0
155.5
395.5
689.5
512.5
754.0
728.5
361.0
658.0
670.0
326.5
244.0
763.0
580.0
559.0
634.0
727.0
649.0
554.5
593.5
748.0
89.5
175.0
190.0
439.0
494.5
761.5
760.0
581.5
554.5
361.0
109.0
350.5
362.5
248.5
520.0
122.5
619.0
476.5
761.5
319.0
490.0
667.0
341.5
710.5
664.0
229.0
517.0
347.5
712.0
17.5
742.0
625.0
695.5
685.0
178.0
371.5
427.0
28.0
674.5
514.0
812.5
203.5
547.0
815.5
482.5
722.5
698.5
283.0
530.5
394.0
212.5
577.0
190.0
394.0
296.5
97.0
722.5
710.5
361.0
514.0
482.5
700.0
427.0
638.5
769.0
790.0
376.0
616.0
665.5
404.5
581.5
223.0
680.5
677.5
569.5
355.0
773.5
724.0
539.5
398.5
640.0
805.0
328.0
557.5
620.5
553.0
569.5
508.0
242.5
113.5
658.0
625.0
619.0
608.5
758.5
665.5
730.0
544.0
742.0
559.0
536.5
190.0
541.0
137.5
469.0
656.5
509.5
508.0
739.0
727.0
584.5
730.0
697.0
773.5
437.5
242.5
88.0
778.0
328.0
580.0
727.0
568.0
428.5
689.5
784.0
151.0
428.5
187.0
661.0
302.5
833.5
653.5
349.0
617.5
611.5
662.5
517.0
625.0
496.0
356.5
425.5
793.0
661.0
644.5
472.0
89.5
533.5
410.5
583.0
806.5
710.5
637.0
407.5
329.5
629.5
305.5
158.5
493.0
701.5
775.0
778.0
730.0
607.0
578.5
284.5
464.5
371.5
713.5
781.0
697.0
799.0
491.5
496.0
721.0
728.5
757.0
329.5
317.5
406.0
739.0
242.5
67.0
526.0
250.0
575.5
613.0
530.5
104.5
794.5
770.5
140.5
277.0
638.5
767.5
748.0
524.5
682.0
658.0
665.5
218.5
412.0
502.0
778.0
766.0
671.5
739.0
617.5
748.0
325.0
569.5
343.0
665.5
704.5
635.5
286.0
106.0
764.5
856.0
611.5
356.5
694.0
460.0
799.0
709.0
254.5
770.5
824.5
497.5
836.5
361.0
413.5
610.0
376.0
539.5
134.5
634.0
599.5
74.5
371.5
652.0
371.5
446.5
209.5
211.0
415.0
797.5
235.0
604.0
719.5
724.0
616.0
218.5
628.0
521.5
643.0
527.5
814.0
851.5
515.5
709.0
659.5
473.5
616.0
619.0
452.5
736.0
557.5
608.5
641.5
737.5
659.5
277.0
760.0
607.0
541.0
770.5
517.0
742.0
698.5
613.0
230.5
467.5
640.0
236.5
169.0
706.0
607.0
338.5
343.0
490.0
302.5
413.5
524.5
790.0
802.0
713.5
496.0
629.5
245.5
166.0
308.5
866.5
815.5
284.5
574.0
625.0
733.0
352.0
539.5
647.5
571.0
368.5
646.0
595.0
631.0
289.0
535.0
694.0
89.5
829.0
409.0
830.5
832.0
521.5
577.0
250.0
335.5
772.0
157.0
520.0
92.5
589.0
446.5
686.5
179.5
349.0
184.0
313.0
380.5
640.0
296.5
334.0
598.0
578.5
571.0
680.5
218.5
457.0
662.5
644.5
761.5
697.0
299.5
835.0
557.5
619.0
556.0
440.5
632.5
755.5
788.5
778.0
586.0
194.5
449.5
340.0
41.5
214.0
185.5
634.0
53.5
413.5
734.5
280.0
772.0
809.5
580.0
650.5
226.0
736.0
562.0
653.5
610.0
709.0
590.5
776.5
754.0
752.5
836.5
304.0
556.0
247.0
610.0
227.5
448.0
695.5
239.5
797.5
413.5
793.0
323.5
658.0
112.0
506.5
431.5
155.5
740.5
616.0
853.0
557.5
475.0
535.0
506.5
728.5
643.0
155.5
266.5
697.0
97.0
155.5
254.5
155.5
404.5
550.0
107.5
535.0
760.0
469.0
781.0
172.0
319.0
608.5
632.5
164.5
88.0
650.5
695.5
866.5
769.0
674.5
361.0
145.0
407.5
412.0
710.5
616.0
227.5
385.0
484.0
625.0
316.0
217.0
100.0
760.0
356.5
307.0
494.5
445.0
706.0
692.5
635.5
473.5
103.0
562.0
230.5
268.0
112.0
613.0
838.0
322.0
394.0
746.5
649.0
221.5
434.5
139.0
160.0
743.5
748.0
740.5
745.0
158.5
310.0
773.5
299.5
535.0
652.0
383.5
205.0
370.0
464.5
433.0
445.0
584.5
131.5
323.5
167.5
304.0
775.0
541.0
869.5
562.0
277.0
733.0
353.5
623.5
265.0
580.0
385.0
811.0
218.5
761.5
862.0
214.0
739.0
814.0
158.5
704.5
452.5
118.0
164.5
647.5
59.5
658.0
592.0
770.5
253.0
563.5
554.5
650.5
407.5
607.0
395.5
197.5
683.5
647.5
496.0
814.0
223.0
374.5
761.5
790.0
641.5
134.5
352.0
394.0
358.0
194.5
665.5
451.0
817.0
754.0
749.5
668.5
475.0
262.0
40.0
266.5
169.0
620.5
256.0
508.0
599.5
772.0
706.0
746.5
218.5
559.0
826.0
733.0
520.0
269.5
211.0
659.5
655.0
314.5
751.0
250.0
716.5
730.0
328.0
320.5
359.5
620.5
704.5
742.0
643.0
595.0
580.0
220.0
289.0
152.5
764.5
511.0
464.5
817.0
622.0
229.0
575.5
68.5
770.5
460.0
671.5
208.0
482.5
181.0
791.5
635.5
659.5
497.5
172.0
757.0
590.5
757.0
595.0
533.5
668.5
773.5
452.5
835.0
842.5
815.5
346.0
832.0
406.0
517.0
731.5
485.5
749.5
506.5
565.0
779.5
281.5
296.5
778.0
725.5
532.0
151.0
689.5
740.5
629.5
505.0
473.5
730.0
652.0
559.0
620.5
56.5
718.0
767.5
652.0
260.5
332.5
310.0
301.0
286.0
662.5
370.0
650.5
217.0
464.5
697.0
587.5
664.0
356.5
782.5
680.5
685.0
565.0
667.0
128.5
802.0
397.0
391.0
320.5
512.5
110.5
698.5
151.0
823.0
727.0
482.5
113.5
635.5
574.0
625.0
140.5
371.5
859.0
220.0
682.0
481.0
812.5
235.0
391.0
233.5
344.5
281.5
826.0
437.5
610.0
772.0
535.0
485.5
805.0
701.5
227.5
235.0
752.5
137.5
259.0
590.5
713.5
320.5
715.0
719.5
113.5
748.0
322.0
620.5
389.5
251.5
763.0
689.5
511.0
592.0
743.5
65.5
709.0
650.5
778.0
421.0
773.5
731.5
310.0
127.0
710.5
773.5
359.5
662.5
367.0
506.5
526.0
491.5
659.5
391.0
688.0
850.0
826.0
701.5
718.0
677.5
569.5
631.0
863.5
470.5
503.5
733.0
719.5
362.5
752.5
889.0
671.5
113.5
563.5
781.0
683.5
668.5
505.0
497.5
782.5
353.5
415.0
133.0
575.5
578.5
265.0
755.5
688.0
380.5
719.5
184.0
590.5
688.0
329.5
614.5
752.5
787.0
682.0
232.0
769.0
347.5
241.0
502.0
781.0
427.0
740.5
796.0
559.0
418.0
440.5
125.5
527.5
374.5
419.5
242.5
817.0
398.5
811.0
643.0
470.5
749.5
415.0
830.5
674.5
437.5
827.5
74.5
631.0
74.5
619.0
692.5
662.5
617.5
604.0
163.0
788.5
449.5
496.0
347.5
571.0
190.0
235.0
464.5
724.0
767.5
503.5
871.0
601.0
409.0
593.5
701.5
509.5
632.5
748.0
242.5
730.0
688.0
242.5
244.0
463.0
871.0
482.5
884.5
197.5
580.0
623.5
304.0
722.5
328.0
458.5
511.0
527.5
397.0
187.0
662.5
550.0
362.5
292.0
727.0
374.5
226.0
409.0
256.0
394.0
265.0
677.5
200.5
373.0
664.0
553.0
170.5
760.0
815.5
772.0
295.0
695.5
793.0
479.5
755.5
733.0
656.5
685.0
88.0
769.0
494.5
314.5
548.5
751.0
232.0
502.0
706.0
451.0
64.0
347.5
727.0
545.5
668.5
181.0
311.5
245.5
835.0
643.0
184.0
137.5
646.0
655.0
617.5
577.0
217.0
319.0
595.0
484.0
524.5
595.0
176.5
650.5
688.0
721.0
697.0
698.5
104.5
238.0
404.5
130.0
745.0
143.5
796.0
383.5
760.0
292.0
242.5
247.0
712.0
776.5
643.0
151.0
773.5
530.5
157.0
76.0
737.5
770.5
215.5
350.5
794.5
538.0
403.0
901.0
742.0
85.0
737.5
808.0
628.0
692.5
739.0
404.5
815.5
749.5
644.5
821.5
400.0
700.0
781.0
566.5
665.5
794.5
685.0
716.5
451.0
356.5
85.0
290.5
557.5
590.5
802.0
797.5
715.0
548.5
668.5
655.0
679.0
629.5
491.5
542.5
593.5
308.5
503.5
715.0
548.5
421.0
659.5
781.0
679.0
280.0
691.0
494.5
745.0
301.0
809.5
241.0
694.0
655.0
182.5
128.5
178.0
565.0
520.0
118.0
235.0
613.0
578.5
775.0
392.5
572.5
469.0
422.5
607.0
170.5
757.0
344.5
742.0
601.0
407.5
826.0
163.0
563.5
629.5
389.5
407.5
662.5
778.0
404.5
469.0
761.5
604.0
598.0
253.0
526.0
365.5
226.0
758.5
704.5
395.5
784.0
506.5
680.5
841.0
710.5
490.0
665.5
253.0
715.0
566.5
203.5
509.5
766.0
442.0
251.5
184.0
274.0
778.0
737.5
436.0
755.5
545.5
655.0
64.0
547.0
647.5
685.0
317.5
389.5
316.0
718.0
212.5
496.0
401.5
601.0
727.0
634.0
620.5
776.5
610.0
554.5
665.5
580.0
668.5
493.0
667.0
733.0
580.0
578.5
514.0
392.5
524.5
14.5
793.0
596.5
691.0
763.0
379.0
764.5
707.5
778.0
487.0
794.5
679.0
554.5
611.5
559.0
166.0
653.5
380.5
739.0
227.5
230.5
689.5
583.0
818.5
538.0
241.0
191.5
