88.0
128.5
136.0
347.5
223.0
179.5
101.5
302.5
160.0
83.5
268.0
343.0
404.5
349.0
157.0
431.5
406.0
100.0
172.0
446.5
242.5
104.5
131.5
325.0
301.0
79.0
77.5
233.5
197.5
428.5
221.5
587.5
238.0
112.0
268.0
434.5
220.0
101.5
133.0
263.5
137.5
97.0
128.5
247.0
436.0
154.0
17.5
421.0
203.5
155.5
157.0
340.0
239.5
290.5
304.0
292.0
119.5
355.0
104.5
391.0
79.0
569.5
187.0
161.5
122.5
157.0
172.0
485.5
317.5
305.5
164.5
397.0
265.0
170.5
166.0
314.5
428.5
80.5
134.5
233.5
194.5
440.5
41.5
149.5
280.0
163.0
59.5
176.5
287.5
392.5
65.5
428.5
97.0
136.0
76.0
157.0
56.5
718.0
290.5
115.0
119.5
289.0
127.0
79.0
176.5
71.5
209.5
382.0
317.5
320.5
121.0
181.0
365.5
643.0
103.0
101.5
478.0
185.5
431.5
242.5
148.0
209.5
256.0
109.0
62.5
125.5
76.0
124.0
116.5
301.0
181.0
58.0
224.5
140.5
317.5
130.0
154.0
155.5
421.0
200.5
88.0
170.5
239.5
509.5
208.0
95.5
181.0
350.5
158.5
214.0
145.0
101.5
238.0
554.5
251.5
97.0
287.5
97.0
82.0
62.5
163.0
415.0
442.0
152.5
184.0
79.0
113.5
46.0
401.5
89.5
160.0
376.0
121.0
569.5
514.0
254.5
193.0
61.0
238.0
25.0
88.0
115.0
152.5
179.5
232.0
116.5
532.0
44.5
137.5
346.0
206.5
326.5
86.5
38.5
298.0
163.0
577.0
121.0
683.5
334.0
265.0
421.0
274.0
176.5
116.5
151.0
287.5
142.0
271.0
253.0
127.0
160.0
169.0
287.5
95.5
323.5
256.0
112.0
610.0
151.0
184.0
196.0
89.5
452.5
172.0
308.5
94.0
176.5
328.0
43.0
214.0
250.0
341.5
334.0
58.0
101.5
364.0
289.0
344.5
121.0
376.0
235.0
92.5
380.5
365.5
77.5
55.0
275.5
382.0
400.0
74.5
352.0
134.5
161.5
79.0
197.5
397.0
452.5
523.0
484.0
469.0
254.5
100.0
374.5
328.0
313.0
167.5
241.0
86.5
700.0
212.5
80.5
143.5
95.5
251.5
484.0
140.5
125.5
148.0
601.0
142.0
224.5
163.0
121.0
155.5
466.0
103.0
86.5
377.5
346.0
172.0
524.5
290.5
187.0
142.0
425.5
206.5
254.5
191.5
142.0
377.5
364.0
620.5
590.5
98.5
124.0
353.5
254.5
136.0
281.5
167.5
316.0
112.0
413.5
194.5
347.5
181.0
169.0
577.0
166.0
73.0
247.0
167.5
116.5
149.5
275.5
290.5
293.5
379.0
203.5
230.5
410.5
227.5
158.5
85.0
136.0
244.0
286.0
187.0
302.5
407.5
269.5
59.5
173.5
205.0
58.0
83.5
274.0
302.5
109.0
14.5
452.5
154.0
266.5
155.5
58.0
125.5
112.0
80.5
92.5
283.0
484.0
269.5
334.0
124.0
197.5
62.5
181.0
106.0
491.5
55.0
157.0
443.5
50.5
133.0
101.5
526.0
307.0
170.5
196.0
29.5
187.0
494.5
221.5
299.5
467.5
91.0
161.5
200.5
124.0
217.0
323.5
113.5
379.0
152.5
65.5
197.5
98.5
482.5
113.5
311.5
478.0
80.5
98.5
244.0
196.0
116.5
481.0
200.5
325.0
308.5
127.0
157.0
244.0
152.5
277.0
128.5
274.0
58.0
79.0
175.0
110.5
211.0
103.0
253.0
79.0
175.0
85.0
142.0
455.5
85.0
182.5
286.0
554.5
412.0
200.5
398.5
160.0
61.0
80.5
290.5
305.5
131.5
20.5
173.5
173.5
218.5
115.0
193.0
107.5
187.0
427.0
232.0
442.0
187.0
275.5
241.0
101.5
253.0
266.5
214.0
106.0
283.0
148.0
134.5
176.5
694.0
46.0
37.0
320.5
227.5
70.0
151.0
181.0
281.5
190.0
265.0
337.0
163.0
251.5
157.0
142.0
343.0
118.0
113.5
103.0
107.5
523.0
113.5
320.5
190.0
191.5
293.5
134.5
251.5
53.5
626.5
262.0
76.0
115.0
409.0
404.5
167.5
224.5
133.0
280.0
118.0
86.5
133.0
293.5
385.0
196.0
130.0
101.5
244.0
347.5
208.0
347.5
79.0
170.5
56.5
418.0
52.0
244.0
74.5
379.0
560.5
182.5
346.0
116.5
584.5
145.0
119.5
374.5
89.5
194.5
553.0
194.5
340.0
79.0
689.5
88.0
118.0
179.5
152.5
151.0
202.0
136.0
202.0
104.5
91.0
100.0
115.0
172.0
98.5
38.5
550.0
109.0
284.5
80.5
125.5
175.0
511.0
59.5
49.0
89.5
574.0
391.0
376.0
551.5
599.5
163.0
130.0
608.5
196.0
443.5
37.0
185.5
161.5
82.0
397.0
341.5
260.5
305.5
263.5
289.0
430.0
89.5
388.0
190.0
259.0
80.5
460.0
437.5
295.0
463.0
50.5
227.5
428.5
235.0
44.5
122.5
163.0
235.0
254.5
98.5
200.5
94.0
130.0
577.0
92.5
211.0
191.5
476.5
260.5
215.5
485.5
164.5
94.0
193.0
173.5
235.0
230.5
136.0
178.0
35.5
301.0
133.0
262.0
272.5
161.5
335.5
187.0
278.5
337.0
37.0
211.0
137.5
254.5
37.0
163.0
196.0
326.5
62.5
229.0
260.5
118.0
301.0
241.0
134.5
89.5
103.0
58.0
391.0
382.0
34.0
32.5
227.5
256.0
509.5
290.5
130.0
560.5
410.5
382.0
539.5
263.5
263.5
230.5
508.0
355.0
434.5
104.5
239.5
256.0
160.0
298.0
383.5
221.5
4.0
218.5
275.5
55.0
115.0
140.5
724.0
160.0
283.0
328.0
251.5
118.0
151.0
160.0
127.0
227.5
157.0
734.5
310.0
127.0
191.5
208.0
56.5
263.5
265.0
190.0
340.0
454.0
106.0
362.5
194.5
107.5
134.5
280.0
221.5
119.5
121.0
551.5
307.0
64.0
128.5
128.5
68.5
127.0
92.5
292.0
305.5
190.0
175.0
208.0
17.5
110.5
86.5
635.5
188.5
340.0
179.5
133.0
466.0
182.5
29.5
163.0
347.5
55.0
236.5
40.0
379.0
176.5
293.5
211.0
46.0
245.5
343.0
397.0
73.0
116.5
29.5
70.0
289.0
56.5
86.5
152.5
401.5
139.0
337.0
50.5
227.5
170.5
236.5
305.5
325.0
274.0
134.5
602.5
158.5
362.5
118.0
512.5
122.5
245.5
194.5
305.5
62.5
46.0
232.0
127.0
137.5
88.0
101.5
223.0
91.0
113.5
233.5
239.5
211.0
224.5
211.0
100.0
88.0
136.0
269.5
104.5
149.5
50.5
101.5
92.5
385.0
140.5
467.5
137.5
146.5
157.0
355.0
34.0
124.0
22.0
425.5
128.5
155.5
557.5
100.0
476.5
53.5
97.0
325.0
353.5
124.0
284.5
271.0
136.0
466.0
325.0
133.0
254.5
139.0
44.5
56.5
277.0
154.0
365.5
145.0
262.0
146.5
340.0
13.0
205.0
250.0
184.0
439.0
287.5
148.0
170.5
68.5
395.5
145.0
260.5
346.0
392.5
176.5
536.5
151.0
689.5
169.0
158.5
230.5
107.5
218.5
419.5
377.5
88.0
479.5
383.5
239.5
35.5
58.0
53.5
400.0
407.5
317.5
58.0
223.0
193.0
79.0
304.0
38.5
208.0
227.5
109.0
203.5
169.0
311.5
280.0
454.0
64.0
122.5
76.0
695.5
340.0
34.0
266.5
265.0
121.0
178.0
28.0
110.5
155.5
52.0
181.0
479.5
487.0
355.0
499.0
386.5
113.5
473.5
239.5
223.0
272.5
404.5
83.5
178.0
323.5
131.5
677.5
190.0
458.5
437.5
115.0
230.5
160.0
139.0
46.0
542.5
266.5
122.5
86.5
190.0
593.5
31.0
274.0
184.0
131.5
145.0
74.5
187.0
52.0
263.5
317.5
55.0
146.5
416.5
409.0
124.0
56.5
338.5
209.5
448.0
163.0
86.5
148.0
221.5
257.5
560.5
341.5
88.0
23.5
208.0
271.0
64.0
217.0
178.0
302.5
157.0
346.0
149.5
142.0
199.0
217.0
487.0
422.5
130.0
172.0
271.0
98.5
158.5
313.0
235.0
253.0
515.5
128.5
329.5
131.5
349.0
155.5
35.5
119.5
85.0
364.0
28.0
493.0
301.0
349.0
167.5
256.0
35.5
137.5
208.0
275.5
119.5
161.5
41.5
365.5
77.5
65.5
115.0
203.5
238.0
74.5
712.0
220.0
478.0
293.5
173.5
91.0
68.5
64.0
58.0
301.0
242.5
58.0
262.0
65.5
293.5
155.5
646.0
92.5
392.5
218.5
226.0
220.0
92.5
379.0
107.5
100.0
280.0
592.0
370.0
166.0
626.5
97.0
187.0
181.0
79.0
511.0
95.5
298.0
80.5
430.0
103.0
101.5
37.0
221.5
190.0
404.5
548.5
107.5
430.0
101.5
194.5
82.0
107.5
241.0
89.5
83.5
281.5
161.5
128.5
95.5
335.5
221.5
395.5
191.5
115.0
137.5
233.5
131.5
472.0
358.0
92.5
145.0
232.0
119.5
223.0
448.0
340.0
163.0
230.5
389.5
55.0
166.0
298.0
113.5
170.5
371.5
40.0
286.0
370.0
187.0
91.0
431.5
203.5
82.0
92.5
217.0
287.5
202.0
385.0
142.0
145.0
86.5
368.5
124.0
470.5
179.5
220.0
173.5
328.0
106.0
308.5
119.5
305.5
38.5
278.5
305.5
326.5
485.5
578.5
124.0
131.5
554.5
226.0
22.0
380.5
67.0
77.5
475.0
202.0
247.0
230.5
262.0
455.5
355.0
124.0
392.5
91.0
109.0
137.5
116.5
158.5
278.5
197.5
76.0
133.0
119.5
427.0
352.0
236.5
158.5
244.0
79.0
395.5
331.0
56.5
83.5
544.0
130.0
116.5
212.5
262.0
91.0
89.5
197.5
185.5
599.5
76.0
128.5
307.0
197.5
524.5
224.5
382.0
292.0
533.5
53.5
296.5
188.5
152.5
431.5
173.5
145.0
421.0
91.0
325.0
125.5
143.5
136.0
647.5
190.0
260.5
83.5
190.0
202.0
376.0
172.0
169.0
152.5
215.5
268.0
262.0
110.5
67.0
319.0
370.0
364.0
145.0
406.0
112.0
304.0
35.5
151.0
83.5
259.0
211.0
305.5
334.0
469.0
340.0
280.0
77.5
20.5
70.0
145.0
556.0
580.0
242.5
281.5
179.5
274.0
440.5
82.0
137.5
262.0
170.5
220.0
265.0
127.0
310.0
461.5
139.0
251.5
310.0
257.5
107.5
161.5
520.0
161.5
55.0
173.5
61.0
59.5
25.0
154.0
185.5
86.5
70.0
115.0
116.5
110.5
313.0
535.0
479.5
110.5
406.0
55.0
206.5
302.5
499.0
283.0
280.0
181.0
166.0
175.0
83.5
110.5
235.0
41.5
526.0
101.5
397.0
466.0
218.5
197.5
350.5
119.5
142.0
137.5
79.0
208.0
124.0
134.5
590.5
281.5
250.0
518.5
242.5
227.5
16.0
199.0
446.5
395.5
386.5
508.0
467.5
224.5
164.5
128.5
124.0
317.5
431.5
271.0
265.0
521.5
188.5
406.0
310.0
364.0
205.0
215.5
292.0
76.0
206.5
557.5
101.5
74.5
187.0
151.0
149.5
263.5
256.0
115.0
287.5
118.0
359.5
370.0
308.5
368.5
323.5
70.0
176.5
43.0
247.0
490.0
104.5
424.0
233.5
358.0
143.5
203.5
112.0
188.5
140.5
89.5
76.0
455.5
178.0
151.0
98.5
358.0
148.0
152.5
100.0
428.5
76.0
214.0
512.5
517.0
323.5
62.5
19.0
74.5
92.5
328.0
308.5
341.5
88.0
175.0
211.0
155.5
155.5
131.5
128.5
340.0
404.5
106.0
277.0
401.5
46.0
415.0
212.5
446.5
28.0
119.5
401.5
382.0
160.0
70.0
172.0
85.0
71.5
286.0
29.5
128.5
268.0
166.0
373.0
421.0
299.5
274.0
392.5
85.0
134.5
160.0
101.5
142.0
292.0
298.0
89.5
142.0
286.0
620.5
148.0
217.0
308.5
490.0
91.0
197.5
370.0
269.5
298.0
112.0
79.0
424.0
454.0
217.0
386.5
326.5
520.0
424.0
169.0
253.0
500.5
40.0
427.0
364.0
241.0
245.5
103.0
125.5
274.0
416.5
299.5
319.0
182.5
199.0
98.5
139.0
101.5
580.0
110.5
235.0
289.0
134.5
158.5
169.0
485.5
379.0
91.0
284.5
148.0
44.5
188.5
320.5
104.5
487.0
142.0
308.5
373.0
205.0
188.5
185.5
241.0
236.5
94.0
413.5
262.0
230.5
467.5
103.0
136.0
260.5
272.5
133.0
571.0
239.5
406.0
76.0
236.5
308.5
542.5
215.5
386.5
26.5
262.0
229.0
35.5
292.0
41.5
494.5
112.0
122.5
322.0
94.0
35.5
292.0
244.0
217.0
179.5
149.5
241.0
280.0
73.0
163.0
704.5
187.0
92.5
116.5
223.0
95.5
143.5
440.5
58.0
214.0
92.5
91.0
32.5
289.0
367.0
191.5
128.5
212.5
350.5
185.5
376.0
365.5
262.0
194.5
77.5
137.5
134.5
158.5
428.5
89.5
197.5
140.5
358.0
263.5
226.0
286.0
103.0
89.5
100.0
464.5
31.0
131.5
214.0
218.5
37.0
317.5
265.0
209.5
427.0
118.0
400.0
58.0
73.0
421.0
331.0
164.5
208.0
149.5
247.0
430.0
77.5
56.5
236.5
127.0
206.5
223.0
430.0
286.0
44.5
50.5
391.0
161.5
265.0
95.5
193.0
400.0
292.0
400.0
170.5
235.0
629.5
292.0
446.5
184.0
137.5
314.5
91.0
241.0
211.0
382.0
182.5
565.0
520.0
245.5
133.0
206.5
475.0
190.0
205.0
439.0
23.5
221.5
169.0
287.5
457.0
34.0
85.0
119.5
68.5
487.0
107.5
161.5
196.0
259.0
157.0
166.0
130.0
263.5
130.0
328.0
100.0
496.0
232.0
458.5
260.5
131.5
98.5
232.0
281.5
137.5
328.0
257.5
250.0
317.5
254.5
175.0
175.0
323.5
92.5
112.0
466.0
335.5
407.5
386.5
322.0
581.5
107.5
122.5
245.5
203.5
259.0
143.5
142.0
419.5
380.5
64.0
454.0
137.5
311.5
193.0
278.5
248.5
254.5
232.0
457.0
223.0
148.0
341.5
247.0
274.0
70.0
113.5
284.5
211.0
173.5
50.5
101.5
253.0
166.0
205.0
659.5
179.5
314.5
77.5
134.5
181.0
203.5
239.5
257.5
148.0
430.0
163.0
385.0
202.0
77.5
290.5
304.0
301.0
469.0
208.0
251.5
128.5
673.0
379.0
74.5
28.0
247.0
212.5
37.0
440.5
118.0
352.0
335.5
176.5
148.0
344.5
320.5
361.0
277.0
311.5
197.5
133.0
551.5
148.0
83.5
389.5
164.5
209.5
86.5
536.5
472.0
101.5
326.5
121.0
242.5
364.0
79.0
242.5
530.5
112.0
397.0
157.0
193.0
173.5
404.5
341.5
95.5
82.0
293.5
220.0
430.0
73.0
11.5
353.5
286.0
227.5
280.0
163.0
248.5
224.5
271.0
359.5
275.5
337.0
242.5
212.5
446.5
161.5
137.5
458.5
232.0
115.0
100.0
58.0
110.5
308.5
415.0
80.5
155.5
302.5
221.5
409.0
161.5
203.5
112.0
313.0
199.0
425.5
37.0
260.5
182.5
223.0
58.0
286.0
668.5
260.5
154.0
86.5
259.0
155.5
470.5
424.0
260.5
97.0
116.5
298.0
334.0
173.5
485.5
371.5
359.5
247.0
385.0
112.0
73.0
196.0
301.0
11.5
292.0
223.0
113.5
355.0
244.0
434.5
346.0
73.0
241.0
145.0
200.5
211.0
473.5
277.0
346.0
80.5
80.5
598.0
79.0
125.5
142.0
371.5
125.5
307.0
389.5
248.5
365.5
277.0
404.5
302.5
47.5
44.5
106.0
250.0
233.5
251.5
107.5
22.0
295.0
149.5
52.0
350.5
580.0
106.0
173.5
569.5
80.5
167.5
145.0
149.5
493.0
151.0
271.0
80.5
233.5
193.0
562.0
334.0
289.0
425.5
268.0
166.0
403.0
470.5
157.0
409.0
214.0
355.0
302.5
385.0
100.0
421.0
106.0
460.0
143.5
149.5
170.5
427.0
146.5
11.5
377.5
58.0
217.0
116.5
88.0
128.5
166.0
344.5
62.5
275.5
328.0
308.5
151.0
412.0
199.0
167.5
151.0
383.5
478.0
149.5
58.0
182.5
74.5
152.5
373.0
202.0
154.0
271.0
133.0
584.5
287.5
214.0
106.0
302.5
493.0
128.5
176.5
131.5
260.5
131.5
157.0
170.5
373.0
373.0
415.0
74.5
92.5
100.0
181.0
53.5
166.0
20.5
268.0
383.5
76.0
23.5
211.0
295.0
361.0
194.5
133.0
223.0
202.0
173.5
515.5
235.0
77.5
370.0
137.5
206.5
94.0
82.0
197.5
688.0
259.0
379.0
313.0
215.5
167.5
55.0
301.0
235.0
62.5
500.5
611.5
176.5
274.0
328.0
272.5
143.5
74.5
206.5
97.0
241.0
232.0
148.0
196.0
7.0
214.0
496.0
344.5
229.0
290.5
535.0
164.5
121.0
134.5
199.0
248.5
361.0
143.5
203.5
233.5
350.5
266.5
157.0
125.5
109.0
260.5
101.5
214.0
68.5
176.5
254.5
52.0
247.0
548.5
109.0
76.0
148.0
263.5
68.5
289.0
260.5
254.5
235.0
479.5
110.5
352.0
53.5
131.5
230.5
76.0
175.0
206.5
214.0
259.0
44.5
86.5
421.0
271.0
191.5
56.5
124.0
26.5
266.5
257.5
283.0
368.5
484.0
553.0
364.0
173.5
59.5
170.5
116.5
385.0
473.5
136.0
112.0
67.0
89.5
352.0
323.5
535.0
67.0
64.0
173.5
197.5
508.0
361.0
158.5
440.5
136.0
208.0
112.0
514.0
224.5
262.0
197.5
361.0
232.0
161.5
262.0
335.5
163.0
548.5
605.5
88.0
172.0
257.5
149.5
157.0
181.0
179.5
235.0
247.0
92.5
254.5
118.0
293.5
247.0
143.5
184.0
113.5
136.0
110.5
175.0
283.0
232.0
457.0
38.5
469.0
404.5
73.0
628.0
605.5
247.0
185.5
124.0
53.5
238.0
514.0
109.0
683.5
295.0
164.5
119.5
122.5
130.0
122.5
202.0
56.5
463.0
275.5
257.5
83.5
191.5
310.0
383.5
149.5
619.0
127.0
110.5
53.5
341.5
241.0
247.0
31.0
319.0
88.0
131.5
110.5
307.0
244.0
401.5
293.5
131.5
115.0
365.5
167.5
278.5
301.0
233.5
161.5
41.5
284.5
73.0
220.0
307.0
118.0
172.0
146.5
410.5
319.0
88.0
226.0
83.5
161.5
206.5
130.0
233.5
73.0
721.0
221.5
106.0
424.0
179.5
292.0
118.0
203.5
263.5
239.5
488.5
418.0
71.5
394.0
82.0
13.0
137.5
208.0
167.5
52.0
122.5
217.0
430.0
272.5
25.0
80.5
394.0
290.5
212.5
77.5
175.0
445.0
193.0
118.0
146.5
259.0
587.5
421.0
56.5
259.0
367.0
140.5
376.0
182.5
32.5
125.5
373.0
97.0
158.5
142.0
184.0
370.0
340.0
176.5
626.5
235.0
124.0
458.5
250.0
169.0
136.0
206.5
188.5
203.5
113.5
85.0
733.0
476.5
139.0
124.0
179.5
160.0
316.0
74.5
356.5
250.0
134.5
301.0
50.5
400.0
203.5
214.0
142.0
199.0
493.0
145.0
119.5
113.5
163.0
491.5
295.0
295.0
131.5
283.0
209.5
94.0
65.5
317.5
193.0
104.5
352.0
373.0
112.0
257.5
445.0
365.5
122.5
170.5
95.5
364.0
194.5
335.5
235.0
106.0
140.5
70.0
187.0
512.5
524.5
454.0
73.0
379.0
515.5
416.5
329.5
149.5
94.0
235.0
248.5
205.0
173.5
326.5
286.0
517.0
188.5
167.5
47.5
553.0
295.0
331.0
308.5
460.0
367.0
178.0
439.0
248.5
202.0
86.5
145.0
65.5
167.5
229.0
269.5
67.0
554.5
29.5
260.5
50.5
428.5
391.0
205.0
158.5
211.0
244.0
172.0
430.0
446.5
326.5
166.0
226.0
433.0
236.5
292.0
377.5
196.0
281.5
328.0
205.0
329.5
28.0
317.5
205.0
461.5
409.0
278.5
394.0
83.5
148.0
485.5
80.5
38.5
217.0
179.5
350.5
239.5
380.5
319.0
205.0
70.0
208.0
97.0
212.5
203.5
73.0
74.5
254.5
253.0
149.5
194.5
311.5
59.5
128.5
383.5
476.5
139.0
169.0
242.5
248.5
235.0
553.0
137.5
311.5
227.5
130.0
152.5
122.5
5.5
496.0
74.5
487.0
434.5
100.0
286.0
317.5
287.5
235.0
86.5
326.5
44.5
104.5
254.5
88.0
173.5
49.0
565.0
409.0
116.5
248.5
328.0
58.0
37.0
280.0
202.0
98.5
94.0
179.5
200.5
278.5
235.0
191.5
148.0
422.5
436.0
142.0
184.0
95.5
56.5
140.5
148.0
406.0
185.5
122.5
52.0
200.5
86.5
113.5
170.5
109.0
233.5
350.5
64.0
502.0
172.0
272.5
85.0
269.5
47.5
332.5
74.5
157.0
238.0
107.5
310.0
137.5
142.0
80.5
154.0
362.5
217.0
194.5
113.5
182.5
181.0
529.0
212.5
400.0
133.0
160.0
400.0
286.0
128.5
463.0
287.5
181.0
154.0
121.0
160.0
218.5
28.0
175.0
212.5
61.0
176.5
535.0
370.0
440.5
260.5
217.0
416.5
317.5
113.5
113.5
167.5
134.5
136.0
190.0
187.0
106.0
320.5
94.0
130.0
257.5
71.5
278.5
95.5
77.5
280.0
614.5
229.0
145.0
92.5
242.5
550.0
104.5
61.0
295.0
280.0
301.0
554.5
134.5
208.0
472.0
110.5
208.0
346.0
154.0
367.0
140.5
137.5
296.5
200.5
211.0
64.0
290.5
136.0
371.5
122.5
419.5
434.5
65.5
136.0
277.0
616.0
343.0
253.0
98.5
34.0
158.5
80.5
116.5
25.0
319.0
200.5
65.5
199.0
140.5
224.5
244.0
247.0
386.5
454.0
106.0
122.5
92.5
484.0
94.0
298.0
98.5
257.5
508.0
155.5
56.5
265.0
541.0
176.5
218.5
119.5
326.5
250.0
337.0
100.0
247.0
467.5
149.5
317.5
86.5
50.5
562.0
242.5
419.5
107.5
175.0
71.5
386.5
233.5
560.5
76.0
290.5
175.0
167.5
386.5
121.0
193.0
338.5
95.5
235.0
173.5
76.0
2.5
391.0
382.0
257.5
230.5
125.5
83.5
146.5
524.5
206.5
299.5
158.5
103.0
160.0
329.5
205.0
467.5
70.0
127.0
134.5
137.5
178.0
367.0
200.5
241.0
343.0
284.5
142.0
185.5
149.5
85.0
145.0
289.0
311.5
302.5
250.0
82.0
134.5
170.5
185.5
305.5
469.0
128.5
287.5
119.5
131.5
268.0
107.5
400.0
545.5
112.0
347.5
61.0
91.0
130.0
524.5
148.0
107.5
227.5
415.0
184.0
73.0
308.5
392.5
320.5
472.0
146.5
379.0
140.5
584.5
470.5
62.5
256.0
322.0
158.5
214.0
224.5
562.0
190.0
155.5
212.5
398.5
260.5
328.0
229.0
268.0
208.0
358.0
455.5
182.5
46.0
553.0
323.5
370.0
58.0
448.0
127.0
298.0
355.0
193.0
179.5
97.0
86.5
178.0
124.0
158.5
382.0
488.5
95.5
374.5
212.5
224.5
410.5
271.0
182.5
172.0
320.5
488.5
332.5
430.0
337.0
169.0
221.5
94.0
170.5
280.0
197.5
112.0
518.5
31.0
220.0
316.0
272.5
533.5
359.5
50.5
250.0
247.0
433.0
190.0
131.5
7.0
182.5
397.0
553.0
220.0
251.5
88.0
283.0
343.0
172.0
259.0
259.0
169.0
236.5
163.0
202.0
136.0
253.0
388.0
215.5
460.0
299.5
50.5
8.5
136.0
197.5
71.5
236.5
124.0
218.5
118.0
47.5
328.0
124.0
556.0
110.5
76.0
668.5
293.5
424.0
284.5
44.5
161.5
221.5
280.0
430.0
137.5
134.5
77.5
145.0
212.5
365.5
118.0
295.0
362.5
230.5
164.5
151.0
125.5
71.5
325.0
127.0
115.0
275.5
55.0
295.0
80.5
74.5
331.0
116.5
80.5
280.0
467.5
115.0
152.5
140.5
406.0
217.0
122.5
124.0
169.0
260.5
85.0
305.5
181.0
245.5
64.0
449.5
347.5
166.0
340.0
433.0
335.5
220.0
79.0
667.0
172.0
485.5
314.5
464.5
62.5
112.0
283.0
472.0
578.5
509.5
455.5
332.5
104.5
280.0
517.0
265.0
452.5
521.5
494.5
481.0
340.0
71.5
92.5
607.0
167.5
244.0
295.0
98.5
250.0
205.0
164.5
220.0
277.0
136.0
41.5
344.5
524.5
109.0
209.5
107.5
256.0
146.5
56.5
110.5
193.0
119.5
299.5
149.5
67.0
320.5
142.0
89.5
320.5
67.0
92.5
185.5
37.0
434.5
113.5
50.5
178.0
529.0
683.5
247.0
227.5
313.0
256.0
263.5
254.5
134.5
80.5
340.0
151.0
362.5
241.0
127.0
335.5
293.5
172.0
125.5
200.5
121.0
169.0
109.0
62.5
232.0
95.5
236.5
337.0
92.5
472.0
187.0
527.5
137.5
118.0
238.0
110.5
715.0
589.0
427.0
209.5
53.5
197.5
256.0
76.0
67.0
340.0
347.5
77.5
280.0
110.5
265.0
256.0
326.5
514.0
116.5
269.5
31.0
253.0
269.5
338.5
569.5
217.0
182.5
407.5
46.0
218.5
271.0
82.0
352.0
142.0
247.0
406.0
40.0
299.5
73.0
257.5
206.5
140.5
166.0
58.0
136.0
40.0
197.5
716.5
65.5
139.0
269.5
208.0
155.5
155.5
173.5
65.5
368.5
55.0
148.0
229.0
245.5
289.0
302.5
73.0
37.0
386.5
304.0
196.0
241.0
334.0
424.0
268.0
250.0
49.0
277.0
268.0
458.5
586.0
502.0
194.5
236.5
554.5
107.5
113.5
277.0
92.5
391.0
383.5
220.0
73.0
272.5
175.0
298.0
215.5
356.5
388.0
346.0
160.0
338.5
230.5
94.0
341.5
518.5
37.0
394.0
128.5
224.5
251.5
139.0
500.5
197.5
382.0
47.5
98.5
317.5
88.0
61.0
152.5
293.5
461.5
458.5
277.0
680.5
110.5
367.0
229.0
47.5
367.0
575.5
100.0
61.0
275.5
191.5
182.5
179.5
32.5
203.5
184.0
422.5
151.0
31.0
169.0
122.5
203.5
167.5
134.5
449.5
28.0
379.0
658.0
125.5
139.0
355.0
211.0
74.5
296.5
131.5
154.0
65.5
100.0
157.0
41.5
154.0
301.0
220.0
121.0
194.5
262.0
292.0
557.5
433.0
544.0
164.5
599.5
244.0
92.5
284.5
146.5
196.0
86.5
19.0
191.5
355.0
196.0
142.0
95.5
395.5
143.5
406.0
46.0
88.0
184.0
110.5
53.5
68.5
356.5
265.0
89.5
223.0
227.5
25.0
323.5
86.5
118.0
260.5
494.5
341.5
17.5
286.0
323.5
5.5
149.5
80.5
493.0
310.0
317.5
118.0
43.0
302.5
460.0
242.5
583.0
310.0
340.0
103.0
68.5
245.5
130.0
95.5
290.5
73.0
224.5
206.5
265.0
349.0
487.0
220.0
218.5
104.5
62.5
208.0
331.0
391.0
200.5
301.0
364.0
194.5
179.5
97.0
32.5
62.5
455.5
101.5
463.0
277.0
301.0
157.0
43.0
383.5
191.5
200.5
199.0
89.5
136.0
145.0
329.5
223.0
431.5
524.5
92.5
517.0
82.0
614.5
218.5
596.5
53.5
314.5
395.5
121.0
110.5
14.5
94.0
439.0
320.5
47.5
244.0
38.5
386.5
220.0
443.5
302.5
223.0
280.0
199.0
235.0
217.0
223.0
257.5
326.5
110.5
86.5
643.0
349.0
125.5
145.0
110.5
176.5
14.5
253.0
334.0
70.0
470.5
538.0
133.0
160.0
13.0
112.0
86.5
158.5
293.5
220.0
146.5
149.5
224.5
461.5
379.0
392.5
220.0
244.0
113.5
272.5
167.5
170.5
241.0
244.0
397.0
434.5
251.5
121.0
430.0
53.5
152.5
292.0
136.0
304.0
356.5
454.0
35.5
154.0
365.5
137.5
121.0
346.0
118.0
46.0
391.0
155.5
205.0
521.5
433.0
593.5
350.5
448.0
314.5
232.0
514.0
178.0
188.5
127.0
166.0
193.0
167.5
449.5
82.0
118.0
262.0
421.0
64.0
92.5
140.5
76.0
331.0
184.0
398.5
407.5
113.5
223.0
311.5
497.5
271.0
179.5
95.5
440.5
473.5
230.5
86.5
335.5
103.0
191.5
121.0
224.5
238.0
100.0
181.0
130.0
239.5
248.5
88.0
560.5
310.0
500.5
82.0
181.0
113.5
82.0
271.0
164.5
122.5
434.5
212.5
175.0
131.5
290.5
74.5
268.0
13.0
8.5
329.5
215.5
392.5
280.0
170.5
70.0
124.0
341.5
157.0
29.5
379.0
242.5
449.5
83.5
361.0
80.5
142.0
400.0
430.0
302.5
136.0
220.0
173.5
109.0
422.5
200.5
106.0
109.0
146.5
184.0
382.0
190.0
133.0
269.5
184.0
157.0
304.0
269.5
292.0
71.5
187.0
140.5
296.5
541.0
149.5
47.5
229.0
248.5
512.5
46.0
320.5
154.0
256.0
101.5
143.5
316.0
41.5
577.0
439.0
256.0
95.5
220.0
139.0
494.5
167.5
20.5
113.5
25.0
97.0
515.5
565.0
370.0
214.0
287.5
64.0
134.5
160.0
358.0
343.0
455.5
74.5
269.5
62.5
197.5
142.0
106.0
251.5
172.0
260.5
454.0
116.5
175.0
205.0
224.5
206.5
95.5
332.5
253.0
281.5
167.5
212.5
143.5
92.5
275.5
206.5
292.0
479.5
52.0
95.5
523.0
140.5
388.0
464.5
178.0
302.5
143.5
152.5
152.5
121.0
418.0
262.0
76.0
74.5
302.5
133.0
284.5
133.0
160.0
575.5
278.5
113.5
280.0
71.5
157.0
524.5
92.5
98.5
350.5
278.5
131.5
226.0
97.0
22.0
44.5
281.5
232.0
173.5
200.5
46.0
346.0
391.0
83.5
374.5
328.0
401.5
59.5
154.0
82.0
5.5
226.0
124.0
74.5
256.0
182.5
53.5
104.5
115.0
158.5
211.0
305.5
214.0
151.0
82.0
62.5
175.0
247.0
206.5
305.5
128.5
511.0
257.5
431.5
469.0
247.0
73.0
347.5
215.5
127.0
85.0
401.5
185.5
479.5
31.0
161.5
14.5
173.5
182.5
253.0
196.0
71.5
187.0
124.0
161.5
41.5
457.0
313.0
134.5
337.0
353.5
134.5
247.0
100.0
275.5
163.0
142.0
29.5
442.0
202.0
290.5
230.5
164.5
59.5
56.5
245.5
161.5
467.5
59.5
278.5
119.5
8.5
322.0
109.0
614.5
172.0
167.5
262.0
400.0
209.5
416.5
199.0
614.5
148.0
275.5
449.5
53.5
50.5
148.0
67.0
188.5
74.5
188.5
166.0
509.5
385.0
91.0
446.5
52.0
317.5
64.0
227.5
112.0
259.0
434.5
28.0
28.0
154.0
61.0
128.5
203.5
284.5
334.0
239.5
149.5
133.0
145.0
167.5
274.0
70.0
187.0
280.0
119.5
265.0
113.5
145.0
65.5
457.0
434.5
382.0
193.0
301.0
314.5
287.5
212.5
62.5
115.0
251.5
247.0
38.5
301.0
92.5
295.0
146.5
473.5
173.5
175.0
269.5
248.5
334.0
328.0
112.0
155.5
415.0
298.0
65.5
299.5
194.5
316.0
413.5
185.5
95.5
422.5
241.0
49.0
263.5
125.5
382.0
49.0
470.5
133.0
53.5
80.5
308.5
308.5
314.5
199.0
140.5
361.0
214.0
119.5
196.0
242.5
373.0
340.0
163.0
110.5
310.0
95.5
254.5
221.5
158.5
37.0
209.5
137.5
134.5
332.5
113.5
100.0
164.5
401.5
224.5
245.5
440.5
368.5
407.5
265.0
103.0
580.0
470.5
412.0
223.0
619.0
476.5
344.5
95.5
236.5
118.0
277.0
127.0
391.0
124.0
101.5
437.5
283.0
56.5
245.5
329.5
395.5
208.0
61.0
62.5
215.5
139.0
365.5
70.0
271.0
50.5
187.0
89.5
68.5
194.5
115.0
154.0
88.0
134.5
548.5
133.0
86.5
173.5
151.0
56.5
166.0
115.0
260.5
109.0
139.0
578.5
58.0
242.5
77.5
284.5
77.5
89.5
89.5
475.0
190.0
376.0
194.5
527.5
485.5
185.5
383.5
400.0
476.5
311.5
157.0
406.0
371.5
146.5
227.5
130.0
166.0
119.5
23.5
289.0
64.0
296.5
58.0
185.5
77.5
182.5
170.5
230.5
254.5
454.0
418.0
416.5
434.5
118.0
401.5
413.5
341.5
92.5
589.0
133.0
112.0
236.5
221.5
223.0
490.0
101.5
157.0
259.0
121.0
95.5
125.5
232.0
215.5
190.0
229.0
13.0
304.0
340.0
209.5
365.5
151.0
139.0
293.5
136.0
203.5
412.0
271.0
488.5
37.0
269.5
85.0
443.5
113.5
493.0
334.0
208.0
356.5
46.0
79.0
211.0
157.0
101.5
206.5
161.5
95.5
79.0
128.5
62.5
58.0
223.0
331.0
415.0
28.0
260.5
208.0
338.5
301.0
115.0
559.0
46.0
137.5
166.0
88.0
287.5
413.5
89.5
230.5
13.0
410.5
125.5
511.0
41.5
80.5
257.5
152.5
113.5
106.0
202.0
130.0
281.5
710.5
172.0
107.5
286.0
131.5
368.5
398.5
326.5
302.5
290.5
127.0
265.0
557.5
100.0
119.5
442.0
349.0
140.5
239.5
217.0
82.0
269.5
175.0
71.5
79.0
88.0
65.5
62.5
83.5
266.5
50.5
397.0
88.0
185.5
220.0
149.5
251.5
230.5
425.5
364.0
236.5
113.5
298.0
433.0
137.5
208.0
101.5
202.0
355.0
391.0
412.0
50.5
325.0
437.5
118.0
127.0
247.0
172.0
154.0
103.0
316.0
310.0
77.5
97.0
160.0
199.0
136.0
208.0
116.5
34.0
50.5
128.5
424.0
305.5
148.0
155.5
554.5
565.0
86.5
434.5
80.5
121.0
187.0
329.5
125.5
265.0
73.0
142.0
95.5
166.0
56.5
283.0
356.5
152.5
91.0
64.0
214.0
137.5
424.0
196.0
125.5
38.5
203.5
388.0
514.0
61.0
137.5
127.0
547.0
473.5
125.5
112.0
104.5
229.0
155.5
119.5
253.0
184.0
91.0
190.0
136.0
508.0
134.5
31.0
155.5
445.0
187.0
140.5
191.5
68.5
76.0
380.5
119.5
191.5
74.5
115.0
427.0
187.0
362.5
59.5
178.0
407.5
311.5
55.0
412.0
73.0
145.0
128.5
133.0
268.0
122.5
200.5
178.0
101.5
100.0
71.5
253.0
362.5
172.0
205.0
110.5
187.0
121.0
320.5
121.0
244.0
212.5
130.0
344.5
157.0
109.0
200.5
431.5
137.5
151.0
107.5
191.5
88.0
236.5
181.0
356.5
589.0
535.0
401.5
89.5
166.0
104.5
389.5
251.5
127.0
197.5
328.0
559.0
478.0
38.5
220.0
190.0
373.0
89.5
323.5
241.0
133.0
355.0
338.5
245.5
217.0
254.5
209.5
337.0
158.5
118.0
212.5
29.5
304.0
41.5
224.5
293.5
505.0
206.5
326.5
473.5
58.0
212.5
334.0
437.5
179.5
314.5
40.0
551.5
562.0
38.5
160.0
443.5
100.0
481.0
143.5
71.5
83.5
125.5
560.5
409.0
259.0
265.0
329.5
272.5
83.5
365.5
220.0
182.5
377.5
263.5
287.5
22.0
140.5
380.5
49.0
416.5
122.5
332.5
173.5
256.0
331.0
404.5
250.0
374.5
62.5
344.5
286.0
337.0
92.5
236.5
70.0
95.5
271.0
83.5
136.0
47.5
224.5
518.5
145.0
100.0
260.5
620.5
346.0
479.5
526.0
382.0
491.5
211.0
134.5
433.0
607.0
158.5
127.0
206.5
139.0
136.0
160.0
379.0
191.5
205.0
361.0
137.5
179.5
118.0
134.5
382.0
28.0
236.5
181.0
140.5
368.5
98.5
272.5
470.5
28.0
529.0
133.0
224.5
410.5
473.5
604.0
380.5
253.0
31.0
119.5
49.0
280.0
251.5
421.0
65.5
80.5
136.0
178.0
292.0
152.5
274.0
364.0
368.5
197.5
142.0
83.5
97.0
119.5
382.0
218.5
70.0
61.0
308.5
239.5
113.5
92.5
394.0
368.5
319.0
89.5
244.0
364.0
407.5
260.5
74.5
64.0
266.5
341.5
167.5
248.5
134.5
359.5
31.0
271.0
91.0
82.0
113.5
209.5
154.0
191.5
110.5
218.5
235.0
194.5
200.5
202.0
286.0
139.0
304.0
35.5
440.5
79.0
512.5
71.5
445.0
298.0
340.0
538.0
211.0
194.5
446.5
137.5
127.0
380.5
350.5
290.5
263.5
344.5
97.0
116.5
143.5
23.5
224.5
152.5
124.0
136.0
256.0
394.0
145.0
247.0
485.5
254.5
71.5
143.5
67.0
146.5
115.0
418.0
127.0
554.5
188.5
391.0
430.0
223.0
245.5
160.0
131.5
500.5
76.0
49.0
139.0
244.0
281.5
109.0
254.5
211.0
278.5
274.0
319.0
431.5
385.0
275.5
425.5
241.0
50.5
253.0
268.0
497.5
119.5
160.0
259.0
223.0
355.0
167.5
104.5
142.0
550.0
391.0
220.0
247.0
38.5
403.0
74.5
188.5
7.0
323.5
170.5
115.0
400.0
151.0
317.5
176.5
130.0
377.5
160.0
106.0
329.5
139.0
97.0
191.5
278.5
344.5
220.0
103.0
730.0
218.5
191.5
341.5
112.0
176.5
95.5
134.5
26.5
140.5
68.5
304.0
224.5
364.0
124.0
547.0
263.5
217.0
358.0
226.0
238.0
28.0
118.0
251.5
353.5
155.5
134.5
296.5
88.0
254.5
211.0
142.0
367.0
232.0
287.5
158.5
149.5
442.0
328.0
217.0
436.0
233.5
202.0
344.5
199.0
263.5
448.0
185.5
164.5
34.0
284.5
226.0
424.0
638.5
101.5
83.5
185.5
109.0
85.0
593.5
490.0
238.0
409.0
340.0
263.5
73.0
278.5
226.0
185.5
253.0
341.5
295.0
104.5
148.0
343.0
164.5
59.5
73.0
262.0
85.0
77.5
107.5
301.0
184.0
139.0
23.5
193.0
13.0
275.5
428.5
167.5
154.0
191.5
59.5
226.0
80.5
251.5
265.0
178.0
254.5
286.0
29.5
173.5
320.5
266.5
181.0
125.5
476.5
199.0
220.0
139.0
268.0
238.0
148.0
508.0
19.0
260.5
98.5
103.0
460.0
404.5
292.0
257.5
119.5
181.0
37.0
182.5
133.0
127.0
334.0
157.0
118.0
203.5
185.5
61.0
481.0
299.5
88.0
292.0
676.0
113.5
136.0
182.5
254.5
139.0
389.5
340.0
34.0
323.5
212.5
181.0
223.0
209.5
449.5
365.5
416.5
119.5
154.0
293.5
175.0
109.0
247.0
256.0
121.0
278.5
133.0
145.0
430.0
253.0
371.5
326.5
403.0
149.5
119.5
196.0
373.0
169.0
85.0
344.5
259.0
158.5
286.0
95.5
599.5
125.5
55.0
170.5
238.0
49.0
148.0
79.0
112.0
353.5
160.0
119.5
541.0
260.5
101.5
202.0
98.5
193.0
197.5
173.5
94.0
209.5
287.5
134.5
502.0
398.5
304.0
397.0
98.5
137.5
19.0
454.0
341.5
374.5
490.0
251.5
284.5
407.5
274.0
106.0
355.0
34.0
209.5
124.0
310.0
190.0
116.5
367.0
290.5
104.5
442.0
47.5
40.0
398.5
157.0
289.0
160.0
229.0
292.0
166.0
280.0
70.0
103.0
95.5
89.5
301.0
79.0
142.0
469.0
536.5
136.0
116.5
203.5
73.0
166.0
221.5
161.5
578.5
242.5
158.5
320.5
97.0
292.0
277.0
142.0
443.5
355.0
362.5
283.0
193.0
290.5
19.0
352.0
80.5
331.0
262.0
118.0
281.5
224.5
422.5
304.0
55.0
278.5
382.0
100.0
119.5
611.5
161.5
49.0
76.0
508.0
184.0
398.5
79.0
155.5
221.5
77.5
508.0
140.5
149.5
242.5
364.0
313.0
505.0
23.5
91.0
242.5
131.5
185.5
161.5
140.5
164.5
415.0
107.5
157.0
461.5
376.0
184.0
269.5
32.5
313.0
154.0
245.5
458.5
487.0
181.0
485.5
158.5
350.5
358.0
431.5
179.5
100.0
188.5
170.5
166.0
61.0
191.5
443.5
698.5
71.5
149.5
181.0
368.5
443.5
157.0
548.5
280.0
103.0
548.5
190.0
200.5
167.5
140.5
133.0
10.0
176.5
118.0
440.5
209.5
346.0
188.5
235.0
305.5
121.0
676.0
166.0
97.0
97.0
121.0
197.5
155.5
136.0
271.0
337.0
164.5
521.5
229.0
325.0
338.5
197.5
70.0
331.0
76.0
152.5
287.5
419.5
485.5
562.0
190.0
514.0
466.0
151.0
106.0
434.5
226.0
94.0
103.0
412.0
164.5
367.0
119.5
355.0
467.5
472.0
200.5
152.5
38.5
215.5
298.0
325.0
524.5
235.0
179.5
283.0
106.0
49.0
202.0
152.5
241.0
226.0
434.5
322.0
196.0
257.5
224.5
319.0
232.0
328.0
127.0
328.0
155.5
247.0
269.5
302.5
202.0
223.0
26.5
250.0
404.5
358.0
154.0
370.0
380.5
163.0
113.5
472.0
526.0
97.0
340.0
322.0
100.0
247.0
487.0
41.5
322.0
136.0
181.0
191.5
190.0
445.0
230.5
43.0
53.5
250.0
170.5
214.0
55.0
229.0
136.0
209.5
181.0
214.0
107.5
428.5
223.0
50.5
239.5
77.5
76.0
82.0
307.0
118.0
127.0
434.5
64.0
80.5
277.0
50.5
349.0
89.5
295.0
146.5
322.0
230.5
182.5
143.5
112.0
164.5
94.0
14.5
106.0
332.5
106.0
229.0
89.5
412.0
314.5
164.5
380.5
319.0
608.5
659.5
170.5
151.0
182.5
77.5
206.5
100.0
65.5
163.0
101.5
