727.0
794.5
655.0
61.0
505.0
425.5
61.0
685.0
524.5
301.0
811.0
733.0
734.5
800.5
220.0
188.5
659.5
457.0
110.5
628.0
764.5
398.5
499.0
725.5
700.0
601.0
800.5
679.0
538.0
508.0
698.5
674.5
851.5
457.0
824.5
539.5
416.5
688.0
629.5
524.5
679.0
722.5
764.5
652.0
637.0
833.5
718.0
842.5
814.0
604.0
682.0
215.5
701.5
647.5
626.5
548.5
220.0
367.0
824.5
835.0
148.0
806.5
674.5
304.0
760.0
346.0
481.0
821.5
647.5
458.5
536.5
686.5
803.5
734.5
245.5
599.5
808.0
580.0
818.5
623.5
824.5
797.5
808.0
206.5
560.5
847.0
415.0
785.5
781.0
778.0
749.5
596.5
484.0
818.5
611.5
773.5
742.0
682.0
439.0
548.5
469.0
722.5
395.5
754.0
794.5
784.0
760.0
779.5
407.5
551.5
214.0
848.5
707.5
676.0
337.0
655.0
409.0
689.5
530.5
700.0
811.0
773.5
581.5
680.5
571.0
662.5
584.5
782.5
667.0
548.5
491.5
752.5
644.5
626.5
778.0
584.5
451.0
719.5
176.5
469.0
613.0
592.0
464.5
542.5
434.5
646.0
562.0
743.5
869.5
722.5
662.5
556.0
862.0
377.5
623.5
596.5
667.0
202.0
611.5
632.5
421.0
812.5
788.5
158.5
655.0
188.5
301.0
782.5
496.0
695.5
601.0
394.0
622.0
211.0
110.5
797.5
439.0
394.0
653.5
419.5
584.5
709.0
659.5
763.0
695.5
53.5
400.0
599.5
586.0
757.0
769.0
151.0
307.0
808.0
881.5
238.0
613.0
749.5
485.5
313.0
686.5
110.5
661.0
743.5
394.0
298.0
655.0
703.0
745.0
784.0
197.5
355.0
187.0
823.0
661.0
773.5
515.5
518.5
895.0
295.0
709.0
794.5
595.0
571.0
781.0
716.5
610.0
815.5
581.5
365.5
695.5
716.5
569.5
329.5
343.0
685.0
418.0
568.0
808.0
515.5
574.0
289.0
173.5
821.5
566.5
581.5
821.5
715.0
409.0
374.5
788.5
685.0
256.0
745.0
721.0
368.5
721.0
713.5
790.0
718.0
806.5
700.0
536.5
659.5
692.5
631.0
664.0
650.5
850.0
406.0
721.0
89.5
500.5
707.5
607.0
770.5
707.5
212.5
712.0
784.0
851.5
787.0
818.5
646.0
746.5
731.5
758.5
748.0
251.5
731.5
644.5
218.5
374.5
701.5
676.0
730.0
662.5
757.0
647.5
206.5
766.0
641.5
820.0
184.0
757.0
566.5
647.5
712.0
682.0
715.0
818.5
796.0
278.5
739.0
479.5
830.5
493.0
784.0
208.0
152.5
514.0
230.5
406.0
358.0
694.0
827.5
545.5
445.0
667.0
52.0
43.0
706.0
28.0
536.5
701.5
613.0
779.5
607.0
299.5
616.0
727.0
550.0
389.5
709.0
187.0
731.5
329.5
713.5
469.0
587.5
217.0
110.5
583.0
473.5
164.5
497.5
497.5
851.5
572.5
649.0
299.5
821.5
664.0
671.5
226.0
499.0
374.5
395.5
166.0
764.5
362.5
616.0
803.5
758.5
656.5
778.0
743.5
655.0
737.5
424.0
625.0
709.0
556.0
227.5
643.0
673.0
715.0
785.5
721.0
437.5
167.5
557.5
47.5
815.5
313.0
730.0
748.0
712.0
664.0
814.0
563.5
614.5
874.0
697.0
664.0
718.0
745.0
257.5
259.0
637.0
686.5
623.5
646.0
520.0
584.5
685.0
607.0
850.0
509.5
868.0
602.5
214.0
397.0
638.5
725.5
790.0
583.0
752.5
722.5
788.5
284.5
715.0
764.5
295.0
662.5
646.0
631.0
523.0
763.0
790.0
815.5
694.0
512.5
257.5
637.0
611.5
224.5
296.5
704.5
736.0
227.5
716.5
586.0
730.0
325.0
836.5
515.5
170.5
827.5
523.0
724.0
397.0
628.0
566.5
701.5
61.0
770.5
401.5
587.5
695.5
770.5
776.5
775.0
335.5
788.5
221.5
793.0
509.5
563.5
566.5
610.0
514.0
739.0
656.5
464.5
539.5
236.5
551.5
650.5
766.0
658.0
737.5
797.5
601.0
836.5
505.0
499.0
344.5
554.5
617.5
760.0
595.0
767.5
716.5
188.5
713.5
578.5
577.0
680.5
418.0
766.0
290.5
584.5
700.0
568.0
104.5
791.5
838.0
653.5
509.5
502.0
743.5
742.0
659.5
719.5
473.5
527.5
710.5
97.0
754.0
682.0
133.0
785.5
593.5
635.5
166.0
470.5
251.5
494.5
734.5
266.5
620.5
323.5
721.0
766.0
709.0
703.0
791.5
290.5
661.0
575.5
491.5
697.0
761.5
694.0
634.0
226.0
776.5
790.0
787.0
565.0
802.0
580.0
604.0
658.0
797.5
251.5
809.5
628.0
599.5
326.5
536.5
577.0
793.0
808.0
743.5
835.0
643.0
652.0
220.0
733.0
722.5
770.5
656.5
667.0
622.0
677.5
857.5
725.5
628.0
844.0
691.0
623.5
185.5
47.5
266.5
394.0
656.5
788.5
584.5
290.5
710.5
514.0
569.5
463.0
835.0
602.5
220.0
361.0
104.5
829.0
697.0
295.0
173.5
734.5
538.0
796.0
622.0
770.5
596.5
566.5
266.5
700.0
742.0
613.0
431.5
679.0
638.5
839.5
832.0
278.5
797.5
542.5
514.0
589.0
313.0
37.0
232.0
656.5
812.5
230.5
811.0
290.5
649.0
554.5
610.0
824.5
766.0
497.5
620.5
752.5
757.0
575.5
628.0
293.5
838.0
607.0
845.5
496.0
578.5
532.0
808.0
793.0
86.5
742.0
514.0
745.0
481.0
670.0
626.5
749.5
805.0
647.5
719.5
124.0
734.5
724.0
715.0
530.5
758.5
683.5
826.0
701.5
523.0
557.5
736.0
35.5
428.5
728.5
389.5
349.0
793.0
535.0
233.5
251.5
457.0
823.0
373.0
221.5
788.5
668.5
658.0
430.0
694.0
763.0
625.0
662.5
725.5
509.5
241.0
320.5
127.0
730.0
688.0
550.0
773.5
851.5
610.0
143.5
614.5
479.5
809.5
634.0
703.0
560.5
709.0
719.5
787.0
704.5
733.0
802.0
671.5
779.5
199.0
305.5
535.0
668.5
554.5
154.0
311.5
425.5
646.0
673.0
650.5
391.0
694.0
697.0
220.0
767.5
641.5
695.5
634.0
866.5
490.0
686.5
733.0
818.5
553.0
739.0
775.0
137.5
694.0
472.0
287.5
796.0
641.5
586.0
781.0
683.5
611.5
338.5
641.5
818.5
797.5
727.0
758.5
661.0
685.0
779.5
593.5
839.5
763.0
178.0
242.5
247.0
481.0
607.0
656.5
101.5
398.5
472.0
340.0
541.0
760.0
278.5
218.5
95.5
596.5
838.0
508.0
802.0
725.5
742.0
815.5
724.0
431.5
677.5
586.0
773.5
613.0
337.0
811.0
745.0
742.0
569.5
793.0
620.5
592.0
365.5
436.0
778.0
497.5
815.5
446.5
236.5
176.5
691.0
713.5
479.5
166.0
337.0
541.0
796.0
433.0
550.0
482.5
514.0
128.5
626.5
770.5
805.0
590.5
790.0
313.0
452.5
583.0
308.5
536.5
497.5
557.5
434.5
811.0
220.0
791.5
406.0
461.5
739.0
550.0
745.0
712.0
796.0
155.5
623.5
658.0
728.5
649.0
266.5
77.5
298.0
601.0
305.5
359.5
7.0
628.0
659.5
713.5
599.5
776.5
803.5
449.5
707.5
476.5
259.0
647.5
386.5
743.5
793.0
223.0
557.5
251.5
427.0
814.0
763.0
253.0
650.5
809.5
511.0
455.5
656.5
362.5
865.0
793.0
608.5
91.0
196.0
524.5
811.0
808.0
539.5
718.0
550.0
364.0
622.0
370.0
263.5
674.5
512.5
82.0
574.0
238.0
722.5
622.0
760.0
568.0
629.5
649.0
466.0
847.0
860.5
451.0
634.0
665.5
277.0
706.0
757.0
550.0
755.5
473.5
755.5
781.0
688.0
734.5
760.0
622.0
278.5
181.0
727.0
547.0
529.0
761.5
355.0
253.0
793.0
830.5
598.0
821.5
751.0
722.5
665.5
250.0
436.0
808.0
706.0
478.0
883.0
721.0
724.0
500.5
778.0
745.0
653.5
833.5
721.0
718.0
392.5
635.5
845.5
521.5
803.5
161.5
830.5
664.0
107.5
865.0
725.5
431.5
784.0
452.5
401.5
571.0
569.5
250.0
250.0
740.5
503.5
812.5
682.0
674.5
287.5
256.0
727.0
718.0
77.5
770.5
490.0
374.5
311.5
781.0
115.0
812.5
322.0
632.5
595.0
691.0
446.5
769.0
451.0
676.0
826.0
614.5
446.5
208.0
764.5
704.5
592.0
719.5
206.5
478.0
728.5
388.0
613.0
83.5
197.5
730.0
733.0
613.0
683.5
674.5
761.5
619.0
485.5
725.5
328.0
688.0
431.5
733.0
322.0
728.5
632.5
328.0
271.0
781.0
826.0
674.5
607.0
382.0
784.0
313.0
326.5
631.0
680.5
676.0
719.5
866.5
706.0
712.0
524.5
859.0
802.0
742.0
722.5
619.0
484.0
643.0
175.0
526.0
710.5
860.5
179.5
850.0
34.0
800.5
647.5
778.0
832.0
691.0
751.0
797.5
785.5
439.0
644.5
368.5
800.5
580.0
755.5
791.5
736.0
835.0
662.5
413.5
343.0
659.5
230.5
704.5
370.0
713.5
238.0
691.0
625.0
580.0
563.5
479.5
749.5
859.0
797.5
827.5
556.0
767.5
265.0
260.5
337.0
697.0
868.0
374.5
709.0
656.5
733.0
706.0
728.5
695.5
721.0
530.5
727.0
658.0
800.5
340.0
644.5
392.5
884.5
728.5
493.0
484.0
685.0
763.0
614.5
767.5
554.5
757.0
127.0
440.5
410.5
481.0
175.0
233.5
665.5
739.0
872.5
809.5
331.0
61.0
839.5
805.0
701.5
623.5
620.5
598.0
626.5
463.0
464.5
698.5
863.5
815.5
673.0
413.5
860.5
592.0
773.5
724.0
605.5
364.0
169.0
664.0
622.0
781.0
728.5
185.5
548.5
746.5
824.5
683.5
391.0
803.5
683.5
161.5
704.5
701.5
782.5
440.5
173.5
787.0
112.0
701.5
785.5
590.5
881.5
353.5
767.5
664.0
689.5
826.0
635.5
608.5
731.5
743.5
698.5
667.0
719.5
712.0
674.5
122.5
616.0
71.5
728.5
100.0
734.5
529.0
698.5
274.0
166.0
685.0
298.0
194.5
599.5
736.0
736.0
731.5
613.0
430.0
677.5
818.5
797.5
406.0
553.0
686.5
739.0
812.5
464.5
443.5
710.5
196.0
149.5
386.5
319.0
643.0
694.0
599.5
64.0
323.5
859.0
400.0
638.5
746.5
557.5
880.0
746.5
514.0
535.0
649.0
238.0
391.0
613.0
662.5
563.5
698.5
547.0
739.0
40.0
716.5
581.5
659.5
659.5
469.0
718.0
401.5
818.5
556.0
877.0
539.5
568.0
347.5
421.0
689.5
743.5
614.5
553.0
611.5
335.5
622.0
272.5
710.5
760.0
418.0
817.0
704.5
790.0
697.0
610.0
365.5
755.5
427.0
592.0
719.5
337.0
629.5
172.0
368.5
407.5
766.0
488.5
608.5
508.0
731.5
281.5
473.5
283.0
460.0
349.0
533.5
334.0
388.0
674.5
505.0
560.5
529.0
113.5
749.5
722.5
536.5
770.5
761.5
398.5
817.0
835.0
397.0
817.0
811.0
694.0
763.0
796.0
760.0
694.0
632.5
326.5
260.5
703.0
815.5
623.5
508.0
523.0
433.0
290.5
743.5
580.0
329.5
871.0
553.0
773.5
593.5
625.0
436.0
496.0
809.5
763.0
560.5
802.0
118.0
262.0
317.5
695.5
656.5
850.0
325.0
430.0
367.0
854.5
103.0
208.0
545.5
709.0
175.0
767.5
368.5
764.5
746.5
761.5
362.5
517.0
355.0
442.0
665.5
100.0
802.0
601.0
599.5
466.0
140.5
415.0
307.0
145.0
796.0
599.5
584.5
718.0
298.0
649.0
800.5
556.0
184.0
587.5
661.0
709.0
710.5
809.5
838.0
446.5
901.0
757.0
608.5
527.5
56.5
404.5
772.0
346.0
770.5
674.5
859.0
572.5
628.0
197.5
553.0
137.5
208.0
617.5
508.0
764.5
278.5
488.5
653.5
775.0
227.5
665.5
653.5
640.0
767.5
602.5
832.0
718.0
911.5
695.5
350.5
812.5
683.5
641.5
607.0
803.5
340.0
428.5
686.5
791.5
634.0
716.5
799.0
754.0
886.0
641.5
775.0
725.5
371.5
685.0
551.5
802.0
113.5
608.5
674.5
793.0
344.5
611.5
725.5
685.0
664.0
842.5
754.0
373.0
679.0
797.5
752.5
737.5
631.0
479.5
763.0
187.0
572.5
97.0
145.0
743.5
686.5
788.5
656.5
491.5
554.5
79.0
646.0
653.5
674.5
286.0
640.0
682.0
698.5
773.5
211.0
260.5
496.0
332.5
637.0
781.0
733.0
533.5
644.5
688.0
680.5
794.5
206.5
548.5
329.5
769.0
458.5
721.0
644.5
731.5
461.5
614.5
395.5
794.5
866.5
734.5
329.5
481.0
676.0
698.5
598.0
523.0
514.0
292.0
550.0
580.0
541.0
746.5
449.5
676.0
599.5
851.5
805.0
701.5
158.5
820.0
506.5
260.5
662.5
784.0
739.0
706.0
412.0
817.0
769.0
638.5
791.5
608.5
656.5
307.0
728.5
268.0
590.5
632.5
871.0
752.5
557.5
724.0
500.5
605.5
790.0
521.5
323.5
295.0
731.5
805.0
782.5
701.5
731.5
563.5
821.5
800.5
497.5
772.0
410.5
650.5
734.5
676.0
722.5
574.0
529.0
548.5
550.0
850.0
808.0
514.0
787.0
791.5
334.0
791.5
406.0
565.0
367.0
719.5
313.0
137.5
815.5
362.5
703.0
56.5
650.5
751.0
161.5
151.0
502.0
257.5
649.0
764.5
251.5
539.5
533.5
754.0
335.5
557.5
650.5
443.5
605.5
694.0
697.0
544.0
256.0
590.5
617.5
226.0
710.5
707.5
124.0
530.5
685.0
341.5
784.0
442.0
578.5
703.0
652.0
700.0
632.5
784.0
572.5
173.5
737.5
524.5
658.0
709.0
430.0
190.0
763.0
727.0
731.5
866.5
718.0
719.5
551.5
541.0
655.0
100.0
541.0
466.0
122.5
793.0
763.0
608.5
202.0
449.5
698.5
230.5
683.5
647.5
463.0
778.0
803.5
272.5
662.5
832.0
374.5
505.0
715.0
839.5
610.0
763.0
718.0
574.0
692.5
559.0
202.0
617.5
766.0
685.0
803.5
374.5
541.0
481.0
536.5
688.0
776.5
791.5
541.0
605.5
866.5
701.5
718.0
194.5
707.5
587.5
613.0
452.5
715.0
530.5
871.0
319.0
388.0
757.0
751.0
202.0
724.0
559.0
256.0
445.0
604.0
467.5
533.5
740.5
605.5
710.5
368.5
739.0
785.5
623.5
788.5
565.0
604.0
841.0
601.0
478.0
881.5
523.0
764.5
499.0
551.5
686.5
277.0
677.5
734.5
449.5
233.5
658.0
424.0
841.0
614.5
724.0
809.5
694.0
260.5
64.0
712.0
629.5
689.5
665.5
436.0
295.0
550.0
721.0
785.5
578.5
787.0
668.5
763.0
665.5
446.5
689.5
292.0
596.5
635.5
730.0
734.5
409.0
664.0
704.5
671.5
817.0
662.5
745.0
538.0
329.5
497.5
824.5
586.0
688.0
824.5
683.5
314.5
655.0
755.5
520.0
649.0
544.0
626.5
242.5
817.0
568.0
850.0
674.5
634.0
767.5
497.5
775.0
316.0
119.5
671.5
572.5
617.5
299.5
572.5
790.0
637.0
704.5
878.5
728.5
692.5
752.5
680.5
562.0
175.0
761.5
377.5
701.5
748.0
107.5
67.0
118.0
715.0
865.0
742.0
187.0
706.0
604.0
772.0
731.5
697.0
835.0
640.0
649.0
344.5
640.0
638.5
640.0
701.5
626.5
590.5
227.5
326.5
745.0
757.0
338.5
572.5
680.5
166.0
485.5
712.0
541.0
509.5
371.5
563.5
739.0
502.0
533.5
328.0
685.0
241.0
619.0
740.5
871.0
785.5
724.0
374.5
131.5
664.0
688.0
208.0
604.0
596.5
733.0
722.5
559.0
691.0
844.0
796.0
304.0
398.5
169.0
337.0
328.0
637.0
793.0
485.5
559.0
856.0
686.5
670.0
785.5
760.0
685.0
700.0
493.0
650.5
539.5
260.5
671.5
596.5
686.5
770.5
106.0
580.0
719.5
509.5
724.0
677.5
610.0
781.0
860.5
589.0
802.0
475.0
439.0
334.0
878.5
577.0
743.5
508.0
449.5
515.5
392.5
793.0
763.0
160.0
809.5
742.0
742.0
736.0
871.0
323.5
805.0
641.5
775.0
445.0
308.5
604.0
359.5
608.5
758.5
788.5
581.5
730.0
701.5
581.5
728.5
655.0
287.5
812.5
371.5
62.5
769.0
350.5
338.5
740.5
650.5
835.0
559.0
668.5
362.5
724.0
392.5
523.0
535.0
616.0
293.5
79.0
193.0
569.5
773.5
724.0
596.5
410.5
128.5
836.5
752.5
833.5
458.5
637.0
553.0
115.0
652.0
449.5
854.5
857.5
866.5
844.0
784.0
91.0
448.0
383.5
760.0
740.5
38.5
644.5
757.0
725.5
151.0
776.5
631.0
698.5
554.5
817.0
652.0
605.5
649.0
689.5
766.0
701.5
764.5
566.5
502.0
806.5
377.5
370.0
394.0
458.5
589.0
659.5
374.5
205.0
712.0
823.0
494.5
731.5
782.5
637.0
227.5
137.5
836.5
475.0
694.0
377.5
650.5
203.5
56.5
793.0
634.0
574.0
781.0
230.5
632.5
34.0
727.0
256.0
239.5
803.5
749.5
695.5
743.5
709.0
364.0
634.0
779.5
401.5
691.0
758.5
557.5
337.0
806.5
299.5
251.5
605.5
781.0
437.5
704.5
17.5
736.0
821.5
626.5
238.0
394.0
871.0
593.5
76.0
520.0
353.5
835.0
760.0
527.5
422.5
334.0
584.5
287.5
734.5
410.5
599.5
659.5
613.0
736.0
763.0
781.0
230.5
754.0
188.5
745.0
674.5
760.0
308.5
835.0
757.0
760.0
538.0
809.5
628.0
716.5
518.5
815.5
832.0
601.0
254.5
415.0
559.0
742.0
289.0
785.5
158.5
569.5
629.5
665.5
592.0
787.0
284.5
424.0
379.0
757.0
685.0
289.0
629.5
497.5
47.5
806.5
445.0
424.0
635.5
731.5
518.5
790.0
619.0
767.5
727.0
101.5
856.0
610.0
734.5
325.0
419.5
848.5
265.0
658.0
721.0
605.5
266.5
686.5
794.5
224.5
544.0
197.5
676.0
548.5
523.0
638.5
818.5
481.0
841.0
511.0
730.0
568.0
574.0
814.0
421.0
560.5
371.5
775.0
886.0
670.0
667.0
731.5
736.0
170.5
592.0
665.5
512.5
608.5
406.0
560.5
431.5
676.0
614.5
521.5
229.0
308.5
665.5
688.0
683.5
823.0
659.5
74.5
781.0
668.5
460.0
779.5
779.5
826.0
767.5
664.0
341.5
833.5
739.0
793.0
802.0
436.0
235.0
100.0
589.0
707.5
554.5
647.5
610.0
692.5
692.5
338.5
805.0
848.5
565.0
883.0
647.5
245.5
457.0
713.5
635.5
712.0
346.0
382.0
755.5
553.0
794.5
781.0
679.0
707.5
715.0
625.0
244.0
422.5
809.5
295.0
655.0
529.0
718.0
751.0
178.0
719.5
391.0
689.5
533.5
655.0
620.5
830.5
667.0
701.5
518.5
799.0
167.5
829.0
832.0
620.5
827.5
401.5
347.5
667.0
467.5
776.5
739.0
119.5
553.0
803.5
625.0
658.0
677.5
305.5
707.5
820.0
797.5
439.0
668.5
748.0
385.0
778.0
820.0
544.0
260.5
733.0
821.5
568.0
649.0
751.0
734.5
731.5
157.0
188.5
466.0
446.5
563.5
767.5
707.5
755.5
751.0
710.5
718.0
188.5
433.0
73.0
529.0
736.0
563.5
346.0
856.0
350.5
583.0
758.5
781.0
695.5
812.5
704.5
673.0
364.0
749.5
751.0
739.0
674.5
554.5
685.0
526.0
250.0
493.0
793.0
653.5
526.0
277.0
476.5
679.0
487.0
778.0
778.0
275.5
829.0
448.0
605.5
461.5
791.5
802.0
721.0
818.5
286.0
836.5
677.5
706.0
161.5
677.5
538.0
373.0
775.0
122.5
725.5
275.5
689.5
746.5
652.0
742.0
499.0
353.5
689.5
556.0
827.5
589.0
764.5
518.5
821.5
787.0
47.5
533.5
659.5
865.0
542.5
224.5
691.0
700.0
590.5
316.0
631.0
796.0
722.5
820.0
58.0
761.5
439.0
670.0
644.5
229.0
541.0
511.0
553.0
493.0
809.5
650.5
728.5
812.5
635.5
305.5
601.0
634.0
137.5
554.5
796.0
275.5
143.5
755.5
235.0
748.0
514.0
472.0
581.5
677.5
754.0
463.0
637.0
625.0
797.5
241.0
758.5
664.0
779.5
509.5
484.0
808.0
610.0
781.0
776.5
178.0
731.5
767.5
838.0
746.5
575.5
533.5
764.5
754.0
820.0
724.0
704.5
445.0
854.5
637.0
569.5
455.5
869.5
517.0
191.5
731.5
809.5
410.5
728.5
479.5
514.0
763.0
346.0
391.0
682.0
553.0
686.5
646.0
385.0
716.5
566.5
752.5
530.5
497.5
676.0
301.0
812.5
727.0
764.5
694.0
422.5
734.5
763.0
692.5
277.0
239.5
503.5
503.5
449.5
443.5
719.5
692.5
460.0
799.0
620.5
713.5
653.5
589.0
685.0
557.5
646.0
781.0
770.5
536.5
646.0
746.5
712.0
725.5
68.5
710.5
604.0
650.5
661.0
619.0
292.0
538.0
880.0
830.5
749.5
479.5
538.0
757.0
770.5
532.0
424.0
782.5
791.5
823.0
140.5
791.5
152.5
26.5
595.0
601.0
617.5
740.5
563.5
110.5
272.5
811.0
662.5
632.5
409.0
776.5
545.5
431.5
283.0
190.0
745.0
637.0
656.5
94.0
809.5
515.5
544.0
626.5
779.5
349.0
571.0
553.0
782.5
220.0
667.0
730.0
134.5
497.5
176.5
847.0
590.5
694.0
731.5
283.0
562.0
467.5
518.5
577.0
601.0
668.5
623.5
746.5
103.0
580.0
770.5
320.5
170.5
580.0
793.0
808.0
844.0
415.0
635.5
778.0
740.5
346.0
751.0
493.0
766.0
419.5
695.5
86.5
662.5
706.0
553.0
311.5
460.0
109.0
683.5
539.5
577.0
457.0
668.5
185.5
778.0
347.5
682.0
608.5
394.0
127.0
770.5
584.5
659.5
559.0
610.0
715.0
593.5
575.5
757.0
713.5
769.0
646.0
442.0
725.5
641.5
407.5
661.0
347.5
661.0
329.5
695.5
350.5
733.0
607.0
769.0
328.0
760.0
352.0
419.5
647.5
761.5
305.5
154.0
773.5
725.5
812.5
631.0
806.5
331.0
803.5
688.0
518.5
760.0
467.5
368.5
599.5
289.0
440.5
812.5
701.5
773.5
853.0
761.5
676.0
622.0
766.0
839.5
752.5
575.5
395.5
788.5
529.0
743.5
818.5
790.0
838.0
235.0
712.0
334.0
580.0
556.0
173.5
494.5
632.5
166.0
41.5
416.5
653.5
476.5
611.5
193.0
119.5
274.0
208.0
550.0
127.0
536.5
703.0
623.5
67.0
314.5
793.0
673.0
709.0
610.0
775.0
658.0
223.0
346.0
772.0
713.5
659.5
385.0
685.0
553.0
713.5
271.0
637.0
695.5
623.5
883.0
335.5
451.0
760.0
589.0
752.5
698.5
209.5
631.0
652.0
632.5
740.5
646.0
766.0
491.5
590.5
704.5
488.5
689.5
580.0
676.0
745.0
769.0
341.5
697.0
134.5
508.0
659.5
85.0
680.5
601.0
745.0
175.0
785.5
284.5
898.0
530.5
794.5
421.0
658.0
736.0
640.0
287.5
700.0
680.5
469.0
196.0
424.0
161.5
604.0
530.5
812.5
766.0
541.0
785.5
767.5
694.0
797.5
56.5
590.5
773.5
634.0
676.0
436.0
517.0
196.0
517.0
520.0
131.5
760.0
605.5
704.5
764.5
238.0
473.5
836.5
245.5
766.0
313.0
608.5
508.0
412.0
536.5
686.5
722.5
511.0
850.0
629.5
764.5
593.5
382.0
395.5
670.0
724.0
589.0
758.5
685.0
671.5
526.0
431.5
653.5
808.0
604.0
575.5
488.5
767.5
415.0
244.0
496.0
346.0
746.5
362.5
493.0
763.0
175.0
716.5
766.0
469.0
418.0
590.5
794.5
785.5
719.5
557.5
703.0
779.5
731.5
632.5
412.0
784.0
145.0
590.5
205.0
466.0
439.0
638.5
685.0
215.5
734.5
706.0
614.5
868.0
803.5
631.0
836.5
593.5
824.5
763.0
688.0
517.0
208.0
215.5
251.5
593.5
452.5
184.0
319.0
640.0
781.0
481.0
733.0
413.5
334.0
724.0
511.0
239.5
686.5
164.5
760.0
572.5
631.0
728.5
590.5
725.5
550.0
466.0
95.5
758.5
742.0
208.0
739.0
755.5
755.5
424.0
221.5
748.0
832.0
178.0
419.5
589.0
599.5
622.0
634.0
343.0
785.5
502.0
605.5
545.5
784.0
712.0
736.0
823.0
374.5
277.0
641.5
718.0
658.0
334.0
709.0
611.5
871.0
250.0
203.5
580.0
829.0
794.5
394.0
749.5
706.0
271.0
671.5
754.0
361.0
277.0
619.0
346.0
530.5
475.0
229.0
860.5
740.5
578.5
724.0
475.0
457.0
790.0
653.5
718.0
725.5
254.5
748.0
514.0
827.5
610.0
766.0
740.5
655.0
308.5
610.0
797.5
424.0
749.5
803.5
743.5
653.5
637.0
700.0
769.0
808.0
584.5
238.0
667.0
208.0
706.0
625.0
740.5
709.0
392.5
730.0
728.5
755.5
802.0
604.0
806.5
736.0
788.5
856.0
569.5
856.0
818.5
622.0
611.5
227.5
541.0
829.0
637.0
736.0
730.0
710.5
479.5
464.5
778.0
773.5
644.5
227.5
875.5
415.0
598.0
850.0
428.5
511.0
623.5
824.5
797.5
466.0
719.5
469.0
427.0
731.5
697.0
487.0
574.0
580.0
697.0
454.0
779.5
166.0
566.5
616.0
788.5
368.5
610.0
491.5
322.0
317.5
200.5
533.5
758.5
698.5
724.0
607.0
535.0
784.0
532.0
737.5
800.5
611.5
655.0
226.0
280.0
131.5
478.0
269.5
662.5
655.0
416.5
809.5
286.0
476.5
353.5
298.0
785.5
212.5
437.5
544.0
667.0
727.0
682.0
833.5
841.0
697.0
230.5
587.5
655.0
787.0
647.5
779.5
767.5
782.5
521.5
271.0
833.5
529.0
299.5
299.5
310.0
803.5
287.5
283.0
653.5
706.0
802.0
266.5
763.0
709.0
353.5
595.0
176.5
328.0
170.5
320.5
701.5
686.5
196.0
625.0
181.0
509.5
694.0
850.0
797.5
592.0
730.0
370.0
181.0
691.0
271.0
793.0
454.0
145.0
683.5
767.5
623.5
763.0
727.0
191.5
661.0
791.5
394.0
703.0
809.5
520.0
682.0
760.0
566.5
683.5
727.0
686.5
568.0
742.0
676.0
779.5
211.0
701.5
698.5
689.5
724.0
569.5
764.5
133.0
425.5
785.5
356.5
320.5
794.5
209.5
658.0
694.0
700.0
781.0
820.0
581.5
520.0
401.5
779.5
521.5
485.5
418.0
371.5
383.5
536.5
70.0
205.0
169.0
484.0
608.5
475.0
479.5
290.5
317.5
709.0
820.0
848.5
187.0
608.5
662.5
496.0
392.5
784.0
559.0
398.5
491.5
109.0
298.0
766.0
448.0
329.5
734.5
722.5
740.5
803.5
722.5
707.5
614.5
799.0
854.5
478.0
611.5
745.0
775.0
682.0
457.0
695.5
695.5
568.0
539.5
844.0
536.5
446.5
713.5
419.5
190.0
682.0
557.5
581.5
658.0
700.0
559.0
343.0
865.0
724.0
107.5
673.0
391.0
739.0
629.5
563.5
467.5
446.5
56.5
727.0
641.5
188.5
809.5
797.5
425.5
659.5
704.5
445.0
643.0
305.5
439.0
737.5
709.0
581.5
505.0
652.0
617.5
676.0
133.0
716.5
802.0
821.5
659.5
335.5
503.5
835.0
539.5
670.0
599.5
736.0
781.0
758.5
578.5
226.0
670.0
794.5
832.0
454.0
686.5
166.0
674.5
812.5
122.5
473.5
136.0
236.5
608.5
869.5
778.0
773.5
518.5
773.5
149.5
835.0
740.5
670.0
794.5
863.5
307.0
112.0
746.5
395.5
746.5
659.5
818.5
604.0
157.0
709.0
562.0
779.5
62.5
208.0
205.0
530.5
683.5
673.0
664.0
568.0
551.5
677.5
724.0
743.5
574.0
821.5
692.5
452.5
752.5
434.5
724.0
437.5
820.0
515.5
635.5
805.0
434.5
649.0
244.0
656.5
809.5
484.0
719.5
179.5
670.0
731.5
473.5
700.0
812.5
511.0
716.5
430.0
643.0
845.5
353.5
787.0
419.5
610.0
647.5
398.5
401.5
199.0
590.5
629.5
851.5
584.5
701.5
790.0
644.5
122.5
620.5
646.0
740.5
622.0
683.5
280.0
469.0
787.0
527.5
295.0
806.5
646.0
208.0
304.0
778.0
698.5
685.0
692.5
662.5
566.5
625.0
640.0
553.0
626.5
581.5
595.0
788.5
590.5
688.0
329.5
706.0
734.5
628.0
601.0
290.5
431.5
143.5
136.0
751.0
119.5
620.5
800.5
364.0
194.5
689.5
443.5
821.5
101.5
488.5
170.5
616.0
194.5
206.5
728.5
479.5
830.5
788.5
379.0
215.5
782.5
595.0
746.5
439.0
830.5
847.0
436.0
440.5
706.0
578.5
536.5
287.5
529.0
395.5
604.0
719.5
656.5
739.0
437.5
494.5
157.0
211.0
749.5
688.0
791.5
568.0
797.5
545.5
176.5
182.5
596.5
731.5
292.0
914.5
797.5
506.5
776.5
622.0
368.5
151.0
641.5
770.5
677.5
683.5
748.0
256.0
607.0
533.5
629.5
349.0
245.5
833.5
353.5
745.0
479.5
599.5
821.5
403.0
544.0
721.0
836.5
565.0
493.0
614.5
688.0
664.0
673.0
166.0
776.5
667.0
280.0
863.5
583.0
511.0
847.0
548.5
749.5
655.0
377.5
107.5
701.5
857.5
256.0
775.0
386.5
640.0
643.0
755.5
497.5
884.5
817.0
439.0
755.5
634.0
664.0
790.0
568.0
616.0
416.5
877.0
28.0
749.5
647.5
704.5
322.0
436.0
779.5
803.5
787.0
308.5
277.0
599.5
599.5
614.5
484.0
743.5
637.0
814.0
827.5
634.0
697.0
536.5
356.5
677.5
542.5
715.0
743.5
451.0
725.5
703.0
724.0
128.5
431.5
644.5
293.5
347.5
505.0
692.5
176.5
775.0
628.0
280.0
584.5
850.0
602.5
821.5
476.5
187.0
461.5
539.5
583.0
661.0
296.5
155.5
478.0
145.0
698.5
97.0
752.5
325.0
409.0
217.0
604.0
835.0
508.0
601.0
275.5
808.0
538.0
823.0
292.0
751.0
736.0
494.5
89.5
803.5
647.5
614.5
563.5
775.0
773.5
811.0
574.0
799.0
638.5
692.5
775.0
694.0
172.0
751.0
601.0
149.5
190.0
238.0
761.5
238.0
686.5
518.5
820.0
827.5
832.0
583.0
277.0
454.0
785.5
824.5
632.5
745.0
419.5
770.5
316.0
619.0
281.5
808.0
476.5
638.5
724.0
685.0
583.0
68.5
677.5
155.5
575.5
392.5
493.0
649.0
589.0
650.5
320.5
425.5
578.5
500.5
539.5
325.0
628.0
343.0
341.5
538.0
505.0
646.0
748.0
691.0
548.5
190.0
526.0
658.0
299.5
758.5
362.5
710.5
427.0
305.5
685.0
239.5
586.0
835.0
437.5
695.5
808.0
674.5
263.5
437.5
377.5
713.5
634.0
689.5
287.5
568.0
305.5
838.0
706.0
697.0
328.0
719.5
422.5
647.5
188.5
598.0
452.5
626.5
257.5
434.5
793.0
847.0
209.5
308.5
797.5
287.5
778.0
596.5
305.5
745.0
587.5
313.0
539.5
728.5
818.5
458.5
527.5
289.0
487.0
223.0
280.0
694.0
668.5
685.0
793.0
767.5
548.5
818.5
548.5
569.5
400.0
403.0
539.5
328.0
691.0
832.0
661.0
853.0
367.0
499.0
394.0
869.5
488.5
670.0
586.0
677.5
719.5
686.5
152.5
670.0
659.5
707.5
334.0
140.5
139.0
473.5
391.0
469.0
802.0
766.0
151.0
274.0
347.5
470.5
118.0
811.0
464.5
619.0
788.5
343.0
694.0
763.0
502.0
677.5
802.0
664.0
350.5
223.0
383.5
737.5
235.0
545.5
452.5
776.5
407.5
781.0
301.0
632.5
254.5
815.5
713.5
731.5
695.5
589.0
575.5
725.5
769.0
796.0
418.0
169.0
578.5
701.5
694.0
794.5
718.0
578.5
427.0
817.0
749.5
386.5
619.0
466.0
749.5
319.0
446.5
730.0
169.0
673.0
847.0
338.5
382.0
787.0
863.5
611.5
790.0
658.0
647.5
662.5
806.5
602.5
301.0
179.5
692.5
845.5
781.0
827.5
136.0
697.0
902.5
191.5
646.0
331.0
622.0
584.5
604.0
686.5
235.0
656.5
728.5
445.0
829.0
677.5
562.0
797.5
821.5
385.0
631.0
355.0
751.0
328.0
733.0
548.5
125.5
628.0
745.0
613.0
664.0
469.0
536.5
410.5
584.5
331.0
433.0
478.0
722.5
223.0
694.0
269.5
175.0
628.0
671.5
700.0
484.0
851.5
575.5
425.5
781.0
686.5
485.5
854.5
608.5
685.0
820.0
190.0
451.0
775.0
737.5
802.0
701.5
436.0
710.5
610.0
818.5
851.5
535.0
254.5
746.5
740.5
211.0
616.0
592.0
878.5
527.5
746.5
433.0
692.5
796.0
620.5
346.0
715.0
712.0
761.5
515.5
640.0
794.5
209.5
622.0
152.5
749.5
578.5
829.0
844.0
458.5
299.5
331.0
710.5
602.5
706.0
713.5
287.5
853.0
578.5
569.5
454.0
650.5
379.0
334.0
830.5
250.0
575.5
386.5
808.0
605.5
392.5
562.0
662.5
332.5
733.0
866.5
398.5
716.5
587.5
824.5
470.5
839.5
551.5
350.5
784.0
652.0
758.5
392.5
550.0
614.5
523.0
692.5
560.5
409.0
787.0
250.0
695.5
785.5
697.0
118.0
749.5
341.5
776.5
719.5
13.0
167.5
880.0
862.0
625.0
721.0
650.5
446.5
271.0
587.5
607.0
518.5
787.0
545.5
719.5
455.5
653.5
641.5
49.0
502.0
61.0
757.0
232.0
782.5
667.0
682.0
689.5
568.0
475.0
422.5
815.5
203.5
671.5
811.0
745.0
815.5
176.5
713.5
565.0
569.5
778.0
406.0
437.5
481.0
697.0
190.0
665.5
760.0
167.5
634.0
761.5
50.5
251.5
439.0
368.5
722.5
503.5
491.5
655.0
281.5
775.0
418.0
626.5
224.5
118.0
718.0
677.5
424.0
677.5
572.5
692.5
796.0
854.5
403.0
310.0
142.0
814.0
137.5
587.5
535.0
707.5
322.0
61.0
674.5
676.0
845.5
653.5
749.5
377.5
581.5
544.0
511.0
737.5
367.0
184.0
500.5
778.0
767.5
220.0
722.5
592.0
725.5
379.0
697.0
779.5
140.5
739.0
284.5
703.0
779.5
607.0
748.0
628.0
503.5
608.5
539.5
256.0
361.0
805.0
787.0
773.5
274.0
634.0
763.0
685.0
634.0
302.5
805.0
302.5
683.5
100.0
670.0
784.0
503.5
679.0
697.0
604.0
232.0
821.5
424.0
253.0
866.5
725.5
719.5
178.0
767.5
640.0
373.0
314.5
806.5
671.5
106.0
620.5
707.5
275.5
572.5
421.0
736.0
638.5
295.0
401.5
734.5
838.0
577.0
280.0
382.0
26.5
776.5
716.5
617.5
572.5
839.5
539.5
764.5
766.0
305.5
649.0
665.5
764.5
745.0
289.0
526.0
652.0
749.5
812.5
679.0
697.0
793.0
553.0
652.0
292.0
499.0
574.0
571.0
814.0
646.0
593.5
574.0
761.5
622.0
596.5
680.5
113.5
190.0
274.0
173.5
197.5
233.5
479.5
310.0
617.5
713.5
787.0
614.5
322.0
482.5
817.0
449.5
797.5
85.0
812.5
442.0
748.0
431.5
850.0
772.0
599.5
746.5
640.0
799.0
301.0
370.0
736.0
712.0
140.5
619.0
863.5
710.5
869.5
797.5
424.0
238.0
683.5
790.0
742.0
574.0
350.5
763.0
596.5
652.0
589.0
713.5
851.5
149.5
619.0
743.5
673.0
517.0
703.0
490.0
679.0
686.5
742.0
787.0
604.0
784.0
193.0
86.5
722.5
653.5
778.0
313.0
580.0
586.0
569.5
676.0
797.5
550.0
134.5
688.0
622.0
848.5
256.0
593.5
68.5
760.0
479.5
55.0
673.0
662.5
733.0
473.5
554.5
580.0
302.5
635.5
547.0
710.5
649.0
509.5
322.0
742.0
97.0
785.5
680.5
709.0
748.0
691.0
637.0
262.0
803.5
641.5
556.0
704.5
704.5
179.5
487.0
61.0
739.0
143.5
466.0
620.5
565.0
149.5
767.5
734.5
232.0
706.0
713.5
652.0
443.5
323.5
152.5
263.5
463.0
418.0
398.5
344.5
796.0
571.0
820.0
199.0
767.5
526.0
788.5
328.0
584.5
665.5
502.0
658.0
851.5
697.0
278.5
673.0
476.5
706.0
644.5
778.0
257.5
667.0
608.5
287.5
728.5
500.5
73.0
493.0
637.0
433.0
854.5
595.0
383.5
706.0
257.5
758.5
173.5
707.5
676.0
578.5
578.5
713.5
808.0
749.5
766.0
766.0
482.5
700.0
526.0
218.5
767.5
142.0
727.0
338.5
593.5
319.0
716.5
755.5
710.5
173.5
754.0
667.0
727.0
257.5
440.5
596.5
602.5
373.0
391.0
722.5
167.5
523.0
770.5
887.5
682.0
581.5
604.0
799.0
713.5
635.5
268.0
458.5
788.5
509.5
274.0
649.0
830.5
683.5
409.0
778.0
821.5
667.0
763.0
434.5
667.0
785.5
476.5
722.5
485.5
479.5
155.5
590.5
431.5
253.0
787.0
691.0
547.0
347.5
767.5
739.0
793.0
793.0
620.5
788.5
508.0
835.0
718.0
380.5
454.0
199.0
413.5
643.0
658.0
626.5
197.5
658.0
754.0
151.0
427.0
398.5
175.0
268.0
592.0
584.5
718.0
229.0
793.0
301.0
553.0
722.5
673.0
220.0
769.0
686.5
410.5
722.5
647.5
712.0
269.5
824.5
790.0
206.5
596.5
676.0
808.0
613.0
715.0
656.5
806.5
752.5
479.5
221.5
686.5
485.5
559.0
221.5
581.5
374.5
275.5
605.5
584.5
772.0
436.0
292.0
691.0
721.0
715.0
806.5
776.5
527.5
640.0
584.5
515.5
419.5
508.0
730.0
704.5
721.0
473.5
667.0
796.0
791.5
631.0
706.0
499.0
694.0
730.0
647.5
881.5
728.5
140.5
628.0
130.0
808.0
482.5
227.5
770.5
682.0
734.5
67.0
794.5
655.0
509.5
491.5
347.5
218.5
356.5
761.5
665.5
185.5
191.5
731.5
563.5
781.0
785.5
616.0
530.5
808.0
764.5
523.0
694.0
532.0
682.0
626.5
673.0
749.5
779.5
739.0
596.5
560.5
871.0
154.0
485.5
413.5
644.5
431.5
851.5
826.0
250.0
572.5
710.5
671.5
844.0
665.5
509.5
557.5
641.5
829.0
679.0
571.0
421.0
134.5
817.0
116.5
646.0
646.0
656.5
632.5
710.5
260.5
688.0
652.0
758.5
442.0
578.5
508.0
269.5
713.5
386.5
487.0
635.5
791.5
514.0
755.5
680.5
788.5
563.5
559.0
305.5
689.5
776.5
590.5
527.5
335.5
602.5
664.0
614.5
442.0
737.5
731.5
355.0
172.0
416.5
698.5
386.5
787.0
848.5
289.0
565.0
779.5
763.0
248.5
608.5
296.5
619.0
173.5
776.5
737.5
764.5
373.0
826.0
355.0
299.5
728.5
643.0
734.5
595.0
505.0
772.0
580.0
386.5
563.5
820.0
203.5
583.0
638.5
712.0
152.5
754.0
338.5
431.5
502.0
460.0
617.5
37.0
649.0
733.0
302.5
719.5
811.0
835.0
310.0
383.5
506.5
679.0
500.5
697.0
754.0
415.0
350.5
470.5
788.5
418.0
146.5
478.0
112.0
368.5
458.5
610.0
577.0
233.5
464.5
508.0
649.0
646.0
326.5
164.5
758.5
802.0
736.0
47.5
184.0
518.5
814.0
794.5
431.5
794.5
476.5
517.0
418.0
688.0
725.5
779.5
613.0
817.0
128.5
662.5
835.0
787.0
542.5
253.0
422.5
386.5
664.0
338.5
640.0
491.5
797.5
601.0
466.0
803.5
580.0
826.0
475.0
598.0
458.5
187.0
137.5
758.5
628.0
689.5
551.5
677.5
434.5
523.0
722.5
617.5
331.0
139.0
793.0
146.5
245.5
662.5
292.0
307.0
155.5
377.5
725.5
110.5
616.0
698.5
287.5
791.5
857.5
740.5
760.0
575.5
610.0
430.0
517.0
829.0
445.0
437.5
682.0
706.0
226.0
443.5
628.0
574.0
452.5
569.5
761.5
536.5
595.0
193.0
745.0
509.5
886.0
643.0
541.0
598.0
703.0
602.5
505.0
644.5
595.0
862.0
554.5
829.0
622.0
785.5
698.5
377.5
671.5
710.5
860.5
622.0
298.0
752.5
181.0
620.5
721.0
652.0
440.5
605.5
812.5
833.5
577.0
697.0
496.0
614.5
575.5
722.5
757.0
812.5
734.5
838.0
211.0
788.5
694.0
821.5
175.0
730.0
772.0
190.0
515.5
799.0
695.5
755.5
655.0
511.0
368.5
655.0
728.5
650.5
56.5
806.5
749.5
626.5
706.0
755.5
617.5
505.0
662.5
224.5
503.5
481.0
755.5
619.0
406.0
667.0
577.0
800.5
389.5
769.0
232.0
649.0
68.5
77.5
371.5
808.0
713.5
659.5
758.5
566.5
670.0
667.0
170.5
710.5
512.5
616.0
782.5
227.5
488.5
143.5
592.0
202.0
548.5
584.5
616.0
407.5
503.5
587.5
824.5
598.0
85.0
644.5
766.0
626.5
637.0
284.5
562.0
749.5
698.5
479.5
521.5
694.0
166.0
809.5
700.0
344.5
760.0
529.0
617.5
656.5
664.0
383.5
535.0
284.5
785.5
613.0
751.0
823.0
343.0
667.0
328.0
