134.5
121.0
364.0
517.0
112.0
146.5
391.0
422.5
319.0
163.0
199.0
250.0
62.5
649.0
298.0
392.5
418.0
274.0
391.0
98.5
592.0
128.5
169.0
527.5
637.0
349.0
445.0
302.5
133.0
107.5
38.5
413.5
712.0
184.0
143.5
112.0
382.0
124.0
334.0
556.0
106.0
317.5
143.5
274.0
137.5
532.0
190.0
379.0
220.0
113.5
166.0
457.0
394.0
454.0
154.0
208.0
569.5
377.5
241.0
379.0
631.0
572.5
365.5
170.5
427.0
52.0
235.0
172.0
293.5
326.5
440.5
55.0
424.0
92.5
286.0
220.0
202.0
362.5
509.5
407.5
412.0
667.0
499.0
187.0
263.5
316.0
269.5
128.5
718.0
217.0
217.0
365.5
539.5
725.5
101.5
317.5
487.0
290.5
196.0
203.5
130.0
250.0
391.0
160.0
428.5
445.0
98.5
158.5
500.5
758.5
67.0
395.5
97.0
481.0
658.0
194.5
134.5
187.0
92.5
265.0
493.0
199.0
590.5
689.5
92.5
437.5
667.0
149.5
214.0
299.5
101.5
205.0
142.0
59.5
455.5
536.5
485.5
223.0
154.0
274.0
500.5
541.0
251.5
119.5
421.0
430.0
172.0
58.0
11.5
110.5
224.5
388.0
158.5
269.5
322.0
140.5
445.0
487.0
350.5
280.0
280.0
443.5
533.5
184.0
485.5
394.0
232.0
185.5
113.5
680.5
148.0
529.0
437.5
119.5
28.0
82.0
326.5
350.5
295.0
157.0
62.5
538.0
23.5
263.5
676.0
631.0
118.0
581.5
139.0
176.5
694.0
149.5
352.0
494.5
113.5
277.0
364.0
103.0
188.5
268.0
161.5
373.0
353.5
287.5
289.0
562.0
211.0
454.0
304.0
641.5
128.5
91.0
80.5
506.5
376.0
520.0
496.0
56.5
329.5
47.5
439.0
332.5
128.5
371.5
634.0
164.5
373.0
77.5
442.0
569.5
217.0
52.0
425.5
329.5
275.5
101.5
271.0
220.0
134.5
254.5
350.5
25.0
379.0
242.5
281.5
106.0
244.0
214.0
100.0
440.5
283.0
115.0
269.5
28.0
247.0
187.0
665.5
200.5
220.0
148.0
340.0
83.5
31.0
179.5
311.5
71.5
50.5
106.0
188.5
626.5
349.0
140.5
361.0
326.5
310.0
397.0
616.0
223.0
764.5
608.5
184.0
121.0
158.5
181.0
377.5
271.0
218.5
295.0
425.5
334.0
293.5
86.5
97.0
299.5
449.5
401.5
256.0
185.5
455.5
613.0
170.5
133.0
52.0
407.5
649.0
148.0
145.0
383.5
350.5
352.0
344.5
199.0
284.5
277.0
223.0
80.5
311.5
55.0
193.0
544.0
338.5
202.0
319.0
380.5
341.5
94.0
334.0
262.0
106.0
488.5
212.5
368.5
79.0
92.5
100.0
281.5
317.5
365.5
232.0
691.0
376.0
218.5
223.0
224.5
241.0
710.5
476.5
254.5
115.0
134.5
205.0
640.0
542.5
299.5
442.0
289.0
478.0
338.5
43.0
187.0
404.5
62.5
143.5
268.0
481.0
157.0
242.5
169.0
98.5
755.5
184.0
218.5
314.5
416.5
317.5
155.5
208.0
307.0
166.0
268.0
128.5
136.0
128.5
536.5
551.5
523.0
361.0
641.5
743.5
502.0
620.5
79.0
476.5
580.0
167.5
77.5
322.0
532.0
200.5
467.5
181.0
80.5
188.5
145.0
142.0
221.5
80.5
151.0
164.5
440.5
70.0
157.0
467.5
572.5
511.0
638.5
226.0
470.5
209.5
406.0
449.5
233.5
82.0
152.5
158.5
335.5
170.5
176.5
193.0
436.0
278.5
331.0
161.5
157.0
292.0
251.5
274.0
353.5
175.0
122.5
256.0
328.0
104.5
230.5
239.5
208.0
70.0
617.5
62.5
139.0
275.5
271.0
458.5
380.5
508.0
346.0
104.5
481.0
292.0
167.5
77.5
133.0
308.5
214.0
157.0
583.0
145.0
257.5
404.5
184.0
53.5
341.5
461.5
677.5
157.0
298.0
92.5
302.5
158.5
319.0
359.5
629.5
85.0
221.5
580.0
55.0
166.0
176.5
322.0
455.5
137.5
464.5
200.5
49.0
194.5
167.5
298.0
275.5
13.0
125.5
143.5
184.0
26.5
524.5
580.0
340.0
208.0
94.0
71.5
149.5
268.0
139.0
397.0
704.5
188.5
577.0
550.0
107.5
256.0
361.0
209.5
503.5
689.5
191.5
263.5
334.0
574.0
784.0
268.0
82.0
196.0
16.0
106.0
286.0
220.0
391.0
523.0
607.0
275.5
176.5
179.5
353.5
611.5
274.0
170.5
353.5
40.0
115.0
361.0
74.5
248.5
199.0
79.0
416.5
209.5
266.5
436.0
205.0
649.0
32.5
314.5
844.0
283.0
127.0
259.0
383.5
182.5
250.0
425.5
119.5
88.0
211.0
86.5
287.5
389.5
470.5
364.0
293.5
172.0
736.0
541.0
265.0
71.5
116.5
289.0
128.5
308.5
367.0
34.0
217.0
233.5
344.5
415.0
439.0
668.5
146.5
245.5
605.5
112.0
538.0
472.0
190.0
286.0
113.5
680.5
103.0
56.5
91.0
155.5
574.0
187.0
716.5
380.5
244.0
170.5
536.5
83.5
259.0
83.5
194.5
304.0
127.0
343.0
316.0
502.0
89.5
80.5
163.0
161.5
116.5
332.5
145.0
250.0
80.5
67.0
256.0
278.5
655.0
221.5
560.5
283.0
116.5
215.5
589.0
251.5
326.5
68.5
224.5
157.0
410.5
205.0
281.5
668.5
584.5
316.0
572.5
220.0
446.5
431.5
268.0
287.5
448.0
502.0
209.5
112.0
355.0
370.0
47.5
401.5
466.0
490.0
236.5
76.0
509.5
601.0
124.0
433.0
133.0
704.5
463.0
236.5
349.0
131.5
263.5
190.0
361.0
292.0
353.5
182.5
287.5
196.0
617.5
236.5
202.0
407.5
188.5
434.5
647.5
640.0
94.0
509.5
572.5
341.5
443.5
113.5
418.0
134.5
191.5
439.0
592.0
607.0
301.0
247.0
175.0
130.0
149.5
157.0
142.0
283.0
454.0
212.5
179.5
632.5
305.5
367.0
100.0
196.0
454.0
181.0
230.5
80.5
451.0
98.5
514.0
56.5
676.0
467.5
151.0
58.0
634.0
91.0
61.0
275.5
559.0
23.5
296.5
148.0
587.5
608.5
268.0
74.5
121.0
203.5
301.0
224.5
86.5
533.5
335.5
416.5
73.0
92.5
272.5
164.5
343.0
415.0
580.0
581.5
193.0
308.5
155.5
103.0
365.5
191.5
175.0
361.0
232.0
286.0
206.5
340.0
637.0
11.5
44.5
190.0
361.0
458.5
329.5
278.5
134.5
136.0
523.0
277.0
250.0
479.5
188.5
49.0
158.5
385.0
169.0
290.5
35.5
529.0
209.5
335.5
110.5
305.5
455.5
260.5
163.0
203.5
262.0
443.5
137.5
116.5
355.0
292.0
272.5
274.0
578.5
322.0
199.0
283.0
206.5
272.5
233.5
268.0
428.5
170.5
266.5
313.0
212.5
374.5
43.0
379.0
463.0
139.0
334.0
178.0
433.0
89.5
196.0
247.0
85.0
473.5
295.0
377.5
110.5
185.5
59.5
71.5
169.0
226.0
521.5
152.5
349.0
157.0
260.5
157.0
328.0
77.5
211.0
286.0
232.0
170.5
410.5
274.0
179.5
68.5
94.0
176.5
205.0
616.0
226.0
577.0
158.5
307.0
91.0
292.0
257.5
182.5
292.0
184.0
127.0
103.0
434.5
253.0
781.0
217.0
401.5
391.0
109.0
43.0
595.0
271.0
97.0
346.0
58.0
118.0
95.5
502.0
167.5
142.0
83.5
623.5
287.5
307.0
280.0
205.0
778.0
278.5
196.0
310.0
298.0
373.0
101.5
425.5
412.0
115.0
124.0
622.0
152.5
571.0
26.5
127.0
301.0
209.5
197.5
695.5
686.5
131.5
541.0
100.0
248.5
76.0
103.0
241.0
320.5
158.5
362.5
56.5
88.0
79.0
410.5
211.0
712.0
71.5
211.0
74.5
118.0
145.0
319.0
67.0
461.5
40.0
146.5
122.5
302.5
91.0
586.0
349.0
283.0
325.0
152.5
154.0
23.5
11.5
214.0
277.0
578.5
59.5
539.5
433.0
110.5
334.0
125.5
259.0
187.0
188.5
149.5
58.0
205.0
115.0
665.5
352.0
148.0
176.5
481.0
95.5
205.0
523.0
418.0
202.0
73.0
772.0
280.0
148.0
254.5
278.5
532.0
391.0
269.5
280.0
53.5
139.0
392.5
199.0
257.5
53.5
382.0
242.5
124.0
292.0
400.0
317.5
586.0
238.0
128.5
125.5
244.0
301.0
365.5
535.0
359.5
142.0
61.0
517.0
158.5
622.0
340.0
55.0
253.0
140.5
689.5
91.0
295.0
169.0
391.0
407.5
92.5
182.5
152.5
263.5
200.5
380.5
56.5
274.0
359.5
11.5
136.0
404.5
278.5
329.5
391.0
163.0
121.0
398.5
571.0
104.5
262.0
239.5
253.0
395.5
292.0
176.5
227.5
113.5
416.5
250.0
49.0
865.0
107.5
43.0
200.5
272.5
160.0
172.0
305.5
37.0
493.0
277.0
283.0
170.5
119.5
326.5
397.0
242.5
436.0
146.5
88.0
181.0
373.0
74.5
131.5
175.0
805.0
364.0
131.5
659.5
464.5
307.0
355.0
194.5
164.5
352.0
304.0
449.5
241.0
266.5
524.5
631.0
296.5
209.5
184.0
43.0
125.5
212.5
197.5
155.5
227.5
169.0
113.5
248.5
251.5
182.5
154.0
217.0
388.0
67.0
59.5
440.5
479.5
592.0
412.0
236.5
490.0
295.0
272.5
287.5
113.5
82.0
308.5
562.0
250.0
422.5
119.5
272.5
193.0
68.5
269.5
181.0
433.0
304.0
176.5
419.5
257.5
401.5
172.0
598.0
364.0
169.0
571.0
139.0
331.0
194.5
220.0
409.0
110.5
553.0
316.0
457.0
232.0
469.0
83.5
19.0
332.5
164.5
559.0
376.0
203.5
236.5
209.5
182.5
71.5
154.0
362.5
263.5
142.0
224.5
701.5
62.5
55.0
230.5
188.5
190.0
302.5
463.0
392.5
139.0
365.5
455.5
275.5
22.0
244.0
125.5
322.0
184.0
310.0
149.5
404.5
200.5
617.5
340.0
698.5
224.5
116.5
172.0
302.5
307.0
287.5
439.0
205.0
233.5
109.0
250.0
422.5
314.5
202.0
139.0
76.0
91.0
205.0
154.0
293.5
113.5
152.5
149.5
551.5
344.5
341.5
106.0
605.5
247.0
410.5
262.0
568.0
311.5
376.0
470.5
251.5
368.5
151.0
80.5
364.0
193.0
425.5
434.5
19.0
167.5
230.5
290.5
92.5
151.0
344.5
511.0
82.0
74.5
98.5
677.5
209.5
149.5
319.0
40.0
572.5
284.5
277.0
661.0
338.5
281.5
367.0
203.5
317.5
524.5
277.0
289.0
529.0
322.0
592.0
367.0
436.0
242.5
244.0
221.5
338.5
482.5
211.0
116.5
335.5
344.5
490.0
155.5
161.5
190.0
268.0
404.5
589.0
526.0
251.5
659.5
232.0
478.0
727.0
73.0
598.0
484.0
41.5
332.5
358.0
131.5
70.0
46.0
167.5
202.0
143.5
557.5
20.5
308.5
92.5
544.0
131.5
796.0
472.0
212.5
115.0
209.5
146.5
391.0
658.0
242.5
77.5
499.0
292.0
224.5
58.0
650.5
320.5
476.5
52.0
95.5
250.0
200.5
26.5
185.5
329.5
494.5
562.0
490.0
133.0
544.0
458.5
665.5
386.5
583.0
269.5
311.5
191.5
326.5
374.5
355.0
95.5
127.0
125.5
836.5
634.0
586.0
383.5
205.0
685.0
694.0
146.5
313.0
260.5
652.0
433.0
161.5
673.0
605.5
256.0
280.0
128.5
371.5
314.5
157.0
226.0
233.5
199.0
449.5
269.5
304.0
451.0
346.0
182.5
551.5
122.5
455.5
398.5
122.5
149.5
121.0
497.5
191.5
247.0
320.5
134.5
500.5
127.0
518.5
322.0
34.0
353.5
578.5
440.5
667.0
404.5
361.0
109.0
160.0
164.5
743.5
442.0
691.0
145.0
130.0
89.5
356.5
284.5
85.0
598.0
38.5
265.0
262.0
445.0
146.5
382.0
421.0
464.5
608.5
133.0
149.5
154.0
370.0
356.5
176.5
308.5
191.5
439.0
649.0
482.5
229.0
458.5
262.0
163.0
14.5
229.0
262.0
520.0
40.0
182.5
190.0
404.5
547.0
161.5
292.0
257.5
596.5
488.5
473.5
311.5
527.5
250.0
124.0
442.0
610.0
194.5
709.0
695.5
208.0
26.5
236.5
113.5
182.5
254.5
299.5
194.5
374.5
269.5
166.0
211.0
224.5
598.0
529.0
323.5
686.5
404.5
377.5
26.5
626.5
190.0
383.5
257.5
442.0
514.0
107.5
140.5
664.0
98.5
148.0
121.0
422.5
62.5
457.0
406.0
257.5
235.0
305.5
613.0
385.0
593.5
610.0
466.0
569.5
362.5
86.5
346.0
323.5
193.0
215.5
166.0
203.5
430.0
251.5
703.0
91.0
169.0
260.5
322.0
232.0
185.5
49.0
229.0
256.0
307.0
310.0
224.5
40.0
556.0
118.0
136.0
493.0
125.5
737.5
283.0
166.0
77.5
229.0
356.5
434.5
179.5
29.5
91.0
91.0
58.0
67.0
167.5
110.5
260.5
44.5
94.0
167.5
101.5
200.5
293.5
133.0
251.5
613.0
430.0
475.0
247.0
265.0
256.0
509.5
493.0
136.0
218.5
110.5
707.5
172.0
421.0
26.5
139.0
106.0
220.0
641.5
644.5
109.0
394.0
260.5
238.0
289.0
55.0
268.0
158.5
490.0
487.0
238.0
494.5
211.0
550.0
505.0
485.5
289.0
157.0
209.5
688.0
148.0
110.5
151.0
422.5
194.5
148.0
127.0
458.5
605.5
61.0
524.5
56.5
91.0
392.5
191.5
131.5
188.5
323.5
137.5
625.0
511.0
160.0
293.5
449.5
46.0
520.0
266.5
175.0
25.0
112.0
179.5
199.0
136.0
77.5
329.5
125.5
652.0
545.5
572.5
100.0
325.0
175.0
254.5
127.0
76.0
304.0
32.5
374.5
289.0
79.0
61.0
242.5
601.0
415.0
16.0
49.0
89.5
19.0
202.0
550.0
203.5
475.0
220.0
376.0
457.0
271.0
178.0
205.0
449.5
388.0
41.5
32.5
92.5
316.0
256.0
206.5
185.5
64.0
364.0
421.0
118.0
344.5
568.0
458.5
355.0
338.5
193.0
173.5
314.5
506.5
482.5
265.0
515.5
226.0
445.0
134.5
523.0
455.5
157.0
497.5
65.5
599.5
416.5
350.5
610.0
175.0
490.0
512.5
268.0
250.0
392.5
44.5
142.0
631.0
230.5
112.0
386.5
305.5
122.5
329.5
82.0
362.5
752.5
511.0
238.0
193.0
613.0
275.5
665.5
205.0
92.5
641.5
184.0
154.0
647.5
352.0
44.5
272.5
617.5
50.5
617.5
200.5
34.0
287.5
176.5
463.0
224.5
205.0
169.0
58.0
541.0
203.5
73.0
227.5
404.5
133.0
106.0
316.0
119.5
347.5
98.5
479.5
475.0
431.5
166.0
413.5
119.5
253.0
304.0
370.0
238.0
140.5
95.5
430.0
244.0
95.5
395.5
331.0
125.5
413.5
112.0
214.0
274.0
232.0
511.0
146.5
436.0
448.0
349.0
566.5
100.0
241.0
242.5
113.5
347.5
464.5
712.0
316.0
184.0
208.0
412.0
118.0
203.5
125.5
98.5
59.5
497.5
112.0
371.5
152.5
550.0
139.0
410.5
179.5
59.5
208.0
719.5
344.5
167.5
427.0
473.5
403.0
181.0
218.5
700.0
362.5
359.5
196.0
176.5
112.0
175.0
145.0
233.5
221.5
125.5
259.0
349.0
206.5
319.0
220.0
296.5
47.5
625.0
28.0
46.0
100.0
560.5
89.5
563.5
166.0
155.5
175.0
35.5
302.5
229.0
212.5
341.5
166.0
436.0
466.0
125.5
361.0
754.0
91.0
101.5
379.0
157.0
188.5
619.0
271.0
616.0
392.5
265.0
185.5
307.0
304.0
146.5
194.5
293.5
98.5
466.0
242.5
382.0
95.5
83.5
280.0
44.5
688.0
107.5
190.0
124.0
328.0
271.0
56.5
124.0
338.5
262.0
188.5
263.5
400.0
152.5
604.0
283.0
367.0
275.5
362.5
571.0
259.0
326.5
169.0
145.0
368.5
320.5
62.5
193.0
280.0
116.5
88.0
344.5
454.0
184.0
172.0
193.0
247.0
406.0
152.5
407.5
59.5
368.5
155.5
158.5
412.0
490.0
175.0
191.5
488.5
326.5
392.5
151.0
574.0
332.5
191.5
151.0
505.0
172.0
476.5
197.5
494.5
274.0
235.0
472.0
242.5
265.0
116.5
401.5
416.5
371.5
248.5
401.5
118.0
263.5
191.5
193.0
620.5
191.5
493.0
493.0
208.0
464.5
46.0
278.5
85.0
628.0
277.0
547.0
302.5
298.0
338.5
94.0
340.0
124.0
146.5
358.0
119.5
182.5
158.5
160.0
373.0
187.0
503.5
131.5
418.0
533.5
415.0
403.0
476.5
172.0
125.5
496.0
373.0
35.5
154.0
424.0
268.0
446.5
122.5
110.5
293.5
253.0
289.0
44.5
295.0
617.5
418.0
298.0
277.0
245.5
629.5
464.5
475.0
626.5
67.0
236.5
664.0
563.5
371.5
106.0
92.5
284.5
232.0
83.5
343.0
202.0
200.5
22.0
26.5
158.5
520.0
203.5
62.5
209.5
370.0
256.0
467.5
551.5
511.0
343.0
112.0
323.5
452.5
605.5
622.0
95.5
344.5
86.5
536.5
88.0
55.0
164.5
568.0
131.5
100.0
217.0
380.5
430.0
101.5
124.0
148.0
556.0
520.0
484.0
302.5
424.0
94.0
436.0
184.0
284.5
67.0
524.5
587.5
196.0
241.0
28.0
247.0
109.0
161.5
226.0
133.0
260.5
179.5
281.5
422.5
595.0
344.5
227.5
463.0
338.5
505.0
100.0
328.0
196.0
313.0
230.5
377.5
389.5
121.0
112.0
326.5
335.5
337.0
263.5
203.5
304.0
391.0
116.5
566.5
164.5
46.0
212.5
175.0
295.0
346.0
292.0
193.0
311.5
172.0
334.0
124.0
482.5
254.5
115.0
230.5
287.5
434.5
233.5
313.0
311.5
115.0
463.0
286.0
259.0
143.5
527.5
577.0
194.5
617.5
178.0
247.0
554.5
473.5
427.0
143.5
569.5
116.5
257.5
335.5
457.0
455.5
359.5
364.0
319.0
82.0
127.0
191.5
88.0
449.5
365.5
343.0
86.5
670.0
472.0
292.0
442.0
133.0
314.5
85.0
377.5
115.0
131.5
473.5
44.5
110.5
170.5
194.5
182.5
659.5
595.0
689.5
380.5
134.5
307.0
113.5
239.5
127.0
551.5
35.5
430.0
403.0
353.5
146.5
212.5
194.5
155.5
571.0
289.0
227.5
323.5
244.0
563.5
515.5
259.0
176.5
427.0
359.5
58.0
112.0
133.0
292.0
124.0
256.0
521.5
263.5
290.5
655.0
305.5
100.0
338.5
209.5
140.5
155.5
139.0
427.0
125.5
604.0
152.5
298.0
554.5
581.5
154.0
253.0
157.0
299.5
221.5
193.0
470.5
193.0
439.0
106.0
118.0
275.5
139.0
314.5
559.0
185.5
310.0
173.5
347.5
473.5
292.0
94.0
322.0
136.0
361.0
145.0
119.5
247.0
436.0
403.0
274.0
431.5
58.0
86.5
266.5
400.0
109.0
95.5
299.5
125.5
55.0
307.0
796.0
544.0
397.0
89.5
190.0
203.5
661.0
130.0
26.5
368.5
256.0
47.5
556.0
274.0
716.5
533.5
326.5
86.5
569.5
76.0
223.0
104.5
89.5
530.5
659.5
194.5
448.0
125.5
551.5
161.5
359.5
577.0
91.0
344.5
290.5
106.0
44.5
26.5
304.0
206.5
80.5
350.5
416.5
347.5
527.5
580.0
463.0
143.5
164.5
538.0
158.5
442.0
134.5
415.0
145.0
325.0
382.0
256.0
362.5
98.5
562.0
137.5
77.5
377.5
211.0
112.0
202.0
28.0
509.5
364.0
443.5
134.5
154.0
290.5
110.5
122.5
101.5
347.5
199.0
107.5
719.5
337.0
187.0
260.5
383.5
233.5
134.5
10.0
311.5
158.5
380.5
449.5
590.5
149.5
29.5
256.0
584.5
205.0
254.5
284.5
367.0
125.5
224.5
94.0
109.0
61.0
445.0
127.0
161.5
178.0
782.5
428.5
451.0
281.5
259.0
382.0
487.0
178.0
382.0
380.5
94.0
161.5
571.0
121.0
476.5
305.5
107.5
334.0
317.5
719.5
295.0
130.0
283.0
136.0
269.5
397.0
629.5
319.0
503.5
283.0
413.5
223.0
130.0
230.5
254.5
80.5
328.0
488.5
211.0
436.0
466.0
223.0
73.0
181.0
380.5
608.5
293.5
74.5
503.5
95.5
101.5
319.0
146.5
406.0
305.5
109.0
73.0
136.0
82.0
310.0
182.5
583.0
110.5
274.0
397.0
316.0
157.0
319.0
163.0
32.5
469.0
287.5
307.0
466.0
251.5
557.5
473.5
203.5
329.5
587.5
151.0
224.5
205.0
119.5
37.0
290.5
167.5
206.5
199.0
475.0
458.5
281.5
65.5
62.5
313.0
263.5
313.0
598.0
322.0
512.5
523.0
283.0
83.5
103.0
151.0
242.5
694.0
391.0
103.0
260.5
208.0
259.0
143.5
122.5
649.0
166.0
301.0
109.0
134.5
244.0
32.5
296.5
364.0
128.5
202.0
139.0
377.5
92.5
530.5
50.5
625.0
284.5
185.5
337.0
209.5
254.5
157.0
88.0
125.5
218.5
337.0
686.5
209.5
776.5
239.5
175.0
563.5
745.0
151.0
173.5
218.5
205.0
56.5
67.0
173.5
218.5
278.5
97.0
305.5
184.0
166.0
250.0
131.5
218.5
397.0
266.5
338.5
229.0
185.5
398.5
41.5
127.0
449.5
74.5
241.0
556.0
56.5
703.0
130.0
325.0
193.0
326.5
331.0
212.5
233.5
239.5
203.5
113.5
605.5
131.5
262.0
197.5
314.5
433.0
266.5
151.0
236.5
56.5
242.5
457.0
200.5
355.0
196.0
262.0
584.5
451.0
203.5
112.0
220.0
137.5
542.5
440.5
47.5
487.0
109.0
205.0
272.5
181.0
226.0
256.0
245.5
301.0
155.5
214.0
121.0
110.5
386.5
307.0
568.0
215.5
409.0
347.5
326.5
569.5
311.5
118.0
16.0
218.5
263.5
670.0
206.5
148.0
248.5
214.0
347.5
646.0
545.5
230.5
266.5
82.0
218.5
113.5
227.5
436.0
500.5
566.5
229.0
262.0
245.5
214.0
478.0
269.5
274.0
154.0
86.5
215.5
163.0
212.5
257.5
239.5
124.0
175.0
295.0
347.5
91.0
236.5
208.0
193.0
218.5
265.0
64.0
116.5
403.0
299.5
133.0
119.5
121.0
416.5
101.5
86.5
191.5
307.0
224.5
325.0
154.0
194.5
118.0
185.5
413.5
376.0
382.0
257.5
95.5
527.5
283.0
20.5
244.0
380.5
551.5
140.5
107.5
236.5
686.5
223.0
248.5
391.0
307.0
359.5
398.5
109.0
307.0
685.0
560.5
32.5
29.5
233.5
157.0
623.5
527.5
163.0
143.5
706.0
284.5
335.5
449.5
59.5
278.5
445.0
154.0
476.5
371.5
320.5
395.5
137.5
185.5
296.5
364.0
170.5
263.5
367.0
628.0
86.5
493.0
656.5
464.5
209.5
533.5
40.0
190.0
623.5
548.5
190.0
604.0
298.0
487.0
124.0
313.0
175.0
389.5
139.0
172.0
82.0
205.0
601.0
53.5
689.5
430.0
47.5
169.0
221.5
460.0
560.5
401.5
446.5
119.5
79.0
478.0
389.5
193.0
392.5
121.0
689.5
269.5
461.5
473.5
481.0
455.5
130.0
388.0
502.0
233.5
313.0
452.5
409.0
197.5
94.0
149.5
52.0
545.5
58.0
257.5
320.5
554.5
178.0
38.5
595.0
166.0
257.5
91.0
182.5
161.5
131.5
506.5
239.5
241.0
206.5
650.5
419.5
175.0
145.0
130.0
688.0
124.0
391.0
133.0
265.0
131.5
445.0
524.5
457.0
578.5
235.0
223.0
218.5
118.0
461.5
226.0
613.0
103.0
493.0
281.5
173.5
326.5
386.5
367.0
55.0
106.0
211.0
544.0
392.5
136.0
445.0
127.0
61.0
58.0
110.5
413.5
127.0
265.0
604.0
170.5
70.0
203.5
257.5
671.5
142.0
178.0
698.5
334.0
374.5
118.0
401.5
251.5
646.0
215.5
262.0
161.5
293.5
479.5
350.5
119.5
691.0
40.0
481.0
272.5
628.0
251.5
316.0
557.5
166.0
233.5
103.0
230.5
356.5
193.0
145.0
116.5
265.0
494.5
220.0
94.0
236.5
461.5
128.5
362.5
392.5
107.5
94.0
56.5
350.5
232.0
311.5
112.0
230.5
244.0
359.5
296.5
301.0
359.5
46.0
494.5
580.0
191.5
287.5
238.0
524.5
116.5
427.0
488.5
52.0
427.0
491.5
617.5
343.0
266.5
365.5
197.5
176.5
154.0
92.5
280.0
535.0
313.0
290.5
391.0
595.0
308.5
473.5
238.0
361.0
737.5
86.5
125.5
208.0
253.0
265.0
445.0
107.5
149.5
406.0
349.0
343.0
632.5
380.5
295.0
323.5
572.5
101.5
565.0
190.0
232.0
383.5
251.5
580.0
205.0
188.5
553.0
154.0
263.5
389.5
568.0
377.5
92.5
346.0
272.5
253.0
487.0
293.5
284.5
245.5
254.5
616.0
143.5
134.5
245.5
47.5
136.0
271.0
86.5
34.0
586.0
91.0
458.5
649.0
52.0
119.5
112.0
179.5
302.5
40.0
266.5
40.0
389.5
232.0
281.5
100.0
356.5
418.0
443.5
287.5
259.0
485.5
118.0
251.5
734.5
44.5
410.5
235.0
173.5
254.5
265.0
38.5
86.5
109.0
142.0
262.0
517.0
451.0
164.5
439.0
124.0
244.0
425.5
605.5
64.0
263.5
379.0
98.5
722.5
95.5
191.5
16.0
110.5
406.0
350.5
430.0
47.5
110.5
184.0
470.5
127.0
650.5
173.5
383.5
343.0
335.5
304.0
241.0
236.5
265.0
418.0
202.0
154.0
190.0
379.0
119.5
146.5
116.5
595.0
449.5
202.0
250.0
383.5
434.5
391.0
92.5
404.5
200.5
146.5
158.5
721.0
298.0
160.0
472.0
292.0
205.0
412.0
34.0
248.5
181.0
217.0
59.5
505.0
94.0
223.0
737.5
68.5
461.5
149.5
383.5
466.0
26.5
547.0
85.0
242.5
175.0
488.5
287.5
241.0
122.5
199.0
545.5
352.0
221.5
137.5
268.0
133.0
349.0
263.5
125.5
68.5
520.0
395.5
169.0
208.0
590.5
340.0
250.0
175.0
559.0
332.5
121.0
160.0
470.5
88.0
181.0
368.5
23.5
200.5
316.0
122.5
374.5
250.0
424.0
404.5
43.0
46.0
107.5
503.5
119.5
538.0
34.0
128.5
160.0
167.5
583.0
233.5
239.5
71.5
287.5
316.0
301.0
77.5
272.5
265.0
170.5
535.0
205.0
496.0
362.5
238.0
431.5
407.5
160.0
320.5
364.0
121.0
287.5
562.0
167.5
91.0
337.0
266.5
167.5
250.0
674.5
377.5
164.5
370.0
311.5
335.5
173.5
416.5
28.0
284.5
146.5
226.0
245.5
131.5
257.5
61.0
199.0
133.0
190.0
649.0
92.5
398.5
418.0
46.0
346.0
115.0
598.0
535.0
452.5
302.5
250.0
580.0
331.0
124.0
313.0
95.5
470.5
127.0
128.5
200.5
397.0
499.0
47.5
104.5
299.5
104.5
400.0
245.5
487.0
203.5
124.0
656.5
683.5
341.5
187.0
361.0
71.5
322.0
320.5
211.0
91.0
82.0
533.5
271.0
592.0
209.5
596.5
215.5
220.0
382.0
176.5
149.5
344.5
601.0
149.5
91.0
319.0
421.0
334.0
236.5
346.0
301.0
119.5
145.0
419.5
253.0
194.5
199.0
335.5
278.5
325.0
173.5
397.0
436.0
278.5
452.5
206.5
307.0
440.5
562.0
379.0
292.0
94.0
65.5
211.0
146.5
446.5
79.0
38.5
424.0
272.5
256.0
385.0
290.5
160.0
370.0
343.0
215.5
388.0
94.0
379.0
94.0
577.0
551.5
133.0
295.0
145.0
41.5
211.0
65.5
53.5
205.0
409.0
284.5
368.5
71.5
547.0
304.0
251.5
232.0
109.0
302.5
113.5
368.5
350.5
247.0
323.5
104.5
218.5
212.5
484.0
166.0
197.5
169.0
196.0
178.0
334.0
101.5
352.0
302.5
179.5
104.5
341.5
430.0
748.0
437.5
292.0
373.0
206.5
695.5
236.5
191.5
140.5
433.0
391.0
662.5
181.0
184.0
250.0
505.0
491.5
218.5
322.0
128.5
10.0
253.0
208.0
28.0
110.5
202.0
509.5
250.0
202.0
241.0
283.0
113.5
247.0
596.5
97.0
541.0
121.0
755.5
310.0
317.5
539.5
197.5
157.0
311.5
611.5
83.5
203.5
311.5
602.5
86.5
145.0
71.5
401.5
146.5
182.5
539.5
137.5
61.0
584.5
137.5
376.0
248.5
106.0
328.0
592.0
188.5
229.0
98.5
371.5
500.5
553.0
113.5
293.5
272.5
259.0
130.0
181.0
139.0
53.5
145.0
505.0
223.0
131.5
590.5
130.0
184.0
155.5
82.0
502.0
302.5
118.0
305.5
545.5
212.5
284.5
250.0
217.0
571.0
311.5
283.0
463.0
175.0
217.0
209.5
143.5
211.0
418.0
131.5
160.0
37.0
193.0
260.5
149.5
185.5
139.0
442.0
569.5
290.5
406.0
466.0
149.5
244.0
413.5
572.5
49.0
541.0
403.0
323.5
548.5
163.0
163.0
352.0
211.0
401.5
202.0
175.0
158.5
250.0
223.0
343.0
694.0
238.0
415.0
203.5
169.0
356.5
23.5
373.0
410.5
139.0
68.5
364.0
577.0
460.0
71.5
155.5
571.0
89.5
764.5
85.0
352.0
329.5
23.5
344.5
113.5
245.5
362.5
53.5
295.0
670.0
613.0
404.5
442.0
145.0
587.5
134.5
223.0
367.0
253.0
377.5
238.0
160.0
221.5
259.0
587.5
82.0
185.5
200.5
89.5
148.0
401.5
716.5
176.5
332.5
322.0
254.5
266.5
197.5
233.5
140.5
181.0
127.0
430.0
73.0
382.0
325.0
230.5
323.5
70.0
427.0
404.5
125.5
256.0
76.0
361.0
425.5
295.0
404.5
223.0
482.5
326.5
341.5
55.0
251.5
10.0
170.5
193.0
370.0
352.0
575.5
20.5
401.5
95.5
188.5
190.0
92.5
107.5
463.0
407.5
580.0
364.0
364.0
164.5
164.5
212.5
248.5
221.5
488.5
223.0
206.5
172.0
74.5
124.0
125.5
148.0
178.0
307.0
308.5
230.5
49.0
259.0
247.0
298.0
371.5
50.5
203.5
550.0
559.0
287.5
244.0
223.0
214.0
499.0
329.5
487.0
272.5
155.5
401.5
280.0
125.5
151.0
58.0
512.5
758.5
247.0
355.0
581.5
199.0
74.5
217.0
295.0
106.0
37.0
757.0
346.0
214.0
361.0
440.5
796.0
494.5
92.5
169.0
661.0
653.5
80.5
137.5
397.0
140.5
355.0
118.0
461.5
89.5
175.0
293.5
307.0
221.5
263.5
190.0
211.0
224.5
83.5
154.0
175.0
377.5
217.0
505.0
82.0
461.5
74.5
257.5
203.5
317.5
244.0
244.0
211.0
130.0
700.0
622.0
278.5
493.0
665.5
65.5
271.0
379.0
283.0
211.0
466.0
310.0
347.5
191.5
149.5
245.5
143.5
290.5
146.5
161.5
167.5
479.5
260.5
61.0
226.0
497.5
74.5
223.0
173.5
401.5
280.0
265.0
65.5
181.0
425.5
338.5
238.0
275.5
250.0
337.0
110.5
61.0
193.0
170.5
415.0
241.0
497.5
200.5
301.0
355.0
298.0
275.5
88.0
299.5
302.5
343.0
506.5
392.5
359.5
274.0
167.5
760.0
541.0
193.0
452.5
356.5
151.0
202.0
224.5
545.5
293.5
490.0
224.5
88.0
257.5
233.5
457.0
463.0
34.0
40.0
110.5
172.0
527.5
547.0
178.0
28.0
58.0
170.5
317.5
467.5
130.0
83.5
205.0
569.5
436.0
121.0
124.0
130.0
661.0
460.0
80.5
332.5
302.5
251.5
347.5
464.5
515.5
382.0
340.0
452.5
83.5
71.5
80.5
301.0
254.5
463.0
154.0
148.0
136.0
290.5
415.0
134.5
121.0
580.0
224.5
292.0
407.5
131.5
124.0
415.0
313.0
335.5
403.0
269.5
224.5
46.0
212.5
316.0
188.5
556.0
124.0
131.5
322.0
371.5
197.5
67.0
412.0
152.5
289.0
493.0
337.0
649.0
379.0
323.5
85.0
389.5
506.5
163.0
478.0
184.0
152.5
131.5
295.0
559.0
403.0
557.5
169.0
191.5
215.5
269.5
427.0
515.5
473.5
391.0
674.5
605.5
439.0
268.0
391.0
110.5
100.0
143.5
35.5
341.5
61.0
206.5
20.5
211.0
343.0
329.5
634.0
344.5
191.5
565.0
113.5
64.0
173.5
112.0
667.0
215.5
323.5
317.5
256.0
113.5
178.0
98.5
208.0
371.5
122.5
299.5
196.0
370.0
100.0
245.5
707.5
467.5
493.0
209.5
247.0
25.0
310.0
203.5
298.0
140.5
277.0
35.5
152.5
149.5
545.5
214.0
100.0
95.5
29.5
100.0
334.0
152.5
43.0
188.5
154.0
470.5
235.0
104.5
409.0
397.0
200.5
635.5
364.0
281.5
649.0
454.0
113.5
640.0
266.5
338.5
253.0
233.5
197.5
254.5
307.0
269.5
406.0
376.0
290.5
242.5
271.0
628.0
301.0
331.0
391.0
586.0
413.5
145.0
118.0
233.5
124.0
106.0
428.5
119.5
598.0
452.5
325.0
125.5
97.0
505.0
260.5
419.5
128.5
89.5
223.0
464.5
49.0
280.0
179.5
41.5
215.5
232.0
136.0
161.5
88.0
205.0
464.5
125.5
268.0
350.5
271.0
469.0
349.0
190.0
337.0
265.0
55.0
440.5
118.0
56.5
154.0
539.5
386.5
469.0
322.0
223.0
400.0
107.5
404.5
226.0
260.5
266.5
53.5
170.5
581.5
271.0
271.0
310.0
97.0
680.5
152.5
220.0
583.0
40.0
245.5
149.5
248.5
571.0
244.0
133.0
212.5
587.5
545.5
206.5
104.5
155.5
391.0
328.0
95.5
593.5
401.5
137.5
560.5
44.5
305.5
88.0
382.0
490.0
664.0
415.0
584.5
214.0
436.0
260.5
136.0
638.5
179.5
145.0
485.5
50.5
395.5
260.5
163.0
227.5
119.5
152.5
223.0
218.5
56.5
175.0
272.5
232.0
221.5
415.0
97.0
407.5
131.5
545.5
19.0
254.5
92.5
167.5
317.5
590.5
118.0
281.5
391.0
92.5
367.0
143.5
160.0
389.5
140.5
340.0
223.0
133.0
94.0
215.5
184.0
148.0
125.5
110.5
697.0
43.0
664.0
241.0
110.5
232.0
415.0
215.5
178.0
340.0
170.5
688.0
662.5
148.0
322.0
484.0
590.5
64.0
529.0
317.5
224.5
611.5
152.5
191.5
302.5
446.5
316.0
103.0
248.5
37.0
313.0
673.0
383.5
181.0
277.0
67.0
31.0
199.0
326.5
302.5
380.5
499.0
331.0
278.5
218.5
340.0
109.0
197.5
500.5
434.5
287.5
347.5
38.5
551.5
155.5
442.0
529.0
143.5
43.0
643.0
457.0
538.0
547.0
458.5
82.0
157.0
298.0
386.5
299.5
323.5
248.5
109.0
232.0
218.5
142.0
215.5
73.0
139.0
199.0
784.0
568.0
526.0
188.5
316.0
335.5
421.0
253.0
338.5
343.0
287.5
287.5
325.0
233.5
323.5
494.5
19.0
629.5
62.5
287.5
233.5
257.5
343.0
230.5
233.5
262.0
158.5
104.5
131.5
86.5
244.0
305.5
226.0
263.5
101.5
70.0
280.0
235.0
310.0
217.0
635.5
161.5
281.5
151.0
68.5
446.5
461.5
286.0
418.0
83.5
238.0
409.0
478.0
194.5
196.0
524.5
346.0
94.0
158.5
371.5
148.0
151.0
316.0
131.5
55.0
253.0
203.5
95.5
146.5
209.5
187.0
251.5
196.0
176.5
29.5
133.0
632.5
157.0
4.0
307.0
646.0
355.0
458.5
373.0
421.0
158.5
259.0
101.5
89.5
241.0
502.0
367.0
193.0
223.0
463.0
497.5
259.0
461.5
139.0
109.0
155.5
86.5
406.0
571.0
707.5
106.0
32.5
511.0
421.0
257.5
236.5
347.5
575.5
40.0
541.0
250.0
353.5
344.5
94.0
181.0
143.5
301.0
308.5
296.5
773.5
251.5
322.0
293.5
88.0
97.0
212.5
598.0
493.0
547.0
91.0
95.5
127.0
382.0
530.5
146.5
199.0
193.0
70.0
274.0
326.5
209.5
358.0
137.5
359.5
97.0
662.5
697.0
125.5
259.0
121.0
286.0
229.0
548.5
229.0
80.5
68.5
115.0
218.5
368.5
665.5
329.5
293.5
49.0
292.0
25.0
131.5
199.0
344.5
278.5
230.5
301.0
452.5
160.0
692.5
215.5
241.0
269.5
415.0
73.0
139.0
14.5
353.5
98.5
259.0
638.5
85.0
188.5
161.5
148.0
337.0
437.5
308.5
466.0
329.5
103.0
143.5
491.5
116.5
85.0
124.0
173.5
284.5
517.0
421.0
97.0
272.5
338.5
349.0
685.0
148.0
146.5
734.5
46.0
155.5
530.5
163.0
542.5
176.5
245.5
92.5
376.0
340.0
352.0
479.5
256.0
232.0
68.5
206.5
136.0
77.5
293.5
634.0
188.5
370.0
259.0
482.5
518.5
170.5
199.0
269.5
251.5
218.5
341.5
533.5
578.5
293.5
271.0
310.0
263.5
433.0
88.0
215.5
178.0
341.5
197.5
433.0
121.0
229.0
320.5
619.0
164.5
388.0
119.5
227.5
460.0
664.0
176.5
461.5
167.5
551.5
212.5
452.5
109.0
398.5
368.5
191.5
407.5
436.0
151.0
127.0
119.5
59.5
544.0
259.0
133.0
419.5
109.0
643.0
566.5
241.0
146.5
460.0
235.0
92.5
311.5
500.5
242.5
145.0
386.5
286.0
217.0
557.5
482.5
518.5
170.5
119.5
188.5
164.5
244.0
518.5
307.0
214.0
88.0
290.5
182.5
65.5
128.5
208.0
41.5
164.5
112.0
85.0
194.5
131.5
211.0
484.0
181.0
157.0
71.5
136.0
220.0
200.5
80.5
367.0
80.5
179.5
505.0
131.5
415.0
160.0
236.5
467.5
344.5
187.0
385.0
398.5
326.5
445.0
512.5
413.5
176.5
110.5
398.5
211.0
508.0
283.0
218.5
689.5
503.5
611.5
242.5
352.0
517.0
82.0
125.5
344.5
152.5
449.5
263.5
527.5
235.0
212.5
221.5
7.0
301.0
89.5
377.5
263.5
247.0
130.0
608.5
118.0
482.5
242.5
116.5
470.5
325.0
452.5
344.5
407.5
227.5
757.0
334.0
130.0
137.5
358.0
553.0
662.5
461.5
74.5
473.5
292.0
412.0
367.0
163.0
248.5
124.0
373.0
22.0
713.5
200.5
445.0
299.5
440.5
512.5
647.5
77.5
745.0
97.0
331.0
106.0
124.0
187.0
496.0
328.0
179.5
397.0
110.5
37.0
316.0
175.0
109.0
482.5
122.5
142.0
310.0
163.0
122.5
227.5
391.0
398.5
247.0
436.0
185.5
292.0
380.5
127.0
581.5
82.0
212.5
104.5
548.5
128.5
164.5
596.5
94.0
421.0
448.0
629.5
245.5
77.5
146.5
145.0
127.0
425.5
206.5
77.5
77.5
569.5
223.0
148.0
551.5
260.5
194.5
271.0
266.5
262.0
103.0
181.0
65.5
118.0
209.5
358.0
595.0
443.5
328.0
658.0
415.0
595.0
158.5
131.5
95.5
235.0
203.5
323.5
82.0
91.0
443.5
29.5
515.5
95.5
458.5
185.5
233.5
142.0
766.0
490.0
284.5
601.0
160.0
83.5
223.0
340.0
172.0
223.0
152.5
542.5
433.0
835.0
134.5
203.5
53.5
203.5
233.5
203.5
169.0
602.5
242.5
413.5
481.0
251.5
290.5
370.0
250.0
328.0
371.5
202.0
143.5
64.0
508.0
146.5
322.0
194.5
91.0
293.5
500.5
412.0
220.0
446.5
352.0
37.0
250.0
77.5
214.0
193.0
224.5
392.5
437.5
158.5
556.0
311.5
89.5
398.5
370.0
487.0
263.5
148.0
71.5
217.0
529.0
424.0
215.5
175.0
239.5
217.0
61.0
544.0
524.5
107.5
331.0
493.0
302.5
154.0
395.5
256.0
80.5
380.5
100.0
235.0
230.5
208.0
202.0
121.0
328.0
73.0
470.5
202.0
197.5
118.0
695.5
364.0
478.0
407.5
524.5
301.0
29.5
163.0
637.0
224.5
136.0
361.0
128.5
136.0
341.5
448.0
548.5
580.0
106.0
316.0
125.5
113.5
112.0
242.5
47.5
230.5
464.5
562.0
518.5
40.0
617.5
136.0
317.5
260.5
308.5
560.5
205.0
176.5
613.0
277.0
223.0
425.5
625.0
368.5
331.0
556.0
67.0
598.0
140.5
166.0
541.0
233.5
628.0
491.5
434.5
739.0
239.5
32.5
584.5
290.5
703.0
257.5
91.0
137.5
368.5
64.0
238.0
275.5
413.5
316.0
515.5
229.0
164.5
568.0
92.5
230.5
76.0
143.5
275.5
221.5
499.0
310.0
514.0
158.5
280.0
632.5
22.0
134.5
248.5
278.5
230.5
140.5
56.5
160.0
346.0
253.0
362.5
224.5
137.5
247.0
308.5
347.5
208.0
553.0
226.0
286.0
277.0
680.5
659.5
67.0
256.0
112.0
190.0
592.0
584.5
539.5
254.5
365.5
73.0
55.0
52.0
235.0
161.5
185.5
485.5
115.0
352.0
77.5
154.0
170.5
380.5
247.0
152.5
637.0
148.0
178.0
436.0
253.0
158.5
377.5
113.5
404.5
20.5
205.0
22.0
445.0
64.0
389.5
143.5
121.0
245.5
85.0
722.5
347.5
541.0
511.0
280.0
284.5
295.0
419.5
97.0
485.5
100.0
106.0
379.0
230.5
290.5
50.5
203.5
142.0
118.0
82.0
526.0
163.0
148.0
136.0
173.5
379.0
106.0
155.5
226.0
617.5
121.0
457.0
