887.5
829.0
823.0
890.5
917.5
847.0
898.0
862.0
901.0
860.5
931.0
883.0
872.5
902.5
874.0
893.5
890.5
899.5
887.5
884.5
940.0
940.0
871.0
920.5
932.5
838.0
904.0
881.5
907.0
893.5
904.0
853.0
902.5
928.0
913.0
868.0
859.0
896.5
878.5
877.0
932.5
917.5
887.5
919.0
932.5
895.0
898.0
929.5
931.0
899.5
850.0
931.0
901.0
806.5
920.5
865.0
893.5
910.0
922.0
919.0
857.5
923.5
902.5
880.0
916.0
956.5
911.5
877.0
908.5
871.0
899.5
875.5
929.5
899.5
949.0
916.0
898.0
920.5
905.5
878.5
862.0
892.0
920.5
881.5
911.5
853.0
923.5
925.0
926.5
871.0
893.5
899.5
943.0
898.0
892.0
848.5
866.5
901.0
905.5
887.5
914.5
905.5
908.5
920.5
934.0
932.5
928.0
896.5
902.5
902.5
886.0
854.5
940.0
877.0
883.0
869.5
905.5
950.5
883.0
928.0
922.0
868.0
967.0
881.5
908.5
919.0
883.0
913.0
908.5
880.0
916.0
851.5
920.5
905.5
917.5
848.5
896.5
877.0
935.5
860.5
880.0
935.5
880.0
887.5
923.5
904.0
926.5
922.0
913.0
841.0
898.0
854.5
905.5
902.5
844.0
902.5
934.0
898.0
881.5
926.5
923.5
809.5
880.0
920.5
835.0
907.0
923.5
919.0
874.0
950.5
953.5
938.5
830.5
899.5
856.0
875.5
908.5
932.5
848.5
887.5
919.0
901.0
910.0
881.5
895.0
952.0
958.0
815.5
937.0
922.0
901.0
958.0
911.5
962.5
908.5
859.0
911.5
838.0
940.0
964.0
937.0
874.0
886.0
902.5
940.0
943.0
895.0
932.5
904.0
925.0
949.0
883.0
890.5
911.5
935.5
878.5
919.0
893.5
902.5
923.5
905.5
868.0
907.0
916.0
896.5
965.5
883.0
877.0
857.5
925.0
895.0
850.0
814.0
937.0
835.0
929.5
929.5
890.5
893.5
896.5
847.0
860.5
863.5
857.5
884.5
869.5
905.5
916.0
913.0
911.5
910.0
904.0
907.0
905.5
893.5
904.0
868.0
863.5
886.0
889.0
823.0
917.5
877.0
889.0
902.5
881.5
842.5
943.0
883.0
941.5
920.5
904.0
916.0
842.5
905.5
923.5
916.0
920.5
904.0
908.5
913.0
913.0
865.0
887.5
938.5
889.0
950.5
806.5
856.0
875.5
889.0
844.0
817.0
884.5
887.5
919.0
916.0
914.5
881.5
902.5
842.5
884.5
878.5
910.0
878.5
859.0
890.5
796.0
908.5
904.0
925.0
893.5
908.5
857.5
797.5
905.5
815.5
878.5
919.0
908.5
884.5
940.0
883.0
853.0
886.0
854.5
902.5
859.0
913.0
895.0
913.0
928.0
838.0
914.5
895.0
929.5
923.5
913.0
896.5
878.5
892.0
788.5
884.5
919.0
956.5
937.0
932.5
887.5
910.0
898.0
875.5
893.5
866.5
863.5
874.0
902.5
835.0
887.5
902.5
953.5
896.5
875.5
859.0
872.5
929.5
896.5
937.0
914.5
934.0
901.0
940.0
916.0
886.0
913.0
910.0
881.5
899.5
908.5
910.0
872.5
905.5
895.0
883.0
908.5
916.0
874.0
802.0
908.5
850.0
944.5
907.0
766.0
923.5
944.5
758.5
901.0
797.5
916.0
892.0
937.0
911.5
928.0
923.5
958.0
860.5
877.0
913.0
905.5
932.5
929.5
770.5
886.0
886.0
896.5
887.5
917.5
911.5
913.0
925.0
892.0
920.5
944.5
899.5
884.5
866.5
845.5
913.0
854.5
893.5
926.5
871.0
910.0
920.5
904.0
770.5
905.5
890.5
938.5
875.5
893.5
934.0
872.5
908.5
866.5
890.5
914.5
913.0
893.5
883.0
919.0
916.0
907.0
941.5
854.5
902.5
869.5
920.5
910.0
914.5
808.0
901.0
890.5
919.0
886.0
839.5
812.5
917.5
881.5
791.5
925.0
881.5
907.0
889.0
856.0
944.5
898.0
874.0
920.5
919.0
875.5
899.5
877.0
907.0
829.0
865.0
922.0
922.0
911.5
880.0
907.0
902.5
920.5
896.5
883.0
904.0
875.5
941.5
925.0
784.0
907.0
883.0
935.5
869.5
916.0
896.5
941.5
916.0
865.0
902.5
919.0
923.5
904.0
914.5
749.5
836.5
919.0
908.5
926.5
919.0
884.5
863.5
856.0
892.0
947.5
904.0
907.0
937.0
932.5
904.0
908.5
872.5
869.5
892.0
926.5
931.0
931.0
890.5
947.5
875.5
880.0
875.5
910.0
889.0
908.5
893.5
890.5
881.5
812.5
923.5
932.5
917.5
895.0
892.0
845.5
895.0
872.5
908.5
905.5
865.0
898.0
916.0
913.0
856.0
889.0
890.5
865.0
920.5
838.0
908.5
871.0
923.5
874.0
887.5
890.5
865.0
941.5
908.5
886.0
856.0
923.5
905.5
853.0
899.5
919.0
970.0
887.5
848.5
839.5
871.0
839.5
806.5
875.5
899.5
875.5
887.5
917.5
820.0
844.0
911.5
922.0
928.0
947.5
908.5
928.0
845.5
908.5
869.5
902.5
898.0
857.5
932.5
910.0
826.0
913.0
880.0
853.0
908.5
880.0
869.5
869.5
905.5
892.0
917.5
880.0
763.0
920.5
844.0
932.5
926.5
926.5
901.0
847.0
887.5
820.0
931.0
929.5
923.5
913.0
926.5
911.5
904.0
914.5
937.0
916.0
940.0
934.0
820.0
770.5
944.5
901.0
953.5
886.0
881.5
865.0
914.5
904.0
901.0
880.0
890.5
922.0
854.5
964.0
842.5
881.5
890.5
925.0
887.5
863.5
890.5
890.5
938.5
866.5
905.5
923.5
865.0
928.0
889.0
890.5
911.5
908.5
899.5
865.0
847.0
904.0
914.5
847.0
895.0
868.0
899.5
932.5
943.0
847.0
872.5
893.5
929.5
856.0
893.5
871.0
926.5
931.0
839.5
913.0
850.0
910.0
908.5
907.0
880.0
902.5
887.5
880.0
944.5
947.5
916.0
914.5
914.5
914.5
842.5
865.0
928.0
907.0
917.5
914.5
911.5
926.5
953.5
883.0
926.5
907.0
922.0
778.0
920.5
892.0
883.0
935.5
883.0
871.0
938.5
910.0
883.0
836.5
778.0
869.5
907.0
844.0
889.0
928.0
901.0
931.0
880.0
917.5
907.0
920.5
931.0
944.5
916.0
884.5
920.5
901.0
875.5
854.5
883.0
889.0
893.5
895.0
949.0
914.5
907.0
862.0
853.0
865.0
926.5
938.5
923.5
910.0
899.5
931.0
829.0
844.0
808.0
892.0
863.5
920.5
928.0
896.5
911.5
896.5
872.5
914.5
884.5
938.5
922.0
878.5
808.0
854.5
892.0
971.5
896.5
905.5
937.0
896.5
917.5
905.5
844.0
944.5
934.0
877.0
877.0
764.5
898.0
875.5
925.0
922.0
904.0
877.0
964.0
824.5
863.5
892.0
878.5
901.0
889.0
875.5
931.0
881.5
854.5
887.5
938.5
823.0
881.5
902.5
872.5
755.5
893.5
896.5
892.0
868.0
883.0
841.0
896.5
911.5
917.5
926.5
839.5
902.5
935.5
937.0
901.0
865.0
917.5
821.5
869.5
850.0
752.5
887.5
911.5
931.0
893.5
898.0
856.0
907.0
869.5
868.0
926.5
857.5
845.5
848.5
904.0
913.0
923.5
872.5
913.0
881.5
872.5
859.0
875.5
875.5
920.5
908.5
925.0
904.0
916.0
920.5
827.5
878.5
904.0
887.5
893.5
853.0
878.5
907.0
829.0
830.5
811.0
884.5
860.5
907.0
841.0
866.5
902.5
901.0
889.0
869.5
896.5
919.0
911.5
892.0
881.5
913.0
901.0
899.5
893.5
889.0
916.0
901.0
919.0
899.5
943.0
878.5
886.0
932.5
878.5
941.5
908.5
890.5
793.0
917.5
929.5
923.5
895.0
926.5
910.0
863.5
901.0
866.5
877.0
907.0
764.5
878.5
875.5
868.0
884.5
943.0
871.0
877.0
829.0
842.5
887.5
872.5
940.0
931.0
895.0
910.0
916.0
905.5
943.0
946.0
854.5
949.0
886.0
845.5
857.5
901.0
917.5
905.5
955.0
907.0
928.0
938.5
860.5
919.0
899.5
940.0
872.5
899.5
904.0
935.5
866.5
898.0
917.5
904.0
880.0
883.0
917.5
892.0
896.5
902.5
881.5
865.0
917.5
838.0
928.0
919.0
902.5
851.5
959.5
938.5
926.5
901.0
899.5
923.5
856.0
833.5
923.5
851.5
907.0
920.5
919.0
916.0
895.0
919.0
887.5
898.0
932.5
875.5
844.0
931.0
953.5
845.5
857.5
842.5
893.5
871.0
902.5
820.0
887.5
823.0
887.5
916.0
881.5
899.5
877.0
952.0
848.5
961.0
932.5
863.5
919.0
932.5
898.0
874.0
968.5
859.0
920.5
875.5
902.5
908.5
919.0
895.0
850.0
791.5
925.0
892.0
854.5
914.5
872.5
910.0
919.0
910.0
886.0
899.5
844.0
895.0
931.0
901.0
872.5
950.5
890.5
934.0
911.5
895.0
881.5
923.5
896.5
902.5
895.0
937.0
929.5
866.5
887.5
961.0
847.0
875.5
853.0
911.5
886.0
896.5
925.0
886.0
872.5
814.0
893.5
892.0
839.5
890.5
919.0
886.0
904.0
871.0
938.5
836.5
896.5
913.0
880.0
889.0
871.0
872.5
871.0
937.0
787.0
911.5
889.0
928.0
931.0
923.5
878.5
875.5
812.5
863.5
904.0
905.5
889.0
880.0
917.5
920.5
922.0
877.0
940.0
926.5
914.5
797.5
893.5
907.0
889.0
904.0
847.0
853.0
920.5
833.5
905.5
923.5
928.0
856.0
902.5
917.5
947.5
925.0
928.0
929.5
917.5
908.5
854.5
844.0
941.5
884.5
896.5
895.0
883.0
913.0
865.0
877.0
884.5
851.5
916.0
832.0
877.0
883.0
884.5
920.5
896.5
835.0
923.5
907.0
886.0
922.0
937.0
862.0
896.5
926.5
910.0
923.5
935.5
866.5
908.5
907.0
925.0
857.5
908.5
892.0
880.0
872.5
916.0
844.0
913.0
868.0
905.5
914.5
880.0
767.5
905.5
938.5
869.5
823.0
904.0
884.5
922.0
902.5
880.0
878.5
925.0
857.5
905.5
920.5
911.5
937.0
883.0
902.5
892.0
868.0
886.0
944.5
908.5
892.0
865.0
925.0
929.5
923.5
947.5
883.0
863.5
811.0
941.5
860.5
863.5
901.0
854.5
878.5
941.5
872.5
932.5
800.5
932.5
884.5
797.5
901.0
911.5
860.5
868.0
878.5
878.5
896.5
914.5
893.5
941.5
869.5
904.0
862.0
910.0
905.5
875.5
914.5
863.5
869.5
910.0
878.5
898.0
917.5
902.5
904.0
827.5
886.0
916.0
863.5
907.0
907.0
881.5
916.0
914.5
832.0
893.5
949.0
923.5
856.0
892.0
922.0
769.0
929.5
904.0
772.0
917.5
910.0
886.0
934.0
860.5
908.5
893.5
892.0
935.5
914.5
818.5
835.0
868.0
841.0
922.0
841.0
904.0
917.5
889.0
919.0
745.0
931.0
916.0
881.5
860.5
938.5
928.0
928.0
871.0
848.5
884.5
922.0
920.5
887.5
892.0
908.5
874.0
908.5
868.0
869.5
913.0
898.0
856.0
881.5
911.5
913.0
917.5
913.0
850.0
898.0
856.0
854.5
911.5
965.5
859.0
874.0
884.5
887.5
871.0
827.5
871.0
935.5
895.0
929.5
922.0
937.0
874.0
913.0
874.0
877.0
932.5
920.5
934.0
884.5
871.0
865.0
926.5
887.5
898.0
884.5
844.0
830.5
940.0
904.0
940.0
826.0
860.5
934.0
935.5
895.0
895.0
878.5
908.5
943.0
841.0
884.5
847.0
878.5
940.0
919.0
955.0
892.0
901.0
932.5
875.5
917.5
877.0
940.0
940.0
868.0
923.5
802.0
878.5
892.0
827.5
883.0
914.5
902.5
916.0
863.5
928.0
881.5
892.0
910.0
851.5
875.5
862.0
919.0
940.0
899.5
907.0
917.5
890.5
818.5
896.5
916.0
937.0
868.0
932.5
745.0
907.0
871.0
883.0
898.0
893.5
923.5
881.5
862.0
856.0
814.0
916.0
847.0
919.0
862.0
890.5
847.0
920.5
959.5
881.5
902.5
895.0
911.5
908.5
913.0
874.0
868.0
905.5
871.0
859.0
874.0
874.0
904.0
908.5
905.5
812.5
832.0
874.0
845.5
890.5
905.5
913.0
898.0
838.0
884.5
856.0
920.5
899.5
826.0
941.5
878.5
871.0
892.0
917.5
880.0
904.0
919.0
910.0
904.0
944.5
959.5
866.5
886.0
889.0
943.0
890.5
902.5
919.0
827.5
907.0
892.0
898.0
937.0
944.5
875.5
850.0
880.0
911.5
830.5
871.0
848.5
935.5
890.5
886.0
896.5
859.0
899.5
923.5
893.5
928.0
931.0
872.5
917.5
896.5
922.0
859.0
862.0
859.0
914.5
896.5
944.5
890.5
943.0
331.0
899.5
913.0
892.0
898.0
898.0
902.5
853.0
860.5
913.0
898.0
920.5
934.0
926.5
916.0
931.0
881.5
931.0
851.5
916.0
859.0
941.5
937.0
874.0
845.5
905.5
887.5
905.5
919.0
890.5
863.5
848.5
917.5
920.5
841.0
830.5
922.0
881.5
929.5
895.0
862.0
910.0
890.5
913.0
878.5
889.0
896.5
913.0
851.5
890.5
946.0
835.0
896.5
922.0
901.0
881.5
895.0
925.0
943.0
898.0
857.5
853.0
874.0
926.5
902.5
844.0
881.5
875.5
859.0
905.5
893.5
803.5
931.0
893.5
917.5
922.0
908.5
911.5
920.5
923.5
883.0
896.5
940.0
857.5
899.5
911.5
869.5
947.5
896.5
907.0
881.5
899.5
946.0
875.5
874.0
887.5
889.0
944.5
862.0
928.0
908.5
932.5
925.0
913.0
901.0
793.0
872.5
896.5
877.0
925.0
874.0
854.5
932.5
961.0
893.5
955.0
929.5
913.0
878.5
916.0
916.0
881.5
898.0
907.0
905.5
871.0
908.5
935.5
932.5
805.0
893.5
901.0
898.0
967.0
932.5
910.0
892.0
931.0
887.5
901.0
910.0
895.0
871.0
886.0
922.0
943.0
907.0
914.5
898.0
859.0
910.0
923.5
905.5
854.5
944.5
868.0
916.0
833.5
907.0
925.0
908.5
926.5
911.5
895.0
920.5
920.5
901.0
872.5
836.5
940.0
887.5
889.0
929.5
911.5
869.5
845.5
818.5
874.0
931.0
878.5
839.5
893.5
856.0
883.0
904.0
889.0
902.5
881.5
931.0
910.0
904.0
881.5
893.5
926.5
947.5
830.5
961.0
914.5
920.5
914.5
887.5
893.5
859.0
851.5
904.0
772.0
842.5
896.5
896.5
869.5
917.5
877.0
946.0
859.0
856.0
835.0
829.0
860.5
896.5
886.0
923.5
883.0
893.5
908.5
937.0
856.0
898.0
892.0
910.0
913.0
925.0
847.0
935.5
923.5
901.0
914.5
887.5
853.0
910.0
886.0
908.5
875.5
934.0
877.0
934.0
818.5
902.5
881.5
911.5
917.5
811.0
931.0
886.0
907.0
889.0
928.0
890.5
874.0
907.0
929.5
889.0
884.5
905.5
904.0
946.0
928.0
862.0
856.0
788.5
947.5
932.5
929.5
941.5
869.5
830.5
890.5
905.5
902.5
919.0
923.5
919.0
875.5
836.5
865.0
902.5
920.5
854.5
935.5
899.5
932.5
884.5
851.5
896.5
808.0
938.5
932.5
868.0
890.5
871.0
863.5
887.5
935.5
925.0
931.0
923.5
887.5
898.0
908.5
910.0
884.5
925.0
917.5
907.0
920.5
874.0
817.0
908.5
908.5
896.5
937.0
877.0
938.5
914.5
911.5
920.5
896.5
911.5
908.5
878.5
917.5
907.0
808.0
877.0
884.5
931.0
922.0
895.0
869.5
911.5
940.0
890.5
911.5
889.0
899.5
856.0
808.0
892.0
908.5
895.0
889.0
911.5
895.0
875.5
890.5
893.5
856.0
892.0
862.0
937.0
893.5
871.0
925.0
913.0
895.0
923.5
917.5
881.5
896.5
893.5
935.5
892.0
913.0
908.5
898.0
947.5
842.5
865.0
832.0
914.5
940.0
818.5
850.0
934.0
875.5
929.5
860.5
830.5
901.0
854.5
883.0
857.5
949.0
875.5
956.5
830.5
887.5
839.5
926.5
901.0
904.0
919.0
904.0
926.5
797.5
866.5
925.0
941.5
827.5
940.0
923.5
877.0
910.0
922.0
922.0
881.5
881.5
887.5
904.0
785.5
907.0
887.5
874.0
905.5
811.0
892.0
854.5
904.0
913.0
905.5
896.5
895.0
919.0
923.5
949.0
901.0
829.0
901.0
812.5
922.0
898.0
911.5
928.0
896.5
824.5
911.5
901.0
928.0
880.0
941.5
920.5
841.0
931.0
892.0
932.5
922.0
947.5
920.5
892.0
917.5
856.0
904.0
922.0
911.5
898.0
893.5
844.0
809.5
899.5
913.0
901.0
871.0
913.0
901.0
964.0
829.0
929.5
884.5
854.5
901.0
917.5
925.0
922.0
839.5
917.5
875.5
811.0
808.0
926.5
926.5
820.0
941.5
883.0
871.0
826.0
877.0
790.0
899.5
926.5
905.5
898.0
883.0
905.5
895.0
907.0
947.5
913.0
907.0
938.5
880.0
880.0
898.0
875.5
889.0
926.5
895.0
866.5
917.5
917.5
899.5
899.5
922.0
871.0
958.0
887.5
844.0
895.0
851.5
949.0
874.0
928.0
799.0
899.5
832.0
910.0
896.5
946.0
884.5
889.0
838.0
848.5
904.0
935.5
892.0
859.0
896.5
907.0
800.5
899.5
901.0
941.5
883.0
899.5
887.5
947.5
869.5
890.5
877.0
895.0
923.5
850.0
889.0
935.5
953.5
953.5
907.0
898.0
889.0
928.0
908.5
866.5
901.0
916.0
866.5
905.5
916.0
919.0
883.0
863.5
808.0
880.0
934.0
889.0
935.5
907.0
866.5
926.5
940.0
917.5
893.5
925.0
958.0
937.0
884.5
871.0
821.5
880.0
907.0
917.5
887.5
847.0
901.0
902.5
940.0
832.0
922.0
911.5
925.0
889.0
923.5
896.5
898.0
865.0
841.0
851.5
913.0
899.5
829.0
893.5
949.0
946.0
898.0
872.5
856.0
901.0
853.0
860.5
907.0
886.0
881.5
934.0
892.0
887.5
886.0
884.5
884.5
922.0
926.5
902.5
878.5
886.0
844.0
878.5
949.0
926.5
920.5
859.0
877.0
845.5
908.5
860.5
856.0
908.5
920.5
931.0
896.5
874.0
895.0
877.0
847.0
884.5
925.0
919.0
943.0
920.5
886.0
853.0
922.0
839.5
841.0
869.5
902.5
883.0
932.5
850.0
902.5
913.0
863.5
880.0
860.5
917.5
851.5
929.5
904.0
868.0
910.0
806.5
919.0
865.0
835.0
821.5
946.0
893.5
938.5
904.0
920.5
934.0
925.0
877.0
911.5
880.0
892.0
835.0
905.5
892.0
908.5
943.0
895.0
904.0
859.0
875.5
871.0
890.5
901.0
854.5
878.5
937.0
883.0
905.5
946.0
821.5
922.0
910.0
838.0
880.0
920.5
901.0
910.0
910.0
887.5
911.5
851.5
932.5
848.5
874.0
806.5
902.5
869.5
919.0
937.0
928.0
881.5
931.0
910.0
871.0
886.0
907.0
902.5
880.0
898.0
928.0
887.5
907.0
958.0
829.0
913.0
925.0
884.5
883.0
896.5
941.5
902.5
865.0
859.0
884.5
857.5
878.5
878.5
953.5
850.0
892.0
829.0
725.5
947.5
931.0
905.5
851.5
880.0
853.0
923.5
887.5
875.5
868.0
881.5
815.5
886.0
872.5
898.0
899.5
874.0
871.0
902.5
875.5
893.5
878.5
869.5
910.0
929.5
886.0
880.0
890.5
920.5
887.5
917.5
937.0
895.0
892.0
922.0
892.0
902.5
823.0
800.5
929.5
890.5
905.5
892.0
847.0
871.0
890.5
940.0
940.0
889.0
886.0
925.0
856.0
860.5
914.5
919.0
901.0
947.5
893.5
959.5
920.5
937.0
850.0
917.5
872.5
880.0
910.0
919.0
905.5
841.0
893.5
794.5
878.5
935.5
916.0
904.0
890.5
877.0
880.0
931.0
871.0
890.5
854.5
928.0
913.0
800.5
869.5
902.5
905.5
868.0
943.0
841.0
946.0
919.0
871.0
893.5
896.5
920.5
851.5
728.5
899.5
848.5
755.5
877.0
808.0
878.5
896.5
931.0
929.5
926.5
940.0
910.0
866.5
895.0
868.0
908.5
938.5
907.0
778.0
754.0
905.5
898.0
848.5
917.5
869.5
910.0
913.0
872.5
883.0
860.5
883.0
902.5
935.5
902.5
899.5
878.5
913.0
880.0
892.0
917.5
878.5
896.5
929.5
949.0
917.5
868.0
920.5
964.0
845.5
868.0
916.0
910.0
895.0
913.0
916.0
893.5
916.0
859.0
907.0
875.5
844.0
772.0
895.0
965.5
875.5
821.5
914.5
910.0
914.5
901.0
904.0
920.5
907.0
904.0
895.0
809.5
943.0
910.0
914.5
827.5
931.0
874.0
940.0
932.5
887.5
866.5
920.5
964.0
854.5
823.0
820.0
917.5
923.5
911.5
881.5
908.5
901.0
866.5
869.5
926.5
893.5
896.5
808.0
917.5
862.0
935.5
874.0
913.0
919.0
871.0
902.5
853.0
911.5
893.5
856.0
899.5
937.0
881.5
857.5
886.0
916.0
881.5
946.0
899.5
898.0
932.5
943.0
938.5
905.5
929.5
830.5
899.5
872.5
832.0
953.5
871.0
869.5
835.0
850.0
881.5
914.5
947.5
911.5
905.5
889.0
920.5
916.0
901.0
929.5
872.5
911.5
934.0
898.0
842.5
881.5
778.0
917.5
896.5
878.5
919.0
929.5
890.5
866.5
827.5
829.0
862.0
872.5
940.0
935.5
908.5
926.5
922.0
914.5
913.0
901.0
805.0
911.5
884.5
907.0
923.5
907.0
911.5
904.0
883.0
907.0
922.0
850.0
883.0
883.0
890.5
922.0
823.0
929.5
838.0
938.5
857.5
895.0
946.0
854.5
905.5
872.5
892.0
917.5
892.0
875.5
881.5
905.5
892.0
940.0
881.5
850.0
935.5
922.0
916.0
943.0
940.0
878.5
865.0
919.0
917.5
826.0
904.0
920.5
926.5
862.0
940.0
859.0
890.5
928.0
883.0
848.5
947.5
829.0
923.5
920.5
874.0
874.0
935.5
850.0
881.5
880.0
794.5
880.0
841.0
880.0
935.5
902.5
923.5
784.0
895.0
887.5
874.0
932.5
845.5
928.0
868.0
901.0
928.0
878.5
892.0
901.0
877.0
920.5
844.0
908.5
838.0
893.5
890.5
923.5
929.5
946.0
886.0
886.0
821.5
847.0
812.5
905.5
904.0
872.5
863.5
860.5
863.5
917.5
893.5
826.0
826.0
895.0
907.0
934.0
881.5
901.0
899.5
905.5
905.5
931.0
916.0
869.5
887.5
935.5
901.0
857.5
857.5
914.5
923.5
925.0
917.5
920.5
905.5
889.0
941.5
911.5
886.0
859.0
883.0
878.5
908.5
884.5
883.0
881.5
917.5
869.5
901.0
898.0
847.0
901.0
853.0
893.5
862.0
916.0
947.5
916.0
893.5
905.5
941.5
961.0
901.0
872.5
919.0
884.5
865.0
859.0
944.5
847.0
932.5
860.5
779.5
862.0
865.0
881.5
917.5
907.0
962.5
914.5
868.0
878.5
859.0
916.0
827.5
829.0
893.5
925.0
890.5
874.0
886.0
872.5
880.0
892.0
874.0
871.0
853.0
899.5
890.5
892.0
878.5
923.5
794.5
832.0
839.5
872.5
926.5
880.0
889.0
910.0
916.0
899.5
838.0
896.5
922.0
892.0
850.0
911.5
899.5
934.0
920.5
808.0
922.0
931.0
893.5
887.5
823.0
931.0
886.0
850.0
890.5
856.0
890.5
902.5
923.5
871.0
910.0
913.0
847.0
881.5
901.0
914.5
914.5
766.0
890.5
895.0
893.5
854.5
877.0
926.5
817.0
946.0
925.0
878.5
902.5
925.0
904.0
950.5
905.5
787.0
907.0
842.5
938.5
910.0
928.0
925.0
895.0
884.5
923.5
781.0
929.5
940.0
857.5
911.5
905.5
913.0
907.0
887.5
904.0
893.5
922.0
863.5
872.5
887.5
904.0
881.5
856.0
911.5
889.0
917.5
851.5
884.5
901.0
866.5
952.0
907.0
884.5
916.0
875.5
841.0
899.5
958.0
898.0
868.0
823.0
896.5
931.0
914.5
949.0
881.5
902.5
889.0
910.0
949.0
752.5
878.5
917.5
941.5
910.0
919.0
887.5
890.5
898.0
899.5
923.5
842.5
926.5
923.5
899.5
872.5
872.5
907.0
907.0
880.0
883.0
910.0
940.0
914.5
841.0
832.0
872.5
884.5
929.5
904.0
887.5
883.0
904.0
868.0
901.0
931.0
869.5
854.5
917.5
929.5
898.0
905.5
943.0
916.0
941.5
884.5
914.5
904.0
919.0
932.5
841.0
905.5
896.5
881.5
878.5
893.5
836.5
794.5
899.5
869.5
911.5
863.5
887.5
917.5
896.5
914.5
914.5
950.5
928.0
898.0
910.0
890.5
904.0
788.5
923.5
887.5
868.0
878.5
940.0
904.0
889.0
892.0
860.5
917.5
815.5
935.5
919.0
929.5
881.5
899.5
895.0
865.0
883.0
886.0
893.5
911.5
884.5
902.5
857.5
877.0
859.0
857.5
886.0
919.0
902.5
931.0
905.5
904.0
854.5
881.5
922.0
875.5
907.0
922.0
919.0
877.0
880.0
910.0
904.0
901.0
896.5
908.5
889.0
904.0
953.5
830.5
932.5
923.5
914.5
826.0
872.5
910.0
833.5
844.0
865.0
866.5
829.0
902.5
908.5
853.0
887.5
893.5
797.5
920.5
902.5
919.0
914.5
911.5
958.0
949.0
790.0
926.5
851.5
878.5
866.5
881.5
890.5
805.0
887.5
917.5
853.0
868.0
848.5
898.0
907.0
860.5
898.0
932.5
866.5
878.5
857.5
886.0
938.5
920.5
919.0
880.0
905.5
793.0
911.5
866.5
901.0
907.0
895.0
913.0
830.5
904.0
895.0
857.5
917.5
952.0
922.0
917.5
920.5
916.0
889.0
854.5
887.5
901.0
949.0
875.5
881.5
902.5
859.0
856.0
862.0
907.0
907.0
902.5
935.5
899.5
835.0
890.5
919.0
952.0
929.5
926.5
925.0
854.5
892.0
850.0
938.5
941.5
860.5
835.0
946.0
902.5
887.5
931.0
890.5
890.5
923.5
955.0
899.5
905.5
919.0
919.0
919.0
898.0
920.5
794.5
931.0
902.5
920.5
865.0
850.0
848.5
884.5
767.5
905.5
880.0
883.0
857.5
905.5
916.0
881.5
883.0
869.5
920.5
884.5
904.0
902.5
884.5
914.5
857.5
886.0
910.0
929.5
886.0
922.0
952.0
902.5
913.0
874.0
928.0
911.5
865.0
832.0
727.0
905.5
937.0
913.0
922.0
857.5
923.5
878.5
908.5
895.0
875.5
887.5
905.5
829.0
943.0
862.0
881.5
872.5
938.5
932.5
913.0
820.0
841.0
832.0
926.5
839.5
902.5
916.0
910.0
889.0
919.0
836.5
883.0
947.5
850.0
893.5
857.5
914.5
899.5
922.0
898.0
928.0
853.0
908.5
937.0
836.5
904.0
869.5
887.5
938.5
857.5
947.5
914.5
926.5
908.5
896.5
896.5
874.0
907.0
899.5
916.0
899.5
815.5
862.0
862.0
881.5
889.0
880.0
860.5
893.5
884.5
931.0
904.0
928.0
905.5
935.5
920.5
860.5
907.0
943.0
913.0
940.0
913.0
935.5
925.0
922.0
896.5
922.0
919.0
872.5
868.0
880.0
875.5
944.5
905.5
890.5
913.0
925.0
901.0
794.5
809.5
950.5
913.0
836.5
943.0
845.5
740.5
907.0
872.5
893.5
922.0
904.0
875.5
911.5
833.5
908.5
929.5
937.0
827.5
868.0
865.0
887.5
869.5
904.0
832.0
868.0
865.0
898.0
905.5
910.0
919.0
904.0
898.0
899.5
923.5
878.5
880.0
919.0
901.0
908.5
859.0
889.0
925.0
920.5
910.0
881.5
898.0
877.0
910.0
914.5
838.0
830.5
872.5
835.0
874.0
899.5
904.0
932.5
877.0
871.0
904.0
878.5
949.0
884.5
913.0
923.5
844.0
908.5
910.0
856.0
905.5
926.5
872.5
871.0
896.5
929.5
901.0
860.5
902.5
904.0
865.0
892.0
934.0
892.0
923.5
901.0
917.5
944.5
872.5
883.0
871.0
874.0
845.5
745.0
868.0
854.5
940.0
898.0
896.5
881.5
919.0
911.5
871.0
931.0
908.5
944.5
899.5
884.5
902.5
826.0
895.0
838.0
892.0
830.5
923.5
940.0
919.0
902.5
886.0
883.0
923.5
923.5
893.5
908.5
868.0
866.5
950.5
833.5
914.5
953.5
848.5
823.0
908.5
905.5
910.0
890.5
896.5
809.5
886.0
895.0
946.0
886.0
892.0
857.5
895.0
838.0
895.0
902.5
877.0
877.0
823.0
895.0
890.5
935.5
844.0
919.0
908.5
916.0
890.5
931.0
886.0
905.5
947.5
910.0
884.5
914.5
826.0
896.5
905.5
883.0
917.5
842.5
940.0
887.5
884.5
832.0
925.0
907.0
901.0
920.5
901.0
901.0
875.5
919.0
866.5
925.0
940.0
877.0
907.0
935.5
917.5
943.0
931.0
913.0
926.5
904.0
883.0
838.0
925.0
913.0
877.0
878.5
926.5
896.5
883.0
898.0
940.0
916.0
877.0
857.5
907.0
890.5
868.0
925.0
892.0
914.5
854.5
941.5
904.0
859.0
931.0
944.5
928.0
881.5
860.5
893.5
917.5
884.5
856.0
914.5
905.5
932.5
880.0
896.5
898.0
854.5
917.5
907.0
898.0
881.5
830.5
920.5
893.5
925.0
889.0
847.0
902.5
934.0
920.5
824.5
887.5
784.0
941.5
893.5
941.5
937.0
865.0
874.0
896.5
901.0
821.5
827.5
797.5
871.0
865.0
919.0
898.0
823.0
889.0
853.0
887.5
647.5
934.0
890.5
904.0
854.5
932.5
913.0
836.5
946.0
896.5
880.0
943.0
865.0
925.0
916.0
916.0
887.5
880.0
899.5
911.5
865.0
905.5
904.0
892.0
835.0
887.5
871.0
910.0
931.0
869.5
848.5
899.5
880.0
889.0
920.5
907.0
910.0
919.0
940.0
923.5
916.0
929.5
874.0
910.0
934.0
854.5
926.5
845.5
839.5
910.0
922.0
929.5
907.0
949.0
934.0
937.0
878.5
920.5
863.5
836.5
883.0
874.0
869.5
868.0
914.5
826.0
946.0
907.0
898.0
901.0
938.5
925.0
844.0
895.0
922.0
878.5
853.0
892.0
884.5
886.0
907.0
898.0
881.5
928.0
892.0
887.5
931.0
866.5
911.5
893.5
926.5
904.0
910.0
841.0
941.5
901.0
943.0
935.5
898.0
925.0
829.0
917.5
881.5
847.0
823.0
862.0
916.0
856.0
836.5
890.5
923.5
914.5
893.5
830.5
944.5
758.5
892.0
851.5
953.5
895.0
919.0
854.5
910.0
941.5
877.0
874.0
938.5
919.0
908.5
874.0
860.5
862.0
868.0
817.0
829.0
844.0
878.5
862.0
947.5
869.5
911.5
860.5
886.0
943.0
896.5
895.0
914.5
883.0
868.0
928.0
898.0
851.5
874.0
944.5
874.0
922.0
824.5
905.5
866.5
874.0
925.0
902.5
826.0
893.5
928.0
934.0
838.0
922.0
908.5
893.5
884.5
875.5
911.5
844.0
934.0
832.0
943.0
896.5
853.0
920.5
659.5
887.5
854.5
923.5
934.0
868.0
895.0
796.0
917.5
818.5
904.0
883.0
826.0
899.5
895.0
913.0
772.0
928.0
889.0
913.0
892.0
890.5
941.5
886.0
892.0
868.0
865.0
932.5
886.0
935.5
890.5
904.0
914.5
923.5
859.0
880.0
865.0
869.5
869.5
947.5
841.0
865.0
901.0
862.0
898.0
830.5
890.5
883.0
902.5
902.5
832.0
877.0
829.0
889.0
881.5
916.0
859.0
937.0
901.0
913.0
878.5
925.0
908.5
917.5
871.0
910.0
922.0
817.0
910.0
827.5
929.5
835.0
878.5
922.0
898.0
940.0
907.0
887.5
910.0
845.5
899.5
874.0
931.0
878.5
937.0
871.0
790.0
887.5
913.0
866.5
901.0
811.0
916.0
895.0
899.5
893.5
875.5
892.0
874.0
868.0
880.0
886.0
830.5
886.0
874.0
872.5
842.5
925.0
941.5
946.0
826.0
932.5
869.5
950.5
865.0
889.0
893.5
821.5
920.5
847.0
896.5
842.5
950.5
850.0
853.0
842.5
896.5
908.5
802.0
932.5
928.0
856.0
874.0
856.0
803.5
814.0
893.5
884.5
907.0
868.0
775.0
917.5
935.5
880.0
872.5
878.5
913.0
886.0
896.5
893.5
857.5
847.0
898.0
880.0
916.0
890.5
898.0
938.5
925.0
911.5
841.0
886.0
895.0
911.5
913.0
944.5
893.5
920.5
869.5
883.0
899.5
863.5
943.0
931.0
859.0
872.5
892.0
886.0
938.5
886.0
938.5
886.0
926.5
928.0
881.5
868.0
899.5
949.0
889.0
932.5
893.5
910.0
878.5
845.5
916.0
890.5
908.5
902.5
916.0
892.0
914.5
937.0
934.0
934.0
884.5
862.0
863.5
863.5
898.0
946.0
935.5
884.5
898.0
964.0
899.5
940.0
878.5
923.5
883.0
962.5
950.5
920.5
890.5
917.5
883.0
887.5
881.5
856.0
907.0
821.5
860.5
905.5
938.5
919.0
832.0
883.0
853.0
919.0
925.0
914.5
910.0
871.0
877.0
920.5
877.0
862.0
923.5
838.0
934.0
901.0
863.5
847.0
874.0
904.0
814.0
890.5
913.0
869.5
809.5
959.5
917.5
869.5
910.0
914.5
886.0
812.5
884.5
952.0
899.5
854.5
917.5
899.5
913.0
878.5
920.5
887.5
827.5
848.5
817.0
920.5
857.5
898.0
947.5
926.5
896.5
829.0
940.0
908.5
881.5
863.5
853.0
886.0
934.0
910.0
910.0
958.0
734.5
868.0
886.0
811.0
895.0
910.0
934.0
925.0
895.0
904.0
905.5
889.0
895.0
877.0
895.0
878.5
913.0
893.5
943.0
869.5
865.0
905.5
932.5
925.0
827.5
712.0
920.5
860.5
928.0
889.0
946.0
830.5
907.0
914.5
931.0
872.5
847.0
916.0
920.5
952.0
925.0
866.5
899.5
928.0
895.0
886.0
859.0
886.0
787.0
923.5
905.5
863.5
880.0
832.0
871.0
871.0
908.5
842.5
937.0
937.0
884.5
859.0
842.5
869.5
922.0
938.5
925.0
911.5
943.0
884.5
937.0
895.0
923.5
916.0
847.0
946.0
953.5
899.5
884.5
898.0
866.5
920.5
860.5
868.0
832.0
911.5
922.0
931.0
886.0
889.0
916.0
847.0
880.0
908.5
934.0
956.5
925.0
871.0
824.5
887.5
920.5
902.5
877.0
877.0
925.0
833.5
911.5
841.0
902.5
883.0
932.5
871.0
937.0
806.5
920.5
917.5
902.5
887.5
913.0
943.0
889.0
923.5
851.5
844.0
928.0
854.5
875.5
823.0
904.0
880.0
895.0
857.5
893.5
913.0
920.5
904.0
868.0
797.5
902.5
730.0
865.0
874.0
820.0
901.0
860.5
821.5
854.5
893.5
862.0
895.0
955.0
836.5
805.0
857.5
922.0
898.0
887.5
932.5
904.0
910.0
865.0
824.5
928.0
886.0
811.0
914.5
889.0
836.5
862.0
796.0
880.0
694.0
917.5
917.5
857.5
920.5
958.0
913.0
845.5
811.0
919.0
853.0
883.0
874.0
860.5
863.5
884.5
928.0
934.0
880.0
881.5
824.5
895.0
805.0
868.0
863.5
899.5
916.0
889.0
904.0
854.5
932.5
883.0
890.5
907.0
809.5
919.0
928.0
928.0
902.5
895.0
917.5
928.0
881.5
919.0
871.0
902.5
893.5
910.0
917.5
887.5
931.0
907.0
895.0
851.5
896.5
872.5
884.5
902.5
862.0
877.0
944.5
923.5
878.5
883.0
910.0
793.0
814.0
845.5
923.5
892.0
899.5
943.0
895.0
878.5
926.5
901.0
845.5
872.5
901.0
883.0
851.5
887.5
889.0
884.5
913.0
860.5
893.5
895.0
826.0
947.5
917.5
895.0
890.5
911.5
832.0
881.5
886.0
865.0
878.5
815.5
917.5
931.0
845.5
811.0
899.5
895.0
920.5
880.0
931.0
850.0
893.5
899.5
913.0
934.0
908.5
935.5
860.5
890.5
874.0
898.0
902.5
925.0
902.5
653.5
946.0
929.5
862.0
865.0
899.5
923.5
902.5
868.0
886.0
905.5
905.5
905.5
877.0
944.5
923.5
886.0
916.0
913.0
895.0
872.5
926.5
854.5
944.5
940.0
847.0
896.5
956.5
908.5
868.0
917.5
923.5
922.0
851.5
902.5
920.5
866.5
889.0
914.5
911.5
925.0
923.5
970.0
899.5
977.5
874.0
898.0
889.0
925.0
905.5
920.5
901.0
932.5
887.5
911.5
841.0
923.5
914.5
863.5
881.5
880.0
923.5
880.0
884.5
914.5
890.5
914.5
833.5
923.5
857.5
905.5
925.0
844.0
914.5
944.5
857.5
896.5
877.0
926.5
841.0
830.5
902.5
890.5
881.5
877.0
902.5
856.0
887.5
835.0
902.5
883.0
907.0
745.0
889.0
928.0
842.5
931.0
892.0
898.0
893.5
878.5
943.0
947.5
926.5
767.5
887.5
878.5
910.0
929.5
926.5
754.0
862.0
890.5
893.5
902.5
887.5
869.5
896.5
880.0
827.5
910.0
806.5
910.0
890.5
901.0
905.5
895.0
925.0
917.5
932.5
928.0
908.5
901.0
934.0
914.5
862.0
904.0
902.5
856.0
949.0
878.5
895.0
940.0
880.0
911.5
866.5
922.0
917.5
908.5
868.0
914.5
893.5
830.5
844.0
913.0
902.5
938.5
901.0
886.0
902.5
844.0
878.5
925.0
917.5
931.0
865.0
913.0
877.0
890.5
877.0
904.0
910.0
854.5
902.5
878.5
925.0
916.0
904.0
926.5
808.0
908.5
850.0
872.5
887.5
905.5
872.5
914.5
881.5
889.0
946.0
923.5
896.5
892.0
917.5
895.0
913.0
850.0
901.0
926.5
874.0
941.5
877.0
920.5
898.0
907.0
880.0
919.0
881.5
922.0
907.0
895.0
911.5
862.0
862.0
925.0
866.5
889.0
839.5
730.0
884.5
925.0
925.0
857.5
910.0
889.0
905.5
890.5
905.5
832.0
902.5
862.0
863.5
875.5
887.5
892.0
961.0
937.0
917.5
871.0
865.0
848.5
850.0
875.5
838.0
899.5
925.0
908.5
868.0
895.0
865.0
887.5
844.0
878.5
805.0
856.0
898.0
925.0
916.0
859.0
877.0
893.5
943.0
824.5
922.0
931.0
835.0
857.5
898.0
886.0
854.5
916.0
863.5
883.0
902.5
907.0
929.5
895.0
872.5
887.5
866.5
904.0
892.0
926.5
899.5
946.0
899.5
838.0
907.0
749.5
919.0
920.5
830.5
931.0
850.0
877.0
890.5
907.0
904.0
890.5
911.5
926.5
841.0
877.0
914.5
892.0
893.5
922.0
827.5
905.5
878.5
896.5
893.5
880.0
889.0
865.0
902.5
862.0
925.0
830.5
889.0
902.5
922.0
862.0
916.0
916.0
887.5
883.0
862.0
868.0
854.5
904.0
946.0
935.5
940.0
907.0
943.0
914.5
926.5
937.0
905.5
901.0
914.5
896.5
917.5
905.5
899.5
937.0
884.5
818.5
896.5
920.5
907.0
943.0
868.0
929.5
919.0
868.0
928.0
913.0
847.0
877.0
940.0
935.5
887.5
916.0
911.5
890.5
913.0
884.5
703.0
892.0
895.0
877.0
869.5
925.0
898.0
842.5
938.5
857.5
868.0
869.5
895.0
818.5
950.5
875.5
883.0
877.0
910.0
880.0
865.0
890.5
925.0
941.5
832.0
941.5
823.0
886.0
890.5
925.0
874.0
904.0
922.0
904.0
881.5
893.5
859.0
877.0
901.0
880.0
932.5
932.5
887.5
911.5
898.0
829.0
922.0
899.5
905.5
940.0
908.5
940.0
884.5
887.5
868.0
919.0
907.0
881.5
869.5
823.0
850.0
932.5
890.5
842.5
931.0
895.0
928.0
899.5
899.5
887.5
880.0
899.5
743.5
829.0
883.0
913.0
941.5
841.0
916.0
937.0
898.0
922.0
902.5
884.5
892.0
908.5
826.0
865.0
899.5
872.5
887.5
952.0
929.5
929.5
908.5
905.5
835.0
866.5
911.5
907.0
938.5
889.0
907.0
884.5
940.0
868.0
899.5
886.0
850.0
908.5
890.5
902.5
890.5
886.0
904.0
877.0
917.5
884.5
818.5
863.5
905.5
884.5
875.5
898.0
931.0
922.0
893.5
866.5
920.5
949.0
848.5
853.0
916.0
875.5
884.5
901.0
877.0
907.0
860.5
898.0
884.5
878.5
922.0
892.0
923.5
874.0
902.5
908.5
887.5
938.5
931.0
844.0
877.0
875.5
898.0
919.0
886.0
905.5
946.0
916.0
908.5
902.5
884.5
913.0
919.0
934.0
887.5
874.0
908.5
949.0
868.0
929.5
922.0
887.5
938.5
556.0
904.0
896.5
905.5
866.5
931.0
902.5
913.0
793.0
926.5
862.0
913.0
865.0
938.5
871.0
911.5
916.0
892.0
914.5
866.5
934.0
914.5
887.5
907.0
950.5
847.0
904.0
901.0
908.5
898.0
898.0
841.0
856.0
952.0
905.5
835.0
883.0
928.0
853.0
911.5
910.0
889.0
908.5
850.0
916.0
892.0
892.0
908.5
929.5
836.5
850.0
940.0
848.5
839.5
941.5
901.0
844.0
898.0
899.5
910.0
856.0
872.5
911.5
919.0
938.5
782.5
932.5
842.5
914.5
865.0
907.0
820.0
890.5
869.5
866.5
926.5
875.5
916.0
875.5
881.5
911.5
896.5
886.0
916.0
904.0
914.5
919.0
916.0
914.5
922.0
920.5
911.5
934.0
907.0
910.0
821.5
863.5
878.5
935.5
749.5
890.5
898.0
907.0
934.0
880.0
875.5
916.0
923.5
857.5
863.5
883.0
902.5
883.0
916.0
883.0
890.5
928.0
845.5
905.5
923.5
875.5
895.0
868.0
926.5
947.5
929.5
850.0
940.0
910.0
899.5
890.5
857.5
878.5
871.0
853.0
853.0
923.5
808.0
919.0
901.0
893.5
919.0
863.5
901.0
892.0
844.0
922.0
893.5
835.0
916.0
