659.5
640.0
476.5
133.0
256.0
724.0
749.5
100.0
98.5
413.5
392.5
61.0
100.0
569.5
359.5
409.0
364.0
496.0
599.5
566.5
655.0
22.0
568.0
65.5
292.0
31.0
341.5
128.5
740.5
163.0
89.5
134.5
371.5
688.0
484.0
158.5
265.0
550.0
670.0
727.0
23.5
260.5
457.0
392.5
74.5
47.5
301.0
299.5
520.0
137.5
214.0
305.5
634.0
740.5
134.5
52.0
314.5
481.0
269.5
439.0
379.0
643.0
196.0
460.0
511.0
649.0
179.5
143.5
541.0
313.0
280.0
634.0
625.0
593.5
77.5
592.0
217.0
160.0
131.5
653.5
569.5
473.5
652.0
322.0
605.5
527.5
688.0
584.5
283.0
647.5
556.0
224.5
296.5
188.5
512.5
415.0
557.5
175.0
616.0
296.5
154.0
382.0
329.5
700.0
385.0
83.5
224.5
644.5
109.0
187.0
610.0
542.5
518.5
64.0
235.0
154.0
133.0
709.0
193.0
112.0
595.0
250.0
181.0
440.5
293.5
548.5
371.5
560.5
379.0
301.0
538.0
230.5
136.0
623.5
311.5
365.5
298.0
350.5
283.0
320.5
289.0
644.5
187.0
269.5
86.5
190.0
275.5
226.0
412.0
83.5
134.5
761.5
430.0
493.0
358.0
794.5
820.0
262.0
146.5
199.0
580.0
581.5
40.0
425.5
758.5
509.5
740.5
284.5
394.0
521.5
127.0
374.5
89.5
374.5
334.0
208.0
442.0
659.5
596.5
355.0
161.5
521.5
620.5
574.0
173.5
506.5
11.5
143.5
160.0
541.0
118.0
146.5
265.0
439.0
185.5
355.0
299.5
434.5
563.5
199.0
404.5
383.5
646.0
191.5
469.0
91.0
202.0
355.0
629.5
485.5
221.5
337.0
91.0
58.0
376.0
491.5
151.0
620.5
382.0
251.5
548.5
110.5
197.5
397.0
26.5
542.5
340.0
587.5
512.5
247.0
784.0
158.5
286.0
373.0
721.0
805.0
206.5
676.0
403.0
491.5
532.0
319.0
490.0
190.0
97.0
82.0
484.0
530.5
245.5
548.5
449.5
427.0
373.0
266.5
367.0
407.5
176.5
187.0
593.5
307.0
488.5
430.0
682.0
310.0
523.0
253.0
602.5
554.5
382.0
10.0
286.0
577.0
199.0
331.0
272.5
250.0
545.5
518.5
482.5
277.0
652.0
371.5
169.0
425.5
425.5
281.5
526.0
713.5
95.5
671.5
493.0
668.5
511.0
154.0
149.5
314.5
490.0
200.5
316.0
292.0
310.0
472.0
676.0
230.5
653.5
79.0
91.0
488.5
221.5
440.5
280.0
596.5
65.5
254.5
643.0
283.0
25.0
686.5
208.0
425.5
458.5
581.5
601.0
355.0
76.0
202.0
220.0
254.5
490.0
184.0
575.5
394.0
491.5
200.5
658.0
601.0
230.5
535.0
98.5
134.5
194.5
257.5
170.5
662.5
632.5
263.5
682.0
644.5
101.5
242.5
116.5
485.5
280.0
797.5
398.5
352.0
533.5
431.5
47.5
559.0
808.0
601.0
551.5
212.5
119.5
155.5
179.5
437.5
76.0
389.5
512.5
92.5
19.0
160.0
220.0
266.5
556.0
650.5
478.0
29.5
109.0
346.0
44.5
710.5
502.0
442.0
190.0
472.0
286.0
338.5
220.0
601.0
163.0
601.0
386.5
599.5
256.0
566.5
391.0
602.5
193.0
406.0
710.5
691.0
442.0
419.5
437.5
415.0
38.5
172.0
325.0
353.5
133.0
209.5
196.0
451.0
680.5
215.5
529.0
689.5
160.0
508.0
94.0
161.5
641.5
733.0
274.0
577.0
623.5
209.5
697.0
418.0
347.5
200.5
650.5
488.5
460.0
241.0
386.5
62.5
115.0
280.0
580.0
268.0
181.0
319.0
461.5
164.5
215.5
518.5
272.5
134.5
196.0
368.5
70.0
320.5
647.5
326.5
179.5
484.0
763.0
479.5
61.0
70.0
227.5
418.0
547.0
193.0
745.0
304.0
460.0
682.0
731.5
115.0
167.5
173.5
320.5
176.5
352.0
478.0
149.5
190.0
581.5
125.5
179.5
401.5
257.5
83.5
131.5
170.5
335.5
647.5
533.5
226.0
415.0
149.5
502.0
643.0
323.5
431.5
448.0
664.0
388.0
560.5
646.0
217.0
292.0
346.0
44.5
823.0
206.5
233.5
596.5
682.0
151.0
398.5
197.5
337.0
193.0
212.5
205.0
251.5
49.0
116.5
475.0
328.0
662.5
536.5
280.0
188.5
161.5
155.5
163.0
371.5
179.5
431.5
574.0
434.5
365.5
524.5
544.0
245.5
457.0
271.0
208.0
350.5
146.5
689.5
328.0
218.5
370.0
350.5
686.5
350.5
268.0
266.5
59.5
436.0
725.5
287.5
520.0
430.0
157.0
685.0
305.5
55.0
457.0
59.5
257.5
515.5
467.5
326.5
281.5
392.5
518.5
59.5
688.0
506.5
580.0
421.0
373.0
328.0
191.5
61.0
106.0
287.5
194.5
290.5
641.5
715.0
508.0
434.5
29.5
163.0
62.5
310.0
182.5
358.0
529.0
619.0
764.5
293.5
350.5
569.5
382.0
577.0
506.5
221.5
346.0
701.5
259.0
337.0
109.0
635.5
217.0
361.0
238.0
119.5
230.5
311.5
607.0
308.5
841.0
551.5
523.0
92.5
563.5
355.0
515.5
476.5
731.5
127.0
155.5
425.5
665.5
347.5
473.5
346.0
557.5
64.0
184.0
79.0
113.5
254.5
215.5
388.0
155.5
233.5
538.0
395.5
668.5
190.0
263.5
703.0
146.5
665.5
581.5
371.5
40.0
698.5
581.5
688.0
707.5
194.5
452.5
616.0
290.5
58.0
514.0
157.0
365.5
539.5
565.0
592.0
428.5
208.0
106.0
353.5
440.5
742.0
293.5
245.5
67.0
311.5
247.0
470.5
527.5
196.0
65.5
704.5
422.5
533.5
836.5
310.0
262.0
232.0
74.5
227.5
629.5
457.0
671.5
190.0
275.5
53.5
629.5
613.0
343.0
656.5
194.5
355.0
467.5
658.0
193.0
412.0
590.5
157.0
404.5
271.0
244.0
656.5
334.0
476.5
457.0
281.5
365.5
464.5
653.5
482.5
329.5
410.5
625.0
563.5
367.0
97.0
472.0
685.0
646.0
698.5
611.5
706.0
656.5
86.5
502.0
640.0
238.0
91.0
487.0
637.0
575.5
587.5
629.5
706.0
733.0
788.5
214.0
314.5
307.0
70.0
194.5
311.5
527.5
221.5
317.5
680.5
175.0
484.0
488.5
41.5
275.5
79.0
619.0
491.5
367.0
308.5
206.5
205.0
515.5
758.5
188.5
883.0
331.0
673.0
610.0
496.0
175.0
200.5
200.5
481.0
277.0
98.5
574.0
389.5
118.0
193.0
122.5
434.5
493.0
461.5
172.0
125.5
130.0
184.0
287.5
182.5
274.0
589.0
412.0
250.0
464.5
62.5
673.0
703.0
199.0
520.0
704.5
401.5
310.0
190.0
382.0
166.0
247.0
479.5
694.0
208.0
209.5
17.5
176.5
305.5
278.5
536.5
278.5
125.5
623.5
23.5
130.0
764.5
151.0
661.0
248.5
287.5
587.5
209.5
239.5
134.5
181.0
98.5
188.5
760.0
254.5
170.5
250.0
443.5
416.5
427.0
560.5
505.0
779.5
610.0
146.5
376.0
118.0
55.0
487.0
472.0
377.5
223.0
289.0
491.5
275.5
310.0
56.5
191.5
622.0
281.5
289.0
167.5
251.5
311.5
92.5
610.0
401.5
469.0
334.0
245.5
605.5
385.0
424.0
233.5
676.0
238.0
208.0
550.0
337.0
397.0
442.0
464.5
650.5
478.0
76.0
299.5
248.5
223.0
97.0
217.0
236.5
38.5
772.0
568.0
542.5
167.5
511.0
52.0
431.5
92.5
589.0
323.5
635.5
422.5
238.0
112.0
658.0
314.5
77.5
239.5
136.0
695.5
178.0
395.5
368.5
301.0
236.5
550.0
311.5
371.5
427.0
482.5
545.5
436.0
404.5
170.5
173.5
307.0
542.5
454.0
808.0
53.5
649.0
535.0
161.5
413.5
215.5
455.5
401.5
280.0
344.5
115.0
178.0
134.5
305.5
520.0
106.0
145.0
181.0
515.5
551.5
398.5
155.5
46.0
26.5
160.0
485.5
382.0
148.0
644.5
187.0
145.0
164.5
622.0
38.5
40.0
296.5
89.5
581.5
430.0
307.0
574.0
608.5
256.0
293.5
461.5
119.5
250.0
158.5
274.0
29.5
190.0
647.5
562.0
389.5
209.5
443.5
674.5
113.5
404.5
322.0
743.5
494.5
320.5
334.0
587.5
541.0
766.0
640.0
347.5
485.5
404.5
505.0
697.0
304.0
436.0
529.0
677.5
374.5
358.0
634.0
298.0
161.5
695.5
539.5
121.0
293.5
206.5
628.0
131.5
59.5
170.5
131.5
716.5
358.0
125.5
439.0
272.5
226.0
436.0
311.5
260.5
329.5
199.0
676.0
448.0
235.0
278.5
689.5
146.5
53.5
577.0
536.5
371.5
134.5
673.0
140.5
136.0
61.0
113.5
113.5
106.0
68.5
425.5
283.0
539.5
409.0
421.0
745.0
575.5
178.0
149.5
586.0
421.0
698.5
743.5
574.0
146.5
398.5
575.5
680.5
688.0
473.5
128.5
215.5
164.5
232.0
724.0
334.0
697.0
323.5
449.5
559.0
235.0
203.5
571.0
496.0
335.5
367.0
712.0
244.0
85.0
496.0
665.5
439.0
577.0
443.5
11.5
631.0
476.5
95.5
476.5
383.5
298.0
683.5
227.5
130.0
586.0
322.0
721.0
97.0
521.5
305.5
335.5
488.5
139.0
430.0
215.5
529.0
182.5
91.0
265.0
173.5
539.5
196.0
760.0
272.5
256.0
73.0
319.0
158.5
527.5
185.5
97.0
209.5
559.0
208.0
163.0
107.5
464.5
649.0
562.0
232.0
698.5
166.0
245.5
559.0
553.0
304.0
268.0
544.0
520.0
760.0
479.5
584.5
110.5
287.5
224.5
458.5
212.5
173.5
341.5
311.5
296.5
628.0
761.5
103.0
467.5
748.0
530.5
145.0
551.5
478.0
649.0
262.0
89.5
629.5
166.0
625.0
280.0
281.5
706.0
220.0
590.5
484.0
527.5
473.5
119.5
832.0
605.5
527.5
431.5
452.5
172.0
392.5
314.5
586.0
644.5
472.0
562.0
514.0
95.5
335.5
458.5
68.5
749.5
202.0
467.5
338.5
320.5
604.0
650.5
547.0
689.5
620.5
248.5
407.5
161.5
538.0
71.5
692.5
536.5
667.0
311.5
136.0
65.5
209.5
413.5
122.5
413.5
89.5
484.0
250.0
367.0
461.5
379.0
457.0
305.5
428.5
535.0
398.5
697.0
727.0
424.0
98.5
724.0
266.5
625.0
473.5
277.0
146.5
163.0
361.0
325.0
415.0
499.0
61.0
491.5
322.0
208.0
337.0
676.0
467.5
583.0
565.0
262.0
461.5
166.0
368.5
47.5
482.5
541.0
113.5
130.0
283.0
698.5
173.5
482.5
697.0
554.5
592.0
605.5
82.0
515.5
674.5
305.5
391.0
557.5
593.5
595.0
164.5
668.5
130.0
299.5
308.5
49.0
505.0
802.0
376.0
341.5
98.5
593.5
134.5
392.5
272.5
250.0
560.5
683.5
628.0
74.5
164.5
638.5
362.5
560.5
383.5
712.0
401.5
317.5
431.5
803.5
172.0
460.0
211.0
370.0
562.0
475.0
403.0
520.0
506.5
304.0
685.0
205.0
80.5
77.5
509.5
374.5
583.0
677.5
497.5
409.0
251.5
304.0
250.0
395.5
622.0
580.0
625.0
401.5
214.0
571.0
377.5
283.0
233.5
164.5
23.5
178.0
547.0
92.5
161.5
134.5
556.0
145.0
40.0
397.0
41.5
688.0
218.5
692.5
670.0
424.0
653.5
634.0
148.0
277.0
170.5
242.5
224.5
106.0
427.0
644.5
160.0
155.5
572.5
368.5
604.0
332.5
622.0
875.5
193.0
698.5
110.5
164.5
164.5
730.0
571.0
119.5
395.5
676.0
158.5
344.5
259.0
325.0
616.0
152.5
493.0
214.0
682.0
139.0
248.5
169.0
166.0
505.0
511.0
127.0
392.5
106.0
86.5
83.5
154.0
643.0
290.5
28.0
755.5
265.0
410.5
232.0
500.5
587.5
530.5
547.0
278.5
739.0
406.0
416.5
190.0
170.5
298.0
437.5
572.5
209.5
590.5
433.0
341.5
251.5
182.5
736.0
160.0
203.5
145.0
239.5
166.0
235.0
286.0
386.5
52.0
226.0
155.5
467.5
98.5
167.5
800.5
401.5
166.0
116.5
167.5
515.5
307.0
466.0
575.5
470.5
299.5
536.5
199.0
376.0
695.5
619.0
217.0
298.0
410.5
623.5
257.5
167.5
226.0
79.0
275.5
133.0
101.5
199.0
514.0
308.5
638.5
413.5
236.5
512.5
293.5
503.5
356.5
752.5
430.0
362.5
308.5
758.5
275.5
404.5
223.0
370.0
236.5
101.5
466.0
496.0
649.0
274.0
272.5
94.0
338.5
434.5
178.0
479.5
383.5
452.5
316.0
578.5
691.0
760.0
74.5
305.5
211.0
116.5
286.0
299.5
329.5
604.0
602.5
470.5
652.0
290.5
148.0
124.0
521.5
157.0
677.5
314.5
169.0
188.5
185.5
650.5
490.0
205.0
164.5
145.0
670.0
503.5
644.5
448.0
515.5
130.0
668.5
613.0
319.0
427.0
443.5
500.5
499.0
622.0
700.0
421.0
274.0
259.0
293.5
296.5
224.5
244.0
254.5
85.0
269.5
383.5
382.0
439.0
232.0
124.0
440.5
568.0
511.0
596.5
770.5
131.5
503.5
52.0
463.0
671.5
214.0
407.5
421.0
116.5
586.0
565.0
586.0
257.5
640.0
226.0
190.0
52.0
58.0
223.0
446.5
191.5
412.0
304.0
658.0
370.0
320.5
137.5
382.0
40.0
175.0
553.0
433.0
49.0
328.0
178.0
364.0
349.0
715.0
247.0
512.5
58.0
418.0
451.0
401.5
157.0
499.0
674.5
494.5
139.0
61.0
394.0
278.5
197.5
208.0
179.5
178.0
629.5
83.5
292.0
544.0
151.0
296.5
484.0
370.0
361.0
707.5
463.0
422.5
428.5
754.0
680.5
497.5
154.0
233.5
454.0
602.5
463.0
194.5
271.0
502.0
28.0
196.0
299.5
71.5
467.5
299.5
361.0
688.0
662.5
365.5
614.5
311.5
227.5
335.5
730.0
203.5
601.0
530.5
149.5
307.0
394.0
664.0
650.5
362.5
449.5
112.0
140.5
125.5
262.0
419.5
472.0
280.0
446.5
614.5
83.5
370.0
452.5
218.5
88.0
451.0
616.0
739.0
353.5
238.0
545.5
392.5
362.5
347.5
64.0
89.5
280.0
575.5
275.5
122.5
334.0
193.0
355.0
640.0
494.5
794.5
152.5
185.5
253.0
307.0
31.0
739.0
655.0
415.0
232.0
782.5
179.5
112.0
152.5
464.5
433.0
460.0
710.5
457.0
308.5
563.5
563.5
71.5
457.0
29.5
433.0
730.0
500.5
662.5
295.0
34.0
133.0
650.5
224.5
94.0
31.0
172.0
137.5
242.5
617.5
116.5
185.5
308.5
89.5
593.5
269.5
461.5
355.0
467.5
247.0
253.0
371.5
431.5
511.0
584.5
380.5
190.0
163.0
160.0
245.5
616.0
163.0
124.0
631.0
464.5
653.5
95.5
656.5
209.5
743.5
385.0
143.5
110.5
677.5
896.5
619.0
361.0
562.0
62.5
679.0
401.5
224.5
598.0
485.5
559.0
328.0
112.0
77.5
727.0
425.5
536.5
211.0
65.5
250.0
196.0
134.5
722.5
592.0
245.5
418.0
737.5
238.0
503.5
527.5
365.5
611.5
460.0
481.0
74.5
449.5
103.0
16.0
71.5
262.0
217.0
613.0
788.5
361.0
797.5
589.0
433.0
589.0
631.0
649.0
428.5
110.5
397.0
95.5
437.5
263.5
203.5
605.5
632.5
316.0
391.0
154.0
464.5
503.5
43.0
574.0
376.0
283.0
232.0
160.0
269.5
394.0
211.0
217.0
383.5
257.5
281.5
236.5
494.5
631.0
713.5
277.0
247.0
485.5
253.0
587.5
382.0
49.0
578.5
92.5
487.0
728.5
493.0
736.0
593.5
511.0
229.0
203.5
539.5
385.0
158.5
230.5
496.0
589.0
443.5
238.0
206.5
265.0
379.0
629.5
602.5
662.5
292.0
116.5
193.0
287.5
349.0
268.0
407.5
158.5
404.5
232.0
673.0
269.5
677.5
82.0
517.0
197.5
437.5
209.5
562.0
526.0
365.5
314.5
211.0
38.5
397.0
253.0
143.5
140.5
671.5
214.0
701.5
554.5
703.0
704.5
389.5
421.0
103.0
221.5
13.0
218.5
242.5
407.5
803.5
517.0
215.5
488.5
181.0
233.5
307.0
170.5
533.5
611.5
406.0
292.0
218.5
53.5
325.0
136.0
68.5
446.5
341.5
548.5
515.5
656.5
518.5
503.5
404.5
508.0
589.0
464.5
80.5
184.0
358.0
458.5
199.0
598.0
347.5
353.5
368.5
299.5
806.5
298.0
242.5
125.5
466.0
428.5
631.0
179.5
569.5
209.5
403.0
512.5
104.5
224.5
517.0
536.5
283.0
238.0
799.0
268.0
115.0
457.0
329.5
497.5
743.5
323.5
248.5
277.0
122.5
92.5
386.5
187.0
667.0
565.0
164.5
188.5
272.5
485.5
266.5
202.0
343.0
191.5
134.5
187.0
452.5
602.5
208.0
527.5
163.0
560.5
839.5
641.5
395.5
137.5
131.5
479.5
158.5
374.5
646.0
446.5
845.5
184.0
202.0
275.5
184.0
575.5
674.5
413.5
194.5
236.5
406.0
682.0
505.0
97.0
346.0
535.0
716.5
173.5
79.0
595.0
347.5
359.5
385.0
547.0
505.0
418.0
388.0
355.0
568.0
634.0
152.5
274.0
626.5
260.5
194.5
73.0
596.5
539.5
442.0
499.0
130.0
487.0
110.5
592.0
671.5
865.0
575.5
163.0
119.5
368.5
713.5
446.5
92.5
190.0
199.0
521.5
163.0
356.5
124.0
605.5
542.5
607.0
290.5
485.5
652.0
571.0
329.5
530.5
254.5
119.5
106.0
91.0
503.5
208.0
308.5
719.5
397.0
491.5
106.0
209.5
692.5
403.0
302.5
296.5
488.5
269.5
410.5
149.5
130.0
398.5
613.0
271.0
250.0
242.5
301.0
241.0
239.5
334.0
521.5
662.5
409.0
415.0
316.0
632.5
347.5
112.0
322.0
166.0
514.0
326.5
557.5
478.0
179.5
604.0
721.0
250.0
97.0
449.5
229.0
586.0
106.0
472.0
263.5
94.0
110.5
208.0
158.5
101.5
212.5
353.5
130.0
398.5
569.5
389.5
376.0
413.5
718.0
130.0
320.5
452.5
490.0
571.0
584.5
176.5
803.5
137.5
338.5
448.0
449.5
473.5
374.5
173.5
229.0
442.0
64.0
518.5
59.5
620.5
119.5
766.0
427.0
817.0
404.5
457.0
526.0
407.5
379.0
290.5
335.5
574.0
457.0
355.0
604.0
158.5
127.0
370.0
746.5
448.0
305.5
80.5
301.0
358.0
601.0
566.5
641.5
160.0
596.5
554.5
329.5
106.0
373.0
254.5
533.5
560.5
296.5
443.5
539.5
605.5
551.5
350.5
812.5
385.0
548.5
767.5
442.0
217.0
94.0
49.0
188.5
206.5
122.5
469.0
517.0
127.0
454.0
413.5
448.0
377.5
218.5
155.5
55.0
52.0
386.5
37.0
482.5
77.5
605.5
368.5
526.0
560.5
485.5
662.5
554.5
238.0
325.0
779.5
238.0
280.0
190.0
416.5
701.5
79.0
470.5
550.0
757.0
272.5
460.0
287.5
266.5
232.0
226.0
319.0
142.0
197.5
703.0
694.0
641.5
259.0
328.0
706.0
641.5
458.5
272.5
332.5
172.0
359.5
676.0
563.5
589.0
493.0
319.0
490.0
451.0
506.5
553.0
170.5
68.5
497.5
125.5
280.0
697.0
157.0
136.0
548.5
793.0
269.5
178.0
341.5
724.0
436.0
584.5
143.5
670.0
400.0
706.0
245.5
718.0
394.0
515.5
586.0
106.0
86.5
176.5
437.5
373.0
308.5
572.5
214.0
161.5
76.0
127.0
553.0
652.0
452.5
365.5
97.0
52.0
512.5
340.0
470.5
52.0
394.0
286.0
143.5
61.0
320.5
503.5
262.0
230.5
484.0
121.0
101.5
626.5
763.0
152.5
31.0
448.0
421.0
793.0
517.0
196.0
148.0
196.0
662.5
49.0
58.0
490.0
710.5
407.5
547.0
308.5
419.5
16.0
205.0
409.0
209.5
493.0
517.0
665.5
508.0
229.0
389.5
166.0
335.5
461.5
167.5
227.5
343.0
655.0
509.5
187.0
566.5
257.5
557.5
325.0
467.5
389.5
206.5
131.5
214.0
487.0
268.0
406.0
121.0
145.0
230.5
131.5
572.5
29.5
197.5
662.5
458.5
703.0
283.0
439.0
83.5
175.0
355.0
289.0
89.5
119.5
194.5
25.0
142.0
127.0
226.0
463.0
539.5
40.0
568.0
284.5
490.0
188.5
487.0
319.0
257.5
226.0
110.5
680.5
176.5
703.0
223.0
137.5
445.0
395.5
346.0
272.5
328.0
127.0
91.0
457.0
95.5
319.0
424.0
272.5
293.5
481.0
316.0
338.5
691.0
449.5
266.5
550.0
611.5
331.0
127.0
247.0
634.0
433.0
130.0
133.0
464.5
523.0
455.5
602.5
550.0
175.0
743.5
481.0
242.5
67.0
106.0
320.5
571.0
125.5
112.0
518.5
592.0
379.0
727.0
385.0
550.0
241.0
247.0
82.0
361.0
182.5
124.0
199.0
340.0
481.0
526.0
223.0
568.0
448.0
220.0
250.0
241.0
584.5
242.5
400.0
544.0
788.5
602.5
620.5
719.5
346.0
346.0
28.0
449.5
206.5
512.5
361.0
257.5
761.5
169.0
169.0
203.5
428.5
239.5
190.0
484.0
527.5
190.0
595.0
242.5
602.5
179.5
437.5
484.0
253.0
338.5
128.5
451.0
206.5
374.5
175.0
665.5
481.0
182.5
35.5
193.0
674.5
449.5
470.5
500.5
760.0
664.0
517.0
524.5
338.5
608.5
259.0
292.0
593.5
248.5
571.0
76.0
539.5
472.0
59.5
304.0
254.5
238.0
463.0
167.5
142.0
655.0
458.5
319.0
167.5
391.0
301.0
710.5
233.5
148.0
580.0
401.5
109.0
440.5
220.0
307.0
334.0
445.0
679.0
239.5
401.5
286.0
122.5
407.5
256.0
541.0
518.5
98.5
82.0
451.0
599.5
109.0
70.0
158.5
347.5
313.0
494.5
194.5
256.0
151.0
400.0
506.5
202.0
116.5
233.5
394.0
430.0
592.0
343.0
62.5
263.5
541.0
127.0
167.5
551.5
194.5
395.5
292.0
703.0
224.5
479.5
583.0
742.0
619.0
161.5
511.0
331.0
484.0
436.0
133.0
622.0
643.0
199.0
637.0
404.5
529.0
685.0
67.0
332.5
175.0
149.5
200.5
203.5
698.5
335.5
266.5
101.5
499.0
200.5
788.5
188.5
514.0
130.0
164.5
41.5
488.5
580.0
497.5
53.5
314.5
577.0
551.5
470.5
544.0
734.5
256.0
194.5
284.5
287.5
511.0
244.0
376.0
566.5
316.0
341.5
155.5
544.0
226.0
146.5
104.5
221.5
305.5
406.0
424.0
688.0
406.0
376.0
382.0
539.5
235.0
52.0
737.5
563.5
98.5
161.5
215.5
533.5
127.0
247.0
575.5
473.5
703.0
595.0
575.5
431.5
604.0
166.0
422.5
343.0
568.0
497.5
143.5
539.5
334.0
242.5
292.0
371.5
103.0
451.0
40.0
767.5
551.5
137.5
656.5
433.0
73.0
385.0
10.0
578.5
701.5
637.0
461.5
337.0
242.5
256.0
545.5
694.0
511.0
566.5
179.5
613.0
571.0
721.0
218.5
509.5
284.5
76.0
188.5
230.5
31.0
128.5
82.0
593.5
637.0
527.5
614.5
421.0
593.5
217.0
596.5
347.5
338.5
721.0
433.0
250.0
94.0
466.0
385.0
448.0
557.5
46.0
382.0
112.0
583.0
106.0
220.0
625.0
337.0
562.0
743.5
512.5
271.0
79.0
445.0
253.0
167.5
767.5
308.5
505.0
391.0
458.5
382.0
610.0
175.0
373.0
130.0
322.0
361.0
61.0
596.5
145.0
512.5
673.0
485.5
23.5
626.5
536.5
470.5
263.5
226.0
460.0
145.0
694.0
283.0
233.5
178.0
610.0
346.0
599.5
701.5
671.5
151.0
263.5
452.5
121.0
160.0
151.0
244.0
191.5
317.5
146.5
187.0
89.5
427.0
508.0
602.5
100.0
95.5
308.5
310.0
185.5
92.5
740.5
94.0
287.5
416.5
520.0
89.5
335.5
118.0
67.0
314.5
440.5
661.0
95.5
308.5
667.0
619.0
29.5
298.0
766.0
724.0
241.0
590.5
422.5
386.5
677.5
736.0
706.0
632.5
538.0
631.0
503.5
22.0
568.0
302.5
421.0
131.5
646.0
658.0
404.5
193.0
620.5
524.5
125.5
326.5
508.0
197.5
773.5
388.0
347.5
299.5
91.0
500.5
536.5
676.0
88.0
103.0
148.0
655.0
593.5
311.5
236.5
650.5
584.5
734.5
379.0
176.5
238.0
547.0
248.5
455.5
593.5
538.0
125.5
622.0
310.0
304.0
530.5
370.0
226.0
350.5
139.0
430.0
286.0
172.0
244.0
646.0
296.5
658.0
590.5
119.5
623.5
779.5
482.5
89.5
223.0
412.0
433.0
185.5
332.5
520.0
133.0
122.5
532.0
386.5
569.5
664.0
691.0
224.5
277.0
350.5
185.5
359.5
580.0
706.0
632.5
217.0
499.0
173.5
266.5
127.0
413.5
8.5
673.0
683.5
283.0
89.5
829.0
494.5
211.0
409.0
176.5
563.5
556.0
352.0
200.5
101.5
106.0
200.5
425.5
481.0
326.5
376.0
736.0
205.0
74.5
494.5
242.5
173.5
310.0
646.0
184.0
517.0
637.0
422.5
445.0
196.0
713.5
766.0
271.0
55.0
545.5
314.5
257.5
670.0
346.0
695.5
101.5
478.0
392.5
373.0
391.0
347.5
481.0
407.5
296.5
302.5
34.0
290.5
208.0
202.0
301.0
538.0
481.0
317.5
97.0
163.0
704.5
205.0
634.0
527.5
278.5
118.0
479.5
136.0
253.0
184.0
451.0
217.0
196.0
233.5
100.0
689.5
502.0
164.5
623.5
55.0
413.5
436.0
764.5
499.0
710.5
595.0
238.0
724.0
241.0
448.0
125.5
614.5
445.0
307.0
142.0
307.0
523.0
64.0
173.5
241.0
346.0
44.5
274.0
644.5
125.5
559.0
649.0
437.5
148.0
104.5
529.0
145.0
170.5
467.5
254.5
275.5
496.0
197.5
97.0
337.0
380.5
766.0
226.0
442.0
728.5
577.0
434.5
437.5
128.5
634.0
139.0
292.0
187.0
701.5
215.5
587.5
682.0
380.5
446.5
322.0
130.0
593.5
281.5
203.5
326.5
377.5
484.0
322.0
386.5
515.5
652.0
556.0
208.0
260.5
772.0
470.5
175.0
161.5
103.0
640.0
148.0
236.5
215.5
343.0
250.0
77.5
212.5
215.5
125.5
634.0
644.5
734.5
58.0
254.5
665.5
296.5
173.5
365.5
205.0
193.0
611.5
262.0
205.0
685.0
220.0
310.0
593.5
649.0
292.0
76.0
145.0
284.5
472.0
148.0
242.5
494.5
659.5
640.0
262.0
43.0
193.0
182.5
173.5
613.0
607.0
278.5
574.0
499.0
95.5
278.5
236.5
125.5
334.0
154.0
320.5
314.5
368.5
635.5
266.5
238.0
100.0
290.5
298.0
242.5
172.0
556.0
302.5
571.0
521.5
175.0
263.5
458.5
70.0
724.0
710.5
376.0
334.0
422.5
122.5
85.0
253.0
275.5
521.5
482.5
242.5
292.0
173.5
689.5
901.0
745.0
148.0
76.0
221.5
173.5
287.5
161.5
385.0
715.0
419.5
640.0
482.5
343.0
239.5
251.5
130.0
58.0
272.5
605.5
208.0
260.5
641.5
398.5
56.5
217.0
118.0
283.0
383.5
428.5
139.0
643.0
227.5
455.5
361.0
179.5
106.0
214.0
242.5
376.0
305.5
427.0
113.5
280.0
113.5
572.5
256.0
352.0
263.5
449.5
335.5
128.5
73.0
350.5
115.0
418.0
376.0
265.0
598.0
629.5
280.0
196.0
428.5
581.5
452.5
451.0
518.5
239.5
533.5
139.0
295.0
235.0
259.0
229.0
592.0
419.5
716.5
491.5
272.5
182.5
200.5
160.0
563.5
313.0
269.5
550.0
371.5
658.0
407.5
242.5
158.5
88.0
679.0
190.0
206.5
295.0
604.0
512.5
409.0
143.5
107.5
511.0
512.5
293.5
86.5
619.0
13.0
56.5
169.0
571.0
512.5
481.0
581.5
475.0
335.5
251.5
433.0
215.5
440.5
65.5
199.0
244.0
295.0
305.5
305.5
121.0
118.0
737.5
563.5
641.5
392.5
287.5
242.5
353.5
161.5
571.0
733.0
62.5
209.5
385.0
688.0
461.5
775.0
134.5
134.5
143.5
682.0
320.5
89.5
125.5
382.0
595.0
292.0
334.0
328.0
224.5
566.5
191.5
509.5
217.0
346.0
245.5
311.5
322.0
253.0
629.5
271.0
325.0
86.5
152.5
703.0
116.5
182.5
311.5
539.5
731.5
232.0
353.5
260.5
481.0
811.0
593.5
667.0
673.0
608.5
530.5
727.0
71.5
808.0
364.0
214.0
532.0
295.0
562.0
239.5
445.0
217.0
338.5
245.5
667.0
76.0
599.5
133.0
185.5
350.5
400.0
163.0
250.0
481.0
206.5
82.0
593.5
545.5
367.0
118.0
443.5
754.0
443.5
131.5
424.0
254.5
328.0
386.5
190.0
145.0
77.5
424.0
622.0
364.0
707.5
73.0
547.0
214.0
229.0
101.5
566.5
655.0
362.5
23.5
544.0
431.5
235.0
173.5
283.0
503.5
497.5
379.0
335.5
119.5
613.0
436.0
526.0
286.0
167.5
127.0
329.5
286.0
119.5
178.0
700.0
787.0
161.5
602.5
58.0
599.5
547.0
428.5
613.0
274.0
74.5
539.5
484.0
707.5
434.5
662.5
202.0
208.0
335.5
656.5
740.5
107.5
163.0
265.0
289.0
553.0
95.5
418.0
544.0
104.5
472.0
341.5
313.0
341.5
664.0
379.0
682.0
287.5
608.5
329.5
707.5
565.0
319.0
719.5
698.5
250.0
239.5
230.5
118.0
566.5
212.5
253.0
416.5
406.0
418.0
71.5
365.5
574.0
551.5
560.5
86.5
274.0
271.0
557.5
254.5
296.5
563.5
295.0
238.0
133.0
329.5
757.0
595.0
586.0
499.0
344.5
605.5
151.0
124.0
326.5
143.5
701.5
137.5
229.0
718.0
572.5
361.0
205.0
680.5
538.0
554.5
533.5
146.5
401.5
268.0
185.5
607.0
466.0
637.0
553.0
299.5
419.5
146.5
706.0
220.0
373.0
55.0
652.0
760.0
518.5
176.5
223.0
346.0
2.5
517.0
631.0
431.5
332.5
205.0
166.0
604.0
577.0
133.0
608.5
481.0
452.5
202.0
415.0
194.5
44.5
97.0
553.0
439.0
773.5
157.0
794.5
641.5
295.0
169.0
370.0
566.5
757.0
643.0
569.5
112.0
349.0
503.5
529.0
740.5
640.0
575.5
164.5
313.0
280.0
631.0
308.5
335.5
526.0
391.0
275.5
638.5
569.5
746.5
193.0
593.5
191.5
125.5
280.0
337.0
274.0
509.5
776.5
691.0
484.0
482.5
131.5
302.5
776.5
529.0
443.5
251.5
332.5
631.0
757.0
400.0
188.5
550.0
461.5
469.0
265.0
785.5
337.0
202.0
271.0
313.0
604.0
335.5
629.5
694.0
340.0
799.0
668.5
610.0
391.0
511.0
704.5
557.5
476.5
535.0
161.5
356.5
272.5
578.5
620.5
454.0
52.0
665.5
473.5
461.5
482.5
218.5
35.5
137.5
122.5
163.0
403.0
355.0
620.5
221.5
262.0
104.5
64.0
340.0
421.0
203.5
454.0
278.5
250.0
529.0
412.0
697.0
329.5
116.5
644.5
122.5
257.5
137.5
124.0
143.5
145.0
205.0
568.0
320.5
353.5
155.5
517.0
226.0
481.0
236.5
206.5
634.0
491.5
58.0
731.5
502.0
634.0
526.0
166.0
581.5
533.5
146.5
442.0
311.5
566.5
190.0
587.5
283.0
46.0
251.5
338.5
427.0
341.5
284.5
397.0
650.5
107.5
197.5
668.5
409.0
130.0
764.5
167.5
115.0
134.5
356.5
235.0
95.5
433.0
230.5
218.5
412.0
206.5
239.5
790.0
169.0
595.0
482.5
215.5
620.5
524.5
607.0
538.0
199.0
278.5
587.5
748.0
535.0
458.5
596.5
536.5
242.5
167.5
421.0
403.0
821.5
556.0
358.0
257.5
580.0
344.5
554.5
196.0
56.5
194.5
160.0
227.5
248.5
581.5
584.5
221.5
701.5
710.5
275.5
613.0
301.0
91.0
358.0
586.0
346.0
410.5
112.0
5.5
146.5
727.0
119.5
455.5
719.5
203.5
287.5
532.0
98.5
232.0
512.5
220.0
466.0
148.0
155.5
394.0
599.5
272.5
374.5
433.0
331.0
163.0
164.5
661.0
38.5
256.0
352.0
512.5
218.5
359.5
311.5
394.0
688.0
178.0
356.5
551.5
73.0
244.0
86.5
425.5
275.5
437.5
640.0
505.0
632.5
233.5
250.0
736.0
313.0
406.0
347.5
620.5
551.5
490.0
332.5
623.5
364.0
157.0
377.5
743.5
592.0
566.5
319.0
200.5
121.0
520.0
605.5
256.0
337.0
197.5
563.5
739.0
434.5
385.0
581.5
521.5
383.5
272.5
404.5
514.0
320.5
527.5
418.0
592.0
440.5
281.5
499.0
485.5
631.0
481.0
446.5
649.0
601.0
73.0
359.5
649.0
599.5
752.5
569.5
38.5
286.0
307.0
620.5
625.0
499.0
365.5
335.5
265.0
88.0
67.0
586.0
143.5
262.0
473.5
265.0
472.0
187.0
322.0
176.5
206.5
317.5
478.0
314.5
388.0
674.5
403.0
116.5
155.5
274.0
443.5
161.5
214.0
424.0
250.0
620.5
374.5
49.0
176.5
710.5
626.5
239.5
155.5
646.0
389.5
427.0
539.5
632.5
530.5
431.5
386.5
86.5
560.5
257.5
688.0
446.5
124.0
532.0
703.0
403.0
412.0
61.0
137.5
559.0
403.0
215.5
127.0
542.5
307.0
209.5
355.0
713.5
296.5
785.5
706.0
631.0
373.0
229.0
626.5
236.5
469.0
92.5
437.5
527.5
430.0
310.0
820.0
530.5
188.5
610.0
667.0
599.5
502.0
667.0
166.0
305.5
569.5
727.0
760.0
643.0
635.5
469.0
140.5
319.0
404.5
488.5
47.5
496.0
488.5
644.5
278.5
325.0
343.0
574.0
583.0
319.0
416.5
463.0
725.5
652.0
703.0
263.5
622.0
425.5
166.0
230.5
556.0
398.5
107.5
158.5
364.0
763.0
167.5
326.5
391.0
542.5
349.0
202.0
742.0
689.5
371.5
434.5
290.5
139.0
463.0
95.5
323.5
212.5
256.0
214.0
506.5
254.5
604.0
706.0
745.0
841.0
515.5
665.5
421.0
82.0
439.0
137.5
626.5
604.0
155.5
400.0
157.0
61.0
488.5
619.0
356.5
142.0
292.0
682.0
323.5
256.0
557.5
556.0
575.5
502.0
269.5
652.0
718.0
463.0
142.0
430.0
127.0
160.0
401.5
533.5
650.5
412.0
409.0
295.0
277.0
328.0
551.5
650.5
397.0
86.5
484.0
176.5
424.0
401.5
107.5
283.0
131.5
110.5
190.0
341.5
152.5
163.0
206.5
518.5
79.0
175.0
100.0
352.0
680.5
440.5
85.0
523.0
500.5
430.0
577.0
512.5
355.0
280.0
181.0
589.0
304.0
290.5
499.0
494.5
316.0
80.5
425.5
158.5
439.0
730.0
200.5
298.0
101.5
524.5
400.0
281.5
221.5
172.0
299.5
644.5
283.0
476.5
340.0
194.5
571.0
226.0
359.5
445.0
799.0
433.0
296.5
548.5
164.5
182.5
151.0
304.0
632.5
548.5
218.5
436.0
356.5
412.0
643.0
452.5
487.0
89.5
383.5
487.0
593.5
205.0
466.0
686.5
167.5
188.5
116.5
236.5
544.0
709.0
689.5
113.5
73.0
250.0
484.0
236.5
608.5
164.5
283.0
772.0
88.0
410.5
434.5
503.5
148.0
241.0
431.5
263.5
299.5
167.5
8.5
325.0
499.0
317.5
197.5
832.0
196.0
149.5
127.0
109.0
20.5
724.0
625.0
473.5
629.5
68.5
641.5
122.5
493.0
295.0
515.5
268.0
167.5
482.5
290.5
82.0
641.5
286.0
211.0
205.0
155.5
224.5
274.0
337.0
133.0
652.0
461.5
278.5
604.0
509.5
587.5
296.5
94.0
175.0
703.0
233.5
371.5
647.5
484.0
484.0
401.5
310.0
145.0
257.5
407.5
323.5
542.5
308.5
223.0
101.5
115.0
664.0
626.5
632.5
437.5
725.5
416.5
182.5
497.5
641.5
494.5
595.0
199.0
419.5
745.0
556.0
271.0
197.5
64.0
563.5
557.5
140.5
442.0
406.0
664.0
587.5
221.5
734.5
770.5
734.5
202.0
668.5
592.0
130.0
94.0
551.5
119.5
262.0
116.5
97.0
400.0
103.0
578.5
100.0
377.5
524.5
139.0
437.5
820.0
353.5
176.5
827.5
425.5
118.0
133.0
119.5
196.0
800.5
790.0
473.5
574.0
227.5
515.5
121.0
139.0
526.0
661.0
649.0
173.5
481.0
581.5
121.0
224.5
95.5
310.0
556.0
718.0
143.5
118.0
325.0
233.5
277.0
332.5
142.0
164.5
110.5
86.5
476.5
184.0
277.0
484.0
397.0
568.0
242.5
670.0
545.5
199.0
32.5
172.0
116.5
146.5
391.0
70.0
572.5
145.0
488.5
622.0
688.0
41.5
113.5
415.0
166.0
475.0
220.0
101.5
478.0
248.5
631.0
398.5
277.0
565.0
494.5
116.5
122.5
454.0
178.0
91.0
470.5
629.5
154.0
238.0
563.5
658.0
179.5
124.0
665.5
217.0
379.0
553.0
523.0
481.0
721.0
125.5
130.0
509.5
340.0
577.0
475.0
238.0
239.5
140.5
454.0
343.0
227.5
476.5
538.0
461.5
137.5
530.5
413.5
665.5
245.5
536.5
536.5
667.0
154.0
65.5
116.5
451.0
698.5
685.0
245.5
151.0
508.0
107.5
602.5
193.0
73.0
641.5
253.0
604.0
511.0
262.0
200.5
511.0
281.5
85.0
283.0
185.5
487.0
277.0
712.0
152.5
94.0
523.0
392.5
599.5
334.0
704.5
388.0
425.5
688.0
788.5
512.5
422.5
127.0
296.5
388.0
706.0
679.0
221.5
551.5
148.0
505.0
419.5
139.0
85.0
224.5
176.5
329.5
280.0
592.0
235.0
641.5
590.5
232.0
749.5
250.0
82.0
163.0
88.0
160.0
205.0
190.0
539.5
269.5
328.0
682.0
184.0
53.5
128.5
148.0
278.5
499.0
355.0
134.5
107.5
469.0
236.5
121.0
317.5
220.0
347.5
386.5
514.0
134.5
416.5
643.0
709.0
176.5
349.0
668.5
190.0
136.0
422.5
118.0
187.0
223.0
503.5
589.0
284.5
185.5
497.5
193.0
583.0
631.0
34.0
347.5
653.5
419.5
169.0
274.0
44.5
724.0
457.0
466.0
418.0
488.5
95.5
203.5
80.5
506.5
583.0
691.0
574.0
637.0
437.5
311.5
155.5
302.5
250.0
7.0
134.5
230.5
415.0
155.5
71.5
413.5
242.5
382.0
142.0
67.0
56.5
706.0
376.0
82.0
475.0
172.0
164.5
449.5
527.5
218.5
544.0
112.0
611.5
187.0
413.5
374.5
101.5
193.0
230.5
242.5
622.0
227.5
253.0
397.0
322.0
323.5
565.0
578.5
146.5
118.0
161.5
205.0
161.5
575.5
559.0
134.5
238.0
548.5
392.5
563.5
407.5
197.5
391.0
518.5
335.5
230.5
610.0
296.5
254.5
530.5
115.0
506.5
76.0
202.0
790.0
658.0
415.0
338.5
82.0
428.5
691.0
541.0
103.0
268.0
182.5
697.0
115.0
383.5
220.0
550.0
97.0
631.0
533.5
772.0
320.5
635.5
134.5
488.5
668.5
479.5
175.0
263.5
281.5
89.5
236.5
227.5
758.5
145.0
164.5
395.5
802.0
43.0
733.0
259.0
685.0
257.5
674.5
751.0
319.0
211.0
452.5
161.5
118.0
175.0
662.5
622.0
466.0
388.0
86.5
365.5
374.5
299.5
382.0
545.5
310.0
97.0
539.5
497.5
487.0
77.5
91.0
226.0
313.0
109.0
737.5
655.0
292.0
247.0
433.0
175.0
695.5
85.0
650.5
391.0
268.0
218.5
475.0
154.0
145.0
214.0
695.5
340.0
415.0
635.5
145.0
101.5
178.0
563.5
172.0
277.0
82.0
257.5
386.5
142.0
712.0
529.0
196.0
187.0
145.0
136.0
184.0
556.0
110.5
707.5
43.0
442.0
217.0
619.0
416.5
355.0
445.0
452.5
139.0
652.0
532.0
622.0
278.5
359.5
727.0
511.0
385.0
568.0
595.0
143.5
83.5
521.5
662.5
703.0
298.0
178.0
269.5
452.5
419.5
86.5
199.0
586.0
611.5
118.0
820.0
719.5
247.0
454.0
688.0
722.5
584.5
320.5
335.5
370.0
344.5
437.5
419.5
536.5
206.5
458.5
593.5
179.5
170.5
361.0
140.5
607.0
731.5
436.0
590.5
353.5
595.0
533.5
406.0
682.0
218.5
326.5
212.5
266.5
74.5
344.5
223.0
473.5
592.0
100.0
731.5
569.5
197.5
463.0
725.5
98.5
467.5
241.0
775.0
670.0
224.5
466.0
433.0
152.5
476.5
170.5
598.0
233.5
125.5
367.0
79.0
71.5
458.5
34.0
653.5
640.0
365.5
122.5
31.0
392.5
184.0
290.5
203.5
209.5
313.0
422.5
400.0
361.0
59.5
553.0
86.5
268.0
382.0
439.0
262.0
512.5
251.5
254.5
824.5
454.0
685.0
565.0
659.5
713.5
640.0
593.5
712.0
212.5
566.5
496.0
628.0
274.0
608.5
91.0
124.0
44.5
241.0
191.5
499.0
698.5
518.5
668.5
62.5
209.5
212.5
631.0
40.0
455.5
557.5
290.5
247.0
104.5
688.0
430.0
143.5
233.5
376.0
212.5
382.0
706.0
134.5
16.0
644.5
695.5
569.5
178.0
