112.0
154.0
469.0
26.5
548.5
274.0
32.5
98.5
329.5
176.5
245.5
539.5
467.5
154.0
415.0
220.0
83.5
236.5
143.5
145.0
263.5
389.5
193.0
560.5
266.5
167.5
131.5
619.0
271.0
77.5
311.5
245.5
220.0
151.0
341.5
49.0
220.0
164.5
121.0
100.0
340.0
313.0
266.5
622.0
452.5
334.0
49.0
82.0
49.0
173.5
179.5
244.0
322.0
139.0
179.5
476.5
395.5
430.0
307.0
574.0
472.0
302.5
583.0
190.0
308.5
79.0
91.0
344.5
539.5
496.0
112.0
83.5
320.5
134.5
193.0
182.5
443.5
347.5
92.5
335.5
665.5
364.0
500.5
289.0
271.0
56.5
290.5
262.0
56.5
479.5
500.5
266.5
424.0
760.0
367.0
590.5
154.0
266.5
301.0
149.5
322.0
347.5
299.5
475.0
592.0
376.0
563.5
481.0
116.5
182.5
569.5
448.0
118.0
80.5
232.0
155.5
136.0
31.0
121.0
89.5
128.5
464.5
205.0
353.5
284.5
43.0
173.5
355.0
181.0
385.0
190.0
206.5
28.0
56.5
71.5
11.5
164.5
130.0
317.5
22.0
119.5
253.0
184.0
46.0
341.5
446.5
47.5
46.0
386.5
115.0
536.5
166.0
250.0
664.0
77.5
176.5
154.0
335.5
172.0
440.5
310.0
166.0
428.5
149.5
137.5
151.0
109.0
185.5
130.0
43.0
107.5
203.5
241.0
128.5
169.0
91.0
487.0
142.0
262.0
164.5
367.0
437.5
269.5
500.5
488.5
158.5
268.0
247.0
421.0
352.0
217.0
368.5
269.5
190.0
602.5
137.5
88.0
227.5
91.0
380.5
125.5
104.5
133.0
127.0
146.5
50.5
175.0
161.5
167.5
356.5
119.5
338.5
146.5
130.0
248.5
35.5
134.5
88.0
253.0
281.5
226.0
343.0
548.5
197.5
197.5
598.0
382.0
16.0
205.0
181.0
178.0
469.0
146.5
98.5
619.0
110.5
143.5
461.5
367.0
343.0
320.5
317.5
178.0
124.0
85.0
22.0
167.5
577.0
182.5
169.0
94.0
136.0
119.5
154.0
151.0
94.0
146.5
565.0
647.5
607.0
67.0
256.0
256.0
293.5
32.5
187.0
52.0
173.5
263.5
277.0
181.0
451.0
200.5
542.5
170.5
241.0
310.0
524.5
463.0
154.0
136.0
728.5
121.0
533.5
563.5
131.5
305.5
347.5
73.0
347.5
364.0
157.0
277.0
145.0
58.0
337.0
616.0
488.5
415.0
287.5
565.0
208.0
344.5
359.5
766.0
233.5
203.5
418.0
217.0
143.5
319.0
628.0
328.0
104.5
244.0
140.5
292.0
122.5
68.5
277.0
350.5
137.5
206.5
229.0
559.0
395.5
68.5
160.0
158.5
71.5
365.5
188.5
167.5
194.5
659.5
187.0
307.0
260.5
92.5
214.0
202.0
305.5
146.5
88.0
140.5
392.5
275.5
320.5
127.0
508.0
482.5
548.5
304.0
655.0
325.0
415.0
164.5
146.5
305.5
92.5
161.5
128.5
109.0
577.0
364.0
350.5
83.5
361.0
271.0
61.0
167.5
328.0
100.0
164.5
143.5
304.0
94.0
526.0
541.0
706.0
184.0
50.5
553.0
520.0
536.5
547.0
358.0
611.5
323.5
475.0
385.0
412.0
265.0
92.5
268.0
172.0
233.5
587.5
113.5
352.0
119.5
202.0
55.0
782.5
137.5
296.5
500.5
98.5
301.0
586.0
20.5
83.5
161.5
148.0
386.5
455.5
602.5
290.5
182.5
89.5
196.0
305.5
487.0
190.0
200.5
284.5
382.0
619.0
250.0
283.0
77.5
538.0
262.0
118.0
167.5
251.5
94.0
271.0
395.5
404.5
148.0
407.5
377.5
140.5
511.0
346.0
170.5
214.0
487.0
65.5
182.5
683.5
187.0
289.0
224.5
140.5
229.0
196.0
125.5
341.5
755.5
604.0
586.0
412.0
317.5
194.5
457.0
394.0
83.5
164.5
245.5
223.0
586.0
392.5
137.5
464.5
247.0
214.0
238.0
430.0
199.0
68.5
296.5
176.5
127.0
85.0
104.5
412.0
409.0
395.5
121.0
379.0
313.0
185.5
134.5
362.5
146.5
223.0
443.5
85.0
233.5
172.0
301.0
100.0
392.5
389.5
307.0
190.0
581.5
340.0
86.5
167.5
512.5
284.5
215.5
181.0
442.0
331.0
317.5
551.5
56.5
287.5
337.0
136.0
178.0
410.5
79.0
187.0
526.0
337.0
257.5
265.0
328.0
361.0
356.5
125.5
391.0
146.5
209.5
191.5
253.0
107.5
148.0
260.5
328.0
676.0
725.5
73.0
293.5
445.0
368.5
361.0
107.5
431.5
232.0
128.5
166.0
88.0
343.0
617.5
407.5
461.5
338.5
335.5
94.0
83.5
86.5
578.5
283.0
365.5
650.5
307.0
128.5
383.5
209.5
79.0
157.0
332.5
439.0
158.5
374.5
47.5
574.0
440.5
44.5
62.5
235.0
212.5
388.0
260.5
130.0
241.0
209.5
499.0
154.0
179.5
130.0
544.0
254.5
275.5
226.0
376.0
434.5
284.5
203.5
323.5
157.0
89.5
394.0
170.5
337.0
196.0
343.0
377.5
179.5
307.0
533.5
535.0
577.0
284.5
128.5
428.5
77.5
422.5
194.5
494.5
451.0
115.0
26.5
278.5
280.0
58.0
272.5
539.5
185.5
223.0
254.5
518.5
653.5
374.5
167.5
149.5
209.5
146.5
337.0
208.0
592.0
451.0
523.0
176.5
206.5
325.0
91.0
298.0
62.5
92.5
238.0
325.0
109.0
308.5
491.5
179.5
146.5
349.0
134.5
274.0
176.5
143.5
61.0
8.5
32.5
202.0
125.5
181.0
218.5
485.5
650.5
296.5
424.0
127.0
224.5
269.5
95.5
445.0
220.0
28.0
143.5
98.5
281.5
475.0
229.0
634.0
91.0
299.5
136.0
601.0
212.5
595.0
167.5
337.0
143.5
205.0
382.0
218.5
29.5
223.0
85.0
164.5
155.5
130.0
112.0
233.5
412.0
386.5
106.0
269.5
611.5
185.5
313.0
454.0
325.0
220.0
211.0
401.5
488.5
616.0
202.0
182.5
304.0
160.0
202.0
142.0
215.5
157.0
487.0
158.5
143.5
736.0
241.0
133.0
73.0
301.0
364.0
247.0
373.0
452.5
208.0
611.5
158.5
479.5
359.5
427.0
160.0
149.5
466.0
91.0
226.0
206.5
500.5
406.0
35.5
145.0
211.0
458.5
515.5
175.0
119.5
361.0
215.5
43.0
98.5
511.0
569.5
149.5
631.0
524.5
407.5
458.5
473.5
128.5
274.0
488.5
559.0
532.0
113.5
214.0
386.5
128.5
443.5
589.0
685.0
533.5
254.5
260.5
403.0
49.0
178.0
82.0
274.0
299.5
371.5
359.5
661.0
464.5
323.5
67.0
128.5
191.5
305.5
41.5
125.5
227.5
200.5
386.5
88.0
389.5
154.0
275.5
289.0
517.0
293.5
166.0
77.5
235.0
163.0
479.5
194.5
247.0
203.5
79.0
248.5
280.0
446.5
373.0
314.5
100.0
206.5
95.5
304.0
82.0
157.0
101.5
197.5
154.0
299.5
209.5
176.5
370.0
125.5
301.0
67.0
415.0
322.0
161.5
109.0
565.0
370.0
319.0
448.0
722.5
113.5
232.0
184.0
67.0
193.0
188.5
571.0
349.0
341.5
272.5
607.0
79.0
563.5
355.0
83.5
382.0
109.0
676.0
172.0
418.0
287.5
251.5
482.5
326.5
247.0
322.0
98.5
196.0
85.0
166.0
110.5
170.5
536.5
586.0
181.0
397.0
296.5
224.5
574.0
187.0
7.0
59.5
136.0
95.5
167.5
371.5
506.5
430.0
71.5
497.5
355.0
4.0
41.5
181.0
119.5
299.5
220.0
338.5
353.5
214.0
272.5
211.0
571.0
139.0
418.0
431.5
277.0
244.0
176.5
556.0
272.5
331.0
215.5
526.0
667.0
377.5
346.0
703.0
481.0
98.5
259.0
43.0
262.0
329.5
166.0
307.0
410.5
91.0
70.0
313.0
259.0
125.5
205.0
158.5
49.0
14.5
185.5
197.5
383.5
215.5
125.5
380.5
239.5
272.5
388.0
172.0
92.5
178.0
344.5
628.0
238.0
98.5
89.5
160.0
145.0
254.5
238.0
112.0
232.0
35.5
545.5
571.0
218.5
487.0
103.0
199.0
313.0
4.0
346.0
223.0
206.5
293.5
194.5
302.5
100.0
758.5
511.0
266.5
278.5
646.0
281.5
224.5
161.5
205.0
238.0
319.0
130.0
40.0
11.5
254.5
119.5
44.5
146.5
371.5
281.5
164.5
428.5
170.5
416.5
326.5
494.5
173.5
179.5
175.0
143.5
188.5
73.0
136.0
73.0
115.0
511.0
145.0
215.5
181.0
151.0
163.0
508.0
380.5
284.5
605.5
472.0
406.0
77.5
142.0
352.0
454.0
238.0
43.0
152.5
733.0
241.0
136.0
554.5
112.0
173.5
415.0
146.5
253.0
259.0
715.0
209.5
122.5
208.0
127.0
206.5
35.5
322.0
53.5
256.0
244.0
26.5
52.0
154.0
584.5
431.5
134.5
308.5
481.0
274.0
20.5
670.0
413.5
175.0
406.0
592.0
89.5
55.0
193.0
112.0
241.0
305.5
269.5
206.5
151.0
470.5
671.5
179.5
188.5
554.5
484.0
460.0
512.5
178.0
95.5
250.0
221.5
19.0
349.0
347.5
298.0
19.0
599.5
170.5
74.5
431.5
65.5
155.5
523.0
448.0
68.5
491.5
50.5
238.0
184.0
506.5
73.0
67.0
58.0
197.5
362.5
260.5
284.5
536.5
296.5
67.0
134.5
493.0
146.5
682.0
113.5
221.5
208.0
272.5
110.5
85.0
167.5
370.0
217.0
271.0
185.5
280.0
146.5
272.5
604.0
25.0
218.5
211.0
232.0
113.5
76.0
418.0
73.0
244.0
166.0
601.0
92.5
299.5
206.5
220.0
368.5
118.0
191.5
347.5
106.0
233.5
166.0
400.0
391.0
641.5
553.0
208.0
206.5
413.5
61.0
316.0
136.0
271.0
211.0
193.0
727.0
274.0
298.0
302.5
304.0
341.5
323.5
362.5
247.0
59.5
287.5
205.0
310.0
214.0
193.0
161.5
502.0
325.0
568.0
206.5
178.0
61.0
133.0
220.0
518.5
125.5
430.0
235.0
110.5
25.0
247.0
229.0
347.5
262.0
70.0
202.0
442.0
184.0
13.0
137.5
103.0
391.0
241.0
566.5
355.0
173.5
331.0
190.0
238.0
290.5
110.5
302.5
346.0
40.0
202.0
305.5
244.0
130.0
265.0
446.5
239.5
175.0
143.5
289.0
158.5
214.0
466.0
436.0
451.0
370.0
470.5
505.0
134.5
296.5
461.5
377.5
287.5
211.0
47.5
143.5
269.5
374.5
152.5
547.0
64.0
97.0
331.0
248.5
62.5
290.5
335.5
206.5
262.0
362.5
341.5
323.5
704.5
122.5
553.0
409.0
196.0
260.5
275.5
320.5
449.5
299.5
128.5
458.5
263.5
136.0
266.5
655.0
530.5
550.0
523.0
130.0
338.5
362.5
259.0
616.0
542.5
433.0
331.0
307.0
155.5
308.5
683.5
722.5
541.0
419.5
632.5
88.0
71.5
472.0
356.5
377.5
121.0
242.5
332.5
229.0
298.0
157.0
212.5
184.0
373.0
34.0
410.5
236.5
193.0
220.0
188.5
328.0
127.0
212.5
41.5
250.0
241.0
503.5
128.5
203.5
37.0
25.0
88.0
155.5
136.0
182.5
625.0
313.0
194.5
367.0
203.5
125.5
397.0
98.5
409.0
26.5
109.0
166.0
277.0
124.0
88.0
539.5
94.0
194.5
349.0
487.0
644.5
212.5
127.0
113.5
260.5
358.0
158.5
338.5
230.5
389.5
481.0
98.5
76.0
449.5
248.5
272.5
125.5
575.5
164.5
200.5
650.5
188.5
110.5
148.0
71.5
229.0
359.5
11.5
271.0
388.0
79.0
376.0
452.5
302.5
73.0
185.5
292.0
254.5
47.5
247.0
124.0
419.5
341.5
113.5
250.0
307.0
98.5
613.0
157.0
179.5
155.5
286.0
173.5
115.0
86.5
169.0
257.5
121.0
160.0
176.5
382.0
232.0
262.0
194.5
188.5
388.0
317.5
451.0
595.0
82.0
209.5
76.0
503.5
263.5
205.0
38.5
329.5
472.0
740.5
178.0
265.0
331.0
82.0
434.5
455.5
191.5
320.5
265.0
535.0
413.5
232.0
412.0
667.0
413.5
728.5
475.0
430.0
322.0
482.5
152.5
37.0
182.5
112.0
239.5
250.0
328.0
314.5
98.5
283.0
326.5
142.0
283.0
179.5
410.5
229.0
139.0
143.5
128.5
443.5
149.5
389.5
361.0
104.5
397.0
214.0
490.0
145.0
598.0
218.5
287.5
50.5
277.0
415.0
214.0
509.5
68.5
107.5
452.5
112.0
89.5
193.0
112.0
340.0
478.0
161.5
562.0
206.5
242.5
577.0
290.5
377.5
166.0
136.0
437.5
137.5
317.5
397.0
545.5
401.5
341.5
83.5
176.5
595.0
412.0
155.5
200.5
314.5
140.5
191.5
329.5
191.5
325.0
46.0
167.5
529.0
593.5
56.5
395.5
121.0
122.5
268.0
113.5
221.5
511.0
260.5
206.5
599.5
371.5
46.0
110.5
272.5
323.5
271.0
28.0
590.5
136.0
280.0
304.0
322.0
278.5
479.5
580.0
613.0
413.5
98.5
202.0
346.0
104.5
248.5
65.5
284.5
70.0
287.5
229.0
97.0
413.5
608.5
97.0
155.5
550.0
526.0
233.5
313.0
341.5
184.0
320.5
128.5
365.5
355.0
125.5
124.0
191.5
785.5
139.0
317.5
736.0
131.5
431.5
80.5
275.5
305.5
583.0
481.0
416.5
218.5
187.0
272.5
349.0
127.0
146.5
97.0
298.0
349.0
388.0
124.0
160.0
355.0
49.0
143.5
161.5
422.5
361.0
76.0
575.5
416.5
601.0
640.0
230.5
298.0
425.5
23.5
136.0
127.0
491.5
73.0
283.0
224.5
247.0
79.0
355.0
199.0
79.0
224.5
373.0
17.5
253.0
160.0
158.5
329.5
148.0
259.0
283.0
113.5
403.0
236.5
523.0
98.5
224.5
167.5
416.5
250.0
349.0
386.5
199.0
371.5
382.0
316.0
286.0
19.0
196.0
194.5
137.5
503.5
554.5
247.0
610.0
556.0
554.5
527.5
344.5
634.0
416.5
152.5
470.5
286.0
320.5
92.5
191.5
280.0
353.5
353.5
169.0
205.0
155.5
419.5
536.5
208.0
439.0
199.0
196.0
454.0
95.5
545.5
308.5
287.5
118.0
199.0
200.5
175.0
527.5
250.0
446.5
199.0
394.0
260.5
515.5
499.0
149.5
392.5
469.0
803.5
779.5
209.5
269.5
94.0
127.0
686.5
154.0
101.5
250.0
130.0
251.5
49.0
278.5
53.5
386.5
572.5
212.5
299.5
439.0
235.0
202.0
242.5
143.5
290.5
293.5
446.5
335.5
161.5
461.5
205.0
353.5
341.5
107.5
400.0
529.0
295.0
361.0
263.5
529.0
446.5
286.0
536.5
127.0
124.0
260.5
436.0
52.0
341.5
499.0
44.5
527.5
412.0
344.5
266.5
299.5
494.5
665.5
326.5
170.5
166.0
413.5
11.5
451.0
113.5
124.0
52.0
274.0
395.5
352.0
265.0
130.0
319.0
226.0
107.5
176.5
512.5
305.5
325.0
272.5
307.0
347.5
157.0
560.5
436.0
133.0
590.5
118.0
193.0
134.5
299.5
125.5
65.5
373.0
320.5
70.0
254.5
76.0
371.5
277.0
284.5
290.5
598.0
481.0
331.0
296.5
197.5
79.0
488.5
502.0
353.5
580.0
61.0
130.0
323.5
517.0
427.0
625.0
250.0
215.5
218.5
134.5
274.0
407.5
170.5
149.5
50.5
28.0
209.5
97.0
205.0
239.5
215.5
410.5
124.0
313.0
247.0
187.0
344.5
382.0
272.5
589.0
250.0
106.0
440.5
134.5
236.5
400.0
211.0
188.5
80.5
370.0
581.5
152.5
46.0
368.5
331.0
572.5
413.5
361.0
250.0
449.5
503.5
142.0
103.0
194.5
256.0
544.0
217.0
475.0
448.0
316.0
313.0
197.5
302.5
118.0
487.0
586.0
379.0
616.0
254.5
532.0
407.5
79.0
241.0
302.5
280.0
338.5
223.0
191.5
440.5
703.0
88.0
236.5
266.5
512.5
404.5
209.5
121.0
143.5
113.5
449.5
296.5
238.0
88.0
127.0
301.0
125.5
212.5
359.5
415.0
628.0
254.5
140.5
91.0
103.0
443.5
539.5
301.0
151.0
634.0
658.0
263.5
71.5
56.5
356.5
419.5
421.0
107.5
151.0
319.0
404.5
220.0
185.5
16.0
520.0
116.5
190.0
380.5
683.5
178.0
260.5
227.5
272.5
562.0
509.5
403.0
94.0
193.0
475.0
167.5
101.5
238.0
149.5
170.5
46.0
776.5
578.5
86.5
127.0
308.5
341.5
512.5
460.0
68.5
142.0
119.5
466.0
323.5
256.0
70.0
449.5
119.5
746.5
347.5
146.5
167.5
110.5
596.5
644.5
671.5
487.0
229.0
116.5
112.0
392.5
119.5
481.0
596.5
254.5
202.0
215.5
313.0
199.0
67.0
200.5
163.0
169.0
341.5
412.0
356.5
248.5
409.0
377.5
373.0
314.5
274.0
403.0
119.5
385.0
164.5
256.0
41.5
241.0
89.5
403.0
587.5
206.5
59.5
305.5
400.0
157.0
241.0
307.0
220.0
278.5
260.5
254.5
374.5
326.5
296.5
533.5
557.5
482.5
202.0
257.5
158.5
160.0
221.5
352.0
314.5
44.5
164.5
418.0
413.5
133.0
275.5
223.0
472.0
314.5
373.0
122.5
178.0
205.0
139.0
301.0
209.5
158.5
442.0
167.5
304.0
496.0
206.5
38.5
152.5
349.0
191.5
301.0
316.0
56.5
245.5
647.5
182.5
302.5
398.5
167.5
376.0
154.0
448.0
275.5
256.0
338.5
217.0
505.0
272.5
85.0
542.5
293.5
463.0
76.0
82.0
295.0
101.5
170.5
233.5
296.5
265.0
502.0
73.0
437.5
167.5
469.0
248.5
115.0
403.0
347.5
349.0
46.0
287.5
499.0
254.5
110.5
179.5
92.5
38.5
523.0
556.0
181.0
52.0
116.5
340.0
146.5
163.0
251.5
302.5
313.0
149.5
341.5
89.5
331.0
79.0
179.5
280.0
319.0
458.5
164.5
353.5
257.5
395.5
191.5
638.5
436.0
389.5
103.0
604.0
316.0
185.5
304.0
604.0
19.0
70.0
77.5
518.5
218.5
400.0
496.0
226.0
233.5
169.0
227.5
542.5
422.5
215.5
299.5
26.5
629.5
490.0
371.5
317.5
349.0
206.5
218.5
233.5
298.0
175.0
118.0
415.0
457.0
206.5
718.0
449.5
233.5
374.5
178.0
463.0
248.5
419.5
661.0
352.0
208.0
119.5
208.0
149.5
469.0
608.5
704.5
373.0
344.5
151.0
449.5
118.0
326.5
449.5
55.0
595.0
389.5
55.0
194.5
320.5
394.0
142.0
377.5
250.0
278.5
206.5
299.5
598.0
62.5
361.0
152.5
514.0
28.0
176.5
113.5
349.0
400.0
167.5
260.5
661.0
130.0
382.0
101.5
157.0
541.0
275.5
518.5
287.5
410.5
505.0
148.0
83.5
331.0
128.5
365.5
428.5
260.5
169.0
50.5
301.0
278.5
151.0
142.0
575.5
413.5
353.5
416.5
281.5
565.0
85.0
134.5
440.5
145.0
311.5
427.0
409.0
230.5
52.0
322.0
154.0
290.5
394.0
121.0
469.0
224.5
562.0
586.0
539.5
191.5
544.0
119.5
95.5
35.5
337.0
91.0
97.0
125.5
20.5
68.5
76.0
202.0
272.5
113.5
226.0
155.5
164.5
575.5
448.0
104.5
133.0
38.5
511.0
224.5
136.0
115.0
494.5
104.5
128.5
128.5
133.0
64.0
56.5
118.0
364.0
470.5
502.0
367.0
319.0
296.5
167.5
250.0
115.0
365.5
344.5
584.5
637.0
319.0
151.0
98.5
550.0
259.0
206.5
140.5
100.0
71.5
199.0
524.5
326.5
313.0
440.5
157.0
44.5
164.5
223.0
193.0
149.5
181.0
158.5
149.5
128.5
317.5
143.5
158.5
82.0
419.5
287.5
337.0
109.0
341.5
613.0
88.0
340.0
257.5
220.0
143.5
157.0
137.5
62.5
293.5
230.5
323.5
148.0
379.0
512.5
659.5
128.5
98.5
430.0
217.0
593.5
431.5
244.0
388.0
188.5
262.0
61.0
61.0
217.0
94.0
601.0
575.5
157.0
187.0
215.5
535.0
509.5
77.5
178.0
47.5
289.0
172.0
598.0
572.5
49.0
134.5
214.0
476.5
92.5
170.5
112.0
319.0
568.0
106.0
245.5
187.0
194.5
325.0
562.0
664.0
181.0
253.0
550.0
35.5
253.0
524.5
460.0
23.5
244.0
170.5
268.0
107.5
236.5
236.5
488.5
220.0
133.0
592.0
196.0
139.0
224.5
368.5
359.5
727.0
217.0
269.5
716.5
199.0
518.5
482.5
643.0
319.0
332.5
205.0
143.5
116.5
242.5
299.5
245.5
37.0
320.5
326.5
568.0
376.0
257.5
67.0
233.5
173.5
128.5
61.0
206.5
328.0
29.5
385.0
311.5
41.5
428.5
157.0
302.5
110.5
230.5
265.0
119.5
553.0
106.0
191.5
139.0
133.0
223.0
290.5
89.5
548.5
247.0
266.5
164.5
365.5
32.5
526.0
446.5
302.5
446.5
400.0
50.5
59.5
304.0
107.5
158.5
214.0
247.0
580.0
83.5
260.5
262.0
440.5
361.0
260.5
38.5
350.5
139.0
421.0
490.0
122.5
217.0
400.0
58.0
373.0
485.5
511.0
184.0
103.0
248.5
361.0
628.0
31.0
152.5
55.0
5.5
197.5
230.5
146.5
554.5
194.5
56.5
197.5
253.0
409.0
400.0
488.5
566.5
584.5
89.5
199.0
107.5
398.5
466.0
86.5
196.0
98.5
142.0
151.0
307.0
214.0
88.0
464.5
31.0
61.0
217.0
568.0
514.0
109.0
262.0
169.0
88.0
316.0
116.5
449.5
311.5
278.5
235.0
266.5
301.0
38.5
278.5
106.0
130.0
85.0
211.0
77.5
152.5
47.5
65.5
208.0
476.5
103.0
4.0
89.5
262.0
59.5
137.5
293.5
214.0
457.0
514.0
284.5
197.5
406.0
469.0
193.0
355.0
181.0
46.0
308.5
338.5
319.0
512.5
380.5
271.0
50.5
257.5
257.5
71.5
151.0
325.0
361.0
548.5
227.5
464.5
394.0
202.0
422.5
358.0
89.5
253.0
437.5
175.0
188.5
79.0
581.5
41.5
383.5
338.5
119.5
155.5
379.0
374.5
577.0
89.5
526.0
406.0
377.5
226.0
148.0
284.5
575.5
313.0
269.5
364.0
164.5
296.5
130.0
416.5
709.0
194.5
308.5
484.0
103.0
53.5
554.5
121.0
743.5
487.0
619.0
436.0
409.0
182.5
152.5
17.5
362.5
296.5
50.5
145.0
143.5
233.5
265.0
722.5
175.0
160.0
500.5
247.0
227.5
86.5
113.5
296.5
163.0
125.5
577.0
589.0
188.5
293.5
115.0
71.5
458.5
137.5
82.0
142.0
109.0
430.0
208.0
206.5
514.0
356.5
278.5
133.0
83.5
209.5
473.5
676.0
274.0
233.5
94.0
281.5
428.5
83.5
434.5
244.0
100.0
310.0
310.0
128.5
170.5
496.0
283.0
271.0
364.0
532.0
292.0
194.5
239.5
167.5
338.5
587.5
271.0
143.5
254.5
457.0
455.5
308.5
121.0
443.5
407.5
221.5
236.5
535.0
188.5
329.5
520.0
305.5
10.0
200.5
242.5
104.5
281.5
400.0
511.0
424.0
122.5
91.0
379.0
82.0
641.5
104.5
140.5
128.5
256.0
316.0
122.5
166.0
95.5
674.5
395.5
40.0
343.0
218.5
388.0
184.0
619.0
428.5
175.0
197.5
236.5
178.0
340.0
199.0
275.5
172.0
620.5
220.0
148.0
247.0
721.0
136.0
292.0
131.5
71.5
55.0
404.5
373.0
97.0
569.5
269.5
203.5
125.5
346.0
47.5
31.0
302.5
40.0
341.5
263.5
316.0
229.0
176.5
170.5
166.0
209.5
65.5
275.5
125.5
151.0
583.0
314.5
149.5
463.0
214.0
133.0
427.0
551.5
178.0
203.5
208.0
409.0
400.0
151.0
187.0
323.5
196.0
172.0
178.0
301.0
44.5
350.5
77.5
308.5
365.5
212.5
319.0
359.5
364.0
398.5
179.5
380.5
127.0
209.5
596.5
599.5
272.5
379.0
170.5
529.0
412.0
152.5
227.5
206.5
605.5
190.0
575.5
703.0
194.5
224.5
550.0
206.5
461.5
22.0
539.5
122.5
43.0
677.5
202.0
332.5
241.0
343.0
182.5
316.0
200.5
379.0
740.5
106.0
346.0
118.0
286.0
457.0
568.0
392.5
349.0
286.0
241.0
485.5
142.0
178.0
155.5
274.0
280.0
274.0
358.0
317.5
607.0
434.5
308.5
88.0
524.5
175.0
322.0
4.0
197.5
86.5
134.5
293.5
94.0
64.0
422.5
130.0
359.5
116.5
199.0
667.0
148.0
211.0
164.5
95.5
230.5
157.0
371.5
125.5
89.5
134.5
209.5
202.0
358.0
772.0
256.0
385.0
581.5
179.5
415.0
146.5
293.5
203.5
353.5
272.5
311.5
91.0
178.0
436.0
116.5
188.5
74.5
118.0
164.5
86.5
367.0
331.0
575.5
130.0
83.5
151.0
205.0
148.0
484.0
464.5
286.0
142.0
206.5
577.0
155.5
104.5
400.0
25.0
376.0
218.5
362.5
304.0
314.5
715.0
602.5
499.0
398.5
398.5
323.5
142.0
224.5
382.0
79.0
166.0
109.0
71.5
317.5
362.5
406.0
161.5
77.5
136.0
80.5
304.0
119.5
212.5
194.5
359.5
182.5
232.0
388.0
319.0
280.0
460.0
647.5
274.0
176.5
71.5
107.5
175.0
164.5
191.5
131.5
136.0
389.5
341.5
425.5
208.0
59.5
164.5
634.0
100.0
73.0
163.0
179.5
259.0
70.0
56.5
181.0
232.0
394.0
259.0
440.5
80.5
164.5
164.5
490.0
367.0
521.5
320.5
118.0
125.5
131.5
83.5
506.5
200.5
310.0
224.5
292.0
463.0
212.5
187.0
448.0
569.5
374.5
188.5
446.5
377.5
58.0
149.5
400.0
133.0
202.0
335.5
86.5
229.0
571.0
449.5
388.0
262.0
89.5
79.0
407.5
104.5
152.5
187.0
517.0
757.0
199.0
323.5
104.5
187.0
157.0
226.0
793.0
115.0
346.0
155.5
250.0
113.5
188.5
118.0
334.0
163.0
635.5
392.5
155.5
226.0
134.5
364.0
245.5
236.5
401.5
242.5
148.0
82.0
74.5
410.5
221.5
383.5
446.5
185.5
226.0
544.0
331.0
124.0
368.5
148.0
152.5
197.5
514.0
292.0
172.0
152.5
158.5
40.0
308.5
283.0
92.5
61.0
368.5
68.5
191.5
124.0
325.0
349.0
86.5
131.5
101.5
382.0
319.0
205.0
265.0
61.0
361.0
290.5
128.5
200.5
58.0
142.0
520.0
293.5
157.0
364.0
472.0
326.5
535.0
188.5
215.5
340.0
139.0
344.5
151.0
146.5
419.5
163.0
247.0
170.5
224.5
236.5
592.0
592.0
565.0
275.5
589.0
365.5
70.0
589.0
31.0
382.0
176.5
122.5
115.0
92.5
469.0
284.5
262.0
164.5
163.0
196.0
131.5
68.5
131.5
341.5
335.5
76.0
236.5
190.0
325.0
292.0
574.0
101.5
248.5
320.5
482.5
286.0
157.0
158.5
127.0
115.0
374.5
62.5
485.5
406.0
610.0
683.5
256.0
275.5
551.5
176.5
290.5
292.0
127.0
112.0
151.0
182.5
103.0
91.0
95.5
344.5
137.5
103.0
79.0
562.0
239.5
133.0
130.0
611.5
254.5
610.0
214.0
245.5
214.0
196.0
76.0
179.5
188.5
137.5
601.0
32.5
212.5
104.5
472.0
86.5
404.5
113.5
275.5
284.5
94.0
196.0
313.0
242.5
433.0
523.0
155.5
50.5
520.0
241.0
121.0
376.0
463.0
287.5
769.0
77.5
608.5
464.5
187.0
508.0
211.0
355.0
151.0
301.0
197.5
674.5
784.0
361.0
70.0
284.5
257.5
511.0
328.0
556.0
364.0
374.5
236.5
158.5
238.0
437.5
422.5
346.0
431.5
161.5
586.0
77.5
521.5
404.5
310.0
121.0
254.5
542.5
226.0
212.5
187.0
131.5
149.5
422.5
301.0
364.0
104.5
82.0
421.0
479.5
491.5
209.5
149.5
196.0
355.0
20.5
316.0
190.0
197.5
164.5
140.5
346.0
94.0
577.0
169.0
535.0
464.5
704.5
362.5
268.0
481.0
209.5
160.0
385.0
383.5
266.5
581.5
152.5
122.5
314.5
163.0
101.5
248.5
278.5
172.0
266.5
64.0
95.5
188.5
311.5
310.0
145.0
151.0
232.0
146.5
485.5
251.5
331.0
407.5
137.5
205.0
349.0
341.5
98.5
223.0
56.5
115.0
62.5
61.0
160.0
116.5
299.5
248.5
232.0
451.0
65.5
101.5
445.0
40.0
206.5
70.0
19.0
91.0
281.5
197.5
221.5
320.5
65.5
95.5
175.0
404.5
215.5
238.0
436.0
625.0
214.0
97.0
70.0
113.5
38.5
166.0
118.0
247.0
425.5
251.5
464.5
367.0
442.0
167.5
187.0
257.5
580.0
227.5
37.0
551.5
178.0
338.5
346.0
491.5
769.0
100.0
217.0
437.5
73.0
181.0
580.0
203.5
263.5
142.0
340.0
440.5
481.0
79.0
439.0
37.0
109.0
194.5
665.5
212.5
389.5
143.5
472.0
221.5
332.5
115.0
326.5
65.5
121.0
247.0
194.5
17.5
203.5
691.0
304.0
329.5
421.0
331.0
157.0
290.5
82.0
305.5
158.5
296.5
220.0
301.0
272.5
280.0
203.5
418.0
334.0
199.0
569.5
161.5
385.0
530.5
181.0
365.5
289.0
76.0
520.0
263.5
161.5
13.0
149.5
283.0
131.5
581.5
241.0
170.5
83.5
172.0
421.0
406.0
406.0
196.0
74.5
46.0
164.5
326.5
461.5
31.0
262.0
91.0
646.0
172.0
356.5
233.5
269.5
220.0
154.0
319.0
350.5
326.5
286.0
409.0
134.5
182.5
344.5
133.0
374.5
443.5
116.5
481.0
106.0
370.0
172.0
136.0
197.5
356.5
395.5
197.5
304.0
205.0
191.5
442.0
194.5
214.0
173.5
290.5
356.5
358.0
89.5
299.5
242.5
311.5
265.0
412.0
536.5
71.5
113.5
124.0
221.5
257.5
490.0
158.5
259.0
148.0
232.0
265.0
283.0
158.5
121.0
259.0
541.0
26.5
293.5
61.0
326.5
358.0
101.5
530.5
122.5
326.5
85.0
377.5
623.5
217.0
443.5
206.5
572.5
127.0
244.0
43.0
371.5
160.0
161.5
269.5
221.5
185.5
541.0
367.0
169.0
319.0
76.0
694.0
448.0
403.0
388.0
410.5
182.5
181.0
292.0
733.0
119.5
620.5
266.5
367.0
386.5
214.0
160.0
643.0
551.5
350.5
500.5
754.0
406.0
755.5
49.0
154.0
250.0
80.5
77.5
571.0
314.5
94.0
112.0
170.5
125.5
227.5
242.5
184.0
151.0
151.0
188.5
482.5
560.5
289.0
446.5
215.5
205.0
164.5
224.5
353.5
775.0
451.0
326.5
131.5
220.0
124.0
434.5
476.5
377.5
101.5
74.5
175.0
44.5
121.0
361.0
44.5
130.0
8.5
98.5
184.0
404.5
448.0
218.5
218.5
449.5
242.5
149.5
160.0
629.5
470.5
62.5
337.0
52.0
622.0
553.0
464.5
133.0
32.5
179.5
127.0
320.5
395.5
434.5
53.5
65.5
391.0
193.0
40.0
532.0
187.0
280.0
277.0
527.5
464.5
350.5
67.0
154.0
278.5
152.5
110.5
217.0
535.0
346.0
122.5
679.0
410.5
331.0
346.0
167.5
316.0
323.5
428.5
185.5
241.0
481.0
287.5
592.0
182.5
56.5
188.5
55.0
205.0
512.5
284.5
380.5
94.0
218.5
413.5
176.5
280.0
238.0
50.5
157.0
73.0
293.5
178.0
89.5
644.5
293.5
371.5
31.0
44.5
464.5
553.0
224.5
232.0
401.5
352.0
217.0
277.0
181.0
146.5
157.0
463.0
217.0
44.5
172.0
140.5
107.5
172.0
260.5
332.5
469.0
148.0
470.5
458.5
116.5
178.0
421.0
188.5
467.5
269.5
122.5
365.5
269.5
532.0
185.5
215.5
365.5
473.5
641.5
314.5
67.0
386.5
406.0
181.0
470.5
631.0
394.0
368.5
394.0
145.0
682.0
629.5
323.5
418.0
578.5
137.5
100.0
641.5
148.0
313.0
620.5
190.0
254.5
124.0
241.0
548.5
338.5
104.5
374.5
59.5
239.5
103.0
502.0
313.0
508.0
559.0
313.0
247.0
82.0
8.5
77.5
59.5
139.0
167.5
199.0
355.0
367.0
515.5
482.5
59.5
208.0
86.5
166.0
245.5
188.5
55.0
464.5
530.5
134.5
76.0
278.5
40.0
167.5
130.0
137.5
413.5
467.5
56.5
494.5
268.0
182.5
590.5
235.0
259.0
221.5
154.0
220.0
299.5
448.0
92.5
262.0
173.5
119.5
185.5
566.5
157.0
322.0
233.5
202.0
253.0
212.5
202.0
205.0
154.0
530.5
281.5
118.0
128.5
44.5
112.0
364.0
427.0
286.0
86.5
143.5
403.0
287.5
172.0
148.0
197.5
569.5
128.5
464.5
83.5
409.0
68.5
539.5
292.0
239.5
449.5
100.0
274.0
337.0
359.5
367.0
382.0
484.0
193.0
397.0
451.0
130.0
268.0
139.0
124.0
404.5
533.5
413.5
281.5
62.5
265.0
188.5
139.0
191.5
247.0
109.0
85.0
175.0
101.5
395.5
265.0
538.0
76.0
206.5
142.0
238.0
613.0
166.0
305.5
218.5
157.0
344.5
700.0
182.5
136.0
203.5
260.5
557.5
499.0
197.5
622.0
355.0
26.5
320.5
272.5
553.0
125.5
479.5
391.0
118.0
181.0
380.5
308.5
125.5
67.0
265.0
31.0
203.5
46.0
154.0
176.5
404.5
392.5
73.0
79.0
88.0
206.5
311.5
98.5
65.5
289.0
233.5
187.0
577.0
314.5
523.0
139.0
139.0
658.0
245.5
254.5
382.0
461.5
338.5
191.5
121.0
161.5
298.0
302.5
316.0
139.0
71.5
290.5
284.5
469.0
251.5
116.5
415.0
286.0
161.5
304.0
415.0
491.5
572.5
668.5
299.5
421.0
286.0
377.5
811.0
592.0
40.0
220.0
293.5
164.5
296.5
236.5
89.5
395.5
55.0
130.0
125.5
484.0
91.0
190.0
65.5
73.0
296.5
64.0
334.0
208.0
232.0
98.5
136.0
142.0
59.5
220.0
263.5
251.5
107.5
121.0
182.5
346.0
472.0
196.0
250.0
169.0
136.0
80.5
74.5
89.5
103.0
100.0
64.0
409.0
146.5
95.5
173.5
131.5
311.5
704.5
296.5
221.5
236.5
586.0
59.5
427.0
355.0
380.5
320.5
248.5
77.5
673.0
356.5
127.0
403.0
310.0
122.5
295.0
137.5
200.5
688.0
131.5
182.5
254.5
307.0
172.0
259.0
635.5
160.0
289.0
505.0
308.5
586.0
193.0
19.0
508.0
254.5
208.0
367.0
565.0
221.5
541.0
296.5
145.0
509.5
347.5
188.5
283.0
109.0
341.5
152.5
292.0
479.5
301.0
527.5
472.0
121.0
307.0
280.0
74.5
94.0
155.5
538.0
14.5
295.0
164.5
158.5
343.0
23.5
496.0
302.5
404.5
76.0
341.5
59.5
332.5
245.5
358.0
433.0
190.0
176.5
472.0
350.5
139.0
113.5
122.5
170.5
178.0
142.0
389.5
80.5
200.5
188.5
199.0
175.0
355.0
419.5
593.5
616.0
218.5
328.0
241.0
136.0
497.5
782.5
100.0
262.0
94.0
310.0
682.0
380.5
602.5
185.5
395.5
130.0
110.5
499.0
598.0
235.0
161.5
119.5
455.5
281.5
160.0
245.5
431.5
122.5
362.5
430.0
191.5
124.0
34.0
157.0
361.0
236.5
326.5
197.5
251.5
91.0
482.5
577.0
677.5
122.5
242.5
700.0
233.5
43.0
130.0
217.0
161.5
184.0
196.0
74.5
289.0
257.5
23.5
374.5
193.0
260.5
316.0
581.5
128.5
353.5
191.5
556.0
433.0
271.0
98.5
307.0
490.0
467.5
91.0
196.0
307.0
625.0
227.5
70.0
190.0
434.5
331.0
116.5
437.5
272.5
97.0
74.5
133.0
293.5
331.0
739.0
292.0
467.5
71.5
365.5
554.5
82.0
160.0
442.0
241.0
134.5
311.5
329.5
89.5
152.5
67.0
155.5
80.5
134.5
97.0
52.0
119.5
79.0
157.0
236.5
104.5
133.0
364.0
110.5
104.5
391.0
391.0
76.0
158.5
331.0
464.5
298.0
251.5
413.5
368.5
259.0
94.0
137.5
74.5
352.0
91.0
296.5
47.5
181.0
655.0
620.5
203.5
248.5
242.5
340.0
91.0
280.0
548.5
190.0
73.0
193.0
205.0
421.0
89.5
139.0
302.5
550.0
481.0
484.0
119.5
595.0
440.5
160.0
403.0
511.0
314.5
458.5
746.5
302.5
269.5
481.0
379.0
283.0
125.5
535.0
358.0
184.0
55.0
196.0
131.5
365.5
386.5
131.5
40.0
224.5
73.0
361.0
253.0
397.0
319.0
197.5
85.0
193.0
83.5
496.0
253.0
374.5
394.0
595.0
419.5
169.0
133.0
311.5
491.5
245.5
52.0
113.5
451.0
233.5
145.0
290.5
98.5
200.5
145.0
121.0
509.5
494.5
29.5
637.0
112.0
214.0
494.5
140.5
130.0
80.5
175.0
286.0
89.5
374.5
490.0
185.5
518.5
319.0
173.5
298.0
154.0
121.0
277.0
605.5
172.0
137.5
476.5
233.5
218.5
152.5
202.0
467.5
800.5
362.5
73.0
320.5
209.5
146.5
454.0
112.0
85.0
223.0
319.0
527.5
173.5
476.5
85.0
262.0
328.0
329.5
176.5
599.5
370.0
160.0
646.0
208.0
148.0
577.0
206.5
197.5
104.5
104.5
157.0
508.0
424.0
500.5
229.0
149.5
142.0
85.0
149.5
247.0
122.5
223.0
271.0
274.0
104.5
110.5
241.0
136.0
310.0
242.5
221.5
613.0
601.0
433.0
248.5
220.0
151.0
292.0
433.0
589.0
307.0
131.5
47.5
323.5
391.0
455.5
470.5
508.0
616.0
145.0
206.5
94.0
223.0
242.5
364.0
62.5
406.0
142.0
329.5
101.5
64.0
188.5
88.0
217.0
115.0
119.5
95.5
91.0
206.5
512.5
451.0
38.5
140.5
176.5
499.0
787.0
163.0
139.0
601.0
293.5
53.5
182.5
349.0
478.0
212.5
59.5
524.5
92.5
430.0
218.5
155.5
223.0
263.5
458.5
53.5
142.0
232.0
100.0
547.0
463.0
292.0
317.5
238.0
143.5
595.0
112.0
629.5
209.5
137.5
142.0
107.5
142.0
203.5
521.5
295.0
148.0
163.0
40.0
412.0
433.0
293.5
607.0
70.0
233.5
317.5
151.0
173.5
170.5
518.5
448.0
544.0
385.0
473.5
430.0
662.5
329.5
433.0
200.5
352.0
250.0
98.5
137.5
58.0
176.5
368.5
601.0
431.5
451.0
274.0
308.5
368.5
235.0
286.0
353.5
28.0
298.0
580.0
95.5
208.0
398.5
140.5
550.0
392.5
173.5
122.5
179.5
160.0
253.0
287.5
169.0
122.5
421.0
313.0
392.5
151.0
362.5
623.5
193.0
403.0
122.5
65.5
422.5
517.0
745.0
412.0
314.5
71.5
113.5
128.5
322.0
278.5
121.0
265.0
304.0
394.0
404.5
254.5
196.0
190.0
133.0
190.0
545.5
187.0
211.0
262.0
257.5
265.0
383.5
175.0
121.0
196.0
281.5
442.0
215.5
529.0
199.0
434.5
266.5
353.5
325.0
334.0
314.5
772.0
598.0
602.5
355.0
136.0
131.5
376.0
592.0
430.0
41.5
256.0
575.5
446.5
709.0
398.5
560.5
686.5
524.5
391.0
107.5
110.5
592.0
244.0
46.0
173.5
422.5
241.0
100.0
121.0
136.0
103.0
308.5
115.0
146.5
136.0
502.0
284.5
313.0
124.0
287.5
202.0
424.0
178.0
148.0
89.5
394.0
397.0
103.0
349.0
109.0
170.5
449.5
259.0
548.5
184.0
328.0
175.0
311.5
256.0
289.0
50.5
499.0
169.0
265.0
286.0
503.5
124.0
163.0
131.5
401.5
113.5
266.5
247.0
277.0
200.5
427.0
118.0
410.5
524.5
620.5
284.5
347.5
79.0
43.0
251.5
151.0
199.0
244.0
355.0
644.5
499.0
136.0
227.5
41.5
236.5
88.0
293.5
628.0
185.5
86.5
352.0
125.5
691.0
220.0
70.0
170.5
197.5
140.5
115.0
691.0
589.0
304.0
620.5
244.0
230.5
565.0
145.0
248.5
133.0
53.5
11.5
208.0
298.0
349.0
490.0
560.5
443.5
319.0
121.0
358.0
224.5
259.0
331.0
166.0
188.5
565.0
577.0
323.5
125.5
169.0
163.0
211.0
20.5
71.5
304.0
563.5
473.5
383.5
652.0
118.0
379.0
547.0
65.5
311.5
344.5
178.0
487.0
380.5
106.0
353.5
395.5
404.5
367.0
242.5
434.5
221.5
247.0
133.0
515.5
82.0
313.0
373.0
499.0
212.5
212.5
238.0
356.5
520.0
358.0
325.0
284.5
460.0
128.5
128.5
74.5
127.0
266.5
107.5
194.5
545.5
124.0
172.0
373.0
601.0
491.5
361.0
562.0
571.0
467.5
343.0
430.0
638.5
134.5
251.5
568.0
550.0
461.5
251.5
196.0
203.5
497.5
185.5
112.0
290.5
134.5
353.5
592.0
301.0
46.0
233.5
611.5
146.5
337.0
101.5
520.0
199.0
104.5
158.5
245.5
292.0
280.0
529.0
160.0
101.5
158.5
128.5
482.5
121.0
73.0
133.0
25.0
176.5
626.5
61.0
413.5
239.5
545.5
566.5
241.0
206.5
46.0
271.0
118.0
350.5
464.5
38.5
236.5
52.0
79.0
124.0
118.0
238.0
154.0
424.0
293.5
449.5
328.0
311.5
542.5
283.0
149.5
179.5
173.5
209.5
