185.5
496.0
634.0
592.0
457.0
458.5
199.0
424.0
205.0
448.0
625.0
334.0
466.0
224.5
467.5
160.0
301.0
598.0
578.5
335.5
215.5
278.5
109.0
335.5
553.0
653.5
623.5
329.5
74.5
281.5
437.5
58.0
439.0
161.5
119.5
23.5
341.5
209.5
160.0
454.0
584.5
466.0
199.0
455.5
278.5
238.0
164.5
352.0
55.0
712.0
572.5
205.0
95.5
313.0
265.0
331.0
565.0
242.5
188.5
112.0
272.5
22.0
404.5
428.5
199.0
142.0
695.5
68.5
251.5
551.5
535.0
53.5
203.5
638.5
98.5
343.0
505.0
476.5
335.5
190.0
238.0
656.5
260.5
656.5
565.0
272.5
658.0
503.5
467.5
323.5
242.5
266.5
781.0
71.5
301.0
560.5
167.5
439.0
92.5
461.5
332.5
388.0
223.0
556.0
488.5
514.0
380.5
233.5
139.0
26.5
449.5
73.0
497.5
166.0
301.0
109.0
209.5
502.0
242.5
218.5
545.5
550.0
290.5
241.0
325.0
118.0
307.0
53.5
187.0
598.0
185.5
658.0
130.0
175.0
398.5
37.0
257.5
586.0
376.0
394.0
356.5
469.0
404.5
406.0
124.0
364.0
620.5
202.0
559.0
221.5
188.5
55.0
149.5
65.5
598.0
617.5
307.0
235.0
584.5
19.0
157.0
452.5
446.5
139.0
455.5
119.5
197.5
724.0
311.5
253.0
308.5
725.5
548.5
62.5
475.0
278.5
136.0
682.0
133.0
536.5
412.0
553.0
685.0
572.5
73.0
676.0
239.5
374.5
209.5
494.5
407.5
536.5
164.5
758.5
43.0
314.5
391.0
403.0
412.0
140.5
470.5
478.0
329.5
568.0
661.0
151.0
196.0
470.5
260.5
451.0
335.5
281.5
622.0
292.0
415.0
434.5
280.0
493.0
649.0
356.5
319.0
107.5
211.0
278.5
554.5
115.0
265.0
88.0
23.5
134.5
203.5
281.5
352.0
182.5
557.5
133.0
593.5
464.5
401.5
469.0
62.5
109.0
389.5
532.0
673.0
730.0
131.5
695.5
188.5
98.5
163.0
638.5
67.0
436.0
518.5
178.0
335.5
746.5
205.0
596.5
529.0
373.0
494.5
185.5
65.5
365.5
229.0
427.0
316.0
416.5
545.5
364.0
302.5
119.5
263.5
271.0
371.5
647.5
749.5
671.5
550.0
290.5
260.5
335.5
346.0
194.5
211.0
278.5
8.5
122.5
313.0
113.5
268.0
238.0
271.0
622.0
122.5
352.0
253.0
275.5
487.0
41.5
185.5
158.5
290.5
407.5
86.5
35.5
289.0
98.5
266.5
163.0
535.0
299.5
55.0
385.0
430.0
310.0
268.0
359.5
175.0
197.5
251.5
202.0
496.0
517.0
605.5
188.5
79.0
490.0
242.5
383.5
619.0
94.0
259.0
376.0
394.0
514.0
296.5
440.5
56.5
178.0
200.5
110.5
526.0
662.5
472.0
616.0
380.5
362.5
353.5
356.5
485.5
382.0
470.5
328.0
212.5
343.0
136.0
323.5
71.5
284.5
127.0
305.5
491.5
220.0
211.0
316.0
121.0
734.5
287.5
214.0
248.5
266.5
581.5
371.5
190.0
695.5
232.0
184.0
214.0
239.5
308.5
365.5
245.5
667.0
58.0
169.0
182.5
443.5
466.0
815.5
284.5
545.5
487.0
128.5
157.0
436.0
505.0
113.5
610.0
617.5
373.0
242.5
587.5
443.5
802.0
757.0
326.5
529.0
622.0
322.0
205.0
89.5
272.5
208.0
197.5
127.0
652.0
506.5
350.5
424.0
520.0
65.5
433.0
46.0
224.5
232.0
133.0
158.5
233.5
188.5
67.0
100.0
391.0
377.5
524.5
92.5
383.5
74.5
125.5
278.5
379.0
92.5
431.5
667.0
494.5
572.5
226.0
199.0
145.0
401.5
242.5
296.5
155.5
247.0
227.5
344.5
140.5
353.5
239.5
509.5
124.0
670.0
586.0
709.0
575.5
118.0
530.5
527.5
230.5
347.5
614.5
200.5
722.5
175.0
148.0
212.5
466.0
227.5
458.5
221.5
194.5
751.0
131.5
77.5
484.0
218.5
259.0
454.0
73.0
166.0
178.0
512.5
361.0
485.5
220.0
164.5
220.0
436.0
232.0
514.0
242.5
116.5
196.0
253.0
289.0
407.5
139.0
128.5
674.5
533.5
385.0
625.0
65.5
317.5
167.5
389.5
229.0
544.0
104.5
188.5
688.0
127.0
652.0
280.0
205.0
127.0
268.0
695.5
286.0
116.5
388.0
377.5
653.5
373.0
163.0
163.0
424.0
275.5
367.0
475.0
280.0
562.0
415.0
620.5
308.5
154.0
236.5
31.0
31.0
98.5
139.0
485.5
361.0
238.0
275.5
209.5
455.5
610.0
427.0
103.0
184.0
580.0
116.5
218.5
116.5
215.5
52.0
113.5
251.5
547.0
361.0
386.5
59.5
331.0
661.0
542.5
580.0
224.5
386.5
545.5
307.0
335.5
196.0
46.0
142.0
49.0
374.5
247.0
158.5
146.5
497.5
124.0
640.0
335.5
302.5
482.5
137.5
169.0
248.5
592.0
271.0
515.5
272.5
253.0
302.5
124.0
391.0
53.5
64.0
323.5
731.5
44.5
278.5
634.0
263.5
59.5
382.0
422.5
137.5
367.0
209.5
476.5
712.0
218.5
403.0
14.5
544.0
248.5
364.0
581.5
433.0
241.0
518.5
626.5
172.0
58.0
481.0
517.0
193.0
134.5
199.0
143.5
700.0
565.0
19.0
464.5
139.0
689.5
149.5
377.5
391.0
557.5
226.0
200.5
494.5
83.5
248.5
484.0
256.0
248.5
46.0
415.0
275.5
353.5
191.5
280.0
730.0
560.5
103.0
122.5
209.5
527.5
683.5
511.0
338.5
121.0
407.5
115.0
469.0
740.5
407.5
401.5
394.0
200.5
637.0
299.5
745.0
730.0
704.5
343.0
178.0
539.5
499.0
184.0
100.0
389.5
515.5
310.0
467.5
238.0
340.0
569.5
146.5
326.5
137.5
238.0
133.0
454.0
292.0
377.5
710.5
689.5
94.0
430.0
820.0
61.0
671.5
665.5
239.5
665.5
217.0
176.5
175.0
187.0
197.5
152.5
260.5
163.0
535.0
499.0
322.0
233.5
427.0
550.0
218.5
691.0
707.5
431.5
424.0
140.5
643.0
131.5
725.5
178.0
208.0
161.5
226.0
521.5
346.0
359.5
443.5
271.0
548.5
302.5
284.5
299.5
190.0
179.5
71.5
562.0
413.5
265.0
367.0
466.0
326.5
490.0
49.0
578.5
191.5
421.0
179.5
533.5
242.5
148.0
121.0
596.5
292.0
88.0
125.5
35.5
167.5
373.0
185.5
545.5
254.5
332.5
67.0
176.5
661.0
140.5
763.0
331.0
145.0
698.5
167.5
323.5
313.0
215.5
460.0
433.0
718.0
173.5
674.5
148.0
191.5
532.0
119.5
185.5
656.5
122.5
151.0
127.0
149.5
521.5
469.0
163.0
556.0
349.0
149.5
403.0
460.0
371.5
163.0
445.0
781.0
502.0
68.5
163.0
532.0
299.5
445.0
397.0
394.0
766.0
311.5
233.5
187.0
266.5
188.5
671.5
334.0
638.5
145.0
460.0
502.0
481.0
221.5
599.5
433.0
655.0
356.5
401.5
416.5
442.0
278.5
41.5
232.0
361.0
418.0
677.5
335.5
8.5
157.0
439.0
379.0
353.5
532.0
217.0
299.5
227.5
338.5
349.0
187.0
556.0
185.5
698.5
50.5
325.0
299.5
317.5
604.0
233.5
368.5
500.5
634.0
683.5
398.5
152.5
61.0
443.5
224.5
361.0
472.0
325.0
452.5
152.5
301.0
76.0
163.0
220.0
547.0
158.5
226.0
602.5
574.0
583.0
320.5
635.5
278.5
646.0
704.5
400.0
160.0
413.5
428.5
268.0
505.0
244.0
94.0
478.0
152.5
205.0
230.5
503.5
190.0
295.0
76.0
584.5
463.0
304.0
187.0
226.0
224.5
544.0
247.0
553.0
52.0
133.0
397.0
193.0
355.0
433.0
671.5
307.0
382.0
175.0
49.0
107.5
388.0
392.5
551.5
679.0
425.5
487.0
586.0
500.5
407.5
256.0
251.5
253.0
514.0
784.0
578.5
382.0
181.0
145.0
311.5
295.0
626.5
662.5
178.0
545.5
496.0
400.0
599.5
538.0
163.0
380.5
664.0
400.0
607.0
460.0
683.5
109.0
61.0
115.0
314.5
155.5
175.0
158.5
485.5
94.0
73.0
215.5
287.5
374.5
121.0
169.0
271.0
88.0
329.5
718.0
671.5
170.5
520.0
620.5
641.5
163.0
91.0
370.0
197.5
119.5
320.5
749.5
313.0
389.5
418.0
127.0
40.0
680.5
197.5
734.5
751.0
565.0
737.5
319.0
536.5
283.0
440.5
260.5
77.5
73.0
359.5
631.0
662.5
287.5
58.0
128.5
23.5
217.0
350.5
172.0
130.0
545.5
163.0
104.5
461.5
556.0
769.0
551.5
368.5
682.0
56.5
29.5
269.5
109.0
521.5
437.5
293.5
319.0
265.0
653.5
256.0
482.5
662.5
89.5
338.5
295.0
65.5
397.0
346.0
547.0
65.5
196.0
280.0
176.5
590.5
227.5
707.5
496.0
500.5
518.5
247.0
149.5
481.0
170.5
286.0
206.5
155.5
76.0
415.0
844.0
76.0
589.0
592.0
41.5
559.0
85.0
401.5
202.0
164.5
125.5
230.5
109.0
326.5
23.5
262.0
335.5
463.0
541.0
529.0
104.5
622.0
761.5
298.0
142.0
425.5
422.5
685.0
475.0
352.0
295.0
256.0
589.0
709.0
385.0
454.0
157.0
251.5
403.0
313.0
632.5
517.0
371.5
551.5
220.0
755.5
181.0
545.5
421.0
610.0
83.5
692.5
589.0
455.5
388.0
179.5
227.5
116.5
118.0
487.0
415.0
263.5
352.0
247.0
523.0
314.5
97.0
331.0
241.0
679.0
454.0
170.5
214.0
389.5
68.5
323.5
158.5
142.0
209.5
128.5
691.0
119.5
203.5
601.0
764.5
154.0
245.5
137.5
251.5
262.0
563.5
386.5
92.5
176.5
154.0
631.0
595.0
512.5
415.0
508.0
61.0
145.0
110.5
487.0
265.0
194.5
55.0
179.5
199.0
400.0
761.5
415.0
374.5
92.5
187.0
289.0
325.0
611.5
554.5
250.0
553.0
556.0
377.5
335.5
599.5
547.0
314.5
370.0
392.5
103.0
469.0
464.5
211.0
338.5
367.0
346.0
52.0
194.5
400.0
275.5
229.0
341.5
104.5
218.5
197.5
809.5
392.5
169.0
148.0
229.0
200.5
187.0
445.0
110.5
304.0
283.0
356.5
164.5
592.0
388.0
221.5
182.5
646.0
208.0
407.5
571.0
445.0
260.5
28.0
652.0
659.5
188.5
166.0
109.0
485.5
605.5
100.0
745.0
400.0
154.0
281.5
58.0
505.0
220.0
173.5
193.0
656.5
58.0
190.0
89.5
617.5
145.0
242.5
746.5
319.0
157.0
484.0
542.5
245.5
349.0
479.5
454.0
224.5
416.5
584.5
308.5
199.0
446.5
458.5
547.0
278.5
388.0
344.5
511.0
335.5
236.5
304.0
221.5
94.0
109.0
652.0
160.0
272.5
302.5
385.0
511.0
313.0
359.5
391.0
320.5
185.5
796.0
604.0
499.0
458.5
155.5
574.0
725.5
593.5
440.5
382.0
169.0
365.5
79.0
307.0
161.5
241.0
110.5
187.0
167.5
463.0
134.5
370.0
289.0
557.5
202.0
464.5
245.5
529.0
383.5
445.0
430.0
419.5
236.5
206.5
338.5
187.0
482.5
755.5
49.0
281.5
242.5
362.5
667.0
134.5
616.0
233.5
224.5
206.5
563.5
496.0
449.5
467.5
256.0
5.5
178.0
214.0
373.0
254.5
683.5
845.5
502.0
314.5
296.5
125.5
269.5
116.5
304.0
566.5
179.5
137.5
68.5
226.0
185.5
314.5
334.0
485.5
199.0
263.5
238.0
290.5
122.5
128.5
593.5
512.5
560.5
31.0
184.0
257.5
508.0
607.0
170.5
601.0
607.0
176.5
88.0
191.5
286.0
212.5
112.0
298.0
98.5
125.5
188.5
722.5
661.0
571.0
524.5
280.0
254.5
238.0
455.5
592.0
356.5
134.5
260.5
220.0
98.5
356.5
527.5
335.5
172.0
491.5
590.5
572.5
460.0
277.0
158.5
572.5
151.0
236.5
88.0
289.0
140.5
160.0
98.5
481.0
166.0
368.5
220.0
478.0
200.5
490.0
286.0
767.5
506.5
41.5
140.5
173.5
257.5
107.5
791.5
82.0
124.0
404.5
673.0
400.0
455.5
224.5
304.0
271.0
478.0
119.5
535.0
92.5
337.0
266.5
434.5
358.0
401.5
187.0
500.5
131.5
386.5
595.0
326.5
164.5
433.0
748.0
544.0
257.5
226.0
418.0
364.0
194.5
785.5
401.5
248.5
296.5
179.5
245.5
106.0
200.5
302.5
202.0
79.0
371.5
484.0
49.0
685.0
448.0
244.0
203.5
62.5
436.0
167.5
632.5
233.5
521.5
524.5
77.5
653.5
502.0
572.5
46.0
146.5
136.0
418.0
395.5
208.0
307.0
322.0
361.0
244.0
334.0
527.5
175.0
661.0
313.0
32.5
400.0
136.0
334.0
179.5
502.0
362.5
352.0
491.5
596.5
496.0
425.5
337.0
392.5
242.5
238.0
256.0
673.0
647.5
157.0
274.0
530.5
716.5
232.0
596.5
334.0
562.0
349.0
649.0
359.5
260.5
428.5
200.5
350.5
430.0
146.5
185.5
331.0
665.5
314.5
268.0
25.0
325.0
98.5
82.0
515.5
121.0
161.5
53.5
604.0
181.0
41.5
488.5
223.0
287.5
143.5
146.5
136.0
98.5
236.5
106.0
106.0
590.5
28.0
256.0
320.5
142.0
595.0
257.5
658.0
326.5
421.0
602.5
385.0
502.0
371.5
683.5
166.0
211.0
325.0
388.0
370.0
380.5
484.0
415.0
152.5
304.0
91.0
356.5
233.5
586.0
151.0
409.0
610.0
563.5
220.0
152.5
277.0
442.0
571.0
484.0
182.5
377.5
238.0
404.5
400.0
478.0
488.5
452.5
422.5
293.5
388.0
92.5
206.5
254.5
385.0
251.5
296.5
187.0
442.0
530.5
715.0
754.0
629.5
124.0
178.0
304.0
155.5
365.5
410.5
230.5
244.0
472.0
419.5
266.5
142.0
511.0
581.5
751.0
362.5
566.5
217.0
70.0
172.0
278.5
418.0
812.5
461.5
731.5
629.5
452.5
560.5
77.5
121.0
311.5
665.5
95.5
377.5
619.0
292.0
128.5
140.5
656.5
377.5
233.5
484.0
578.5
323.5
539.5
107.5
59.5
322.0
700.0
221.5
209.5
364.0
431.5
379.0
508.0
145.0
149.5
218.5
461.5
503.5
664.0
668.5
304.0
101.5
256.0
353.5
139.0
389.5
673.0
337.0
793.0
290.5
350.5
319.0
371.5
127.0
500.5
214.0
79.0
223.0
509.5
274.0
497.5
451.0
91.0
365.5
800.5
173.5
440.5
334.0
377.5
131.5
125.5
248.5
233.5
118.0
628.0
95.5
91.0
368.5
545.5
590.5
130.0
76.0
701.5
401.5
136.0
358.0
148.0
445.0
631.0
326.5
466.0
448.0
635.5
151.0
146.5
497.5
577.0
268.0
457.0
296.5
409.0
137.5
274.0
530.5
145.0
614.5
313.0
419.5
88.0
338.5
271.0
373.0
55.0
715.0
490.0
376.0
436.0
122.5
121.0
758.5
148.0
263.5
179.5
298.0
65.5
245.5
64.0
301.0
218.5
437.5
533.5
604.0
58.0
374.5
640.0
268.0
493.0
152.5
164.5
563.5
532.0
113.5
343.0
290.5
322.0
655.0
688.0
517.0
271.0
424.0
7.0
385.0
295.0
329.5
122.5
338.5
292.0
154.0
424.0
215.5
340.0
383.5
221.5
125.5
484.0
85.0
533.5
175.0
665.5
374.5
611.5
362.5
187.0
757.0
428.5
266.5
191.5
403.0
128.5
467.5
452.5
196.0
215.5
440.5
487.0
217.0
310.0
344.5
205.0
223.0
316.0
224.5
130.0
313.0
358.0
415.0
130.0
491.5
170.5
371.5
76.0
163.0
64.0
187.0
428.5
304.0
217.0
145.0
71.5
518.5
506.5
223.0
364.0
604.0
523.0
53.5
391.0
128.5
214.0
607.0
148.0
163.0
523.0
67.0
706.0
674.5
730.0
466.0
164.5
383.5
475.0
89.5
403.0
190.0
560.5
722.5
386.5
253.0
623.5
701.5
472.0
223.0
538.0
743.5
137.5
139.0
572.5
436.0
181.0
493.0
281.5
326.5
257.5
358.0
181.0
362.5
665.5
614.5
479.5
221.5
386.5
176.5
311.5
371.5
449.5
331.0
241.0
119.5
145.0
268.0
337.0
554.5
446.5
374.5
443.5
361.0
194.5
221.5
572.5
323.5
791.5
377.5
400.0
55.0
359.5
151.0
523.0
352.0
461.5
488.5
721.0
212.5
443.5
311.5
640.0
296.5
178.0
430.0
251.5
182.5
365.5
169.0
125.5
83.5
694.0
787.0
355.0
158.5
448.0
344.5
110.5
739.0
160.0
713.5
448.0
628.0
197.5
520.0
386.5
518.5
620.5
359.5
365.5
154.0
110.5
259.0
652.0
736.0
572.5
31.0
472.0
95.5
161.5
88.0
634.0
836.5
136.0
77.5
190.0
631.0
271.0
202.0
302.5
62.5
253.0
752.5
551.5
226.0
71.5
655.0
151.0
551.5
670.0
221.5
404.5
146.5
218.5
623.5
233.5
247.0
88.0
376.0
565.0
352.0
706.0
448.0
316.0
265.0
415.0
251.5
598.0
133.0
656.5
155.5
499.0
428.5
418.0
175.0
176.5
457.0
311.5
367.0
461.5
163.0
493.0
91.0
521.5
82.0
286.0
386.5
614.5
607.0
818.5
92.5
163.0
329.5
220.0
118.0
41.5
605.5
262.0
311.5
134.5
563.5
259.0
59.5
208.0
274.0
241.0
86.5
311.5
52.0
437.5
203.5
286.0
610.0
233.5
299.5
619.0
280.0
442.0
70.0
113.5
115.0
134.5
293.5
496.0
287.5
218.5
383.5
388.0
158.5
89.5
778.0
580.0
74.5
154.0
131.5
560.5
328.0
160.0
23.5
424.0
430.0
347.5
590.5
433.0
532.0
212.5
127.0
289.0
580.0
613.0
221.5
125.5
685.0
133.0
400.0
44.5
130.0
94.0
214.0
181.0
353.5
433.0
224.5
271.0
112.0
277.0
514.0
91.0
169.0
275.5
757.0
506.5
257.5
61.0
61.0
233.5
706.0
679.0
706.0
73.0
437.5
154.0
407.5
301.0
235.0
338.5
740.5
205.0
569.5
758.5
379.0
463.0
629.5
524.5
197.5
487.0
203.5
386.5
517.0
203.5
118.0
284.5
427.0
272.5
733.0
709.0
482.5
314.5
472.0
704.5
373.0
263.5
187.0
451.0
199.0
304.0
44.5
476.5
589.0
749.5
487.0
250.0
193.0
41.5
727.0
277.0
302.5
236.5
220.0
614.5
539.5
329.5
427.0
320.5
370.0
151.0
256.0
242.5
502.0
91.0
404.5
202.0
70.0
427.0
118.0
179.5
158.5
71.5
244.0
77.5
598.0
517.0
241.0
281.5
245.5
337.0
488.5
254.5
476.5
179.5
221.5
56.5
346.0
325.0
113.5
322.0
200.5
152.5
176.5
470.5
709.0
133.0
680.5
502.0
403.0
583.0
319.0
544.0
206.5
80.5
554.5
524.5
233.5
127.0
278.5
149.5
110.5
473.5
260.5
205.0
176.5
673.0
446.5
326.5
403.0
310.0
617.5
491.5
806.5
448.0
599.5
491.5
410.5
158.5
692.5
196.0
787.0
454.0
188.5
428.5
116.5
121.0
670.0
628.0
160.0
659.5
389.5
679.0
496.0
341.5
76.0
145.0
431.5
85.0
538.0
172.0
364.0
28.0
610.0
178.0
194.5
157.0
403.0
200.5
118.0
274.0
641.5
26.5
736.0
92.5
133.0
265.0
352.0
277.0
484.0
367.0
100.0
401.5
296.5
226.0
521.5
538.0
553.0
464.5
140.5
320.5
217.0
131.5
502.0
92.5
181.0
134.5
671.5
400.0
182.5
221.5
283.0
695.5
182.5
388.0
505.0
119.5
88.0
349.0
370.0
61.0
268.0
737.5
740.5
457.0
554.5
83.5
275.5
790.0
269.5
521.5
272.5
322.0
407.5
532.0
49.0
569.5
283.0
358.0
134.5
221.5
245.5
181.0
298.0
571.0
422.5
500.5
161.5
517.0
238.0
242.5
49.0
641.5
512.5
283.0
413.5
170.5
340.0
590.5
143.5
193.0
340.0
302.5
466.0
163.0
232.0
611.5
373.0
496.0
433.0
415.0
310.0
593.5
251.5
317.5
410.5
527.5
587.5
253.0
302.5
205.0
550.0
389.5
451.0
487.0
121.0
110.5
289.0
553.0
538.0
409.0
536.5
241.0
145.0
146.5
154.0
337.0
263.5
340.0
292.0
604.0
440.5
100.0
190.0
373.0
376.0
454.0
73.0
446.5
430.0
124.0
112.0
196.0
433.0
130.0
152.5
769.0
98.5
181.0
412.0
296.5
488.5
424.0
86.5
130.0
362.5
343.0
712.0
122.5
308.5
176.5
139.0
532.0
254.5
104.5
116.5
164.5
676.0
736.0
139.0
557.5
535.0
697.0
553.0
169.0
187.0
374.5
218.5
547.0
574.0
697.0
76.0
148.0
161.5
58.0
160.0
364.0
379.0
53.5
230.5
431.5
322.0
203.5
214.0
536.5
128.5
472.0
694.0
284.5
496.0
136.0
211.0
406.0
692.5
470.5
544.0
676.0
332.5
95.5
431.5
551.5
463.0
305.5
539.5
557.5
352.0
58.0
406.0
344.5
491.5
125.5
242.5
80.5
277.0
623.5
641.5
635.5
527.5
310.0
547.0
518.5
404.5
616.0
182.5
407.5
110.5
248.5
211.0
137.5
131.5
631.0
514.0
247.0
490.0
610.0
305.5
86.5
442.0
496.0
322.0
518.5
779.5
67.0
121.0
308.5
236.5
454.0
142.0
266.5
464.5
410.5
472.0
350.5
536.5
586.0
712.0
176.5
215.5
142.0
380.5
746.5
20.5
220.0
203.5
686.5
560.5
245.5
662.5
88.0
394.0
418.0
98.5
358.0
437.5
350.5
194.5
520.0
314.5
428.5
475.0
646.0
134.5
560.5
220.0
592.0
322.0
497.5
214.0
74.5
361.0
122.5
289.0
311.5
443.5
460.0
169.0
673.0
467.5
179.5
440.5
206.5
277.0
298.0
553.0
473.5
358.0
289.0
524.5
499.0
422.5
373.0
388.0
421.0
613.0
443.5
628.0
704.5
524.5
290.5
422.5
143.5
292.0
208.0
199.0
209.5
569.5
583.0
682.0
337.0
178.0
587.5
62.5
292.0
449.5
326.5
464.5
110.5
80.5
290.5
161.5
232.0
281.5
412.0
208.0
421.0
451.0
187.0
260.5
547.0
194.5
112.0
583.0
218.5
266.5
206.5
97.0
113.5
179.5
103.0
184.0
824.5
316.0
565.0
116.5
755.5
323.5
145.0
514.0
343.0
418.0
418.0
532.0
106.0
167.5
388.0
323.5
233.5
403.0
529.0
151.0
548.5
392.5
266.5
230.5
242.5
164.5
385.0
551.5
214.0
313.0
322.0
182.5
301.0
463.0
661.0
112.0
719.5
358.0
766.0
152.5
223.0
79.0
101.5
374.5
400.0
628.0
628.0
317.5
181.0
287.5
535.0
568.0
365.5
481.0
289.0
256.0
236.5
389.5
92.5
181.0
136.0
620.5
767.5
200.5
230.5
500.5
115.0
43.0
865.0
482.5
467.5
457.0
313.0
191.5
499.0
607.0
116.5
17.5
149.5
241.0
238.0
310.0
247.0
278.5
218.5
154.0
460.0
605.5
515.5
262.0
314.5
346.0
506.5
415.0
416.5
322.0
413.5
682.0
193.0
176.5
412.0
391.0
572.5
172.0
437.5
145.0
680.5
365.5
811.0
191.5
334.0
632.5
133.0
548.5
199.0
260.5
235.0
734.5
655.0
556.0
241.0
167.5
607.0
391.0
464.5
341.5
463.0
557.5
356.5
517.0
317.5
154.0
520.0
166.0
592.0
280.0
278.5
562.0
388.0
652.0
425.5
245.5
73.0
808.0
496.0
497.5
14.5
158.5
416.5
401.5
100.0
157.0
278.5
421.0
133.0
623.5
667.0
220.0
328.0
566.5
410.5
340.0
298.0
32.5
493.0
301.0
320.5
433.0
193.0
226.0
176.5
473.5
148.0
524.5
611.5
697.0
283.0
76.0
421.0
728.5
328.0
812.5
376.0
569.5
715.0
134.5
493.0
103.0
64.0
532.0
98.5
383.5
224.5
398.5
136.0
223.0
460.0
691.0
151.0
337.0
398.5
101.5
430.0
191.5
209.5
284.5
362.5
683.5
341.5
322.0
196.0
566.5
443.5
437.5
410.5
275.5
41.5
406.0
260.5
277.0
115.0
359.5
295.0
76.0
98.5
532.0
175.0
431.5
196.0
325.0
221.5
370.0
218.5
352.0
427.0
521.5
148.0
322.0
317.5
344.5
152.5
181.0
76.0
86.5
26.5
277.0
506.5
184.0
356.5
458.5
253.0
451.0
604.0
485.5
197.5
178.0
122.5
274.0
586.0
436.0
73.0
241.0
697.0
332.5
397.0
592.0
152.5
619.0
163.0
52.0
209.5
404.5
229.0
230.5
301.0
103.0
488.5
581.5
125.5
172.0
460.0
584.5
248.5
313.0
679.0
460.0
455.5
395.5
626.5
677.5
82.0
772.0
425.5
397.0
347.5
458.5
638.5
113.5
457.0
143.5
83.5
187.0
283.0
55.0
62.5
253.0
79.0
559.0
568.0
190.0
485.5
358.0
178.0
631.0
254.5
145.0
107.5
524.5
284.5
376.0
359.5
118.0
101.5
307.0
410.5
134.5
650.5
254.5
361.0
397.0
160.0
491.5
172.0
445.0
134.5
451.0
367.0
629.5
575.5
245.5
317.5
424.0
638.5
97.0
283.0
539.5
296.5
512.5
605.5
125.5
388.0
266.5
422.5
317.5
193.0
326.5
125.5
44.5
296.5
280.0
412.0
184.0
143.5
371.5
149.5
223.0
103.0
350.5
101.5
314.5
289.0
94.0
17.5
350.5
329.5
131.5
452.5
502.0
251.5
100.0
458.5
164.5
77.5
346.0
299.5
566.5
475.0
196.0
173.5
392.5
94.0
253.0
377.5
190.0
352.0
235.0
259.0
169.0
313.0
274.0
44.5
128.5
382.0
200.5
557.5
418.0
134.5
568.0
629.5
242.5
200.5
167.5
392.5
802.0
320.5
77.5
161.5
241.0
436.0
517.0
514.0
664.0
400.0
400.0
316.0
241.0
287.5
31.0
293.5
211.0
233.5
704.5
235.0
446.5
266.5
644.5
341.5
341.5
412.0
430.0
115.0
619.0
571.0
128.5
541.0
262.0
427.0
172.0
98.5
217.0
497.5
298.0
83.5
710.5
416.5
152.5
499.0
248.5
95.5
397.0
275.5
211.0
440.5
404.5
458.5
565.0
238.0
538.0
215.5
484.0
559.0
133.0
185.5
443.5
356.5
371.5
578.5
83.5
320.5
137.5
401.5
656.5
50.5
296.5
277.0
254.5
347.5
437.5
349.0
451.0
277.0
97.0
80.5
346.0
473.5
109.0
166.0
77.5
193.0
278.5
650.5
107.5
41.5
143.5
440.5
275.5
424.0
508.0
88.0
52.0
734.5
92.5
344.5
575.5
446.5
284.5
106.0
314.5
274.0
226.0
88.0
553.0
281.5
281.5
121.0
178.0
332.5
457.0
398.5
253.0
440.5
248.5
353.5
22.0
182.5
49.0
202.0
67.0
292.0
38.5
368.5
233.5
428.5
481.0
77.5
652.0
614.5
272.5
217.0
463.0
490.0
79.0
104.5
365.5
518.5
178.0
127.0
278.5
184.0
161.5
148.0
328.0
110.5
308.5
341.5
362.5
584.5
184.0
206.5
425.5
292.0
727.0
361.0
490.0
389.5
118.0
452.5
446.5
217.0
287.5
358.0
193.0
559.0
634.0
320.5
539.5
188.5
86.5
82.0
463.0
248.5
274.0
178.0
188.5
131.5
382.0
262.0
229.0
257.5
521.5
421.0
275.5
377.5
389.5
547.0
266.5
272.5
331.0
71.5
277.0
245.5
401.5
268.0
446.5
302.5
382.0
418.0
406.0
533.5
590.5
350.5
520.0
515.5
659.5
143.5
151.0
553.0
445.0
46.0
395.5
517.0
173.5
533.5
571.0
539.5
235.0
317.5
208.0
410.5
292.0
380.5
262.0
520.0
649.0
319.0
472.0
263.5
181.0
169.0
374.5
182.5
133.0
490.0
694.0
82.0
353.5
650.5
623.5
437.5
667.0
631.0
550.0
58.0
181.0
142.0
101.5
521.5
281.5
161.5
136.0
164.5
292.0
263.5
442.0
487.0
371.5
670.0
560.5
295.0
302.5
244.0
385.0
550.0
182.5
61.0
89.5
137.5
262.0
415.0
197.5
176.5
377.5
308.5
472.0
652.0
86.5
415.0
203.5
335.5
182.5
481.0
112.0
712.0
445.0
646.0
127.0
200.5
227.5
796.0
185.5
373.0
616.0
346.0
155.5
164.5
221.5
424.0
625.0
476.5
551.5
551.5
769.0
619.0
347.5
329.5
79.0
203.5
509.5
386.5
385.0
784.0
17.5
353.5
100.0
215.5
86.5
281.5
425.5
88.0
647.5
148.0
485.5
70.0
218.5
652.0
47.5
209.5
547.0
410.5
104.5
472.0
65.5
167.5
374.5
137.5
154.0
103.0
394.0
779.5
245.5
196.0
379.0
149.5
295.0
154.0
481.0
161.5
293.5
266.5
458.5
751.0
215.5
281.5
278.5
140.5
533.5
700.0
206.5
185.5
124.0
152.5
106.0
151.0
437.5
728.5
592.0
83.5
299.5
503.5
112.0
272.5
386.5
155.5
499.0
274.0
575.5
212.5
170.5
160.0
112.0
130.0
290.5
533.5
382.0
176.5
190.0
289.0
317.5
458.5
482.5
353.5
616.0
214.0
803.5
172.0
212.5
490.0
257.5
650.5
574.0
244.0
188.5
127.0
431.5
791.5
382.0
344.5
352.0
217.0
424.0
221.5
182.5
565.0
596.5
487.0
710.5
496.0
392.5
97.0
115.0
55.0
289.0
133.0
788.5
212.5
215.5
137.5
203.5
197.5
320.5
538.0
659.5
221.5
56.5
344.5
260.5
89.5
634.0
418.0
763.0
392.5
187.0
64.0
608.5
577.0
389.5
254.5
437.5
82.0
394.0
179.5
293.5
125.5
746.5
634.0
380.5
316.0
188.5
428.5
221.5
232.0
118.0
103.0
88.0
329.5
196.0
94.0
311.5
460.0
137.5
485.5
211.0
215.5
83.5
767.5
301.0
206.5
179.5
704.5
241.0
704.5
328.0
323.5
367.0
281.5
556.0
494.5
599.5
566.5
419.5
238.0
388.0
344.5
253.0
304.0
247.0
500.5
689.5
164.5
131.5
317.5
223.0
443.5
91.0
317.5
332.5
626.5
415.0
266.5
112.0
410.5
536.5
70.0
190.0
101.5
181.0
536.5
487.0
131.5
253.0
163.0
88.0
653.5
58.0
133.0
356.5
449.5
583.0
197.5
431.5
199.0
293.5
110.5
311.5
163.0
62.5
572.5
500.5
77.5
139.0
284.5
469.0
304.0
139.0
424.0
142.0
694.0
641.5
113.5
71.5
212.5
778.0
439.0
239.5
137.5
244.0
188.5
185.5
200.5
151.0
302.5
388.0
574.0
638.5
584.5
491.5
137.5
491.5
400.0
280.0
281.5
277.0
85.0
155.5
392.5
208.0
157.0
319.0
244.0
311.5
475.0
316.0
139.0
241.0
550.0
398.5
193.0
278.5
509.5
554.5
145.0
155.5
383.5
185.5
317.5
200.5
259.0
146.5
542.5
599.5
649.0
643.0
401.5
196.0
442.0
584.5
325.0
209.5
116.5
458.5
163.0
133.0
250.0
290.5
637.0
127.0
391.0
326.5
227.5
341.5
529.0
208.0
280.0
250.0
569.5
100.0
182.5
232.0
742.0
416.5
640.0
616.0
740.5
206.5
205.0
458.5
353.5
331.0
176.5
335.5
577.0
506.5
370.0
593.5
164.5
193.0
752.5
226.0
719.5
143.5
308.5
308.5
676.0
250.0
121.0
239.5
767.5
623.5
67.0
28.0
151.0
457.0
352.0
109.0
116.5
383.5
547.0
64.0
415.0
367.0
500.5
601.0
488.5
148.0
626.5
95.5
359.5
134.5
305.5
439.0
251.5
569.5
236.5
242.5
268.0
58.0
422.5
434.5
239.5
472.0
601.0
385.0
698.5
149.5
188.5
361.0
122.5
145.0
323.5
604.0
61.0
319.0
469.0
529.0
247.0
337.0
457.0
539.5
314.5
268.0
247.0
353.5
212.5
107.5
151.0
574.0
623.5
599.5
155.5
602.5
182.5
325.0
113.5
422.5
305.5
383.5
494.5
130.0
215.5
106.0
343.0
68.5
164.5
410.5
97.0
125.5
190.0
272.5
602.5
454.0
404.5
556.0
137.5
415.0
262.0
317.5
773.5
109.0
266.5
214.0
497.5
521.5
200.5
182.5
556.0
97.0
262.0
172.0
266.5
406.0
352.0
421.0
649.0
556.0
505.0
464.5
59.5
415.0
575.5
512.5
202.0
596.5
574.0
344.5
296.5
239.5
166.0
614.5
583.0
181.0
527.5
467.5
674.5
299.5
478.0
122.5
500.5
163.0
421.0
341.5
707.5
571.0
460.0
581.5
49.0
170.5
166.0
191.5
370.0
424.0
766.0
322.0
287.5
404.5
356.5
166.0
86.5
239.5
245.5
616.0
602.5
527.5
115.0
244.0
107.5
202.0
479.5
427.0
494.5
226.0
215.5
100.0
131.5
100.0
259.0
589.0
74.5
104.5
394.0
379.0
227.5
143.5
143.5
158.5
193.0
484.0
236.5
275.5
176.5
89.5
653.5
62.5
262.0
178.0
404.5
385.0
454.0
370.0
59.5
251.5
583.0
577.0
176.5
242.5
668.5
403.0
206.5
377.5
100.0
265.0
551.5
254.5
499.0
172.0
226.0
304.0
491.5
472.0
113.5
179.5
41.5
332.5
185.5
181.0
620.5
362.5
646.0
110.5
259.0
329.5
242.5
590.5
649.0
491.5
392.5
151.0
59.5
200.5
172.0
232.0
119.5
467.5
179.5
176.5
184.0
479.5
418.0
214.0
250.0
449.5
493.0
115.0
227.5
701.5
373.0
400.0
767.5
737.5
355.0
161.5
103.0
401.5
640.0
476.5
337.0
502.0
128.5
455.5
380.5
653.5
329.5
113.5
245.5
451.0
406.0
100.0
157.0
137.5
694.0
254.5
197.5
299.5
176.5
181.0
352.0
325.0
656.5
194.5
272.5
527.5
358.0
145.0
578.5
470.5
173.5
197.5
176.5
179.5
529.0
443.5
257.5
241.0
97.0
196.0
292.0
274.0
175.0
545.5
698.5
148.0
11.5
233.5
172.0
541.0
646.0
505.0
58.0
113.5
721.0
425.5
292.0
217.0
302.5
412.0
46.0
422.5
53.5
325.0
118.0
221.5
611.5
505.0
725.5
484.0
652.0
674.5
388.0
250.0
391.0
367.0
365.5
127.0
430.0
359.5
394.0
349.0
142.0
109.0
586.0
415.0
457.0
634.0
274.0
580.0
158.5
206.5
587.5
152.5
809.5
287.5
226.0
220.0
293.5
239.5
64.0
631.0
620.5
94.0
121.0
172.0
242.5
626.5
587.5
473.5
562.0
500.5
302.5
409.0
208.0
122.5
151.0
604.0
170.5
446.5
136.0
524.5
308.5
94.0
632.5
94.0
289.0
40.0
188.5
646.0
217.0
509.5
229.0
281.5
76.0
301.0
109.0
688.0
377.5
241.0
167.5
179.5
220.0
112.0
494.5
220.0
574.0
224.5
184.0
247.0
113.5
382.0
556.0
367.0
271.0
643.0
110.5
587.5
461.5
544.0
361.0
691.0
712.0
151.0
688.0
251.5
46.0
665.5
343.0
410.5
172.0
347.5
370.0
568.0
190.0
167.5
625.0
209.5
464.5
157.0
71.5
220.0
676.0
265.0
404.5
277.0
227.5
175.0
68.5
115.0
682.0
140.5
548.5
299.5
82.0
19.0
167.5
76.0
185.5
403.0
158.5
74.5
593.5
274.0
337.0
79.0
301.0
128.5
284.5
178.0
475.0
652.0
335.5
154.0
272.5
596.5
247.0
655.0
295.0
358.0
323.5
392.5
389.5
164.5
409.0
211.0
332.5
94.0
404.5
215.5
358.0
146.5
158.5
619.0
665.5
296.5
244.0
112.0
128.5
137.5
226.0
218.5
626.5
130.0
241.0
121.0
508.0
299.5
218.5
77.5
304.0
172.0
422.5
542.5
484.0
557.5
493.0
611.5
764.5
232.0
143.5
428.5
46.0
481.0
166.0
230.5
85.0
295.0
271.0
241.0
430.0
502.0
601.0
332.5
205.0
278.5
392.5
446.5
169.0
154.0
643.0
235.0
365.5
302.5
521.5
146.5
733.0
349.0
278.5
350.5
208.0
400.0
383.5
119.5
176.5
59.5
458.5
365.5
529.0
40.0
464.5
374.5
364.0
140.5
559.0
632.5
457.0
97.0
143.5
104.5
448.0
310.0
101.5
244.0
457.0
161.5
401.5
728.5
466.0
517.0
440.5
130.0
307.0
470.5
290.5
269.5
505.0
547.0
319.0
307.0
259.0
332.5
685.0
566.5
193.0
268.0
130.0
658.0
302.5
341.5
89.5
211.0
295.0
500.5
328.0
320.5
193.0
191.5
287.5
88.0
199.0
293.5
125.5
271.0
425.5
539.5
419.5
479.5
380.5
160.0
407.5
311.5
257.5
773.5
590.5
560.5
118.0
284.5
790.0
257.5
497.5
770.5
224.5
304.0
437.5
691.0
77.5
229.0
622.0
187.0
649.0
533.5
163.0
314.5
166.0
329.5
445.0
365.5
370.0
394.0
356.5
167.5
269.5
193.0
358.0
374.5
77.5
41.5
55.0
196.0
223.0
178.0
466.0
287.5
317.5
488.5
490.0
284.5
407.5
283.0
335.5
409.0
86.5
359.5
461.5
571.0
256.0
355.0
371.5
266.5
574.0
512.5
343.0
293.5
263.5
166.0
581.5
686.5
274.0
232.0
110.5
107.5
707.5
625.0
401.5
352.0
370.0
664.0
379.0
124.0
320.5
224.5
73.0
125.5
155.5
575.5
613.0
577.0
602.5
301.0
149.5
509.5
454.0
716.5
182.5
154.0
115.0
322.0
164.5
346.0
232.0
301.0
110.5
254.5
568.0
583.0
449.5
104.5
703.0
308.5
388.0
436.0
626.5
442.0
482.5
31.0
361.0
440.5
734.5
196.0
262.0
416.5
142.0
836.5
445.0
451.0
95.5
467.5
725.5
637.0
218.5
601.0
223.0
473.5
71.5
137.5
163.0
598.0
247.0
247.0
154.0
475.0
188.5
470.5
145.0
155.5
586.0
461.5
121.0
863.5
466.0
484.0
505.0
691.0
398.5
424.0
365.5
71.5
598.0
518.5
571.0
322.0
229.0
106.0
340.0
743.5
236.5
100.0
431.5
587.5
235.0
238.0
547.0
329.5
286.0
221.5
305.5
269.5
92.5
217.0
383.5
80.5
106.0
370.0
568.0
742.0
502.0
44.5
328.0
680.5
376.0
140.5
208.0
272.5
206.5
413.5
322.0
137.5
367.0
386.5
287.5
427.0
61.0
307.0
641.5
481.0
542.5
344.5
134.5
286.0
268.0
535.0
244.0
199.0
434.5
472.0
356.5
125.5
358.0
25.0
722.5
661.0
452.5
530.5
344.5
709.0
368.5
544.0
275.5
298.0
350.5
266.5
110.5
512.5
200.5
134.5
286.0
221.5
380.5
203.5
172.0
328.0
203.5
169.0
661.0
599.5
296.5
373.0
272.5
695.5
635.5
131.5
377.5
556.0
302.5
148.0
115.0
697.0
161.5
76.0
448.0
442.0
511.0
211.0
454.0
301.0
211.0
467.5
19.0
127.0
388.0
118.0
47.5
311.5
214.0
31.0
329.5
137.5
104.5
295.0
280.0
187.0
236.5
199.0
271.0
343.0
83.5
238.0
214.0
638.5
452.5
142.0
574.0
164.5
313.0
505.0
170.5
200.5
670.0
490.0
115.0
283.0
251.5
523.0
178.0
505.0
616.0
595.0
442.0
181.0
251.5
427.0
209.5
188.5
73.0
166.0
571.0
91.0
445.0
188.5
652.0
497.5
262.0
344.5
233.5
289.0
158.5
167.5
110.5
293.5
638.5
463.0
572.5
520.0
316.0
574.0
754.0
479.5
578.5
269.5
166.0
206.5
52.0
368.5
451.0
241.0
427.0
433.0
601.0
406.0
355.0
253.0
68.5
529.0
61.0
638.5
443.5
128.5
88.0
230.5
155.5
329.5
370.0
551.5
194.5
274.0
643.0
184.0
185.5
44.5
560.5
506.5
461.5
566.5
385.0
176.5
538.0
149.5
385.0
230.5
293.5
328.0
242.5
494.5
79.0
188.5
392.5
292.0
394.0
463.0
79.0
458.5
326.5
374.5
217.0
244.0
238.0
178.0
479.5
134.5
298.0
26.5
119.5
380.5
410.5
67.0
143.5
224.5
554.5
206.5
269.5
553.0
337.0
56.5
263.5
556.0
755.5
122.5
109.0
271.0
205.0
352.0
95.5
359.5
409.0
148.0
418.0
155.5
176.5
385.0
412.0
50.5
259.0
113.5
265.0
749.5
412.0
593.5
41.5
127.0
407.5
245.5
335.5
556.0
476.5
221.5
110.5
287.5
772.0
628.0
170.5
46.0
325.0
361.0
550.0
215.5
434.5
104.5
136.0
85.0
278.5
151.0
100.0
704.5
254.5
763.0
160.0
352.0
388.0
112.0
118.0
202.0
278.5
256.0
146.5
563.5
518.5
253.0
787.0
511.0
221.5
568.0
143.5
305.5
71.5
452.5
299.5
316.0
487.0
224.5
245.5
548.5
232.0
175.0
317.5
325.0
419.5
455.5
206.5
302.5
188.5
446.5
280.0
298.0
725.5
110.5
418.0
667.0
229.0
268.0
610.0
25.0
511.0
242.5
137.5
205.0
161.5
229.0
656.5
116.5
619.0
283.0
415.0
667.0
397.0
628.0
437.5
209.5
611.5
163.0
124.0
232.0
404.5
557.5
356.5
391.0
482.5
454.0
187.0
67.0
196.0
629.5
127.0
148.0
104.5
679.0
256.0
152.5
97.0
113.5
446.5
160.0
98.5
236.5
656.5
707.5
206.5
341.5
200.5
226.0
232.0
334.0
236.5
391.0
347.5
631.0
598.0
71.5
176.5
272.5
218.5
565.0
398.5
440.5
467.5
224.5
164.5
257.5
733.0
634.0
298.0
308.5
791.5
203.5
469.0
362.5
455.5
361.0
584.5
206.5
53.5
502.0
95.5
157.0
116.5
49.0
136.0
265.0
457.0
334.0
308.5
83.5
131.5
53.5
400.0
220.0
122.5
224.5
293.5
119.5
