214.0
143.5
62.5
343.0
236.5
46.0
281.5
46.0
143.5
91.0
323.5
55.0
65.5
112.0
253.0
298.0
113.5
145.0
125.5
62.5
151.0
109.0
103.0
247.0
308.5
67.0
32.5
64.0
175.0
97.0
71.5
127.0
136.0
133.0
121.0
263.5
62.5
31.0
116.5
74.5
91.0
179.5
119.5
208.0
124.0
229.0
94.0
235.0
62.5
43.0
149.5
40.0
83.5
218.5
209.5
127.0
304.0
106.0
167.5
34.0
95.5
194.5
104.5
88.0
73.0
100.0
23.5
191.5
205.0
79.0
179.5
251.5
41.5
86.5
184.0
95.5
55.0
121.0
137.5
169.0
227.5
283.0
40.0
23.5
40.0
229.0
65.5
83.5
94.0
149.5
76.0
83.5
65.5
224.5
29.5
109.0
191.5
59.5
92.5
10.0
190.0
71.5
98.5
62.5
209.5
188.5
95.5
56.5
14.5
118.0
343.0
52.0
121.0
130.0
31.0
46.0
202.0
73.0
40.0
127.0
173.5
91.0
50.5
125.5
232.0
115.0
35.5
28.0
68.5
119.5
20.5
245.5
316.0
71.5
148.0
46.0
265.0
29.5
41.5
215.5
155.5
302.5
106.0
226.0
29.5
217.0
193.0
167.5
181.0
77.5
22.0
101.5
91.0
302.5
49.0
140.5
32.5
97.0
44.5
127.0
143.5
115.0
62.5
133.0
80.5
43.0
95.5
89.5
199.0
319.0
52.0
113.5
124.0
140.5
100.0
223.0
175.0
28.0
94.0
35.5
82.0
179.5
64.0
11.5
37.0
110.5
34.0
166.0
140.5
76.0
125.5
110.5
134.5
202.0
79.0
107.5
106.0
271.0
143.5
202.0
49.0
121.0
79.0
151.0
8.5
79.0
403.0
64.0
127.0
223.0
58.0
236.5
200.5
107.5
149.5
65.5
140.5
124.0
155.5
145.0
182.5
122.5
113.5
119.5
104.5
38.5
70.0
86.5
208.0
79.0
64.0
136.0
103.0
62.5
71.5
26.5
89.5
124.0
46.0
148.0
67.0
47.5
71.5
148.0
157.0
109.0
256.0
229.0
145.0
37.0
136.0
43.0
44.5
119.5
145.0
104.5
190.0
92.5
149.5
40.0
83.5
20.5
125.5
88.0
65.5
128.5
152.5
149.5
53.5
119.5
55.0
137.5
92.5
77.5
20.5
118.0
77.5
200.5
82.0
98.5
76.0
14.5
334.0
37.0
65.5
46.0
31.0
59.5
79.0
169.0
172.0
236.5
107.5
257.5
85.0
28.0
26.5
130.0
565.0
166.0
113.5
149.5
107.5
143.5
155.5
82.0
106.0
236.5
74.5
19.0
17.5
41.5
187.0
185.5
128.5
143.5
197.5
23.5
91.0
253.0
88.0
16.0
134.5
130.0
184.0
248.5
143.5
254.5
232.0
107.5
235.0
128.5
224.5
86.5
53.5
173.5
118.0
5.5
202.0
55.0
104.5
122.5
292.0
43.0
77.5
95.5
161.5
179.5
167.5
13.0
284.5
55.0
56.5
125.5
202.0
49.0
104.5
323.5
44.5
214.0
85.0
133.0
23.5
77.5
86.5
71.5
106.0
257.5
301.0
43.0
55.0
86.5
74.5
74.5
74.5
76.0
115.0
244.0
116.5
205.0
149.5
274.0
125.5
98.5
235.0
253.0
139.0
305.5
89.5
71.5
190.0
64.0
74.5
322.0
119.5
214.0
326.5
64.0
89.5
55.0
208.0
172.0
59.5
110.5
263.5
311.5
137.5
73.0
91.0
202.0
154.0
91.0
19.0
124.0
181.0
137.5
128.5
74.5
73.0
187.0
35.5
67.0
37.0
46.0
103.0
136.0
86.5
112.0
323.5
179.5
121.0
31.0
56.5
74.5
182.5
241.0
79.0
122.5
107.5
289.0
77.5
52.0
242.5
139.0
146.5
68.5
199.0
151.0
61.0
118.0
143.5
154.0
16.0
230.5
127.0
209.5
68.5
139.0
112.0
38.5
100.0
128.5
55.0
52.0
80.5
187.0
76.0
158.5
34.0
106.0
188.5
152.5
89.5
124.0
77.5
106.0
143.5
167.5
37.0
41.5
206.5
7.0
131.5
146.5
71.5
205.0
61.0
67.0
118.0
83.5
205.0
86.5
115.0
58.0
115.0
103.0
8.5
283.0
59.5
98.5
119.5
173.5
73.0
65.5
167.5
116.5
119.5
254.5
104.5
143.5
46.0
244.0
227.5
137.5
182.5
128.5
137.5
256.0
95.5
121.0
62.5
302.5
53.5
40.0
223.0
170.5
137.5
170.5
142.0
110.5
206.5
212.5
124.0
338.5
169.0
152.5
46.0
268.0
13.0
79.0
142.0
115.0
122.5
92.5
62.5
263.5
86.5
71.5
73.0
208.0
44.5
197.5
49.0
127.0
61.0
115.0
164.5
88.0
104.5
134.5
124.0
128.5
143.5
121.0
122.5
122.5
31.0
352.0
107.5
82.0
10.0
184.0
209.5
277.0
59.5
353.5
61.0
73.0
92.5
65.5
107.5
74.5
76.0
88.0
116.5
104.5
67.0
44.5
154.0
103.0
94.0
68.5
176.5
218.5
88.0
67.0
91.0
170.5
167.5
104.5
73.0
110.5
83.5
86.5
77.5
98.5
50.5
182.5
125.5
170.5
133.0
47.5
206.5
166.0
157.0
259.0
112.0
89.5
370.0
104.5
281.5
80.5
94.0
70.0
64.0
218.5
149.5
97.0
250.0
35.5
70.0
155.5
68.5
34.0
88.0
32.5
88.0
100.0
10.0
67.0
332.5
52.0
104.5
50.5
137.5
115.0
20.5
188.5
32.5
145.0
74.5
181.0
94.0
97.0
31.0
227.5
68.5
293.5
70.0
128.5
140.5
104.5
199.0
208.0
7.0
155.5
38.5
139.0
121.0
121.0
7.0
17.5
253.0
143.5
136.0
100.0
128.5
196.0
133.0
70.0
239.5
89.5
79.0
17.5
83.5
271.0
80.5
154.0
158.5
338.5
49.0
47.5
52.0
86.5
34.0
157.0
61.0
191.5
59.5
196.0
122.5
71.5
106.0
149.5
67.0
92.5
46.0
116.5
220.0
50.5
94.0
44.5
191.5
91.0
206.5
203.5
169.0
97.0
110.5
284.5
56.5
311.5
152.5
77.5
77.5
259.0
211.0
118.0
208.0
92.5
94.0
167.5
181.0
266.5
194.5
115.0
26.5
67.0
164.5
182.5
70.0
55.0
98.5
110.5
179.5
98.5
179.5
61.0
161.5
112.0
65.5
41.5
256.0
55.0
83.5
176.5
79.0
74.5
127.0
85.0
236.5
121.0
215.5
50.5
158.5
185.5
133.0
200.5
115.0
47.5
134.5
91.0
113.5
169.0
257.5
178.0
307.0
25.0
112.0
76.0
106.0
173.5
136.0
130.0
107.5
118.0
125.5
224.5
65.5
109.0
97.0
212.5
212.5
104.5
82.0
163.0
139.0
149.5
76.0
52.0
85.0
59.5
185.5
73.0
133.0
182.5
64.0
152.5
83.5
256.0
112.0
163.0
124.0
119.5
146.5
92.5
248.5
212.5
178.0
71.5
29.5
74.5
112.0
37.0
116.5
98.5
142.0
263.5
31.0
46.0
73.0
118.0
53.5
50.5
68.5
53.5
236.5
97.0
202.0
257.5
160.0
47.5
92.5
172.0
100.0
317.5
65.5
149.5
49.0
122.5
125.5
103.0
38.5
154.0
137.5
95.5
238.0
233.5
91.0
314.5
421.0
122.5
94.0
206.5
44.5
251.5
70.0
41.5
50.5
256.0
209.5
79.0
125.5
83.5
155.5
146.5
92.5
32.5
125.5
13.0
77.5
178.0
107.5
176.5
163.0
56.5
239.5
85.0
76.0
68.5
97.0
50.5
20.5
67.0
172.0
251.5
164.5
85.0
167.5
74.5
119.5
65.5
136.0
110.5
80.5
89.5
98.5
113.5
28.0
157.0
161.5
82.0
115.0
86.5
95.5
17.5
133.0
85.0
166.0
227.5
395.5
100.0
38.5
16.0
293.5
169.0
94.0
76.0
113.5
23.5
121.0
85.0
157.0
155.5
41.5
163.0
191.5
52.0
185.5
115.0
20.5
325.0
100.0
130.0
46.0
137.5
91.0
124.0
148.0
128.5
86.5
106.0
245.5
149.5
172.0
167.5
181.0
110.5
4.0
116.5
47.5
92.5
61.0
311.5
34.0
46.0
230.5
80.5
86.5
161.5
68.5
182.5
127.0
80.5
67.0
92.5
163.0
115.0
11.5
217.0
212.5
244.0
227.5
35.5
262.0
103.0
262.0
202.0
145.0
235.0
80.5
100.0
128.5
97.0
67.0
74.5
104.5
127.0
67.0
95.5
293.5
221.5
22.0
91.0
179.5
53.5
59.5
55.0
82.0
227.5
71.5
116.5
196.0
58.0
101.5
77.5
43.0
148.0
103.0
22.0
71.5
44.5
110.5
124.0
19.0
7.0
130.0
88.0
146.5
62.5
134.5
71.5
208.0
238.0
187.0
82.0
116.5
355.0
148.0
112.0
109.0
104.5
59.5
133.0
79.0
44.5
151.0
188.5
80.5
74.5
181.0
43.0
280.0
139.0
88.0
322.0
55.0
160.0
145.0
316.0
71.5
209.5
79.0
133.0
125.5
79.0
152.5
182.5
127.0
65.5
28.0
191.5
152.5
140.5
163.0
58.0
314.5
158.5
55.0
83.5
125.5
167.5
35.5
100.0
55.0
103.0
172.0
44.5
160.0
169.0
181.0
220.0
44.5
34.0
47.5
155.5
202.0
98.5
53.5
104.5
122.5
94.0
77.5
142.0
58.0
77.5
109.0
152.5
59.5
157.0
188.5
155.5
233.5
86.5
35.5
68.5
56.5
152.5
104.5
119.5
74.5
80.5
235.0
31.0
158.5
86.5
89.5
25.0
20.5
76.0
121.0
113.5
46.0
160.0
76.0
46.0
14.5
38.5
86.5
100.0
128.5
157.0
217.0
146.5
140.5
116.5
125.5
97.0
124.0
170.5
91.0
137.5
215.5
103.0
97.0
89.5
82.0
179.5
76.0
134.5
170.5
185.5
109.0
94.0
113.5
161.5
20.5
391.0
145.0
355.0
155.5
122.5
77.5
61.0
29.5
85.0
158.5
103.0
70.0
52.0
139.0
130.0
124.0
61.0
46.0
125.5
191.5
239.5
124.0
80.5
280.0
52.0
224.5
71.5
188.5
118.0
104.5
221.5
167.5
163.0
154.0
44.5
94.0
68.5
14.5
92.5
76.0
314.5
58.0
142.0
100.0
88.0
130.0
95.5
50.5
118.0
278.5
230.5
25.0
55.0
124.0
124.0
118.0
91.0
58.0
155.5
62.5
301.0
70.0
38.5
29.5
166.0
83.5
376.0
134.5
176.5
229.0
64.0
80.5
121.0
61.0
56.5
95.5
208.0
176.5
214.0
88.0
245.5
64.0
17.5
59.5
181.0
103.0
167.5
122.5
91.0
142.0
326.5
70.0
55.0
61.0
25.0
37.0
28.0
83.5
128.5
47.5
310.0
104.5
139.0
106.0
44.5
43.0
133.0
248.5
223.0
106.0
146.5
115.0
8.5
200.5
46.0
172.0
178.0
278.5
109.0
109.0
119.5
161.5
61.0
55.0
278.5
250.0
134.5
65.5
166.0
89.5
113.5
40.0
88.0
158.5
103.0
32.5
197.5
32.5
143.5
32.5
142.0
112.0
46.0
107.5
259.0
80.5
80.5
52.0
146.5
59.5
100.0
83.5
175.0
43.0
31.0
187.0
77.5
58.0
110.5
74.5
247.0
80.5
140.5
52.0
266.5
89.5
134.5
76.0
161.5
148.0
104.5
100.0
227.5
139.0
58.0
38.5
59.5
179.5
68.5
41.5
128.5
73.0
100.0
134.5
206.5
122.5
161.5
145.0
251.5
82.0
179.5
77.5
68.5
257.5
53.5
76.0
131.5
38.5
197.5
149.5
121.0
104.5
175.0
40.0
205.0
148.0
53.5
164.5
172.0
158.5
31.0
94.0
80.5
256.0
118.0
119.5
44.5
94.0
76.0
77.5
452.5
161.5
40.0
104.5
121.0
26.5
101.5
235.0
110.5
136.0
83.5
271.0
101.5
103.0
86.5
55.0
185.5
64.0
164.5
43.0
40.0
67.0
127.0
40.0
97.0
64.0
86.5
190.0
224.5
211.0
88.0
110.5
212.5
97.0
68.5
53.5
34.0
221.5
46.0
160.0
118.0
178.0
107.5
386.5
164.5
49.0
158.5
44.5
25.0
67.0
61.0
101.5
71.5
59.5
106.0
22.0
122.5
88.0
205.0
284.5
50.5
95.5
97.0
56.5
37.0
112.0
173.5
193.0
95.5
91.0
92.5
167.5
118.0
296.5
67.0
113.5
11.5
47.5
73.0
173.5
113.5
148.0
172.0
116.5
139.0
47.5
121.0
50.5
181.0
19.0
118.0
77.5
98.5
175.0
67.0
145.0
128.5
131.5
121.0
160.0
326.5
178.0
55.0
167.5
76.0
157.0
113.5
116.5
119.5
79.0
17.5
23.5
74.5
229.0
46.0
13.0
161.5
190.0
53.5
79.0
73.0
38.5
80.5
67.0
13.0
203.5
64.0
127.0
202.0
79.0
22.0
68.5
34.0
128.5
61.0
110.5
83.5
98.5
32.5
373.0
23.5
217.0
212.5
56.5
95.5
158.5
116.5
88.0
46.0
64.0
91.0
106.0
44.5
25.0
98.5
164.5
184.0
109.0
146.5
32.5
241.0
31.0
167.5
47.5
283.0
124.0
142.0
61.0
61.0
136.0
184.0
89.5
65.5
178.0
157.0
125.5
104.5
179.5
100.0
86.5
80.5
317.5
230.5
185.5
110.5
121.0
37.0
154.0
37.0
146.5
23.5
158.5
65.5
89.5
58.0
98.5
119.5
76.0
217.0
205.0
113.5
82.0
170.5
101.5
14.5
134.5
115.0
161.5
146.5
56.5
398.5
41.5
23.5
164.5
65.5
47.5
17.5
187.0
41.5
67.0
32.5
79.0
65.5
158.5
197.5
95.5
62.5
41.5
53.5
55.0
103.0
86.5
40.0
233.5
148.0
119.5
377.5
19.0
31.0
142.0
73.0
34.0
119.5
236.5
128.5
61.0
91.0
92.5
149.5
68.5
56.5
122.5
70.0
68.5
163.0
211.0
178.0
146.5
203.5
46.0
161.5
35.5
167.5
136.0
194.5
175.0
158.5
266.5
34.0
76.0
59.5
109.0
43.0
302.5
31.0
14.5
205.0
67.0
73.0
178.0
95.5
47.5
106.0
109.0
34.0
137.5
170.5
79.0
26.5
203.5
19.0
46.0
133.0
14.5
43.0
181.0
53.5
265.0
98.5
112.0
55.0
259.0
67.0
38.5
61.0
121.0
232.0
137.5
154.0
187.0
155.5
149.5
182.5
101.5
154.0
95.5
37.0
113.5
163.0
55.0
74.5
187.0
158.5
92.5
71.5
158.5
125.5
104.5
164.5
194.5
145.0
130.0
268.0
112.0
14.5
68.5
29.5
31.0
145.0
70.0
52.0
89.5
112.0
82.0
55.0
74.5
145.0
122.5
73.0
128.5
101.5
37.0
136.0
70.0
14.5
125.5
209.5
121.0
118.0
121.0
137.5
197.5
167.5
187.0
92.5
82.0
155.5
187.0
209.5
313.0
22.0
170.5
268.0
67.0
83.5
137.5
107.5
106.0
80.5
203.5
103.0
188.5
128.5
164.5
191.5
65.5
55.0
101.5
43.0
82.0
28.0
89.5
41.5
76.0
206.5
161.5
311.5
52.0
56.5
76.0
80.5
139.0
266.5
146.5
139.0
64.0
85.0
155.5
41.5
155.5
124.0
278.5
325.0
56.5
157.0
82.0
91.0
181.0
122.5
164.5
271.0
100.0
95.5
101.5
121.0
89.5
142.0
139.0
128.5
29.5
85.0
122.5
116.5
146.5
137.5
116.5
182.5
139.0
193.0
160.0
77.5
115.0
118.0
53.5
26.5
130.0
131.5
70.0
16.0
247.0
112.0
86.5
43.0
77.5
179.5
116.5
80.5
73.0
187.0
101.5
110.5
115.0
178.0
127.0
64.0
191.5
112.0
157.0
116.5
158.5
77.5
77.5
182.5
110.5
104.5
55.0
263.5
106.0
85.0
193.0
76.0
43.0
127.0
161.5
74.5
55.0
73.0
46.0
148.0
98.5
19.0
58.0
191.5
89.5
115.0
151.0
119.5
64.0
62.5
58.0
191.5
100.0
178.0
79.0
149.5
146.5
230.5
115.0
296.5
80.5
169.0
101.5
37.0
112.0
148.0
82.0
115.0
16.0
200.5
50.5
38.5
7.0
125.5
202.0
82.0
95.5
248.5
89.5
173.5
149.5
77.5
43.0
68.5
74.5
356.5
29.5
203.5
151.0
88.0
55.0
163.0
65.5
148.0
56.5
25.0
178.0
79.0
44.5
217.0
134.5
148.0
50.5
214.0
94.0
59.5
82.0
152.5
139.0
56.5
149.5
76.0
41.5
176.5
163.0
35.5
13.0
29.5
154.0
56.5
34.0
113.5
62.5
71.5
7.0
133.0
215.5
109.0
49.0
76.0
85.0
61.0
83.5
229.0
143.5
11.5
61.0
163.0
70.0
98.5
79.0
55.0
89.5
97.0
161.5
278.5
185.5
161.5
85.0
152.5
139.0
227.5
280.0
281.5
112.0
139.0
74.5
56.5
200.5
76.0
56.5
58.0
83.5
10.0
70.0
104.5
91.0
31.0
34.0
74.5
136.0
215.5
190.0
149.5
8.5
19.0
161.5
143.5
140.5
76.0
40.0
140.5
113.5
182.5
82.0
106.0
77.5
229.0
308.5
242.5
82.0
155.5
133.0
194.5
188.5
146.5
266.5
94.0
142.0
119.5
112.0
131.5
118.0
104.5
136.0
71.5
55.0
56.5
95.5
82.0
50.5
143.5
32.5
106.0
185.5
103.0
106.0
23.5
11.5
193.0
239.5
13.0
230.5
55.0
94.0
185.5
109.0
127.0
88.0
169.0
79.0
52.0
173.5
109.0
59.5
10.0
176.5
56.5
44.5
53.5
149.5
71.5
38.5
320.5
139.0
190.0
119.5
50.5
110.5
178.0
254.5
64.0
113.5
149.5
95.5
98.5
152.5
88.0
19.0
145.0
211.0
257.5
320.5
158.5
271.0
16.0
301.0
106.0
80.5
97.0
218.5
161.5
158.5
92.5
118.0
14.5
106.0
74.5
155.5
232.0
94.0
91.0
200.5
127.0
197.5
112.0
88.0
311.5
40.0
145.0
316.0
169.0
146.5
211.0
373.0
241.0
260.5
28.0
169.0
154.0
221.5
88.0
125.5
59.5
151.0
52.0
85.0
184.0
194.5
143.5
245.5
17.5
50.5
179.5
79.0
47.5
28.0
83.5
44.5
142.0
82.0
52.0
154.0
202.0
20.5
35.5
50.5
202.0
157.0
245.5
68.5
118.0
164.5
149.5
164.5
55.0
67.0
131.5
185.5
172.0
232.0
139.0
278.5
112.0
161.5
128.5
163.0
149.5
203.5
242.5
125.5
43.0
104.5
140.5
58.0
146.5
128.5
74.5
77.5
58.0
256.0
127.0
161.5
194.5
4.0
233.5
76.0
131.5
173.5
151.0
208.0
58.0
29.5
143.5
91.0
23.5
163.0
128.5
127.0
82.0
181.0
116.5
76.0
271.0
112.0
107.5
103.0
86.5
40.0
194.5
104.5
104.5
152.5
103.0
91.0
286.0
32.5
110.5
31.0
17.5
128.5
112.0
70.0
73.0
49.0
214.0
533.5
139.0
202.0
104.5
146.5
179.5
98.5
70.0
188.5
94.0
176.5
104.5
143.5
143.5
97.0
208.0
179.5
163.0
121.0
92.5
79.0
100.0
130.0
77.5
127.0
137.5
446.5
124.0
187.0
85.0
158.5
22.0
160.0
91.0
167.5
128.5
43.0
94.0
19.0
37.0
110.5
118.0
23.5
128.5
28.0
52.0
98.5
220.0
106.0
323.5
124.0
172.0
94.0
49.0
56.5
163.0
77.5
110.5
82.0
56.5
158.5
130.0
106.0
283.0
139.0
49.0
106.0
65.5
107.5
59.5
65.5
185.5
253.0
125.5
97.0
64.0
178.0
200.5
94.0
227.5
74.5
226.0
58.0
272.5
31.0
70.0
245.5
56.5
154.0
115.0
101.5
25.0
98.5
104.5
28.0
109.0
125.5
142.0
163.0
62.5
113.5
143.5
374.5
80.5
64.0
242.5
314.5
65.5
512.5
247.0
209.5
85.0
124.0
152.5
47.5
146.5
65.5
128.5
226.0
103.0
74.5
125.5
107.5
193.0
160.0
151.0
148.0
136.0
29.5
314.5
145.0
140.5
34.0
43.0
133.0
290.5
152.5
158.5
35.5
112.0
58.0
295.0
166.0
98.5
173.5
95.5
142.0
106.0
79.0
19.0
106.0
26.5
151.0
146.5
109.0
220.0
103.0
169.0
68.5
71.5
167.5
31.0
199.0
37.0
26.5
92.5
92.5
149.5
112.0
91.0
92.5
182.5
172.0
101.5
109.0
76.0
124.0
217.0
178.0
136.0
172.0
68.5
359.5
98.5
50.5
83.5
196.0
136.0
41.5
128.5
119.5
100.0
175.0
67.0
131.5
169.0
125.5
107.5
94.0
68.5
47.5
49.0
65.5
175.0
41.5
65.5
124.0
212.5
98.5
131.5
98.5
169.0
10.0
43.0
146.5
74.5
107.5
125.5
175.0
71.5
70.0
91.0
133.0
154.0
257.5
82.0
31.0
85.0
121.0
152.5
118.0
100.0
115.0
59.5
58.0
160.0
130.0
167.5
167.5
217.0
91.0
79.0
74.5
80.5
187.0
134.5
190.0
8.5
124.0
139.0
20.5
289.0
80.5
91.0
122.5
38.5
32.5
11.5
118.0
100.0
137.5
140.5
67.0
124.0
37.0
208.0
118.0
127.0
160.0
155.5
59.5
329.5
17.5
109.0
79.0
244.0
103.0
220.0
151.0
206.5
80.5
62.5
91.0
82.0
107.5
181.0
305.5
34.0
94.0
62.5
34.0
236.5
187.0
49.0
85.0
68.5
52.0
176.5
181.0
172.0
128.5
238.0
110.5
140.5
40.0
128.5
151.0
83.5
83.5
167.5
94.0
89.5
71.5
245.5
146.5
22.0
157.0
137.5
169.0
112.0
115.0
61.0
26.5
316.0
200.5
175.0
70.0
79.0
52.0
118.0
59.5
151.0
197.5
112.0
80.5
292.0
101.5
22.0
70.0
77.5
134.5
59.5
151.0
61.0
62.5
185.5
61.0
220.0
92.5
83.5
254.5
95.5
71.5
32.5
68.5
16.0
67.0
53.5
58.0
76.0
62.5
146.5
85.0
188.5
56.5
79.0
62.5
47.5
44.5
172.0
136.0
101.5
115.0
17.5
65.5
157.0
173.5
86.5
233.5
145.0
200.5
170.5
22.0
76.0
118.0
121.0
182.5
130.0
136.0
272.5
47.5
187.0
124.0
34.0
203.5
64.0
35.5
104.5
65.5
76.0
80.5
35.5
203.5
142.0
97.0
133.0
32.5
116.5
64.0
65.5
124.0
95.5
46.0
95.5
133.0
79.0
85.0
89.5
32.5
83.5
122.5
97.0
64.0
41.5
191.5
37.0
112.0
55.0
34.0
20.5
266.5
131.5
149.5
143.5
247.0
89.5
148.0
173.5
205.0
23.5
65.5
128.5
272.5
152.5
142.0
160.0
50.5
98.5
106.0
290.5
80.5
112.0
208.0
61.0
16.0
119.5
104.5
190.0
178.0
79.0
86.5
119.5
100.0
98.5
107.5
77.5
167.5
68.5
62.5
200.5
49.0
271.0
38.5
91.0
74.5
223.0
257.5
71.5
188.5
88.0
131.5
89.5
223.0
80.5
134.5
76.0
119.5
152.5
152.5
338.5
14.5
251.5
106.0
250.0
290.5
103.0
187.0
35.5
89.5
316.0
71.5
29.5
206.5
139.0
151.0
151.0
101.5
74.5
56.5
80.5
55.0
133.0
85.0
115.0
29.5
175.0
65.5
79.0
133.0
223.0
76.0
233.5
49.0
65.5
98.5
88.0
100.0
85.0
98.5
97.0
79.0
85.0
79.0
20.5
359.5
155.5
100.0
185.5
106.0
22.0
182.5
82.0
23.5
37.0
77.5
56.5
25.0
77.5
127.0
152.5
95.5
70.0
98.5
170.5
70.0
77.5
130.0
62.5
103.0
8.5
112.0
77.5
362.5
25.0
112.0
125.5
173.5
22.0
80.5
139.0
221.5
148.0
170.5
122.5
89.5
206.5
124.0
43.0
215.5
67.0
244.0
61.0
163.0
118.0
88.0
167.5
184.0
112.0
31.0
41.5
59.5
136.0
92.5
71.5
238.0
106.0
308.5
104.5
145.0
125.5
49.0
290.5
113.5
101.5
25.0
118.0
178.0
98.5
217.0
77.5
29.5
55.0
55.0
145.0
103.0
299.5
127.0
131.5
277.0
214.0
55.0
73.0
50.5
79.0
19.0
25.0
134.5
331.0
121.0
38.5
80.5
58.0
110.5
145.0
137.5
104.5
29.5
188.5
221.5
82.0
65.5
124.0
34.0
262.0
37.0
122.5
167.5
220.0
167.5
136.0
136.0
109.0
142.0
58.0
80.5
115.0
92.5
49.0
169.0
157.0
140.5
73.0
74.5
281.5
62.5
74.5
65.5
59.5
79.0
95.5
107.5
121.0
166.0
184.0
184.0
62.5
52.0
296.5
148.0
236.5
70.0
85.0
181.0
148.0
32.5
314.5
74.5
100.0
103.0
482.5
172.0
29.5
79.0
41.5
7.0
62.5
193.0
253.0
184.0
251.5
253.0
260.5
52.0
175.0
173.5
8.5
257.5
235.0
223.0
20.5
52.0
107.5
187.0
187.0
101.5
127.0
116.5
143.5
161.5
107.5
79.0
31.0
58.0
206.5
194.5
322.0
82.0
73.0
28.0
91.0
140.5
205.0
299.5
32.5
52.0
194.5
86.5
281.5
214.0
167.5
82.0
157.0
103.0
106.0
43.0
77.5
226.0
197.5
610.0
53.5
89.5
97.0
32.5
293.5
22.0
197.5
142.0
44.5
136.0
19.0
160.0
82.0
307.0
46.0
110.5
245.5
83.5
137.5
103.0
37.0
176.5
242.5
229.0
104.5
34.0
250.0
265.0
131.5
157.0
257.5
50.5
94.0
95.5
245.5
110.5
16.0
95.5
115.0
133.0
103.0
112.0
121.0
104.5
64.0
101.5
272.5
85.0
80.5
59.5
125.5
41.5
85.0
308.5
149.5
110.5
224.5
7.0
170.5
284.5
88.0
133.0
80.5
323.5
71.5
95.5
53.5
181.0
47.5
79.0
197.5
248.5
41.5
230.5
32.5
214.0
67.0
160.0
116.5
50.5
47.5
80.5
64.0
107.5
100.0
38.5
148.0
67.0
118.0
173.5
79.0
229.0
116.5
416.5
191.5
118.0
151.0
212.5
182.5
232.0
179.5
100.0
13.0
194.5
130.0
202.0
172.0
145.0
334.0
173.5
80.5
58.0
124.0
149.5
44.5
256.0
146.5
241.0
29.5
106.0
127.0
73.0
70.0
70.0
29.5
142.0
25.0
103.0
173.5
260.5
80.5
94.0
232.0
191.5
148.0
112.0
293.5
157.0
161.5
71.5
38.5
58.0
115.0
152.5
226.0
196.0
104.5
169.0
64.0
20.5
71.5
80.5
125.5
211.0
124.0
62.5
61.0
76.0
106.0
236.5
100.0
44.5
296.5
176.5
191.5
260.5
104.5
29.5
64.0
16.0
47.5
104.5
82.0
41.5
104.5
28.0
212.5
136.0
89.5
311.5
139.0
158.5
190.0
151.0
85.0
73.0
100.0
286.0
116.5
188.5
95.5
46.0
119.5
112.0
113.5
212.5
53.5
253.0
173.5
229.0
179.5
85.0
158.5
109.0
169.0
74.5
142.0
70.0
137.5
152.5
310.0
41.5
61.0
106.0
197.5
157.0
110.5
44.5
116.5
67.0
43.0
194.5
101.5
158.5
43.0
97.0
127.0
124.0
118.0
35.5
29.5
217.0
178.0
263.5
76.0
139.0
67.0
47.5
103.0
214.0
197.5
113.5
91.0
197.5
76.0
95.5
100.0
188.5
37.0
119.5
29.5
52.0
80.5
109.0
220.0
100.0
14.5
115.0
98.5
139.0
202.0
131.5
136.0
83.5
251.5
154.0
110.5
17.5
208.0
116.5
20.5
38.5
53.5
97.0
121.0
148.0
218.5
143.5
112.0
254.5
130.0
88.0
29.5
92.5
35.5
31.0
317.5
94.0
71.5
304.0
83.5
92.5
103.0
388.0
167.5
304.0
58.0
257.5
89.5
152.5
248.5
191.5
179.5
52.0
88.0
388.0
82.0
104.5
89.5
95.5
64.0
50.5
221.5
109.0
59.5
143.5
142.0
109.0
127.0
236.5
74.5
37.0
19.0
160.0
19.0
38.5
89.5
152.5
19.0
230.5
16.0
106.0
166.0
103.0
53.5
224.5
185.5
173.5
52.0
173.5
61.0
11.5
61.0
100.0
76.0
77.5
172.0
82.0
98.5
49.0
175.0
116.5
40.0
175.0
65.5
62.5
56.5
31.0
82.0
161.5
139.0
35.5
149.5
85.0
79.0
46.0
233.5
89.5
110.5
133.0
184.0
29.5
133.0
56.5
76.0
38.5
94.0
145.0
310.0
260.5
98.5
148.0
115.0
143.5
58.0
25.0
101.5
139.0
62.5
145.0
17.5
272.5
176.5
184.0
151.0
97.0
59.5
157.0
82.0
193.0
182.5
113.5
239.5
110.5
116.5
94.0
112.0
98.5
242.5
82.0
362.5
37.0
124.0
85.0
85.0
29.5
214.0
44.5
235.0
106.0
202.0
28.0
373.0
38.5
353.5
65.5
133.0
29.5
79.0
113.5
184.0
109.0
50.5
11.5
133.0
68.5
41.5
88.0
112.0
187.0
161.5
43.0
47.5
20.5
133.0
79.0
109.0
85.0
68.5
125.5
58.0
140.5
110.5
175.0
191.5
140.5
64.0
53.5
103.0
197.5
14.5
205.0
65.5
20.5
56.5
74.5
134.5
238.0
98.5
110.5
47.5
52.0
55.0
97.0
86.5
139.0
164.5
65.5
137.5
182.5
46.0
92.5
143.5
328.0
29.5
61.0
55.0
152.5
236.5
215.5
176.5
73.0
56.5
143.5
167.5
86.5
143.5
68.5
76.0
128.5
62.5
244.0
23.5
206.5
233.5
151.0
35.5
64.0
52.0
70.0
56.5
181.0
65.5
202.0
71.5
124.0
185.5
43.0
85.0
160.0
67.0
115.0
155.5
194.5
70.0
242.5
178.0
322.0
242.5
44.5
160.0
2.5
149.5
29.5
292.0
152.5
113.5
166.0
112.0
199.0
62.5
59.5
109.0
130.0
23.5
104.5
178.0
173.5
209.5
187.0
158.5
145.0
214.0
169.0
58.0
17.5
110.5
68.5
61.0
25.0
202.0
62.5
160.0
98.5
142.0
128.5
242.5
79.0
104.5
263.5
101.5
203.5
68.5
115.0
38.5
209.5
88.0
47.5
121.0
100.0
56.5
118.0
139.0
196.0
143.5
58.0
254.5
203.5
119.5
64.0
64.0
136.0
74.5
179.5
182.5
59.5
208.0
194.5
73.0
70.0
175.0
13.0
31.0
35.5
70.0
91.0
58.0
70.0
91.0
37.0
247.0
110.5
137.5
74.5
8.5
338.5
13.0
257.5
65.5
145.0
172.0
179.5
61.0
44.5
256.0
283.0
181.0
202.0
100.0
263.5
188.5
104.5
59.5
131.5
229.0
137.5
100.0
287.5
142.0
118.0
89.5
184.0
158.5
106.0
103.0
76.0
244.0
148.0
286.0
44.5
140.5
224.5
136.0
176.5
74.5
82.0
92.5
61.0
86.5
196.0
31.0
155.5
61.0
301.0
64.0
193.0
164.5
194.5
181.0
250.0
80.5
182.5
145.0
212.5
283.0
194.5
263.5
133.0
76.0
73.0
47.5
73.0
79.0
254.5
56.5
64.0
68.5
37.0
164.5
37.0
82.0
100.0
76.0
125.5
187.0
100.0
46.0
32.5
97.0
109.0
86.5
25.0
131.5
40.0
58.0
92.5
119.5
64.0
211.0
160.0
199.0
209.5
122.5
86.5
56.5
80.5
263.5
68.5
331.0
85.0
94.0
215.5
190.0
130.0
263.5
151.0
130.0
130.0
176.5
176.5
218.5
58.0
35.5
109.0
133.0
175.0
197.5
47.5
145.0
104.5
125.5
140.5
170.5
71.5
89.5
268.0
64.0
103.0
170.5
191.5
79.0
77.5
275.5
74.5
64.0
103.0
154.0
52.0
38.5
248.5
125.5
61.0
170.5
269.5
194.5
169.0
172.0
356.5
259.0
94.0
40.0
100.0
83.5
203.5
247.0
46.0
89.5
202.0
80.5
205.0
89.5
191.5
254.5
71.5
65.5
26.5
74.5
37.0
40.0
32.5
79.0
80.5
97.0
56.5
59.5
37.0
106.0
110.5
80.5
47.5
94.0
128.5
125.5
236.5
86.5
119.5
154.0
52.0
68.5
106.0
53.5
46.0
173.5
41.5
67.0
77.5
86.5
220.0
344.5
218.5
290.5
196.0
187.0
211.0
128.5
136.0
71.5
94.0
215.5
50.5
40.0
65.5
88.0
122.5
83.5
302.5
205.0
26.5
211.0
133.0
146.5
37.0
127.0
187.0
92.5
23.5
31.0
67.0
22.0
155.5
31.0
316.0
74.5
131.5
199.0
248.5
94.0
20.5
140.5
91.0
70.0
109.0
107.5
68.5
173.5
25.0
62.5
53.5
47.5
101.5
97.0
86.5
121.0
205.0
91.0
140.5
46.0
116.5
241.0
59.5
100.0
113.5
133.0
14.5
67.0
205.0
113.5
298.0
47.5
103.0
83.5
40.0
112.0
148.0
250.0
70.0
56.5
137.5
37.0
7.0
116.5
125.5
197.5
43.0
35.5
71.5
100.0
134.5
40.0
65.5
5.5
137.5
112.0
169.0
67.0
124.0
70.0
181.0
116.5
161.5
175.0
65.5
170.5
236.5
61.0
184.0
46.0
196.0
67.0
271.0
64.0
322.0
230.5
257.5
50.5
47.5
89.5
218.5
224.5
98.5
145.0
211.0
88.0
259.0
104.5
134.5
103.0
26.5
71.5
59.5
122.5
95.5
134.5
245.5
50.5
136.0
173.5
167.5
68.5
85.0
358.0
101.5
88.0
13.0
172.0
47.5
107.5
178.0
65.5
91.0
235.0
136.0
101.5
37.0
59.5
71.5
59.5
217.0
70.0
118.0
14.5
253.0
133.0
139.0
142.0
53.5
83.5
77.5
44.5
19.0
131.5
257.5
95.5
145.0
38.5
32.5
211.0
190.0
80.5
131.5
221.5
148.0
107.5
91.0
170.5
148.0
187.0
121.0
104.5
88.0
179.5
113.5
164.5
142.0
154.0
238.0
155.5
61.0
220.0
59.5
64.0
29.5
154.0
248.5
202.0
257.5
214.0
110.5
95.5
113.5
128.5
211.0
100.0
172.0
154.0
155.5
277.0
127.0
50.5
103.0
134.5
113.5
137.5
89.5
55.0
151.0
67.0
53.5
77.5
160.0
337.0
307.0
47.5
92.5
149.5
55.0
107.5
140.5
167.5
44.5
98.5
101.5
194.5
190.0
70.0
49.0
92.5
101.5
97.0
74.5
158.5
73.0
100.0
142.0
97.0
112.0
218.5
251.5
280.0
170.5
152.5
190.0
182.5
127.0
190.0
26.5
106.0
37.0
112.0
283.0
214.0
16.0
119.5
83.5
143.5
113.5
262.0
164.5
95.5
155.5
143.5
136.0
241.0
71.5
109.0
119.5
154.0
59.5
116.5
241.0
280.0
112.0
23.5
16.0
133.0
34.0
76.0
35.5
94.0
49.0
151.0
184.0
142.0
19.0
157.0
95.5
47.5
107.5
139.0
182.5
166.0
43.0
118.0
172.0
160.0
115.0
71.5
184.0
136.0
164.5
176.5
163.0
46.0
116.5
145.0
149.5
98.5
187.0
28.0
113.5
173.5
139.0
95.5
79.0
341.5
128.5
56.5
262.0
68.5
130.0
116.5
241.0
65.5
79.0
25.0
67.0
88.0
41.5
209.5
80.5
104.5
8.5
164.5
97.0
70.0
107.5
82.0
58.0
197.5
190.0
53.5
103.0
95.5
305.5
35.5
44.5
209.5
226.0
43.0
152.5
169.0
52.0
244.0
70.0
194.5
56.5
215.5
38.5
86.5
7.0
104.5
98.5
124.0
161.5
146.5
101.5
194.5
85.0
373.0
118.0
224.5
367.0
47.5
94.0
73.0
83.5
95.5
116.5
67.0
97.0
286.0
229.0
64.0
88.0
92.5
164.5
172.0
256.0
98.5
31.0
85.0
104.5
158.5
112.0
131.5
175.0
284.5
217.0
191.5
94.0
104.5
124.0
157.0
56.5
220.0
304.0
92.5
142.0
85.0
58.0
199.0
92.5
127.0
178.0
173.5
83.5
401.5
119.5
67.0
64.0
103.0
139.0
107.5
80.5
112.0
205.0
88.0
35.5
22.0
67.0
86.5
98.5
236.5
77.5
70.0
182.5
55.0
239.5
319.0
211.0
82.0
40.0
149.5
208.0
80.5
259.0
236.5
194.5
155.5
86.5
17.5
61.0
209.5
191.5
94.0
181.0
130.0
52.0
86.5
56.5
79.0
100.0
143.5
193.0
116.5
86.5
145.0
37.0
164.5
103.0
38.5
194.5
125.5
179.5
101.5
104.5
58.0
104.5
140.5
151.0
23.5
61.0
119.5
281.5
5.5
86.5
97.0
194.5
214.0
82.0
127.0
91.0
173.5
43.0
173.5
137.5
226.0
127.0
92.5
148.0
77.5
167.5
77.5
41.5
272.5
49.0
236.5
113.5
61.0
289.0
131.5
217.0
154.0
53.5
25.0
172.0
133.0
127.0
56.5
103.0
95.5
80.5
251.5
118.0
380.5
148.0
347.5
25.0
47.5
248.5
103.0
166.0
52.0
208.0
157.0
161.5
101.5
149.5
34.0
95.5
211.0
230.5
41.5
115.0
125.5
85.0
94.0
185.5
101.5
133.0
59.5
34.0
265.0
92.5
40.0
89.5
59.5
238.0
91.0
52.0
35.5
70.0
275.5
242.5
325.0
70.0
79.0
166.0
167.5
305.5
400.0
61.0
236.5
178.0
97.0
140.5
191.5
169.0
23.5
109.0
227.5
74.5
115.0
143.5
53.5
172.0
284.5
94.0
65.5
191.5
178.0
181.0
178.0
148.0
79.0
203.5
224.5
92.5
76.0
52.0
22.0
128.5
50.5
31.0
89.5
43.0
220.0
98.5
64.0
175.0
98.5
98.5
62.5
76.0
20.5
34.0
103.0
100.0
82.0
80.5
181.0
166.0
55.0
95.5
47.5
28.0
133.0
203.5
11.5
193.0
61.0
149.5
74.5
116.5
217.0
74.5
68.5
67.0
53.5
122.5
47.5
233.5
148.0
47.5
151.0
217.0
19.0
346.0
211.0
92.5
50.5
176.5
80.5
115.0
295.0
205.0
109.0
109.0
103.0
191.5
97.0
313.0
37.0
187.0
146.5
70.0
218.5
169.0
49.0
119.5
106.0
70.0
208.0
160.0
187.0
83.5
29.5
86.5
55.0
101.5
91.0
214.0
208.0
55.0
2.5
104.5
68.5
253.0
167.5
86.5
230.5
242.5
116.5
119.5
175.0
91.0
85.0
35.5
173.5
266.5
79.0
155.5
191.5
131.5
253.0
167.5
94.0
59.5
124.0
245.5
98.5
209.5
239.5
232.0
82.0
43.0
220.0
44.5
98.5
104.5
113.5
76.0
65.5
116.5
163.0
148.0
119.5
175.0
80.5
20.5
97.0
262.0
157.0
61.0
92.5
89.5
109.0
181.0
52.0
92.5
158.5
124.0
142.0
76.0
32.5
131.5
83.5
55.0
130.0
76.0
172.0
71.5
46.0
202.0
49.0
182.5
124.0
85.0
19.0
203.5
118.0
79.0
140.5
38.5
115.0
67.0
164.5
89.5
103.0
218.5
256.0
116.5
32.5
101.5
14.5
107.5
130.0
215.5
110.5
85.0
25.0
101.5
47.5
151.0
103.0
80.5
193.0
155.5
50.5
107.5
194.5
244.0
22.0
83.5
121.0
46.0
209.5
169.0
110.5
230.5
89.5
146.5
26.5
76.0
55.0
121.0
122.5
82.0
70.0
107.5
47.5
77.5
131.5
64.0
242.5
130.0
25.0
112.0
58.0
92.5
121.0
224.5
232.0
62.5
76.0
88.0
95.5
92.5
38.5
59.5
101.5
121.0
79.0
98.5
202.0
73.0
62.5
85.0
56.5
67.0
281.5
118.0
91.0
193.0
280.0
20.5
308.5
70.0
142.0
32.5
59.5
286.0
187.0
64.0
140.5
37.0
163.0
268.0
148.0
100.0
94.0
31.0
182.5
26.5
154.0
182.5
286.0
166.0
32.5
137.5
121.0
241.0
61.0
127.0
124.0
47.5
206.5
71.5
202.0
161.5
56.5
11.5
79.0
91.0
110.5
2.5
61.0
64.0
46.0
82.0
158.5
56.5
442.0
113.5
107.5
76.0
107.5
86.5
71.5
74.5
134.5
80.5
260.5
37.0
56.5
268.0
178.0
109.0
92.5
169.0
343.0
152.5
82.0
158.5
82.0
110.5
206.5
116.5
52.0
67.0
266.5
70.0
478.0
74.5
101.5
223.0
119.5
61.0
67.0
127.0
85.0
74.5
149.5
55.0
179.5
242.5
76.0
55.0
31.0
245.5
166.0
314.5
70.0
184.0
127.0
293.5
292.0
188.5
113.5
101.5
139.0
32.5
143.5
131.5
259.0
56.5
106.0
223.0
199.0
269.5
34.0
133.0
34.0
23.5
38.5
77.5
52.0
115.0
161.5
40.0
119.5
232.0
112.0
119.5
164.5
19.0
182.5
31.0
61.0
121.0
62.5
68.5
74.5
248.5
71.5
100.0
199.0
100.0
71.5
55.0
119.5
172.0
55.0
145.0
70.0
157.0
85.0
77.5
65.5
76.0
212.5
68.5
83.5
67.0
94.0
70.0
119.5
115.0
35.5
52.0
4.0
79.0
167.5
103.0
107.5
179.5
188.5
179.5
115.0
254.5
88.0
187.0
133.0
19.0
94.0
46.0
82.0
205.0
254.5
317.5
113.5
158.5
47.5
89.5
143.5
85.0
77.5
50.5
272.5
152.5
109.0
161.5
143.5
98.5
128.5
89.5
106.0
158.5
136.0
50.5
146.5
68.5
212.5
136.0
85.0
140.5
67.0
202.0
107.5
119.5
113.5
38.5
61.0
131.5
142.0
41.5
197.5
301.0
188.5
127.0
325.0
164.5
55.0
221.5
34.0
128.5
217.0
55.0
88.0
80.5
233.5
151.0
130.0
74.5
101.5
104.5
49.0
97.0
187.0
103.0
242.5
65.5
97.0
196.0
85.0
145.0
125.5
245.5
124.0
49.0
83.5
181.0
100.0
31.0
161.5
143.5
181.0
112.0
61.0
176.5
206.5
80.5
92.5
124.0
77.5
136.0
86.5
82.0
350.5
73.0
187.0
110.5
50.5
164.5
91.0
271.0
146.5
70.0
167.5
122.5
112.0
320.5
191.5
121.0
127.0
122.5
137.5
98.5
223.0
137.5
232.0
52.0
127.0
25.0
158.5
308.5
100.0
86.5
62.5
58.0
85.0
19.0
152.5
146.5
64.0
46.0
178.0
173.5
118.0
116.5
46.0
55.0
61.0
106.0
73.0
278.5
211.0
106.0
70.0
