788.5
214.0
830.5
359.5
544.0
506.5
392.5
533.5
514.0
821.5
442.0
475.0
547.0
616.0
592.0
475.0
391.0
377.5
412.0
643.0
383.5
593.5
707.5
838.0
809.5
445.0
601.0
650.5
518.5
466.0
443.5
664.0
586.0
874.0
578.5
280.0
508.0
779.5
695.5
844.0
658.0
598.0
823.0
616.0
379.0
700.0
752.5
254.5
677.5
349.0
659.5
245.5
560.5
361.0
584.5
617.5
307.0
794.5
421.0
610.0
506.5
505.0
728.5
727.0
674.5
707.5
308.5
229.0
314.5
524.5
173.5
761.5
676.0
178.0
562.0
316.0
671.5
743.5
770.5
787.0
625.0
769.0
178.0
742.0
677.5
425.5
592.0
145.0
242.5
326.5
739.0
589.0
178.0
610.0
839.5
544.0
514.0
814.0
460.0
824.5
413.5
781.0
316.0
650.5
746.5
854.5
740.5
302.5
542.5
548.5
268.0
742.0
188.5
754.0
617.5
137.5
748.0
457.0
113.5
479.5
604.0
455.5
428.5
683.5
236.5
203.5
761.5
763.0
689.5
778.0
485.5
394.0
310.0
661.0
430.0
718.0
325.0
650.5
728.5
575.5
811.0
785.5
710.5
458.5
593.5
614.5
245.5
449.5
839.5
638.5
133.0
236.5
608.5
478.0
647.5
752.5
526.0
299.5
602.5
829.0
431.5
461.5
740.5
613.0
733.0
74.5
599.5
190.0
650.5
731.5
719.5
287.5
625.0
671.5
644.5
625.0
260.5
424.0
305.5
251.5
787.0
166.0
505.0
445.0
779.5
593.5
770.5
715.0
757.0
811.0
305.5
544.0
616.0
232.0
743.5
274.0
634.0
694.0
752.5
596.5
733.0
791.5
608.5
607.0
149.5
299.5
656.5
238.0
541.0
874.0
653.5
740.5
505.0
790.0
746.5
169.0
763.0
617.5
797.5
479.5
719.5
376.0
791.5
698.5
875.5
853.0
776.5
565.0
601.0
163.0
119.5
623.5
278.5
392.5
697.0
463.0
502.0
451.0
254.5
733.0
854.5
671.5
79.0
796.0
214.0
715.0
464.5
415.0
637.0
529.0
95.5
127.0
697.0
706.0
643.0
209.5
659.5
689.5
472.0
188.5
535.0
73.0
787.0
350.5
604.0
242.5
484.0
760.0
647.5
779.5
790.0
761.5
751.0
419.5
278.5
395.5
356.5
413.5
802.0
343.0
508.0
727.0
281.5
706.0
352.0
662.5
524.5
769.0
554.5
589.0
715.0
527.5
824.5
709.0
781.0
259.0
653.5
517.0
503.5
724.0
496.0
541.0
697.0
818.5
665.5
739.0
661.0
383.5
787.0
695.5
848.5
569.5
455.5
530.5
614.5
482.5
677.5
679.0
710.5
155.5
443.5
652.0
508.0
406.0
695.5
622.0
839.5
551.5
652.0
647.5
212.5
815.5
860.5
263.5
623.5
191.5
685.0
730.0
604.0
389.5
658.0
770.5
710.5
604.0
334.0
214.0
652.0
527.5
754.0
674.5
170.5
413.5
176.5
755.5
692.5
233.5
842.5
551.5
704.5
248.5
209.5
479.5
484.0
790.0
538.0
832.0
503.5
511.0
688.0
268.0
755.5
88.0
130.0
653.5
589.0
706.0
461.5
545.5
400.0
419.5
446.5
827.5
235.0
97.0
722.5
617.5
292.0
701.5
688.0
668.5
727.0
448.0
622.0
829.0
665.5
371.5
707.5
139.0
635.5
617.5
224.5
644.5
437.5
242.5
646.0
314.5
649.0
437.5
613.0
686.5
718.0
181.0
431.5
715.0
697.0
754.0
595.0
860.5
679.0
751.0
644.5
716.5
667.0
607.0
241.0
860.5
820.0
475.0
493.0
448.0
544.0
176.5
622.0
695.5
671.5
625.0
749.5
508.0
668.5
706.0
679.0
860.5
860.5
752.5
647.5
704.5
280.0
806.5
667.0
721.0
620.5
697.0
827.5
142.0
790.0
520.0
737.5
631.0
392.5
599.5
724.0
514.0
811.0
724.0
539.5
391.0
511.0
670.0
581.5
647.5
610.0
659.5
316.0
679.0
722.5
487.0
287.5
355.0
635.5
115.0
638.5
538.0
361.0
403.0
506.5
746.5
344.5
610.0
434.5
790.0
763.0
619.0
142.0
733.0
410.5
619.0
763.0
605.5
724.0
614.5
733.0
683.5
286.0
769.0
530.5
365.5
661.0
626.5
824.5
662.5
590.5
181.0
803.5
604.0
557.5
736.0
811.0
245.5
700.0
403.0
724.0
776.5
742.0
466.0
640.0
646.0
784.0
673.0
715.0
821.5
607.0
605.5
751.0
200.5
724.0
257.5
584.5
754.0
364.0
151.0
571.0
539.5
575.5
425.5
760.0
812.5
554.5
463.0
752.5
659.5
749.5
608.5
145.0
230.5
632.5
221.5
280.0
805.0
748.0
719.5
350.5
292.0
481.0
403.0
860.5
766.0
242.5
478.0
505.0
646.0
181.0
103.0
785.5
206.5
451.0
158.5
130.0
743.5
268.0
530.5
863.5
703.0
749.5
715.0
73.0
743.5
397.0
598.0
493.0
355.0
350.5
620.5
580.0
749.5
700.0
461.5
713.5
595.0
343.0
418.0
103.0
437.5
170.5
629.5
673.0
392.5
767.5
631.0
233.5
49.0
706.0
728.5
796.0
575.5
382.0
452.5
728.5
334.0
658.0
731.5
736.0
589.0
746.5
580.0
73.0
733.0
566.5
145.0
380.5
413.5
491.5
382.0
344.5
598.0
745.0
412.0
575.5
820.0
650.5
769.0
509.5
148.0
754.0
506.5
742.0
727.0
770.5
664.0
757.0
301.0
418.0
554.5
773.5
65.5
742.0
244.0
445.0
511.0
878.5
610.0
188.5
526.0
508.0
689.5
226.0
703.0
314.5
656.5
764.5
487.0
500.5
428.5
704.5
289.0
67.0
800.5
200.5
151.0
188.5
727.0
434.5
617.5
734.5
779.5
637.0
469.0
721.0
737.5
571.0
610.0
677.5
400.0
809.5
821.5
698.5
634.0
451.0
457.0
733.0
664.0
779.5
328.0
451.0
638.5
268.0
631.0
563.5
688.0
814.0
683.5
673.0
656.5
691.0
658.0
745.0
697.0
706.0
194.5
241.0
430.0
748.0
785.5
563.5
434.5
160.0
653.5
754.0
614.5
790.0
166.0
778.0
518.5
589.0
296.5
181.0
71.5
569.5
578.5
461.5
718.0
737.5
509.5
550.0
595.0
122.5
356.5
226.0
65.5
196.0
683.5
368.5
614.5
296.5
769.0
124.0
386.5
409.0
823.0
778.0
545.5
584.5
797.5
814.0
217.0
586.0
80.5
566.5
395.5
632.5
692.5
217.0
826.0
430.0
767.5
803.5
442.0
650.5
644.5
320.5
262.0
691.0
523.0
716.5
698.5
703.0
703.0
701.5
421.0
256.0
328.0
103.0
715.0
163.0
131.5
670.0
211.0
154.0
391.0
373.0
685.0
742.0
761.5
418.0
173.5
362.5
142.0
667.0
883.0
694.0
593.5
745.0
508.0
647.5
601.0
190.0
143.5
751.0
620.5
215.5
407.5
194.5
704.5
823.0
640.0
655.0
535.0
392.5
185.5
670.0
578.5
406.0
688.0
490.0
496.0
136.0
805.0
761.5
448.0
194.5
422.5
683.5
689.5
131.5
353.5
736.0
728.5
220.0
545.5
155.5
721.0
163.0
512.5
238.0
791.5
698.5
668.5
781.0
835.0
808.0
733.0
353.5
578.5
545.5
838.0
590.5
652.0
826.0
659.5
734.5
467.5
569.5
112.0
539.5
715.0
133.0
704.5
206.5
746.5
560.5
661.0
736.0
290.5
610.0
374.5
427.0
748.0
383.5
602.5
58.0
524.5
221.5
566.5
655.0
590.5
416.5
209.5
676.0
533.5
659.5
493.0
91.0
782.5
691.0
182.5
389.5
181.0
203.5
419.5
631.0
736.0
583.0
509.5
449.5
34.0
322.0
545.5
712.0
586.0
464.5
277.0
404.5
791.5
818.5
709.0
725.5
791.5
763.0
125.5
815.5
665.5
664.0
782.5
614.5
254.5
442.0
733.0
595.0
604.0
610.0
719.5
220.0
355.0
550.0
593.5
610.0
286.0
367.0
730.0
379.0
496.0
550.0
847.0
569.5
118.0
587.5
716.5
626.5
430.0
653.5
685.0
694.0
679.0
467.5
736.0
310.0
629.5
350.5
250.0
767.5
710.5
773.5
337.0
467.5
139.0
511.0
727.0
710.5
766.0
440.5
500.5
734.5
325.0
484.0
454.0
716.5
754.0
281.5
625.0
496.0
793.0
632.5
590.5
469.0
524.5
635.5
661.0
703.0
629.5
787.0
367.0
617.5
328.0
775.0
818.5
701.5
698.5
662.5
718.0
794.5
652.0
187.0
473.5
737.5
37.0
824.5
761.5
457.0
203.5
685.0
598.0
737.5
641.5
812.5
721.0
139.0
554.5
746.5
406.0
625.0
668.5
695.5
206.5
748.0
668.5
688.0
694.0
602.5
425.5
751.0
490.0
286.0
605.5
158.5
472.0
580.0
275.5
695.5
199.0
784.0
595.0
559.0
485.5
212.5
730.0
815.5
121.0
634.0
796.0
656.5
661.0
782.5
688.0
284.5
275.5
617.5
331.0
845.5
674.5
605.5
371.5
838.0
212.5
754.0
86.5
473.5
745.0
823.0
352.0
797.5
412.0
656.5
304.0
713.5
158.5
728.5
688.0
347.5
575.5
652.0
428.5
466.0
551.5
178.0
802.0
628.0
277.0
571.0
236.5
733.0
223.0
304.0
833.5
352.0
658.0
289.0
736.0
779.5
592.0
466.0
688.0
889.0
572.5
241.0
643.0
634.0
797.5
841.0
806.5
173.5
848.5
784.0
787.0
752.5
362.5
46.0
335.5
616.0
557.5
751.0
766.0
245.5
823.0
677.5
827.5
286.0
695.5
743.5
746.5
478.0
713.5
545.5
662.5
88.0
635.5
316.0
376.0
704.5
290.5
676.0
799.0
634.0
653.5
827.5
716.5
700.0
584.5
704.5
424.0
322.0
721.0
773.5
673.0
610.0
557.5
677.5
226.0
908.5
716.5
503.5
313.0
731.5
221.5
602.5
614.5
689.5
679.0
649.0
670.0
838.0
410.5
706.0
770.5
680.5
574.0
176.5
623.5
635.5
646.0
284.5
565.0
352.0
518.5
572.5
787.0
458.5
641.5
184.0
620.5
446.5
689.5
586.0
679.0
625.0
299.5
739.0
466.0
737.5
766.0
791.5
550.0
89.5
682.0
476.5
566.5
547.0
737.5
301.0
544.0
112.0
662.5
679.0
658.0
371.5
284.5
394.0
773.5
427.0
143.5
509.5
295.0
437.5
731.5
775.0
658.0
458.5
385.0
323.5
679.0
844.0
596.5
397.0
313.0
581.5
701.5
793.0
826.0
790.0
430.0
721.0
326.5
602.5
247.0
742.0
833.5
571.0
671.5
751.0
746.5
260.5
380.5
473.5
641.5
800.5
476.5
802.0
746.5
694.0
653.5
88.0
791.5
178.0
580.0
773.5
250.0
749.5
784.0
568.0
583.0
848.5
533.5
229.0
202.0
502.0
715.0
856.0
706.0
736.0
766.0
169.0
649.0
841.0
646.0
578.5
767.5
574.0
760.0
416.5
754.0
427.0
367.0
109.0
586.0
685.0
671.5
406.0
515.5
310.0
122.5
568.0
685.0
782.5
593.5
715.0
679.0
749.5
713.5
353.5
823.0
70.0
736.0
829.0
560.5
259.0
697.0
590.5
274.0
346.0
377.5
635.5
760.0
304.0
547.0
391.0
554.5
772.0
683.5
241.0
551.5
719.5
299.5
652.0
617.5
784.0
452.5
695.5
149.5
677.5
532.0
643.0
670.0
133.0
821.5
352.0
800.5
514.0
766.0
476.5
616.0
578.5
478.0
314.5
556.0
826.0
131.5
170.5
526.0
128.5
239.5
406.0
560.5
698.5
553.0
680.5
496.0
436.0
239.5
724.0
568.0
400.0
584.5
733.0
724.0
511.0
766.0
772.0
383.5
790.0
841.0
865.0
724.0
296.5
760.0
368.5
359.5
527.5
821.5
518.5
728.5
635.5
679.0
571.0
631.0
742.0
560.5
395.5
586.0
173.5
668.5
650.5
772.0
704.5
260.5
206.5
136.0
334.0
515.5
742.0
745.0
635.5
604.0
692.5
403.0
586.0
167.5
319.0
683.5
410.5
674.5
784.0
835.0
607.0
751.0
520.0
664.0
503.5
782.5
241.0
178.0
724.0
662.5
604.0
697.0
853.0
487.0
772.0
632.5
299.5
712.0
410.5
748.0
704.5
583.0
397.0
734.5
376.0
712.0
647.5
745.0
427.0
881.5
785.5
364.0
757.0
707.5
404.5
551.5
736.0
161.5
692.5
367.0
581.5
713.5
749.5
767.5
715.0
415.0
236.5
581.5
419.5
503.5
854.5
680.5
661.0
688.0
709.0
593.5
386.5
79.0
727.0
727.0
380.5
544.0
754.0
787.0
608.5
634.0
700.0
854.5
643.0
724.0
844.0
521.5
715.0
781.0
107.5
625.0
527.5
803.5
688.0
565.0
398.5
647.5
482.5
721.0
388.0
746.5
739.0
160.0
833.5
679.0
697.0
152.5
671.5
506.5
523.0
665.5
728.5
862.0
268.0
853.0
725.5
676.0
653.5
697.0
151.0
533.5
356.5
665.5
791.5
799.0
208.0
779.5
815.5
445.0
362.5
364.0
791.5
668.5
610.0
484.0
571.0
839.5
691.0
557.5
652.0
772.0
547.0
727.0
758.5
106.0
203.5
124.0
577.0
604.0
746.5
404.5
176.5
580.0
482.5
343.0
734.5
571.0
176.5
779.5
206.5
398.5
710.5
685.0
629.5
295.0
736.0
631.0
220.0
740.5
469.0
668.5
788.5
380.5
739.0
769.0
380.5
475.0
500.5
169.0
706.0
436.0
404.5
550.0
482.5
632.5
260.5
601.0
262.0
835.0
572.5
472.0
110.5
701.5
586.0
742.0
572.5
743.5
869.5
683.5
434.5
397.0
784.0
229.0
530.5
626.5
671.5
688.0
442.0
818.5
842.5
785.5
215.5
568.0
755.5
643.0
656.5
844.0
598.0
716.5
727.0
443.5
685.0
428.5
374.5
509.5
598.0
608.5
788.5
589.0
745.0
718.0
443.5
718.0
305.5
712.0
329.5
688.0
502.0
740.5
230.5
160.0
800.5
791.5
434.5
647.5
772.0
653.5
556.0
707.5
370.0
850.0
469.0
733.0
694.0
689.5
313.0
541.0
587.5
292.0
623.5
226.0
820.0
560.5
689.5
463.0
271.0
446.5
533.5
745.0
562.0
835.0
857.5
506.5
254.5
608.5
76.0
647.5
827.5
706.0
610.0
709.0
332.5
622.0
704.5
560.5
695.5
652.0
830.5
634.0
67.0
625.0
608.5
679.0
836.5
428.5
302.5
734.5
835.0
881.5
218.5
694.0
854.5
530.5
728.5
704.5
646.0
311.5
710.5
472.0
433.0
269.5
473.5
589.0
601.0
632.5
739.0
343.0
109.0
311.5
457.0
170.5
659.5
520.0
122.5
512.5
562.0
431.5
659.5
530.5
577.0
590.5
653.5
712.0
578.5
724.0
427.0
61.0
703.0
58.0
652.0
811.0
713.5
562.0
739.0
638.5
809.5
424.0
590.5
293.5
181.0
733.0
629.5
739.0
476.5
767.5
187.0
410.5
503.5
761.5
670.0
748.0
458.5
803.5
431.5
809.5
731.5
689.5
559.0
479.5
287.5
53.5
452.5
359.5
221.5
505.0
518.5
166.0
574.0
488.5
71.5
643.0
658.0
593.5
698.5
691.0
206.5
665.5
251.5
715.0
443.5
98.5
271.0
524.5
631.0
614.5
847.0
799.0
388.0
535.0
676.0
638.5
491.5
407.5
686.5
656.5
488.5
523.0
667.0
739.0
373.0
599.5
265.0
767.5
533.5
202.0
673.0
622.0
757.0
787.0
821.5
641.5
539.5
862.0
667.0
31.0
709.0
766.0
176.5
575.5
844.0
179.5
743.5
392.5
695.5
571.0
739.0
649.0
631.0
421.0
340.0
725.5
691.0
578.5
658.0
247.0
94.0
424.0
692.5
602.5
601.0
410.5
152.5
788.5
278.5
502.0
403.0
782.5
632.5
641.5
287.5
698.5
683.5
653.5
767.5
466.0
643.0
665.5
248.5
799.0
556.0
772.0
638.5
712.0
772.0
686.5
715.0
715.0
239.5
785.5
358.0
649.0
637.0
715.0
728.5
206.5
475.0
548.5
247.0
566.5
586.0
731.5
184.0
334.0
706.0
815.5
446.5
665.5
602.5
662.5
517.0
187.0
850.0
514.0
148.0
346.0
716.5
818.5
700.0
113.5
677.5
455.5
694.0
152.5
421.0
169.0
809.5
131.5
275.5
260.5
347.5
734.5
493.0
647.5
373.0
593.5
175.0
683.5
323.5
721.0
109.0
709.0
674.5
281.5
718.0
571.0
680.5
787.0
338.5
602.5
665.5
137.5
808.0
310.0
463.0
659.5
145.0
796.0
184.0
701.5
388.0
815.5
857.5
712.0
752.5
716.5
563.5
625.0
565.0
770.5
649.0
223.0
587.5
676.0
703.0
439.0
49.0
769.0
890.5
686.5
292.0
181.0
772.0
755.5
601.0
188.5
548.5
523.0
617.5
766.0
769.0
614.5
658.0
583.0
685.0
665.5
736.0
856.0
308.5
461.5
673.0
508.0
209.5
275.5
551.5
692.5
524.5
439.0
802.0
643.0
332.5
634.0
224.5
809.5
845.5
403.0
344.5
217.0
587.5
233.5
724.0
599.5
577.0
820.0
652.0
323.5
809.5
788.5
466.0
598.0
535.0
607.0
217.0
457.0
331.0
809.5
490.0
728.5
605.5
701.5
565.0
275.5
409.0
647.5
758.5
511.0
848.5
289.0
509.5
599.5
392.5
880.0
679.0
386.5
491.5
610.0
611.5
743.5
535.0
742.0
167.5
769.0
530.5
580.0
547.0
740.5
293.5
262.0
323.5
713.5
583.0
611.5
217.0
619.0
610.0
421.0
227.5
835.0
499.0
781.0
665.5
628.0
347.5
779.5
260.5
160.0
316.0
170.5
586.0
763.0
763.0
628.0
382.0
823.0
740.5
542.5
635.5
679.0
830.5
587.5
608.5
721.0
667.0
563.5
787.0
620.5
110.5
436.0
782.5
577.0
836.5
848.5
169.0
293.5
625.0
478.0
592.0
662.5
731.5
506.5
635.5
811.0
613.0
514.0
307.0
305.5
736.0
800.5
725.5
424.0
746.5
496.0
500.5
713.5
347.5
536.5
718.0
182.5
752.5
406.0
317.5
617.5
389.5
449.5
709.0
439.0
739.0
365.5
202.0
247.0
181.0
709.0
658.0
781.0
757.0
653.5
838.0
508.0
524.5
401.5
212.5
652.0
592.0
851.5
523.0
158.5
289.0
817.0
752.5
722.5
322.0
602.5
232.0
337.0
851.5
890.5
772.0
617.5
719.5
838.0
752.5
461.5
611.5
691.0
388.0
854.5
202.0
802.0
439.0
569.5
667.0
427.0
571.0
764.5
394.0
769.0
637.0
394.0
551.5
572.5
803.5
697.0
494.5
100.0
362.5
749.5
827.5
685.0
611.5
610.0
565.0
773.5
643.0
788.5
610.0
412.0
373.0
409.0
614.5
649.0
142.0
548.5
779.5
712.0
146.5
436.0
797.5
754.0
649.0
745.0
740.5
58.0
508.0
613.0
650.5
404.5
337.0
335.5
718.0
787.0
83.5
178.0
272.5
695.5
493.0
719.5
298.0
565.0
172.0
563.5
553.0
728.5
209.5
359.5
698.5
191.5
664.0
509.5
641.5
529.0
49.0
419.5
439.0
634.0
686.5
860.5
118.0
659.5
446.5
686.5
754.0
782.5
718.0
515.5
739.0
353.5
739.0
416.5
824.5
208.0
418.0
326.5
700.0
538.0
683.5
806.5
688.0
682.0
515.5
836.5
145.0
766.0
791.5
34.0
668.5
761.5
212.5
113.5
394.0
199.0
670.0
98.5
707.5
89.5
802.0
695.5
712.0
418.0
758.5
652.0
335.5
688.0
806.5
179.5
620.5
622.0
437.5
703.0
487.0
577.0
487.0
755.5
203.5
809.5
700.0
583.0
799.0
316.0
767.5
620.5
233.5
499.0
529.0
764.5
772.0
311.5
761.5
382.0
200.5
515.5
755.5
629.5
751.0
791.5
668.5
776.5
439.0
866.5
305.5
578.5
713.5
709.0
823.0
640.0
541.0
499.0
392.5
370.0
698.5
631.0
667.0
656.5
754.0
773.5
467.5
608.5
439.0
688.0
757.0
628.0
656.5
707.5
289.0
229.0
706.0
787.0
772.0
620.5
823.0
452.5
706.0
665.5
592.0
169.0
631.0
242.5
772.0
746.5
871.0
685.0
182.5
415.0
275.5
160.0
560.5
166.0
634.0
691.0
583.0
386.5
296.5
593.5
556.0
730.0
656.5
484.0
511.0
523.0
676.0
610.0
785.5
190.0
199.0
505.0
808.0
715.0
481.0
494.5
505.0
175.0
457.0
389.5
677.5
340.0
814.0
631.0
824.5
761.5
116.5
812.5
614.5
674.5
625.0
661.0
427.0
766.0
599.5
785.5
673.0
209.5
673.0
248.5
806.5
713.5
427.0
646.0
476.5
247.0
521.5
797.5
827.5
745.0
395.5
682.0
791.5
283.0
364.0
281.5
875.5
209.5
491.5
679.0
131.5
373.0
779.5
779.5
664.0
667.0
691.0
365.5
599.5
869.5
697.0
221.5
142.0
464.5
763.0
803.5
161.5
202.0
218.5
613.0
713.5
106.0
209.5
595.0
473.5
719.5
488.5
79.0
686.5
157.0
301.0
745.0
814.0
697.0
212.5
793.0
415.0
484.0
767.5
569.5
731.5
217.0
691.0
710.5
166.0
787.0
748.0
607.0
673.0
316.0
440.5
704.5
97.0
146.5
394.0
628.0
773.5
739.0
169.0
625.0
697.0
643.0
379.0
194.5
743.5
565.0
797.5
623.5
598.0
371.5
722.5
326.5
343.0
641.5
179.5
604.0
754.0
664.0
779.5
418.0
581.5
299.5
350.5
709.0
472.0
664.0
275.5
379.0
694.0
814.0
692.5
737.5
613.0
616.0
787.0
742.0
497.5
482.5
779.5
734.5
334.0
553.0
730.0
785.5
749.5
253.0
653.5
176.5
862.0
358.0
536.5
640.0
98.5
644.5
820.0
295.0
706.0
643.0
496.0
676.0
728.5
742.0
776.5
281.5
611.5
287.5
215.5
656.5
700.0
686.5
346.0
577.0
763.0
325.0
686.5
574.0
800.5
667.0
688.0
586.0
728.5
625.0
191.5
794.5
808.0
572.5
89.5
650.5
394.0
739.0
118.0
595.0
230.5
785.5
676.0
527.5
680.5
574.0
508.0
524.5
721.0
833.5
767.5
490.0
380.5
691.0
445.0
455.5
274.0
490.0
671.5
332.5
467.5
623.5
709.0
104.5
644.5
752.5
614.5
586.0
305.5
715.0
668.5
179.5
592.0
491.5
389.5
109.0
260.5
676.0
773.5
767.5
560.5
571.0
175.0
188.5
454.0
433.0
797.5
692.5
415.0
392.5
233.5
320.5
677.5
752.5
562.0
754.0
637.0
557.5
416.5
664.0
584.5
742.0
674.5
739.0
773.5
242.5
239.5
455.5
266.5
463.0
530.5
283.0
251.5
761.5
424.0
572.5
647.5
569.5
362.5
550.0
623.5
725.5
563.5
572.5
254.5
602.5
647.5
499.0
740.5
583.0
536.5
734.5
181.0
637.0
373.0
179.5
449.5
658.0
535.0
550.0
649.0
538.0
359.5
776.5
532.0
662.5
739.0
712.0
577.0
641.5
550.0
766.0
335.5
823.0
683.5
707.5
572.5
616.0
154.0
419.5
686.5
401.5
286.0
335.5
806.5
446.5
830.5
650.5
220.0
125.5
664.0
782.5
824.5
790.0
175.0
46.0
458.5
413.5
596.5
607.0
430.0
553.0
91.0
122.5
283.0
572.5
667.0
656.5
767.5
448.0
848.5
542.5
704.5
368.5
451.0
392.5
649.0
737.5
251.5
559.0
745.0
599.5
488.5
361.0
257.5
748.0
839.5
676.0
577.0
785.5
734.5
739.0
769.0
800.5
502.0
407.5
856.0
334.0
574.0
805.0
778.0
655.0
806.5
404.5
844.0
739.0
788.5
466.0
769.0
413.5
407.5
743.5
811.0
605.5
715.0
770.5
691.0
746.5
547.0
691.0
602.5
347.5
752.5
521.5
805.0
832.0
803.5
152.5
589.0
832.0
794.5
677.5
680.5
575.5
40.0
92.5
794.5
815.5
719.5
455.5
194.5
574.0
673.0
730.0
692.5
518.5
244.0
518.5
520.0
424.0
212.5
278.5
302.5
253.0
59.5
788.5
313.0
407.5
547.0
614.5
656.5
740.5
671.5
667.0
587.5
800.5
91.0
760.0
587.5
245.5
847.0
674.5
736.0
676.0
445.0
205.0
361.0
347.5
586.0
161.5
782.5
568.0
37.0
349.0
221.5
629.5
367.0
448.0
658.0
727.0
737.5
617.5
536.5
769.0
382.0
610.0
671.5
508.0
586.0
776.5
730.0
128.5
98.5
808.0
161.5
676.0
293.5
715.0
560.5
485.5
346.0
704.5
721.0
700.0
223.0
166.0
577.0
445.0
571.0
245.5
470.5
511.0
313.0
374.5
523.0
709.0
785.5
211.0
277.0
109.0
268.0
772.0
869.5
749.5
664.0
856.0
808.0
763.0
727.0
542.5
686.5
356.5
878.5
323.5
446.5
344.5
727.0
701.5
566.5
533.5
494.5
745.0
644.5
731.5
547.0
358.0
811.0
260.5
176.5
767.5
718.0
430.0
830.5
416.5
178.0
508.0
719.5
152.5
782.5
241.0
431.5
511.0
698.5
695.5
685.0
595.0
425.5
689.5
544.0
638.5
443.5
784.0
125.5
782.5
505.0
652.0
178.0
412.0
755.5
658.0
536.5
668.5
359.5
625.0
538.0
616.0
353.5
628.0
443.5
731.5
533.5
721.0
404.5
791.5
400.0
397.0
208.0
628.0
704.5
694.0
569.5
215.5
706.0
347.5
464.5
536.5
692.5
629.5
595.0
199.0
712.0
704.5
644.5
836.5
361.0
760.0
401.5
485.5
625.0
734.5
671.5
578.5
715.0
688.0
728.5
208.0
236.5
826.0
835.0
670.0
760.0
208.0
650.5
689.5
364.0
527.5
430.0
260.5
643.0
110.5
133.0
584.5
424.0
596.5
709.0
353.5
760.0
691.0
659.5
680.5
674.5
302.5
542.5
752.5
446.5
715.0
454.0
118.0
130.0
577.0
257.5
754.0
698.5
658.0
526.0
665.5
179.5
637.0
154.0
182.5
797.5
229.0
347.5
766.0
775.0
95.5
670.0
742.0
616.0
689.5
673.0
670.0
305.5
706.0
520.0
590.5
284.5
701.5
334.0
646.0
398.5
749.5
635.5
740.5
482.5
332.5
493.0
521.5
154.0
467.5
677.5
526.0
719.5
616.0
326.5
203.5
848.5
686.5
557.5
317.5
677.5
791.5
788.5
199.0
553.0
484.0
502.0
841.0
662.5
37.0
568.0
563.5
325.0
697.0
412.0
742.0
145.0
512.5
433.0
803.5
812.5
281.5
604.0
745.0
146.5
739.0
529.0
784.0
703.0
686.5
433.0
532.0
556.0
595.0
800.5
707.5
577.0
314.5
140.5
397.0
479.5
763.0
466.0
469.0
737.5
587.5
598.0
841.0
598.0
835.0
443.5
242.5
679.0
562.0
325.0
505.0
217.0
694.0
368.5
713.5
842.5
530.5
674.5
224.5
815.5
308.5
665.5
730.0
713.5
296.5
850.0
193.0
587.5
713.5
217.0
788.5
493.0
326.5
548.5
667.0
532.0
625.0
764.5
157.0
670.0
586.0
671.5
284.5
439.0
494.5
311.5
391.0
616.0
226.0
440.5
491.5
586.0
362.5
461.5
694.0
767.5
737.5
650.5
374.5
329.5
719.5
502.0
736.0
305.5
766.0
470.5
623.5
568.0
785.5
637.0
701.5
259.0
520.0
467.5
877.0
575.5
734.5
607.0
356.5
773.5
683.5
551.5
676.0
553.0
847.0
610.0
437.5
710.5
749.5
695.5
835.0
238.0
347.5
691.0
406.0
728.5
578.5
718.0
638.5
683.5
565.0
521.5
392.5
679.0
646.0
743.5
364.0
626.5
439.0
139.0
79.0
829.0
166.0
236.5
418.0
755.5
770.5
839.5
386.5
812.5
770.5
280.0
46.0
463.0
683.5
655.0
448.0
424.0
370.0
616.0
467.5
728.5
833.5
379.0
560.5
758.5
808.0
479.5
694.0
785.5
275.5
704.5
544.0
539.5
319.0
644.5
151.0
479.5
775.0
604.0
661.0
371.5
203.5
820.0
434.5
691.0
623.5
497.5
223.0
592.0
688.0
200.5
860.5
52.0
73.0
518.5
620.5
607.0
175.0
203.5
722.5
539.5
334.0
362.5
778.0
122.5
604.0
500.5
605.5
524.5
454.0
655.0
251.5
212.5
286.0
772.0
422.5
386.5
550.0
763.0
659.5
811.0
341.5
752.5
781.0
784.0
764.5
208.0
721.0
173.5
538.0
370.0
637.0
616.0
598.0
458.5
499.0
214.0
334.0
734.5
578.5
623.5
329.5
532.0
214.0
523.0
743.5
269.5
692.5
520.0
547.0
734.5
134.5
578.5
139.0
563.5
776.5
548.5
469.0
731.5
766.0
725.5
782.5
760.0
779.5
244.0
673.0
230.5
653.5
713.5
565.0
674.5
667.0
500.5
877.0
233.5
574.0
754.0
539.5
124.0
796.0
226.0
641.5
451.0
529.0
643.0
716.5
319.0
337.0
206.5
256.0
602.5
556.0
745.0
533.5
641.5
713.5
680.5
805.0
545.5
301.0
533.5
842.5
701.5
583.0
503.5
232.0
796.0
623.5
551.5
692.5
181.0
721.0
310.0
814.0
344.5
373.0
664.0
580.0
509.5
466.0
764.5
79.0
356.5
779.5
736.0
761.5
484.0
677.5
695.5
680.5
88.0
602.5
311.5
784.0
562.0
706.0
212.5
617.5
815.5
494.5
752.5
304.0
592.0
127.0
691.0
367.0
731.5
764.5
775.0
620.5
634.0
236.5
359.5
235.0
767.5
802.0
722.5
793.0
641.5
575.5
871.0
697.0
542.5
596.5
605.5
776.5
847.0
713.5
523.0
317.5
431.5
659.5
781.0
823.0
376.0
746.5
431.5
448.0
67.0
329.5
559.0
760.0
499.0
530.5
691.0
683.5
637.0
470.5
794.5
815.5
257.5
778.0
260.5
701.5
53.5
496.0
379.0
713.5
653.5
337.0
605.5
755.5
370.0
748.0
247.0
140.5
377.5
790.0
203.5
692.5
848.5
509.5
158.5
64.0
523.0
89.5
703.0
587.5
457.0
422.5
811.0
515.5
694.0
385.0
385.0
647.5
502.0
269.5
580.0
404.5
772.0
772.0
733.0
565.0
574.0
752.5
607.0
544.0
715.0
707.5
547.0
637.0
80.5
464.5
593.5
371.5
565.0
713.5
740.5
484.0
694.0
614.5
742.0
499.0
652.0
668.5
490.0
695.5
721.0
805.0
280.0
469.0
751.0
772.0
671.5
700.0
736.0
1.0
499.0
686.5
430.0
713.5
547.0
178.0
272.5
562.0
743.5
565.0
424.0
598.0
692.5
403.0
550.0
724.0
695.5
502.0
236.5
607.0
323.5
653.5
134.5
673.0
607.0
620.5
173.5
616.0
673.0
590.5
467.5
673.0
326.5
776.5
500.5
745.0
110.5
359.5
697.0
571.0
634.0
434.5
805.0
614.5
799.0
524.5
169.0
767.5
455.5
734.5
350.5
178.0
272.5
128.5
200.5
751.0
667.0
295.0
406.0
544.0
373.0
565.0
574.0
779.5
559.0
542.5
227.5
581.5
688.0
698.5
806.5
853.0
737.5
256.0
368.5
691.0
295.0
475.0
770.5
788.5
658.0
701.5
142.0
817.0
707.5
689.5
869.5
458.5
134.5
395.5
691.0
569.5
445.0
556.0
227.5
739.0
686.5
451.0
524.5
269.5
530.5
214.0
308.5
580.0
299.5
530.5
683.5
775.0
775.0
746.5
526.0
643.0
710.5
596.5
622.0
271.0
418.0
46.0
677.5
817.0
278.5
295.0
557.5
197.5
667.0
457.0
223.0
214.0
182.5
839.5
557.5
250.0
677.5
520.0
835.0
764.5
335.5
832.0
265.0
346.0
761.5
754.0
517.0
799.0
707.5
749.5
518.5
698.5
100.0
665.5
581.5
473.5
557.5
250.0
64.0
340.0
749.5
64.0
523.0
491.5
169.0
764.5
539.5
629.5
313.0
350.5
697.0
641.5
547.0
577.0
245.5
295.0
748.0
320.5
805.0
532.0
463.0
535.0
680.5
656.5
755.5
505.0
406.0
419.5
484.0
593.5
506.5
424.0
586.0
613.0
367.0
389.5
692.5
170.5
536.5
566.5
274.0
677.5
665.5
193.0
716.5
838.0
667.0
574.0
760.0
620.5
539.5
245.5
239.5
563.5
710.5
739.0
473.5
568.0
154.0
508.0
655.0
781.0
514.0
722.5
770.5
499.0
769.0
85.0
796.0
260.5
776.5
722.5
146.5
559.0
296.5
847.0
713.5
814.0
583.0
542.5
584.5
362.5
191.5
410.5
740.5
355.0
542.5
598.0
197.5
761.5
746.5
326.5
754.0
769.0
608.5
464.5
751.0
668.5
734.5
817.0
749.5
625.0
317.5
772.0
559.0
559.0
265.0
589.0
334.0
601.0
592.0
598.0
707.5
668.5
713.5
725.5
590.5
395.5
677.5
602.5
445.0
668.5
817.0
761.5
503.5
548.5
343.0
158.5
616.0
653.5
431.5
655.0
472.0
398.5
530.5
344.5
503.5
553.0
782.5
679.0
766.0
728.5
607.0
443.5
860.5
838.0
632.5
709.0
235.0
616.0
430.0
737.5
197.5
448.0
751.0
598.0
434.5
190.0
491.5
713.5
734.5
217.0
440.5
761.5
592.0
223.0
679.0
434.5
727.0
712.0
457.0
803.5
598.0
389.5
814.0
797.5
79.0
494.5
188.5
262.0
586.0
824.5
734.5
562.0
680.5
461.5
331.0
785.5
466.0
668.5
482.5
308.5
725.5
731.5
734.5
596.5
859.0
493.0
625.0
788.5
569.5
751.0
644.5
773.5
818.5
700.0
397.0
356.5
319.0
767.5
619.0
731.5
803.5
796.0
686.5
536.5
829.0
376.0
236.5
545.5
749.5
742.0
809.5
667.0
830.5
284.5
124.0
667.0
734.5
710.5
782.5
730.0
536.5
421.0
152.5
772.0
730.0
496.0
740.5
584.5
829.0
302.5
646.0
649.0
265.0
632.5
704.5
655.0
658.0
554.5
490.0
736.0
235.0
821.5
653.5
785.5
440.5
518.5
52.0
236.5
473.5
247.0
445.0
592.0
671.5
503.5
646.0
700.0
686.5
574.0
523.0
235.0
725.5
328.0
242.5
388.0
535.0
272.5
694.0
682.0
80.5
751.0
568.0
776.5
716.5
422.5
415.0
629.5
595.0
146.5
374.5
136.0
263.5
817.0
668.5
652.0
464.5
536.5
511.0
386.5
280.0
274.0
848.5
370.0
664.0
548.5
404.5
565.0
710.5
826.0
412.0
346.0
746.5
853.0
766.0
788.5
320.5
680.5
632.5
230.5
119.5
724.0
860.5
391.0
502.0
686.5
442.0
749.5
679.0
560.5
640.0
466.0
821.5
364.0
362.5
692.5
698.5
773.5
679.0
554.5
641.5
784.0
49.0
766.0
665.5
530.5
761.5
616.0
697.0
746.5
688.0
212.5
839.5
494.5
812.5
751.0
190.0
719.5
781.0
644.5
221.5
467.5
503.5
286.0
317.5
758.5
406.0
586.0
620.5
170.5
776.5
211.0
521.5
229.0
847.0
337.0
176.5
851.5
715.0
716.5
256.0
631.0
493.0
499.0
563.5
739.0
616.0
451.0
515.5
607.0
287.5
245.5
709.0
776.5
100.0
806.5
691.0
569.5
481.0
781.0
686.5
70.0
799.0
820.0
677.5
233.5
833.5
434.5
764.5
523.0
190.0
473.5
739.0
707.5
685.0
535.0
571.0
659.5
467.5
359.5
704.5
578.5
148.0
689.5
674.5
286.0
746.5
670.0
676.0
410.5
502.0
452.5
584.5
698.5
748.0
812.5
371.5
644.5
662.5
737.5
742.0
754.0
265.0
593.5
719.5
613.0
677.5
667.0
817.0
623.5
275.5
611.5
626.5
685.0
646.0
650.5
374.5
454.0
200.5
811.0
535.0
628.0
604.0
449.5
499.0
97.0
206.5
286.0
751.0
637.0
721.0
191.5
467.5
448.0
737.5
418.0
649.0
457.0
572.5
637.0
682.0
827.5
428.5
788.5
656.5
367.0
395.5
670.0
748.0
518.5
485.5
701.5
794.5
242.5
590.5
569.5
787.0
691.0
799.0
91.0
389.5
620.5
707.5
766.0
655.0
493.0
541.0
278.5
88.0
383.5
293.5
458.5
689.5
446.5
655.0
616.0
545.5
313.0
436.0
754.0
662.5
824.5
745.0
520.0
247.0
671.5
823.0
649.0
407.5
535.0
626.5
428.5
331.0
640.0
746.5
692.5
80.5
392.5
890.5
631.0
560.5
617.5
668.5
733.0
754.0
643.0
683.5
691.0
358.0
889.0
803.5
478.0
745.0
589.0
635.5
23.5
523.0
497.5
734.5
713.5
544.0
745.0
673.0
472.0
764.5
553.0
527.5
304.0
172.0
562.0
646.0
623.5
256.0
781.0
634.0
830.5
806.5
832.0
830.5
398.5
266.5
665.5
724.0
820.0
712.0
794.5
635.5
722.5
479.5
109.0
593.5
779.5
821.5
388.0
713.5
574.0
223.0
674.5
520.0
706.0
422.5
604.0
322.0
742.0
815.5
673.0
592.0
709.0
244.0
536.5
656.5
673.0
604.0
251.5
500.5
646.0
250.0
605.5
487.0
604.0
652.0
550.0
629.5
560.5
211.0
602.5
760.0
446.5
478.0
731.5
433.0
653.5
344.5
383.5
686.5
752.5
151.0
233.5
482.5
622.0
731.5
532.0
500.5
685.0
704.5
764.5
565.0
293.5
800.5
694.0
410.5
557.5
817.0
571.0
743.5
638.5
85.0
677.5
562.0
173.5
494.5
599.5
818.5
266.5
419.5
713.5
761.5
688.0
562.0
277.0
731.5
509.5
574.0
355.0
628.0
110.5
626.5
706.0
367.0
391.0
616.0
701.5
277.0
368.5
266.5
673.0
403.0
175.0
344.5
419.5
376.0
388.0
286.0
319.0
265.0
412.0
712.0
430.0
518.5
470.5
607.0
547.0
812.5
728.5
413.5
236.5
628.0
727.0
745.0
766.0
626.5
824.5
713.5
796.0
688.0
619.0
766.0
316.0
599.5
770.5
709.0
322.0
781.0
610.0
538.0
116.5
455.5
677.5
638.5
764.5
712.0
551.5
742.0
763.0
490.0
734.5
695.5
743.5
449.5
799.0
800.5
31.0
674.5
352.0
701.5
722.5
479.5
463.0
605.5
706.0
485.5
641.5
257.5
770.5
268.0
607.0
509.5
755.5
736.0
491.5
529.0
347.5
550.0
293.5
292.0
559.0
383.5
389.5
737.5
670.0
530.5
665.5
338.5
361.0
394.0
527.5
281.5
692.5
692.5
526.0
437.5
803.5
694.0
632.5
553.0
742.0
263.5
791.5
616.0
340.0
403.0
785.5
265.0
667.0
671.5
469.0
638.5
376.0
746.5
733.0
260.5
661.0
743.5
785.5
685.0
107.5
455.5
547.0
821.5
364.0
286.0
710.5
358.0
704.5
745.0
191.5
568.0
259.0
340.0
262.0
754.0
271.0
718.0
272.5
266.5
596.5
674.5
289.0
257.5
101.5
194.5
587.5
454.0
677.5
758.5
524.5
475.0
842.5
728.5
776.5
560.5
160.0
658.0
688.0
491.5
610.0
740.5
823.0
274.0
445.0
274.0
443.5
712.0
77.5
740.5
685.0
730.0
265.0
787.0
688.0
703.0
629.5
688.0
272.5
761.5
767.5
758.5
703.0
695.5
757.0
574.0
518.5
40.0
485.5
142.0
805.0
145.0
560.5
619.0
755.5
728.5
148.0
80.5
752.5
766.0
658.0
254.5
496.0
604.0
209.5
496.0
703.0
439.0
532.0
713.5
505.0
137.5
604.0
613.0
356.5
802.0
400.0
133.0
181.0
617.5
92.5
371.5
566.5
617.5
782.5
782.5
356.5
602.5
725.5
679.0
673.0
562.0
406.0
497.5
217.0
716.5
389.5
554.5
817.0
584.5
139.0
700.0
550.0
122.5
383.5
97.0
745.0
706.0
421.0
160.0
788.5
748.0
175.0
524.5
722.5
802.0
304.0
637.0
301.0
758.5
268.0
784.0
343.0
749.5
632.5
770.5
631.0
577.0
797.5
676.0
559.0
560.5
670.0
347.5
692.5
374.5
46.0
316.0
769.0
434.5
551.5
691.0
797.5
392.5
758.5
275.5
727.0
587.5
490.0
755.5
541.0
197.5
646.0
103.0
775.0
788.5
715.0
644.5
670.0
335.5
796.0
646.0
220.0
782.5
671.5
734.5
568.0
569.5
658.0
796.0
575.5
718.0
310.0
763.0
764.5
767.5
751.0
773.5
763.0
772.0
385.0
134.5
520.0
436.0
110.5
646.0
349.0
665.5
577.0
698.5
809.5
530.5
272.5
578.5
815.5
374.5
524.5
559.0
511.0
149.5
602.5
817.0
736.0
242.5
859.0
475.0
136.0
418.0
280.0
479.5
881.5
581.5
368.5
769.0
125.5
662.5
644.5
436.0
572.5
821.5
508.0
881.5
734.5
686.5
644.5
475.0
104.5
421.0
293.5
686.5
425.5
665.5
217.0
760.0
643.0
704.5
469.0
823.0
548.5
599.5
730.0
788.5
574.0
416.5
728.5
509.5
106.0
335.5
719.5
331.0
730.0
530.5
812.5
712.0
620.5
803.5
710.5
215.5
718.0
266.5
686.5
467.5
817.0
800.5
761.5
773.5
184.0
707.5
566.5
697.0
641.5
512.5
347.5
683.5
737.5
668.5
617.5
166.0
557.5
754.0
785.5
97.0
494.5
746.5
413.5
226.0
772.0
568.0
862.0
418.0
307.0
47.5
242.5
670.0
382.0
226.0
785.5
76.0
863.5
322.0
722.5
142.0
499.0
737.5
44.5
460.0
799.0
601.0
535.0
515.5
727.0
580.0
403.0
349.0
698.5
602.5
695.5
188.5
749.5
608.5
137.5
620.5
737.5
571.0
407.5
278.5
326.5
496.0
457.0
692.5
764.5
628.0
812.5
598.0
755.5
536.5
827.5
674.5
313.0
203.5
254.5
751.0
712.0
653.5
340.0
557.5
658.0
638.5
509.5
674.5
286.0
193.0
511.0
560.5
151.0
629.5
326.5
796.0
709.0
503.5
463.0
466.0
454.0
778.0
604.0
793.0
779.5
524.5
617.5
539.5
185.5
821.5
629.5
782.5
298.0
377.5
391.0
217.0
859.0
368.5
404.5
137.5
269.5
770.5
413.5
781.0
700.0
319.0
694.0
199.0
353.5
383.5
718.0
832.0
649.0
280.0
382.0
563.5
694.0
388.0
52.0
743.5
701.5
412.0
757.0
224.5
524.5
497.5
418.0
266.5
157.0
641.5
137.5
475.0
757.0
716.5
670.0
