28.0
58.0
32.5
91.0
76.0
83.5
124.0
116.5
62.5
31.0
62.5
98.5
154.0
85.0
124.0
71.5
56.5
31.0
86.5
112.0
136.0
47.5
38.5
106.0
71.5
56.5
23.5
25.0
130.0
98.5
31.0
139.0
109.0
46.0
25.0
124.0
106.0
121.0
101.5
70.0
62.5
157.0
10.0
65.5
71.5
77.5
59.5
64.0
59.5
47.5
41.5
61.0
85.0
71.5
124.0
41.5
121.0
22.0
70.0
38.5
85.0
58.0
89.5
38.5
68.5
65.5
46.0
43.0
71.5
61.0
53.5
37.0
61.0
61.0
32.5
35.5
20.5
158.5
7.0
23.5
50.5
53.5
80.5
26.5
74.5
71.5
74.5
100.0
70.0
119.5
46.0
85.0
92.5
5.5
68.5
164.5
23.5
62.5
50.5
31.0
95.5
89.5
62.5
56.5
56.5
116.5
115.0
34.0
17.5
68.5
92.5
37.0
23.5
80.5
41.5
76.0
92.5
38.5
32.5
25.0
52.0
32.5
160.0
82.0
32.5
34.0
52.0
56.5
17.5
17.5
49.0
121.0
104.5
41.5
37.0
86.5
19.0
76.0
29.5
11.5
91.0
71.5
37.0
47.5
32.5
67.0
47.5
92.5
41.5
85.0
4.0
89.5
32.5
40.0
59.5
46.0
29.5
136.0
65.5
43.0
62.5
77.5
98.5
74.5
22.0
11.5
131.5
23.5
17.5
50.5
68.5
67.0
80.5
8.5
65.5
40.0
58.0
134.5
106.0
74.5
43.0
53.5
88.0
31.0
34.0
53.5
124.0
40.0
116.5
104.5
19.0
85.0
37.0
106.0
112.0
77.5
79.0
61.0
44.5
58.0
8.5
49.0
131.5
55.0
22.0
83.5
41.5
178.0
67.0
53.5
38.5
67.0
64.0
53.5
68.5
20.5
104.5
67.0
62.5
124.0
52.0
47.5
155.5
89.5
29.5
74.5
32.5
25.0
7.0
83.5
92.5
32.5
113.5
37.0
41.5
31.0
118.0
49.0
140.5
32.5
116.5
17.5
32.5
92.5
56.5
110.5
109.0
19.0
80.5
92.5
53.5
16.0
19.0
76.0
152.5
20.5
19.0
91.0
47.5
74.5
64.0
80.5
23.5
74.5
50.5
49.0
14.5
31.0
155.5
53.5
41.5
17.5
32.5
47.5
56.5
41.5
53.5
25.0
22.0
19.0
49.0
49.0
77.5
76.0
52.0
47.5
29.5
65.5
35.5
68.5
61.0
14.5
16.0
47.5
83.5
23.5
107.5
103.0
11.5
35.5
77.5
82.0
14.5
41.5
31.0
85.0
58.0
29.5
58.0
58.0
74.5
103.0
28.0
19.0
34.0
31.0
136.0
74.5
40.0
203.5
41.5
70.0
85.0
98.5
98.5
29.5
142.0
19.0
59.5
97.0
65.5
116.5
22.0
35.5
41.5
89.5
80.5
10.0
47.5
154.0
49.0
61.0
43.0
31.0
37.0
68.5
82.0
65.5
73.0
8.5
74.5
11.5
71.5
68.5
62.5
44.5
49.0
41.5
58.0
52.0
86.5
43.0
68.5
119.5
17.5
28.0
38.5
28.0
104.5
40.0
37.0
11.5
28.0
41.5
92.5
65.5
26.5
64.0
37.0
131.5
25.0
29.5
62.5
37.0
73.0
94.0
49.0
8.5
35.5
106.0
74.5
197.5
47.5
145.0
38.5
134.5
143.5
34.0
82.0
128.5
38.5
74.5
26.5
122.5
146.5
89.5
118.0
8.5
80.5
76.0
41.5
38.5
41.5
29.5
86.5
88.0
20.5
109.0
49.0
61.0
52.0
52.0
22.0
38.5
92.5
89.5
127.0
25.0
31.0
50.5
110.5
59.5
83.5
70.0
100.0
52.0
37.0
29.5
67.0
89.5
109.0
10.0
158.5
124.0
49.0
35.5
50.5
37.0
28.0
49.0
131.5
68.5
17.5
41.5
65.5
83.5
38.5
11.5
31.0
67.0
23.5
62.5
73.0
68.5
10.0
56.5
22.0
35.5
58.0
71.5
20.5
86.5
68.5
40.0
133.0
110.5
73.0
41.5
55.0
10.0
98.5
79.0
32.5
46.0
103.0
23.5
23.5
53.5
14.5
25.0
79.0
35.5
67.0
109.0
43.0
28.0
52.0
16.0
40.0
5.5
5.5
29.5
70.0
31.0
31.0
59.5
41.5
82.0
47.5
68.5
88.0
71.5
115.0
121.0
22.0
43.0
133.0
37.0
65.5
43.0
7.0
23.5
83.5
101.5
95.5
62.5
55.0
28.0
62.5
44.5
20.5
95.5
34.0
64.0
31.0
10.0
68.5
73.0
17.5
37.0
56.5
71.5
137.5
41.5
95.5
50.5
77.5
59.5
64.0
70.0
64.0
68.5
34.0
128.5
47.5
32.5
55.0
40.0
28.0
83.5
122.5
23.5
59.5
28.0
47.5
166.0
137.5
32.5
100.0
38.5
23.5
47.5
89.5
46.0
91.0
58.0
58.0
83.5
118.0
80.5
49.0
14.5
34.0
38.5
107.5
73.0
166.0
62.5
50.5
22.0
46.0
67.0
125.5
68.5
62.5
91.0
128.5
53.5
55.0
41.5
127.0
187.0
16.0
62.5
58.0
77.5
17.5
11.5
55.0
56.5
107.5
52.0
46.0
88.0
94.0
151.0
20.5
52.0
31.0
91.0
157.0
40.0
68.5
40.0
82.0
13.0
50.5
64.0
20.5
100.0
56.5
25.0
61.0
34.0
41.5
55.0
68.5
122.5
43.0
71.5
82.0
47.5
76.0
52.0
38.5
26.5
47.5
85.0
68.5
26.5
28.0
169.0
26.5
61.0
94.0
77.5
43.0
67.0
46.0
53.5
52.0
47.5
191.5
19.0
19.0
40.0
31.0
17.5
44.5
92.5
62.5
58.0
61.0
142.0
113.5
22.0
82.0
55.0
178.0
34.0
58.0
118.0
125.5
107.5
71.5
46.0
17.5
53.5
74.5
53.5
76.0
40.0
139.0
43.0
86.5
19.0
46.0
35.5
34.0
73.0
91.0
55.0
59.5
53.5
31.0
95.5
64.0
59.5
35.5
37.0
83.5
28.0
32.5
65.5
94.0
89.5
76.0
92.5
85.0
59.5
88.0
70.0
28.0
62.5
62.5
82.0
56.5
29.5
38.5
5.5
56.5
13.0
43.0
94.0
31.0
34.0
89.5
31.0
46.0
67.0
73.0
19.0
209.5
71.5
44.5
79.0
43.0
31.0
59.5
80.5
8.5
31.0
40.0
47.5
35.5
11.5
47.5
52.0
61.0
50.5
104.5
226.0
28.0
26.5
158.5
100.0
62.5
107.5
83.5
44.5
146.5
79.0
53.5
89.5
38.5
79.0
98.5
68.5
92.5
74.5
20.5
47.5
62.5
41.5
67.0
86.5
103.0
31.0
46.0
76.0
58.0
29.5
26.5
76.0
26.5
119.5
47.5
53.5
35.5
74.5
50.5
5.5
76.0
65.5
43.0
56.5
97.0
68.5
89.5
83.5
74.5
38.5
16.0
68.5
49.0
23.5
31.0
32.5
118.0
86.5
58.0
97.0
209.5
37.0
89.5
65.5
37.0
47.5
43.0
50.5
52.0
52.0
7.0
70.0
14.5
83.5
100.0
53.5
59.5
17.5
50.5
37.0
71.5
43.0
55.0
28.0
110.5
56.5
25.0
137.5
55.0
31.0
118.0
80.5
64.0
71.5
26.5
52.0
47.5
58.0
38.5
25.0
52.0
26.5
35.5
62.5
89.5
22.0
56.5
50.5
38.5
62.5
131.5
89.5
85.0
158.5
65.5
32.5
26.5
95.5
40.0
47.5
58.0
77.5
31.0
109.0
37.0
71.5
26.5
49.0
73.0
16.0
55.0
44.5
31.0
44.5
46.0
95.5
95.5
115.0
100.0
68.5
34.0
133.0
80.5
97.0
19.0
31.0
101.5
56.5
40.0
23.5
28.0
32.5
43.0
31.0
86.5
28.0
49.0
59.5
55.0
13.0
23.5
53.5
71.5
91.0
52.0
46.0
94.0
13.0
70.0
46.0
145.0
134.5
59.5
74.5
28.0
4.0
53.5
43.0
92.5
38.5
140.5
68.5
89.5
82.0
19.0
82.0
32.5
65.5
76.0
13.0
70.0
47.5
44.5
79.0
148.0
22.0
73.0
25.0
35.5
5.5
35.5
13.0
73.0
13.0
16.0
46.0
16.0
32.5
49.0
68.5
115.0
10.0
19.0
35.5
80.5
83.5
89.5
137.5
151.0
175.0
70.0
62.5
58.0
130.0
47.5
115.0
41.5
55.0
55.0
119.5
77.5
38.5
52.0
58.0
41.5
41.5
41.5
41.5
71.5
101.5
53.5
62.5
34.0
95.5
35.5
55.0
17.5
118.0
62.5
23.5
64.0
14.5
56.5
34.0
50.5
65.5
34.0
106.0
25.0
65.5
76.0
70.0
64.0
130.0
46.0
29.5
35.5
52.0
65.5
86.5
61.0
53.5
68.5
52.0
80.5
41.5
116.5
31.0
91.0
19.0
92.5
61.0
91.0
16.0
55.0
20.5
35.5
62.5
19.0
160.0
95.5
61.0
19.0
64.0
142.0
35.5
38.5
23.5
11.5
64.0
10.0
32.5
16.0
101.5
107.5
32.5
64.0
19.0
118.0
64.0
133.0
23.5
14.5
163.0
128.5
107.5
34.0
32.5
71.5
67.0
50.5
28.0
7.0
50.5
43.0
56.5
127.0
11.5
34.0
82.0
62.5
50.5
151.0
74.5
133.0
38.5
92.5
74.5
16.0
13.0
43.0
103.0
17.5
67.0
74.5
58.0
148.0
134.5
10.0
62.5
56.5
16.0
49.0
10.0
74.5
40.0
16.0
32.5
121.0
73.0
40.0
17.5
55.0
31.0
70.0
65.5
71.5
142.0
31.0
64.0
55.0
79.0
59.5
92.5
80.5
136.0
47.5
4.0
92.5
59.5
100.0
53.5
110.5
64.0
88.0
61.0
26.5
31.0
104.5
46.0
74.5
56.5
40.0
94.0
44.5
76.0
160.0
97.0
37.0
122.5
37.0
70.0
142.0
112.0
80.5
94.0
46.0
65.5
70.0
94.0
38.5
83.5
64.0
50.5
7.0
14.5
76.0
17.5
41.5
71.5
29.5
41.5
35.5
40.0
97.0
104.5
67.0
86.5
26.5
74.5
29.5
44.5
43.0
59.5
158.5
58.0
41.5
25.0
85.0
74.5
47.5
32.5
31.0
59.5
46.0
82.0
23.5
38.5
94.0
104.5
46.0
31.0
115.0
154.0
16.0
38.5
107.5
50.5
35.5
43.0
89.5
68.5
38.5
68.5
92.5
47.5
137.5
137.5
85.0
85.0
49.0
77.5
76.0
44.5
32.5
28.0
52.0
17.5
31.0
34.0
22.0
38.5
43.0
34.0
76.0
139.0
20.5
145.0
35.5
41.5
74.5
46.0
71.5
89.5
16.0
46.0
77.5
136.0
44.5
67.0
76.0
8.5
49.0
56.5
100.0
16.0
116.5
73.0
131.5
56.5
17.5
43.0
61.0
20.5
70.0
58.0
50.5
92.5
8.5
103.0
76.0
32.5
7.0
32.5
76.0
86.5
76.0
47.5
221.5
136.0
20.5
35.5
65.5
8.5
16.0
58.0
52.0
44.5
229.0
41.5
53.5
107.5
59.5
77.5
73.0
89.5
38.5
35.5
20.5
20.5
41.5
95.5
28.0
47.5
65.5
50.5
16.0
11.5
80.5
38.5
92.5
32.5
22.0
76.0
86.5
67.0
80.5
140.5
25.0
104.5
67.0
50.5
88.0
41.5
49.0
17.5
80.5
37.0
77.5
145.0
53.5
56.5
31.0
73.0
104.5
83.5
49.0
61.0
79.0
107.5
98.5
5.5
64.0
59.5
116.5
68.5
46.0
23.5
29.5
98.5
26.5
74.5
77.5
49.0
79.0
13.0
34.0
65.5
88.0
88.0
196.0
86.5
50.5
34.0
26.5
43.0
65.5
55.0
89.5
55.0
47.5
38.5
35.5
116.5
106.0
112.0
41.5
113.5
53.5
47.5
20.5
67.0
95.5
154.0
113.5
68.5
82.0
50.5
104.5
41.5
76.0
26.5
49.0
124.0
61.0
47.5
32.5
28.0
41.5
125.5
19.0
50.5
44.5
26.5
101.5
32.5
46.0
23.5
155.5
91.0
41.5
77.5
11.5
110.5
71.5
20.5
38.5
73.0
85.0
34.0
55.0
142.0
37.0
73.0
31.0
23.5
67.0
52.0
67.0
53.5
59.5
55.0
58.0
38.5
35.5
38.5
58.0
68.5
29.5
20.5
26.5
77.5
53.5
136.0
19.0
160.0
37.0
88.0
34.0
17.5
37.0
35.5
76.0
22.0
46.0
91.0
59.5
73.0
38.5
53.5
31.0
86.5
28.0
11.5
97.0
74.5
82.0
103.0
71.5
53.5
58.0
109.0
71.5
86.5
79.0
109.0
74.5
149.5
58.0
113.5
47.5
89.5
23.5
94.0
41.5
37.0
46.0
121.0
77.5
38.5
41.5
74.5
52.0
65.5
62.5
40.0
128.5
13.0
65.5
41.5
35.5
212.5
17.5
86.5
91.0
113.5
68.5
56.5
79.0
19.0
101.5
73.0
137.5
50.5
44.5
26.5
59.5
44.5
95.5
20.5
79.0
37.0
38.5
86.5
17.5
56.5
88.0
22.0
70.0
125.5
76.0
28.0
56.5
70.0
41.5
22.0
76.0
104.5
31.0
19.0
49.0
115.0
49.0
40.0
11.5
25.0
158.5
62.5
13.0
76.0
28.0
40.0
139.0
88.0
10.0
145.0
43.0
26.5
26.5
131.5
100.0
53.5
193.0
8.5
40.0
37.0
25.0
44.5
25.0
142.0
40.0
55.0
37.0
77.5
37.0
67.0
67.0
88.0
58.0
38.5
20.5
74.5
109.0
82.0
44.5
124.0
23.5
38.5
11.5
55.0
68.5
74.5
85.0
50.5
121.0
11.5
163.0
68.5
155.5
46.0
64.0
34.0
185.5
116.5
55.0
50.5
29.5
37.0
133.0
14.5
4.0
68.5
83.5
40.0
74.5
133.0
59.5
40.0
67.0
101.5
80.5
53.5
11.5
107.5
74.5
92.5
23.5
89.5
64.0
136.0
46.0
41.5
61.0
34.0
32.5
56.5
40.0
71.5
26.5
16.0
43.0
76.0
67.0
32.5
20.5
175.0
68.5
61.0
98.5
28.0
76.0
7.0
53.5
28.0
64.0
287.5
50.5
107.5
112.0
106.0
73.0
95.5
143.5
44.5
37.0
55.0
17.5
10.0
43.0
95.5
125.5
143.5
104.5
13.0
37.0
79.0
71.5
37.0
118.0
11.5
82.0
58.0
118.0
112.0
37.0
104.5
47.5
95.5
55.0
119.5
68.5
55.0
86.5
32.5
73.0
26.5
35.5
40.0
52.0
20.5
118.0
40.0
68.5
29.5
104.5
38.5
31.0
83.5
26.5
70.0
34.0
28.0
103.0
59.5
22.0
41.5
68.5
20.5
65.5
104.5
29.5
35.5
41.5
62.5
100.0
14.5
55.0
31.0
128.5
31.0
65.5
73.0
41.5
53.5
44.5
41.5
43.0
47.5
77.5
34.0
34.0
55.0
79.0
31.0
140.5
88.0
20.5
80.5
17.5
76.0
88.0
67.0
22.0
55.0
25.0
89.5
85.0
26.5
61.0
56.5
38.5
119.5
103.0
121.0
16.0
14.5
131.5
47.5
163.0
41.5
14.5
76.0
23.5
53.5
113.5
25.0
32.5
26.5
100.0
29.5
38.5
10.0
50.5
38.5
25.0
86.5
37.0
52.0
100.0
49.0
38.5
16.0
77.5
104.5
53.5
163.0
107.5
89.5
14.5
68.5
76.0
59.5
31.0
70.0
61.0
65.5
34.0
11.5
40.0
40.0
85.0
121.0
112.0
109.0
11.5
20.5
92.5
97.0
137.5
47.5
10.0
46.0
119.5
25.0
26.5
34.0
58.0
64.0
46.0
101.5
55.0
32.5
79.0
14.5
61.0
118.0
137.5
56.5
124.0
13.0
109.0
29.5
16.0
137.5
98.5
76.0
85.0
74.5
82.0
58.0
61.0
38.5
46.0
130.0
110.5
70.0
35.5
83.5
148.0
28.0
25.0
59.5
82.0
31.0
50.5
77.5
59.5
61.0
109.0
95.5
25.0
44.5
166.0
109.0
38.5
68.5
122.5
34.0
7.0
62.5
79.0
142.0
16.0
16.0
37.0
58.0
65.5
88.0
163.0
19.0
79.0
70.0
85.0
86.5
101.5
77.5
35.5
40.0
28.0
49.0
49.0
7.0
10.0
52.0
110.5
56.5
128.5
26.5
82.0
35.5
113.5
67.0
79.0
56.5
103.0
107.5
94.0
17.5
101.5
94.0
73.0
94.0
46.0
82.0
19.0
35.5
25.0
86.5
80.5
142.0
34.0
44.5
89.5
11.5
67.0
31.0
104.5
65.5
58.0
73.0
25.0
128.5
28.0
97.0
8.5
94.0
31.0
56.5
14.5
31.0
25.0
91.0
107.5
74.5
34.0
68.5
131.5
62.5
55.0
73.0
23.5
4.0
28.0
73.0
31.0
133.0
94.0
145.0
76.0
35.5
76.0
107.5
77.5
59.5
163.0
40.0
56.5
65.5
29.5
83.5
67.0
55.0
23.5
40.0
59.5
106.0
7.0
49.0
40.0
53.5
89.5
56.5
148.0
92.5
79.0
65.5
56.5
19.0
68.5
92.5
64.0
35.5
28.0
85.0
103.0
74.5
38.5
49.0
10.0
16.0
26.5
80.5
86.5
74.5
70.0
92.5
62.5
131.5
53.5
122.5
80.5
118.0
26.5
53.5
34.0
133.0
73.0
40.0
35.5
67.0
124.0
37.0
29.5
89.5
79.0
116.5
16.0
49.0
86.5
145.0
44.5
64.0
7.0
130.0
68.5
133.0
28.0
49.0
142.0
41.5
74.5
55.0
40.0
146.5
56.5
73.0
32.5
46.0
73.0
68.5
13.0
65.5
94.0
41.5
62.5
128.5
68.5
8.5
67.0
8.5
32.5
53.5
64.0
59.5
98.5
106.0
40.0
92.5
118.0
113.5
116.5
62.5
67.0
46.0
46.0
91.0
64.0
70.0
113.5
52.0
91.0
22.0
38.5
101.5
16.0
91.0
91.0
29.5
41.5
11.5
142.0
34.0
56.5
56.5
133.0
74.5
58.0
121.0
32.5
31.0
25.0
8.5
101.5
62.5
97.0
52.0
40.0
38.5
13.0
80.5
40.0
34.0
25.0
64.0
8.5
25.0
55.0
19.0
13.0
59.5
34.0
73.0
25.0
64.0
94.0
80.5
118.0
107.5
34.0
16.0
35.5
46.0
47.5
95.5
31.0
97.0
68.5
8.5
20.5
23.5
35.5
86.5
19.0
97.0
74.5
49.0
100.0
58.0
53.5
22.0
59.5
88.0
91.0
92.5
68.5
52.0
64.0
71.5
91.0
62.5
16.0
56.5
22.0
56.5
88.0
92.5
52.0
17.5
50.5
16.0
16.0
56.5
32.5
89.5
137.5
89.5
73.0
97.0
20.5
65.5
67.0
20.5
26.5
47.5
37.0
55.0
20.5
67.0
44.5
28.0
31.0
82.0
5.5
130.0
47.5
46.0
49.0
85.0
76.0
28.0
55.0
148.0
76.0
17.5
83.5
85.0
79.0
43.0
140.5
139.0
67.0
67.0
14.5
70.0
50.5
41.5
59.5
19.0
106.0
106.0
7.0
124.0
61.0
133.0
43.0
70.0
116.5
172.0
110.5
11.5
41.5
121.0
136.0
37.0
26.5
142.0
55.0
140.5
46.0
146.5
52.0
23.5
53.5
98.5
28.0
40.0
35.5
17.5
25.0
130.0
16.0
103.0
95.5
74.5
32.5
31.0
56.5
50.5
68.5
73.0
44.5
88.0
32.5
91.0
82.0
40.0
115.0
101.5
133.0
169.0
86.5
59.5
50.5
64.0
19.0
40.0
17.5
59.5
53.5
44.5
58.0
89.5
59.5
26.5
118.0
49.0
10.0
61.0
83.5
97.0
49.0
112.0
13.0
55.0
92.5
104.5
5.5
38.5
121.0
50.5
91.0
26.5
121.0
53.5
67.0
35.5
76.0
98.5
71.5
50.5
98.5
61.0
61.0
85.0
58.0
53.5
44.5
49.0
149.5
154.0
58.0
20.5
62.5
43.0
11.5
37.0
88.0
79.0
79.0
58.0
86.5
50.5
20.5
65.5
115.0
167.5
59.5
56.5
10.0
13.0
58.0
151.0
85.0
80.5
71.5
71.5
115.0
92.5
100.0
37.0
109.0
55.0
80.5
50.5
23.5
58.0
154.0
31.0
19.0
35.5
52.0
118.0
44.5
112.0
49.0
161.5
79.0
53.5
49.0
44.5
68.5
79.0
62.5
32.5
22.0
97.0
64.0
100.0
65.5
73.0
5.5
110.5
20.5
40.0
28.0
68.5
95.5
53.5
100.0
20.5
94.0
29.5
14.5
62.5
61.0
47.5
13.0
88.0
125.5
133.0
61.0
8.5
47.5
43.0
94.0
25.0
11.5
43.0
35.5
65.5
49.0
115.0
46.0
38.5
95.5
2.5
28.0
23.5
58.0
28.0
94.0
38.5
82.0
62.5
143.5
112.0
98.5
76.0
151.0
52.0
68.5
139.0
113.5
95.5
55.0
110.5
68.5
61.0
67.0
55.0
113.5
44.5
16.0
25.0
31.0
43.0
83.5
41.5
128.5
212.5
31.0
95.5
34.0
88.0
34.0
56.5
92.5
47.5
131.5
59.5
58.0
85.0
19.0
13.0
17.5
40.0
8.5
46.0
37.0
40.0
20.5
17.5
53.5
80.5
20.5
56.5
68.5
32.5
35.5
98.5
35.5
104.5
8.5
62.5
22.0
28.0
50.5
52.0
62.5
67.0
37.0
10.0
44.5
58.0
89.5
79.0
31.0
88.0
43.0
49.0
83.5
26.5
29.5
35.5
73.0
124.0
74.5
25.0
83.5
86.5
62.5
47.5
58.0
41.5
2.5
22.0
89.5
29.5
121.0
52.0
16.0
92.5
125.5
41.5
80.5
65.5
59.5
82.0
82.0
62.5
55.0
52.0
56.5
77.5
50.5
142.0
37.0
70.0
136.0
22.0
62.5
32.5
92.5
40.0
32.5
49.0
56.5
115.0
53.5
40.0
31.0
88.0
152.5
82.0
104.5
28.0
29.5
116.5
74.5
34.0
5.5
88.0
25.0
79.0
25.0
110.5
23.5
67.0
40.0
44.5
32.5
74.5
7.0
56.5
55.0
43.0
118.0
65.5
65.5
34.0
47.5
46.0
64.0
89.5
43.0
31.0
124.0
25.0
46.0
50.5
20.5
40.0
115.0
86.5
49.0
62.5
28.0
130.0
53.5
68.5
94.0
88.0
113.5
109.0
13.0
14.5
116.5
20.5
32.5
58.0
38.5
49.0
82.0
11.5
185.5
127.0
56.5
34.0
44.5
59.5
85.0
85.0
98.5
67.0
67.0
31.0
133.0
38.5
17.5
65.5
25.0
41.5
16.0
38.5
16.0
133.0
23.5
55.0
79.0
28.0
37.0
29.5
16.0
56.5
25.0
8.5
98.5
50.5
10.0
62.5
10.0
130.0
76.0
20.5
167.5
10.0
151.0
43.0
56.5
103.0
103.0
110.5
109.0
25.0
32.5
32.5
22.0
65.5
44.5
52.0
140.5
5.5
59.5
23.5
80.5
77.5
50.5
52.0
148.0
35.5
32.5
95.5
94.0
91.0
76.0
56.5
73.0
89.5
65.5
17.5
41.5
49.0
125.5
101.5
65.5
71.5
58.0
109.0
65.5
49.0
85.0
67.0
61.0
7.0
32.5
47.5
145.0
11.5
38.5
109.0
20.5
23.5
38.5
17.5
85.0
149.5
122.5
29.5
50.5
107.5
50.5
68.5
40.0
170.5
161.5
64.0
68.5
25.0
88.0
61.0
184.0
28.0
28.0
26.5
62.5
32.5
41.5
115.0
44.5
68.5
67.0
71.5
38.5
50.5
31.0
80.5
47.5
47.5
40.0
161.5
86.5
191.5
62.5
65.5
37.0
50.5
64.0
35.5
53.5
61.0
35.5
70.0
91.0
32.5
67.0
38.5
61.0
64.0
71.5
82.0
28.0
67.0
83.5
94.0
56.5
25.0
14.5
89.5
28.0
55.0
29.5
37.0
71.5
86.5
68.5
65.5
103.0
35.5
50.5
58.0
70.0
65.5
11.5
58.0
83.5
74.5
91.0
38.5
83.5
22.0
104.5
73.0
106.0
4.0
34.0
29.5
134.5
49.0
64.0
65.5
28.0
38.5
41.5
88.0
71.5
25.0
37.0
47.5
109.0
59.5
41.5
56.5
29.5
55.0
26.5
115.0
55.0
46.0
61.0
68.5
68.5
38.5
53.5
34.0
40.0
32.5
77.5
85.0
80.5
17.5
44.5
53.5
65.5
95.5
94.0
11.5
50.5
103.0
74.5
28.0
76.0
41.5
74.5
20.5
55.0
76.0
172.0
31.0
49.0
77.5
64.0
31.0
47.5
59.5
10.0
47.5
35.5
68.5
53.5
34.0
73.0
94.0
77.5
5.5
68.5
152.5
65.5
52.0
83.5
62.5
71.5
67.0
47.5
49.0
23.5
106.0
62.5
79.0
62.5
8.5
28.0
59.5
28.0
76.0
11.5
44.5
38.5
92.5
50.5
82.0
70.0
200.5
95.5
110.5
80.5
62.5
116.5
16.0
44.5
10.0
148.0
53.5
104.5
103.0
13.0
74.5
62.5
28.0
47.5
94.0
32.5
80.5
85.0
43.0
88.0
89.5
157.0
11.5
62.5
50.5
38.5
28.0
41.5
38.5
14.5
40.0
109.0
46.0
80.5
115.0
128.5
46.0
5.5
92.5
68.5
88.0
28.0
40.0
58.0
38.5
112.0
49.0
28.0
10.0
47.5
17.5
46.0
53.5
82.0
35.5
157.0
98.5
16.0
46.0
31.0
53.5
70.0
136.0
44.5
77.5
59.5
38.5
43.0
58.0
47.5
29.5
58.0
116.5
64.0
76.0
64.0
68.5
40.0
46.0
32.5
25.0
61.0
65.5
77.5
107.5
193.0
98.5
67.0
74.5
100.0
61.0
58.0
44.5
80.5
20.5
50.5
133.0
20.5
77.5
94.0
55.0
31.0
29.5
97.0
94.0
89.5
71.5
35.5
59.5
77.5
80.5
23.5
86.5
118.0
10.0
86.5
79.0
19.0
73.0
61.0
22.0
11.5
25.0
20.5
52.0
109.0
29.5
13.0
65.5
88.0
118.0
35.5
20.5
10.0
46.0
122.5
64.0
35.5
19.0
31.0
40.0
41.5
101.5
79.0
68.5
35.5
103.0
35.5
58.0
115.0
65.5
41.5
32.5
25.0
52.0
56.5
13.0
67.0
74.5
82.0
38.5
41.5
67.0
41.5
50.5
73.0
38.5
74.5
32.5
74.5
116.5
31.0
59.5
4.0
35.5
89.5
43.0
116.5
44.5
20.5
19.0
32.5
163.0
26.5
46.0
16.0
68.5
23.5
109.0
158.5
38.5
62.5
134.5
124.0
26.5
91.0
38.5
16.0
26.5
142.0
49.0
64.0
26.5
34.0
29.5
44.5
128.5
80.5
101.5
77.5
59.5
112.0
50.5
83.5
73.0
35.5
46.0
20.5
29.5
13.0
14.5
67.0
38.5
116.5
95.5
112.0
95.5
55.0
32.5
181.0
4.0
34.0
116.5
35.5
65.5
71.5
58.0
25.0
7.0
56.5
14.5
100.0
28.0
62.5
47.5
46.0
109.0
88.0
52.0
67.0
53.5
43.0
19.0
28.0
109.0
19.0
58.0
74.5
28.0
74.5
130.0
64.0
107.5
77.5
35.5
22.0
25.0
50.5
32.5
91.0
28.0
55.0
46.0
34.0
46.0
35.5
29.5
19.0
67.0
91.0
88.0
19.0
68.5
77.5
16.0
23.5
38.5
85.0
8.5
88.0
86.5
26.5
199.0
79.0
62.5
52.0
179.5
53.5
97.0
46.0
125.5
77.5
67.0
25.0
44.5
67.0
31.0
59.5
64.0
80.5
43.0
77.5
100.0
80.5
106.0
43.0
50.5
67.0
112.0
13.0
19.0
16.0
26.5
31.0
133.0
37.0
20.5
34.0
118.0
62.5
88.0
23.5
53.5
86.5
17.5
32.5
104.5
70.0
28.0
59.5
49.0
131.5
32.5
52.0
31.0
17.5
74.5
26.5
59.5
31.0
41.5
32.5
35.5
44.5
20.5
148.0
52.0
73.0
71.5
89.5
55.0
52.0
17.5
29.5
46.0
80.5
85.0
25.0
49.0
14.5
71.5
119.5
49.0
130.0
13.0
53.5
34.0
64.0
23.5
53.5
29.5
97.0
17.5
29.5
31.0
136.0
95.5
106.0
41.5
86.5
37.0
97.0
59.5
32.5
29.5
20.5
70.0
47.5
88.0
4.0
16.0
19.0
29.5
68.5
121.0
88.0
34.0
76.0
26.5
53.5
67.0
55.0
43.0
76.0
23.5
68.5
109.0
40.0
44.5
109.0
130.0
122.5
22.0
13.0
25.0
133.0
64.0
104.5
104.5
65.5
38.5
172.0
41.5
70.0
70.0
91.0
7.0
65.5
100.0
62.5
40.0
70.0
70.0
52.0
70.0
55.0
68.5
47.5
64.0
83.5
65.5
89.5
19.0
22.0
58.0
58.0
74.5
41.5
62.5
23.5
88.0
28.0
107.5
155.5
130.0
97.0
56.5
125.5
29.5
140.5
64.0
61.0
122.5
53.5
38.5
26.5
65.5
22.0
61.0
151.0
209.5
23.5
5.5
31.0
80.5
40.0
56.5
11.5
64.0
23.5
28.0
175.0
133.0
22.0
97.0
71.5
58.0
8.5
67.0
121.0
34.0
94.0
71.5
17.5
14.5
103.0
103.0
79.0
41.5
34.0
52.0
52.0
77.5
19.0
83.5
100.0
137.5
49.0
64.0
140.5
79.0
17.5
49.0
55.0
23.5
22.0
46.0
40.0
106.0
29.5
31.0
23.5
38.5
43.0
70.0
85.0
31.0
31.0
85.0
35.5
44.5
67.0
53.5
65.5
101.5
113.5
31.0
28.0
55.0
94.0
22.0
103.0
109.0
73.0
41.5
35.5
113.5
11.5
97.0
22.0
29.5
94.0
35.5
40.0
143.5
35.5
53.5
56.5
20.5
43.0
40.0
53.5
64.0
40.0
52.0
56.5
28.0
40.0
17.5
44.5
38.5
47.5
110.5
40.0
86.5
49.0
112.0
73.0
22.0
92.5
29.5
58.0
31.0
121.0
67.0
41.5
29.5
181.0
128.5
38.5
37.0
20.5
61.0
62.5
122.5
56.5
34.0
35.5
49.0
34.0
25.0
44.5
46.0
61.0
22.0
44.5
49.0
65.5
32.5
116.5
49.0
50.5
83.5
25.0
68.5
32.5
41.5
26.5
32.5
65.5
89.5
68.5
58.0
37.0
154.0
50.5
32.5
83.5
41.5
34.0
127.0
14.5
64.0
32.5
49.0
23.5
77.5
44.5
19.0
43.0
14.5
65.5
61.0
83.5
47.5
59.5
79.0
43.0
86.5
136.0
13.0
68.5
64.0
32.5
52.0
31.0
134.5
43.0
124.0
134.5
31.0
77.5
82.0
49.0
32.5
71.5
86.5
112.0
49.0
40.0
173.5
151.0
82.0
35.5
82.0
44.5
100.0
40.0
49.0
151.0
23.5
61.0
56.5
121.0
59.5
56.5
94.0
16.0
31.0
52.0
35.5
34.0
56.5
58.0
70.0
56.5
140.5
94.0
97.0
92.5
23.5
194.5
40.0
49.0
62.5
85.0
67.0
86.5
137.5
127.0
53.5
80.5
122.5
23.5
50.5
23.5
73.0
41.5
67.0
23.5
82.0
26.5
17.5
16.0
110.5
91.0
95.5
61.0
23.5
34.0
131.5
106.0
55.0
44.5
23.5
116.5
34.0
28.0
202.0
58.0
50.5
92.5
50.5
58.0
47.5
32.5
68.5
68.5
17.5
38.5
92.5
59.5
101.5
14.5
77.5
31.0
64.0
86.5
56.5
115.0
127.0
55.0
29.5
44.5
137.5
125.5
77.5
65.5
56.5
83.5
101.5
58.0
47.5
58.0
62.5
11.5
50.5
41.5
41.5
65.5
32.5
43.0
101.5
37.0
233.5
55.0
61.0
35.5
82.0
34.0
80.5
31.0
80.5
34.0
103.0
119.5
184.0
86.5
62.5
155.5
49.0
82.0
35.5
149.5
65.5
8.5
61.0
13.0
112.0
40.0
43.0
61.0
17.5
17.5
64.0
23.5
34.0
113.5
50.5
28.0
16.0
88.0
56.5
34.0
103.0
98.5
61.0
88.0
131.5
47.5
32.5
55.0
56.5
92.5
26.5
10.0
25.0
16.0
61.0
116.5
49.0
7.0
82.0
110.5
64.0
31.0
50.5
25.0
19.0
151.0
146.5
56.5
29.5
59.5
65.5
83.5
46.0
73.0
40.0
11.5
116.5
17.5
56.5
10.0
20.5
106.0
56.5
79.0
16.0
37.0
50.5
89.5
71.5
70.0
86.5
121.0
23.5
43.0
112.0
100.0
91.0
65.5
14.5
83.5
13.0
2.5
37.0
182.5
26.5
19.0
41.5
95.5
131.5
34.0
47.5
134.5
49.0
67.0
64.0
95.5
50.5
41.5
2.5
22.0
67.0
149.5
139.0
11.5
82.0
16.0
29.5
67.0
67.0
62.5
94.0
32.5
19.0
38.5
71.5
77.5
70.0
98.5
118.0
97.0
73.0
85.0
64.0
155.5
37.0
115.0
34.0
35.5
43.0
35.5
95.5
25.0
124.0
64.0
61.0
112.0
23.5
97.0
26.5
112.0
79.0
106.0
112.0
55.0
13.0
49.0
25.0
34.0
19.0
47.5
28.0
35.5
109.0
76.0
59.5
34.0
91.0
71.5
47.5
98.5
22.0
73.0
97.0
62.5
7.0
43.0
43.0
2.5
95.5
121.0
26.5
13.0
47.5
70.0
31.0
115.0
53.5
115.0
49.0
50.5
14.5
46.0
40.0
65.5
50.5
121.0
83.5
56.5
100.0
43.0
26.5
59.5
20.5
85.0
139.0
59.5
86.5
154.0
74.5
95.5
22.0
32.5
46.0
43.0
14.5
110.5
88.0
113.5
116.5
107.5
49.0
59.5
23.5
122.5
41.5
17.5
17.5
79.0
25.0
43.0
37.0
14.5
73.0
109.0
29.5
65.5
14.5
31.0
22.0
64.0
44.5
65.5
64.0
92.5
41.5
47.5
58.0
47.5
29.5
13.0
11.5
5.5
10.0
53.5
53.5
119.5
92.5
20.5
176.5
31.0
31.0
89.5
37.0
59.5
140.5
34.0
19.0
14.5
56.5
79.0
47.5
88.0
49.0
77.5
62.5
80.5
74.5
130.0
28.0
52.0
68.5
61.0
16.0
68.5
95.5
53.5
77.5
19.0
59.5
59.5
22.0
64.0
41.5
112.0
100.0
145.0
23.5
80.5
49.0
26.5
20.5
88.0
115.0
8.5
25.0
8.5
116.5
67.0
110.5
65.5
113.5
80.5
50.5
47.5
13.0
17.5
58.0
31.0
74.5
26.5
67.0
88.0
20.5
28.0
49.0
101.5
125.5
77.5
167.5
55.0
94.0
4.0
49.0
44.5
107.5
31.0
26.5
70.0
44.5
28.0
67.0
17.5
19.0
16.0
94.0
70.0
29.5
35.5
23.5
73.0
47.5
14.5
137.5
55.0
5.5
112.0
28.0
50.5
65.5
58.0
94.0
70.0
49.0
82.0
61.0
28.0
44.5
52.0
79.0
125.5
64.0
25.0
37.0
107.5
13.0
22.0
22.0
22.0
40.0
44.5
55.0
113.5
115.0
76.0
80.5
83.5
121.0
16.0
56.5
46.0
116.5
49.0
17.5
43.0
73.0
77.5
80.5
80.5
62.5
16.0
34.0
19.0
68.5
130.0
38.5
41.5
25.0
26.5
26.5
56.5
52.0
89.5
98.5
49.0
28.0
62.5
65.5
43.0
22.0
22.0
109.0
68.5
46.0
73.0
76.0
35.5
40.0
32.5
47.5
68.5
11.5
47.5
71.5
22.0
101.5
62.5
40.0
142.0
35.5
104.5
40.0
52.0
23.5
31.0
13.0
29.5
20.5
40.0
23.5
101.5
73.0
35.5
52.0
5.5
76.0
62.5
52.0
52.0
47.5
199.0
46.0
20.5
37.0
62.5
23.5
26.5
94.0
62.5
49.0
55.0
16.0
110.5
22.0
31.0
34.0
55.0
128.5
119.5
34.0
64.0
49.0
88.0
107.5
22.0
59.5
121.0
91.0
23.5
80.5
49.0
14.5
22.0
100.0
73.0
104.5
44.5
89.5
52.0
14.5
124.0
89.5
76.0
47.5
44.5
10.0
91.0
37.0
61.0
4.0
55.0
10.0
11.5
82.0
56.5
85.0
167.5
35.5
19.0
50.5
32.5
88.0
107.5
13.0
71.5
43.0
58.0
98.5
182.5
55.0
74.5
37.0
95.5
118.0
23.5
118.0
43.0
67.0
49.0
67.0
32.5
16.0
64.0
50.5
19.0
82.0
79.0
110.5
56.5
80.5
61.0
188.5
28.0
56.5
146.5
37.0
82.0
91.0
98.5
107.5
88.0
91.0
79.0
77.5
131.5
80.5
25.0
76.0
44.5
17.5
83.5
8.5
76.0
34.0
70.0
34.0
113.5
49.0
64.0
92.5
91.0
61.0
7.0
20.5
22.0
154.0
112.0
49.0
29.5
118.0
56.5
53.5
40.0
77.5
32.5
88.0
137.5
22.0
80.5
29.5
59.5
104.5
67.0
22.0
91.0
73.0
143.5
34.0
37.0
55.0
52.0
55.0
53.5
125.5
55.0
41.5
59.5
55.0
17.5
86.5
85.0
53.5
34.0
70.0
44.5
43.0
223.0
79.0
31.0
43.0
71.5
79.0
49.0
58.0
95.5
116.5
82.0
73.0
34.0
139.0
50.5
76.0
83.5
41.5
38.5
52.0
31.0
77.5
43.0
70.0
46.0
88.0
80.5
65.5
53.5
56.5
31.0
64.0
16.0
146.5
139.0
110.5
53.5
64.0
56.5
73.0
103.0
107.5
55.0
43.0
61.0
77.5
23.5
14.5
92.5
31.0
88.0
56.5
34.0
47.5
119.5
124.0
94.0
76.0
38.5
41.5
43.0
122.5
55.0
77.5
73.0
38.5
1.0
25.0
32.5
34.0
59.5
58.0
31.0
43.0
71.5
98.5
38.5
94.0
13.0
79.0
16.0
16.0
104.5
1.0
19.0
68.5
86.5
35.5
116.5
59.5
95.5
94.0
50.5
26.5
76.0
104.5
76.0
59.5
133.0
71.5
8.5
148.0
47.5
22.0
157.0
64.0
11.5
46.0
58.0
44.5
76.0
104.5
80.5
79.0
86.5
31.0
46.0
29.5
32.5
50.5
92.5
88.0
49.0
125.5
43.0
137.5
26.5
40.0
77.5
79.0
26.5
95.5
109.0
65.5
50.5
38.5
58.0
56.5
10.0
70.0
76.0
106.0
73.0
19.0
53.5
52.0
91.0
92.5
83.5
79.0
206.5
118.0
143.5
26.5
46.0
56.5
71.5
67.0
136.0
53.5
115.0
107.5
53.5
80.5
32.5
25.0
47.5
40.0
46.0
103.0
20.5
86.5
80.5
46.0
34.0
56.5
130.0
116.5
194.5
152.5
107.5
73.0
92.5
101.5
50.5
121.0
62.5
44.5
56.5
71.5
101.5
61.0
85.0
92.5
41.5
56.5
53.5
62.5
91.0
19.0
56.5
25.0
64.0
73.0
40.0
53.5
52.0
113.5
34.0
70.0
13.0
67.0
37.0
34.0
101.5
19.0
23.5
73.0
64.0
188.5
44.5
13.0
37.0
53.5
76.0
25.0
83.5
44.5
113.5
44.5
77.5
17.5
44.5
49.0
16.0
97.0
83.5
67.0
77.5
47.5
64.0
116.5
50.5
55.0
74.5
13.0
67.0
38.5
46.0
62.5
116.5
62.5
19.0
37.0
95.5
82.0
47.5
148.0
13.0
40.0
49.0
92.5
113.5
91.0
20.5
70.0
77.5
115.0
16.0
61.0
56.5
34.0
47.5
47.5
56.5
29.5
38.5
17.5
158.5
61.0
23.5
71.5
140.5
77.5
133.0
49.0
4.0
98.5
94.0
41.5
47.5
47.5
38.5
46.0
32.5
73.0
40.0
107.5
35.5
197.5
13.0
82.0
89.5
71.5
68.5
91.0
61.0
181.0
67.0
56.5
19.0
59.5
49.0
23.5
61.0
37.0
74.5
79.0
19.0
70.0
43.0
77.5
20.5
83.5
65.5
107.5
52.0
50.5
38.5
32.5
47.5
95.5
56.5
92.5
59.5
41.5
28.0
26.5
28.0
53.5
119.5
55.0
32.5
34.0
106.0
35.5
25.0
46.0
59.5
73.0
19.0
47.5
32.5
10.0
37.0
41.5
19.0
43.0
41.5
68.5
35.5
5.5
61.0
20.5
143.5
89.5
175.0
31.0
95.5
83.5
56.5
103.0
109.0
64.0
88.0
41.5
14.5
34.0
14.5
55.0
28.0
16.0
34.0
46.0
56.5
100.0
73.0
49.0
43.0
79.0
50.5
79.0
23.5
38.5
22.0
17.5
17.5
37.0
28.0
44.5
131.5
10.0
115.0
113.5
29.5
92.5
86.5
14.5
7.0
61.0
170.5
221.5
47.5
49.0
71.5
23.5
29.5
58.0
8.5
31.0
95.5
77.5
167.5
97.0
67.0
59.5
25.0
68.5
112.0
10.0
112.0
85.0
17.5
26.5
68.5
163.0
32.5
92.5
98.5
161.5
49.0
65.5
46.0
68.5
85.0
41.5
136.0
118.0
146.5
100.0
53.5
77.5
82.0
10.0
61.0
68.5
164.5
5.5
64.0
68.5
154.0
79.0
59.5
68.5
70.0
88.0
41.5
119.5
50.5
64.0
91.0
41.5
52.0
55.0
53.5
56.5
112.0
88.0
25.0
37.0
28.0
67.0
61.0
28.0
77.5
91.0
104.5
17.5
28.0
35.5
52.0
53.5
37.0
62.5
22.0
31.0
10.0
73.0
125.5
179.5
41.5
130.0
86.5
37.0
155.5
77.5
28.0
43.0
31.0
79.0
130.0
133.0
170.5
29.5
116.5
13.0
46.0
19.0
50.5
14.5
14.5
80.5
163.0
37.0
79.0
82.0
11.5
74.5
46.0
35.5
65.5
124.0
98.5
52.0
68.5
79.0
133.0
100.0
74.5
59.5
61.0
28.0
80.5
34.0
101.5
88.0
40.0
92.5
37.0
116.5
67.0
131.5
94.0
49.0
29.5
70.0
55.0
79.0
50.5
40.0
22.0
94.0
20.5
92.5
85.0
64.0
8.5
140.5
61.0
55.0
37.0
7.0
55.0
8.5
94.0
58.0
29.5
34.0
38.5
172.0
22.0
71.5
113.5
140.5
95.5
64.0
95.5
20.5
14.5
85.0
50.5
145.0
50.5
53.5
26.5
65.5
175.0
58.0
50.5
133.0
79.0
67.0
133.0
43.0
125.5
41.5
95.5
14.5
59.5
89.5
124.0
34.0
172.0
37.0
26.5
77.5
29.5
112.0
47.5
86.5
52.0
50.5
97.0
46.0
62.5
77.5
28.0
47.5
19.0
43.0
11.5
85.0
64.0
14.5
92.5
34.0
59.5
53.5
68.5
97.0
52.0
95.5
77.5
13.0
