251.5
121.0
152.5
95.5
302.5
109.0
454.0
166.0
653.5
407.5
151.0
218.5
598.0
275.5
136.0
494.5
155.5
488.5
199.0
523.0
667.0
500.5
214.0
440.5
640.0
185.5
271.0
134.5
626.5
74.5
392.5
535.0
125.5
442.0
86.5
143.5
58.0
502.0
79.0
166.0
197.5
280.0
241.0
139.0
97.0
340.0
554.5
337.0
611.5
241.0
581.5
47.5
154.0
128.5
284.5
379.0
268.0
110.5
116.5
398.5
637.0
299.5
730.0
160.0
589.0
191.5
695.5
61.0
247.0
263.5
65.5
704.5
95.5
41.5
181.0
235.0
98.5
350.5
829.0
142.0
608.5
58.0
718.0
128.5
361.0
679.0
107.5
583.0
682.0
35.5
127.0
136.0
500.5
749.5
256.0
610.0
365.5
280.0
193.0
229.0
419.5
542.5
593.5
428.5
385.0
458.5
335.5
361.0
344.5
493.0
103.0
350.5
560.5
196.0
341.5
236.5
662.5
664.0
647.5
737.5
719.5
223.0
463.0
652.0
50.5
484.0
100.0
298.0
352.0
65.5
401.5
178.0
259.0
146.5
463.0
299.5
439.0
49.0
572.5
148.0
199.0
395.5
302.5
43.0
646.0
208.0
413.5
514.0
170.5
713.5
127.0
475.0
710.5
353.5
250.0
164.5
341.5
128.5
160.0
367.0
700.0
569.5
217.0
253.0
133.0
218.5
308.5
569.5
347.5
506.5
215.5
431.5
532.0
224.5
655.0
776.5
181.0
485.5
125.5
653.5
571.0
464.5
401.5
163.0
500.5
196.0
704.5
356.5
190.0
128.5
590.5
134.5
220.0
319.0
178.0
316.0
634.0
529.0
262.0
182.5
727.0
542.5
280.0
713.5
404.5
22.0
212.5
373.0
268.0
569.5
302.5
254.5
145.0
223.0
349.0
275.5
100.0
233.5
658.0
241.0
620.5
551.5
158.5
280.0
83.5
176.5
53.5
64.0
349.0
443.5
238.0
232.0
572.5
229.0
284.5
509.5
686.5
227.5
640.0
61.0
95.5
196.0
314.5
535.0
557.5
32.5
655.0
295.0
467.5
643.0
241.0
11.5
664.0
124.0
446.5
227.5
595.0
194.5
173.5
686.5
197.5
236.5
409.0
161.5
334.0
452.5
350.5
85.0
290.5
838.0
235.0
53.5
508.0
470.5
608.5
91.0
562.0
185.5
364.0
371.5
419.5
412.0
274.0
121.0
478.0
314.5
520.0
76.0
377.5
635.5
115.0
85.0
418.0
569.5
637.0
158.5
151.0
448.0
578.5
170.5
154.0
362.5
373.0
121.0
260.5
568.0
383.5
215.5
154.0
830.5
697.0
460.0
638.5
298.0
562.0
47.5
502.0
334.0
89.5
140.5
298.0
391.0
262.0
499.0
170.5
265.0
490.0
551.5
511.0
643.0
389.5
649.0
733.0
101.5
106.0
448.0
134.5
635.5
181.0
638.5
76.0
331.0
770.5
601.0
514.0
230.5
434.5
233.5
266.5
113.5
292.0
664.0
68.5
268.0
359.5
799.0
314.5
203.5
557.5
106.0
380.5
442.0
607.0
119.5
613.0
548.5
206.5
82.0
367.0
700.0
538.0
307.0
205.0
656.5
575.5
206.5
419.5
623.5
428.5
656.5
524.5
239.5
251.5
223.0
377.5
205.0
401.5
260.5
542.5
431.5
262.0
496.0
464.5
137.5
197.5
187.0
662.5
481.0
253.0
724.0
139.0
104.5
655.0
520.0
380.5
59.5
458.5
301.0
253.0
44.5
185.5
350.5
167.5
554.5
365.5
154.0
299.5
172.0
470.5
437.5
391.0
398.5
397.0
161.5
572.5
310.0
568.0
472.0
152.5
626.5
398.5
62.5
112.0
320.5
176.5
512.5
556.0
220.0
151.0
488.5
385.0
179.5
112.0
431.5
355.0
482.5
298.0
76.0
658.0
208.0
502.0
634.0
203.5
439.0
250.0
242.5
283.0
358.0
271.0
562.0
739.0
241.0
140.5
350.5
664.0
509.5
235.0
248.5
527.5
122.5
92.5
491.5
172.0
518.5
470.5
724.0
115.0
371.5
379.0
689.5
151.0
599.5
124.0
701.5
472.0
133.0
328.0
199.0
106.0
545.5
589.0
647.5
74.5
263.5
559.0
553.0
580.0
37.0
649.0
188.5
677.5
83.5
70.0
113.5
754.0
350.5
83.5
376.0
583.0
409.0
734.5
635.5
457.0
496.0
586.0
311.5
418.0
622.0
191.5
218.5
427.0
346.0
251.5
317.5
436.0
190.0
271.0
524.5
127.0
388.0
406.0
242.5
226.0
103.0
118.0
136.0
56.5
32.5
152.5
299.5
484.0
148.0
143.5
704.5
211.0
64.0
148.0
473.5
68.5
571.0
71.5
422.5
301.0
163.0
793.0
350.5
460.0
463.0
118.0
626.5
628.0
337.0
691.0
43.0
164.5
388.0
577.0
638.5
94.0
266.5
316.0
586.0
373.0
485.5
610.0
185.5
70.0
187.0
322.0
608.5
577.0
437.5
466.0
163.0
317.5
266.5
451.0
520.0
77.5
338.5
101.5
173.5
374.5
190.0
232.0
325.0
35.5
601.0
28.0
515.5
329.5
557.5
292.0
503.5
241.0
179.5
316.0
313.0
316.0
419.5
136.0
541.0
325.0
545.5
581.5
740.5
212.5
427.0
328.0
62.5
65.5
265.0
415.0
266.5
605.5
736.0
628.0
337.0
391.0
265.0
235.0
503.5
511.0
515.5
592.0
487.0
149.5
676.0
215.5
433.0
148.0
449.5
202.0
505.0
277.0
700.0
157.0
388.0
89.5
526.0
350.5
260.5
190.0
593.5
136.0
91.0
619.0
485.5
368.5
484.0
115.0
646.0
355.0
187.0
152.5
188.5
26.5
233.5
215.5
535.0
173.5
278.5
373.0
217.0
293.5
58.0
260.5
532.0
592.0
575.5
25.0
599.5
559.0
670.0
638.5
559.0
235.0
640.0
116.5
74.5
145.0
116.5
511.0
536.5
629.5
751.0
529.0
266.5
500.5
793.0
293.5
205.0
689.5
269.5
86.5
280.0
35.5
413.5
365.5
587.5
433.0
619.0
568.0
638.5
86.5
436.0
374.5
536.5
227.5
43.0
407.5
470.5
337.0
617.5
643.0
374.5
109.0
170.5
350.5
491.5
449.5
230.5
64.0
466.0
599.5
107.5
379.0
520.0
158.5
508.0
290.5
106.0
641.5
550.0
412.0
139.0
341.5
235.0
554.5
271.0
299.5
107.5
604.0
230.5
125.5
125.5
488.5
742.0
527.5
355.0
524.5
338.5
268.0
787.0
142.0
611.5
625.0
362.5
157.0
646.0
659.5
172.0
323.5
389.5
208.0
326.5
449.5
539.5
490.0
76.0
53.5
182.5
539.5
269.5
290.5
317.5
436.0
758.5
293.5
466.0
673.0
484.0
215.5
67.0
325.0
497.5
725.5
311.5
188.5
220.0
461.5
575.5
190.0
83.5
134.5
130.0
584.5
188.5
266.5
110.5
92.5
449.5
430.0
328.0
523.0
226.0
790.0
491.5
485.5
221.5
692.5
166.0
326.5
158.5
361.0
281.5
782.5
302.5
31.0
535.0
283.0
590.5
242.5
176.5
40.0
280.0
379.0
106.0
476.5
608.5
65.5
229.0
451.0
232.0
164.5
592.0
77.5
670.0
388.0
610.0
74.5
539.5
61.0
499.0
325.0
76.0
419.5
415.0
176.5
661.0
280.0
458.5
46.0
680.5
317.5
244.0
439.0
296.5
290.5
401.5
370.0
532.0
289.0
247.0
104.5
167.5
142.0
434.5
205.0
128.5
269.5
106.0
217.0
22.0
469.0
199.0
383.5
328.0
598.0
197.5
497.5
77.5
148.0
635.5
149.5
370.0
79.0
377.5
596.5
449.5
683.5
398.5
145.0
181.0
28.0
310.0
758.5
26.5
250.0
388.0
70.0
733.0
113.5
205.0
89.5
602.5
221.5
433.0
422.5
307.0
107.5
610.0
329.5
758.5
73.0
623.5
287.5
187.0
172.0
175.0
266.5
169.0
329.5
190.0
274.0
680.5
187.0
194.5
568.0
215.5
431.5
616.0
116.5
442.0
365.5
382.0
377.5
613.0
212.5
572.5
661.0
175.0
161.5
236.5
206.5
670.0
683.5
232.0
217.0
113.5
328.0
562.0
196.0
475.0
638.5
424.0
451.0
221.5
442.0
440.5
346.0
293.5
155.5
400.0
472.0
647.5
647.5
239.5
409.0
326.5
565.0
682.0
506.5
670.0
622.0
214.0
178.0
328.0
773.5
749.5
736.0
365.5
203.5
244.0
547.0
209.5
649.0
523.0
487.0
140.5
706.0
502.0
266.5
640.0
184.0
247.0
292.0
145.0
313.0
619.0
371.5
301.0
403.0
476.5
658.0
77.5
212.5
394.0
388.0
581.5
520.0
194.5
659.5
337.0
401.5
35.5
394.0
280.0
14.5
70.0
97.0
704.5
431.5
287.5
757.0
271.0
392.5
38.5
26.5
152.5
257.5
182.5
562.0
292.0
67.0
647.5
130.0
400.0
359.5
323.5
605.5
100.0
442.0
578.5
368.5
239.5
508.0
158.5
283.0
254.5
778.0
104.5
194.5
299.5
280.0
43.0
299.5
77.5
64.0
388.0
496.0
659.5
103.0
122.5
605.5
206.5
304.0
424.0
337.0
655.0
22.0
479.5
352.0
701.5
499.0
716.5
98.5
101.5
44.5
437.5
694.0
341.5
265.0
139.0
218.5
427.0
193.0
535.0
595.0
565.0
110.5
239.5
575.5
814.0
248.5
343.0
334.0
427.0
395.5
191.5
251.5
337.0
659.5
341.5
335.5
203.5
502.0
680.5
535.0
116.5
118.0
362.5
100.0
728.5
215.5
320.5
317.5
349.0
118.0
271.0
262.0
563.5
539.5
602.5
454.0
197.5
400.0
59.5
511.0
496.0
424.0
496.0
305.5
797.5
77.5
401.5
325.0
356.5
449.5
259.0
59.5
376.0
313.0
422.5
605.5
170.5
188.5
290.5
316.0
97.0
541.0
500.5
172.0
148.0
524.5
268.0
563.5
187.0
322.0
170.5
107.5
272.5
307.0
625.0
248.5
22.0
175.0
292.0
410.5
422.5
454.0
338.5
653.5
160.0
85.0
410.5
292.0
133.0
247.0
308.5
382.0
560.5
533.5
644.5
145.0
92.5
299.5
416.5
304.0
229.0
202.0
449.5
385.0
511.0
140.5
62.5
85.0
578.5
454.0
338.5
229.0
716.5
491.5
265.0
812.5
253.0
70.0
458.5
104.5
298.0
340.0
724.0
377.5
209.5
188.5
346.0
190.0
206.5
592.0
439.0
238.0
100.0
710.5
101.5
514.0
151.0
224.5
239.5
257.5
553.0
496.0
296.5
133.0
196.0
577.0
92.5
376.0
127.0
626.5
599.5
155.5
548.5
110.5
500.5
137.5
490.0
151.0
532.0
701.5
127.0
373.0
178.0
553.0
389.5
550.0
455.5
623.5
485.5
373.0
73.0
740.5
158.5
512.5
476.5
280.0
617.5
571.0
127.0
338.5
97.0
11.5
134.5
266.5
313.0
308.5
268.0
367.0
601.0
808.0
329.5
205.0
656.5
412.0
392.5
382.0
320.5
199.0
572.5
605.5
655.0
133.0
697.0
64.0
176.5
146.5
613.0
457.0
233.5
374.5
50.5
542.5
260.5
406.0
274.0
383.5
224.5
383.5
491.5
373.0
320.5
164.5
599.5
256.0
194.5
157.0
713.5
319.0
430.0
146.5
337.0
568.0
515.5
355.0
94.0
595.0
163.0
193.0
88.0
154.0
502.0
149.5
220.0
244.0
403.0
118.0
620.5
352.0
599.5
335.5
203.5
22.0
196.0
107.5
334.0
245.5
191.5
550.0
286.0
731.5
334.0
224.5
97.0
325.0
614.5
56.5
92.5
206.5
61.0
503.5
190.0
475.0
557.5
232.0
425.5
119.5
316.0
565.0
365.5
365.5
98.5
299.5
397.0
94.0
104.5
739.0
305.5
437.5
577.0
668.5
203.5
445.0
596.5
391.0
253.0
266.5
211.0
227.5
328.0
424.0
208.0
122.5
62.5
170.5
212.5
566.5
121.0
248.5
344.5
275.5
595.0
527.5
532.0
590.5
473.5
298.0
461.5
173.5
428.5
218.5
115.0
598.0
656.5
236.5
206.5
659.5
383.5
710.5
383.5
166.0
343.0
101.5
373.0
400.0
287.5
269.5
503.5
241.0
437.5
343.0
260.5
326.5
262.0
455.5
110.5
641.5
113.5
497.5
163.0
244.0
143.5
50.5
35.5
178.0
92.5
467.5
752.5
488.5
661.0
170.5
308.5
167.5
374.5
469.0
43.0
259.0
217.0
349.0
401.5
316.0
364.0
431.5
265.0
277.0
71.5
236.5
245.5
518.5
289.0
95.5
193.0
724.0
674.5
776.5
595.0
599.5
119.5
722.5
652.0
145.0
548.5
178.0
167.5
719.5
299.5
271.0
427.0
34.0
496.0
170.5
275.5
188.5
335.5
305.5
118.0
424.0
638.5
592.0
358.0
80.5
118.0
638.5
227.5
176.5
338.5
554.5
409.0
508.0
518.5
209.5
130.0
184.0
163.0
352.0
158.5
242.5
398.5
82.0
155.5
179.5
265.0
511.0
49.0
218.5
776.5
149.5
413.5
23.5
119.5
583.0
251.5
535.0
314.5
688.0
260.5
520.0
592.0
533.5
454.0
254.5
415.0
353.5
397.0
103.0
250.0
415.0
532.0
406.0
308.5
121.0
62.5
602.5
47.5
223.0
233.5
229.0
472.0
176.5
307.0
235.0
248.5
140.5
236.5
670.0
116.5
377.5
745.0
442.0
116.5
694.0
76.0
196.0
421.0
227.5
449.5
208.0
323.5
331.0
331.0
499.0
683.5
625.0
346.0
458.5
374.5
274.0
679.0
425.5
530.5
289.0
505.0
223.0
254.5
280.0
314.5
724.0
122.5
109.0
332.5
409.0
430.0
356.5
242.5
284.5
350.5
155.5
119.5
478.0
688.0
142.0
379.0
226.0
526.0
163.0
158.5
367.0
673.0
329.5
94.0
199.0
184.0
290.5
308.5
158.5
187.0
787.0
112.0
368.5
295.0
62.5
535.0
182.5
170.5
785.5
109.0
196.0
292.0
535.0
500.5
58.0
118.0
511.0
128.5
86.5
514.0
145.0
448.0
112.0
34.0
335.5
160.0
335.5
215.5
110.5
382.0
158.5
712.0
427.0
343.0
341.5
365.5
322.0
305.5
182.5
364.0
415.0
551.5
407.5
706.0
757.0
385.0
542.5
134.5
155.5
346.0
11.5
259.0
437.5
38.5
110.5
301.0
334.0
301.0
401.5
433.0
151.0
382.0
542.5
499.0
79.0
343.0
433.0
398.5
640.0
113.5
235.0
163.0
202.0
715.0
473.5
205.0
620.5
688.0
580.0
310.0
554.5
605.5
676.0
608.5
155.5
197.5
746.5
158.5
79.0
260.5
652.0
653.5
788.5
146.5
514.0
25.0
544.0
206.5
614.5
85.0
232.0
523.0
326.5
182.5
76.0
176.5
166.0
116.5
422.5
302.5
110.5
382.0
278.5
95.5
184.0
247.0
203.5
341.5
517.0
602.5
707.5
418.0
173.5
221.5
260.5
407.5
280.0
472.0
116.5
376.0
137.5
475.0
520.0
82.0
179.5
524.5
110.5
92.5
205.0
404.5
602.5
145.0
757.0
667.0
229.0
86.5
556.0
323.5
542.5
583.0
275.5
161.5
148.0
176.5
253.0
185.5
326.5
307.0
586.0
422.5
242.5
752.5
422.5
413.5
83.5
17.5
398.5
496.0
478.0
275.5
668.5
268.0
221.5
449.5
256.0
389.5
556.0
217.0
193.0
596.5
76.0
250.0
269.5
101.5
116.5
110.5
116.5
124.0
590.5
590.5
554.5
160.0
241.0
607.0
464.5
481.0
613.0
353.5
149.5
323.5
325.0
473.5
148.0
202.0
562.0
398.5
259.0
55.0
520.0
410.5
323.5
284.5
574.0
221.5
560.5
469.0
422.5
209.5
388.0
112.0
91.0
574.0
236.5
82.0
431.5
73.0
289.0
586.0
149.5
187.0
193.0
335.5
127.0
566.5
409.0
145.0
148.0
551.5
436.0
130.0
542.5
526.0
500.5
556.0
400.0
773.5
250.0
733.0
308.5
382.0
203.5
584.5
43.0
101.5
592.0
88.0
113.5
361.0
527.5
178.0
319.0
662.5
121.0
340.0
478.0
592.0
152.5
296.5
583.0
106.0
560.5
463.0
403.0
565.0
406.0
205.0
194.5
413.5
232.0
172.0
391.0
823.0
409.0
623.5
431.5
425.5
179.5
674.5
127.0
304.0
416.5
788.5
478.0
461.5
254.5
178.0
629.5
452.5
121.0
556.0
131.5
355.0
115.0
461.5
439.0
229.0
608.5
509.5
245.5
581.5
65.5
74.5
388.0
158.5
377.5
91.0
262.0
232.0
274.0
46.0
149.5
667.0
430.0
340.0
176.5
559.0
112.0
148.0
160.0
626.5
85.0
745.0
253.0
88.0
236.5
539.5
407.5
172.0
238.0
316.0
469.0
586.0
335.5
646.0
581.5
55.0
139.0
458.5
137.5
161.5
245.5
628.0
646.0
212.5
259.0
173.5
229.0
382.0
250.0
179.5
151.0
418.0
65.5
155.5
616.0
379.0
196.0
539.5
467.5
401.5
380.5
130.0
140.5
116.5
335.5
701.5
280.0
59.5
62.5
325.0
710.5
443.5
542.5
214.0
790.0
344.5
101.5
103.0
476.5
232.0
418.0
286.0
596.5
200.5
112.0
439.0
380.5
37.0
406.0
218.5
743.5
517.0
463.0
559.0
398.5
748.0
386.5
398.5
505.0
562.0
335.5
170.5
208.0
131.5
448.0
356.5
364.0
178.0
422.5
358.0
136.0
155.5
572.5
488.5
629.5
122.5
121.0
8.5
605.5
286.0
130.0
407.5
169.0
485.5
185.5
247.0
109.0
482.5
94.0
299.5
245.5
304.0
362.5
472.0
160.0
128.5
167.5
346.0
208.0
272.5
352.0
343.0
581.5
25.0
434.5
160.0
161.5
172.0
152.5
586.0
322.0
202.0
362.5
137.5
542.5
215.5
130.0
532.0
580.0
229.0
119.5
395.5
250.0
244.0
563.5
248.5
182.5
553.0
212.5
535.0
664.0
439.0
469.0
326.5
311.5
187.0
577.0
284.5
13.0
385.0
619.0
307.0
731.5
259.0
188.5
434.5
643.0
131.5
571.0
493.0
179.5
223.0
275.5
38.5
535.0
605.5
226.0
194.5
455.5
242.5
290.5
77.5
136.0
217.0
677.5
335.5
551.5
436.0
457.0
217.0
260.5
166.0
244.0
473.5
289.0
439.0
365.5
593.5
121.0
371.5
472.0
653.5
44.5
409.0
460.0
115.0
460.0
466.0
382.0
421.0
241.0
440.5
310.0
364.0
422.5
575.5
601.0
253.0
173.5
79.0
661.0
83.5
713.5
200.5
88.0
781.0
607.0
362.5
559.0
311.5
619.0
169.0
335.5
704.5
494.5
539.5
506.5
422.5
521.5
434.5
484.0
116.5
581.5
380.5
338.5
325.0
74.5
371.5
268.0
157.0
100.0
155.5
499.0
233.5
319.0
233.5
193.0
419.5
217.0
673.0
53.5
595.0
446.5
472.0
382.0
47.5
667.0
194.5
367.0
244.0
746.5
206.5
241.0
176.5
464.5
136.0
238.0
128.5
610.0
409.0
329.5
739.0
514.0
259.0
112.0
250.0
164.5
304.0
46.0
296.5
698.5
185.5
116.5
349.0
167.5
373.0
653.5
296.5
673.0
311.5
250.0
142.0
371.5
610.0
79.0
469.0
617.5
478.0
92.5
215.5
223.0
140.5
230.5
265.0
325.0
158.5
388.0
764.5
164.5
365.5
367.0
527.5
538.0
688.0
503.5
733.0
269.5
145.0
44.5
224.5
370.0
113.5
197.5
230.5
209.5
365.5
374.5
535.0
266.5
134.5
182.5
275.5
50.5
346.0
583.0
416.5
431.5
454.0
650.5
524.5
328.0
449.5
500.5
287.5
337.0
175.0
601.0
160.0
139.0
407.5
460.0
107.5
431.5
319.0
550.0
143.5
211.0
721.0
307.0
155.5
308.5
604.0
448.0
215.5
431.5
475.0
188.5
91.0
158.5
283.0
455.5
244.0
95.5
544.0
373.0
319.0
434.5
449.5
131.5
407.5
92.5
544.0
148.0
317.5
122.5
320.5
490.0
287.5
137.5
248.5
679.0
362.5
349.0
152.5
218.5
74.5
575.5
500.5
683.5
194.5
110.5
217.0
563.5
544.0
778.0
632.5
502.0
617.5
385.0
155.5
374.5
416.5
580.0
454.0
224.5
419.5
188.5
553.0
70.0
287.5
479.5
305.5
80.5
335.5
367.0
584.5
76.0
119.5
653.5
416.5
79.0
446.5
58.0
452.5
269.5
578.5
674.5
259.0
259.0
70.0
436.0
98.5
149.5
338.5
115.0
154.0
221.5
182.5
643.0
716.5
206.5
554.5
241.0
473.5
476.5
731.5
137.5
710.5
188.5
397.0
262.0
421.0
829.0
362.5
254.5
307.0
574.0
316.0
326.5
214.0
269.5
305.5
346.0
476.5
5.5
593.5
518.5
148.0
583.0
416.5
401.5
320.5
305.5
173.5
442.0
572.5
301.0
599.5
92.5
278.5
224.5
359.5
350.5
293.5
104.5
349.0
449.5
743.5
857.5
284.5
554.5
373.0
631.0
77.5
569.5
425.5
386.5
161.5
620.5
436.0
20.5
461.5
547.0
251.5
235.0
644.5
518.5
538.0
113.5
310.0
598.0
745.0
170.5
368.5
253.0
350.5
94.0
208.0
718.0
494.5
125.5
772.0
185.5
67.0
416.5
115.0
646.0
146.5
131.5
602.5
476.5
208.0
442.0
325.0
395.5
265.0
272.5
199.0
127.0
284.5
217.0
95.5
190.0
227.5
314.5
29.5
85.0
376.0
281.5
517.0
523.0
124.0
208.0
752.5
194.5
587.5
254.5
86.5
413.5
290.5
304.0
185.5
382.0
229.0
641.5
773.5
68.5
298.0
214.0
332.5
247.0
103.0
574.0
319.0
112.0
355.0
629.5
188.5
260.5
791.5
395.5
206.5
73.0
304.0
488.5
217.0
475.0
154.0
193.0
544.0
260.5
358.0
730.0
691.0
521.5
367.0
352.0
565.0
542.5
122.5
554.5
56.5
694.0
433.0
260.5
85.0
721.0
553.0
79.0
161.5
554.5
332.5
584.5
361.0
748.0
718.0
272.5
112.0
794.5
250.0
692.5
274.0
259.0
392.5
230.5
151.0
698.5
682.0
694.0
176.5
517.0
160.0
566.5
161.5
242.5
548.5
139.0
398.5
326.5
241.0
193.0
632.5
122.5
416.5
136.0
182.5
173.5
245.5
259.0
199.0
286.0
154.0
212.5
658.0
523.0
185.5
440.5
226.0
601.0
760.0
592.0
442.0
307.0
686.5
518.5
259.0
505.0
266.5
128.5
655.0
167.5
83.5
41.5
449.5
488.5
592.0
637.0
104.5
316.0
211.0
185.5
670.0
733.0
199.0
410.5
580.0
323.5
353.5
26.5
809.5
433.0
220.0
283.0
182.5
218.5
190.0
190.0
145.0
623.5
202.0
545.5
314.5
437.5
502.0
218.5
506.5
595.0
475.0
194.5
448.0
463.0
209.5
250.0
67.0
418.0
124.0
313.0
496.0
544.0
259.0
653.5
128.5
535.0
301.0
344.5
533.5
452.5
128.5
250.0
166.0
151.0
26.5
497.5
413.5
217.0
251.5
232.0
491.5
664.0
697.0
163.0
689.5
164.5
580.0
205.0
101.5
190.0
482.5
367.0
179.5
629.5
578.5
203.5
311.5
227.5
59.5
370.0
83.5
248.5
88.0
220.0
719.5
212.5
239.5
757.0
677.5
478.0
602.5
104.5
272.5
377.5
761.5
143.5
580.0
278.5
361.0
551.5
514.0
725.5
422.5
449.5
190.0
601.0
379.0
415.0
190.0
454.0
578.5
97.0
292.0
224.5
160.0
220.0
103.0
238.0
449.5
343.0
469.0
196.0
91.0
568.0
338.5
254.5
298.0
127.0
115.0
220.0
119.5
580.0
475.0
322.0
245.5
610.0
677.5
676.0
223.0
346.0
335.5
47.5
253.0
157.0
646.0
23.5
62.5
245.5
652.0
296.5
53.5
128.5
436.0
547.0
604.0
209.5
361.0
325.0
641.5
344.5
383.5
511.0
424.0
410.5
86.5
299.5
203.5
362.5
101.5
586.0
139.0
307.0
253.0
662.5
134.5
445.0
59.5
100.0
548.5
356.5
335.5
254.5
575.5
283.0
34.0
136.0
560.5
302.5
752.5
409.0
199.0
575.5
437.5
34.0
238.0
254.5
11.5
362.5
365.5
521.5
209.5
325.0
401.5
313.0
493.0
281.5
340.0
100.0
157.0
239.5
569.5
601.0
131.5
122.5
160.0
799.0
226.0
70.0
397.0
200.5
521.5
344.5
299.5
641.5
383.5
130.0
178.0
245.5
202.0
401.5
242.5
650.5
148.0
440.5
656.5
533.5
95.5
187.0
211.0
580.0
109.0
437.5
377.5
539.5
638.5
760.0
470.5
122.5
523.0
380.5
338.5
179.5
427.0
623.5
236.5
545.5
274.0
712.0
175.0
25.0
676.0
616.0
725.5
146.5
679.0
365.5
155.5
463.0
394.0
104.5
331.0
560.5
451.0
226.0
425.5
170.5
151.0
557.5
686.5
58.0
694.0
280.0
161.5
64.0
577.0
173.5
122.5
623.5
424.0
796.0
16.0
112.0
482.5
191.5
272.5
152.5
583.0
166.0
314.5
679.0
293.5
358.0
392.5
10.0
173.5
194.5
206.5
436.0
92.5
446.5
92.5
749.5
556.0
521.5
317.5
539.5
749.5
77.5
272.5
310.0
413.5
182.5
205.0
115.0
421.0
208.0
287.5
304.0
527.5
424.0
718.0
202.0
239.5
626.5
94.0
193.0
374.5
476.5
469.0
169.0
185.5
413.5
814.0
332.5
407.5
115.0
656.5
424.0
289.0
389.5
76.0
524.5
694.0
250.0
628.0
185.5
76.0
197.5
391.0
392.5
142.0
439.0
611.5
83.5
607.0
262.0
379.0
314.5
644.5
517.0
298.0
610.0
448.0
296.5
343.0
595.0
712.0
169.0
274.0
326.5
197.5
485.5
277.0
145.0
392.5
457.0
463.0
170.5
421.0
275.5
553.0
572.5
184.0
628.0
307.0
457.0
380.5
211.0
241.0
391.0
341.5
190.0
461.5
544.0
269.5
142.0
508.0
262.0
521.5
611.5
563.5
191.5
254.5
551.5
181.0
434.5
107.5
557.5
235.0
85.0
356.5
629.5
94.0
413.5
337.0
319.0
520.0
313.0
127.0
241.0
317.5
190.0
665.5
169.0
259.0
368.5
196.0
553.0
377.5
143.5
104.5
622.0
715.0
364.0
511.0
574.0
242.5
137.5
371.5
550.0
205.0
250.0
292.0
568.0
737.5
142.0
154.0
82.0
301.0
463.0
724.0
329.5
821.5
299.5
236.5
592.0
100.0
661.0
299.5
304.0
266.5
52.0
425.5
319.0
448.0
145.0
188.5
422.5
661.0
140.5
266.5
373.0
517.0
139.0
230.5
217.0
562.0
631.0
212.5
136.0
160.0
140.5
412.0
298.0
346.0
484.0
487.0
383.5
481.0
83.5
128.5
322.0
115.0
623.5
262.0
170.5
616.0
124.0
208.0
437.5
448.0
152.5
317.5
368.5
83.5
194.5
359.5
367.0
436.0
308.5
238.0
427.0
290.5
121.0
247.0
191.5
133.0
703.0
289.0
646.0
290.5
493.0
154.0
592.0
295.0
649.0
328.0
692.5
127.0
418.0
752.5
463.0
379.0
319.0
211.0
541.0
634.0
667.0
380.5
530.5
284.5
167.5
683.5
319.0
280.0
214.0
85.0
194.5
679.0
199.0
574.0
706.0
85.0
26.5
205.0
451.0
349.0
569.5
644.5
394.0
209.5
718.0
460.0
361.0
436.0
469.0
662.5
350.5
85.0
95.5
298.0
224.5
635.5
431.5
641.5
149.5
169.0
343.0
382.0
247.0
215.5
155.5
428.5
449.5
640.0
725.5
140.5
535.0
553.0
206.5
505.0
527.5
115.0
140.5
710.5
320.5
190.0
461.5
98.5
113.5
338.5
355.0
433.0
170.5
485.5
355.0
61.0
212.5
350.5
527.5
490.0
359.5
148.0
416.5
562.0
206.5
256.0
278.5
133.0
553.0
637.0
109.0
380.5
344.5
556.0
457.0
172.0
563.5
613.0
227.5
139.0
319.0
160.0
344.5
686.5
374.5
85.0
269.5
98.5
676.0
290.5
158.5
727.0
625.0
656.5
443.5
62.5
205.0
190.0
257.5
290.5
349.0
199.0
290.5
611.5
134.5
25.0
425.5
226.0
137.5
256.0
278.5
224.5
235.0
353.5
187.0
392.5
463.0
67.0
704.5
439.0
455.5
89.5
122.5
31.0
323.5
397.0
398.5
484.0
434.5
122.5
325.0
304.0
70.0
511.0
158.5
427.0
323.5
143.5
58.0
182.5
62.5
205.0
467.5
137.5
454.0
565.0
167.5
91.0
418.0
671.5
539.5
91.0
413.5
139.0
461.5
134.5
338.5
664.0
463.0
479.5
719.5
344.5
289.0
121.0
256.0
149.5
692.5
446.5
512.5
601.0
112.0
611.5
574.0
548.5
287.5
98.5
127.0
704.5
149.5
296.5
146.5
98.5
136.0
196.0
497.5
133.0
445.0
335.5
593.5
355.0
544.0
484.0
373.0
650.5
578.5
370.0
530.5
361.0
74.5
49.0
140.5
422.5
248.5
502.0
230.5
212.5
122.5
358.0
215.5
458.5
505.0
505.0
367.0
512.5
644.5
589.0
338.5
350.5
86.5
646.0
544.0
272.5
439.0
215.5
386.5
136.0
139.0
28.0
229.0
677.5
667.0
748.0
169.0
109.0
2.5
514.0
640.0
538.0
319.0
707.5
104.5
380.5
152.5
178.0
622.0
64.0
760.0
463.0
514.0
584.5
170.5
188.5
235.0
535.0
439.0
662.5
734.5
484.0
428.5
133.0
335.5
413.5
464.5
194.5
232.0
544.0
151.0
302.5
451.0
197.5
242.5
284.5
524.5
173.5
140.5
203.5
220.0
626.5
293.5
667.0
362.5
529.0
515.5
359.5
373.0
196.0
332.5
320.5
497.5
361.0
304.0
373.0
194.5
307.0
157.0
454.0
617.5
166.0
311.5
767.5
152.5
491.5
302.5
197.5
622.0
419.5
124.0
254.5
185.5
301.0
202.0
614.5
167.5
335.5
389.5
565.0
59.5
622.0
515.5
128.5
563.5
578.5
400.0
83.5
47.5
188.5
257.5
203.5
235.0
328.0
491.5
148.0
592.0
167.5
137.5
184.0
407.5
197.5
322.0
118.0
304.0
494.5
265.0
230.5
25.0
149.5
199.0
44.5
638.5
242.5
314.5
182.5
673.0
326.5
134.5
218.5
631.0
299.5
404.5
485.5
655.0
605.5
535.0
148.0
181.0
374.5
491.5
116.5
827.5
490.0
178.0
446.5
370.0
530.5
541.0
352.0
170.5
199.0
427.0
529.0
11.5
281.5
119.5
281.5
383.5
115.0
683.5
23.5
746.5
289.0
535.0
719.5
106.0
434.5
553.0
482.5
686.5
247.0
491.5
422.5
88.0
116.5
389.5
320.5
520.0
482.5
476.5
421.0
260.5
431.5
587.5
682.0
652.0
239.5
16.0
446.5
422.5
359.5
445.0
317.5
199.0
34.0
374.5
151.0
329.5
154.0
466.0
146.5
197.5
86.5
202.0
106.0
622.0
176.5
106.0
50.5
305.5
664.0
242.5
583.0
283.0
256.0
781.0
278.5
437.5
278.5
113.5
221.5
602.5
8.5
512.5
302.5
365.5
218.5
161.5
494.5
109.0
520.0
187.0
212.5
389.5
581.5
103.0
86.5
547.0
227.5
536.5
133.0
290.5
356.5
496.0
163.0
383.5
583.0
250.0
409.0
107.5
256.0
526.0
127.0
725.5
539.5
305.5
239.5
238.0
299.5
208.0
35.5
113.5
625.0
380.5
557.5
310.0
122.5
317.5
61.0
407.5
362.5
529.0
88.0
623.5
442.0
380.5
440.5
94.0
604.0
760.0
262.0
358.0
479.5
274.0
233.5
764.5
368.5
554.5
253.0
430.0
287.5
538.0
493.0
670.0
304.0
352.0
464.5
110.5
422.5
487.0
592.0
220.0
52.0
205.0
512.5
98.5
557.5
673.0
46.0
713.5
208.0
73.0
613.0
469.0
466.0
182.5
164.5
713.5
76.0
305.5
409.0
28.0
185.5
532.0
728.5
286.0
226.0
191.5
587.5
155.5
346.0
397.0
52.0
614.5
248.5
551.5
305.5
247.0
689.5
325.0
406.0
320.5
377.5
680.5
88.0
622.0
349.0
742.0
82.0
379.0
419.5
439.0
265.0
493.0
47.5
245.5
508.0
497.5
355.0
296.5
526.0
85.0
263.5
566.5
526.0
265.0
751.0
577.0
445.0
137.5
518.5
349.0
245.5
592.0
569.5
436.0
172.0
137.5
248.5
394.0
319.0
106.0
704.5
481.0
263.5
127.0
271.0
559.0
71.5
127.0
226.0
638.5
131.5
556.0
308.5
94.0
623.5
113.5
497.5
349.0
802.0
317.5
464.5
334.0
611.5
157.0
310.0
658.0
313.0
601.0
230.5
769.0
605.5
148.0
205.0
206.5
605.5
478.0
110.5
337.0
472.0
461.5
151.0
239.5
680.5
365.5
434.5
167.5
401.5
155.5
319.0
103.0
206.5
542.5
505.0
634.0
293.5
134.5
587.5
649.0
458.5
392.5
266.5
325.0
199.0
584.5
547.0
290.5
118.0
355.0
407.5
470.5
287.5
199.0
400.0
317.5
442.0
368.5
415.0
79.0
730.0
305.5
446.5
593.5
260.5
290.5
686.5
704.5
239.5
187.0
667.0
680.5
451.0
323.5
8.5
472.0
781.0
65.5
544.0
92.5
683.5
671.5
265.0
155.5
32.5
286.0
140.5
346.0
65.5
484.0
232.0
104.5
143.5
25.0
721.0
26.5
580.0
400.0
251.5
328.0
355.0
272.5
383.5
112.0
559.0
98.5
256.0
229.0
430.0
115.0
211.0
439.0
214.0
229.0
547.0
145.0
380.5
116.5
379.0
323.5
98.5
325.0
580.0
353.5
764.5
647.5
374.5
367.0
103.0
392.5
589.0
185.5
454.0
151.0
461.5
107.5
151.0
215.5
619.0
628.0
307.0
232.0
106.0
446.5
149.5
706.0
536.5
547.0
563.5
256.0
350.5
254.5
460.0
241.0
496.0
412.0
622.0
473.5
502.0
373.0
158.5
248.5
389.5
593.5
95.5
496.0
626.5
266.5
154.0
592.0
137.5
220.0
737.5
224.5
83.5
179.5
128.5
143.5
323.5
346.0
569.5
53.5
610.0
257.5
371.5
374.5
400.0
346.0
352.0
488.5
82.0
539.5
449.5
397.0
166.0
200.5
154.0
319.0
535.0
499.0
238.0
367.0
667.0
277.0
422.5
80.5
590.5
637.0
331.0
284.5
530.5
386.5
731.5
799.0
128.5
511.0
161.5
790.0
457.0
92.5
442.0
191.5
329.5
706.0
484.0
61.0
373.0
458.5
550.0
310.0
281.5
67.0
187.0
236.5
245.5
730.0
230.5
352.0
275.5
242.5
544.0
176.5
301.0
386.5
506.5
376.0
829.0
601.0
515.5
536.5
442.0
421.0
205.0
262.0
682.0
736.0
107.5
725.5
181.0
196.0
119.5
346.0
475.0
380.5
152.5
142.0
583.0
500.5
679.0
64.0
112.0
128.5
362.5
562.0
566.5
178.0
58.0
704.5
209.5
541.0
221.5
125.5
398.5
544.0
137.5
571.0
50.5
206.5
560.5
140.5
506.5
455.5
110.5
334.0
473.5
187.0
347.5
775.0
59.5
623.5
203.5
565.0
290.5
317.5
152.5
347.5
373.0
113.5
197.5
535.0
205.0
107.5
277.0
538.0
259.0
356.5
158.5
268.0
568.0
377.5
404.5
262.0
224.5
326.5
563.5
473.5
478.0
164.5
139.0
151.0
256.0
175.0
628.0
124.0
215.5
49.0
106.0
526.0
458.5
197.5
34.0
664.0
55.0
529.0
542.5
421.0
173.5
85.0
13.0
101.5
299.5
718.0
335.5
469.0
221.5
556.0
259.0
490.0
181.0
41.5
274.0
614.5
380.5
181.0
161.5
245.5
496.0
599.5
440.5
350.5
214.0
305.5
215.5
395.5
173.5
814.0
277.0
491.5
239.5
35.5
193.0
163.0
553.0
161.5
431.5
542.5
304.0
362.5
53.5
602.5
350.5
446.5
733.0
301.0
307.0
55.0
332.5
41.5
515.5
155.5
131.5
139.0
26.5
263.5
115.0
472.0
110.5
764.5
574.0
539.5
200.5
85.0
668.5
628.0
209.5
664.0
365.5
694.0
191.5
622.0
451.0
635.5
232.0
688.0
448.0
403.0
725.5
292.0
491.5
163.0
742.0
130.0
472.0
418.0
62.5
152.5
334.0
476.5
488.5
572.5
91.0
409.0
385.0
646.0
700.0
181.0
721.0
169.0
587.5
89.5
164.5
253.0
743.5
373.0
169.0
59.5
52.0
103.0
709.0
280.0
248.5
323.5
143.5
133.0
185.5
694.0
595.0
98.5
46.0
32.5
716.5
446.5
508.0
289.0
295.0
425.5
242.5
373.0
140.5
368.5
455.5
127.0
397.0
676.0
458.5
173.5
355.0
425.5
607.0
679.0
727.0
160.0
614.5
295.0
433.0
292.0
703.0
50.5
208.0
326.5
358.0
566.5
65.5
473.5
163.0
179.5
286.0
77.5
709.0
68.5
646.0
311.5
323.5
112.0
608.5
227.5
109.0
145.0
643.0
125.5
311.5
242.5
217.0
313.0
205.0
581.5
194.5
497.5
620.5
304.0
94.0
352.0
182.5
232.0
166.0
98.5
514.0
361.0
320.5
44.5
515.5
158.5
64.0
470.5
50.5
481.0
235.0
524.5
658.0
595.0
668.5
281.5
118.0
395.5
71.5
119.5
580.0
532.0
136.0
437.5
515.5
866.5
317.5
598.0
305.5
584.5
241.0
76.0
536.5
106.0
107.5
806.5
361.0
491.5
608.5
412.0
161.5
235.0
670.0
374.5
199.0
593.5
337.0
295.0
625.0
142.0
308.5
581.5
385.0
175.0
577.0
371.5
476.5
271.0
560.5
439.0
59.5
703.0
113.5
47.5
146.5
122.5
611.5
227.5
118.0
184.0
521.5
167.5
403.0
578.5
506.5
272.5
220.0
269.5
343.0
176.5
757.0
112.0
557.5
185.5
593.5
56.5
857.5
532.0
103.0
421.0
265.0
419.5
74.5
76.0
109.0
508.0
499.0
608.5
716.5
581.5
148.0
571.0
155.5
425.5
248.5
554.5
160.0
551.5
176.5
592.0
418.0
184.0
631.0
83.5
392.5
181.0
286.0
197.5
167.5
247.0
455.5
289.0
206.5
461.5
745.0
215.5
169.0
215.5
695.5
379.0
575.5
208.0
91.0
253.0
116.5
286.0
176.5
238.0
295.0
452.5
643.0
247.0
116.5
287.5
667.0
725.5
385.0
638.5
574.0
194.5
238.0
398.5
328.0
430.0
217.0
275.5
350.5
526.0
311.5
617.5
89.5
512.5
182.5
538.0
152.5
283.0
392.5
37.0
253.0
64.0
379.0
602.5
128.5
163.0
616.0
713.5
134.5
491.5
667.0
182.5
592.0
706.0
490.0
238.0
223.0
343.0
680.5
373.0
130.0
305.5
383.5
118.0
214.0
383.5
289.0
148.0
520.0
328.0
554.5
98.5
191.5
106.0
737.5
274.0
482.5
491.5
389.5
422.5
443.5
145.0
257.5
482.5
170.5
107.5
100.0
227.5
502.0
199.0
575.5
581.5
593.5
404.5
643.0
353.5
292.0
412.0
379.0
668.5
521.5
415.0
466.0
145.0
385.0
461.5
505.0
398.5
680.5
158.5
788.5
503.5
457.0
262.0
419.5
145.0
530.5
455.5
416.5
482.5
208.0
221.5
685.0
106.0
578.5
568.0
362.5
317.5
764.5
130.0
341.5
653.5
554.5
580.0
392.5
541.0
176.5
385.0
439.0
19.0
121.0
574.0
508.0
703.0
416.5
133.0
463.0
106.0
307.0
577.0
53.5
70.0
269.5
329.5
179.5
61.0
143.5
158.5
43.0
232.0
151.0
592.0
301.0
524.5
466.0
47.5
400.0
485.5
133.0
497.5
532.0
227.5
13.0
323.5
157.0
565.0
38.5
323.5
743.5
419.5
224.5
532.0
253.0
415.0
685.0
250.0
289.0
37.0
259.0
601.0
178.0
236.5
131.5
767.5
373.0
665.5
637.0
167.5
124.0
166.0
181.0
290.5
65.5
76.0
241.0
124.0
566.5
265.0
428.5
481.0
221.5
358.0
448.0
436.0
437.5
377.5
704.5
539.5
578.5
350.5
406.0
502.0
206.5
526.0
350.5
160.0
392.5
157.0
400.0
137.5
128.5
419.5
215.5
133.0
430.0
196.0
631.0
49.0
163.0
115.0
688.0
302.5
427.0
602.5
70.0
703.0
139.0
230.5
227.5
500.5
722.5
259.0
146.5
338.5
700.0
179.5
514.0
247.0
395.5
139.0
281.5
352.0
425.5
308.5
13.0
637.0
697.0
286.0
103.0
53.5
509.5
392.5
179.5
79.0
730.0
236.5
124.0
505.0
338.5
152.5
100.0
836.5
214.0
311.5
554.5
406.0
349.0
710.5
185.5
512.5
418.0
281.5
145.0
55.0
146.5
422.5
80.5
377.5
220.0
122.5
655.0
85.0
217.0
226.0
400.0
263.5
434.5
448.0
446.5
560.5
130.0
274.0
601.0
362.5
323.5
401.5
431.5
176.5
266.5
380.5
565.0
122.5
241.0
515.5
235.0
418.0
271.0
68.5
158.5
163.0
200.5
529.0
232.0
97.0
425.5
346.0
53.5
196.0
794.5
254.5
109.0
244.0
541.0
230.5
539.5
271.0
595.0
247.0
427.0
59.5
31.0
140.5
383.5
503.5
638.5
650.5
115.0
707.5
484.0
163.0
265.0
140.5
398.5
434.5
304.0
20.5
143.5
691.0
493.0
358.0
85.0
493.0
379.0
703.0
193.0
610.0
392.5
229.0
388.0
605.5
562.0
191.5
218.5
133.0
349.0
260.5
284.5
424.0
523.0
292.0
551.5
679.0
95.5
19.0
401.5
74.5
361.0
175.0
118.0
124.0
343.0
712.0
539.5
530.5
209.5
371.5
310.0
395.5
502.0
680.5
128.5
56.5
410.5
77.5
344.5
134.5
638.5
607.0
220.0
172.0
805.0
296.5
680.5
121.0
404.5
359.5
590.5
61.0
496.0
223.0
482.5
476.5
602.5
397.0
223.0
578.5
449.5
226.0
247.0
391.0
235.0
104.5
706.0
443.5
436.0
469.0
413.5
122.5
848.5
227.5
467.5
554.5
136.0
14.5
629.5
305.5
670.0
451.0
176.5
536.5
86.5
238.0
508.0
556.0
505.0
604.0
205.0
608.5
362.5
719.5
242.5
464.5
184.0
625.0
475.0
322.0
235.0
262.0
205.0
349.0
146.5
296.5
614.5
562.0
55.0
283.0
248.5
