472.0
557.5
601.0
184.0
137.5
850.0
332.5
829.0
257.5
467.5
478.0
619.0
629.5
344.5
764.5
464.5
775.0
739.0
566.5
700.0
593.5
931.0
731.5
743.5
652.0
682.0
782.5
662.5
526.0
842.5
650.5
722.5
467.5
808.0
739.0
719.5
814.0
722.5
571.0
295.0
656.5
721.0
425.5
485.5
181.0
709.0
496.0
778.0
763.0
406.0
799.0
530.5
748.0
818.5
730.0
842.5
299.5
808.0
796.0
683.5
371.5
686.5
722.5
826.0
656.5
779.5
841.0
265.0
833.5
686.5
647.5
784.0
799.0
491.5
680.5
190.0
496.0
748.0
728.5
146.5
353.5
757.0
619.0
683.5
437.5
589.0
317.5
757.0
502.0
859.0
358.0
565.0
857.5
808.0
833.5
839.5
728.5
490.0
721.0
209.5
652.0
652.0
445.0
644.5
650.5
229.0
641.5
791.5
665.5
806.5
658.0
656.5
650.5
626.5
505.0
695.5
739.0
181.0
692.5
859.0
415.0
733.0
829.0
692.5
247.0
602.5
673.0
680.5
290.5
791.5
769.0
680.5
503.5
538.0
658.0
725.5
826.0
838.0
476.5
760.0
566.5
820.0
784.0
535.0
797.5
691.0
796.0
737.5
497.5
680.5
712.0
613.0
268.0
583.0
838.0
610.0
562.0
286.0
328.0
713.5
737.5
191.5
359.5
133.0
353.5
770.5
517.0
694.0
706.0
380.5
781.0
736.0
686.5
592.0
644.5
371.5
709.0
478.0
830.5
692.5
337.0
286.0
520.0
136.0
406.0
80.5
313.0
866.5
620.5
143.5
241.0
386.5
622.0
146.5
763.0
667.0
767.5
205.0
692.5
721.0
731.5
808.0
506.5
629.5
202.0
715.0
445.0
808.0
469.0
520.0
487.0
272.5
250.0
148.0
370.0
250.0
332.5
742.0
626.5
404.5
338.5
476.5
748.0
740.5
296.5
547.0
728.5
659.5
658.0
676.0
788.5
748.0
479.5
586.0
625.0
709.0
316.0
622.0
343.0
172.0
733.0
746.5
737.5
722.5
265.0
557.5
373.0
584.5
335.5
790.0
736.0
617.5
583.0
805.0
628.0
475.0
559.0
322.0
628.0
710.5
680.5
515.5
704.5
697.0
260.5
506.5
682.0
865.0
235.0
748.0
539.5
254.5
719.5
502.0
694.0
400.0
175.0
236.5
821.5
184.0
694.0
131.5
569.5
602.5
370.0
743.5
514.0
827.5
622.0
149.5
557.5
769.0
665.5
536.5
824.5
253.0
389.5
802.0
430.0
683.5
572.5
587.5
805.0
413.5
625.0
550.0
821.5
553.0
671.5
163.0
779.5
764.5
814.0
830.5
709.0
640.0
317.5
791.5
664.0
484.0
575.5
598.0
806.5
775.0
821.5
388.0
500.5
827.5
517.0
476.5
593.5
239.5
625.0
134.5
757.0
767.5
439.0
679.0
644.5
655.0
571.0
715.0
752.5
371.5
608.5
767.5
866.5
478.0
638.5
640.0
776.5
574.0
547.0
461.5
106.0
706.0
82.0
482.5
778.0
845.5
545.5
424.0
767.5
644.5
800.5
767.5
595.0
583.0
562.0
745.0
538.0
689.5
280.0
775.0
760.0
757.0
787.0
460.0
529.0
521.5
827.5
671.5
833.5
793.0
673.0
521.5
761.5
263.5
781.0
742.0
152.5
730.0
838.0
332.5
688.0
413.5
586.0
821.5
797.5
695.5
319.0
778.0
542.5
709.0
629.5
176.5
724.0
709.0
692.5
658.0
581.5
700.0
415.0
778.0
730.0
809.5
691.0
776.5
448.0
706.0
568.0
353.5
734.5
739.0
662.5
808.0
548.5
737.5
652.0
463.0
568.0
797.5
635.5
880.0
236.5
758.5
451.0
797.5
659.5
538.0
610.0
334.0
695.5
595.0
464.5
788.5
497.5
541.0
785.5
697.0
629.5
773.5
722.5
763.0
722.5
572.5
659.5
847.0
761.5
500.5
805.0
680.5
757.0
593.5
91.0
656.5
187.0
734.5
227.5
707.5
692.5
848.5
833.5
692.5
572.5
274.0
392.5
629.5
713.5
535.0
535.0
704.5
736.0
400.0
712.0
575.5
644.5
682.0
727.0
355.0
532.0
97.0
826.0
910.0
628.0
784.0
656.5
431.5
250.0
784.0
803.5
758.5
650.5
659.5
677.5
704.5
590.5
458.5
730.0
776.5
797.5
709.0
724.0
311.5
634.0
884.5
565.0
472.0
539.5
691.0
427.0
686.5
718.0
763.0
781.0
254.5
463.0
566.5
598.0
805.0
499.0
779.5
835.0
733.0
658.0
862.0
481.0
440.5
323.5
463.0
121.0
602.5
509.5
803.5
463.0
823.0
734.5
824.5
775.0
562.0
827.5
241.0
605.5
332.5
181.0
607.0
719.5
170.5
482.5
835.0
710.5
685.0
749.5
484.0
556.0
707.5
739.0
448.0
533.5
86.5
746.5
784.0
779.5
476.5
679.0
266.5
844.0
314.5
698.5
772.0
809.5
242.5
755.5
679.0
817.0
167.5
527.5
401.5
422.5
439.0
268.0
667.0
601.0
560.5
643.0
443.5
247.0
767.5
632.5
673.0
646.0
670.0
775.0
589.0
791.5
839.5
755.5
721.0
827.5
761.5
542.5
755.5
589.0
772.0
752.5
607.0
724.0
701.5
638.5
736.0
100.0
640.0
142.0
710.5
226.0
739.0
671.5
652.0
626.5
779.5
833.5
814.0
650.5
845.5
581.5
320.5
707.5
53.5
121.0
716.5
734.5
410.5
722.5
350.5
212.5
880.0
796.0
187.0
383.5
407.5
733.0
631.0
652.0
824.5
770.5
506.5
811.0
649.0
872.5
887.5
251.5
353.5
514.0
718.0
739.0
382.0
757.0
526.0
436.0
607.0
281.5
677.5
580.0
704.5
734.5
832.0
62.5
653.5
602.5
830.5
716.5
854.5
647.5
796.0
643.0
769.0
781.0
388.0
433.0
755.5
604.0
227.5
797.5
625.0
440.5
547.0
763.0
905.5
794.5
211.0
295.0
664.0
727.0
853.0
754.0
721.0
500.5
496.0
742.0
658.0
820.0
638.5
742.0
571.0
215.5
793.0
811.0
520.0
764.5
683.5
628.0
208.0
583.0
871.0
433.0
719.5
836.5
566.5
809.5
718.0
764.5
566.5
574.0
412.0
623.5
695.5
809.5
826.0
709.0
770.5
587.5
683.5
632.5
659.5
835.0
850.0
856.0
674.5
649.0
136.0
226.0
688.0
832.0
740.5
518.5
788.5
734.5
572.5
248.5
611.5
530.5
643.0
553.0
818.5
655.0
490.0
343.0
778.0
406.0
607.0
812.5
664.0
821.5
721.0
892.0
514.0
503.5
829.0
665.5
805.0
809.5
626.5
268.0
629.5
602.5
805.0
502.0
773.5
694.0
715.0
530.5
551.5
326.5
692.5
686.5
812.5
37.0
766.0
680.5
407.5
718.0
731.5
670.0
149.5
680.5
811.0
508.0
628.0
316.0
647.5
620.5
502.0
565.0
763.0
680.5
316.0
805.0
604.0
379.0
760.0
730.0
757.0
563.5
778.0
245.5
727.0
436.0
536.5
638.5
796.0
403.0
833.5
806.5
340.0
818.5
560.5
506.5
398.5
619.0
800.5
178.0
244.0
667.0
701.5
811.0
436.0
730.0
563.5
707.5
805.0
595.0
796.0
401.5
641.5
691.0
578.5
835.0
655.0
599.5
824.5
770.5
887.5
383.5
536.5
656.5
799.0
688.0
776.5
706.0
203.5
838.0
280.0
395.5
650.5
682.0
763.0
661.0
751.0
293.5
812.5
613.0
668.5
628.0
763.0
596.5
863.5
764.5
509.5
505.0
709.0
730.0
674.5
746.5
721.0
784.0
464.5
857.5
257.5
808.0
608.5
80.5
734.5
608.5
409.0
847.0
553.0
787.0
163.0
739.0
808.0
730.0
310.0
572.5
596.5
698.5
682.0
635.5
578.5
578.5
704.5
652.0
806.5
568.0
730.0
47.5
161.5
673.0
812.5
661.0
794.5
658.0
349.0
803.5
853.0
697.0
689.5
787.0
764.5
602.5
790.0
571.0
665.5
658.0
439.0
626.5
649.0
827.5
667.0
776.5
731.5
392.5
307.0
395.5
709.0
406.0
727.0
680.5
736.0
619.0
509.5
842.5
467.5
769.0
728.5
698.5
625.0
697.0
800.5
731.5
856.0
698.5
532.0
742.0
310.0
689.5
350.5
736.0
350.5
730.0
326.5
88.0
550.0
601.0
739.0
704.5
799.0
443.5
805.0
128.5
859.0
536.5
755.5
577.0
764.5
745.0
620.5
770.5
437.5
56.5
95.5
698.5
811.0
499.0
539.5
377.5
812.5
586.0
655.0
785.5
670.0
325.0
802.0
746.5
838.0
755.5
614.5
590.5
199.0
301.0
779.5
727.0
671.5
830.5
356.5
845.5
634.0
685.0
719.5
773.5
790.0
679.0
641.5
128.5
719.5
460.0
350.5
758.5
670.0
827.5
284.5
629.5
781.0
706.0
628.0
733.0
614.5
445.0
727.0
842.5
742.0
401.5
551.5
793.0
602.5
668.5
443.5
761.5
737.5
233.5
667.0
122.5
740.5
829.0
125.5
434.5
673.0
662.5
775.0
574.0
745.0
652.0
652.0
470.5
619.0
691.0
682.0
532.0
805.0
808.0
583.0
628.0
482.5
643.0
628.0
767.5
698.5
392.5
583.0
842.5
704.5
673.0
793.0
622.0
814.0
728.5
557.5
248.5
638.5
497.5
665.5
637.0
265.0
256.0
697.0
599.5
485.5
605.5
413.5
568.0
626.5
769.0
755.5
640.0
215.5
785.5
452.5
764.5
707.5
701.5
779.5
787.0
658.0
488.5
676.0
467.5
782.5
665.5
389.5
458.5
686.5
790.0
580.0
401.5
593.5
707.5
710.5
665.5
650.5
410.5
148.0
728.5
800.5
403.0
776.5
716.5
787.0
452.5
856.0
319.0
592.0
575.5
821.5
676.0
763.0
481.0
857.5
785.5
206.5
650.5
242.5
337.0
541.0
845.5
659.5
194.5
461.5
448.0
607.0
539.5
806.5
641.5
866.5
727.0
619.0
737.5
625.0
631.0
686.5
704.5
709.0
467.5
823.0
862.0
748.0
710.5
803.5
697.0
577.0
850.0
308.5
25.0
685.0
698.5
811.0
587.5
728.5
281.5
680.5
781.0
770.5
403.0
734.5
250.0
713.5
668.5
746.5
427.0
778.0
409.0
448.0
700.0
802.0
376.0
686.5
154.0
659.5
644.5
745.0
712.0
802.0
544.0
836.5
677.5
704.5
659.5
523.0
449.5
859.0
622.0
244.0
640.0
734.5
307.0
842.5
559.0
161.5
485.5
688.0
640.0
709.0
731.5
701.5
748.0
545.5
511.0
122.5
365.5
91.0
841.0
470.5
815.5
293.5
605.5
652.0
476.5
653.5
691.0
709.0
805.0
631.0
527.5
662.5
703.0
697.0
638.5
709.0
751.0
722.5
811.0
722.5
652.0
605.5
671.5
583.0
517.0
730.0
779.5
319.0
628.0
668.5
338.5
769.0
484.0
748.0
571.0
857.5
797.5
545.5
308.5
743.5
761.5
772.0
811.0
496.0
721.0
865.0
599.5
566.5
449.5
731.5
631.0
764.5
439.0
713.5
784.0
811.0
767.5
560.5
824.5
691.0
707.5
293.5
568.0
742.0
494.5
485.5
158.5
580.0
676.0
376.0
817.0
592.0
875.5
542.5
740.5
649.0
815.5
643.0
473.5
722.5
446.5
692.5
17.5
410.5
553.0
430.0
698.5
514.0
709.0
668.5
559.0
673.0
782.5
667.0
730.0
620.5
755.5
52.0
416.5
700.0
496.0
667.0
172.0
824.5
352.0
184.0
821.5
331.0
641.5
868.0
170.5
503.5
685.0
605.5
808.0
767.5
691.0
500.5
838.0
569.5
700.0
152.5
365.5
857.5
589.0
682.0
245.5
635.5
527.5
784.0
740.5
767.5
727.0
302.5
571.0
820.0
680.5
157.0
709.0
737.5
596.5
466.0
446.5
781.0
542.5
580.0
616.0
574.0
178.0
449.5
389.5
812.5
737.5
149.5
664.0
148.0
754.0
397.0
335.5
575.5
640.0
680.5
745.0
643.0
581.5
307.0
754.0
700.0
647.5
757.0
722.5
604.0
626.5
424.0
395.5
337.0
443.5
800.5
367.0
160.0
338.5
55.0
859.0
374.5
845.5
688.0
820.0
505.0
470.5
782.5
661.0
599.5
787.0
610.0
616.0
547.0
689.5
403.0
440.5
776.5
593.5
775.0
692.5
646.0
860.5
689.5
611.5
676.0
817.0
661.0
821.5
649.0
425.5
751.0
692.5
388.0
401.5
392.5
760.0
763.0
404.5
713.5
848.5
641.5
803.5
650.5
782.5
128.5
884.5
398.5
518.5
329.5
637.0
197.5
322.0
110.5
787.0
631.0
842.5
662.5
644.5
715.0
511.0
290.5
715.0
82.0
335.5
160.0
662.5
817.0
676.0
842.5
694.0
550.0
706.0
653.5
682.0
565.0
784.0
404.5
616.0
769.0
674.5
841.0
733.0
332.5
371.5
613.0
344.5
203.5
731.5
724.0
835.0
497.5
88.0
691.0
862.0
604.0
232.0
532.0
815.5
217.0
364.0
829.0
814.0
169.0
592.0
658.0
509.5
580.0
698.5
532.0
751.0
541.0
616.0
814.0
662.5
736.0
329.5
770.5
644.5
827.5
578.5
743.5
751.0
634.0
718.0
611.5
185.5
262.0
718.0
623.5
788.5
653.5
793.0
238.0
203.5
899.5
118.0
749.5
434.5
166.0
584.5
610.0
614.5
589.0
524.5
739.0
685.0
218.5
59.5
490.0
751.0
616.0
539.5
610.0
353.5
808.0
625.0
470.5
689.5
26.5
340.0
386.5
796.0
514.0
728.5
656.5
806.5
685.0
640.0
583.0
686.5
731.5
839.5
599.5
728.5
247.0
719.5
620.5
634.0
257.5
806.5
725.5
664.0
638.5
610.0
379.0
716.5
346.0
196.0
851.5
698.5
277.0
698.5
499.0
98.5
746.5
134.5
595.0
737.5
479.5
644.5
745.0
815.5
478.0
463.0
125.5
730.0
247.0
223.0
331.0
769.0
803.5
829.0
577.0
707.5
676.0
691.0
761.5
815.5
790.0
607.0
607.0
713.5
80.5
697.0
100.0
598.0
721.0
277.0
736.0
461.5
557.5
343.0
29.5
637.0
667.0
469.0
742.0
451.0
761.5
601.0
803.5
794.5
872.5
178.0
263.5
524.5
523.0
209.5
325.0
719.5
719.5
719.5
761.5
469.0
769.0
569.5
514.0
604.0
794.5
578.5
571.0
812.5
775.0
824.5
662.5
419.5
113.5
658.0
847.0
734.5
700.0
722.5
143.5
565.0
686.5
344.5
802.0
799.0
790.0
599.5
619.0
749.5
338.5
823.0
208.0
766.0
680.5
188.5
860.5
683.5
662.5
896.5
706.0
671.5
671.5
640.0
778.0
760.0
643.0
805.0
472.0
728.5
679.0
557.5
865.0
382.0
178.0
598.0
829.0
715.0
590.5
811.0
647.5
623.5
638.5
757.0
814.0
751.0
638.5
749.5
670.0
298.0
758.5
179.5
731.5
574.0
685.0
499.0
691.0
167.5
658.0
302.5
775.0
734.5
652.0
547.0
691.0
766.0
653.5
482.5
692.5
590.5
815.5
850.0
134.5
865.0
476.5
673.0
713.5
572.5
622.0
596.5
581.5
689.5
821.5
827.5
674.5
769.0
616.0
380.5
733.0
602.5
601.0
596.5
637.0
632.5
788.5
602.5
766.0
650.5
652.0
688.0
695.5
226.0
500.5
817.0
173.5
544.0
256.0
791.5
604.0
295.0
601.0
650.5
211.0
250.0
499.0
695.5
748.0
422.5
704.5
688.0
700.0
595.0
727.0
391.0
749.5
491.5
803.5
77.5
823.0
626.5
196.0
715.0
785.5
655.0
430.0
238.0
626.5
535.0
655.0
625.0
619.0
836.5
245.5
404.5
526.0
584.5
136.0
797.5
751.0
733.0
686.5
190.0
473.5
610.0
677.5
823.0
389.5
656.5
685.0
596.5
670.0
706.0
652.0
815.5
218.5
520.0
545.5
553.0
536.5
697.0
476.5
743.5
518.5
751.0
746.5
410.5
676.0
658.0
713.5
751.0
713.5
418.0
781.0
188.5
548.5
755.5
697.0
820.0
554.5
884.5
739.0
824.5
301.0
571.0
713.5
422.5
794.5
539.5
721.0
101.5
847.0
767.5
712.0
523.0
790.0
184.0
601.0
755.5
580.0
779.5
445.0
469.0
524.5
703.0
797.5
733.0
347.5
662.5
772.0
652.0
740.5
173.5
794.5
493.0
665.5
221.5
706.0
868.0
314.5
737.5
386.5
199.0
382.0
724.0
811.0
749.5
269.5
793.0
197.5
611.5
742.0
661.0
575.5
637.0
467.5
758.5
817.0
683.5
815.5
827.5
241.0
617.5
794.5
346.0
782.5
164.5
725.5
712.0
383.5
685.0
496.0
758.5
653.5
451.0
524.5
709.0
731.5
379.0
790.0
691.0
739.0
859.0
790.0
782.5
256.0
530.5
505.0
208.0
718.0
692.5
421.0
604.0
770.5
853.0
116.5
596.5
388.0
596.5
383.5
376.0
394.0
298.0
479.5
473.5
725.5
803.5
727.0
644.5
497.5
818.5
448.0
232.0
263.5
833.5
566.5
841.0
733.0
727.0
541.0
797.5
773.5
551.5
677.5
748.0
772.0
634.0
656.5
389.5
758.5
716.5
70.0
764.5
547.0
298.0
290.5
682.0
512.5
782.5
613.0
713.5
769.0
373.0
530.5
805.0
637.0
334.0
572.5
676.0
605.5
412.0
703.0
814.0
598.0
341.5
376.0
776.5
382.0
563.5
643.0
758.5
745.0
382.0
643.0
190.0
704.5
530.5
659.5
604.0
679.0
716.5
671.5
653.5
812.5
742.0
788.5
740.5
856.0
319.0
673.0
757.0
562.0
209.5
434.5
140.5
148.0
529.0
704.5
632.5
766.0
292.0
596.5
631.0
547.0
517.0
761.5
544.0
638.5
515.5
809.5
577.0
725.5
773.5
701.5
652.0
701.5
145.0
791.5
685.0
286.0
755.5
368.5
737.5
239.5
679.0
692.5
785.5
251.5
610.0
617.5
823.0
229.0
617.5
340.0
779.5
656.5
824.5
863.5
745.0
760.0
836.5
761.5
733.0
448.0
731.5
674.5
781.0
634.0
203.5
538.0
439.0
704.5
886.0
887.5
818.5
196.0
718.0
737.5
316.0
631.0
820.0
533.5
457.0
703.0
541.0
619.0
806.5
74.5
781.0
778.0
172.0
584.5
635.5
761.5
659.5
560.5
553.0
842.5
482.5
589.0
823.0
625.0
836.5
500.5
779.5
146.5
509.5
799.0
545.5
178.0
794.5
619.0
562.0
589.0
422.5
653.5
196.0
863.5
191.5
644.5
460.0
827.5
767.5
632.5
532.0
626.5
526.0
701.5
664.0
586.0
542.5
511.0
833.5
814.0
523.0
859.0
325.0
328.0
760.0
595.0
665.5
164.5
809.5
785.5
740.5
589.0
802.0
671.5
808.0
608.5
751.0
848.5
760.0
451.0
722.5
734.5
721.0
598.0
50.5
410.5
856.0
448.0
682.0
653.5
242.5
476.5
659.5
301.0
650.5
553.0
689.5
554.5
116.5
800.5
316.0
152.5
662.5
368.5
755.5
698.5
728.5
736.0
469.0
728.5
479.5
797.5
719.5
709.0
304.0
629.5
725.5
851.5
763.0
563.5
566.5
641.5
830.5
583.0
664.0
710.5
367.0
451.0
310.0
215.5
824.5
716.5
526.0
832.0
781.0
425.5
155.5
478.0
785.5
746.5
673.0
691.0
629.5
530.5
821.5
274.0
733.0
830.5
488.5
149.5
784.0
772.0
716.5
292.0
745.0
316.0
446.5
62.5
869.5
803.5
728.5
665.5
397.0
734.5
337.0
331.0
742.0
479.5
865.0
757.0
319.0
508.0
293.5
682.0
772.0
484.0
793.0
769.0
479.5
388.0
817.0
746.5
799.0
682.0
167.5
512.5
752.5
872.5
677.5
727.0
535.0
535.0
721.0
232.0
820.0
173.5
626.5
754.0
671.5
676.0
821.5
209.5
563.5
499.0
841.0
749.5
695.5
698.5
404.5
859.0
823.0
664.0
712.0
695.5
683.5
721.0
656.5
113.5
619.0
695.5
818.5
124.0
905.5
544.0
686.5
812.5
668.5
641.5
497.5
763.0
586.0
800.5
629.5
65.5
737.5
727.0
787.0
712.0
191.5
409.0
176.5
820.0
559.0
224.5
553.0
715.0
311.5
755.5
670.0
613.0
857.5
809.5
784.0
694.0
716.5
643.0
628.0
593.5
802.0
364.0
646.0
685.0
740.5
458.5
430.0
665.5
527.5
806.5
626.5
553.0
232.0
217.0
422.5
634.0
631.0
755.5
185.5
689.5
785.5
539.5
431.5
644.5
410.5
730.0
772.0
856.0
751.0
529.0
761.5
353.5
500.5
539.5
203.5
460.0
683.5
337.0
602.5
452.5
779.5
637.0
808.0
754.0
706.0
665.5
755.5
809.5
218.5
388.0
416.5
472.0
805.0
752.5
508.0
148.0
665.5
658.0
86.5
688.0
680.5
662.5
824.5
563.5
635.5
775.0
266.5
799.0
514.0
680.5
655.0
622.0
502.0
553.0
620.5
746.5
503.5
379.0
788.5
652.0
587.5
158.5
733.0
494.5
674.5
610.0
434.5
698.5
368.5
461.5
358.0
737.5
808.0
833.5
553.0
451.0
638.5
818.5
578.5
677.5
560.5
638.5
548.5
842.5
631.0
497.5
169.0
676.0
701.5
778.0
412.0
740.5
481.0
791.5
736.0
442.0
695.5
817.0
743.5
824.5
755.5
587.5
620.5
800.5
751.0
794.5
740.5
728.5
371.5
716.5
602.5
430.0
812.5
506.5
638.5
475.0
626.5
835.0
908.5
811.0
694.0
182.5
800.5
787.0
802.0
569.5
581.5
220.0
685.0
496.0
871.0
512.5
667.0
730.0
527.5
806.5
593.5
770.5
535.0
713.5
521.5
584.5
749.5
851.5
818.5
626.5
613.0
635.5
685.0
778.0
841.0
431.5
674.5
739.0
313.0
766.0
641.5
712.0
709.0
470.5
841.0
499.0
647.5
709.0
578.5
772.0
826.0
751.0
725.5
457.0
493.0
746.5
733.0
784.0
650.5
464.5
721.0
596.5
761.5
623.5
596.5
596.5
568.0
500.5
418.0
641.5
766.0
236.5
770.5
611.5
854.5
760.0
769.0
206.5
727.0
593.5
715.0
590.5
653.5
878.5
475.0
397.0
821.5
782.5
553.0
706.0
544.0
703.0
764.5
587.5
595.0
791.5
401.5
538.0
644.5
733.0
583.0
851.5
649.0
358.0
410.5
839.5
665.5
776.5
689.5
478.0
680.5
409.0
728.5
137.5
446.5
508.0
709.0
301.0
857.5
776.5
634.0
745.0
784.0
778.0
359.5
769.0
662.5
499.0
815.5
485.5
529.0
478.0
533.5
791.5
626.5
755.5
689.5
790.0
800.5
97.0
835.0
812.5
782.5
548.5
722.5
731.5
712.0
785.5
499.0
758.5
764.5
776.5
631.0
748.0
544.0
802.0
724.0
356.5
310.0
709.0
664.0
769.0
413.5
721.0
644.5
95.5
758.5
361.0
716.5
544.0
646.0
335.5
769.0
203.5
661.0
455.5
632.5
566.5
610.0
856.0
683.5
455.5
605.5
529.0
748.0
551.5
673.0
674.5
584.5
761.5
721.0
755.5
526.0
800.5
341.5
790.0
698.5
652.0
347.5
676.0
728.5
565.0
760.0
437.5
832.0
629.5
689.5
515.5
529.0
772.0
842.5
724.0
646.0
623.5
463.0
340.0
395.5
842.5
482.5
205.0
284.5
716.5
799.0
274.0
815.5
691.0
803.5
712.0
806.5
743.5
580.0
725.5
313.0
673.0
755.5
836.5
196.0
527.5
817.0
836.5
788.5
590.5
875.5
724.0
608.5
799.0
472.0
520.0
166.0
109.0
40.0
173.5
680.5
809.5
770.5
643.0
619.0
458.5
92.5
316.0
580.0
311.5
374.5
835.0
383.5
665.5
391.0
785.5
586.0
598.0
647.5
299.5
377.5
569.5
470.5
443.5
823.0
790.0
502.0
251.5
818.5
220.0
737.5
784.0
604.0
697.0
695.5
533.5
710.5
839.5
670.0
650.5
539.5
295.0
565.0
745.0
200.5
794.5
260.5
506.5
757.0
659.5
352.0
754.0
160.0
509.5
649.0
130.0
524.5
746.5
370.0
533.5
796.0
784.0
623.5
796.0
769.0
832.0
749.5
662.5
475.0
673.0
562.0
727.0
601.0
203.5
619.0
662.5
245.5
740.5
772.0
196.0
710.5
50.5
610.0
652.0
824.5
803.5
151.0
547.0
803.5
590.5
716.5
740.5
656.5
698.5
869.5
749.5
479.5
794.5
718.0
716.5
769.0
398.5
689.5
848.5
614.5
773.5
713.5
745.0
743.5
638.5
346.0
589.0
742.0
787.0
634.0
758.5
161.5
688.0
776.5
266.5
277.0
638.5
625.0
605.5
799.0
679.0
817.0
797.5
818.5
380.5
182.5
799.0
706.0
469.0
839.5
233.5
647.5
142.0
92.5
842.5
334.0
548.5
430.0
229.0
812.5
737.5
815.5
563.5
461.5
305.5
848.5
412.0
737.5
730.0
665.5
199.0
736.0
733.0
656.5
638.5
721.0
766.0
704.5
692.5
665.5
635.5
574.0
610.0
806.5
751.0
428.5
542.5
257.5
296.5
253.0
863.5
607.0
583.0
211.0
677.5
374.5
271.0
746.5
332.5
733.0
599.5
722.5
511.0
622.0
340.0
761.5
301.0
773.5
365.5
749.5
790.0
518.5
178.0
751.0
650.5
796.0
604.0
505.0
502.0
620.5
761.5
253.0
514.0
854.5
725.5
746.5
638.5
338.5
740.5
602.5
740.5
754.0
349.0
664.0
830.5
842.5
257.5
449.5
676.0
650.5
76.0
668.5
775.0
40.0
718.0
677.5
719.5
659.5
617.5
736.0
712.0
116.5
733.0
514.0
797.5
689.5
655.0
328.0
623.5
865.0
334.0
707.5
766.0
143.5
566.5
343.0
320.5
794.5
775.0
470.5
650.5
593.5
455.5
830.5
103.0
623.5
587.5
718.0
661.0
814.0
743.5
706.0
457.0
689.5
379.0
707.5
169.0
746.5
463.0
445.0
362.5
691.0
451.0
571.0
692.5
662.5
628.0
535.0
499.0
673.0
712.0
785.5
878.5
488.5
697.0
197.5
764.5
587.5
827.5
890.5
665.5
479.5
812.5
593.5
760.0
829.0
610.0
431.5
731.5
830.5
446.5
731.5
175.0
457.0
757.0
682.0
682.0
730.0
782.5
751.0
89.5
700.0
538.0
688.0
503.5
437.5
268.0
458.5
727.0
461.5
757.0
812.5
671.5
650.5
698.5
403.0
593.5
686.5
659.5
853.0
326.5
154.0
770.5
758.5
632.5
614.5
541.0
701.5
725.5
440.5
782.5
496.0
421.0
313.0
371.5
746.5
787.0
793.0
676.0
355.0
736.0
641.5
730.0
296.5
691.0
683.5
191.5
718.0
574.0
544.0
679.0
602.5
122.5
746.5
625.0
559.0
760.0
808.0
782.5
704.5
721.0
710.5
239.5
175.0
226.0
502.0
677.5
358.0
761.5
506.5
584.5
479.5
721.0
449.5
812.5
568.0
839.5
470.5
407.5
817.0
758.5
878.5
785.5
622.0
634.0
700.0
709.0
577.0
817.0
733.0
269.5
856.0
626.5
188.5
638.5
676.0
755.5
818.5
448.0
736.0
664.0
269.5
785.5
814.0
739.0
686.5
661.0
766.0
235.0
328.0
739.0
286.0
770.5
652.0
601.0
500.5
358.0
719.5
695.5
833.5
554.5
520.0
836.5
197.5
571.0
418.0
455.5
286.0
682.0
121.0
727.0
331.0
707.5
223.0
854.5
470.5
587.5
716.5
590.5
793.0
563.5
652.0
844.0
740.5
766.0
326.5
587.5
751.0
224.5
211.0
397.0
94.0
364.0
760.0
839.5
799.0
557.5
533.5
766.0
821.5
341.5
485.5
610.0
154.0
830.5
632.5
802.0
721.0
296.5
332.5
451.0
599.5
719.5
755.5
170.5
523.0
364.0
611.5
208.0
485.5
800.5
566.5
482.5
710.5
583.0
767.5
334.0
811.0
482.5
610.0
650.5
761.5
721.0
466.0
703.0
748.0
554.5
763.0
182.5
350.5
146.5
536.5
478.0
641.5
692.5
707.5
809.5
656.5
620.5
538.0
745.0
391.0
868.0
169.0
863.5
745.0
272.5
403.0
667.0
835.0
686.5
581.5
133.0
587.5
746.5
227.5
784.0
862.0
754.0
520.0
395.5
805.0
865.0
821.5
163.0
757.0
310.0
424.0
319.0
622.0
346.0
850.0
662.5
353.5
580.0
346.0
832.0
818.5
596.5
604.0
704.5
854.5
302.5
500.5
668.5
584.5
628.0
200.5
772.0
221.5
536.5
703.0
523.0
602.5
833.5
389.5
793.0
757.0
626.5
743.5
767.5
119.5
692.5
814.0
844.0
737.5
536.5
836.5
392.5
769.0
502.0
457.0
751.0
581.5
374.5
793.0
826.0
398.5
292.0
55.0
773.5
436.0
664.0
623.5
869.5
392.5
473.5
385.0
638.5
452.5
79.0
688.0
433.0
649.0
548.5
659.5
845.5
772.0
125.5
253.0
811.0
737.5
773.5
731.5
808.0
845.5
523.0
520.0
775.0
781.0
565.0
652.0
829.0
656.5
845.5
764.5
737.5
406.0
758.5
200.5
412.0
698.5
367.0
629.5
722.5
757.0
497.5
794.5
811.0
796.0
548.5
211.0
61.0
389.5
800.5
700.0
634.0
680.5
770.5
634.0
700.0
484.0
700.0
872.5
497.5
773.5
682.0
502.0
842.5
668.5
371.5
809.5
589.0
737.5
775.0
803.5
785.5
622.0
523.0
736.0
577.0
532.0
815.5
778.0
604.0
467.5
811.0
679.0
719.5
655.0
325.0
503.5
665.5
505.0
560.5
752.5
703.0
308.5
659.5
637.0
520.0
644.5
749.5
697.0
700.0
758.5
443.5
707.5
755.5
541.0
628.0
628.0
410.5
581.5
776.5
506.5
536.5
716.5
721.0
697.0
796.0
647.5
401.5
703.0
707.5
722.5
787.0
766.0
740.5
787.0
443.5
137.5
811.0
179.5
545.5
739.0
722.5
608.5
608.5
716.5
466.0
592.0
728.5
685.0
709.0
611.5
689.5
470.5
433.0
572.5
607.0
854.5
809.5
451.0
94.0
656.5
787.0
752.5
872.5
685.0
692.5
535.0
430.0
731.5
640.0
478.0
542.5
794.5
197.5
766.0
683.5
479.5
811.0
337.0
160.0
634.0
373.0
466.0
398.5
757.0
505.0
680.5
407.5
565.0
809.5
614.5
56.5
686.5
662.5
565.0
770.5
835.0
394.0
830.5
842.5
739.0
644.5
508.0
806.5
490.0
563.5
863.5
677.5
647.5
77.5
464.5
775.0
656.5
281.5
742.0
688.0
704.5
650.5
844.0
619.0
788.5
751.0
749.5
446.5
767.5
652.0
395.5
778.0
796.0
757.0
682.0
542.5
110.5
812.5
737.5
559.0
472.0
289.0
481.0
790.0
373.0
347.5
767.5
440.5
566.5
373.0
706.0
605.5
238.0
608.5
824.5
871.0
491.5
851.5
214.0
665.5
584.5
763.0
596.5
559.0
644.5
734.5
619.0
541.0
581.5
697.0
776.5
766.0
304.0
832.0
808.0
467.5
598.0
727.0
296.5
718.0
448.0
698.5
595.0
577.0
718.0
380.5
665.5
755.5
673.0
304.0
569.5
703.0
826.0
752.5
668.5
734.5
653.5
709.0
809.5
400.0
805.0
341.5
53.5
748.0
668.5
826.0
676.0
140.5
433.0
808.0
587.5
739.0
85.0
653.5
536.5
502.0
677.5
793.0
572.5
850.0
758.5
622.0
764.5
743.5
722.5
611.5
746.5
773.5
874.0
71.5
698.5
824.5
754.0
740.5
440.5
376.0
383.5
28.0
320.5
17.5
839.5
788.5
709.0
706.0
370.0
457.0
532.0
743.5
610.0
650.5
472.0
493.0
688.0
697.0
805.0
821.5
823.0
439.0
691.0
613.0
784.0
538.0
625.0
716.5
769.0
745.0
523.0
655.0
649.0
701.5
161.5
269.5
256.0
416.5
674.5
836.5
563.5
728.5
775.0
515.5
412.0
460.0
686.5
197.5
37.0
674.5
220.0
802.0
655.0
869.5
694.0
791.5
740.5
445.0
782.5
172.0
788.5
20.5
737.5
229.0
769.0
259.0
338.5
755.5
689.5
704.5
760.0
580.0
658.0
644.5
146.5
740.5
587.5
637.0
757.0
322.0
764.5
827.5
730.0
833.5
784.0
547.0
800.5
638.5
473.5
496.0
272.5
713.5
824.5
440.5
254.5
709.0
577.0
619.0
508.0
620.5
746.5
703.0
533.5
836.5
562.0
733.0
523.0
701.5
527.5
277.0
767.5
196.0
713.5
746.5
296.5
362.5
626.5
713.5
467.5
718.0
788.5
797.5
538.0
598.0
445.0
458.5
814.0
809.5
734.5
661.0
523.0
793.0
359.5
769.0
685.0
418.0
446.5
358.0
797.5
676.0
821.5
359.5
749.5
539.5
829.0
763.0
604.0
709.0
782.5
719.5
598.0
611.5
677.5
700.0
748.0
614.5
466.0
478.0
715.0
877.0
851.5
631.0
631.0
751.0
547.0
845.5
593.5
398.5
224.5
643.0
784.0
707.5
739.0
320.5
653.5
872.5
674.5
170.5
641.5
620.5
352.0
664.0
725.5
680.5
692.5
754.0
652.0
754.0
578.5
701.5
772.0
775.0
713.5
218.5
704.5
634.0
751.0
746.5
559.0
439.0
712.0
104.5
679.0
856.0
803.5
664.0
884.5
602.5
709.0
839.5
773.5
167.5
824.5
646.0
760.0
605.5
524.5
730.0
614.5
763.0
535.0
637.0
743.5
826.0
700.0
560.5
335.5
806.5
827.5
587.5
272.5
707.5
518.5
743.5
790.0
533.5
820.0
809.5
53.5
778.0
632.5
232.0
659.5
775.0
547.0
475.0
457.0
326.5
433.0
452.5
331.0
515.5
667.0
430.0
704.5
112.0
728.5
578.5
706.0
538.0
74.5
755.5
817.0
727.0
778.0
677.5
484.0
859.0
670.0
560.5
616.0
779.5
779.5
712.0
508.0
673.0
493.0
427.0
572.5
547.0
277.0
323.5
647.5
344.5
728.5
520.0
841.0
650.5
455.5
94.0
526.0
748.0
782.5
841.0
707.5
725.5
635.5
722.5
397.0
662.5
220.0
764.5
637.0
818.5
572.5
826.0
682.0
745.0
683.5
811.0
835.0
196.0
754.0
538.0
836.5
743.5
836.5
539.5
461.5
781.0
233.5
137.5
671.5
668.5
733.0
521.5
613.0
661.0
166.0
631.0
853.0
784.0
686.5
847.0
592.0
409.0
779.5
770.5
722.5
728.5
316.0
800.5
575.5
521.5
722.5
799.0
505.0
730.0
560.5
679.0
754.0
649.0
565.0
859.0
574.0
649.0
698.5
848.5
242.5
818.5
562.0
590.5
592.0
683.5
127.0
857.5
437.5
626.5
749.5
727.0
614.5
716.5
764.5
548.5
650.5
763.0
148.0
529.0
457.0
745.0
605.5
679.0
157.0
113.5
652.0
584.5
598.0
740.5
734.5
548.5
514.0
824.5
772.0
824.5
386.5
487.0
772.0
775.0
892.0
506.5
760.0
436.0
433.0
310.0
575.5
826.0
866.5
887.5
745.0
632.5
142.0
772.0
739.0
194.5
415.0
752.5
383.5
533.5
794.5
760.0
635.5
337.0
829.0
772.0
826.0
703.0
569.5
728.5
715.0
749.5
664.0
505.0
766.0
266.5
715.0
632.5
869.5
626.5
767.5
61.0
794.5
742.0
655.0
316.0
697.0
656.5
365.5
350.5
766.0
616.0
793.0
863.5
674.5
134.5
721.0
731.5
626.5
776.5
733.0
682.0
802.0
187.0
721.0
611.5
656.5
470.5
695.5
569.5
551.5
710.5
791.5
746.5
209.5
143.5
851.5
769.0
568.0
590.5
322.0
707.5
574.0
772.0
781.0
748.0
742.0
103.0
235.0
164.5
652.0
778.0
748.0
410.5
715.0
826.0
782.5
190.0
586.0
643.0
790.0
715.0
739.0
658.0
755.5
733.0
611.5
550.0
245.5
806.5
689.5
515.5
728.5
632.5
647.5
355.0
397.0
770.5
608.5
607.0
602.5
854.5
617.5
664.0
826.0
476.5
740.5
172.0
55.0
782.5
362.5
716.5
817.0
764.5
601.0
496.0
533.5
614.5
272.5
649.0
727.0
593.5
866.5
644.5
694.0
802.0
712.0
826.0
716.5
688.0
575.5
743.5
635.5
356.5
724.0
526.0
524.5
844.0
734.5
415.0
770.5
571.0
638.5
770.5
764.5
742.0
173.5
641.5
776.5
694.0
607.0
722.5
674.5
377.5
758.5
550.0
541.0
223.0
787.0
716.5
398.5
425.5
700.0
704.5
626.5
547.0
677.5
842.5
202.0
149.5
856.0
713.5
713.5
802.0
599.5
665.5
631.0
191.5
179.5
626.5
751.0
772.0
601.0
598.0
239.5
836.5
808.0
785.5
611.5
739.0
581.5
686.5
815.5
782.5
851.5
491.5
494.5
835.0
790.0
881.5
491.5
787.0
686.5
332.5
452.5
148.0
719.5
439.0
557.5
182.5
787.0
607.0
758.5
623.5
818.5
848.5
664.0
713.5
701.5
797.5
442.0
748.0
487.0
742.0
709.0
568.0
532.0
199.0
755.5
716.5
649.0
700.0
715.0
541.0
565.0
572.5
101.5
707.5
526.0
461.5
760.0
848.5
833.5
545.5
263.5
782.5
577.0
788.5
748.0
712.0
424.0
167.5
139.0
670.0
794.5
677.5
758.5
622.0
578.5
752.5
554.5
529.0
671.5
733.0
461.5
841.0
704.5
578.5
749.5
620.5
746.5
334.0
803.5
806.5
697.0
403.0
707.5
641.5
715.0
179.5
254.5
665.5
340.0
452.5
602.5
847.0
755.5
569.5
103.0
566.5
722.5
389.5
770.5
604.0
652.0
496.0
818.5
160.0
602.5
716.5
229.0
766.0
329.5
734.5
712.0
299.5
766.0
632.5
716.5
455.5
680.5
650.5
535.0
395.5
763.0
772.0
859.0
761.5
508.0
713.5
713.5
842.5
605.5
761.5
679.0
424.0
700.0
571.0
530.5
757.0
722.5
560.5
383.5
818.5
523.0
742.0
785.5
880.0
751.0
847.0
724.0
254.5
770.5
437.5
674.5
575.5
625.0
643.0
773.5
826.0
740.5
329.5
607.0
760.0
761.5
523.0
716.5
92.5
491.5
640.0
667.0
472.0
331.0
647.5
52.0
851.5
583.0
719.5
440.5
854.5
871.0
553.0
631.0
727.0
497.5
701.5
583.0
788.5
764.5
448.0
353.5
307.0
685.0
743.5
622.0
704.5
488.5
524.5
829.0
712.0
752.5
158.5
521.5
731.5
814.0
602.5
310.0
554.5
793.0
730.0
523.0
796.0
641.5
532.0
644.5
851.5
823.0
379.0
31.0
592.0
689.5
719.5
727.0
689.5
842.5
164.5
808.0
643.0
647.5
418.0
725.5
679.0
760.0
326.5
751.0
589.0
647.5
772.0
560.5
598.0
143.5
716.5
598.0
724.0
449.5
397.0
610.0
481.0
83.5
286.0
611.5
781.0
479.5
247.0
433.0
757.0
676.0
706.0
679.0
748.0
829.0
286.0
380.5
760.0
494.5
838.0
646.0
722.5
697.0
781.0
661.0
721.0
286.0
634.0
419.5
373.0
793.0
785.5
487.0
559.0
803.5
757.0
725.5
704.5
779.5
643.0
709.0
752.5
644.5
730.0
734.5
652.0
592.0
242.5
803.5
269.5
845.5
733.0
236.5
544.0
124.0
728.5
565.0
773.5
649.0
647.5
824.5
815.5
788.5
836.5
625.0
797.5
788.5
667.0
436.0
688.0
809.5
818.5
677.5
742.0
403.0
589.0
277.0
790.0
518.5
322.0
574.0
610.0
176.5
746.5
590.5
572.5
691.0
698.5
734.5
709.0
776.5
650.5
529.0
290.5
299.5
55.0
706.0
418.0
737.5
682.0
382.0
850.0
647.5
464.5
404.5
616.0
232.0
745.0
317.5
857.5
787.0
593.5
824.5
679.0
454.0
538.0
721.0
761.5
866.5
541.0
587.5
145.0
727.0
737.5
464.5
301.0
341.5
758.5
715.0
742.0
125.5
632.5
242.5
299.5
758.5
650.5
673.0
476.5
526.0
440.5
853.0
670.0
259.0
497.5
583.0
797.5
448.0
521.5
698.5
805.0
509.5
754.0
781.0
425.5
247.0
281.5
608.5
734.5
668.5
767.5
751.0
806.5
836.5
733.0
724.0
238.0
754.0
719.5
463.0
185.5
617.5
706.0
715.0
559.0
733.0
710.5
731.5
874.0
676.0
655.0
638.5
809.5
757.0
772.0
698.5
386.5
751.0
704.5
847.0
658.0
503.5
605.5
646.0
734.5
802.0
488.5
112.0
440.5
769.0
764.5
835.0
802.0
733.0
526.0
485.5
781.0
593.5
487.0
817.0
502.0
800.5
671.5
803.5
703.0
623.5
815.5
704.5
494.5
787.0
622.0
488.5
206.5
328.0
596.5
238.0
758.5
767.5
737.5
311.5
631.0
643.0
751.0
742.0
704.5
739.0
121.0
220.0
878.5
511.0
593.5
749.5
590.5
155.5
535.0
446.5
254.5
218.5
620.5
104.5
830.5
371.5
863.5
725.5
781.0
772.0
94.0
718.0
461.5
743.5
577.0
458.5
821.5
535.0
749.5
739.0
656.5
856.0
740.5
695.5
703.0
700.0
826.0
781.0
656.5
688.0
746.5
683.5
317.5
817.0
757.0
743.5
581.5
448.0
722.5
757.0
766.0
706.0
811.0
536.5
83.5
775.0
752.5
620.5
731.5
553.0
671.5
413.5
668.5
758.5
608.5
755.5
484.0
727.0
670.0
280.0
559.0
245.5
745.0
664.0
814.0
755.5
514.0
713.5
560.5
734.5
557.5
110.5
737.5
847.0
136.0
698.5
782.5
793.0
215.5
709.0
277.0
593.5
631.0
592.0
658.0
665.5
677.5
731.5
209.5
781.0
334.0
742.0
683.5
440.5
770.5
662.5
386.5
833.5
220.0
734.5
707.5
671.5
701.5
659.5
184.0
311.5
824.5
617.5
553.0
709.0
878.5
626.5
304.0
749.5
161.5
820.0
740.5
200.5
578.5
121.0
589.0
217.0
806.5
755.5
367.0
637.0
724.0
557.5
725.5
733.0
728.5
809.5
478.0
178.0
281.5
455.5
740.5
632.5
463.0
817.0
844.0
724.0
563.5
493.0
388.0
748.0
770.5
488.5
697.0
778.0
604.0
637.0
457.0
841.0
797.5
467.5
446.5
598.0
815.5
535.0
664.0
263.5
746.5
661.0
628.0
847.0
796.0
749.5
835.0
749.5
628.0
695.5
167.5
760.0
241.0
790.0
835.0
725.5
106.0
742.0
695.5
545.5
802.0
661.0
722.5
