475.0
386.5
316.0
220.0
242.5
61.0
503.5
275.5
392.5
655.0
409.0
127.0
584.5
736.0
244.0
197.5
305.5
349.0
671.5
131.5
449.5
802.0
671.5
365.5
530.5
227.5
833.5
611.5
274.0
884.5
199.0
331.0
17.5
463.0
40.0
350.5
404.5
127.0
689.5
278.5
572.5
730.0
32.5
700.0
541.0
679.0
142.0
263.5
292.0
755.5
719.5
533.5
118.0
64.0
685.0
734.5
163.0
86.5
199.0
377.5
581.5
212.5
212.5
175.0
545.5
521.5
449.5
275.5
536.5
520.0
230.5
587.5
602.5
146.5
607.0
178.0
862.0
844.0
607.0
506.5
676.0
460.0
235.0
236.5
320.5
413.5
292.0
74.5
122.5
593.5
308.5
154.0
679.0
494.5
593.5
506.5
496.0
265.0
707.5
682.0
713.5
704.5
811.0
193.0
335.5
532.0
499.0
85.0
601.0
460.0
188.5
499.0
218.5
256.0
347.5
100.0
178.0
596.5
614.5
580.0
731.5
508.0
629.5
734.5
668.5
341.5
362.5
419.5
685.0
268.0
673.0
683.5
166.0
494.5
616.0
566.5
689.5
130.0
170.5
443.5
619.0
589.0
352.0
539.5
94.0
239.5
199.0
203.5
760.0
803.5
530.5
221.5
619.0
820.0
82.0
391.0
661.0
143.5
145.0
736.0
550.0
616.0
637.0
794.5
619.0
145.0
503.5
397.0
488.5
391.0
532.0
760.0
655.0
704.5
343.0
127.0
370.0
311.5
238.0
415.0
515.5
526.0
218.5
416.5
491.5
418.0
623.5
752.5
595.0
539.5
773.5
448.0
136.0
317.5
134.5
208.0
208.0
380.5
695.5
683.5
487.0
412.0
496.0
266.5
703.0
98.5
631.0
533.5
574.0
512.5
616.0
190.0
749.5
434.5
311.5
674.5
361.0
746.5
286.0
160.0
157.0
217.0
604.0
383.5
203.5
676.0
572.5
761.5
197.5
514.0
446.5
698.5
319.0
316.0
715.0
581.5
511.0
515.5
679.0
793.0
299.5
653.5
661.0
724.0
695.5
523.0
206.5
247.0
368.5
458.5
436.0
493.0
524.5
533.5
283.0
410.5
391.0
482.5
298.0
460.0
292.0
160.0
637.0
629.5
773.5
322.0
511.0
497.5
479.5
718.0
427.0
667.0
662.5
560.5
116.5
604.0
505.0
601.0
520.0
317.5
166.0
299.5
104.5
623.5
607.0
110.5
550.0
341.5
35.5
200.5
409.0
721.0
628.0
184.0
548.5
599.5
785.5
169.0
590.5
754.0
631.0
277.0
499.0
95.5
65.5
91.0
800.5
86.5
556.0
596.5
137.5
254.5
665.5
586.0
245.5
493.0
737.5
677.5
686.5
403.0
364.0
253.0
358.0
80.5
236.5
323.5
682.0
292.0
80.5
772.0
104.5
224.5
685.0
817.0
769.0
110.5
127.0
376.0
506.5
98.5
773.5
307.0
385.0
688.0
422.5
715.0
389.5
598.0
649.0
533.5
634.0
740.5
43.0
365.5
466.0
331.0
797.5
683.5
532.0
827.5
476.5
467.5
710.5
505.0
244.0
425.5
85.0
410.5
490.0
497.5
802.0
643.0
421.0
713.5
179.5
388.0
502.0
667.0
275.5
565.0
625.0
677.5
695.5
380.5
101.5
695.5
508.0
176.5
799.0
427.0
566.5
7.0
863.5
758.5
568.0
121.0
553.0
310.0
428.5
154.0
640.0
631.0
203.5
653.5
661.0
598.0
577.0
332.5
688.0
332.5
413.5
283.0
773.5
397.0
292.0
467.5
559.0
112.0
620.5
598.0
206.5
340.0
497.5
220.0
605.5
556.0
631.0
343.0
410.5
40.0
515.5
688.0
446.5
359.5
382.0
610.0
712.0
595.0
763.0
728.5
623.5
176.5
658.0
302.5
451.0
410.5
356.5
646.0
199.0
667.0
262.0
16.0
400.0
146.5
526.0
253.0
815.5
311.5
277.0
508.0
523.0
433.0
518.5
142.0
575.5
218.5
221.5
185.5
278.5
280.0
253.0
674.5
650.5
187.0
104.5
365.5
230.5
200.5
163.0
235.0
77.5
605.5
464.5
752.5
194.5
740.5
200.5
182.5
785.5
199.0
149.5
458.5
524.5
454.0
322.0
652.0
287.5
170.5
230.5
208.0
286.0
116.5
466.0
143.5
215.5
449.5
475.0
574.0
656.5
697.0
515.5
613.0
736.0
700.0
668.5
290.5
257.5
151.0
244.0
461.5
764.5
463.0
290.5
377.5
278.5
595.0
506.5
770.5
374.5
856.0
608.5
752.5
577.0
818.5
181.0
707.5
580.0
101.5
278.5
668.5
860.5
386.5
625.0
671.5
830.5
611.5
866.5
743.5
707.5
155.5
85.0
781.0
311.5
212.5
235.0
164.5
106.0
338.5
74.5
470.5
572.5
754.0
623.5
262.0
361.0
650.5
353.5
230.5
724.0
617.5
746.5
475.0
304.0
110.5
371.5
424.0
415.0
730.0
212.5
281.5
293.5
550.0
386.5
556.0
667.0
482.5
497.5
715.0
752.5
439.0
436.0
221.5
509.5
785.5
326.5
542.5
700.0
670.0
506.5
77.5
74.5
730.0
599.5
161.5
223.0
700.0
562.0
152.5
445.0
320.5
614.5
590.5
695.5
376.0
137.5
89.5
587.5
310.0
706.0
806.5
256.0
482.5
701.5
635.5
229.0
548.5
700.0
446.5
157.0
836.5
442.0
569.5
82.0
169.0
34.0
440.5
206.5
167.5
469.0
178.0
613.0
59.5
227.5
287.5
424.0
604.0
532.0
604.0
598.0
355.0
664.0
631.0
451.0
712.0
496.0
187.0
277.0
103.0
610.0
674.5
433.0
635.5
701.5
187.0
346.0
523.0
524.5
266.5
406.0
785.5
286.0
644.5
790.0
518.5
533.5
139.0
211.0
236.5
590.5
152.5
539.5
238.0
467.5
542.5
220.0
688.0
758.5
143.5
712.0
473.5
791.5
452.5
92.5
790.0
584.5
427.0
560.5
85.0
661.0
622.0
599.5
871.0
653.5
680.5
383.5
119.5
814.0
625.0
674.5
298.0
751.0
274.0
502.0
629.5
439.0
85.0
35.5
617.5
647.5
644.5
725.5
475.0
181.0
281.5
281.5
485.5
58.0
374.5
338.5
104.5
652.0
638.5
416.5
635.5
74.5
274.0
479.5
431.5
110.5
328.0
694.0
386.5
290.5
568.0
287.5
176.5
761.5
268.0
610.0
359.5
508.0
685.0
140.5
689.5
97.0
844.0
292.0
433.0
773.5
262.0
50.5
601.0
538.0
578.5
659.5
665.5
731.5
457.0
772.0
566.5
551.5
742.0
653.5
251.5
524.5
349.0
161.5
70.0
571.0
436.0
319.0
236.5
341.5
565.0
149.5
307.0
166.0
130.0
641.5
428.5
584.5
572.5
820.0
637.0
161.5
773.5
406.0
733.0
635.5
550.0
260.5
143.5
376.0
695.5
275.5
226.0
121.0
97.0
613.0
89.5
358.0
641.5
730.0
661.0
502.0
296.5
331.0
413.5
149.5
334.0
662.5
649.0
718.0
125.5
101.5
314.5
392.5
377.5
734.5
541.0
844.0
670.0
176.5
142.0
533.5
620.5
766.0
581.5
685.0
254.5
334.0
232.0
154.0
391.0
353.5
635.5
283.0
85.0
673.0
209.5
473.5
26.5
236.5
748.0
349.0
418.0
490.0
580.0
617.5
181.0
322.0
554.5
281.5
695.5
262.0
280.0
424.0
704.5
722.5
346.0
466.0
271.0
211.0
466.0
437.5
236.5
112.0
350.5
422.5
671.5
626.5
665.5
772.0
437.5
353.5
761.5
200.5
151.0
709.0
469.0
202.0
493.0
607.0
731.5
409.0
526.0
481.0
455.5
490.0
146.5
677.5
412.0
461.5
655.0
262.0
485.5
635.5
724.0
670.0
287.5
455.5
70.0
172.0
724.0
157.0
625.0
746.5
625.0
539.5
110.5
443.5
125.5
689.5
299.5
607.0
541.0
650.5
200.5
166.0
800.5
434.5
682.0
616.0
334.0
202.0
671.5
241.0
203.5
706.0
61.0
140.5
482.5
79.0
412.0
386.5
233.5
286.0
589.0
160.0
755.5
194.5
469.0
619.0
125.5
458.5
796.0
232.0
769.0
575.5
377.5
629.5
391.0
700.0
703.0
737.5
587.5
133.0
502.0
74.5
227.5
364.0
566.5
398.5
536.5
281.5
706.0
755.5
491.5
605.5
530.5
704.5
356.5
683.5
371.5
299.5
413.5
386.5
559.0
316.0
787.0
748.0
95.5
271.0
224.5
340.0
268.0
259.0
416.5
341.5
280.0
314.5
82.0
151.0
154.0
793.0
479.5
565.0
409.0
379.0
155.5
145.0
38.5
784.0
613.0
448.0
787.0
46.0
184.0
427.0
689.5
665.5
551.5
575.5
184.0
365.5
706.0
730.0
632.5
505.0
95.5
296.5
770.5
482.5
346.0
448.0
554.5
635.5
455.5
692.5
188.5
733.0
703.0
160.0
361.0
167.5
443.5
344.5
226.0
143.5
698.5
623.5
539.5
629.5
589.0
613.0
92.5
640.0
236.5
631.0
341.5
724.0
598.0
232.0
238.0
425.5
385.0
793.0
506.5
608.5
664.0
476.5
518.5
719.5
230.5
695.5
407.5
68.5
28.0
743.5
724.0
122.5
218.5
542.5
586.0
286.0
511.0
581.5
646.0
188.5
698.5
227.5
656.5
367.0
140.5
356.5
271.0
532.0
806.5
745.0
472.0
671.5
565.0
706.0
520.0
785.5
457.0
344.5
151.0
217.0
751.0
392.5
656.5
547.0
839.5
278.5
824.5
712.0
595.0
497.5
217.0
368.5
544.0
434.5
752.5
626.5
326.5
499.0
25.0
112.0
496.0
764.5
142.0
107.5
752.5
295.0
167.5
761.5
416.5
493.0
158.5
463.0
719.5
143.5
311.5
151.0
407.5
595.0
667.0
698.5
682.0
607.0
259.0
278.5
680.5
739.0
182.5
473.5
704.5
133.0
392.5
478.0
703.0
521.5
628.0
748.0
749.5
313.0
505.0
536.5
679.0
803.5
79.0
484.0
728.5
268.0
151.0
70.0
814.0
173.5
283.0
83.5
256.0
118.0
346.0
685.0
106.0
89.5
344.5
457.0
254.5
232.0
362.5
740.5
317.5
545.5
818.5
167.5
229.0
487.0
182.5
704.5
352.0
359.5
125.5
392.5
266.5
103.0
547.0
725.5
719.5
352.0
638.5
275.5
430.0
403.0
193.0
199.0
472.0
725.5
343.0
370.0
565.0
734.5
410.5
695.5
143.5
778.0
344.5
674.5
178.0
242.5
671.5
457.0
206.5
587.5
587.5
544.0
358.0
671.5
220.0
305.5
307.0
392.5
478.0
125.5
415.0
653.5
655.0
410.5
442.0
139.0
527.5
101.5
317.5
194.5
455.5
268.0
668.5
664.0
200.5
64.0
352.0
538.0
517.0
239.5
88.0
535.0
677.5
625.0
455.5
682.0
769.0
620.5
352.0
133.0
185.5
542.5
655.0
812.5
77.5
499.0
640.0
302.5
515.5
161.5
698.5
350.5
460.0
190.0
770.5
605.5
125.5
560.5
767.5
722.5
635.5
496.0
638.5
656.5
553.0
545.5
682.0
260.5
110.5
323.5
568.0
200.5
652.0
602.5
476.5
560.5
643.0
772.0
406.0
425.5
220.0
172.0
269.5
563.5
790.0
700.0
428.5
94.0
166.0
757.0
592.0
446.5
581.5
568.0
592.0
299.5
718.0
256.0
805.0
56.5
418.0
478.0
593.5
121.0
631.0
680.5
182.5
671.5
451.0
166.0
721.0
850.0
541.0
635.5
119.5
263.5
182.5
142.0
641.5
614.5
418.0
514.0
113.5
163.0
182.5
301.0
616.0
469.0
685.0
451.0
839.5
575.5
754.0
508.0
166.0
298.0
506.5
379.0
536.5
569.5
475.0
641.5
613.0
320.5
763.0
241.0
118.0
806.5
176.5
382.0
155.5
737.5
674.5
706.0
541.0
674.5
260.5
577.0
751.0
46.0
727.0
64.0
758.5
611.5
637.0
473.5
464.5
682.0
568.0
134.5
47.5
788.5
421.0
136.0
590.5
832.0
358.0
173.5
338.5
676.0
697.0
184.0
448.0
113.5
650.5
664.0
451.0
565.0
475.0
416.5
638.5
562.0
392.5
700.0
257.5
380.5
145.0
46.0
319.0
637.0
110.5
373.0
646.0
698.5
764.5
596.5
413.5
725.5
544.0
787.0
226.0
656.5
653.5
506.5
358.0
731.5
580.0
401.5
710.5
422.5
137.5
173.5
430.0
770.5
716.5
493.0
754.0
244.0
508.0
109.0
530.5
511.0
680.5
454.0
751.0
446.5
404.5
148.0
266.5
161.5
266.5
742.0
610.0
136.0
119.5
463.0
451.0
394.0
181.0
749.5
253.0
268.0
646.0
503.5
139.0
245.5
362.5
460.0
53.5
347.5
649.0
224.5
395.5
491.5
679.0
541.0
700.0
701.5
353.5
251.5
475.0
152.5
529.0
731.5
704.5
595.0
668.5
227.5
604.0
599.5
601.0
148.0
185.5
395.5
287.5
665.5
676.0
277.0
550.0
560.5
527.5
469.0
536.5
698.5
595.0
734.5
31.0
613.0
586.0
493.0
143.5
407.5
674.5
434.5
226.0
589.0
190.0
751.0
650.5
734.5
580.0
689.5
583.0
586.0
724.0
362.5
701.5
628.0
481.0
683.5
229.0
809.5
836.5
464.5
499.0
290.5
386.5
721.0
536.5
188.5
775.0
109.0
575.5
608.5
536.5
659.5
688.0
301.0
301.0
823.0
503.5
170.5
688.0
763.0
38.5
517.0
323.5
535.0
373.0
725.5
220.0
631.0
680.5
229.0
491.5
692.5
179.5
17.5
347.5
121.0
589.0
547.0
487.0
707.5
334.0
683.5
518.5
28.0
436.0
751.0
358.0
596.5
133.0
637.0
674.5
689.5
539.5
577.0
308.5
776.5
494.5
173.5
154.0
727.0
608.5
710.5
758.5
377.5
805.0
271.0
344.5
493.0
103.0
575.5
277.0
208.0
424.0
634.0
623.5
248.5
101.5
839.5
764.5
730.0
736.0
635.5
746.5
182.5
749.5
193.0
661.0
625.0
811.0
86.5
412.0
748.0
574.0
488.5
685.0
833.5
272.5
179.5
332.5
272.5
467.5
505.0
103.0
473.5
296.5
653.5
685.0
478.0
637.0
569.5
586.0
620.5
742.0
662.5
764.5
797.5
533.5
160.0
392.5
685.0
470.5
256.0
44.5
109.0
695.5
785.5
757.0
463.0
704.5
491.5
629.5
524.5
671.5
670.0
586.0
47.5
691.0
461.5
754.0
493.0
448.0
281.5
110.5
607.0
617.5
625.0
494.5
613.0
785.5
586.0
259.0
683.5
65.5
226.0
601.0
508.0
454.0
64.0
859.0
169.0
766.0
355.0
632.5
632.5
581.5
469.0
652.0
625.0
104.5
389.5
539.5
157.0
400.0
517.0
224.5
428.5
305.5
406.0
518.5
598.0
517.0
404.5
458.5
218.5
491.5
430.0
772.0
332.5
599.5
140.5
578.5
517.0
689.5
178.0
613.0
634.0
437.5
451.0
518.5
674.5
149.5
497.5
773.5
482.5
212.5
580.0
106.0
124.0
160.0
575.5
148.0
791.5
155.5
119.5
665.5
70.0
523.0
88.0
427.0
236.5
658.0
70.0
170.5
326.5
334.0
592.0
635.5
466.0
359.5
622.0
236.5
181.0
520.0
355.0
668.5
53.5
305.5
154.0
730.0
274.0
592.0
338.5
74.5
187.0
49.0
173.5
254.5
721.0
302.5
538.0
316.0
592.0
502.0
104.5
104.5
686.5
79.0
476.5
181.0
253.0
674.5
521.5
647.5
226.0
524.5
211.0
460.0
328.0
587.5
643.0
208.0
320.5
80.5
772.0
574.0
343.0
328.0
469.0
497.5
148.0
121.0
590.5
217.0
704.5
380.5
715.0
614.5
79.0
266.5
271.0
581.5
161.5
623.5
841.0
367.0
674.5
493.0
763.0
584.5
565.0
326.5
419.5
383.5
20.5
227.5
284.5
247.0
812.5
80.5
454.0
665.5
637.0
619.0
748.0
560.5
140.5
332.5
352.0
335.5
566.5
412.0
706.0
508.0
484.0
170.5
749.5
409.0
262.0
232.0
161.5
403.0
679.0
826.0
631.0
550.0
776.5
304.0
331.0
709.0
533.5
698.5
757.0
176.5
505.0
754.0
211.0
334.0
554.5
544.0
65.5
406.0
94.0
616.0
707.5
754.0
587.5
602.5
364.0
644.5
799.0
395.5
260.5
205.0
412.0
251.5
496.0
631.0
305.5
517.0
514.0
662.5
247.0
82.0
625.0
512.5
349.0
526.0
668.5
398.5
641.5
610.0
595.0
229.0
193.0
724.0
172.0
788.5
190.0
481.0
710.5
565.0
227.5
526.0
485.5
640.0
55.0
119.5
52.0
298.0
629.5
746.5
217.0
652.0
244.0
305.5
334.0
224.5
565.0
439.0
272.5
634.0
704.5
383.5
778.0
478.0
736.0
374.5
155.5
49.0
526.0
124.0
152.5
604.0
622.0
493.0
427.0
268.0
707.5
632.5
556.0
172.0
202.0
542.5
614.5
592.0
589.0
139.0
172.0
442.0
152.5
374.5
679.0
448.0
76.0
629.5
392.5
647.5
76.0
307.0
607.0
332.5
772.0
158.5
326.5
763.0
700.0
475.0
550.0
670.0
91.0
362.5
638.5
655.0
392.5
614.5
212.5
289.0
278.5
163.0
515.5
370.0
760.0
493.0
629.5
206.5
358.0
389.5
364.0
155.5
200.5
683.5
557.5
542.5
157.0
332.5
698.5
136.0
245.5
680.5
584.5
601.0
500.5
389.5
521.5
724.0
751.0
206.5
109.0
263.5
497.5
149.5
382.0
653.5
712.0
487.0
695.5
98.5
176.5
665.5
622.0
263.5
662.5
448.0
274.0
161.5
199.0
305.5
568.0
149.5
190.0
734.5
538.0
602.5
335.5
260.5
115.0
218.5
728.5
557.5
218.5
553.0
377.5
326.5
671.5
403.0
656.5
709.0
688.0
419.5
563.5
191.5
178.0
287.5
211.0
347.5
454.0
401.5
298.0
295.0
199.0
130.0
286.0
388.0
640.0
430.0
776.5
434.5
214.0
482.5
626.5
743.5
308.5
404.5
227.5
370.0
337.0
769.0
505.0
346.0
563.5
614.5
479.5
311.5
130.0
715.0
248.5
448.0
611.5
301.0
364.0
199.0
388.0
535.0
743.5
521.5
353.5
664.0
241.0
485.5
511.0
643.0
58.0
757.0
703.0
535.0
581.5
325.0
194.5
700.0
125.5
212.5
622.0
80.5
670.0
103.0
425.5
670.0
259.0
157.0
311.5
161.5
343.0
355.0
287.5
581.5
388.0
751.0
295.0
520.0
430.0
428.5
659.5
155.5
163.0
665.5
496.0
26.5
232.0
301.0
407.5
158.5
86.5
689.5
271.0
515.5
235.0
563.5
404.5
703.0
200.5
136.0
388.0
770.5
379.0
712.0
544.0
626.5
520.0
170.5
152.5
661.0
778.0
251.5
425.5
785.5
262.0
706.0
250.0
794.5
349.0
529.0
673.0
689.5
494.5
493.0
715.0
355.0
382.0
191.5
574.0
719.5
250.0
325.0
310.0
739.0
77.5
611.5
710.5
299.5
619.0
485.5
451.0
685.0
479.5
659.5
710.5
536.5
247.0
551.5
737.5
509.5
787.0
640.0
659.5
176.5
221.5
644.5
290.5
178.0
20.5
377.5
67.0
173.5
697.0
413.5
326.5
770.5
322.0
574.0
530.5
503.5
607.0
410.5
118.0
583.0
523.0
460.0
562.0
401.5
161.5
365.5
820.0
98.5
370.0
385.0
151.0
650.5
362.5
130.0
649.0
109.0
658.0
658.0
149.5
391.0
448.0
572.5
316.0
640.0
859.0
128.5
139.0
176.5
359.5
568.0
359.5
178.0
134.5
245.5
419.5
463.0
776.5
664.0
419.5
187.0
766.0
706.0
667.0
772.0
425.5
413.5
491.5
626.5
430.0
578.5
623.5
713.5
545.5
190.0
259.0
581.5
356.5
743.5
398.5
560.5
281.5
764.5
503.5
299.5
94.0
721.0
655.0
316.0
247.0
304.0
391.0
19.0
562.0
637.0
431.5
662.5
512.5
827.5
367.0
565.0
376.0
652.0
794.5
862.0
517.0
742.0
118.0
247.0
502.0
454.0
551.5
373.0
653.5
530.5
185.5
508.0
460.0
73.0
547.0
707.5
608.5
548.5
448.0
773.5
382.0
521.5
44.5
551.5
424.0
175.0
401.5
95.5
494.5
470.5
470.5
218.5
130.0
407.5
728.5
503.5
508.0
556.0
625.0
703.0
113.5
323.5
424.0
766.0
334.0
610.0
269.5
157.0
509.5
71.5
646.0
377.5
610.0
758.5
664.0
776.5
100.0
403.0
302.5
97.0
218.5
583.0
452.5
754.0
523.0
82.0
398.5
451.0
617.5
59.5
709.0
442.0
530.5
284.5
511.0
125.5
731.5
637.0
344.5
628.0
697.0
782.5
275.5
571.0
391.0
623.5
463.0
586.0
520.0
112.0
520.0
740.5
226.0
344.5
470.5
542.5
209.5
262.0
202.0
455.5
430.0
113.5
76.0
301.0
250.0
103.0
272.5
803.5
157.0
116.5
172.0
91.0
290.5
697.0
668.5
328.0
311.5
106.0
128.5
548.5
107.5
697.0
377.5
388.0
538.0
475.0
160.0
217.0
593.5
440.5
698.5
652.0
488.5
73.0
52.0
764.5
506.5
566.5
781.0
163.0
137.5
262.0
334.0
518.5
202.0
547.0
419.5
170.5
466.0
695.5
772.0
808.0
421.0
523.0
391.0
679.0
518.5
170.5
619.0
445.0
511.0
841.0
670.0
706.0
569.5
658.0
595.0
268.0
865.0
664.0
584.5
751.0
464.5
335.5
340.0
779.5
698.5
290.5
533.5
679.0
748.0
514.0
355.0
400.0
76.0
272.5
682.0
532.0
400.0
776.5
743.5
647.5
544.0
703.0
385.0
745.0
166.0
287.5
191.5
314.5
551.5
556.0
235.0
556.0
107.5
299.5
524.5
821.5
464.5
415.0
238.0
190.0
535.0
569.5
670.0
233.5
698.5
568.0
608.5
758.5
704.5
655.0
566.5
653.5
271.0
121.0
206.5
688.0
508.0
155.5
769.0
769.0
425.5
43.0
604.0
512.5
260.5
332.5
43.0
235.0
497.5
173.5
707.5
388.0
77.5
152.5
499.0
455.5
383.5
425.5
406.0
389.5
431.5
776.5
533.5
545.5
326.5
803.5
647.5
767.5
149.5
577.0
94.0
575.5
451.0
376.0
527.5
199.0
112.0
308.5
193.0
7.0
313.0
416.5
382.0
263.5
536.5
148.0
632.5
685.0
674.5
376.0
629.5
539.5
355.0
599.5
622.0
713.5
679.0
272.5
583.0
179.5
722.5
340.0
385.0
269.5
740.5
367.0
647.5
544.0
601.0
745.0
295.0
110.5
673.0
688.0
716.5
287.5
412.0
85.0
335.5
277.0
185.5
460.0
481.0
274.0
380.5
332.5
673.0
74.5
478.0
131.5
280.0
161.5
403.0
658.0
299.5
127.0
302.5
583.0
637.0
470.5
113.5
527.5
628.0
326.5
218.5
136.0
826.0
196.0
413.5
187.0
400.0
124.0
175.0
739.0
494.5
598.0
653.5
217.0
130.0
667.0
479.5
605.5
518.5
793.0
686.5
863.5
358.0
775.0
145.0
355.0
511.0
610.0
280.0
202.0
115.0
238.0
164.5
469.0
349.0
532.0
746.5
799.0
218.5
323.5
584.5
20.5
580.0
571.0
458.5
722.5
301.0
671.5
308.5
709.0
562.0
737.5
179.5
337.0
391.0
206.5
554.5
821.5
839.5
640.0
694.0
110.5
265.0
743.5
110.5
514.0
481.0
700.0
529.0
404.5
400.0
779.5
527.5
118.0
260.5
80.5
479.5
424.0
782.5
110.5
349.0
65.5
304.0
455.5
748.0
493.0
130.0
623.5
362.5
253.0
247.0
266.5
784.0
547.0
175.0
466.0
286.0
548.5
187.0
716.5
689.5
623.5
337.0
523.0
211.0
173.5
494.5
263.5
376.0
149.5
391.0
698.5
529.0
133.0
730.0
194.5
620.5
809.5
488.5
472.0
737.5
787.0
85.0
221.5
311.5
163.0
322.0
520.0
271.0
10.0
412.0
379.0
307.0
544.0
787.0
443.5
640.0
745.0
59.5
601.0
586.0
784.0
481.0
317.5
172.0
268.0
167.5
611.5
692.5
656.5
26.5
409.0
281.5
428.5
557.5
664.0
229.0
823.0
499.0
575.5
782.5
146.5
329.5
65.5
113.5
451.0
331.0
704.5
160.0
101.5
518.5
643.0
581.5
386.5
725.5
157.0
769.0
262.0
112.0
742.0
424.0
494.5
683.5
320.5
659.5
598.0
593.5
662.5
505.0
182.5
89.5
610.0
346.0
140.5
265.0
394.0
296.5
635.5
517.0
158.5
530.5
746.5
104.5
548.5
245.5
638.5
29.5
382.0
800.5
578.5
541.0
787.0
355.0
86.5
434.5
593.5
487.0
670.0
452.5
104.5
310.0
449.5
559.0
380.5
769.0
740.5
832.0
754.0
59.5
115.0
680.5
715.0
619.0
340.0
698.5
461.5
154.0
166.0
361.0
107.5
416.5
763.0
490.0
628.0
569.5
695.5
335.5
334.0
667.0
176.5
118.0
521.5
766.0
130.0
659.5
353.5
737.5
578.5
616.0
352.0
695.5
163.0
550.0
655.0
278.5
527.5
451.0
514.0
607.0
641.5
785.5
580.0
712.0
548.5
373.0
509.5
368.5
620.5
557.5
592.0
562.0
178.0
562.0
647.5
68.5
356.5
437.5
280.0
578.5
722.5
509.5
313.0
619.0
200.5
593.5
770.5
631.0
253.0
562.0
61.0
443.5
253.0
368.5
808.0
590.5
710.5
440.5
562.0
794.5
170.5
634.0
308.5
613.0
317.5
49.0
188.5
107.5
325.0
811.0
464.5
677.5
649.0
493.0
727.0
505.0
49.0
310.0
428.5
550.0
826.0
173.5
736.0
133.0
692.5
655.0
380.5
599.5
329.5
565.0
290.5
416.5
290.5
718.0
512.5
101.5
746.5
688.0
829.0
403.0
107.5
515.5
442.0
674.5
784.0
514.0
563.5
437.5
653.5
188.5
160.0
304.0
589.0
211.0
412.0
695.5
271.0
623.5
721.0
766.0
173.5
356.5
43.0
275.5
359.5
710.5
34.0
458.5
665.5
566.5
670.0
659.5
628.0
217.0
206.5
223.0
508.0
527.5
568.0
292.0
770.5
664.0
185.5
337.0
344.5
683.5
637.0
758.5
566.5
173.5
587.5
665.5
755.5
566.5
518.5
433.0
148.0
719.5
371.5
188.5
226.0
370.0
617.5
505.0
29.5
532.0
274.0
367.0
118.0
146.5
95.5
458.5
640.0
797.5
631.0
290.5
587.5
761.5
281.5
365.5
127.0
34.0
473.5
613.0
811.0
131.5
529.0
658.0
539.5
557.5
488.5
148.0
704.5
377.5
403.0
595.0
124.0
761.5
191.5
259.0
206.5
205.0
506.5
110.5
532.0
722.5
287.5
145.0
58.0
424.0
217.0
293.5
503.5
647.5
385.0
622.0
211.0
448.0
211.0
553.0
337.0
455.5
422.5
737.5
44.5
70.0
542.5
779.5
827.5
533.5
221.5
656.5
493.0
544.0
620.5
349.0
337.0
227.5
760.0
284.5
607.0
463.0
275.5
268.0
527.5
134.5
127.0
622.0
206.5
736.0
631.0
623.5
544.0
803.5
806.5
619.0
674.5
589.0
359.5
640.0
578.5
238.0
380.5
626.5
407.5
335.5
341.5
680.5
751.0
784.0
185.5
529.0
401.5
146.5
305.5
206.5
493.0
311.5
413.5
164.5
179.5
575.5
734.5
611.5
266.5
424.0
649.0
236.5
224.5
134.5
115.0
172.0
574.0
596.5
376.0
155.5
217.0
146.5
448.0
317.5
743.5
161.5
151.0
445.0
529.0
109.0
206.5
616.0
599.5
434.5
562.0
763.0
497.5
289.0
166.0
731.5
563.5
713.5
226.0
464.5
133.0
707.5
841.0
809.5
544.0
631.0
529.0
416.5
269.5
422.5
706.0
160.0
800.5
31.0
449.5
701.5
73.0
430.0
722.5
697.0
68.5
280.0
145.0
482.5
532.0
470.5
208.0
664.0
365.5
800.5
101.5
533.5
839.5
593.5
209.5
284.5
839.5
245.5
113.5
125.5
325.0
536.5
596.5
451.0
616.0
626.5
523.0
286.0
61.0
76.0
452.5
737.5
341.5
353.5
406.0
470.5
371.5
92.5
467.5
293.5
218.5
128.5
581.5
118.0
118.0
148.0
430.0
383.5
158.5
106.0
149.5
391.0
557.5
802.0
760.0
727.0
329.5
422.5
793.0
574.0
274.0
478.0
67.0
113.5
178.0
448.0
478.0
217.0
638.5
242.5
145.0
341.5
715.0
823.0
62.5
430.0
536.5
652.0
506.5
310.0
547.0
778.0
295.0
491.5
643.0
563.5
554.5
571.0
286.0
644.5
469.0
457.0
188.5
346.0
625.0
433.0
803.5
310.0
131.5
535.0
830.5
277.0
367.0
622.0
374.5
304.0
749.5
445.0
140.5
593.5
205.0
320.5
715.0
79.0
58.0
74.5
82.0
626.5
347.5
80.5
127.0
467.5
296.5
245.5
812.5
722.5
733.0
214.0
415.0
32.5
665.5
665.5
352.0
595.0
307.0
164.5
716.5
116.5
289.0
617.5
173.5
299.5
145.0
244.0
485.5
770.5
743.5
634.0
677.5
626.5
193.0
508.0
511.0
704.5
650.5
592.0
430.0
488.5
541.0
214.0
541.0
85.0
493.0
608.5
343.0
541.0
457.0
35.5
257.5
691.0
692.5
497.5
286.0
152.5
335.5
367.0
569.5
119.5
416.5
628.0
524.5
583.0
472.0
562.0
806.5
170.5
547.0
164.5
115.0
368.5
92.5
242.5
620.5
695.5
782.5
641.5
548.5
544.0
229.0
167.5
359.5
254.5
266.5
767.5
584.5
730.0
664.0
734.5
296.5
493.0
413.5
358.0
646.0
332.5
533.5
196.0
680.5
82.0
175.0
665.5
208.0
466.0
557.5
526.0
251.5
563.5
469.0
290.5
799.0
761.5
538.0
722.5
782.5
74.5
149.5
617.5
271.0
121.0
104.5
428.5
214.0
719.5
317.5
608.5
785.5
755.5
410.5
712.0
518.5
320.5
67.0
494.5
278.5
52.0
196.0
647.5
785.5
242.5
307.0
325.0
103.0
253.0
464.5
182.5
793.0
791.5
613.0
527.5
517.0
632.5
22.0
434.5
335.5
418.0
547.0
196.0
220.0
215.5
343.0
562.0
794.5
500.5
493.0
355.0
796.0
442.0
361.0
412.0
166.0
139.0
386.5
356.5
272.5
473.5
409.0
646.0
362.5
866.5
68.5
317.5
121.0
466.0
254.5
209.5
703.0
536.5
610.0
181.0
506.5
325.0
490.0
325.0
329.5
644.5
488.5
257.5
676.0
308.5
275.5
98.5
517.0
655.0
746.5
730.0
343.0
515.5
730.0
688.0
314.5
257.5
799.0
457.0
589.0
97.0
442.0
760.0
596.5
466.0
113.5
524.5
59.5
118.0
184.0
685.0
524.5
250.0
320.5
586.0
176.5
244.0
143.5
374.5
238.0
254.5
236.5
304.0
445.0
668.5
253.0
392.5
257.5
193.0
397.0
374.5
100.0
490.0
544.0
538.0
337.0
142.0
610.0
650.5
209.5
586.0
305.5
464.5
745.0
347.5
53.5
323.5
779.5
584.5
271.0
775.0
584.5
179.5
394.0
629.5
427.0
748.0
281.5
547.0
568.0
29.5
181.0
208.0
68.5
599.5
620.5
260.5
548.5
419.5
419.5
394.0
148.0
182.5
589.0
154.0
551.5
440.5
142.0
788.5
451.0
373.0
457.0
383.5
608.5
671.5
713.5
542.5
787.0
161.5
523.0
317.5
682.0
674.5
590.5
710.5
476.5
110.5
874.0
706.0
515.5
43.0
199.0
830.5
245.5
674.5
284.5
635.5
457.0
556.0
686.5
649.0
740.5
670.0
659.5
442.0
653.5
199.0
659.5
94.0
292.0
611.5
146.5
703.0
662.5
751.0
698.5
812.5
715.0
469.0
418.0
764.5
242.5
490.0
811.0
770.5
175.0
205.0
679.0
89.5
674.5
529.0
298.0
482.5
166.0
395.5
568.0
61.0
476.5
350.5
863.5
338.5
635.5
116.5
511.0
140.5
664.0
542.5
752.5
811.0
260.5
253.0
731.5
301.0
287.5
655.0
653.5
632.5
151.0
268.0
109.0
553.0
310.0
461.5
254.5
214.0
67.0
718.0
599.5
131.5
611.5
719.5
593.5
316.0
407.5
763.0
637.0
688.0
478.0
359.5
128.5
368.5
110.5
583.0
497.5
554.5
164.5
281.5
325.0
424.0
370.0
512.5
656.5
215.5
472.0
80.5
668.5
809.5
523.0
346.0
808.0
617.5
185.5
275.5
527.5
268.0
455.5
592.0
623.5
689.5
286.0
485.5
467.5
197.5
368.5
598.0
620.5
383.5
820.0
500.5
242.5
743.5
343.0
725.5
605.5
497.5
581.5
295.0
626.5
659.5
644.5
290.5
223.0
241.0
148.0
658.0
316.0
512.5
385.0
307.0
332.5
385.0
580.0
184.0
131.5
640.0
259.0
781.0
71.5
607.0
418.0
602.5
376.0
149.5
499.0
521.5
748.0
278.5
836.5
496.0
233.5
199.0
364.0
458.5
293.5
190.0
688.0
133.0
226.0
473.5
659.5
229.0
430.0
353.5
247.0
622.0
776.5
476.5
400.0
650.5
49.0
599.5
245.5
274.0
643.0
757.0
742.0
251.5
217.0
242.5
217.0
161.5
752.5
322.0
748.0
113.5
520.0
721.0
719.5
71.5
316.0
239.5
346.0
751.0
602.5
292.0
494.5
710.5
488.5
653.5
545.5
275.5
494.5
461.5
700.0
275.5
577.0
814.0
68.5
572.5
139.0
316.0
199.0
685.0
365.5
800.5
149.5
488.5
175.0
374.5
481.0
727.0
92.5
539.5
233.5
149.5
658.0
97.0
203.5
250.0
617.5
253.0
311.5
520.0
130.0
89.5
287.5
223.0
422.5
584.5
743.5
827.5
518.5
340.0
193.0
461.5
266.5
314.5
706.0
824.5
427.0
769.0
526.0
179.5
214.0
157.0
655.0
380.5
449.5
251.5
709.0
368.5
560.5
244.0
784.0
260.5
397.0
701.5
139.0
715.0
187.0
793.0
92.5
691.0
499.0
530.5
527.5
164.5
470.5
418.0
565.0
833.5
461.5
500.5
322.0
743.5
109.0
58.0
220.0
610.0
44.5
538.0
427.0
731.5
121.0
220.0
439.0
571.0
451.0
835.0
62.5
409.0
605.5
97.0
229.0
194.5
404.5
745.0
112.0
329.5
367.0
91.0
353.5
209.5
637.0
662.5
658.0
545.5
260.5
155.5
637.0
110.5
68.5
608.5
719.5
494.5
566.5
103.0
511.0
404.5
758.5
511.0
280.0
508.0
109.0
323.5
658.0
698.5
416.5
136.0
125.5
703.0
577.0
505.0
550.0
499.0
640.0
572.5
178.0
164.5
134.5
107.5
244.0
725.5
148.0
190.0
644.5
416.5
676.0
568.0
275.5
461.5
625.0
49.0
695.5
578.5
466.0
358.0
332.5
571.0
770.5
118.0
296.5
134.5
635.5
613.0
565.0
635.5
217.0
470.5
446.5
187.0
439.0
494.5
172.0
230.5
335.5
413.5
644.5
653.5
613.0
323.5
704.5
646.0
323.5
506.5
377.5
304.0
181.0
421.0
547.0
632.5
394.0
749.5
757.0
610.0
592.0
784.0
695.5
530.5
251.5
517.0
523.0
389.5
668.5
329.5
626.5
562.0
595.0
83.5
85.0
539.5
491.5
343.0
614.5
767.5
253.0
655.0
100.0
427.0
626.5
686.5
664.0
94.0
202.0
151.0
443.5
664.0
215.5
676.0
179.5
688.0
478.0
109.0
283.0
622.0
374.5
514.0
373.0
653.5
308.5
776.5
494.5
560.5
331.0
145.0
617.5
733.0
622.0
355.0
487.0
104.5
326.5
160.0
559.0
638.5
524.5
430.0
284.5
692.5
473.5
176.5
548.5
560.5
265.0
620.5
776.5
530.5
638.5
358.0
76.0
520.0
151.0
298.0
448.0
659.5
736.0
173.5
574.0
209.5
311.5
113.5
580.0
565.0
802.0
748.0
364.0
172.0
617.5
133.0
146.5
539.5
718.0
553.0
502.0
397.0
614.5
662.5
775.0
658.0
589.0
563.5
127.0
254.5
643.0
70.0
227.5
788.5
596.5
568.0
268.0
161.5
427.0
272.5
784.0
422.5
124.0
688.0
374.5
283.0
490.0
92.5
424.0
262.0
769.0
167.5
286.0
164.5
392.5
625.0
419.5
451.0
593.5
697.0
646.0
179.5
410.5
323.5
364.0
545.5
544.0
146.5
689.5
335.5
430.0
404.5
694.0
715.0
154.0
683.5
743.5
526.0
563.5
212.5
179.5
586.0
200.5
727.0
287.5
451.0
565.0
325.0
598.0
280.0
272.5
152.5
769.0
650.5
514.0
328.0
307.0
422.5
140.5
430.0
458.5
173.5
463.0
148.0
529.0
272.5
596.5
287.5
382.0
734.5
287.5
667.0
784.0
323.5
508.0
500.5
454.0
478.0
289.0
608.5
719.5
587.5
289.0
574.0
514.0
706.0
581.5
607.0
107.5
511.0
658.0
725.5
212.5
277.0
787.0
731.5
656.5
512.5
112.0
526.0
256.0
194.5
524.5
664.0
80.5
323.5
700.0
326.5
121.0
373.0
436.0
578.5
557.5
497.5
556.0
248.5
692.5
209.5
142.0
727.0
202.0
161.5
472.0
244.0
793.0
506.5
433.0
143.5
733.0
191.5
763.0
674.5
731.5
781.0
329.5
728.5
655.0
529.0
511.0
362.5
508.0
707.5
671.5
196.0
424.0
587.5
658.0
739.0
578.5
611.5
691.0
173.5
626.5
620.5
575.5
646.0
664.0
671.5
428.5
568.0
487.0
709.0
629.5
422.5
164.5
505.0
140.5
289.0
655.0
448.0
448.0
149.5
233.5
91.0
439.0
236.5
164.5
764.5
373.0
748.0
427.0
281.5
778.0
604.0
92.5
182.5
142.0
824.5
556.0
178.0
152.5
577.0
670.0
565.0
548.5
754.0
611.5
748.0
379.0
205.0
311.5
710.5
478.0
419.5
622.0
739.0
736.0
587.5
392.5
197.5
107.5
542.5
482.5
457.0
649.0
623.5
530.5
346.0
709.0
695.5
119.5
301.0
227.5
704.5
566.5
73.0
502.0
688.0
697.0
506.5
815.5
680.5
671.5
746.5
148.0
367.0
719.5
368.5
497.5
484.0
583.0
260.5
206.5
394.0
739.0
659.5
617.5
184.0
704.5
191.5
424.0
608.5
299.5
637.0
172.0
317.5
460.0
508.0
419.5
422.5
407.5
581.5
134.5
550.0
533.5
452.5
269.5
713.5
505.0
164.5
506.5
145.0
406.0
293.5
430.0
364.0
670.0
263.5
416.5
130.0
175.0
592.0
221.5
565.0
515.5
223.0
421.0
602.5
586.0
466.0
86.5
221.5
730.0
550.0
547.0
454.0
554.5
685.0
49.0
383.5
271.0
152.5
218.5
589.0
454.0
724.0
727.0
580.0
428.5
688.0
188.5
320.5
658.0
712.0
536.5
812.5
322.0
739.0
635.5
593.5
530.5
281.5
550.0
439.0
680.5
785.5
239.5
388.0
704.5
248.5
784.0
535.0
242.5
719.5
199.0
353.5
391.0
403.0
644.5
652.0
634.0
502.0
454.0
260.5
779.5
740.5
260.5
554.5
301.0
677.5
283.0
731.5
155.5
191.5
704.5
176.5
604.0
455.5
455.5
365.5
461.5
662.5
239.5
341.5
169.0
455.5
376.0
644.5
490.0
374.5
698.5
178.0
589.0
368.5
443.5
553.0
680.5
535.0
176.5
122.5
472.0
281.5
280.0
601.0
242.5
340.0
148.0
443.5
611.5
325.0
272.5
793.0
251.5
748.0
451.0
88.0
232.0
289.0
490.0
577.0
536.5
83.5
236.5
118.0
458.5
554.5
571.0
589.0
443.5
638.5
493.0
514.0
371.5
469.0
812.5
553.0
650.5
467.5
286.0
500.5
143.5
637.0
338.5
277.0
151.0
424.0
209.5
113.5
583.0
25.0
209.5
520.0
782.5
395.5
74.5
599.5
742.0
334.0
205.0
619.0
568.0
593.5
488.5
238.0
158.5
484.0
385.0
614.5
175.0
85.0
770.5
164.5
29.5
788.5
599.5
269.5
484.0
524.5
151.0
320.5
548.5
142.0
344.5
610.0
637.0
353.5
673.0
265.0
341.5
731.5
746.5
503.5
257.5
635.5
574.0
721.0
601.0
631.0
475.0
232.0
406.0
169.0
781.0
370.0
163.0
299.5
262.0
191.5
637.0
317.5
322.0
832.0
515.5
427.0
728.5
523.0
469.0
302.5
617.5
626.5
547.0
286.0
127.0
497.5
160.0
290.5
659.5
674.5
533.5
578.5
683.5
463.0
557.5
169.0
740.5
794.5
725.5
574.0
635.5
481.0
737.5
313.0
652.0
734.5
301.0
337.0
154.0
127.0
628.0
220.0
88.0
373.0
374.5
371.5
305.5
320.5
398.5
563.5
250.0
617.5
650.5
217.0
113.5
602.5
685.0
704.5
217.0
788.5
502.0
341.5
353.5
302.5
337.0
326.5
110.5
209.5
167.5
196.0
365.5
538.0
35.5
101.5
434.5
424.0
179.5
449.5
193.0
791.5
544.0
176.5
415.0
245.5
41.5
34.0
626.5
464.5
628.0
581.5
515.5
518.5
719.5
157.0
496.0
695.5
239.5
382.0
611.5
605.5
647.5
46.0
334.0
350.5
680.5
410.5
551.5
592.0
689.5
224.5
337.0
638.5
109.0
652.0
523.0
722.5
290.5
775.0
487.0
703.0
271.0
592.0
466.0
304.0
404.5
278.5
220.0
319.0
415.0
442.0
541.0
394.0
461.5
793.0
205.0
149.5
355.0
242.5
329.5
277.0
365.5
626.5
178.0
652.0
505.0
686.5
607.0
364.0
347.5
554.5
341.5
514.0
212.5
386.5
533.5
113.5
146.5
584.5
644.5
434.5
130.0
511.0
667.0
163.0
197.5
329.5
284.5
62.5
224.5
37.0
677.5
197.5
589.0
268.0
457.0
614.5
277.0
514.0
208.0
736.0
119.5
337.0
62.5
77.5
559.0
721.0
656.5
280.0
800.5
493.0
110.5
247.0
769.0
199.0
709.0
137.5
232.0
262.0
719.5
691.0
134.5
211.0
254.5
397.0
199.0
98.5
664.0
283.0
502.0
128.5
356.5
199.0
461.5
587.5
323.5
338.5
622.0
434.5
554.5
545.5
676.0
700.0
208.0
539.5
676.0
830.5
703.0
586.0
653.5
647.5
634.0
478.0
262.0
539.5
649.0
574.0
541.0
629.5
647.5
493.0
356.5
122.5
640.0
557.5
356.5
385.0
694.0
94.0
473.5
376.0
710.5
218.5
511.0
