343.0
553.0
203.5
524.5
671.5
559.0
176.5
718.0
416.5
134.5
802.0
80.5
604.0
758.5
859.0
599.5
244.0
487.0
733.0
121.0
754.0
685.0
431.5
442.0
299.5
332.5
212.5
782.5
485.5
565.0
521.5
539.5
295.0
487.0
460.0
730.0
490.0
533.5
412.0
557.5
20.5
308.5
518.5
574.0
767.5
196.0
187.0
725.5
289.0
416.5
538.0
770.5
629.5
674.5
460.0
617.5
224.5
694.0
455.5
172.0
478.0
590.5
767.5
296.5
137.5
620.5
185.5
679.0
289.0
467.5
155.5
169.0
310.0
181.0
281.5
638.5
85.0
133.0
112.0
292.0
589.0
283.0
667.0
152.5
139.0
466.0
362.5
490.0
731.5
610.0
224.5
481.0
280.0
415.0
577.0
341.5
172.0
671.5
751.0
665.5
473.5
352.0
718.0
451.0
542.5
737.5
508.0
704.5
251.5
667.0
808.0
560.5
520.0
164.5
559.0
296.5
397.0
464.5
829.0
293.5
670.0
800.5
622.0
382.0
217.0
598.0
719.5
508.0
506.5
214.0
437.5
370.0
655.0
758.5
700.0
115.0
298.0
572.5
587.5
605.5
779.5
427.0
685.0
421.0
571.0
667.0
796.0
769.0
428.5
649.0
211.0
559.0
185.5
343.0
733.0
716.5
662.5
641.5
442.0
151.0
722.5
373.0
461.5
712.0
586.0
472.0
539.5
728.5
520.0
503.5
218.5
493.0
278.5
407.5
569.5
734.5
559.0
254.5
746.5
718.0
767.5
778.0
514.0
550.0
845.5
238.0
161.5
400.0
248.5
505.0
623.5
98.5
278.5
652.0
505.0
163.0
341.5
754.0
748.0
340.0
596.5
92.5
107.5
791.5
397.0
788.5
224.5
790.0
646.0
701.5
571.0
755.5
646.0
491.5
481.0
482.5
650.5
631.0
412.0
425.5
623.5
772.0
511.0
271.0
743.5
466.0
604.0
499.0
529.0
353.5
457.0
220.0
530.5
620.5
233.5
778.0
538.0
256.0
199.0
128.5
215.5
139.0
823.0
700.0
433.0
184.0
557.5
437.5
704.5
211.0
230.5
586.0
614.5
322.0
644.5
553.0
577.0
764.5
616.0
674.5
755.5
469.0
112.0
539.5
395.5
478.0
212.5
632.5
722.5
583.0
323.5
100.0
518.5
499.0
158.5
733.0
269.5
200.5
550.0
791.5
430.0
679.0
320.5
233.5
895.0
508.0
602.5
811.0
520.0
476.5
818.5
556.0
370.0
575.5
457.0
820.0
317.5
445.0
457.0
716.5
623.5
223.0
644.5
410.5
845.5
184.0
200.5
394.0
187.0
610.0
389.5
157.0
346.0
589.0
431.5
163.0
338.5
680.5
464.5
728.5
224.5
196.0
229.0
170.5
124.0
740.5
341.5
662.5
167.5
178.0
191.5
524.5
124.0
202.0
614.5
785.5
301.0
530.5
623.5
490.0
623.5
665.5
706.0
806.5
221.5
475.0
431.5
293.5
604.0
704.5
157.0
365.5
701.5
394.0
395.5
655.0
221.5
305.5
661.0
674.5
188.5
730.0
185.5
182.5
206.5
572.5
466.0
586.0
388.0
520.0
716.5
733.0
635.5
598.0
179.5
452.5
581.5
787.0
412.0
197.5
52.0
440.5
580.0
61.0
611.5
155.5
814.0
365.5
677.5
430.0
785.5
44.5
655.0
208.0
463.0
527.5
716.5
536.5
772.0
701.5
314.5
269.5
641.5
127.0
154.0
649.0
427.0
508.0
626.5
736.0
236.5
166.0
176.5
359.5
389.5
508.0
305.5
236.5
247.0
736.0
619.0
443.5
664.0
104.5
679.0
406.0
527.5
638.5
643.0
460.0
43.0
562.0
280.0
235.0
35.5
782.5
497.5
170.5
28.0
508.0
662.5
374.5
611.5
707.5
788.5
485.5
64.0
560.5
676.0
715.0
221.5
173.5
391.0
223.0
685.0
515.5
374.5
188.5
442.0
767.5
373.0
460.0
866.5
521.5
806.5
199.0
725.5
718.0
160.0
583.0
700.0
802.0
206.5
718.0
286.0
707.5
428.5
659.5
398.5
677.5
649.0
790.0
613.0
190.0
527.5
148.0
761.5
362.5
538.0
535.0
797.5
370.0
338.5
718.0
610.0
826.0
839.5
199.0
106.0
565.0
172.0
736.0
709.0
277.0
404.5
175.0
662.5
737.5
659.5
752.5
452.5
779.5
722.5
134.5
593.5
250.0
437.5
446.5
674.5
493.0
142.0
290.5
535.0
113.5
248.5
356.5
305.5
634.0
212.5
602.5
517.0
680.5
472.0
340.0
400.0
577.0
112.0
26.5
206.5
704.5
514.0
401.5
382.0
88.0
44.5
448.0
353.5
317.5
458.5
746.5
683.5
91.0
542.5
746.5
260.5
404.5
304.0
338.5
388.0
706.0
529.0
812.5
563.5
763.0
640.0
631.0
787.0
691.0
256.0
562.0
148.0
122.5
809.5
752.5
344.5
523.0
85.0
109.0
761.5
142.0
749.5
271.0
301.0
310.0
110.5
289.0
202.0
721.0
527.5
406.0
590.5
547.0
239.5
805.0
421.0
409.0
769.0
163.0
725.5
335.5
754.0
532.0
424.0
691.0
724.0
118.0
683.5
868.0
175.0
284.5
614.5
614.5
430.0
376.0
707.5
697.0
643.0
310.0
766.0
680.5
110.5
625.0
406.0
349.0
467.5
250.0
842.5
592.0
154.0
569.5
593.5
542.5
623.5
631.0
343.0
536.5
451.0
137.5
259.0
46.0
592.0
214.0
437.5
725.5
671.5
352.0
470.5
641.5
517.0
440.5
815.5
410.5
760.0
235.0
134.5
140.5
578.5
508.0
670.0
44.5
742.0
737.5
850.0
337.0
727.0
559.0
565.0
232.0
130.0
226.0
439.0
233.5
482.5
712.0
371.5
175.0
646.0
59.5
422.5
146.5
254.5
197.5
710.5
692.5
427.0
712.0
775.0
308.5
167.5
478.0
707.5
119.5
835.0
335.5
685.0
335.5
329.5
847.0
581.5
244.0
566.5
257.5
512.5
605.5
296.5
310.0
779.5
566.5
287.5
386.5
389.5
376.0
611.5
785.5
799.0
397.0
877.0
475.0
460.0
466.0
329.5
734.5
619.0
409.0
434.5
655.0
394.0
256.0
191.5
817.0
457.0
500.5
160.0
719.5
751.0
533.5
730.0
434.5
272.5
497.5
257.5
83.5
548.5
202.0
818.5
589.0
65.5
704.5
673.0
524.5
154.0
164.5
782.5
188.5
644.5
299.5
541.0
62.5
787.0
823.0
593.5
712.0
544.0
667.0
742.0
355.0
394.0
515.5
184.0
715.0
257.5
649.0
596.5
677.5
619.0
782.5
325.0
739.0
620.5
683.5
449.5
143.5
256.0
179.5
599.5
527.5
271.0
169.0
482.5
431.5
451.0
199.0
437.5
284.5
163.0
566.5
490.0
677.5
290.5
451.0
400.0
505.0
286.0
212.5
277.0
457.0
647.5
820.0
535.0
728.5
517.0
419.5
451.0
253.0
440.5
635.5
739.0
220.0
536.5
740.5
800.5
431.5
272.5
457.0
428.5
298.0
730.0
574.0
544.0
422.5
128.5
154.0
596.5
457.0
707.5
703.0
397.0
718.0
757.0
785.5
253.0
229.0
695.5
236.5
487.0
215.5
485.5
490.0
815.5
701.5
586.0
236.5
293.5
524.5
50.5
514.0
137.5
83.5
650.5
227.5
353.5
775.0
271.0
43.0
70.0
725.5
130.0
164.5
689.5
497.5
719.5
521.5
256.0
299.5
259.0
670.0
119.5
677.5
77.5
206.5
71.5
713.5
383.5
241.0
38.5
643.0
154.0
490.0
412.0
602.5
13.0
631.0
221.5
725.5
386.5
287.5
680.5
253.0
560.5
506.5
731.5
647.5
454.0
305.5
778.0
479.5
269.5
818.5
580.0
265.0
491.5
571.0
641.5
758.5
262.0
359.5
614.5
658.0
446.5
695.5
206.5
355.0
463.0
361.0
217.0
722.5
659.5
388.0
791.5
521.5
647.5
769.0
452.5
670.0
647.5
263.5
290.5
652.0
95.5
614.5
140.5
389.5
769.0
205.0
416.5
685.0
788.5
523.0
743.5
413.5
548.5
149.5
461.5
251.5
218.5
467.5
667.0
221.5
439.0
800.5
157.0
401.5
688.0
635.5
346.0
266.5
472.0
481.0
250.0
476.5
148.0
727.0
191.5
409.0
406.0
293.5
623.5
484.0
509.5
404.5
223.0
257.5
655.0
764.5
352.0
284.5
259.0
560.5
590.5
140.5
71.5
161.5
542.5
467.5
344.5
211.0
724.0
115.0
784.0
196.0
80.5
824.5
239.5
643.0
505.0
560.5
193.0
781.0
757.0
749.5
503.5
185.5
169.0
572.5
301.0
254.5
608.5
521.5
592.0
580.0
430.0
712.0
187.0
493.0
313.0
80.5
449.5
689.5
751.0
148.0
613.0
503.5
157.0
857.5
98.5
332.5
583.0
368.5
565.0
637.0
541.0
169.0
227.5
352.0
254.5
137.5
676.0
509.5
439.0
868.0
694.0
187.0
436.0
584.5
700.0
559.0
433.0
673.0
826.0
112.0
728.5
401.5
509.5
574.0
637.0
394.0
181.0
272.5
409.0
265.0
784.0
617.5
712.0
730.0
764.5
850.0
229.0
694.0
806.5
661.0
665.5
610.0
497.5
107.5
499.0
433.0
653.5
791.5
652.0
727.0
410.5
245.5
368.5
716.5
433.0
688.0
671.5
410.5
425.5
253.0
509.5
674.5
391.0
404.5
574.0
437.5
167.5
421.0
544.0
392.5
376.0
811.0
226.0
556.0
257.5
160.0
131.5
743.5
427.0
560.5
442.0
728.5
220.0
782.5
625.0
515.5
374.5
722.5
401.5
535.0
461.5
185.5
667.0
653.5
406.0
251.5
505.0
205.0
776.5
574.0
482.5
331.0
728.5
715.0
569.5
386.5
274.0
229.0
484.0
758.5
575.5
199.0
682.0
746.5
155.5
659.5
574.0
605.5
440.5
614.5
674.5
698.5
820.0
226.0
191.5
697.0
455.5
700.0
215.5
763.0
667.0
758.5
322.0
442.0
631.0
637.0
811.0
349.0
235.0
523.0
752.5
449.5
248.5
238.0
346.0
373.0
718.0
314.5
815.5
383.5
247.0
655.0
593.5
440.5
674.5
761.5
683.5
349.0
587.5
737.5
662.5
707.5
455.5
647.5
370.0
725.5
703.0
524.5
368.5
199.0
157.0
688.0
748.0
272.5
301.0
712.0
100.0
668.5
538.0
533.5
583.0
329.5
467.5
47.5
583.0
260.5
469.0
434.5
614.5
343.0
511.0
443.5
514.0
745.0
476.5
344.5
527.5
610.0
541.0
700.0
296.5
311.5
752.5
560.5
347.5
151.0
122.5
632.5
736.0
215.5
796.0
163.0
659.5
755.5
716.5
733.0
520.0
662.5
179.5
103.0
820.0
271.0
232.0
299.5
104.5
728.5
101.5
331.0
472.0
736.0
626.5
403.0
833.5
496.0
737.5
187.0
257.5
608.5
112.0
367.0
338.5
670.0
568.0
709.0
365.5
299.5
550.0
200.5
634.0
263.5
395.5
508.0
289.0
677.5
206.5
634.0
701.5
329.5
841.0
172.0
385.0
709.0
355.0
509.5
700.0
649.0
88.0
65.5
728.5
142.0
806.5
247.0
614.5
388.0
533.5
544.0
403.0
113.5
541.0
229.0
103.0
700.0
622.0
721.0
790.0
668.5
268.0
502.0
677.5
181.0
604.0
526.0
65.5
397.0
316.0
151.0
511.0
394.0
380.5
503.5
668.5
562.0
464.5
503.5
452.5
497.5
844.0
760.0
698.5
659.5
766.0
214.0
545.5
718.0
548.5
122.5
482.5
778.0
722.5
529.0
509.5
481.0
733.0
529.0
256.0
22.0
625.0
673.0
559.0
704.5
800.5
589.0
254.5
659.5
581.5
382.0
428.5
755.5
746.5
790.0
598.0
815.5
506.5
595.0
107.5
565.0
337.0
421.0
577.0
211.0
469.0
634.0
703.0
742.0
292.0
637.0
685.0
611.5
824.5
83.5
656.5
298.0
212.5
676.0
625.0
824.5
686.5
253.0
541.0
73.0
280.0
428.5
803.5
601.0
290.5
644.5
464.5
728.5
395.5
562.0
679.0
166.0
236.5
352.0
490.0
184.0
751.0
796.0
650.5
520.0
520.0
407.5
250.0
739.0
140.5
190.0
583.0
592.0
427.0
427.0
667.0
227.5
43.0
442.0
352.0
559.0
604.0
220.0
830.5
404.5
68.5
634.0
359.5
815.5
172.0
613.0
692.5
512.5
620.5
590.5
529.0
656.5
326.5
421.0
319.0
593.5
701.5
695.5
628.0
689.5
601.0
722.5
445.0
656.5
328.0
172.0
566.5
623.5
466.0
718.0
601.0
424.0
271.0
526.0
557.5
394.0
296.5
448.0
625.0
773.5
404.5
178.0
701.5
71.5
136.0
509.5
584.5
161.5
584.5
241.0
317.5
823.0
482.5
802.0
652.0
646.0
163.0
839.5
701.5
724.0
424.0
229.0
232.0
655.0
829.0
364.0
124.0
295.0
856.0
613.0
599.5
214.0
448.0
511.0
617.5
124.0
725.5
829.0
58.0
406.0
473.5
671.5
505.0
707.5
314.5
754.0
593.5
167.5
451.0
431.5
637.0
113.5
341.5
730.0
466.0
53.5
550.0
197.5
580.0
550.0
221.5
203.5
430.0
842.5
790.0
491.5
202.0
367.0
437.5
653.5
599.5
761.5
143.5
664.0
346.0
440.5
17.5
626.5
454.0
196.0
839.5
376.0
689.5
425.5
767.5
523.0
770.5
602.5
482.5
262.0
155.5
508.0
413.5
752.5
692.5
301.0
700.0
358.0
721.0
686.5
782.5
590.5
812.5
197.5
307.0
91.0
808.0
830.5
748.0
763.0
137.5
587.5
422.5
310.0
154.0
182.5
605.5
778.0
214.0
250.0
437.5
79.0
58.0
604.0
398.5
208.0
290.5
422.5
638.5
646.0
191.5
596.5
211.0
701.5
838.0
716.5
683.5
599.5
127.0
595.0
694.0
706.0
724.0
305.5
637.0
245.5
523.0
317.5
455.5
422.5
532.0
305.5
122.5
743.5
739.0
554.5
169.0
685.0
560.5
704.5
859.0
721.0
751.0
680.5
269.5
653.5
407.5
686.5
626.5
244.0
736.0
556.0
523.0
149.5
745.0
122.5
151.0
611.5
404.5
245.5
608.5
385.0
73.0
734.5
392.5
683.5
673.0
206.5
646.0
152.5
43.0
556.0
698.5
557.5
775.0
463.0
653.5
575.5
323.5
454.0
670.0
700.0
139.0
341.5
371.5
784.0
631.0
736.0
421.0
356.5
335.5
323.5
418.0
340.0
71.5
524.5
814.0
725.5
835.0
772.0
548.5
497.5
121.0
814.0
394.0
725.5
758.5
718.0
112.0
160.0
748.0
206.5
484.0
562.0
140.5
367.0
710.5
158.5
514.0
245.5
518.5
647.5
541.0
473.5
29.5
827.5
532.0
653.5
817.0
718.0
325.0
547.0
692.5
314.5
808.0
299.5
584.5
301.0
496.0
469.0
638.5
338.5
487.0
752.5
517.0
49.0
707.5
328.0
796.0
397.0
709.0
725.5
160.0
389.5
880.0
386.5
451.0
433.0
221.5
221.5
758.5
584.5
226.0
419.5
352.0
329.5
445.0
128.5
760.0
550.0
704.5
143.5
518.5
92.5
617.5
797.5
254.5
484.0
160.0
730.0
407.5
109.0
716.5
541.0
623.5
316.0
452.5
71.5
418.0
727.0
703.0
637.0
364.0
617.5
607.0
154.0
386.5
379.0
316.0
472.0
730.0
293.5
566.5
260.5
313.0
719.5
739.0
649.0
656.5
652.0
616.0
287.5
695.5
658.0
722.5
706.0
577.0
679.0
865.0
455.5
776.5
88.0
658.0
175.0
325.0
175.0
760.0
806.5
145.0
520.0
305.5
554.5
577.0
641.5
694.0
133.0
709.0
280.0
406.0
121.0
698.5
274.0
308.5
625.0
499.0
208.0
514.0
677.5
332.5
494.5
727.0
700.0
577.0
142.0
448.0
380.5
221.5
409.0
728.5
361.0
586.0
368.5
764.5
614.5
232.0
307.0
502.0
476.5
838.0
740.5
124.0
553.0
370.0
287.5
167.5
347.5
631.0
145.0
614.5
806.5
715.0
415.0
661.0
383.5
734.5
281.5
265.0
175.0
772.0
836.5
694.0
349.0
328.0
302.5
698.5
379.0
532.0
527.5
545.5
329.5
733.0
226.0
772.0
553.0
553.0
559.0
511.0
659.5
421.0
70.0
425.5
605.5
47.5
779.5
494.5
700.0
223.0
599.5
748.0
784.0
542.5
323.5
140.5
767.5
745.0
500.5
764.5
703.0
613.0
83.5
508.0
637.0
295.0
800.5
565.0
308.5
313.0
550.0
590.5
419.5
800.5
634.0
706.0
835.0
494.5
823.0
584.5
562.0
730.0
664.0
524.5
821.5
563.5
269.5
164.5
482.5
710.5
658.0
274.0
343.0
133.0
289.0
182.5
503.5
587.5
716.5
817.0
796.0
460.0
500.5
236.5
352.0
547.0
451.0
289.0
416.5
362.5
556.0
229.0
158.5
283.0
518.5
613.0
592.0
148.0
319.0
529.0
118.0
128.5
208.0
331.0
560.5
671.5
361.0
484.0
553.0
647.5
254.5
761.5
280.0
152.5
548.5
596.5
673.0
386.5
511.0
670.0
416.5
308.5
328.0
526.0
667.0
25.0
392.5
271.0
526.0
727.0
469.0
718.0
734.5
488.5
209.5
230.5
278.5
85.0
772.0
233.5
331.0
440.5
445.0
619.0
733.0
605.5
781.0
625.0
763.0
530.5
685.0
619.0
649.0
347.5
223.0
547.0
341.5
661.0
361.0
326.5
632.5
440.5
677.5
287.5
626.5
401.5
619.0
472.0
626.5
662.5
691.0
671.5
592.0
680.5
337.0
425.5
824.5
184.0
713.5
149.5
637.0
770.5
98.5
434.5
644.5
206.5
137.5
751.0
145.0
784.0
238.0
169.0
292.0
641.5
674.5
197.5
844.0
512.5
538.0
271.0
737.5
286.0
667.0
446.5
512.5
64.0
571.0
439.0
806.5
428.5
442.0
682.0
182.5
803.5
689.5
817.0
725.5
712.0
730.0
616.0
578.5
133.0
314.5
602.5
14.5
286.0
712.0
385.0
316.0
616.0
530.5
668.5
680.5
376.0
169.0
595.0
587.5
410.5
590.5
554.5
196.0
137.5
644.5
592.0
515.5
716.5
257.5
236.5
499.0
316.0
142.0
701.5
347.5
598.0
580.0
814.0
695.5
710.5
712.0
289.0
235.0
653.5
518.5
610.0
758.5
719.5
421.0
280.0
145.0
343.0
769.0
544.0
485.5
100.0
620.5
184.0
595.0
713.5
755.5
646.0
598.0
724.0
115.0
760.0
485.5
790.0
161.5
475.0
589.0
751.0
650.5
125.5
743.5
505.0
713.5
422.5
713.5
175.0
560.5
617.5
671.5
773.5
610.0
133.0
332.5
146.5
724.0
202.0
710.5
593.5
716.5
16.0
673.0
478.0
667.0
677.5
646.0
763.0
224.5
743.5
869.5
398.5
611.5
703.0
94.0
710.5
743.5
563.5
545.5
631.0
152.5
551.5
278.5
626.5
682.0
212.5
434.5
370.0
377.5
616.0
208.0
850.0
841.0
776.5
620.5
118.0
422.5
716.5
173.5
268.0
763.0
427.0
236.5
92.5
179.5
548.5
466.0
722.5
536.5
811.0
500.5
521.5
452.5
361.0
701.5
433.0
394.0
478.0
785.5
634.0
472.0
326.5
587.5
208.0
146.5
556.0
632.5
755.5
550.0
554.5
236.5
452.5
172.0
113.5
140.5
373.0
523.0
821.5
779.5
403.0
677.5
149.5
820.0
601.0
799.0
419.5
400.0
704.5
547.0
304.0
101.5
767.5
637.0
520.0
326.5
521.5
361.0
652.0
445.0
508.0
871.0
470.5
643.0
242.5
583.0
553.0
689.5
683.5
338.5
157.0
536.5
785.5
697.0
632.5
724.0
710.5
614.5
569.5
302.5
758.5
869.5
604.0
325.0
632.5
779.5
176.5
404.5
310.0
674.5
812.5
602.5
709.0
298.0
802.0
263.5
577.0
376.0
572.5
505.0
716.5
424.0
641.5
278.5
517.0
382.0
721.0
418.0
566.5
622.0
728.5
739.0
538.0
808.0
152.5
607.0
173.5
464.5
476.5
397.0
869.5
395.5
514.0
61.0
452.5
788.5
709.0
232.0
661.0
185.5
265.0
568.0
578.5
620.5
587.5
395.5
206.5
659.5
88.0
437.5
605.5
562.0
427.0
586.0
844.0
404.5
719.5
758.5
800.5
565.0
655.0
184.0
248.5
604.0
817.0
359.5
563.5
638.5
506.5
319.0
670.0
187.0
551.5
830.5
674.5
577.0
356.5
146.5
743.5
520.0
814.0
733.0
557.5
592.0
502.0
488.5
238.0
796.0
37.0
479.5
628.0
557.5
241.0
689.5
703.0
650.5
793.0
397.0
196.0
140.5
202.0
743.5
562.0
505.0
566.5
350.5
113.5
608.5
742.0
764.5
682.0
725.5
734.5
754.0
326.5
656.5
410.5
71.5
776.5
121.0
796.0
838.0
406.0
172.0
826.0
122.5
583.0
854.5
364.0
577.0
710.5
721.0
764.5
314.5
410.5
206.5
86.5
803.5
254.5
547.0
680.5
737.5
539.5
580.0
778.0
553.0
487.0
727.0
80.5
551.5
809.5
179.5
424.0
443.5
637.0
452.5
701.5
707.5
584.5
452.5
620.5
761.5
610.0
704.5
803.5
277.0
191.5
412.0
367.0
680.5
683.5
590.5
224.5
667.0
656.5
679.0
310.0
694.0
239.5
746.5
706.0
331.0
592.0
305.5
698.5
634.0
733.0
806.5
121.0
55.0
736.0
749.5
217.0
479.5
326.5
103.0
701.5
355.0
230.5
506.5
580.0
467.5
326.5
188.5
647.5
172.0
686.5
232.0
814.0
401.5
301.0
622.0
500.5
812.5
821.5
127.0
226.0
793.0
685.0
839.5
602.5
332.5
472.0
568.0
218.5
574.0
529.0
626.5
674.5
121.0
388.0
490.0
739.0
416.5
176.5
536.5
100.0
110.5
556.0
452.5
545.5
782.5
622.0
782.5
559.0
490.0
601.0
554.5
719.5
563.5
100.0
122.5
203.5
454.0
385.0
760.0
626.5
718.0
259.0
625.0
722.5
433.0
508.0
856.0
370.0
502.0
323.5
281.5
749.5
466.0
724.0
725.5
575.5
476.5
659.5
670.0
508.0
98.5
650.5
877.0
754.0
575.5
107.5
770.5
589.0
734.5
203.5
667.0
223.0
712.0
557.5
163.0
88.0
248.5
790.0
580.0
616.0
623.5
226.0
595.0
778.0
737.5
500.5
158.5
602.5
814.0
650.5
706.0
848.5
422.5
148.0
826.0
508.0
629.5
497.5
362.5
778.0
406.0
292.0
454.0
430.0
280.0
661.0
40.0
742.0
392.5
715.0
731.5
598.0
206.5
139.0
599.5
517.0
434.5
625.0
346.0
734.5
325.0
287.5
632.5
565.0
631.0
701.5
644.5
140.5
613.0
223.0
404.5
272.5
646.0
374.5
308.5
679.0
721.0
512.5
857.5
791.5
668.5
469.0
565.0
659.5
527.5
131.5
260.5
251.5
397.0
235.0
379.0
133.0
572.5
508.0
304.0
686.5
467.5
682.0
649.0
821.5
385.0
173.5
746.5
641.5
836.5
631.0
200.5
422.5
137.5
419.5
413.5
589.0
46.0
635.5
218.5
256.0
557.5
778.0
352.0
820.0
349.0
305.5
806.5
839.5
350.5
80.5
107.5
538.0
623.5
481.0
239.5
76.0
658.0
106.0
776.5
482.5
269.5
173.5
328.0
586.0
223.0
254.5
361.0
803.5
443.5
611.5
451.0
818.5
742.0
406.0
299.5
760.0
721.0
95.5
403.0
598.0
431.5
697.0
625.0
145.0
676.0
182.5
223.0
884.5
580.0
730.0
620.5
124.0
751.0
38.5
737.5
112.0
280.0
586.0
611.5
632.5
484.0
367.0
194.5
655.0
542.5
788.5
775.0
496.0
361.0
43.0
758.5
575.5
286.0
377.5
655.0
244.0
658.0
553.0
268.0
151.0
82.0
652.0
716.5
452.5
796.0
361.0
262.0
308.5
592.0
710.5
592.0
344.5
593.5
154.0
494.5
217.0
503.5
611.5
743.5
502.0
149.5
488.5
161.5
671.5
814.0
427.0
791.5
199.0
688.0
539.5
571.0
709.0
854.5
790.0
494.5
391.0
209.5
455.5
415.0
464.5
415.0
689.5
208.0
529.0
211.0
766.0
395.5
361.0
649.0
869.5
436.0
532.0
203.5
620.5
365.5
289.0
262.0
427.0
443.5
580.0
656.5
748.0
727.0
596.5
443.5
490.0
752.5
185.5
745.0
731.5
680.5
556.0
833.5
445.0
293.5
137.5
515.5
65.5
464.5
631.0
80.5
661.0
332.5
23.5
220.0
440.5
646.0
752.5
698.5
107.5
667.0
482.5
497.5
664.0
194.5
844.0
142.0
697.0
571.0
812.5
262.0
130.0
512.5
767.5
557.5
272.5
632.5
620.5
442.0
649.0
167.5
392.5
661.0
131.5
869.5
517.0
287.5
601.0
493.0
490.0
802.0
163.0
598.0
287.5
233.5
347.5
203.5
80.5
592.0
83.5
599.5
832.0
335.5
454.0
326.5
541.0
721.0
812.5
583.0
703.0
791.5
253.0
697.0
464.5
398.5
704.5
461.5
428.5
664.0
500.5
796.0
341.5
419.5
202.0
136.0
445.0
673.0
349.0
62.5
667.0
193.0
652.0
466.0
736.0
674.5
748.0
439.0
713.5
794.5
751.0
313.0
691.0
710.5
608.5
608.5
634.0
710.5
679.0
763.0
500.5
256.0
629.5
712.0
259.0
644.5
689.5
857.5
469.0
187.0
673.0
575.5
331.0
472.0
395.5
805.0
436.0
434.5
830.5
598.0
643.0
167.5
331.0
32.5
514.0
611.5
161.5
688.0
782.5
190.0
44.5
670.0
206.5
430.0
295.0
563.5
181.0
692.5
293.5
439.0
721.0
442.0
202.0
386.5
583.0
314.5
256.0
652.0
283.0
176.5
167.5
695.5
221.5
421.0
409.0
389.5
682.0
149.5
611.5
739.0
461.5
698.5
437.5
542.5
817.0
533.5
824.5
232.0
617.5
497.5
499.0
197.5
833.5
757.0
866.5
473.5
181.0
278.5
283.0
206.5
133.0
820.0
608.5
538.0
403.0
292.0
371.5
443.5
29.5
127.0
197.5
371.5
794.5
766.0
313.0
269.5
511.0
775.0
604.0
688.0
740.5
602.5
254.5
673.0
166.0
791.5
235.0
670.0
325.0
454.0
503.5
247.0
748.0
640.0
631.0
346.0
809.5
752.5
605.5
284.5
322.0
776.5
670.0
695.5
682.0
89.5
332.5
686.5
847.0
202.0
332.5
713.5
634.0
214.0
623.5
367.0
131.5
736.0
200.5
601.0
368.5
604.0
464.5
655.0
613.0
362.5
748.0
332.5
400.0
715.0
431.5
229.0
652.0
437.5
520.0
592.0
821.5
287.5
88.0
212.5
223.0
338.5
98.5
449.5
754.0
427.0
499.0
260.5
451.0
211.0
287.5
467.5
797.5
59.5
155.5
418.0
185.5
544.0
604.0
829.0
536.5
334.0
677.5
602.5
676.0
571.0
830.5
152.5
643.0
208.0
545.5
620.5
712.0
247.0
644.5
566.5
410.5
371.5
749.5
491.5
659.5
712.0
232.0
311.5
280.0
565.0
235.0
782.5
367.0
131.5
710.5
518.5
359.5
742.0
353.5
662.5
394.0
89.5
439.0
65.5
739.0
880.0
227.5
710.5
584.5
680.5
514.0
340.0
668.5
727.0
485.5
697.0
310.0
713.5
641.5
278.5
553.0
338.5
746.5
311.5
643.0
647.5
695.5
740.5
641.5
808.0
532.0
785.5
632.5
764.5
364.0
529.0
808.0
305.5
673.0
779.5
383.5
232.0
631.0
745.0
545.5
712.0
512.5
388.0
394.0
703.0
769.0
742.0
686.5
158.5
395.5
335.5
503.5
86.5
173.5
503.5
289.0
751.0
487.0
164.5
359.5
451.0
76.0
745.0
107.5
151.0
43.0
296.5
710.5
403.0
649.0
820.0
766.0
431.5
623.5
661.0
97.0
862.0
479.5
760.0
107.5
640.0
68.5
227.5
832.0
779.5
403.0
251.5
133.0
317.5
133.0
548.5
67.0
259.0
703.0
401.5
604.0
545.5
421.0
718.0
334.0
536.5
548.5
133.0
191.5
311.5
634.0
682.0
601.0
143.5
649.0
181.0
590.5
188.5
740.5
791.5
755.5
794.5
130.0
776.5
688.0
673.0
458.5
754.0
508.0
781.0
701.5
691.0
254.5
844.0
524.5
595.0
104.5
278.5
769.0
607.0
368.5
313.0
329.5
571.0
482.5
397.0
490.0
494.5
460.0
419.5
563.5
386.5
247.0
701.5
724.0
254.5
661.0
466.0
758.5
295.0
458.5
614.5
700.0
559.0
589.0
317.5
385.0
221.5
350.5
278.5
283.0
290.5
439.0
359.5
124.0
187.0
752.5
220.0
167.5
164.5
802.0
550.0
452.5
704.5
736.0
451.0
121.0
562.0
395.5
275.5
65.5
631.0
275.5
602.5
442.0
683.5
190.0
205.0
656.5
562.0
569.5
571.0
652.0
373.0
274.0
842.5
590.5
761.5
514.0
559.0
605.5
587.5
247.0
629.5
511.0
734.5
341.5
832.0
539.5
371.5
484.0
218.5
785.5
295.0
757.0
371.5
208.0
721.0
362.5
485.5
431.5
220.0
52.0
655.0
635.5
173.5
535.0
487.0
320.5
518.5
778.0
746.5
601.0
730.0
611.5
676.0
467.5
629.5
73.0
100.0
829.0
67.0
424.0
257.5
683.5
155.5
559.0
346.0
554.5
755.5
236.5
787.0
389.5
275.5
502.0
397.0
656.5
742.0
464.5
611.5
535.0
592.0
761.5
661.0
545.5
121.0
145.0
613.0
317.5
140.5
185.5
590.5
818.5
260.5
383.5
64.0
464.5
61.0
641.5
469.0
356.5
496.0
379.0
727.0
437.5
76.0
652.0
662.5
418.0
664.0
85.0
707.5
806.5
496.0
236.5
664.0
640.0
596.5
653.5
691.0
772.0
707.5
554.5
260.5
757.0
427.0
452.5
199.0
56.5
604.0
493.0
443.5
563.5
556.0
731.5
557.5
373.0
814.0
481.0
535.0
169.0
655.0
590.5
37.0
212.5
391.0
692.5
596.5
304.0
364.0
148.0
58.0
701.5
311.5
479.5
754.0
707.5
448.0
773.5
740.5
593.5
583.0
731.5
328.0
442.0
478.0
743.5
262.0
362.5
352.0
257.5
691.0
728.5
497.5
629.5
376.0
559.0
649.0
523.0
560.5
596.5
413.5
826.0
716.5
734.5
448.0
340.0
269.5
188.5
575.5
445.0
787.0
646.0
653.5
368.5
158.5
338.5
629.5
664.0
412.0
734.5
553.0
739.0
518.5
350.5
455.5
622.0
691.0
292.0
199.0
569.5
670.0
158.5
499.0
361.0
632.5
677.5
556.0
304.0
311.5
476.5
397.0
476.5
497.5
601.0
197.5
758.5
299.5
652.0
490.0
809.5
389.5
784.0
410.5
694.0
647.5
436.0
541.0
257.5
184.0
181.0
860.5
743.5
643.0
485.5
551.5
671.5
781.0
95.5
544.0
524.5
169.0
733.0
548.5
394.0
67.0
625.0
217.0
799.0
697.0
550.0
512.5
658.0
776.5
136.0
712.0
238.0
491.5
514.0
221.5
166.0
520.0
395.5
589.0
427.0
248.5
725.5
512.5
569.5
380.5
719.5
74.5
715.0
542.5
635.5
518.5
685.0
731.5
632.5
307.0
602.5
361.0
301.0
394.0
445.0
524.5
776.5
521.5
568.0
565.0
160.0
506.5
416.5
497.5
767.5
688.0
566.5
533.5
641.5
770.5
698.5
488.5
611.5
359.5
374.5
506.5
731.5
751.0
773.5
614.5
821.5
268.0
712.0
583.0
463.0
637.0
188.5
196.0
658.0
560.5
403.0
296.5
833.5
676.0
706.0
842.5
833.5
653.5
596.5
565.0
737.5
400.0
719.5
725.5
196.0
706.0
499.0
400.0
500.5
688.0
832.0
61.0
601.0
778.0
193.0
647.5
826.0
613.0
694.0
319.0
500.5
415.0
836.5
598.0
514.0
650.5
680.5
284.5
547.0
550.0
17.5
695.5
667.0
844.0
164.5
646.0
55.0
691.0
629.5
839.5
533.5
512.5
857.5
601.0
793.0
436.0
212.5
568.0
670.0
565.0
544.0
125.5
502.0
323.5
409.0
709.0
200.5
686.5
749.5
277.0
628.0
403.0
548.5
259.0
437.5
58.0
749.5
800.5
155.5
379.0
643.0
745.0
610.0
367.0
440.5
650.5
469.0
365.5
586.0
730.0
721.0
248.5
371.5
128.5
770.5
269.5
125.5
314.5
707.5
286.0
739.0
394.0
587.5
436.0
709.0
361.0
523.0
754.0
425.5
799.0
685.0
215.5
305.5
77.5
560.5
667.0
337.0
373.0
166.0
721.0
650.5
346.0
142.0
889.0
245.5
691.0
367.0
173.5
547.0
527.5
217.0
538.0
745.0
721.0
673.0
607.0
719.5
760.0
368.5
556.0
701.5
151.0
686.5
46.0
370.0
404.5
130.0
374.5
545.5
737.5
287.5
847.0
625.0
775.0
595.0
676.0
644.5
214.0
766.0
538.0
632.5
331.0
697.0
791.5
497.5
619.0
460.0
628.0
694.0
463.0
350.5
761.5
751.0
473.5
652.0
430.0
209.5
788.5
728.5
451.0
482.5
790.0
425.5
742.0
641.5
281.5
739.0
307.0
698.5
433.0
718.0
157.0
334.0
764.5
416.5
344.5
440.5
463.0
661.0
670.0
788.5
325.0
527.5
595.0
509.5
616.0
338.5
878.5
287.5
473.5
697.0
440.5
382.0
670.0
695.5
473.5
613.0
538.0
167.5
326.5
137.5
827.5
191.5
692.5
556.0
589.0
748.0
272.5
797.5
656.5
739.0
100.0
574.0
616.0
598.0
706.0
385.0
605.5
500.5
262.0
235.0
701.5
652.0
797.5
274.0
275.5
575.5
656.5
310.0
857.5
523.0
659.5
167.5
698.5
136.0
724.0
355.0
659.5
568.0
308.5
190.0
445.0
671.5
206.5
686.5
536.5
175.0
671.5
568.0
727.0
223.0
115.0
578.5
431.5
215.5
701.5
584.5
376.0
473.5
145.0
697.0
791.5
607.0
454.0
389.5
533.5
457.0
91.0
572.5
550.0
332.5
557.5
232.0
808.0
88.0
379.0
766.0
365.5
511.0
791.5
343.0
449.5
233.5
262.0
374.5
281.5
529.0
356.5
757.0
460.0
581.5
98.5
350.5
734.5
763.0
869.5
124.0
335.5
527.5
607.0
652.0
496.0
533.5
700.0
151.0
752.5
559.0
445.0
568.0
607.0
682.0
316.0
661.0
733.0
811.0
155.5
214.0
262.0
164.5
233.5
730.0
406.0
662.5
836.5
94.0
343.0
818.5
260.5
98.5
197.5
487.0
415.0
688.0
556.0
247.0
485.5
628.0
328.0
454.0
715.0
263.5
469.0
403.0
766.0
626.5
236.5
841.0
703.0
745.0
698.5
251.5
137.5
382.0
700.0
454.0
398.5
607.0
164.5
461.5
710.5
28.0
788.5
580.0
581.5
803.5
572.5
146.5
487.0
706.0
814.0
628.0
376.0
791.5
791.5
341.5
398.5
661.0
329.5
644.5
562.0
565.0
508.0
790.0
614.5
532.0
254.5
338.5
334.0
404.5
490.0
427.0
457.0
377.5
706.0
637.0
716.5
503.5
512.5
379.0
209.5
389.5
509.5
254.5
160.0
545.5
283.0
374.5
640.0
637.0
380.5
427.0
101.5
401.5
329.5
271.0
649.0
752.5
317.5
778.0
275.5
212.5
809.5
628.0
472.0
419.5
343.0
304.0
560.5
721.0
553.0
391.0
635.5
724.0
638.5
734.5
647.5
653.5
292.0
640.0
187.0
497.5
634.0
589.0
752.5
410.5
748.0
677.5
554.5
770.5
673.0
455.5
328.0
287.5
656.5
283.0
485.5
230.5
455.5
658.0
584.5
233.5
13.0
740.5
592.0
581.5
419.5
550.0
64.0
44.5
511.0
346.0
710.5
679.0
776.5
541.0
359.5
445.0
187.0
634.0
809.5
227.5
785.5
304.0
239.5
754.0
673.0
464.5
565.0
221.5
193.0
299.5
557.5
115.0
652.0
487.0
824.5
557.5
359.5
541.0
584.5
472.0
400.0
559.0
640.0
68.5
292.0
661.0
71.5
487.0
82.0
844.0
673.0
547.0
587.5
730.0
560.5
370.0
728.5
244.0
289.0
533.5
191.5
823.0
191.5
409.0
443.5
653.5
461.5
187.0
110.5
596.5
125.5
611.5
664.0
649.0
682.0
229.0
568.0
158.5
868.0
641.5
263.5
571.0
508.0
412.0
623.5
574.0
587.5
532.0
394.0
613.0
685.0
554.5
151.0
538.0
680.5
332.5
422.5
116.5
484.0
601.0
677.5
799.0
706.0
608.5
800.5
214.0
196.0
697.0
557.5
428.5
790.0
694.0
233.5
829.0
701.5
631.0
499.0
565.0
800.5
367.0
353.5
566.5
604.0
772.0
482.5
313.0
196.0
395.5
622.0
598.0
484.0
635.5
184.0
718.0
812.5
587.5
350.5
673.0
803.5
380.5
710.5
685.0
515.5
712.0
611.5
538.0
698.5
466.0
550.0
83.5
142.0
167.5
667.0
352.0
725.5
250.0
473.5
226.0
200.5
341.5
496.0
142.0
188.5
602.5
671.5
620.5
664.0
550.0
526.0
113.5
191.5
295.0
217.0
523.0
170.5
430.0
610.0
122.5
461.5
325.0
671.5
401.5
685.0
655.0
538.0
838.0
817.0
299.5
625.0
700.0
278.5
757.0
557.5
706.0
440.5
385.0
661.0
145.0
803.5
601.0
355.0
467.5
254.5
551.5
446.5
509.5
551.5
383.5
155.5
98.5
758.5
137.5
638.5
715.0
656.5
652.0
185.5
608.5
226.0
302.5
86.5
737.5
710.5
212.5
700.0
382.0
530.5
611.5
698.5
602.5
284.5
682.0
662.5
596.5
767.5
136.0
689.5
227.5
112.0
608.5
416.5
722.5
850.0
527.5
727.0
686.5
754.0
859.0
839.5
599.5
152.5
92.5
425.5
251.5
349.0
697.0
620.5
143.5
466.0
268.0
232.0
449.5
41.5
353.5
632.5
193.0
403.0
830.5
659.5
203.5
641.5
692.5
431.5
830.5
740.5
223.0
283.0
511.0
220.0
137.5
739.0
199.0
536.5
181.0
413.5
782.5
373.0
422.5
152.5
650.5
728.5
479.5
355.0
335.5
568.0
821.5
583.0
169.0
299.5
685.0
562.0
472.0
368.5
691.0
293.5
172.0
83.5
44.5
766.0
661.0
272.5
388.0
577.0
562.0
122.5
764.5
287.5
356.5
665.5
307.0
92.5
211.0
572.5
755.5
635.5
289.0
160.0
740.5
569.5
287.5
421.0
196.0
196.0
677.5
484.0
92.5
614.5
634.0
151.0
311.5
289.0
119.5
710.5
787.0
562.0
823.0
638.5
511.0
398.5
557.5
604.0
409.0
445.0
535.0
475.0
221.5
335.5
476.5
613.0
119.5
328.0
682.0
808.0
410.5
448.0
544.0
482.5
766.0
668.5
226.0
619.0
661.0
758.5
580.0
257.5
605.5
550.0
677.5
311.5
496.0
281.5
683.5
494.5
715.0
770.5
653.5
805.0
728.5
278.5
688.0
566.5
482.5
662.5
379.0
559.0
719.5
94.0
349.0
553.0
653.5
677.5
548.5
644.5
520.0
238.0
416.5
607.0
325.0
460.0
136.0
649.0
145.0
284.5
335.5
278.5
371.5
371.5
785.5
364.0
223.0
781.0
688.0
118.0
170.5
568.0
572.5
650.5
680.5
683.5
355.0
191.5
632.5
538.0
760.0
193.0
394.0
583.0
814.0
593.5
716.5
737.5
809.5
358.0
503.5
463.0
56.5
518.5
754.0
517.0
713.5
568.0
710.5
739.0
589.0
223.0
169.0
227.5
769.0
460.0
361.0
340.0
595.0
368.5
602.5
173.5
443.5
631.0
712.0
671.5
200.5
701.5
385.0
290.5
512.5
763.0
778.0
614.5
637.0
406.0
650.5
620.5
737.5
548.5
440.5
406.0
746.5
188.5
143.5
442.0
581.5
703.0
545.5
445.0
709.0
185.5
398.5
169.0
545.5
725.5
733.0
665.5
580.0
602.5
638.5
787.0
337.0
287.5
257.5
665.5
551.5
355.0
286.0
649.0
778.0
374.5
596.5
148.0
197.5
655.0
781.0
665.5
716.5
508.0
65.5
98.5
490.0
202.0
125.5
634.0
848.5
229.0
527.5
601.0
268.0
739.0
781.0
704.5
278.5
670.0
221.5
319.0
568.0
695.5
83.5
113.5
671.5
413.5
676.0
359.5
169.0
587.5
571.0
779.5
521.5
254.5
782.5
256.0
479.5
535.0
433.0
770.5
494.5
512.5
674.5
344.5
451.0
643.0
272.5
254.5
643.0
721.0
716.5
77.5
776.5
743.5
721.0
665.5
227.5
761.5
824.5
805.0
721.0
604.0
119.5
152.5
535.0
740.5
631.0
613.0
841.0
478.0
751.0
556.0
577.0
655.0
679.0
71.5
515.5
484.0
232.0
721.0
358.0
134.5
655.0
575.5
704.5
632.5
656.5
343.0
490.0
542.5
508.0
605.5
163.0
704.5
211.0
631.0
749.5
487.0
620.5
541.0
565.0
512.5
479.5
158.5
556.0
314.5
220.0
611.5
203.5
275.5
584.5
745.0
715.0
589.0
367.0
209.5
661.0
457.0
241.0
418.0
307.0
136.0
626.5
433.0
554.5
535.0
127.0
559.0
619.0
124.0
677.5
464.5
358.0
539.5
607.0
397.0
275.5
409.0
545.5
164.5
626.5
809.5
562.0
395.5
503.5
592.0
298.0
821.5
598.0
538.0
578.5
523.0
199.0
641.5
445.0
214.0
673.0
487.0
592.0
770.5
445.0
122.5
185.5
265.0
832.0
625.0
185.5
455.5
407.5
400.0
287.5
256.0
554.5
809.5
475.0
229.0
809.5
743.5
614.5
740.5
754.0
20.5
700.0
41.5
506.5
733.0
347.5
599.5
500.5
491.5
76.0
326.5
467.5
415.0
427.0
323.5
562.0
248.5
665.5
776.5
791.5
760.0
233.5
736.0
148.0
623.5
539.5
832.0
164.5
482.5
595.0
691.0
715.0
406.0
494.5
773.5
379.0
662.5
533.5
683.5
557.5
268.0
407.5
64.0
526.0
728.5
335.5
656.5
124.0
106.0
149.5
334.0
193.0
379.0
754.0
592.0
503.5
715.0
430.0
556.0
413.5
370.0
134.5
685.0
806.5
455.5
61.0
496.0
686.5
694.0
448.0
533.5
2.5
703.0
323.5
460.0
475.0
643.0
694.0
722.5
529.0
244.0
311.5
653.5
401.5
128.5
679.0
679.0
239.5
800.5
722.5
340.0
482.5
652.0
