329.5
776.5
361.0
586.0
439.0
209.5
652.0
202.0
638.5
137.5
143.5
229.0
212.5
118.0
673.0
119.5
302.5
730.0
599.5
473.5
377.5
133.0
599.5
503.5
208.0
377.5
707.5
538.0
205.0
460.0
125.5
299.5
527.5
457.0
554.5
649.0
640.0
86.5
179.5
454.0
211.0
356.5
631.0
536.5
745.0
322.0
158.5
524.5
491.5
493.0
71.5
191.5
175.0
796.0
614.5
635.5
55.0
730.0
347.5
676.0
310.0
334.0
454.0
628.0
619.0
83.5
650.5
283.0
278.5
160.0
101.5
527.5
410.5
427.0
704.5
488.5
409.0
769.0
173.5
467.5
599.5
751.0
341.5
620.5
754.0
649.0
229.0
601.0
599.5
649.0
668.5
413.5
655.0
748.0
457.0
271.0
695.5
592.0
674.5
358.0
434.5
557.5
662.5
358.0
332.5
566.5
616.0
422.5
236.5
353.5
485.5
415.0
58.0
326.5
152.5
493.0
458.5
496.0
154.0
247.0
566.5
401.5
400.0
566.5
653.5
422.5
271.0
287.5
499.0
467.5
373.0
766.0
692.5
668.5
413.5
242.5
328.0
308.5
500.5
332.5
256.0
320.5
821.5
451.0
661.0
164.5
139.0
506.5
751.0
640.0
227.5
667.0
668.5
350.5
511.0
499.0
770.5
635.5
425.5
307.0
326.5
727.0
632.5
677.5
586.0
407.5
328.0
104.5
499.0
89.5
188.5
370.0
463.0
146.5
719.5
797.5
361.0
673.0
638.5
526.0
161.5
659.5
652.0
139.0
686.5
523.0
523.0
136.0
478.0
350.5
394.0
697.0
269.5
94.0
167.5
640.0
544.0
635.5
182.5
242.5
578.5
595.0
581.5
734.5
95.5
431.5
307.0
385.0
70.0
572.5
283.0
338.5
88.0
397.0
394.0
764.5
335.5
515.5
260.5
670.0
685.0
619.0
725.5
362.5
85.0
383.5
247.0
443.5
311.5
191.5
407.5
293.5
169.0
142.0
170.5
283.0
631.0
430.0
490.0
376.0
256.0
320.5
472.0
164.5
142.0
44.5
779.5
577.0
565.0
203.5
428.5
145.0
157.0
415.0
631.0
176.5
106.0
130.0
110.5
157.0
385.0
169.0
175.0
755.5
614.5
398.5
280.0
212.5
391.0
206.5
473.5
841.0
394.0
695.5
502.0
149.5
680.5
512.5
572.5
538.0
430.0
514.0
583.0
154.0
646.0
332.5
718.0
542.5
469.0
797.5
341.5
581.5
719.5
373.0
437.5
560.5
662.5
193.0
505.0
154.0
401.5
472.0
505.0
755.5
232.0
157.0
475.0
64.0
475.0
646.0
731.5
728.5
499.0
637.0
655.0
568.0
206.5
563.5
358.0
26.5
643.0
170.5
715.0
788.5
170.5
458.5
323.5
199.0
265.0
373.0
610.0
709.0
284.5
88.0
262.0
463.0
835.0
445.0
535.0
355.0
169.0
206.5
274.0
815.5
413.5
667.0
151.0
664.0
698.5
709.0
587.5
608.5
694.0
787.0
695.5
598.0
653.5
155.5
695.5
538.0
137.5
182.5
653.5
700.0
359.5
625.0
220.0
157.0
205.0
488.5
581.5
190.0
443.5
125.5
764.5
230.5
271.0
374.5
581.5
332.5
401.5
518.5
536.5
130.0
229.0
106.0
145.0
616.0
127.0
662.5
425.5
430.0
601.0
98.5
308.5
220.0
431.5
415.0
628.0
743.5
379.0
703.0
38.5
467.5
193.0
329.5
530.5
772.0
478.0
526.0
337.0
517.0
535.0
547.0
437.5
94.0
232.0
187.0
346.0
440.5
377.5
751.0
685.0
566.5
566.5
527.5
761.5
497.5
724.0
203.5
277.0
562.0
346.0
733.0
223.0
719.5
136.0
496.0
590.5
646.0
590.5
239.5
308.5
310.0
577.0
343.0
305.5
661.0
13.0
728.5
214.0
169.0
695.5
575.5
527.5
667.0
482.5
718.0
496.0
310.0
289.0
215.5
266.5
323.5
352.0
271.0
647.5
539.5
694.0
463.0
565.0
271.0
241.0
760.0
674.5
172.0
113.5
191.5
418.0
313.0
565.0
737.5
106.0
458.5
250.0
694.0
464.5
362.5
628.0
508.0
331.0
425.5
245.5
179.5
293.5
526.0
754.0
478.0
644.5
379.0
535.0
256.0
641.5
682.0
160.0
607.0
542.5
680.5
766.0
722.5
449.5
530.5
727.0
415.0
242.5
188.5
464.5
188.5
377.5
736.0
782.5
515.5
523.0
784.0
523.0
415.0
568.0
682.0
229.0
514.0
188.5
158.5
653.5
440.5
313.0
130.0
166.0
806.5
601.0
820.0
136.0
706.0
373.0
419.5
682.0
574.0
47.5
526.0
274.0
601.0
626.5
206.5
443.5
73.0
589.0
215.5
583.0
101.5
514.0
671.5
601.0
658.0
733.0
557.5
145.0
578.5
463.0
619.0
73.0
575.5
328.0
581.5
457.0
407.5
628.0
500.5
404.5
650.5
260.5
577.0
91.0
571.0
700.0
661.0
704.5
667.0
293.5
647.5
221.5
718.0
340.0
679.0
220.0
362.5
244.0
73.0
421.0
700.0
310.0
200.5
568.0
628.0
68.5
554.5
26.5
439.0
752.5
616.0
349.0
350.5
289.0
359.5
188.5
47.5
499.0
200.5
443.5
706.0
410.5
434.5
523.0
551.5
719.5
764.5
682.0
367.0
539.5
458.5
571.0
536.5
157.0
313.0
580.0
725.5
604.0
95.5
296.5
100.0
445.0
404.5
130.0
653.5
712.0
136.0
608.5
404.5
196.0
131.5
161.5
428.5
163.0
98.5
694.0
338.5
736.0
269.5
494.5
680.5
715.0
451.0
668.5
821.5
595.0
217.0
232.0
67.0
401.5
595.0
425.5
508.0
76.0
235.0
377.5
556.0
412.0
833.5
617.5
599.5
632.5
289.0
431.5
719.5
236.5
457.0
176.5
131.5
380.5
251.5
737.5
319.0
83.5
583.0
457.0
704.5
691.0
199.0
404.5
377.5
389.5
605.5
499.0
550.0
544.0
244.0
52.0
532.0
632.5
124.0
221.5
601.0
800.5
245.5
106.0
664.0
487.0
521.5
337.0
587.5
103.0
242.5
712.0
205.0
37.0
373.0
656.5
671.5
272.5
179.5
400.0
767.5
88.0
212.5
475.0
176.5
470.5
751.0
28.0
767.5
122.5
794.5
224.5
424.0
217.0
197.5
592.0
484.0
779.5
434.5
496.0
617.5
287.5
241.0
368.5
467.5
328.0
721.0
71.5
413.5
437.5
404.5
458.5
373.0
116.5
172.0
278.5
509.5
131.5
613.0
517.0
595.0
766.0
413.5
643.0
650.5
521.5
350.5
601.0
656.5
577.0
389.5
446.5
206.5
286.0
409.0
322.0
341.5
190.0
574.0
698.5
61.0
511.0
803.5
278.5
605.5
775.0
704.5
286.0
560.5
634.0
89.5
532.0
88.0
395.5
668.5
736.0
611.5
395.5
439.0
71.5
449.5
305.5
695.5
149.5
143.5
635.5
571.0
31.0
368.5
416.5
34.0
575.5
796.0
110.5
254.5
173.5
523.0
418.0
202.0
367.0
220.0
446.5
238.0
166.0
233.5
182.5
700.0
358.0
367.0
65.5
112.0
181.0
172.0
307.0
718.0
578.5
380.5
359.5
332.5
659.5
554.5
574.0
602.5
421.0
715.0
668.5
638.5
575.5
227.5
547.0
691.0
551.5
616.0
566.5
259.0
200.5
647.5
191.5
253.0
344.5
532.0
98.5
163.0
449.5
322.0
778.0
178.0
164.5
532.0
545.5
251.5
277.0
692.5
313.0
320.5
92.5
598.0
244.0
104.5
514.0
613.0
299.5
611.5
292.0
541.0
148.0
316.0
248.5
250.0
455.5
578.5
200.5
497.5
182.5
601.0
821.5
721.0
344.5
313.0
190.0
362.5
323.5
200.5
457.0
544.0
67.0
59.5
160.0
418.0
115.0
250.0
526.0
821.5
440.5
418.0
527.5
127.0
611.5
562.0
412.0
590.5
187.0
725.5
478.0
166.0
460.0
583.0
154.0
121.0
232.0
313.0
304.0
113.5
83.5
371.5
529.0
371.5
764.5
778.0
697.0
587.5
340.0
371.5
242.5
233.5
703.0
565.0
281.5
50.5
301.0
622.0
731.5
184.0
301.0
502.0
464.5
115.0
211.0
505.0
571.0
298.0
289.0
322.0
383.5
842.5
490.0
569.5
482.5
218.5
560.5
277.0
97.0
353.5
328.0
554.5
515.5
716.5
191.5
536.5
652.0
608.5
451.0
400.0
658.0
637.0
314.5
247.0
107.5
407.5
757.0
307.0
215.5
262.0
334.0
175.0
470.5
275.5
170.5
284.5
194.5
131.5
344.5
295.0
457.0
829.0
193.0
188.5
629.5
608.5
466.0
562.0
635.5
119.5
445.0
754.0
575.5
284.5
226.0
170.5
583.0
458.5
611.5
145.0
499.0
491.5
463.0
284.5
595.0
692.5
356.5
388.0
118.0
289.0
440.5
140.5
698.5
539.5
386.5
635.5
122.5
541.0
595.0
637.0
139.0
734.5
566.5
508.0
518.5
496.0
524.5
59.5
197.5
577.0
331.0
311.5
683.5
145.0
319.0
80.5
223.0
19.0
199.0
245.5
673.0
518.5
437.5
272.5
271.0
236.5
505.0
415.0
535.0
569.5
323.5
205.0
140.5
241.0
254.5
262.0
271.0
515.5
619.0
745.0
616.0
305.5
493.0
571.0
800.5
173.5
361.0
94.0
169.0
143.5
640.0
242.5
349.0
686.5
35.5
620.5
220.0
379.0
73.0
706.0
608.5
296.5
326.5
470.5
638.5
23.5
244.0
724.0
688.0
230.5
325.0
554.5
467.5
710.5
82.0
530.5
815.5
370.0
571.0
121.0
359.5
713.5
689.5
473.5
311.5
340.0
533.5
517.0
112.0
293.5
554.5
43.0
719.5
326.5
370.0
527.5
494.5
556.0
560.5
454.0
647.5
112.0
137.5
344.5
236.5
298.0
364.0
298.0
437.5
685.0
392.5
472.0
199.0
373.0
559.0
59.5
631.0
653.5
185.5
215.5
598.0
386.5
799.0
235.0
754.0
670.0
239.5
236.5
581.5
488.5
775.0
161.5
424.0
664.0
616.0
250.0
592.0
92.5
167.5
797.5
781.0
413.5
685.0
689.5
451.0
269.5
239.5
280.0
523.0
359.5
661.0
53.5
221.5
145.0
218.5
566.5
275.5
226.0
685.0
242.5
356.5
649.0
179.5
58.0
460.0
533.5
662.5
292.0
200.5
319.0
139.0
586.0
176.5
658.0
148.0
344.5
734.5
236.5
73.0
493.0
478.0
823.0
559.0
530.5
445.0
397.0
595.0
142.0
505.0
59.5
337.0
109.0
128.5
325.0
491.5
25.0
283.0
731.5
625.0
464.5
239.5
481.0
211.0
182.5
656.5
701.5
274.0
827.5
406.0
806.5
173.5
80.5
296.5
388.0
704.5
691.0
259.0
241.0
772.0
367.0
133.0
316.0
661.0
268.0
479.5
695.5
665.5
233.5
800.5
368.5
127.0
509.5
424.0
536.5
733.0
806.5
244.0
847.0
328.0
532.0
481.0
670.0
262.0
151.0
56.5
343.0
704.5
380.5
364.0
542.5
220.0
623.5
154.0
235.0
571.0
314.5
527.5
542.5
569.5
502.0
127.0
548.5
587.5
142.0
751.0
364.0
422.5
703.0
535.0
331.0
143.5
452.5
571.0
410.5
97.0
413.5
629.5
212.5
188.5
188.5
575.5
251.5
692.5
448.0
385.0
595.0
500.5
589.0
809.5
694.0
158.5
473.5
79.0
194.5
694.0
713.5
149.5
106.0
295.0
739.0
298.0
503.5
719.5
749.5
455.5
499.0
554.5
563.5
667.0
577.0
622.0
662.5
683.5
583.0
422.5
557.5
737.5
325.0
542.5
380.5
694.0
176.5
737.5
293.5
628.0
407.5
326.5
634.0
404.5
82.0
295.0
616.0
554.5
397.0
560.5
665.5
553.0
5.5
322.0
185.5
185.5
454.0
184.0
440.5
689.5
151.0
91.0
253.0
626.5
676.0
346.0
254.5
628.0
116.5
188.5
235.0
137.5
688.0
703.0
263.5
763.0
673.0
749.5
230.5
400.0
643.0
152.5
200.5
155.5
506.5
650.5
538.0
352.0
598.0
703.0
134.5
691.0
295.0
301.0
556.0
580.0
172.0
40.0
233.5
371.5
202.0
115.0
184.0
382.0
430.0
658.0
566.5
472.0
685.0
484.0
719.5
644.5
602.5
217.0
481.0
173.5
185.5
341.5
275.5
127.0
349.0
155.5
197.5
712.0
253.0
614.5
587.5
794.5
551.5
710.5
100.0
311.5
299.5
590.5
565.0
412.0
466.0
733.0
502.0
451.0
172.0
626.5
569.5
101.5
409.0
289.0
365.5
194.5
671.5
76.0
376.0
343.0
175.0
757.0
250.0
592.0
626.5
386.5
577.0
743.5
179.5
805.0
145.0
484.0
248.5
572.5
308.5
767.5
452.5
646.0
274.0
247.0
712.0
488.5
202.0
191.5
379.0
569.5
475.0
55.0
623.5
697.0
329.5
290.5
152.5
562.0
457.0
145.0
217.0
523.0
169.0
667.0
554.5
802.0
368.5
556.0
325.0
506.5
623.5
295.0
703.0
682.0
544.0
292.0
298.0
532.0
494.5
269.5
140.5
299.5
470.5
362.5
38.5
578.5
485.5
412.0
151.0
316.0
613.0
119.5
326.5
712.0
224.5
196.0
443.5
94.0
461.5
661.0
449.5
455.5
280.0
259.0
218.5
389.5
179.5
388.0
658.0
614.5
110.5
115.0
299.5
205.0
407.5
287.5
230.5
259.0
140.5
629.5
314.5
673.0
379.0
482.5
659.5
164.5
475.0
494.5
773.5
676.0
500.5
644.5
707.5
386.5
227.5
509.5
383.5
79.0
461.5
140.5
533.5
734.5
529.0
145.0
409.0
835.0
611.5
311.5
614.5
703.0
583.0
245.5
686.5
608.5
134.5
104.5
619.0
208.0
673.0
200.5
601.0
428.5
283.0
479.5
91.0
403.0
424.0
182.5
619.0
386.5
631.0
326.5
380.5
248.5
541.0
389.5
208.0
149.5
661.0
313.0
671.5
410.5
245.5
349.0
550.0
74.5
146.5
269.5
52.0
244.0
575.5
514.0
314.5
343.0
271.0
379.0
593.5
386.5
569.5
560.5
640.0
523.0
679.0
406.0
121.0
337.0
220.0
116.5
626.5
715.0
440.5
472.0
449.5
644.5
610.0
625.0
670.0
350.5
314.5
533.5
701.5
551.5
521.5
311.5
644.5
533.5
232.0
197.5
119.5
112.0
224.5
169.0
169.0
320.5
679.0
149.5
625.0
637.0
155.5
353.5
604.0
284.5
311.5
452.5
605.5
308.5
601.0
779.5
632.5
20.5
166.0
119.5
737.5
472.0
169.0
77.5
77.5
376.0
719.5
115.0
551.5
607.0
43.0
842.5
301.0
265.0
281.5
188.5
464.5
185.5
538.0
70.0
320.5
647.5
391.0
220.0
481.0
304.0
440.5
245.5
406.0
380.5
490.0
172.0
184.0
142.0
692.5
634.0
266.5
743.5
476.5
250.0
349.0
122.5
655.0
497.5
493.0
488.5
715.0
410.5
485.5
323.5
334.0
524.5
523.0
292.0
263.5
173.5
836.5
689.5
340.0
310.0
799.0
163.0
517.0
293.5
404.5
88.0
85.0
206.5
548.5
260.5
224.5
716.5
241.0
379.0
734.5
316.0
509.5
481.0
613.0
689.5
611.5
827.5
650.5
340.0
379.0
536.5
524.5
524.5
350.5
713.5
752.5
545.5
863.5
631.0
853.0
358.0
274.0
113.5
220.0
37.0
457.0
658.0
362.5
587.5
280.0
578.5
323.5
130.0
376.0
154.0
473.5
548.5
371.5
262.0
799.0
520.0
410.5
670.0
314.5
253.0
382.0
259.0
116.5
608.5
106.0
532.0
830.5
479.5
551.5
350.5
511.0
209.5
320.5
212.5
109.0
538.0
598.0
509.5
382.0
662.5
179.5
68.5
593.5
448.0
116.5
86.5
661.0
442.0
614.5
242.5
508.0
215.5
163.0
161.5
184.0
679.0
521.5
265.0
326.5
767.5
739.0
377.5
592.0
140.5
548.5
716.5
68.5
224.5
797.5
362.5
514.0
413.5
307.0
397.0
223.0
455.5
533.5
686.5
538.0
649.0
575.5
175.0
311.5
394.0
85.0
376.0
211.0
151.0
644.5
344.5
736.0
628.0
500.5
766.0
338.5
274.0
394.0
505.0
142.0
455.5
172.0
595.0
394.0
401.5
395.5
610.0
706.0
424.0
328.0
751.0
509.5
479.5
158.5
737.5
316.0
173.5
61.0
725.5
232.0
169.0
773.5
295.0
509.5
548.5
407.5
370.0
314.5
631.0
425.5
707.5
632.5
445.0
220.0
73.0
295.0
424.0
422.5
428.5
688.0
487.0
95.5
242.5
757.0
461.5
119.5
329.5
413.5
175.0
823.0
613.0
799.0
344.5
658.0
550.0
530.5
121.0
184.0
433.0
112.0
337.0
130.0
95.5
61.0
355.0
454.0
578.5
19.0
745.0
469.0
260.5
149.5
536.5
149.5
248.5
34.0
194.5
131.5
541.0
130.0
140.5
422.5
124.0
494.5
664.0
314.5
836.5
149.5
16.0
466.0
662.5
562.0
472.0
800.5
466.0
700.0
329.5
803.5
775.0
565.0
587.5
721.0
569.5
380.5
233.5
662.5
701.5
541.0
794.5
368.5
142.0
443.5
697.0
607.0
400.0
416.5
571.0
578.5
742.0
749.5
277.0
523.0
139.0
689.5
536.5
454.0
199.0
281.5
302.5
613.0
572.5
662.5
374.5
580.0
764.5
664.0
362.5
484.0
274.0
230.5
383.5
169.0
509.5
241.0
668.5
293.5
560.5
595.0
622.0
259.0
646.0
518.5
314.5
176.5
622.0
295.0
419.5
265.0
784.0
614.5
187.0
529.0
670.0
178.0
547.0
673.0
362.5
677.5
530.5
460.0
377.5
671.5
409.0
421.0
485.5
637.0
283.0
386.5
164.5
149.5
403.0
359.5
257.5
245.5
469.0
629.5
458.5
566.5
494.5
505.0
34.0
361.0
73.0
407.5
236.5
535.0
110.5
289.0
776.5
698.5
424.0
551.5
217.0
697.0
265.0
619.0
220.0
440.5
161.5
58.0
616.0
415.0
616.0
766.0
361.0
644.5
730.0
329.5
694.0
478.0
121.0
715.0
565.0
113.5
667.0
529.0
139.0
541.0
152.5
242.5
322.0
641.5
313.0
731.5
317.5
125.5
16.0
850.0
640.0
398.5
362.5
446.5
131.5
131.5
67.0
256.0
334.0
703.0
326.5
101.5
445.0
541.0
352.0
610.0
359.5
341.5
412.0
490.0
430.0
650.5
682.0
658.0
160.0
668.5
481.0
199.0
283.0
611.5
427.0
767.5
125.5
725.5
119.5
275.5
682.0
782.5
166.0
212.5
587.5
676.0
283.0
137.5
107.5
592.0
172.0
478.0
383.5
307.0
637.0
22.0
241.0
311.5
575.5
752.5
560.5
269.5
110.5
289.0
229.0
215.5
151.0
724.0
713.5
160.0
656.5
488.5
439.0
422.5
13.0
532.0
718.0
235.0
157.0
409.0
679.0
608.5
653.5
292.0
139.0
361.0
487.0
689.5
608.5
322.0
715.0
394.0
115.0
566.5
386.5
352.0
724.0
422.5
443.5
386.5
113.5
164.5
176.5
277.0
338.5
769.0
640.0
433.0
674.5
385.0
383.5
548.5
560.5
734.5
724.0
313.0
281.5
221.5
596.5
88.0
652.0
313.0
644.5
52.0
269.5
617.5
299.5
179.5
236.5
434.5
71.5
404.5
682.0
799.0
340.0
589.0
347.5
478.0
715.0
538.0
481.0
217.0
571.0
641.5
164.5
370.0
671.5
563.5
368.5
175.0
476.5
266.5
331.0
494.5
319.0
137.5
530.5
595.0
356.5
68.5
700.0
274.0
445.0
464.5
47.5
164.5
146.5
239.5
235.0
811.0
544.0
341.5
644.5
455.5
152.5
337.0
245.5
364.0
524.5
749.5
221.5
586.0
385.0
659.5
292.0
697.0
484.0
373.0
757.0
44.5
586.0
707.5
482.5
400.0
208.0
97.0
371.5
214.0
364.0
212.5
290.5
646.0
526.0
355.0
691.0
580.0
374.5
62.5
206.5
118.0
526.0
613.0
662.5
677.5
635.5
190.0
602.5
752.5
260.5
91.0
325.0
541.0
251.5
112.0
628.0
323.5
611.5
523.0
461.5
299.5
377.5
259.0
298.0
235.0
8.5
589.0
160.0
500.5
569.5
536.5
721.0
407.5
793.0
589.0
523.0
427.0
538.0
658.0
596.5
115.0
689.5
284.5
520.0
760.0
617.5
502.0
589.0
620.5
757.0
269.5
646.0
562.0
443.5
311.5
773.5
103.0
367.0
196.0
416.5
577.0
584.5
394.0
593.5
358.0
92.5
433.0
184.0
214.0
446.5
419.5
352.0
194.5
256.0
641.5
172.0
686.5
359.5
559.0
599.5
487.0
167.5
89.5
304.0
517.0
802.0
754.0
307.0
245.5
254.5
274.0
701.5
571.0
596.5
646.0
163.0
509.5
107.5
368.5
662.5
437.5
832.0
635.5
706.0
308.5
233.5
733.0
308.5
254.5
673.0
529.0
703.0
137.5
305.5
292.0
739.0
634.0
451.0
593.5
319.0
490.0
85.0
212.5
538.0
775.0
175.0
350.5
166.0
790.0
556.0
616.0
388.0
103.0
404.5
538.0
580.0
526.0
191.5
295.0
551.5
308.5
607.0
659.5
641.5
83.5
502.0
730.0
481.0
505.0
319.0
128.5
413.5
155.5
127.0
125.5
278.5
388.0
307.0
698.5
685.0
161.5
184.0
161.5
259.0
173.5
533.5
457.0
287.5
214.0
484.0
245.5
619.0
574.0
371.5
349.0
152.5
746.5
679.0
505.0
667.0
452.5
202.0
466.0
514.0
488.5
65.5
155.5
223.0
460.0
221.5
221.5
640.0
403.0
562.0
469.0
52.0
541.0
713.5
769.0
149.5
172.0
517.0
397.0
278.5
428.5
523.0
443.5
491.5
404.5
440.5
442.0
284.5
347.5
550.0
469.0
329.5
155.5
404.5
179.5
397.0
274.0
464.5
629.5
739.0
488.5
211.0
260.5
58.0
212.5
121.0
403.0
610.0
325.0
574.0
464.5
19.0
332.5
427.0
683.5
166.0
220.0
113.5
397.0
437.5
320.5
107.5
557.5
56.5
116.5
85.0
20.5
578.5
542.5
233.5
230.5
248.5
628.0
181.0
449.5
425.5
515.5
292.0
661.0
494.5
394.0
560.5
577.0
643.0
112.0
305.5
581.5
532.0
391.0
389.5
136.0
541.0
601.0
698.5
604.0
782.5
656.5
97.0
520.0
380.5
158.5
95.5
337.0
410.5
574.0
623.5
134.5
578.5
448.0
341.5
32.5
482.5
152.5
451.0
323.5
478.0
236.5
398.5
212.5
695.5
625.0
652.0
520.0
680.5
784.0
160.0
449.5
782.5
533.5
616.0
568.0
665.5
242.5
497.5
650.5
85.0
686.5
575.5
91.0
133.0
251.5
127.0
371.5
449.5
461.5
256.0
581.5
509.5
604.0
94.0
185.5
272.5
178.0
328.0
551.5
386.5
463.0
443.5
227.5
98.5
613.0
250.0
73.0
205.0
577.0
584.5
125.5
677.5
568.0
832.0
190.0
274.0
187.0
299.5
568.0
377.5
584.5
580.0
682.0
596.5
436.0
260.5
251.5
539.5
520.0
98.5
406.0
218.5
650.5
521.5
589.0
122.5
97.0
143.5
595.0
596.5
238.0
229.0
319.0
416.5
413.5
632.5
794.5
568.0
644.5
86.5
311.5
659.5
217.0
166.0
340.0
563.5
239.5
166.0
335.5
418.0
52.0
337.0
266.5
430.0
673.0
533.5
616.0
200.5
610.0
533.5
179.5
259.0
307.0
452.5
415.0
590.5
106.0
640.0
781.0
205.0
364.0
431.5
37.0
526.0
287.5
415.0
532.0
620.5
19.0
140.5
178.0
80.5
617.5
556.0
70.0
647.5
634.0
491.5
319.0
131.5
476.5
260.5
430.0
335.5
721.0
784.0
224.5
112.0
635.5
29.5
206.5
611.5
367.0
557.5
725.5
284.5
392.5
487.0
646.0
119.5
308.5
409.0
730.0
695.5
415.0
245.5
217.0
412.0
481.0
148.0
547.0
193.0
416.5
115.0
293.5
83.5
355.0
488.5
149.5
436.0
388.0
215.5
289.0
610.0
740.5
409.0
155.5
74.5
227.5
448.0
439.0
545.5
515.5
646.0
499.0
380.5
448.0
431.5
394.0
292.0
80.5
728.5
562.0
562.0
181.0
383.5
833.5
107.5
176.5
418.0
410.5
214.0
340.0
337.0
251.5
194.5
85.0
224.5
517.0
202.0
670.0
661.0
676.0
500.5
470.5
134.5
464.5
296.5
250.0
71.5
715.0
400.0
55.0
611.5
638.5
211.0
176.5
395.5
442.0
457.0
820.0
559.0
349.0
727.0
106.0
280.0
67.0
350.5
11.5
628.0
644.5
692.5
635.5
112.0
433.0
268.0
662.5
197.5
545.5
88.0
317.5
466.0
298.0
380.5
461.5
730.0
391.0
599.5
443.5
148.0
533.5
106.0
542.5
650.5
724.0
364.0
545.5
575.5
367.0
548.5
677.5
229.0
205.0
290.5
458.5
442.0
743.5
140.5
587.5
671.5
649.0
142.0
262.0
407.5
118.0
578.5
769.0
677.5
571.0
749.5
721.0
658.0
262.0
209.5
640.0
371.5
559.0
620.5
610.0
538.0
245.5
155.5
656.5
134.5
80.5
767.5
137.5
275.5
427.0
539.5
596.5
160.0
415.0
520.0
647.5
239.5
227.5
418.0
545.5
349.0
586.0
482.5
631.0
352.0
665.5
341.5
116.5
410.5
578.5
173.5
107.5
674.5
448.0
427.0
533.5
64.0
143.5
595.0
104.5
487.0
218.5
376.0
124.0
787.0
89.5
145.0
407.5
209.5
415.0
100.0
785.5
196.0
524.5
341.5
626.5
632.5
547.0
575.5
461.5
269.5
197.5
619.0
245.5
307.0
727.0
752.5
763.0
586.0
95.5
112.0
200.5
754.0
230.5
346.0
245.5
164.5
478.0
247.0
203.5
188.5
173.5
412.0
506.5
119.5
299.5
263.5
263.5
127.0
323.5
794.5
344.5
592.0
641.5
482.5
680.5
115.0
170.5
547.0
652.0
181.0
187.0
106.0
218.5
560.5
406.0
208.0
631.0
290.5
263.5
689.5
658.0
179.5
580.0
664.0
101.5
665.5
700.0
388.0
709.0
562.0
595.0
622.0
160.0
508.0
628.0
680.5
514.0
617.5
490.0
563.5
287.5
490.0
521.5
220.0
745.0
167.5
736.0
805.0
628.0
626.5
416.5
712.0
260.5
190.0
295.0
625.0
731.5
142.0
182.5
79.0
424.0
479.5
551.5
140.5
388.0
416.5
142.0
559.0
622.0
517.0
563.5
389.5
307.0
601.0
548.5
223.0
817.0
745.0
130.0
152.5
407.5
664.0
640.0
647.5
661.0
757.0
100.0
359.5
355.0
595.0
418.0
572.5
88.0
152.5
694.0
271.0
560.5
271.0
479.5
185.5
211.0
403.0
347.5
616.0
146.5
299.5
743.5
613.0
463.0
629.5
629.5
503.5
602.5
260.5
427.0
301.0
386.5
830.5
479.5
241.0
742.0
263.5
793.0
443.5
638.5
407.5
308.5
797.5
223.0
311.5
187.0
448.0
106.0
310.0
499.0
694.0
527.5
280.0
188.5
493.0
308.5
389.5
169.0
689.5
146.5
293.5
242.5
404.5
365.5
544.0
277.0
173.5
316.0
185.5
485.5
568.0
446.5
494.5
142.0
244.0
568.0
748.0
532.0
718.0
79.0
86.5
736.0
410.5
493.0
713.5
182.5
497.5
371.5
203.5
178.0
530.5
250.0
488.5
89.5
163.0
241.0
356.5
485.5
434.5
457.0
169.0
29.5
611.5
422.5
173.5
323.5
775.0
437.5
304.0
206.5
583.0
235.0
410.5
577.0
176.5
539.5
412.0
274.0
637.0
139.0
239.5
280.0
571.0
74.5
553.0
463.0
790.0
218.5
326.5
58.0
208.0
487.0
622.0
226.0
808.0
329.5
745.0
470.5
545.5
577.0
61.0
700.0
566.5
551.5
106.0
509.5
290.5
349.0
253.0
833.5
101.5
362.5
728.5
335.5
236.5
362.5
665.5
113.5
517.0
502.0
668.5
77.5
496.0
727.0
706.0
356.5
233.5
466.0
181.0
197.5
710.5
14.5
161.5
383.5
230.5
281.5
668.5
446.5
175.0
395.5
677.5
575.5
757.0
338.5
463.0
127.0
157.0
77.5
163.0
577.0
89.5
88.0
467.5
92.5
494.5
793.0
611.5
272.5
428.5
101.5
221.5
155.5
757.0
611.5
491.5
155.5
538.0
587.5
685.0
187.0
164.5
619.0
707.5
205.0
685.0
419.5
436.0
514.0
325.0
95.5
626.5
739.0
791.5
482.5
670.0
235.0
232.0
589.0
662.5
559.0
770.5
451.0
650.5
772.0
508.0
677.5
856.0
650.5
746.5
166.0
425.5
367.0
364.0
518.5
323.5
563.5
548.5
556.0
727.0
616.0
542.5
472.0
779.5
325.0
284.5
109.0
553.0
275.5
160.0
317.5
176.5
98.5
244.0
601.0
428.5
298.0
472.0
440.5
659.5
157.0
577.0
253.0
155.5
158.5
241.0
127.0
152.5
358.0
181.0
755.5
338.5
728.5
611.5
601.0
847.0
643.0
581.5
476.5
58.0
76.0
40.0
398.5
262.0
38.5
598.0
632.5
758.5
430.0
647.5
179.5
551.5
322.0
689.5
10.0
227.5
622.0
214.0
550.0
337.0
112.0
121.0
682.0
583.0
454.0
98.5
143.5
97.0
356.5
650.5
89.5
323.5
214.0
653.5
719.5
265.0
452.5
514.0
193.0
440.5
482.5
808.0
587.5
718.0
784.0
667.0
428.5
799.0
622.0
464.5
362.5
458.5
322.0
317.5
727.0
28.0
302.5
659.5
131.5
628.0
278.5
332.5
415.0
148.0
379.0
92.5
253.0
227.5
227.5
425.5
724.0
247.0
448.0
586.0
830.5
595.0
686.5
722.5
649.0
181.0
254.5
688.0
28.0
500.5
122.5
196.0
247.0
770.5
727.0
328.0
460.0
242.5
287.5
715.0
382.0
401.5
70.0
211.0
274.0
721.0
350.5
439.0
412.0
659.5
704.5
488.5
442.0
736.0
442.0
353.5
619.0
31.0
133.0
161.5
545.5
571.0
611.5
526.0
278.5
110.5
407.5
745.0
337.0
616.0
542.5
550.0
572.5
229.0
620.5
47.5
587.5
593.5
556.0
403.0
175.0
800.5
466.0
320.5
586.0
259.0
305.5
314.5
212.5
475.0
374.5
652.0
712.0
326.5
166.0
104.5
133.0
149.5
101.5
271.0
703.0
845.5
653.5
247.0
382.0
178.0
172.0
613.0
289.0
484.0
640.0
85.0
805.0
421.0
440.5
188.5
589.0
548.5
134.5
559.0
139.0
536.5
589.0
182.5
269.5
211.0
721.0
251.5
229.0
98.5
757.0
811.0
472.0
229.0
362.5
181.0
374.5
289.0
604.0
275.5
149.5
73.0
194.5
781.0
685.0
446.5
274.0
121.0
122.5
232.0
365.5
710.5
622.0
295.0
128.5
71.5
431.5
323.5
331.0
289.0
199.0
112.0
479.5
443.5
631.0
301.0
409.0
139.0
281.5
91.0
562.0
238.0
398.5
329.5
814.0
398.5
491.5
506.5
643.0
401.5
589.0
476.5
571.0
613.0
463.0
77.5
199.0
649.0
80.5
512.5
208.0
625.0
670.0
388.0
578.5
146.5
95.5
341.5
550.0
544.0
595.0
418.0
457.0
740.5
271.0
746.5
745.0
577.0
451.0
190.0
131.5
70.0
20.5
277.0
257.5
185.5
395.5
704.5
140.5
271.0
677.5
682.0
292.0
658.0
118.0
229.0
137.5
358.0
713.5
250.0
739.0
163.0
607.0
352.0
515.5
634.0
223.0
811.0
158.5
163.0
619.0
197.5
236.5
131.5
242.5
437.5
581.5
506.5
143.5
155.5
229.0
338.5
340.0
613.0
316.0
118.0
448.0
745.0
571.0
77.5
685.0
413.5
187.0
383.5
403.0
251.5
188.5
797.5
368.5
509.5
415.0
346.0
422.5
740.5
313.0
271.0
199.0
151.0
521.5
488.5
533.5
130.0
355.0
140.5
695.5
620.5
362.5
125.5
244.0
236.5
310.0
97.0
590.5
542.5
392.5
35.5
577.0
320.5
251.5
419.5
196.0
317.5
277.0
58.0
104.5
319.0
701.5
721.0
389.5
445.0
634.0
632.5
743.5
701.5
565.0
373.0
178.0
457.0
409.0
544.0
262.0
793.0
170.5
355.0
385.0
254.5
286.0
404.5
86.5
716.5
155.5
229.0
199.0
340.0
292.0
103.0
44.5
580.0
491.5
635.5
425.5
521.5
808.0
550.0
398.5
592.0
698.5
433.0
128.5
400.0
440.5
344.5
868.0
337.0
605.5
632.5
419.5
731.5
356.5
589.0
535.0
361.0
587.5
490.0
379.0
581.5
569.5
577.0
427.0
634.0
91.0
544.0
218.5
803.5
511.0
77.5
500.5
146.5
419.5
676.0
466.0
86.5
278.5
569.5
575.5
736.0
197.5
649.0
691.0
628.0
487.0
290.5
80.5
353.5
373.0
745.0
476.5
155.5
85.0
286.0
865.0
622.0
532.0
437.5
278.5
691.0
334.0
679.0
562.0
161.5
113.5
683.5
766.0
499.0
659.5
158.5
661.0
490.0
718.0
104.5
91.0
238.0
436.0
328.0
419.5
709.0
344.5
497.5
92.5
286.0
64.0
719.5
385.0
476.5
439.0
677.5
598.0
298.0
505.0
226.0
484.0
200.5
544.0
248.5
137.5
472.0
755.5
581.5
668.5
247.0
131.5
611.5
178.0
361.0
329.5
706.0
98.5
146.5
392.5
601.0
295.0
289.0
250.0
218.5
431.5
365.5
136.0
244.0
278.5
181.0
650.5
167.5
281.5
725.5
566.5
754.0
196.0
469.0
512.5
502.0
553.0
370.0
131.5
361.0
689.5
143.5
563.5
602.5
233.5
719.5
707.5
436.0
25.0
362.5
65.5
106.0
289.0
166.0
206.5
451.0
281.5
77.5
536.5
715.0
646.0
505.0
190.0
458.5
679.0
221.5
526.0
107.5
674.5
382.0
8.5
470.5
782.5
670.0
142.0
23.5
812.5
731.5
623.5
637.0
619.0
616.0
730.0
374.5
478.0
418.0
415.0
268.0
686.5
167.5
548.5
263.5
733.0
443.5
640.0
688.0
796.0
409.0
563.5
725.5
697.0
716.5
548.5
169.0
451.0
403.0
844.0
706.0
289.0
290.5
551.5
719.5
391.0
160.0
653.5
535.0
686.5
685.0
505.0
448.0
140.5
223.0
62.5
83.5
199.0
302.5
86.5
116.5
277.0
838.0
469.0
64.0
727.0
307.0
218.5
287.5
194.5
28.0
149.5
43.0
266.5
697.0
449.5
595.0
559.0
388.0
125.5
182.5
623.5
304.0
550.0
463.0
755.5
772.0
745.0
73.0
524.5
692.5
722.5
545.5
323.5
220.0
256.0
419.5
293.5
208.0
220.0
482.5
655.0
425.5
248.5
221.5
200.5
169.0
715.0
505.0
235.0
251.5
308.5
616.0
632.5
539.5
284.5
517.0
383.5
191.5
634.0
247.0
778.0
592.0
188.5
581.5
766.0
310.0
389.5
92.5
421.0
346.0
380.5
205.0
718.0
707.5
509.5
454.0
347.5
703.0
307.0
464.5
658.0
67.0
769.0
575.5
727.0
406.0
155.5
331.0
356.5
652.0
254.5
662.5
313.0
650.5
515.5
767.5
79.0
172.0
616.0
626.5
374.5
542.5
683.5
298.0
793.0
131.5
649.0
274.0
245.5
472.0
472.0
164.5
202.0
542.5
248.5
511.0
103.0
178.0
805.0
223.0
503.5
595.0
283.0
437.5
448.0
458.5
302.5
520.0
373.0
305.5
554.5
376.0
620.5
173.5
403.0
58.0
478.0
73.0
772.0
812.5
395.5
380.5
196.0
692.5
340.0
265.0
325.0
259.0
730.0
751.0
629.5
502.0
545.5
137.5
118.0
146.5
481.0
757.0
362.5
686.5
226.0
593.5
485.5
734.5
595.0
527.5
338.5
620.5
757.0
523.0
694.0
355.0
526.0
274.0
398.5
400.0
296.5
220.0
385.0
164.5
401.5
200.5
479.5
172.0
232.0
458.5
242.5
275.5
35.5
325.0
260.5
250.0
526.0
478.0
622.0
538.0
701.5
335.5
176.5
472.0
283.0
430.0
613.0
358.0
245.5
94.0
703.0
721.0
253.0
677.5
533.5
505.0
224.5
593.5
482.5
476.5
502.0
86.5
143.5
688.0
670.0
407.5
578.5
293.5
487.0
254.5
605.5
235.0
679.0
289.0
101.5
53.5
553.0
206.5
674.5
218.5
190.0
151.0
701.5
482.5
572.5
565.0
659.5
208.0
658.0
749.5
475.0
205.0
598.0
461.5
592.0
574.0
551.5
365.5
475.0
452.5
329.5
548.5
463.0
547.0
626.5
310.0
544.0
316.0
863.5
614.5
668.5
214.0
712.0
637.0
167.5
536.5
172.0
353.5
422.5
170.5
608.5
170.5
53.5
589.0
259.0
215.5
196.0
230.5
187.0
668.5
616.0
182.5
305.5
755.5
836.5
385.0
343.0
115.0
283.0
656.5
451.0
139.0
146.5
329.5
166.0
518.5
310.0
214.0
421.0
353.5
236.5
94.0
272.5
503.5
617.5
98.5
353.5
589.0
275.5
278.5
569.5
649.0
746.5
493.0
92.5
200.5
482.5
574.0
305.5
685.0
203.5
545.5
704.5
593.5
734.5
550.0
518.5
764.5
485.5
421.0
634.0
242.5
230.5
518.5
251.5
40.0
580.0
253.0
304.0
539.5
322.0
184.0
218.5
328.0
394.0
611.5
700.0
115.0
125.5
107.5
368.5
283.0
13.0
251.5
310.0
433.0
218.5
313.0
422.5
155.5
271.0
86.5
134.5
728.5
125.5
691.0
155.5
514.0
274.0
242.5
407.5
643.0
121.0
295.0
119.5
596.5
559.0
499.0
526.0
823.0
793.0
301.0
727.0
509.5
157.0
103.0
277.0
166.0
670.0
682.0
436.0
716.5
59.5
767.5
104.5
683.5
185.5
233.5
202.0
614.5
692.5
338.5
593.5
293.5
151.0
649.0
265.0
641.5
752.5
622.0
173.5
92.5
221.5
407.5
250.0
559.0
268.0
713.5
728.5
239.5
310.0
311.5
568.0
109.0
332.5
466.0
238.0
113.5
569.5
214.0
233.5
719.5
254.5
302.5
710.5
580.0
743.5
758.5
178.0
668.5
377.5
397.0
431.5
322.0
310.0
200.5
727.0
751.0
640.0
655.0
500.5
353.5
629.5
364.0
382.0
380.5
215.5
416.5
94.0
253.0
320.5
580.0
119.5
379.0
706.0
533.5
484.0
229.0
262.0
286.0
530.5
223.0
346.0
158.5
454.0
395.5
677.5
154.0
181.0
557.5
242.5
203.5
365.5
470.5
667.0
151.0
10.0
391.0
589.0
119.5
485.5
574.0
241.0
110.5
125.5
571.0
449.5
623.5
341.5
530.5
682.0
130.0
113.5
770.5
527.5
722.5
422.5
604.0
701.5
310.0
701.5
490.0
577.0
286.0
422.5
157.0
155.5
709.0
724.0
113.5
748.0
104.5
361.0
658.0
568.0
719.5
766.0
509.5
224.5
107.5
302.5
430.0
628.0
322.0
220.0
242.5
244.0
577.0
643.0
620.5
643.0
94.0
184.0
202.0
413.5
331.0
520.0
530.5
467.5
725.5
421.0
440.5
400.0
346.0
460.0
611.5
658.0
439.0
383.5
692.5
778.0
683.5
206.5
779.5
554.5
691.0
664.0
719.5
220.0
217.0
593.5
230.5
295.0
122.5
161.5
260.5
854.5
509.5
709.0
578.5
418.0
164.5
466.0
308.5
221.5
443.5
235.0
503.5
142.0
683.5
238.0
175.0
46.0
482.5
608.5
290.5
317.5
325.0
773.5
637.0
337.0
82.0
173.5
100.0
421.0
298.0
601.0
448.0
418.0
781.0
224.5
347.5
445.0
529.0
370.0
686.5
344.5
313.0
614.5
193.0
260.5
382.0
104.5
602.5
160.0
209.5
578.5
511.0
679.0
745.0
238.0
409.0
637.0
748.0
182.5
626.5
481.0
479.5
271.0
38.5
506.5
733.0
647.5
718.0
358.0
247.0
326.5
610.0
323.5
712.0
389.5
256.0
415.0
413.5
443.5
389.5
337.0
488.5
556.0
305.5
511.0
287.5
248.5
682.0
584.5
149.5
436.0
398.5
497.5
656.5
358.0
263.5
343.0
161.5
764.5
310.0
631.0
647.5
319.0
445.0
71.5
430.0
178.0
457.0
385.0
299.5
163.0
379.0
650.5
140.5
262.0
500.5
418.0
283.0
371.5
245.5
134.5
197.5
215.5
709.0
721.0
71.5
142.0
475.0
25.0
136.0
416.5
368.5
397.0
655.0
197.5
440.5
109.0
10.0
488.5
236.5
425.5
694.0
271.0
521.5
719.5
458.5
62.5
286.0
545.5
430.0
754.0
500.5
260.5
431.5
121.0
370.0
544.0
485.5
529.0
239.5
215.5
550.0
398.5
502.0
517.0
568.0
695.5
580.0
425.5
502.0
701.5
524.5
193.0
461.5
464.5
334.0
559.0
674.5
76.0
509.5
598.0
356.5
335.5
256.0
187.0
568.0
274.0
730.0
752.5
313.0
622.0
134.5
419.5
289.0
695.5
619.0
391.0
617.5
148.0
488.5
295.0
742.0
482.5
136.0
496.0
178.0
337.0
197.5
541.0
749.5
370.0
580.0
91.0
424.0
191.5
89.5
769.0
581.5
280.0
71.5
542.5
476.5
296.5
143.5
620.5
149.5
667.0
511.0
538.0
569.5
404.5
566.5
263.5
637.0
793.0
544.0
310.0
461.5
589.0
688.0
244.0
392.5
377.5
517.0
158.5
215.5
574.0
724.0
775.0
664.0
88.0
103.0
127.0
236.5
125.5
220.0
418.0
731.5
784.0
371.5
566.5
403.0
574.0
116.5
283.0
166.0
367.0
455.5
359.5
340.0
95.5
794.5
631.0
596.5
205.0
302.5
400.0
178.0
614.5
809.5
131.5
59.5
461.5
379.0
214.0
538.0
259.0
194.5
82.0
604.0
701.5
337.0
629.5
512.5
434.5
112.0
77.5
113.5
343.0
676.0
592.0
227.5
56.5
439.0
353.5
517.0
299.5
91.0
148.0
227.5
541.0
691.0
803.5
694.0
544.0
719.5
343.0
463.0
344.5
463.0
518.5
212.5
358.0
400.0
181.0
466.0
239.5
598.0
194.5
251.5
95.5
181.0
95.5
196.0
598.0
625.0
589.0
607.0
760.0
332.5
614.5
745.0
820.0
49.0
244.0
431.5
325.0
271.0
301.0
587.5
434.5
605.5
89.5
547.0
95.5
634.0
776.5
124.0
235.0
