812.5
635.5
757.0
823.0
853.0
680.5
703.0
754.0
842.5
721.0
902.5
806.5
737.5
905.5
863.5
815.5
823.0
902.5
776.5
851.5
814.0
559.0
797.5
842.5
815.5
866.5
805.0
895.0
862.0
779.5
649.0
764.5
848.5
755.5
866.5
625.0
748.0
673.0
818.5
673.0
842.5
790.0
691.0
863.5
268.0
850.0
664.0
877.0
803.5
859.0
847.0
796.0
728.5
863.5
733.0
790.0
751.0
754.0
760.0
569.5
391.0
770.5
790.0
860.5
863.5
854.5
727.0
775.0
748.0
733.0
818.5
824.5
721.0
697.0
815.5
434.5
629.5
805.0
875.5
800.5
826.0
679.0
760.0
745.0
751.0
791.5
850.0
868.0
394.0
179.5
793.0
854.5
757.0
905.5
896.5
625.0
806.5
866.5
676.0
814.0
848.5
836.5
839.5
853.0
827.5
823.0
779.5
817.0
841.0
908.5
821.5
698.5
848.5
796.0
844.0
694.0
926.5
656.5
749.5
820.0
860.5
799.0
754.0
796.0
685.0
872.5
806.5
821.5
455.5
859.0
821.5
814.0
821.5
835.0
752.5
745.0
616.0
710.5
761.5
745.0
785.5
815.5
659.5
878.5
758.5
811.0
847.0
697.0
782.5
761.5
821.5
607.0
814.0
773.5
797.5
596.5
569.5
875.5
790.0
511.0
833.5
724.0
841.0
836.5
776.5
850.0
718.0
815.5
919.0
812.5
266.5
859.0
815.5
776.5
718.0
599.5
820.0
779.5
809.5
815.5
835.0
800.5
860.5
706.0
754.0
653.5
503.5
655.0
910.0
745.0
800.5
842.5
860.5
640.0
761.5
365.5
835.0
847.0
710.5
754.0
910.0
697.0
749.5
827.5
910.0
731.5
748.0
772.0
812.5
836.5
851.5
671.5
847.0
814.0
691.0
863.5
745.0
863.5
769.0
827.5
841.0
857.5
656.5
800.5
553.0
779.5
751.0
881.5
649.0
787.0
868.0
916.0
701.5
776.5
838.0
635.5
808.0
874.0
817.0
584.5
539.5
785.5
770.5
830.5
860.5
865.0
892.0
847.0
881.5
845.5
790.0
832.0
800.5
838.0
778.0
686.5
859.0
865.0
775.0
871.0
833.5
584.5
634.0
862.0
841.0
700.0
743.5
862.0
796.0
806.5
728.5
748.0
806.5
683.5
562.0
811.0
881.5
857.5
719.5
866.5
749.5
752.5
706.0
860.5
757.0
842.5
667.0
841.0
871.0
895.0
839.5
793.0
785.5
823.0
554.5
787.0
890.5
832.0
242.5
829.0
773.5
848.5
611.5
839.5
850.0
898.0
563.5
815.5
740.5
767.5
812.5
764.5
743.5
827.5
859.0
703.0
784.0
704.5
833.5
890.5
895.0
823.0
731.5
397.0
758.5
841.0
857.5
860.5
826.0
794.5
884.5
707.5
406.0
739.0
851.5
805.0
845.5
749.5
926.5
578.5
845.5
890.5
509.5
865.0
764.5
824.5
850.0
826.0
809.5
899.5
826.0
881.5
781.0
506.5
820.0
745.0
791.5
796.0
859.0
878.5
757.0
901.0
803.5
467.5
743.5
622.0
850.0
790.0
818.5
845.5
818.5
890.5
794.5
689.5
841.0
680.5
869.5
856.0
905.5
776.5
895.0
745.0
761.5
740.5
866.5
752.5
830.5
752.5
905.5
889.0
818.5
770.5
839.5
769.0
874.0
785.5
919.0
869.5
878.5
701.5
863.5
731.5
677.5
817.0
661.0
733.0
599.5
569.5
883.0
773.5
677.5
851.5
731.5
683.5
506.5
799.0
752.5
746.5
700.0
721.0
772.0
815.5
806.5
727.0
661.0
719.5
863.5
793.0
731.5
347.5
754.0
911.5
652.0
878.5
859.0
766.0
886.0
829.0
788.5
733.0
805.0
628.0
629.5
791.5
862.0
811.0
830.5
899.5
608.5
596.5
707.5
775.0
664.0
773.5
829.0
892.0
788.5
794.5
521.5
761.5
763.0
824.5
922.0
685.0
739.0
706.0
820.0
829.0
797.5
860.5
847.0
514.0
536.5
856.0
835.0
587.5
826.0
869.5
869.5
746.5
890.5
830.5
790.0
824.5
769.0
767.5
853.0
742.0
877.0
818.5
716.5
859.0
731.5
821.5
856.0
817.0
749.5
862.0
820.0
778.0
700.0
778.0
635.5
842.5
833.5
875.5
796.0
785.5
853.0
566.5
532.0
829.0
479.5
799.0
850.0
797.5
802.0
680.5
842.5
743.5
796.0
802.0
823.0
863.5
625.0
841.0
802.0
812.5
529.0
919.0
776.5
857.5
850.0
838.0
800.5
847.0
752.5
737.5
883.0
758.5
833.5
761.5
850.0
908.5
835.0
818.5
847.0
889.0
841.0
790.0
736.0
748.0
686.5
851.5
836.5
716.5
853.0
832.0
863.5
761.5
791.5
676.0
841.0
859.0
794.5
740.5
805.0
808.0
791.5
839.5
845.5
817.0
835.0
736.0
803.5
668.5
889.0
796.0
814.0
842.5
776.5
662.5
779.5
841.0
836.5
751.0
905.5
806.5
784.0
794.5
766.0
859.0
830.5
803.5
799.0
821.5
863.5
847.0
844.0
748.0
770.5
418.0
886.0
820.0
817.0
785.5
842.5
758.5
830.5
722.5
728.5
761.5
851.5
746.5
700.0
724.0
439.0
355.0
760.0
874.0
701.5
746.5
793.0
796.0
788.5
815.5
202.0
794.5
752.5
821.5
827.5
800.5
862.0
646.0
782.5
898.0
818.5
733.0
683.5
863.5
775.0
817.0
811.0
793.0
766.0
814.0
826.0
820.0
862.0
769.0
901.0
806.5
817.0
566.5
883.0
806.5
856.0
763.0
875.5
862.0
823.0
644.5
913.0
701.5
830.5
592.0
784.0
839.5
787.0
718.0
665.5
794.5
809.5
802.0
866.5
802.0
458.5
824.5
797.5
814.0
901.0
778.0
724.0
833.5
863.5
866.5
755.5
800.5
788.5
407.5
880.0
332.5
808.0
866.5
869.5
838.0
743.5
829.0
803.5
766.0
820.0
839.5
850.0
794.5
823.0
752.5
772.0
790.0
731.5
871.0
859.0
853.0
838.0
835.0
745.0
778.0
794.5
832.0
842.5
694.0
658.0
718.0
883.0
770.5
860.5
842.5
940.0
728.5
649.0
677.5
803.5
793.0
734.5
857.5
737.5
674.5
875.5
881.5
866.5
808.0
863.5
880.0
839.5
601.0
892.0
748.0
515.5
722.5
667.0
899.5
832.0
788.5
689.5
689.5
866.5
850.0
805.0
866.5
896.5
857.5
446.5
908.5
667.0
916.0
821.5
865.0
884.5
734.5
644.5
638.5
713.5
806.5
776.5
785.5
872.5
841.0
797.5
766.0
767.5
893.5
811.0
661.0
689.5
889.0
853.0
778.0
748.0
680.5
809.5
814.0
832.0
784.0
737.5
833.5
895.0
844.0
881.5
826.0
839.5
853.0
790.0
848.5
538.0
784.0
685.0
571.0
518.5
842.5
793.0
328.0
862.0
734.5
754.0
785.5
775.0
757.0
793.0
809.5
724.0
835.0
763.0
796.0
707.5
719.5
908.5
872.5
740.5
722.5
811.0
890.5
808.0
826.0
763.0
797.5
865.0
770.5
778.0
862.0
854.5
859.0
880.0
769.0
829.0
767.5
625.0
899.5
823.0
719.5
875.5
704.5
806.5
659.5
874.0
850.0
533.5
851.5
730.0
748.0
833.5
880.0
857.5
869.5
163.0
817.0
775.0
884.5
805.0
740.5
775.0
823.0
772.0
718.0
868.0
880.0
812.5
851.5
839.5
460.0
833.5
652.0
866.5
827.5
763.0
827.5
796.0
757.0
647.5
643.0
827.5
469.0
799.0
79.0
578.5
802.0
811.0
872.5
842.5
728.5
872.5
746.5
833.5
767.5
815.5
782.5
544.0
769.0
869.5
779.5
820.0
697.0
727.0
803.5
815.5
577.0
827.5
841.0
896.5
715.0
884.5
790.0
659.5
836.5
788.5
797.5
865.0
877.0
796.0
727.0
694.0
869.5
835.0
725.5
817.0
805.0
767.5
785.5
841.0
758.5
829.0
860.5
796.0
776.5
844.0
785.5
745.0
857.5
883.0
209.5
869.5
716.5
806.5
769.0
716.5
799.0
817.0
830.5
515.5
890.5
799.0
739.0
599.5
845.5
812.5
839.5
863.5
806.5
889.0
806.5
811.0
869.5
850.0
883.0
877.0
788.5
815.5
694.0
719.5
766.0
847.0
793.0
904.0
826.0
869.5
919.0
794.5
842.5
784.0
818.5
917.5
853.0
713.5
634.0
857.5
871.0
815.5
853.0
826.0
854.5
790.0
703.0
779.5
652.0
727.0
851.5
869.5
779.5
785.5
688.0
794.5
907.0
779.5
803.5
505.0
874.0
877.0
821.5
871.0
826.0
827.5
854.5
757.0
745.0
800.5
920.5
383.5
767.5
821.5
832.0
721.0
907.0
824.5
802.0
830.5
767.5
761.5
728.5
703.0
847.0
703.0
872.5
734.5
757.0
835.0
755.5
850.0
785.5
809.5
650.5
758.5
826.0
829.0
766.0
187.0
692.5
704.5
926.5
625.0
875.5
773.5
674.5
715.0
757.0
848.5
811.0
632.5
827.5
520.0
872.5
671.5
869.5
836.5
875.5
815.5
841.0
794.5
818.5
794.5
898.0
886.0
758.5
800.5
710.5
772.0
715.0
794.5
827.5
740.5
808.0
764.5
716.5
662.5
839.5
817.0
818.5
328.0
856.0
848.5
806.5
851.5
814.0
676.0
709.0
730.0
835.0
796.0
797.5
139.0
848.5
874.0
752.5
809.5
824.5
776.5
917.5
689.5
731.5
881.5
854.5
779.5
844.0
928.0
772.0
815.5
793.0
605.5
850.0
836.5
875.5
827.5
907.0
820.0
841.0
922.0
788.5
545.5
850.0
712.0
848.5
707.5
686.5
776.5
757.0
362.5
805.0
811.0
739.0
817.0
857.5
832.0
787.0
832.0
877.0
509.5
745.0
851.5
848.5
773.5
707.5
775.0
799.0
715.0
820.0
839.5
701.5
779.5
250.0
878.5
754.0
824.5
701.5
904.0
704.5
799.0
616.0
736.0
862.0
860.5
875.5
763.0
700.0
853.0
763.0
890.5
866.5
799.0
757.0
868.0
803.5
787.0
812.5
760.0
791.5
646.0
835.0
803.5
773.5
734.5
832.0
818.5
869.5
802.0
845.5
787.0
839.5
712.0
823.0
590.5
889.0
802.0
781.0
782.5
823.0
793.0
848.5
821.5
844.0
830.5
686.5
769.0
647.5
755.5
787.0
794.5
811.0
884.5
850.0
713.5
827.5
866.5
574.0
892.0
826.0
901.0
833.5
731.5
797.5
869.5
749.5
806.5
773.5
151.0
851.5
848.5
902.5
724.0
835.0
884.5
757.0
842.5
811.0
661.0
802.0
661.0
877.0
881.5
806.5
845.5
749.5
773.5
710.5
584.5
770.5
833.5
850.0
797.5
844.0
889.0
784.0
865.0
830.5
934.0
740.5
848.5
788.5
752.5
856.0
847.0
697.0
748.0
868.0
860.5
788.5
884.5
775.0
832.0
809.5
791.5
772.0
862.0
340.0
719.5
839.5
853.0
728.5
748.0
824.5
778.0
748.0
821.5
896.5
761.5
722.5
725.5
670.0
809.5
790.0
875.5
682.0
847.0
772.0
784.0
902.5
793.0
853.0
839.5
850.0
899.5
835.0
592.0
860.5
779.5
790.0
863.5
821.5
742.0
892.0
742.0
896.5
761.5
871.0
778.0
809.5
827.5
862.0
749.5
626.5
839.5
868.0
859.0
796.0
821.5
787.0
860.5
659.5
671.5
838.0
799.0
653.5
818.5
842.5
722.5
757.0
833.5
859.0
868.0
778.0
772.0
298.0
889.0
880.0
871.0
751.0
778.0
824.5
628.0
881.5
673.0
808.0
836.5
742.0
778.0
874.0
790.0
757.0
874.0
862.0
815.5
869.5
770.5
836.5
860.5
851.5
776.5
902.5
724.0
868.0
857.5
179.5
806.5
737.5
806.5
908.5
871.0
872.5
725.5
728.5
779.5
757.0
791.5
733.0
877.0
820.0
887.5
776.5
820.0
844.0
895.0
817.0
850.0
916.0
796.0
829.0
923.5
709.0
853.0
808.0
742.0
806.5
832.0
866.5
697.0
844.0
844.0
875.5
724.0
778.0
689.5
853.0
817.0
776.5
572.5
728.5
893.5
788.5
755.5
697.0
691.0
605.5
842.5
863.5
877.0
883.0
724.0
869.5
839.5
806.5
851.5
889.0
731.5
874.0
853.0
842.5
883.0
841.0
799.0
817.0
763.0
751.0
686.5
664.0
874.0
799.0
722.5
763.0
583.0
770.5
488.5
820.0
871.0
880.0
862.0
770.5
874.0
631.0
839.5
833.5
794.5
833.5
764.5
664.0
671.5
802.0
824.5
836.5
677.5
758.5
668.5
817.0
790.0
809.5
860.5
802.0
625.0
796.0
629.5
829.0
775.0
844.0
826.0
547.0
827.5
829.0
701.5
778.0
812.5
734.5
763.0
725.5
715.0
619.0
851.5
716.5
646.0
829.0
812.5
773.5
808.0
683.5
857.5
884.5
797.5
871.0
812.5
662.5
854.5
850.0
814.0
845.5
898.0
853.0
863.5
818.5
785.5
829.0
899.5
806.5
712.0
866.5
854.5
775.0
853.0
815.5
809.5
755.5
827.5
704.5
845.5
902.5
650.5
884.5
815.5
802.0
889.0
733.0
866.5
865.0
865.0
859.0
826.0
694.0
824.5
796.0
778.0
829.0
820.0
781.0
811.0
709.0
758.5
773.5
859.0
796.0
856.0
803.5
724.0
808.0
730.0
392.5
784.0
833.5
869.5
773.5
758.5
835.0
812.5
886.0
748.0
646.0
799.0
818.5
838.0
742.0
839.5
725.5
797.5
878.5
902.5
739.0
869.5
745.0
851.5
880.0
814.0
706.0
904.0
725.5
815.5
839.5
850.0
848.5
746.5
794.5
839.5
830.5
836.5
850.0
772.0
649.0
766.0
851.5
814.0
587.5
601.0
808.0
665.5
691.0
821.5
871.0
734.5
745.0
779.5
889.0
884.5
829.0
769.0
874.0
743.5
644.5
778.0
823.0
872.5
838.0
578.5
865.0
853.0
869.5
815.5
788.5
860.5
698.5
848.5
796.0
683.5
601.0
857.5
803.5
730.0
794.5
796.0
733.0
623.5
826.0
731.5
784.0
830.5
836.5
865.0
820.0
938.5
631.0
727.0
701.5
778.0
862.0
698.5
812.5
788.5
835.0
757.0
871.0
343.0
866.5
725.5
848.5
830.5
710.5
671.5
836.5
749.5
773.5
859.0
119.5
839.5
719.5
898.0
917.5
818.5
790.0
788.5
836.5
760.0
845.5
862.0
809.5
796.0
658.0
734.5
802.0
851.5
766.0
637.0
811.0
830.5
452.5
740.5
818.5
779.5
749.5
785.5
836.5
449.5
818.5
865.0
923.5
827.5
752.5
884.5
679.0
814.0
629.5
802.0
908.5
808.0
919.0
671.5
847.0
689.5
740.5
832.0
784.0
875.5
803.5
838.0
796.0
794.5
899.5
758.5
848.5
665.5
632.5
736.0
683.5
709.0
791.5
719.5
872.5
656.5
842.5
875.5
806.5
596.5
841.0
830.5
788.5
773.5
859.0
452.5
874.0
644.5
791.5
625.0
704.5
865.0
857.5
800.5
800.5
646.0
833.5
854.5
707.5
682.0
560.5
802.0
910.0
751.0
796.0
736.0
787.0
863.5
773.5
800.5
872.5
848.5
851.5
794.5
902.5
746.5
883.0
913.0
913.0
812.5
890.5
658.0
860.5
800.5
704.5
812.5
775.0
752.5
755.5
778.0
811.0
772.0
686.5
758.5
758.5
743.5
838.0
791.5
769.0
772.0
778.0
884.5
875.5
886.0
842.5
802.0
722.5
844.0
842.5
743.5
788.5
737.5
437.5
817.0
871.0
511.0
769.0
823.0
862.0
818.5
286.0
872.5
863.5
833.5
815.5
860.5
682.0
542.5
811.0
839.5
842.5
488.5
848.5
860.5
847.0
851.5
865.0
742.0
788.5
854.5
665.5
854.5
890.5
889.0
800.5
725.5
769.0
877.0
752.5
568.0
881.5
760.0
856.0
638.5
856.0
316.0
872.5
749.5
866.5
724.0
854.5
802.0
851.5
782.5
820.0
847.0
847.0
817.0
779.5
823.0
761.5
848.5
592.0
797.5
727.0
775.0
740.5
823.0
772.0
703.0
787.0
722.5
830.5
686.5
838.0
830.5
727.0
700.0
734.5
854.5
775.0
596.5
859.0
850.0
886.0
766.0
650.5
844.0
845.5
785.5
769.0
817.0
809.5
752.5
749.5
830.5
818.5
769.0
860.5
755.5
886.0
818.5
767.5
767.5
844.0
772.0
778.0
706.0
907.0
722.5
881.5
802.0
725.5
488.5
481.0
734.5
809.5
830.5
778.0
847.0
836.5
833.5
809.5
751.0
833.5
764.5
866.5
761.5
713.5
905.5
836.5
887.5
827.5
733.0
602.5
793.0
691.0
782.5
791.5
812.5
824.5
764.5
847.0
598.0
829.0
826.0
785.5
850.0
800.5
722.5
860.5
788.5
773.5
800.5
827.5
845.5
805.0
874.0
704.5
700.0
880.0
791.5
749.5
626.5
691.0
856.0
793.0
335.5
830.5
898.0
691.0
716.5
761.5
914.5
878.5
856.0
841.0
907.0
850.0
779.5
749.5
856.0
827.5
802.0
874.0
865.0
862.0
899.5
814.0
716.5
839.5
871.0
742.0
781.0
889.0
260.5
689.5
818.5
766.0
820.0
739.0
818.5
827.5
797.5
836.5
824.5
526.0
838.0
721.0
823.0
817.0
829.0
877.0
737.5
908.5
740.5
257.5
893.5
847.0
772.0
812.5
745.0
832.0
827.5
914.5
833.5
784.0
860.5
889.0
838.0
872.5
857.5
835.0
877.0
877.0
742.0
833.5
628.0
785.5
785.5
680.5
836.5
797.5
683.5
772.0
811.0
818.5
890.5
709.0
721.0
794.5
758.5
862.0
821.5
767.5
550.0
817.0
602.5
872.5
886.0
929.5
868.0
880.0
767.5
656.5
709.0
722.5
848.5
818.5
701.5
856.0
283.0
814.0
836.5
767.5
758.5
304.0
508.0
764.5
754.0
863.5
847.0
814.0
806.5
847.0
823.0
862.0
827.5
730.0
842.5
689.5
842.5
890.5
769.0
866.5
812.5
452.5
880.0
778.0
776.5
889.0
821.5
854.5
799.0
850.0
838.0
871.0
817.0
704.5
836.5
820.0
842.5
923.5
817.0
841.0
719.5
839.5
782.5
692.5
848.5
647.5
853.0
835.0
845.5
898.0
406.0
779.5
880.0
721.0
835.0
662.5
914.5
722.5
871.0
850.0
806.5
292.0
845.5
865.0
907.0
775.0
601.0
704.5
815.5
731.5
835.0
782.5
857.5
850.0
803.5
896.5
713.5
781.0
691.0
829.0
776.5
775.0
865.0
610.0
793.0
865.0
845.5
797.5
854.5
862.0
818.5
797.5
836.5
790.0
902.5
509.5
839.5
805.0
815.5
845.5
755.5
866.5
697.0
694.0
809.5
811.0
889.0
769.0
871.0
854.5
704.5
863.5
760.0
746.5
833.5
785.5
821.5
835.0
749.5
763.0
872.5
728.5
590.5
788.5
752.5
613.0
734.5
875.5
812.5
851.5
878.5
874.0
832.0
685.0
596.5
839.5
814.0
683.5
791.5
775.0
848.5
823.0
821.5
796.0
592.0
838.0
749.5
857.5
823.0
832.0
725.5
823.0
353.5
700.0
868.0
806.5
748.0
878.5
814.0
746.5
823.0
733.0
824.5
821.5
773.5
844.0
799.0
865.0
746.5
802.0
778.0
824.5
871.0
913.0
634.0
862.0
802.0
434.5
736.0
817.0
851.5
826.0
751.0
799.0
791.5
775.0
715.0
809.5
749.5
857.5
724.0
766.0
817.0
814.0
686.5
757.0
800.5
821.5
737.5
809.5
863.5
784.0
704.5
770.5
692.5
713.5
800.5
884.5
713.5
767.5
565.0
679.0
815.5
797.5
713.5
646.0
634.0
865.0
943.0
863.5
817.0
820.0
772.0
808.0
665.5
767.5
863.5
766.0
844.0
830.5
811.0
895.0
728.5
800.5
826.0
892.0
739.0
817.0
700.0
809.5
809.5
850.0
619.0
790.0
799.0
703.0
535.0
617.5
674.5
797.5
847.0
802.0
698.5
812.5
799.0
832.0
799.0
793.0
845.5
820.0
805.0
817.0
796.0
785.5
803.5
841.0
865.0
910.0
872.5
830.5
754.0
784.0
850.0
809.5
836.5
685.0
713.5
197.5
784.0
820.0
794.5
545.5
833.5
823.0
592.0
751.0
868.0
662.5
791.5
799.0
799.0
863.5
676.0
719.5
895.0
902.5
797.5
821.5
757.0
701.5
722.5
877.0
889.0
916.0
862.0
890.5
821.5
829.0
821.5
772.0
815.5
820.0
812.5
799.0
874.0
827.5
826.0
674.5
770.5
827.5
623.5
766.0
796.0
836.5
772.0
818.5
845.5
868.0
823.0
848.5
872.5
854.5
827.5
718.0
760.0
631.0
815.5
763.0
835.0
835.0
781.0
802.0
811.0
728.5
823.0
737.5
797.5
800.5
875.5
793.0
775.0
860.5
740.5
875.5
604.0
782.5
815.5
863.5
638.5
803.5
850.0
817.0
778.0
761.5
625.0
856.0
854.5
697.0
716.5
788.5
662.5
802.0
811.0
638.5
715.0
457.0
806.5
724.0
860.5
767.5
821.5
866.5
824.5
793.0
391.0
833.5
799.0
811.0
706.0
839.5
868.0
775.0
703.0
589.0
841.0
778.0
788.5
847.0
580.0
754.0
787.0
514.0
847.0
820.0
827.5
826.0
578.5
515.5
782.5
625.0
766.0
739.0
604.0
839.5
812.5
854.5
790.0
785.5
656.5
793.0
886.0
785.5
896.5
784.0
790.0
823.0
602.5
853.0
862.0
790.0
838.0
731.5
893.5
755.5
883.0
848.5
766.0
878.5
845.5
871.0
889.0
853.0
709.0
802.0
793.0
884.5
823.0
772.0
899.5
809.5
865.0
614.5
692.5
370.0
872.5
769.0
863.5
691.0
914.5
773.5
734.5
851.5
863.5
785.5
863.5
811.0
800.5
722.5
742.0
796.0
845.5
640.0
838.0
848.5
608.5
373.0
787.0
707.5
863.5
364.0
752.5
862.0
775.0
796.0
872.5
752.5
641.5
889.0
871.0
817.0
686.5
748.0
815.5
689.5
796.0
829.0
805.0
767.5
757.0
692.5
761.5
787.0
703.0
892.0
860.5
883.0
835.0
778.0
887.5
877.0
704.5
758.5
592.0
770.5
752.5
637.0
733.0
593.5
722.5
857.5
775.0
886.0
796.0
857.5
775.0
881.5
766.0
808.0
742.0
887.5
826.0
548.5
731.5
632.5
608.5
730.0
827.5
638.5
812.5
811.0
871.0
898.0
520.0
794.5
808.0
844.0
736.0
815.5
841.0
847.0
884.5
734.5
754.0
737.5
716.5
892.0
901.0
806.5
820.0
887.5
604.0
781.0
755.5
866.5
574.0
857.5
695.5
809.5
854.5
802.0
779.5
811.0
752.5
820.0
757.0
728.5
727.0
877.0
880.0
866.5
715.0
800.5
820.0
637.0
803.5
818.5
874.0
866.5
821.5
884.5
629.5
799.0
745.0
776.5
745.0
824.5
830.5
638.5
533.5
830.5
880.0
731.5
580.0
775.0
826.0
848.5
502.0
913.0
850.0
838.0
829.0
862.0
871.0
398.5
854.5
844.0
824.5
667.0
853.0
841.0
802.0
781.0
796.0
590.5
709.0
802.0
853.0
865.0
854.5
371.5
701.5
893.5
875.5
799.0
767.5
821.5
775.0
830.5
778.0
844.0
536.5
721.0
766.0
865.0
857.5
658.0
193.0
889.0
868.0
752.5
859.0
331.0
784.0
806.5
773.5
832.0
838.0
853.0
401.5
905.5
773.5
739.0
925.0
809.5
715.0
905.5
205.0
662.5
646.0
803.5
862.0
820.0
848.5
850.0
755.5
812.5
815.5
767.5
862.0
760.0
755.5
856.0
757.0
875.5
859.0
824.5
737.5
638.5
802.0
721.0
590.5
809.5
842.5
763.0
838.0
832.0
799.0
682.0
827.5
911.5
838.0
784.0
856.0
772.0
886.0
848.5
866.5
881.5
856.0
905.5
803.5
902.5
806.5
452.5
712.0
863.5
824.5
847.0
833.5
824.5
826.0
596.5
829.0
788.5
776.5
868.0
827.5
754.0
739.0
832.0
790.0
739.0
811.0
572.5
646.0
812.5
809.5
712.0
661.0
760.0
680.5
631.0
835.0
844.0
554.5
818.5
791.5
833.5
881.5
830.5
841.0
851.5
755.5
743.5
583.0
854.5
791.5
827.5
829.0
799.0
877.0
817.0
760.0
895.0
857.5
346.0
826.0
808.0
698.5
782.5
782.5
817.0
892.0
878.5
778.0
796.0
814.0
920.5
800.5
497.5
763.0
277.0
830.5
818.5
824.5
811.0
821.5
830.5
793.0
881.5
830.5
730.0
764.5
793.0
863.5
887.5
818.5
719.5
754.0
725.5
724.0
841.0
812.5
622.0
458.5
871.0
859.0
811.0
688.0
745.0
716.5
887.5
775.0
796.0
824.5
485.5
770.5
835.0
824.5
778.0
788.5
764.5
722.5
796.0
716.5
805.0
860.5
784.0
851.5
754.0
865.0
898.0
796.0
760.0
800.5
805.0
731.5
701.5
820.0
725.5
875.5
638.5
764.5
766.0
754.0
853.0
754.0
839.5
785.5
871.0
830.5
815.5
767.5
863.5
739.0
839.5
760.0
827.5
857.5
845.5
721.0
877.0
737.5
782.5
754.0
845.5
686.5
746.5
743.5
824.5
599.5
865.0
845.5
776.5
512.5
595.0
658.0
689.5
427.0
829.0
242.5
667.0
949.0
877.0
833.5
874.0
785.5
782.5
902.5
619.0
778.0
764.5
832.0
424.0
880.0
898.0
847.0
710.5
613.0
893.5
664.0
691.0
794.5
806.5
890.5
866.5
716.5
848.5
659.5
566.5
871.0
851.5
824.5
874.0
737.5
433.0
767.5
841.0
701.5
788.5
826.0
691.0
769.0
724.0
833.5
739.0
814.0
833.5
844.0
835.0
802.0
811.0
730.0
775.0
908.5
790.0
916.0
836.5
803.5
767.5
862.0
749.5
848.5
823.0
800.5
899.5
628.0
799.0
817.0
817.0
724.0
884.5
878.5
820.0
655.0
548.5
692.5
703.0
796.0
833.5
754.0
805.0
787.0
724.0
848.5
716.5
869.5
778.0
463.0
779.5
787.0
832.0
760.0
877.0
838.0
848.5
880.0
800.5
335.5
856.0
787.0
751.0
893.5
785.5
836.5
803.5
730.0
773.5
760.0
782.5
799.0
749.5
655.0
440.5
793.0
749.5
842.5
815.5
683.5
686.5
800.5
781.0
836.5
787.0
781.0
794.5
752.5
847.0
605.5
793.0
820.0
865.0
223.0
803.5
784.0
790.0
754.0
794.5
751.0
682.0
821.5
628.0
868.0
694.0
584.5
811.0
788.5
800.5
847.0
725.5
851.5
704.5
770.5
817.0
742.0
727.0
848.5
803.5
766.0
815.5
850.0
787.0
748.0
727.0
802.0
796.0
778.0
815.5
790.0
799.0
649.0
899.5
773.5
332.5
803.5
655.0
749.5
772.0
787.0
809.5
863.5
877.0
532.0
827.5
799.0
815.5
808.0
712.0
667.0
751.0
836.5
856.0
754.0
698.5
821.5
527.5
617.5
859.0
716.5
836.5
815.5
880.0
835.0
847.0
856.0
815.5
821.5
824.5
836.5
806.5
685.0
730.0
880.0
734.5
803.5
899.5
842.5
706.0
772.0
776.5
866.5
784.0
778.0
581.5
797.5
736.0
850.0
835.0
674.5
845.5
856.0
680.5
866.5
734.5
860.5
802.0
526.0
707.5
868.0
737.5
722.5
766.0
746.5
818.5
811.0
875.5
769.0
806.5
812.5
793.0
808.0
874.0
895.0
749.5
739.0
814.0
739.0
890.5
865.0
641.5
610.0
817.0
577.0
778.0
835.0
806.5
838.0
812.5
836.5
836.5
739.0
652.0
764.5
791.5
778.0
760.0
803.5
916.0
881.5
857.5
734.5
850.0
793.0
766.0
865.0
848.5
812.5
874.0
788.5
790.0
800.5
800.5
871.0
836.5
854.5
785.5
760.0
818.5
835.0
541.0
917.5
859.0
722.5
833.5
742.0
820.0
781.0
701.5
310.0
836.5
814.0
853.0
779.5
791.5
863.5
796.0
914.5
826.0
782.5
740.5
815.5
751.0
748.0
779.5
679.0
856.0
782.5
874.0
829.0
815.5
850.0
776.5
742.0
700.0
842.5
733.0
818.5
809.5
749.5
869.5
737.5
734.5
854.5
875.5
854.5
835.0
815.5
788.5
623.5
841.0
751.0
860.5
802.0
817.0
583.0
683.5
764.5
737.5
716.5
775.0
676.0
553.0
824.5
580.0
910.0
842.5
664.0
794.5
850.0
748.0
869.5
865.0
844.0
656.5
812.5
857.5
809.5
866.5
625.0
721.0
583.0
746.5
814.0
836.5
886.0
707.5
779.5
850.0
745.0
778.0
802.0
832.0
911.5
809.5
856.0
776.5
422.5
856.0
812.5
826.0
763.0
844.0
580.0
895.0
794.5
811.0
809.5
871.0
761.5
847.0
808.0
805.0
793.0
854.5
785.5
835.0
586.0
500.5
853.0
853.0
809.5
701.5
799.0
830.5
802.0
431.5
809.5
706.0
773.5
709.0
851.5
868.0
776.5
698.5
496.0
788.5
893.5
629.5
872.5
691.0
745.0
650.5
656.5
841.0
877.0
835.0
730.0
557.5
817.0
844.0
854.5
784.0
833.5
830.5
905.5
865.0
863.5
826.0
709.0
740.5
814.0
880.0
803.5
836.5
844.0
803.5
796.0
821.5
742.0
578.5
793.0
793.0
773.5
829.0
721.0
824.5
821.5
763.0
538.0
608.5
689.5
896.5
776.5
845.5
776.5
754.0
815.5
623.5
886.0
814.0
614.5
859.0
797.5
874.0
830.5
745.0
745.0
676.0
833.5
743.5
787.0
611.5
755.5
733.0
829.0
910.0
922.0
784.0
821.5
796.0
721.0
823.0
794.5
863.5
646.0
898.0
767.5
908.5
766.0
766.0
728.5
845.5
796.0
880.0
803.5
485.5
793.0
734.5
857.5
907.0
763.0
781.0
892.0
814.0
382.0
833.5
827.5
791.5
734.5
614.5
754.0
862.0
836.5
809.5
712.0
793.0
782.5
490.0
866.5
778.0
760.0
604.0
883.0
623.5
791.5
715.0
862.0
856.0
772.0
811.0
814.0
802.0
560.5
797.5
709.0
839.5
767.5
835.0
815.5
881.5
785.5
878.5
559.0
856.0
422.5
785.5
809.5
728.5
833.5
826.0
860.5
724.0
808.0
845.5
799.0
886.0
827.5
800.5
815.5
725.5
703.0
757.0
823.0
707.5
776.5
746.5
812.5
736.0
850.0
746.5
739.0
853.0
808.0
781.0
776.5
826.0
832.0
889.0
722.5
797.5
752.5
853.0
634.0
794.5
796.0
848.5
784.0
679.0
703.0
835.0
754.0
769.0
890.5
787.0
860.5
785.5
514.0
902.5
799.0
896.5
892.0
758.5
841.0
884.5
733.0
820.0
824.5
803.5
848.5
863.5
850.0
850.0
802.0
890.5
830.5
257.5
847.0
875.5
874.0
862.0
785.5
788.5
895.0
715.0
794.5
866.5
784.0
842.5
841.0
683.5
815.5
814.0
794.5
835.0
740.5
821.5
712.0
859.0
851.5
800.5
833.5
814.0
790.0
833.5
607.0
718.0
857.5
707.5
877.0
763.0
803.5
862.0
863.5
800.5
712.0
728.5
742.0
799.0
898.0
722.5
556.0
857.5
781.0
709.0
773.5
785.5
769.0
824.5
742.0
811.0
812.5
730.0
796.0
851.5
751.0
632.5
826.0
722.5
793.0
791.5
811.0
791.5
742.0
680.5
817.0
857.5
773.5
811.0
785.5
911.5
820.0
749.5
851.5
701.5
889.0
832.0
733.0
760.0
731.5
781.0
842.5
839.5
757.0
713.5
695.5
875.5
833.5
746.5
851.5
707.5
868.0
797.5
703.0
793.0
683.5
853.0
793.0
739.0
800.5
739.0
820.0
794.5
713.5
760.0
709.0
874.0
614.5
781.0
820.0
863.5
793.0
730.0
791.5
776.5
832.0
490.0
689.5
902.5
773.5
829.0
823.0
704.5
722.5
770.5
782.5
857.5
613.0
742.0
782.5
857.5
548.5
845.5
887.5
715.0
892.0
847.0
758.5
835.0
673.0
736.0
769.0
863.5
809.5
764.5
766.0
496.0
880.0
751.0
863.5
784.0
860.5
739.0
772.0
836.5
511.0
809.5
797.5
815.5
845.5
818.5
794.5
829.0
691.0
871.0
839.5
836.5
746.5
718.0
697.0
824.5
755.5
832.0
817.0
743.5
791.5
817.0
772.0
853.0
863.5
874.0
788.5
505.0
481.0
535.0
688.0
853.0
886.0
850.0
847.0
845.5
686.5
686.5
701.5
832.0
847.0
779.5
694.0
745.0
863.5
727.0
805.0
812.5
725.5
800.5
559.0
812.5
860.5
746.5
845.5
436.0
752.5
860.5
746.5
845.5
872.5
802.0
815.5
701.5
770.5
845.5
631.0
835.0
829.0
814.0
818.5
749.5
811.0
841.0
724.0
715.0
826.0
869.5
845.5
763.0
635.5
713.5
874.0
824.5
818.5
914.5
844.0
551.5
886.0
787.0
817.0
857.5
836.5
724.0
845.5
844.0
220.0
656.5
878.5
811.0
733.0
253.0
791.5
820.0
854.5
863.5
775.0
830.5
719.5
779.5
800.5
821.5
806.5
742.0
626.5
872.5
857.5
803.5
742.0
826.0
800.5
889.0
872.5
805.0
841.0
869.5
874.0
905.5
857.5
508.0
890.5
772.0
841.0
811.0
829.0
569.5
790.0
817.0
778.0
913.0
440.5
752.5
823.0
749.5
752.5
851.5
772.0
671.5
797.5
859.0
814.0
868.0
832.0
856.0
803.5
791.5
794.5
875.5
836.5
742.0
761.5
842.5
886.0
806.5
728.5
772.0
571.0
677.5
787.0
839.5
779.5
790.0
853.0
727.0
725.5
832.0
763.0
857.5
871.0
844.0
836.5
779.5
761.5
713.5
832.0
715.0
703.0
799.0
910.0
785.5
581.5
766.0
803.5
785.5
833.5
817.0
742.0
715.0
812.5
776.5
899.5
784.0
805.0
736.0
871.0
796.0
701.5
824.5
617.5
640.0
289.0
790.0
691.0
845.5
841.0
799.0
688.0
823.0
887.5
860.5
883.0
931.0
793.0
856.0
763.0
797.5
787.0
821.5
829.0
709.0
835.0
842.5
817.0
904.0
676.0
853.0
887.5
760.0
821.5
713.5
895.0
799.0
866.5
841.0
856.0
584.5
875.5
635.5
821.5
796.0
862.0
785.5
823.0
812.5
815.5
763.0
883.0
860.5
836.5
683.5
809.5
764.5
799.0
832.0
454.0
856.0
779.5
668.5
754.0
770.5
847.0
800.5
709.0
767.5
650.5
907.0
827.5
862.0
772.0
784.0
767.5
811.0
764.5
881.5
847.0
851.5
719.5
686.5
715.0
797.5
764.5
785.5
847.0
821.5
625.0
844.0
769.0
833.5
739.0
275.5
824.5
887.5
553.0
860.5
734.5
688.0
718.0
868.0
785.5
707.5
893.5
851.5
752.5
659.5
710.5
646.0
814.0
803.5
607.0
850.0
818.5
916.0
874.0
776.5
638.5
842.5
740.5
763.0
755.5
811.0
727.0
803.5
856.0
869.5
844.0
766.0
758.5
752.5
848.5
631.0
740.5
794.5
892.0
644.5
823.0
760.0
839.5
709.0
859.0
761.5
889.0
730.0
889.0
830.5
836.5
799.0
869.5
659.5
821.5
857.5
767.5
907.0
818.5
820.0
892.0
745.0
812.5
752.5
853.0
805.0
875.5
749.5
878.5
694.0
820.0
833.5
859.0
752.5
875.5
737.5
775.0
719.5
760.0
863.5
848.5
700.0
742.0
842.5
773.5
710.5
806.5
802.0
812.5
707.5
853.0
884.5
800.5
601.0
842.5
728.5
784.0
715.0
791.5
697.0
760.0
715.0
790.0
877.0
508.0
785.5
848.5
862.0
790.0
761.5
835.0
799.0
823.0
725.5
869.5
502.0
839.5
682.0
658.0
830.5
863.5
586.0
773.5
832.0
811.0
868.0
869.5
832.0
668.5
779.5
905.5
806.5
886.0
770.5
688.0
791.5
853.0
751.0
682.0
818.5
725.5
161.5
749.5
683.5
412.0
755.5
679.0
865.0
842.5
751.0
211.0
835.0
829.0
850.0
731.5
832.0
869.5
847.0
863.5
808.0
773.5
836.5
851.5
814.0
556.0
848.5
815.5
686.5
836.5
779.5
854.5
781.0
800.5
856.0
730.0
883.0
838.0
836.5
884.5
701.5
679.0
806.5
727.0
710.5
887.5
845.5
751.0
871.0
503.5
802.0
769.0
748.0
677.5
838.0
617.5
775.0
778.0
847.0
751.0
818.5
710.5
838.0
874.0
817.0
850.0
725.5
829.0
848.5
629.5
781.0
736.0
802.0
592.0
892.0
676.0
874.0
814.0
739.0
791.5
880.0
827.5
826.0
853.0
787.0
851.5
866.5
874.0
808.0
760.0
872.5
778.0
653.5
859.0
868.0
802.0
742.0
718.0
662.5
596.5
830.5
694.0
844.0
833.5
754.0
691.0
878.5
814.0
853.0
772.0
817.0
829.0
518.5
754.0
797.5
752.5
889.0
809.5
748.0
874.0
778.0
871.0
884.5
823.0
871.0
851.5
839.5
794.5
644.5
871.0
709.0
811.0
769.0
709.0
809.5
607.0
766.0
872.5
665.5
742.0
721.0
763.0
805.0
844.0
781.0
733.0
868.0
713.5
904.0
868.0
872.5
800.5
797.5
641.5
878.5
874.0
686.5
733.0
716.5
637.0
787.0
752.5
730.0
814.0
722.5
662.5
776.5
802.0
859.0
850.0
841.0
608.5
635.5
842.5
799.0
881.5
613.0
806.5
836.5
815.5
793.0
779.5
731.5
604.0
763.0
608.5
815.5
698.5
922.0
713.5
865.0
734.5
827.5
539.5
823.0
887.5
724.0
686.5
814.0
787.0
833.5
868.0
611.5
799.0
907.0
860.5
691.0
782.5
817.0
599.5
796.0
449.5
817.0
847.0
818.5
788.5
883.0
779.5
751.0
815.5
844.0
836.5
647.5
815.5
865.0
853.0
758.5
853.0
770.5
793.0
874.0
785.5
776.5
796.0
812.5
836.5
757.0
838.0
782.5
895.0
742.0
883.0
802.0
658.0
766.0
86.5
784.0
836.5
728.5
745.0
652.0
758.5
853.0
845.5
845.5
806.5
805.0
841.0
791.5
682.0
863.5
886.0
767.5
832.0
754.0
874.0
841.0
826.0
671.5
835.0
716.5
809.5
529.0
740.5
794.5
682.0
536.5
734.5
859.0
841.0
782.5
827.5
878.5
863.5
836.5
901.0
875.5
847.0
760.0
817.0
773.5
866.5
824.5
818.5
484.0
805.0
853.0
896.5
883.0
784.0
868.0
679.0
635.5
662.5
821.5
823.0
760.0
745.0
557.5
871.0
641.5
838.0
878.5
725.5
802.0
862.0
809.5
826.0
556.0
775.0
814.0
847.0
814.0
830.5
868.0
868.0
857.5
818.5
824.5
815.5
697.0
737.5
839.5
851.5
817.0
902.5
787.0
836.5
818.5
730.0
776.5
758.5
902.5
716.5
839.5
820.0
784.0
695.5
809.5
854.5
781.0
847.0
533.5
248.5
836.5
670.0
749.5
835.0
778.0
862.0
826.0
839.5
710.5
784.0
836.5
775.0
818.5
808.0
905.5
854.5
821.5
806.5
854.5
850.0
793.0
772.0
884.5
869.5
719.5
790.0
338.5
755.5
643.0
862.0
821.5
868.0
790.0
758.5
823.0
802.0
785.5
860.5
826.0
758.5
641.5
623.5
820.0
769.0
844.0
812.5
811.0
634.0
823.0
683.5
803.5
838.0
742.0
578.5
835.0
815.5
892.0
748.0
892.0
865.0
818.5
856.0
845.5
839.5
808.0
859.0
836.5
818.5
802.0
662.5
755.5
871.0
659.5
677.5
872.5
704.5
809.5
856.0
538.0
668.5
791.5
820.0
796.0
848.5
779.5
751.0
895.0
781.0
670.0
841.0
844.0
799.0
676.0
793.0
664.0
841.0
736.0
806.5
797.5
812.5
826.0
755.5
746.5
829.0
869.5
827.5
872.5
802.0
851.5
782.5
772.0
811.0
694.0
659.5
695.5
755.5
886.0
727.0
856.0
724.0
794.5
817.0
778.0
722.5
757.0
460.0
871.0
763.0
803.5
731.5
803.5
871.0
835.0
757.0
839.5
452.5
749.5
805.0
770.5
781.0
689.5
857.5
517.0
799.0
790.0
898.0
851.5
733.0
854.5
707.5
809.5
752.5
857.5
827.5
823.0
814.0
815.5
794.5
835.0
838.0
853.0
551.5
841.0
830.5
799.0
770.5
791.5
844.0
838.0
727.0
776.5
385.0
773.5
851.5
790.0
832.0
857.5
760.0
871.0
665.5
842.5
847.0
895.0
845.5
839.5
754.0
832.0
904.0
856.0
778.0
490.0
739.0
848.5
742.0
677.5
794.5
859.0
851.5
580.0
475.0
793.0
874.0
692.5
860.5
829.0
781.0
871.0
770.5
742.0
820.0
844.0
815.5
749.5
791.5
722.5
722.5
769.0
845.5
790.0
848.5
835.0
722.5
830.5
892.0
917.5
787.0
868.0
457.0
901.0
674.5
815.5
865.0
824.5
877.0
811.0
757.0
806.5
749.5
794.5
766.0
758.5
851.5
524.5
773.5
865.0
730.0
821.5
754.0
791.5
844.0
707.5
788.5
850.0
769.0
748.0
641.5
908.5
793.0
725.5
808.0
844.0
851.5
751.0
845.5
745.0
859.0
689.5
754.0
803.5
812.5
764.5
605.5
889.0
827.5
617.5
754.0
832.0
767.5
751.0
791.5
757.0
802.0
773.5
827.5
787.0
806.5
733.0
811.0
763.0
719.5
878.5
725.5
785.5
899.5
791.5
769.0
649.0
775.0
862.0
680.5
659.5
862.0
751.0
851.5
895.0
863.5
848.5
823.0
860.5
863.5
740.5
824.5
823.0
841.0
736.0
818.5
844.0
400.0
827.5
805.0
815.5
661.0
811.0
848.5
748.0
668.5
770.5
728.5
775.0
826.0
848.5
815.5
682.0
790.0
779.5
847.0
734.5
827.5
601.0
883.0
833.5
811.0
407.5
887.5
802.0
770.5
811.0
721.0
809.5
676.0
832.0
874.0
866.5
848.5
791.5
724.0
884.5
823.0
836.5
790.0
808.0
904.0
803.5
769.0
814.0
487.0
851.5
841.0
739.0
764.5
761.5
614.5
575.5
784.0
847.0
697.0
832.0
871.0
764.5
709.0
542.5
718.0
889.0
574.0
880.0
785.5
814.0
803.5
808.0
778.0
740.5
772.0
823.0
881.5
841.0
832.0
800.5
830.5
833.5
785.5
724.0
796.0
739.0
847.0
673.0
913.0
601.0
862.0
725.5
775.0
826.0
793.0
754.0
