698.5
748.0
721.0
733.0
800.5
656.5
722.5
865.0
667.0
739.0
821.5
848.5
814.0
737.5
764.5
862.0
638.5
686.5
724.0
766.0
638.5
760.0
799.0
854.5
451.0
721.0
767.5
697.0
833.5
818.5
551.5
631.0
725.5
754.0
895.0
847.0
797.5
848.5
769.0
719.5
823.0
679.0
836.5
791.5
460.0
788.5
817.0
614.5
850.0
482.5
821.5
860.5
808.0
857.5
512.5
799.0
820.0
661.0
448.0
845.5
556.0
829.0
692.5
842.5
683.5
860.5
790.0
656.5
772.0
790.0
781.0
848.5
821.5
658.0
86.5
734.5
707.5
773.5
847.0
559.0
715.0
785.5
827.5
629.5
907.0
698.5
607.0
644.5
866.5
544.0
770.5
737.5
790.0
881.5
767.5
841.0
836.5
826.0
623.5
847.0
845.5
764.5
767.5
790.0
775.0
818.5
761.5
850.0
893.5
628.0
911.5
662.5
836.5
703.0
809.5
824.5
905.5
808.0
823.0
511.0
821.5
737.5
785.5
826.0
830.5
514.0
727.0
854.5
820.0
508.0
859.0
662.5
817.0
737.5
839.5
697.0
764.5
814.0
800.5
701.5
526.0
752.5
817.0
812.5
614.5
736.0
779.5
743.5
781.0
800.5
821.5
725.5
817.0
805.0
808.0
898.0
841.0
845.5
628.0
850.0
674.5
811.0
845.5
722.5
841.0
842.5
829.0
841.0
782.5
889.0
707.5
562.0
833.5
721.0
601.0
848.5
770.5
845.5
745.0
694.0
722.5
785.5
805.0
730.0
758.5
686.5
650.5
895.0
635.5
838.0
838.0
896.5
662.5
829.0
644.5
709.0
895.0
857.5
904.0
734.5
760.0
901.0
662.5
880.0
839.5
730.0
748.0
817.0
805.0
229.0
842.5
859.0
854.5
857.5
505.0
746.5
862.0
683.5
740.5
848.5
788.5
709.0
761.5
755.5
806.5
652.0
626.5
752.5
736.0
809.5
845.5
748.0
689.5
800.5
796.0
784.0
730.0
764.5
355.0
886.0
797.5
824.5
878.5
734.5
703.0
755.5
775.0
773.5
784.0
808.0
740.5
833.5
776.5
769.0
664.0
883.0
868.0
691.0
814.0
863.5
727.0
773.5
902.5
673.0
257.5
824.5
356.5
863.5
770.5
670.0
728.5
826.0
838.0
826.0
746.5
683.5
697.0
766.0
733.0
727.0
811.0
809.5
866.5
592.0
710.5
764.5
788.5
847.0
305.5
784.0
505.0
727.0
884.5
874.0
623.5
506.5
827.5
815.5
797.5
757.0
622.0
853.0
760.0
620.5
823.0
793.0
667.0
653.5
809.5
670.0
835.0
892.0
779.5
793.0
820.0
793.0
692.5
851.5
623.5
779.5
667.0
646.0
743.5
878.5
818.5
787.0
739.0
724.0
797.5
839.5
838.0
752.5
838.0
841.0
800.5
824.5
815.5
772.0
850.0
853.0
781.0
929.5
776.5
854.5
863.5
724.0
826.0
782.5
707.5
791.5
829.0
872.5
568.0
767.5
808.0
791.5
808.0
643.0
812.5
808.0
851.5
844.0
796.0
805.0
838.0
805.0
659.5
799.0
790.0
791.5
629.5
664.0
916.0
643.0
851.5
665.5
829.0
775.0
838.0
839.5
755.5
881.5
514.0
844.0
593.5
731.5
803.5
799.0
818.5
853.0
890.5
865.0
782.5
302.5
859.0
682.0
794.5
868.0
820.0
728.5
790.0
676.0
832.0
739.0
908.5
758.5
659.5
598.0
478.0
859.0
769.0
259.0
703.0
691.0
775.0
674.5
752.5
811.0
737.5
815.5
761.5
826.0
584.5
788.5
608.5
623.5
671.5
794.5
758.5
823.0
796.0
829.0
779.5
734.5
895.0
652.0
901.0
863.5
650.5
731.5
706.0
806.5
902.5
778.0
865.0
824.5
694.0
823.0
677.5
815.5
694.0
800.5
763.0
794.5
836.5
787.0
919.0
862.0
643.0
860.5
628.0
860.5
632.5
854.5
575.5
743.5
790.0
839.5
845.5
806.5
788.5
865.0
701.5
812.5
677.5
680.5
709.0
776.5
737.5
832.0
674.5
469.0
788.5
727.0
907.0
782.5
802.0
865.0
745.0
793.0
805.0
799.0
818.5
668.5
874.0
812.5
796.0
790.0
688.0
733.0
830.5
733.0
781.0
427.0
853.0
758.5
836.5
853.0
697.0
727.0
829.0
886.0
826.0
704.5
778.0
775.0
823.0
856.0
823.0
692.5
847.0
773.5
712.0
866.5
655.0
740.5
811.0
517.0
652.0
815.5
806.5
685.0
808.0
776.5
838.0
545.5
710.5
190.0
646.0
581.5
845.5
785.5
809.5
833.5
893.5
890.5
310.0
764.5
677.5
860.5
473.5
713.5
679.0
556.0
781.0
830.5
758.5
734.5
863.5
713.5
749.5
466.0
818.5
749.5
745.0
820.0
781.0
746.5
854.5
797.5
808.0
787.0
668.5
767.5
205.0
694.0
787.0
851.5
686.5
805.0
851.5
791.5
850.0
845.5
761.5
743.5
860.5
503.5
599.5
673.0
853.0
650.5
658.0
604.0
821.5
821.5
538.0
814.0
665.5
848.5
692.5
709.0
685.0
919.0
788.5
863.5
863.5
647.5
817.0
772.0
754.0
782.5
797.5
691.0
806.5
788.5
596.5
733.0
800.5
860.5
806.5
521.5
763.0
721.0
868.0
715.0
791.5
721.0
832.0
787.0
746.5
733.0
635.5
652.0
836.5
797.5
821.5
587.5
877.0
656.5
749.5
799.0
835.0
826.0
766.0
808.0
812.5
748.0
662.5
200.5
743.5
688.0
835.0
824.5
829.0
757.0
865.0
829.0
802.0
833.5
871.0
601.0
811.0
829.0
689.5
838.0
770.5
712.0
692.5
847.0
859.0
811.0
688.0
731.5
664.0
736.0
797.5
779.5
713.5
634.0
820.0
466.0
847.0
709.0
851.5
721.0
790.0
781.0
313.0
787.0
647.5
746.5
853.0
871.0
856.0
769.0
677.5
850.0
803.5
758.5
739.0
812.5
718.0
566.5
803.5
811.0
808.0
272.5
791.5
847.0
835.0
809.5
833.5
791.5
836.5
838.0
806.5
793.0
875.5
808.0
782.5
845.5
883.0
790.0
785.5
638.5
754.0
842.5
790.0
800.5
460.0
821.5
841.0
824.5
683.5
194.5
818.5
757.0
781.0
752.5
875.5
743.5
277.0
764.5
872.5
601.0
242.5
761.5
871.0
800.5
700.0
668.5
824.5
797.5
817.0
818.5
830.5
838.0
418.0
820.0
878.5
347.5
809.5
850.0
851.5
889.0
757.0
626.5
872.5
847.0
817.0
749.5
547.0
833.5
872.5
763.0
815.5
595.0
769.0
185.5
761.5
673.0
538.0
827.5
803.5
745.0
806.5
862.0
725.5
575.5
826.0
730.0
748.0
718.0
881.5
785.5
809.5
878.5
718.0
835.0
802.0
841.0
839.5
820.0
778.0
815.5
812.5
689.5
760.0
818.5
691.0
803.5
850.0
809.5
848.5
727.0
733.0
805.0
700.0
691.0
656.5
700.0
911.5
835.0
839.5
797.5
820.0
889.0
865.0
794.5
785.5
857.5
607.0
812.5
796.0
889.0
800.5
839.5
848.5
812.5
805.0
851.5
806.5
820.0
716.5
683.5
770.5
842.5
754.0
791.5
640.0
754.0
907.0
899.5
775.0
851.5
842.5
745.0
827.5
802.0
871.0
782.5
854.5
859.0
824.5
907.0
874.0
889.0
868.0
838.0
430.0
827.5
782.5
668.5
859.0
674.5
836.5
787.0
824.5
779.5
856.0
824.5
638.5
842.5
469.0
869.5
823.0
757.0
793.0
869.5
734.5
760.0
758.5
830.5
842.5
788.5
718.0
862.0
859.0
794.5
874.0
782.5
644.5
832.0
887.5
587.5
872.5
757.0
629.5
712.0
781.0
829.0
920.5
730.0
731.5
866.5
790.0
782.5
796.0
857.5
812.5
722.5
811.0
763.0
619.0
716.5
497.5
820.0
802.0
661.0
746.5
868.0
761.5
817.0
749.5
641.5
409.0
833.5
851.5
499.0
796.0
728.5
814.0
802.0
710.5
751.0
905.5
868.0
704.5
724.0
878.5
755.5
853.0
772.0
611.5
697.0
820.0
842.5
775.0
812.5
658.0
793.0
784.0
706.0
878.5
881.5
803.5
788.5
778.0
631.0
728.5
832.0
841.0
241.0
805.0
533.5
487.0
760.0
739.0
784.0
809.5
815.5
331.0
841.0
697.0
868.0
848.5
727.0
851.5
865.0
656.5
739.0
533.5
862.0
637.0
598.0
832.0
841.0
704.5
781.0
767.5
859.0
808.0
845.5
851.5
758.5
899.5
724.0
826.0
715.0
787.0
766.0
881.5
515.5
643.0
826.0
827.5
902.5
862.0
166.0
830.5
842.5
878.5
844.0
787.0
880.0
757.0
845.5
737.5
826.0
790.0
547.0
767.5
848.5
761.5
787.0
755.5
704.5
284.5
718.0
892.0
455.5
811.0
760.0
838.0
752.5
695.5
830.5
898.0
595.0
883.0
856.0
865.0
458.5
854.5
898.0
737.5
673.0
710.5
821.5
788.5
790.0
677.5
901.0
760.0
772.0
874.0
823.0
763.0
851.5
634.0
808.0
820.0
680.5
530.5
802.0
655.0
827.5
781.0
827.5
190.0
788.5
682.0
875.5
662.5
641.5
455.5
886.0
899.5
755.5
847.0
833.5
800.5
776.5
791.5
808.0
734.5
851.5
788.5
751.0
805.0
670.0
776.5
763.0
706.0
748.0
674.5
776.5
791.5
767.5
599.5
680.5
880.0
569.5
808.0
488.5
787.0
791.5
721.0
779.5
815.5
895.0
787.0
655.0
829.0
493.0
802.0
817.0
814.0
764.5
754.0
838.0
796.0
530.5
793.0
877.0
847.0
634.0
809.5
844.0
787.0
767.5
836.5
560.5
892.0
755.5
845.5
814.0
797.5
631.0
538.0
730.0
763.0
860.5
367.0
793.0
679.0
824.5
871.0
649.0
818.5
803.5
799.0
565.0
883.0
661.0
817.0
664.0
662.5
875.5
844.0
695.5
779.5
815.5
730.0
721.0
859.0
848.5
802.0
785.5
803.5
772.0
793.0
736.0
779.5
782.5
565.0
770.5
571.0
763.0
806.5
817.0
701.5
772.0
853.0
866.5
847.0
721.0
659.5
778.0
805.0
683.5
689.5
610.0
845.5
755.5
809.5
818.5
739.0
790.0
847.0
739.0
712.0
514.0
575.5
697.0
881.5
817.0
773.5
598.0
761.5
727.0
898.0
820.0
548.5
314.5
907.0
679.0
727.0
893.5
658.0
809.5
811.0
860.5
611.5
811.0
820.0
722.5
695.5
829.0
802.0
806.5
703.0
889.0
842.5
859.0
767.5
664.0
734.5
769.0
608.5
830.5
758.5
812.5
715.0
856.0
850.0
812.5
859.0
659.5
751.0
589.0
748.0
842.5
823.0
863.5
877.0
518.5
586.0
613.0
625.0
767.5
848.5
602.5
809.5
833.5
691.0
863.5
865.0
832.0
671.5
848.5
875.5
650.5
755.5
809.5
758.5
704.5
611.5
904.0
841.0
908.5
836.5
820.0
791.5
803.5
869.5
680.5
605.5
863.5
787.0
859.0
884.5
823.0
781.0
796.0
746.5
916.0
686.5
772.0
769.0
710.5
793.0
718.0
796.0
803.5
769.0
875.5
803.5
778.0
800.5
746.5
848.5
659.5
742.0
821.5
512.5
736.0
844.0
737.5
875.5
545.5
815.5
746.5
746.5
821.5
731.5
721.0
722.5
637.0
829.0
794.5
854.5
841.0
785.5
857.5
793.0
808.0
848.5
728.5
715.0
751.0
722.5
796.0
766.0
847.0
695.5
764.5
794.5
698.5
710.5
779.5
784.0
842.5
853.0
749.5
178.0
908.5
796.0
901.0
851.5
872.5
773.5
761.5
743.5
610.0
887.5
754.0
623.5
857.5
659.5
359.5
805.0
788.5
748.0
862.0
892.0
742.0
776.5
898.0
832.0
803.5
847.0
724.0
668.5
728.5
808.0
827.5
448.0
662.5
812.5
757.0
821.5
815.5
785.5
820.0
841.0
764.5
745.0
659.5
746.5
802.0
832.0
860.5
860.5
812.5
716.5
758.5
751.0
722.5
299.5
809.5
533.5
778.0
791.5
803.5
707.5
908.5
758.5
820.0
835.0
797.5
779.5
637.0
772.0
745.0
551.5
346.0
685.0
689.5
640.0
695.5
286.0
847.0
884.5
538.0
787.0
755.5
791.5
800.5
775.0
890.5
821.5
796.0
836.5
779.5
698.5
805.0
814.0
659.5
730.0
712.0
799.0
833.5
902.5
343.0
688.0
718.0
841.0
746.5
791.5
824.5
562.0
664.0
821.5
778.0
848.5
790.0
803.5
716.5
814.0
760.0
794.5
557.5
512.5
700.0
739.0
769.0
815.5
778.0
805.0
703.0
821.5
703.0
817.0
856.0
872.5
871.0
695.5
890.5
832.0
791.5
821.5
812.5
829.0
892.0
866.5
815.5
751.0
890.5
871.0
880.0
749.5
704.5
797.5
791.5
253.0
764.5
728.5
698.5
700.0
869.5
896.5
763.0
770.5
709.0
784.0
823.0
662.5
785.5
736.0
892.0
704.5
788.5
635.5
653.5
848.5
703.0
778.0
836.5
688.0
881.5
856.0
809.5
701.5
773.5
844.0
791.5
787.0
788.5
818.5
793.0
850.0
415.0
653.5
716.5
385.0
583.0
743.5
769.0
839.5
629.5
757.0
755.5
865.0
863.5
773.5
682.0
787.0
614.5
694.0
763.0
595.0
775.0
799.0
809.5
529.0
760.0
770.5
839.5
760.0
829.0
796.0
802.0
811.0
826.0
836.5
629.5
835.0
530.5
842.5
862.0
799.0
616.0
791.5
805.0
713.5
763.0
790.0
485.5
616.0
830.5
770.5
745.0
731.5
829.0
815.5
836.5
824.5
488.5
835.0
796.0
827.5
640.0
602.5
872.5
790.0
775.0
898.0
787.0
644.5
164.5
686.5
818.5
851.5
514.0
811.0
773.5
838.0
844.0
646.0
805.0
697.0
775.0
863.5
745.0
809.5
803.5
803.5
886.0
908.5
647.5
754.0
685.0
869.5
841.0
853.0
811.0
866.5
692.5
824.5
752.5
647.5
764.5
734.5
856.0
596.5
352.0
823.0
815.5
814.0
490.0
625.0
838.0
682.0
746.5
856.0
797.5
823.0
898.0
875.5
811.0
842.5
673.0
868.0
788.5
821.5
757.0
743.5
776.5
637.0
829.0
692.5
769.0
829.0
833.5
707.5
856.0
437.5
896.5
721.0
673.0
722.5
806.5
520.0
656.5
785.5
823.0
856.0
833.5
652.0
779.5
836.5
643.0
700.0
758.5
754.0
476.5
619.0
791.5
902.5
661.0
763.0
659.5
782.5
814.0
580.0
865.0
766.0
853.0
359.5
763.0
791.5
811.0
829.0
785.5
736.0
797.5
875.5
800.5
668.5
773.5
779.5
860.5
844.0
808.0
785.5
811.0
911.5
818.5
836.5
755.5
791.5
881.5
451.0
782.5
662.5
787.0
661.0
671.5
755.5
716.5
776.5
902.5
808.0
509.5
854.5
425.5
868.0
895.0
829.0
788.5
310.0
700.0
818.5
776.5
710.5
764.5
814.0
832.0
740.5
832.0
880.0
733.0
722.5
826.0
691.0
806.5
826.0
745.0
695.5
59.5
830.5
683.5
815.5
857.5
889.0
841.0
799.0
733.0
692.5
674.5
821.5
827.5
766.0
745.0
850.0
845.5
763.0
743.5
760.0
883.0
824.5
832.0
775.0
755.5
722.5
802.0
823.0
895.0
797.5
646.0
784.0
782.5
112.0
809.5
794.5
751.0
796.0
842.5
674.5
542.5
815.5
794.5
859.0
703.0
623.5
802.0
725.5
475.0
775.0
847.0
746.5
664.0
833.5
767.5
901.0
745.0
742.0
665.5
475.0
739.0
881.5
691.0
586.0
791.5
584.5
787.0
869.5
623.5
848.5
784.0
757.0
791.5
874.0
842.5
359.5
832.0
841.0
851.5
884.5
727.0
880.0
698.5
926.5
478.0
832.0
820.0
443.5
706.0
857.5
829.0
680.5
755.5
724.0
677.5
682.0
691.0
818.5
707.5
871.0
899.5
761.5
818.5
805.0
848.5
683.5
830.5
827.5
827.5
808.0
739.0
742.0
835.0
845.5
815.5
716.5
692.5
736.0
623.5
799.0
838.0
862.0
730.0
847.0
847.0
836.5
836.5
697.0
727.0
281.5
722.5
791.5
836.5
757.0
749.5
572.5
791.5
715.0
790.0
842.5
730.0
769.0
869.5
796.0
859.0
809.5
877.0
827.5
772.0
752.5
866.5
713.5
848.5
766.0
830.5
697.0
791.5
739.0
776.5
697.0
833.5
631.0
787.0
659.5
793.0
791.5
818.5
751.0
808.0
797.5
853.0
815.5
806.5
766.0
704.5
757.0
749.5
778.0
608.5
443.5
745.0
805.0
521.5
836.5
875.5
803.5
770.5
817.0
728.5
745.0
877.0
647.5
836.5
883.0
818.5
790.0
763.0
688.0
743.5
737.5
871.0
739.0
836.5
728.5
751.0
775.0
668.5
832.0
679.0
727.0
698.5
847.0
755.5
910.0
895.0
634.0
739.0
767.5
742.0
863.5
851.5
377.5
778.0
845.5
841.0
602.5
844.0
872.5
731.5
842.5
716.5
715.0
788.5
616.0
845.5
749.5
713.5
808.0
779.5
730.0
799.0
890.5
847.0
728.5
775.0
814.0
716.5
743.5
797.5
644.5
463.0
725.5
752.5
787.0
788.5
875.5
782.5
605.5
695.5
829.0
895.0
790.0
808.0
881.5
880.0
775.0
857.5
677.5
776.5
755.5
724.0
899.5
814.0
754.0
766.0
685.0
742.0
800.5
875.5
809.5
662.5
854.5
913.0
658.0
848.5
770.5
815.5
752.5
692.5
779.5
842.5
644.5
310.0
703.0
406.0
874.0
785.5
730.0
697.0
821.5
832.0
661.0
827.5
833.5
800.5
863.5
767.5
763.0
880.0
742.0
671.5
763.0
805.0
805.0
863.5
764.5
754.0
835.0
881.5
835.0
788.5
848.5
679.0
830.5
757.0
841.0
785.5
646.0
835.0
733.0
853.0
793.0
895.0
809.5
806.5
620.5
718.0
763.0
688.0
683.5
833.5
811.0
833.5
901.0
662.5
742.0
794.5
758.5
775.0
763.0
859.0
752.5
863.5
740.5
818.5
797.5
853.0
464.5
283.0
751.0
872.5
862.0
677.5
851.5
785.5
668.5
707.5
844.0
866.5
601.0
829.0
554.5
790.0
811.0
824.5
838.0
769.0
814.0
524.5
853.0
811.0
686.5
722.5
895.0
848.5
790.0
640.0
775.0
809.5
784.0
884.5
688.0
758.5
821.5
854.5
253.0
623.5
841.0
730.0
844.0
517.0
521.5
725.5
818.5
643.0
743.5
853.0
365.5
841.0
814.0
872.5
343.0
872.5
721.0
836.5
866.5
680.5
806.5
521.5
218.5
628.0
842.5
370.0
805.0
794.5
775.0
766.0
733.0
707.5
853.0
827.5
790.0
769.0
490.0
754.0
907.0
871.0
593.5
718.0
739.0
797.5
865.0
850.0
793.0
800.5
721.0
778.0
767.5
865.0
704.5
779.5
643.0
827.5
518.5
817.0
662.5
896.5
302.5
841.0
781.0
857.5
787.0
826.0
865.0
788.5
835.0
647.5
667.0
841.0
841.0
832.0
800.5
874.0
814.0
800.5
749.5
622.0
794.5
679.0
250.0
799.0
734.5
833.5
737.5
887.5
617.5
839.5
536.5
805.0
619.0
769.0
761.5
752.5
826.0
536.5
883.0
802.0
707.5
679.0
779.5
811.0
847.0
805.0
766.0
647.5
668.5
715.0
859.0
760.0
820.0
781.0
746.5
728.5
778.0
842.5
746.5
800.5
865.0
718.0
599.5
673.0
757.0
610.0
775.0
808.0
830.5
655.0
706.0
853.0
788.5
671.5
700.0
862.0
784.0
836.5
682.0
877.0
800.5
761.5
748.0
664.0
728.5
656.5
859.0
650.5
878.5
913.0
835.0
715.0
805.0
323.5
751.0
802.0
785.5
827.5
785.5
845.5
805.0
703.0
818.5
914.5
707.5
725.5
817.0
731.5
776.5
851.5
878.5
827.5
760.0
748.0
719.5
791.5
821.5
847.0
841.0
814.0
601.0
485.5
842.5
383.5
760.0
862.0
701.5
829.0
662.5
646.0
739.0
790.0
851.5
775.0
823.0
811.0
778.0
868.0
578.5
869.5
809.5
568.0
394.0
808.0
739.0
782.5
787.0
646.0
865.0
838.0
833.5
796.0
817.0
839.5
722.5
812.5
698.5
715.0
869.5
824.5
802.0
746.5
880.0
137.5
784.0
694.0
857.5
883.0
797.5
851.5
890.5
578.5
862.0
868.0
779.5
826.0
844.0
784.0
646.0
763.0
725.5
772.0
830.5
866.5
803.5
761.5
859.0
826.0
862.0
851.5
755.5
905.5
826.0
788.5
794.5
865.0
709.0
853.0
764.5
838.0
853.0
827.5
815.5
395.5
827.5
697.0
785.5
821.5
626.5
772.0
488.5
437.5
899.5
826.0
778.0
176.5
808.0
763.0
641.5
380.5
877.0
739.0
607.0
730.0
871.0
862.0
704.5
697.0
778.0
739.0
719.5
884.5
688.0
778.0
14.5
877.0
814.0
769.0
896.5
746.5
878.5
817.0
841.0
904.0
902.5
854.5
890.5
803.5
797.5
800.5
845.5
485.5
775.0
796.0
773.5
868.0
604.0
694.0
676.0
845.5
643.0
866.5
817.0
590.5
857.5
844.0
769.0
833.5
775.0
892.0
673.0
641.5
802.0
863.5
857.5
728.5
791.5
715.0
737.5
799.0
647.5
761.5
694.0
503.5
763.0
697.0
853.0
503.5
304.0
716.5
664.0
788.5
718.0
779.5
551.5
455.5
769.0
770.5
862.0
784.0
163.0
736.0
820.0
818.5
799.0
661.0
848.5
890.5
749.5
697.0
758.5
850.0
775.0
862.0
853.0
754.0
661.0
679.0
659.5
791.5
862.0
751.0
782.5
781.0
923.5
623.5
739.0
680.5
613.0
850.0
838.0
395.5
800.5
875.5
727.0
788.5
718.0
812.5
850.0
764.5
485.5
898.0
887.5
586.0
508.0
820.0
737.5
751.0
347.5
802.0
748.0
788.5
877.0
827.5
721.0
770.5
592.0
797.5
643.0
845.5
538.0
805.0
844.0
806.5
701.5
68.5
755.5
826.0
806.5
791.5
796.0
803.5
598.0
772.0
797.5
862.0
845.5
781.0
826.0
674.5
820.0
761.5
919.0
782.5
863.5
860.5
805.0
677.5
874.0
838.0
913.0
829.0
785.5
865.0
839.5
856.0
752.5
823.0
853.0
686.5
776.5
685.0
857.5
683.5
724.0
856.0
845.5
736.0
794.5
746.5
911.5
737.5
863.5
862.0
32.5
586.0
814.0
124.0
875.5
850.0
887.5
628.0
799.0
464.5
839.5
856.0
757.0
736.0
830.5
839.5
800.5
839.5
793.0
796.0
584.5
727.0
727.0
670.0
802.0
748.0
790.0
866.5
821.5
803.5
803.5
754.0
866.5
764.5
851.5
839.5
865.0
709.0
815.5
866.5
884.5
874.0
836.5
805.0
815.5
739.0
667.0
641.5
758.5
781.0
733.0
644.5
869.5
803.5
812.5
772.0
820.0
518.5
799.0
593.5
809.5
877.0
842.5
877.0
833.5
808.0
616.0
763.0
739.0
878.5
782.5
761.5
838.0
898.0
749.5
838.0
862.0
704.5
757.0
896.5
605.5
787.0
788.5
784.0
749.5
731.5
493.0
866.5
809.5
812.5
748.0
742.0
766.0
815.5
838.0
649.0
866.5
575.5
868.0
860.5
857.5
787.0
845.5
664.0
884.5
626.5
686.5
557.5
803.5
865.0
893.5
832.0
631.0
652.0
811.0
868.0
736.0
748.0
811.0
634.0
488.5
809.5
700.0
812.5
682.0
883.0
812.5
787.0
811.0
847.0
197.5
734.5
817.0
868.0
779.5
302.5
683.5
746.5
839.5
853.0
841.0
835.0
785.5
637.0
863.5
793.0
827.5
518.5
547.0
833.5
842.5
842.5
773.5
872.5
814.0
827.5
851.5
578.5
740.5
740.5
736.0
815.5
764.5
853.0
850.0
869.5
761.5
743.5
883.0
580.0
655.0
728.5
799.0
689.5
824.5
656.5
886.0
850.0
739.0
853.0
812.5
475.0
142.0
788.5
833.5
815.5
760.0
872.5
553.0
824.5
790.0
682.0
767.5
767.5
700.0
848.5
854.5
848.5
824.5
832.0
761.5
631.0
725.5
847.0
775.0
620.5
788.5
737.5
766.0
821.5
679.0
793.0
824.5
857.5
691.0
767.5
689.5
829.0
668.5
623.5
733.0
784.0
787.0
788.5
616.0
871.0
797.5
874.0
776.5
904.0
832.0
770.5
853.0
724.0
736.0
784.0
761.5
674.5
740.5
797.5
680.5
766.0
793.0
940.0
757.0
860.5
785.5
722.5
748.0
755.5
776.5
928.0
830.5
800.5
635.5
817.0
790.0
653.5
697.0
800.5
767.5
775.0
866.5
796.0
794.5
610.0
821.5
875.5
755.5
619.0
649.0
829.0
784.0
745.0
829.0
857.5
739.0
784.0
749.5
680.5
815.5
823.0
847.0
662.5
421.0
883.0
818.5
817.0
841.0
808.0
818.5
775.0
766.0
652.0
707.5
565.0
691.0
865.0
808.0
818.5
781.0
485.5
722.5
803.5
812.5
815.5
661.0
653.5
743.5
802.0
878.5
812.5
764.5
659.5
848.5
842.5
821.5
784.0
922.0
634.0
572.5
856.0
875.5
841.0
833.5
836.5
520.0
767.5
851.5
845.5
751.0
757.0
802.0
547.0
886.0
790.0
658.0
707.5
698.5
743.5
761.5
802.0
725.5
803.5
880.0
868.0
794.5
496.0
878.5
808.0
751.0
695.5
704.5
880.0
847.0
824.5
788.5
797.5
811.0
827.5
682.0
781.0
721.0
872.5
97.0
724.0
779.5
742.0
739.0
805.0
668.5
731.5
644.5
853.0
658.0
848.5
826.0
737.5
781.0
571.0
763.0
811.0
646.0
754.0
796.0
731.5
764.5
887.5
676.0
857.5
658.0
847.0
790.0
824.5
742.0
782.5
853.0
487.0
806.5
764.5
869.5
821.5
811.0
811.0
827.5
847.0
773.5
910.0
818.5
841.0
806.5
806.5
781.0
568.0
886.0
746.5
680.5
754.0
808.0
803.5
847.0
770.5
659.5
730.0
830.5
899.5
716.5
781.0
26.5
782.5
844.0
827.5
874.0
875.5
718.0
413.5
857.5
755.5
820.0
625.0
643.0
721.0
769.0
890.5
820.0
730.0
682.0
800.5
661.0
770.5
862.0
752.5
842.5
652.0
757.0
191.5
881.5
914.5
868.0
260.5
553.0
653.5
845.5
730.0
802.0
694.0
868.0
133.0
784.0
742.0
902.5
761.5
433.0
818.5
854.5
827.5
848.5
731.5
755.5
706.0
835.0
544.0
875.5
670.0
778.0
844.0
871.0
743.5
817.0
811.0
748.0
913.0
862.0
760.0
799.0
704.5
833.5
755.5
832.0
772.0
703.0
673.0
884.5
772.0
713.5
829.0
697.0
805.0
779.5
770.5
781.0
625.0
679.0
848.5
881.5
710.5
725.5
776.5
605.5
827.5
902.5
752.5
812.5
785.5
827.5
850.0
814.0
398.5
409.0
812.5
856.0
698.5
799.0
710.5
572.5
814.0
881.5
755.5
847.0
802.0
823.0
866.5
865.0
830.5
674.5
835.0
847.0
757.0
833.5
721.0
856.0
806.5
737.5
284.5
781.0
580.0
608.5
835.0
905.5
797.5
737.5
746.5
773.5
790.0
820.0
733.0
820.0
868.0
742.0
745.0
856.0
782.5
734.5
781.0
874.0
727.0
791.5
589.0
607.0
857.5
800.5
817.0
856.0
893.5
713.5
872.5
877.0
812.5
782.5
640.0
856.0
601.0
856.0
800.5
838.0
839.5
784.0
778.0
797.5
787.0
731.5
737.5
812.5
878.5
625.0
718.0
719.5
811.0
616.0
595.0
766.0
634.0
803.5
670.0
814.0
793.0
812.5
832.0
769.0
877.0
803.5
583.0
817.0
716.5
758.5
626.5
742.0
749.5
815.5
583.0
812.5
785.5
829.0
691.0
790.0
698.5
772.0
857.5
722.5
754.0
833.5
869.5
674.5
872.5
731.5
763.0
797.5
842.5
833.5
851.5
829.0
515.5
532.0
838.0
587.5
722.5
803.5
733.0
763.0
865.0
829.0
853.0
788.5
701.5
746.5
835.0
848.5
859.0
809.5
745.0
823.0
736.0
590.5
724.0
695.5
835.0
568.0
886.0
802.0
737.5
661.0
779.5
781.0
791.5
718.0
803.5
889.0
883.0
778.0
664.0
698.5
676.0
608.5
751.0
812.5
892.0
742.0
607.0
694.0
790.0
839.5
601.0
337.0
869.5
815.5
829.0
382.0
860.5
452.5
802.0
848.5
794.5
748.0
757.0
857.5
781.0
814.0
724.0
755.5
758.5
838.0
826.0
709.0
875.5
787.0
752.5
761.5
692.5
793.0
799.0
830.5
865.0
784.0
634.0
802.0
835.0
593.5
737.5
742.0
800.5
520.0
757.0
785.5
769.0
629.5
706.0
832.0
574.0
785.5
649.0
640.0
803.5
848.5
815.5
475.0
808.0
770.5
805.0
721.0
638.5
890.5
472.0
797.5
817.0
697.0
781.0
676.0
766.0
598.0
815.5
823.0
749.5
559.0
779.5
830.5
647.5
805.0
848.5
785.5
796.0
775.0
751.0
751.0
694.0
841.0
913.0
710.5
811.0
778.0
740.5
859.0
769.0
827.5
847.0
806.5
812.5
859.0
802.0
779.5
871.0
815.5
832.0
752.5
866.5
910.0
826.0
799.0
644.5
622.0
704.5
806.5
725.5
644.5
779.5
866.5
758.5
736.0
848.5
781.0
842.5
595.0
634.0
737.5
827.5
829.0
352.0
761.5
776.5
799.0
755.5
925.0
842.5
859.0
848.5
542.5
776.5
590.5
829.0
832.0
841.0
782.5
905.5
917.5
632.5
727.0
811.0
868.0
835.0
727.0
619.0
836.5
869.5
698.5
812.5
673.0
797.5
752.5
782.5
736.0
784.0
841.0
742.0
893.5
836.5
518.5
772.0
886.0
686.5
715.0
845.5
797.5
496.0
889.0
749.5
512.5
709.0
839.5
842.5
701.5
841.0
733.0
413.5
745.0
857.5
866.5
802.0
763.0
736.0
857.5
878.5
854.5
853.0
824.5
776.5
860.5
860.5
677.5
329.5
881.5
854.5
746.5
670.0
869.5
466.0
883.0
883.0
878.5
754.0
778.0
700.0
889.0
710.5
692.5
812.5
706.0
844.0
809.5
764.5
863.5
691.0
875.5
703.0
586.0
833.5
826.0
788.5
593.5
733.0
643.0
827.5
833.5
823.0
845.5
794.5
757.0
728.5
895.0
839.5
767.5
899.5
785.5
808.0
842.5
778.0
304.0
344.5
602.5
818.5
884.5
886.0
859.0
859.0
728.5
812.5
644.5
716.5
805.0
859.0
836.5
860.5
688.0
796.0
872.5
790.0
772.0
742.0
860.5
661.0
751.0
814.0
695.5
865.0
697.0
655.0
721.0
797.5
836.5
833.5
790.0
838.0
838.0
860.5
677.5
703.0
880.0
890.5
161.5
916.0
772.0
743.5
815.5
875.5
800.5
794.5
823.0
703.0
823.0
824.5
815.5
614.5
709.0
850.0
713.5
577.0
892.0
719.5
872.5
68.5
734.5
833.5
884.5
698.5
670.0
805.0
869.5
607.0
727.0
818.5
820.0
836.5
641.5
829.0
854.5
797.5
715.0
593.5
862.0
763.0
889.0
877.0
752.5
757.0
605.5
764.5
892.0
802.0
736.0
805.0
836.5
776.5
796.0
805.0
647.5
848.5
776.5
769.0
799.0
781.0
776.5
812.5
875.5
769.0
770.5
869.5
865.0
751.0
791.5
812.5
683.5
779.5
871.0
755.5
847.0
832.0
713.5
769.0
793.0
818.5
781.0
656.5
730.0
698.5
767.5
721.0
701.5
829.0
851.5
821.5
610.0
817.0
788.5
841.0
524.5
868.0
670.0
829.0
803.5
713.5
784.0
692.5
797.5
739.0
805.0
850.0
754.0
701.5
520.0
881.5
677.5
826.0
370.0
854.5
769.0
781.0
868.0
605.5
793.0
772.0
751.0
682.0
796.0
889.0
836.5
329.5
572.5
749.5
854.5
848.5
788.5
833.5
865.0
937.0
827.5
641.5
677.5
748.0
838.0
764.5
854.5
817.0
728.5
796.0
803.5
554.5
869.5
776.5
680.5
791.5
749.5
797.5
736.0
818.5
778.0
859.0
809.5
791.5
863.5
824.5
809.5
565.0
737.5
704.5
832.0
527.5
668.5
785.5
667.0
692.5
802.0
791.5
679.0
814.0
862.0
577.0
805.0
559.0
61.0
800.5
247.0
805.0
760.0
686.5
806.5
634.0
613.0
881.5
775.0
131.5
830.5
767.5
800.5
377.5
829.0
635.5
845.5
697.0
866.5
586.0
865.0
901.0
824.5
910.0
685.0
793.0
829.0
848.5
830.5
811.0
790.0
662.5
802.0
791.5
692.5
758.5
881.5
875.5
770.5
797.5
827.5
743.5
871.0
875.5
824.5
772.0
820.0
797.5
826.0
614.5
751.0
565.0
820.0
718.0
649.0
772.0
736.0
322.0
782.5
797.5
871.0
428.5
586.0
788.5
809.5
827.5
688.0
791.5
700.0
866.5
562.0
679.0
832.0
751.0
785.5
839.5
788.5
814.0
691.0
781.0
806.5
737.5
622.0
839.5
839.5
485.5
671.5
797.5
218.5
875.5
830.5
848.5
773.5
856.0
667.0
608.5
218.5
761.5
917.5
728.5
730.0
707.5
844.0
701.5
833.5
829.0
760.0
833.5
737.5
832.0
689.5
794.5
829.0
775.0
706.0
712.0
259.0
670.0
875.5
821.5
809.5
847.0
784.0
751.0
659.5
824.5
758.5
659.5
779.5
911.5
734.5
673.0
853.0
541.0
697.0
811.0
494.5
578.5
749.5
652.0
794.5
755.5
830.5
766.0
844.0
806.5
559.0
802.0
727.0
812.5
857.5
763.0
709.0
826.0
791.5
832.0
727.0
757.0
863.5
770.5
911.5
734.5
790.0
775.0
829.0
791.5
838.0
817.0
815.5
730.0
451.0
748.0
581.5
796.0
770.5
418.0
16.0
700.0
620.5
868.0
830.5
599.5
155.5
679.0
832.0
607.0
724.0
854.5
610.0
644.5
691.0
754.0
821.5
896.5
739.0
490.0
710.5
583.0
841.0
772.0
859.0
814.0
737.5
724.0
284.5
796.0
779.5
730.0
718.0
793.0
896.5
767.5
680.5
830.5
781.0
827.5
845.5
761.5
730.0
872.5
742.0
869.5
715.0
763.0
532.0
836.5
793.0
836.5
869.5
700.0
865.0
748.0
811.0
889.0
715.0
850.0
724.0
715.0
779.5
841.0
592.0
806.5
779.5
863.5
808.0
746.5
590.5
458.5
860.5
730.0
686.5
820.0
755.5
671.5
745.0
605.5
823.0
886.0
878.5
773.5
592.0
800.5
830.5
742.0
643.0
826.0
595.0
824.5
530.5
697.0
910.0
826.0
844.0
730.0
718.0
772.0
749.5
448.0
814.0
793.0
883.0
845.5
709.0
727.0
895.0
880.0
760.0
842.5
862.0
815.5
733.0
742.0
692.5
772.0
812.5
779.5
805.0
740.5
809.5
826.0
851.5
616.0
835.0
880.0
812.5
793.0
133.0
811.0
812.5
782.5
713.5
280.0
827.5
793.0
842.5
671.5
911.5
862.0
832.0
833.5
833.5
871.0
725.5
841.0
739.0
577.0
721.0
815.5
809.5
790.0
682.0
923.5
850.0
845.5
676.0
815.5
833.5
650.5
826.0
832.0
631.0
632.5
685.0
848.5
746.5
722.5
493.0
797.5
703.0
848.5
775.0
808.0
866.5
764.5
745.0
832.0
625.0
746.5
725.5
751.0
713.5
814.0
784.0
749.5
791.5
797.5
731.5
871.0
169.0
820.0
844.0
829.0
823.0
844.0
844.0
815.5
797.5
754.0
881.5
787.0
797.5
857.5
752.5
865.0
899.5
625.0
808.0
493.0
695.5
847.0
794.5
709.0
755.5
820.0
761.5
830.5
865.0
836.5
716.5
665.5
794.5
835.0
791.5
832.0
766.0
808.0
791.5
913.0
796.0
829.0
727.0
793.0
730.0
847.0
863.5
839.5
553.0
842.5
833.5
668.5
760.0
806.5
602.5
665.5
817.0
839.5
757.0
826.0
830.5
685.0
869.5
701.5
703.0
731.5
776.5
860.5
779.5
818.5
812.5
718.0
821.5
682.0
521.5
850.0
841.0
737.5
724.0
755.5
608.5
739.0
836.5
841.0
772.0
860.5
676.0
830.5
796.0
797.5
851.5
845.5
791.5
701.5
794.5
757.0
833.5
824.5
802.0
767.5
757.0
817.0
787.0
802.0
769.0
850.0
431.5
823.0
820.0
874.0
772.0
778.0
850.0
806.5
857.5
818.5
758.5
797.5
745.0
854.5
818.5
857.5
514.0
818.5
851.5
832.0
656.5
784.0
862.0
775.0
724.0
896.5
842.5
773.5
860.5
779.5
788.5
808.0
764.5
799.0
890.5
857.5
742.0
902.5
731.5
818.5
800.5
496.0
758.5
775.0
805.0
737.5
827.5
800.5
812.5
841.0
847.0
479.5
784.0
820.0
797.5
853.0
862.0
755.5
737.5
709.0
848.5
913.0
706.0
647.5
800.5
874.0
815.5
838.0
746.5
742.0
839.5
869.5
877.0
754.0
469.0
653.5
818.5
829.0
859.0
664.0
439.0
907.0
889.0
820.0
778.0
785.5
862.0
734.5
626.5
785.5
733.0
842.5
898.0
676.0
763.0
836.5
779.5
802.0
776.5
838.0
835.0
718.0
668.5
859.0
797.5
857.5
832.0
827.5
758.5
857.5
623.5
829.0
371.5
838.0
652.0
824.5
860.5
589.0
704.5
697.0
887.5
776.5
848.5
716.5
817.0
779.5
653.5
665.5
901.0
793.0
811.0
877.0
890.5
769.0
776.5
746.5
608.5
785.5
805.0
841.0
742.0
847.0
743.5
754.0
748.0
790.0
707.5
823.0
848.5
749.5
785.5
806.5
752.5
803.5
802.0
680.5
746.5
847.0
820.0
797.5
860.5
680.5
646.0
823.0
745.0
766.0
806.5
856.0
883.0
847.0
664.0
619.0
721.0
575.5
844.0
683.5
844.0
845.5
821.5
791.5
835.0
808.0
844.0
770.5
761.5
782.5
581.5
835.0
761.5
763.0
760.0
844.0
814.0
403.0
845.5
823.0
830.5
398.5
691.0
770.5
841.0
760.0
808.0
880.0
745.0
856.0
349.0
839.5
637.0
739.0
851.5
877.0
695.5
824.5
754.0
794.5
824.5
808.0
760.0
865.0
847.0
734.5
740.5
781.0
793.0
623.5
707.5
881.5
727.0
745.0
857.5
755.5
815.5
904.0
823.0
424.0
728.5
775.0
731.5
682.0
718.0
697.0
901.0
892.0
556.0
809.5
829.0
799.0
791.5
860.5
436.0
629.5
727.0
725.5
826.0
718.0
829.0
821.5
574.0
704.5
841.0
808.0
322.0
854.5
890.5
845.5
688.0
809.5
661.0
886.0
721.0
776.5
677.5
737.5
772.0
835.0
862.0
835.0
887.5
790.0
770.5
811.0
754.0
787.0
727.0
830.5
719.5
784.0
794.5
739.0
707.5
550.0
836.5
788.5
812.5
787.0
809.5
845.5
707.5
701.5
836.5
790.0
614.5
682.0
842.5
802.0
898.0
845.5
778.0
712.0
680.5
814.0
800.5
880.0
788.5
680.5
716.5
740.5
850.0
752.5
787.0
646.0
896.5
854.5
580.0
730.0
769.0
800.5
740.5
859.0
817.0
707.5
794.5
754.0
731.5
871.0
878.5
781.0
775.0
865.0
632.5
656.5
784.0
784.0
770.5
737.5
886.0
409.0
688.0
446.5
716.5
869.5
821.5
835.0
755.5
739.0
781.0
899.5
869.5
830.5
766.0
694.0
802.0
790.0
757.0
785.5
715.0
761.5
754.0
808.0
824.5
574.0
842.5
691.0
844.0
779.5
806.5
790.0
785.5
785.5
836.5
616.0
785.5
857.5
905.5
803.5
134.5
592.0
866.5
764.5
833.5
884.5
781.0
667.0
703.0
862.0
701.5
889.0
820.0
730.0
787.0
848.5
848.5
799.0
830.5
652.0
713.5
788.5
773.5
812.5
770.5
841.0
914.5
761.5
875.5
695.5
706.0
815.5
763.0
680.5
701.5
718.0
908.5
823.0
812.5
824.5
719.5
719.5
745.0
737.5
607.0
779.5
559.0
847.0
880.0
670.0
892.0
812.5
821.5
787.0
860.5
818.5
904.0
808.0
845.5
766.0
629.5
280.0
698.5
916.0
802.0
785.5
757.0
782.5
610.0
787.0
731.5
919.0
733.0
785.5
875.5
829.0
701.5
365.5
734.5
754.0
812.5
782.5
701.5
730.0
794.5
715.0
832.0
737.5
838.0
713.5
635.5
874.0
866.5
640.0
832.0
640.0
404.5
692.5
662.5
779.5
391.0
815.5
625.0
820.0
820.0
809.5
881.5
791.5
767.5
826.0
800.5
845.5
794.5
742.0
794.5
865.0
740.5
569.5
832.0
836.5
790.0
731.5
622.0
854.5
838.0
826.0
797.5
797.5
754.0
718.0
761.5
604.0
467.5
794.5
823.0
874.0
820.0
685.0
760.0
775.0
847.0
791.5
872.5
860.5
860.5
851.5
719.5
788.5
692.5
826.0
716.5
697.0
511.0
742.0
812.5
829.0
754.0
728.5
865.0
775.0
536.5
641.5
712.0
695.5
847.0
806.5
734.5
767.5
850.0
862.0
514.0
817.0
901.0
845.5
847.0
809.5
821.5
482.5
785.5
838.0
679.0
761.5
793.0
727.0
802.0
760.0
821.5
671.5
802.0
694.0
745.0
751.0
799.0
752.5
782.5
611.5
712.0
800.5
844.0
700.0
427.0
701.5
721.0
796.0
752.5
700.0
839.5
872.5
815.5
865.0
799.0
635.5
805.0
766.0
584.5
872.5
784.0
803.5
808.0
788.5
742.0
863.5
923.5
817.0
671.5
749.5
881.5
778.0
752.5
622.0
829.0
799.0
598.0
766.0
724.0
379.0
700.0
701.5
878.5
758.5
919.0
743.5
716.5
851.5
722.5
653.5
818.5
878.5
847.0
709.0
775.0
757.0
871.0
779.5
305.5
788.5
926.5
728.5
836.5
554.5
694.0
691.0
859.0
731.5
889.0
875.5
503.5
832.0
685.0
871.0
727.0
475.0
598.0
748.0
796.0
847.0
751.0
859.0
847.0
581.5
844.0
767.5
832.0
622.0
836.5
517.0
772.0
739.0
758.5
536.5
865.0
721.0
883.0
674.5
875.5
821.5
890.5
638.5
685.0
878.5
742.0
511.0
836.5
712.0
631.0
823.0
913.0
715.0
518.5
877.0
809.5
836.5
607.0
730.0
740.5
571.0
815.5
734.5
746.5
821.5
