271.0
202.0
238.0
407.5
164.5
112.0
109.0
478.0
743.5
107.5
493.0
7.0
395.5
112.0
59.5
407.5
365.5
38.5
146.5
85.0
325.0
359.5
203.5
602.5
314.5
118.0
614.5
220.0
193.0
85.0
133.0
161.5
226.0
293.5
61.0
505.0
94.0
532.0
142.0
400.0
313.0
686.5
305.5
265.0
370.0
295.0
272.5
308.5
79.0
559.0
119.5
334.0
178.0
193.0
350.5
128.5
296.5
361.0
226.0
331.0
239.5
577.0
7.0
475.0
404.5
155.5
94.0
548.5
71.5
353.5
160.0
263.5
233.5
626.5
128.5
124.0
460.0
215.5
580.0
707.5
295.0
239.5
83.5
52.0
37.0
115.0
274.0
337.0
286.0
557.5
215.5
191.5
199.0
215.5
278.5
364.0
139.0
529.0
256.0
508.0
548.5
407.5
206.5
266.5
61.0
52.0
413.5
265.0
247.0
121.0
379.0
608.5
200.5
356.5
172.0
724.0
260.5
106.0
227.5
548.5
133.0
200.5
313.0
335.5
517.0
286.0
401.5
601.0
163.0
151.0
119.5
152.5
160.0
136.0
110.5
736.0
674.5
655.0
433.0
452.5
353.5
296.5
40.0
347.5
359.5
652.0
415.0
214.0
509.5
406.0
334.0
340.0
115.0
610.0
374.5
155.5
437.5
251.5
355.0
272.5
167.5
476.5
124.0
437.5
536.5
848.5
148.0
661.0
517.0
139.0
403.0
223.0
334.0
299.5
26.5
518.5
142.0
677.5
200.5
86.5
172.0
241.0
475.0
274.0
587.5
712.0
257.5
101.5
170.5
253.0
272.5
119.5
31.0
539.5
400.0
488.5
211.0
143.5
676.0
239.5
556.0
340.0
437.5
440.5
44.5
208.0
464.5
32.5
530.5
335.5
58.0
533.5
268.0
155.5
44.5
100.0
193.0
428.5
130.0
385.0
740.5
32.5
106.0
119.5
307.0
137.5
550.0
482.5
287.5
197.5
610.0
452.5
392.5
74.5
347.5
145.0
527.5
367.0
656.5
307.0
223.0
388.0
646.0
227.5
470.5
227.5
439.0
80.5
181.0
697.0
532.0
653.5
298.0
457.0
740.5
226.0
307.0
619.0
386.5
116.5
58.0
593.5
368.5
346.0
398.5
572.5
125.5
227.5
142.0
529.0
335.5
359.5
83.5
214.0
203.5
146.5
268.0
226.0
61.0
230.5
55.0
79.0
428.5
317.5
275.5
130.0
49.0
500.5
467.5
286.0
164.5
265.0
443.5
692.5
170.5
110.5
305.5
212.5
208.0
476.5
359.5
131.5
277.0
203.5
196.0
391.0
350.5
283.0
272.5
236.5
137.5
598.0
317.5
80.5
104.5
88.0
479.5
182.5
512.5
137.5
391.0
419.5
436.0
188.5
475.0
541.0
277.0
94.0
172.0
553.0
713.5
457.0
322.0
584.5
499.0
388.0
430.0
251.5
580.0
521.5
169.0
358.0
113.5
433.0
248.5
377.5
142.0
100.0
370.0
104.5
691.0
41.5
155.5
316.0
268.0
89.5
583.0
44.5
85.0
284.5
181.0
134.5
86.5
413.5
67.0
82.0
485.5
632.5
85.0
467.5
230.5
298.0
226.0
181.0
218.5
23.5
370.0
188.5
449.5
266.5
37.0
356.5
586.0
40.0
401.5
248.5
160.0
175.0
461.5
656.5
521.5
76.0
787.0
146.5
82.0
508.0
371.5
235.0
496.0
434.5
284.5
191.5
637.0
287.5
434.5
181.0
332.5
233.5
101.5
518.5
80.5
269.5
290.5
388.0
556.0
110.5
266.5
596.5
140.5
172.0
280.0
166.0
343.0
275.5
550.0
365.5
536.5
296.5
209.5
238.0
233.5
515.5
145.0
551.5
490.0
100.0
230.5
488.5
227.5
439.0
244.0
632.5
256.0
64.0
647.5
265.0
143.5
619.0
34.0
217.0
650.5
91.0
553.0
188.5
217.0
145.0
560.5
82.0
344.5
181.0
289.0
107.5
640.0
649.0
542.5
730.0
188.5
70.0
365.5
769.0
580.0
214.0
230.5
451.0
173.5
67.0
121.0
271.0
95.5
259.0
404.5
212.5
358.0
226.0
475.0
377.5
502.0
305.5
493.0
466.0
317.5
308.5
322.0
496.0
349.0
173.5
82.0
142.0
158.5
380.5
287.5
16.0
295.0
293.5
634.0
274.0
611.5
541.0
187.0
790.0
563.5
538.0
640.0
440.5
182.5
556.0
145.0
409.0
461.5
142.0
175.0
181.0
133.0
334.0
664.0
362.5
364.0
163.0
128.5
58.0
538.0
653.5
389.5
335.5
163.0
172.0
143.5
80.5
197.5
238.0
680.5
436.0
160.0
445.0
242.5
139.0
332.5
448.0
347.5
554.5
176.5
530.5
539.5
29.5
523.0
268.0
179.5
421.0
325.0
158.5
313.0
367.0
538.0
569.5
596.5
200.5
224.5
40.0
101.5
173.5
296.5
286.0
208.0
766.0
236.5
368.5
542.5
328.0
379.0
143.5
487.0
472.0
439.0
254.5
349.0
295.0
134.5
707.5
190.0
223.0
344.5
43.0
188.5
61.0
292.0
305.5
286.0
572.5
380.5
704.5
263.5
476.5
16.0
476.5
608.5
316.0
160.0
92.5
599.5
581.5
244.0
610.0
148.0
313.0
295.0
121.0
253.0
458.5
77.5
226.0
428.5
163.0
325.0
356.5
116.5
221.5
476.5
334.0
451.0
223.0
118.0
173.5
575.5
116.5
223.0
424.0
419.5
178.0
185.5
106.0
346.0
50.5
349.0
580.0
230.5
217.0
308.5
49.0
731.5
596.5
25.0
401.5
544.0
437.5
196.0
571.0
421.0
224.5
283.0
224.5
595.0
208.0
163.0
134.5
308.5
497.5
151.0
364.0
296.5
424.0
640.0
439.0
70.0
601.0
367.0
613.0
406.0
355.0
218.5
242.5
568.0
620.5
385.0
58.0
76.0
209.5
550.0
265.0
298.0
184.0
268.0
169.0
574.0
397.0
110.5
331.0
274.0
172.0
193.0
526.0
79.0
272.5
412.0
254.5
259.0
104.5
542.5
41.5
434.5
281.5
424.0
374.5
395.5
118.0
89.5
454.0
89.5
602.5
325.0
337.0
85.0
409.0
206.5
353.5
613.0
341.5
377.5
236.5
280.0
694.0
149.5
223.0
292.0
578.5
451.0
725.5
551.5
587.5
119.5
197.5
326.5
526.0
292.0
62.5
197.5
601.0
196.0
616.0
86.5
496.0
448.0
346.0
592.0
128.5
260.5
193.0
437.5
254.5
236.5
122.5
772.0
166.0
497.5
296.5
641.5
298.0
338.5
412.0
53.5
26.5
454.0
104.5
98.5
238.0
203.5
755.5
356.5
70.0
638.5
389.5
38.5
202.0
493.0
275.5
494.5
172.0
278.5
461.5
157.0
106.0
148.0
143.5
421.0
361.0
290.5
263.5
535.0
599.5
83.5
214.0
38.5
226.0
221.5
172.0
155.5
182.5
512.5
727.0
673.0
535.0
515.5
166.0
490.0
133.0
80.5
460.0
107.5
305.5
259.0
332.5
538.0
172.0
665.5
628.0
227.5
620.5
560.5
334.0
395.5
118.0
458.5
115.0
136.0
178.0
589.0
416.5
218.5
256.0
542.5
295.0
82.0
419.5
83.5
331.0
76.0
187.0
275.5
388.0
259.0
427.0
443.5
98.5
286.0
311.5
601.0
130.0
89.5
302.5
667.0
109.0
199.0
116.5
133.0
515.5
251.5
356.5
775.0
245.5
308.5
193.0
292.0
215.5
332.5
115.0
296.5
92.5
653.5
154.0
200.5
481.0
383.5
245.5
595.0
92.5
160.0
539.5
109.0
137.5
206.5
437.5
389.5
178.0
493.0
55.0
31.0
641.5
539.5
272.5
127.0
310.0
101.5
227.5
247.0
185.5
535.0
592.0
802.0
194.5
107.5
665.5
326.5
590.5
415.0
55.0
553.0
251.5
392.5
262.0
332.5
122.5
128.5
316.0
620.5
389.5
86.5
196.0
242.5
556.0
131.5
512.5
391.0
199.0
524.5
665.5
193.0
470.5
340.0
295.0
232.0
128.5
77.5
496.0
434.5
332.5
559.0
511.0
242.5
190.0
238.0
545.5
80.5
172.0
179.5
485.5
455.5
512.5
281.5
88.0
547.0
280.0
116.5
448.0
79.0
389.5
397.0
457.0
287.5
380.5
593.5
200.5
250.0
659.5
146.5
164.5
754.0
263.5
673.0
413.5
334.0
139.0
781.0
421.0
718.0
347.5
229.0
326.5
50.5
470.5
581.5
98.5
443.5
622.0
125.5
412.0
19.0
209.5
682.0
329.5
328.0
266.5
157.0
260.5
223.0
710.5
155.5
248.5
211.0
322.0
611.5
85.0
235.0
626.5
382.0
272.5
463.0
425.5
121.0
121.0
481.0
289.0
469.0
200.5
602.5
73.0
523.0
28.0
170.5
158.5
170.5
173.5
97.0
326.5
169.0
632.5
97.0
131.5
106.0
373.0
406.0
178.0
683.5
326.5
160.0
517.0
182.5
194.5
568.0
239.5
620.5
247.0
148.0
86.5
709.0
391.0
107.5
160.0
523.0
701.5
227.5
502.0
694.0
148.0
119.5
29.5
710.5
115.0
271.0
316.0
502.0
295.0
134.5
43.0
208.0
572.5
602.5
410.5
385.0
469.0
170.5
460.0
718.0
145.0
533.5
272.5
391.0
440.5
356.5
529.0
196.0
583.0
343.0
154.0
409.0
349.0
425.5
173.5
356.5
563.5
620.5
152.5
458.5
713.5
76.0
61.0
116.5
371.5
512.5
140.5
56.5
335.5
172.0
658.0
133.0
214.0
328.0
268.0
106.0
199.0
440.5
700.0
154.0
107.5
644.5
136.0
134.5
119.5
413.5
497.5
443.5
107.5
313.0
203.5
136.0
605.5
74.5
209.5
187.0
527.5
307.0
85.0
569.5
838.0
17.5
227.5
296.5
287.5
224.5
298.0
152.5
146.5
542.5
119.5
208.0
383.5
458.5
67.0
427.0
58.0
563.5
508.0
407.5
38.5
550.0
260.5
187.0
629.5
151.0
202.0
446.5
740.5
487.0
290.5
782.5
349.0
187.0
67.0
241.0
164.5
398.5
328.0
152.5
44.5
259.0
442.0
76.0
266.5
169.0
343.0
557.5
535.0
517.0
127.0
134.5
406.0
581.5
98.5
14.5
479.5
704.5
328.0
106.0
524.5
290.5
574.0
586.0
581.5
251.5
589.0
262.0
13.0
433.0
32.5
290.5
445.0
122.5
239.5
539.5
157.0
619.0
557.5
385.0
443.5
365.5
559.0
358.0
205.0
362.5
239.5
220.0
103.0
122.5
418.0
403.0
536.5
301.0
595.0
346.0
142.0
80.5
260.5
242.5
220.0
235.0
550.0
526.0
176.5
241.0
398.5
554.5
527.5
604.0
203.5
757.0
217.0
722.5
202.0
107.5
194.5
517.0
511.0
229.0
173.5
145.0
59.5
107.5
260.5
304.0
475.0
359.5
458.5
146.5
509.5
698.5
241.0
278.5
433.0
494.5
616.0
47.5
235.0
146.5
529.0
649.0
601.0
377.5
182.5
371.5
169.0
383.5
404.5
41.5
457.0
166.0
242.5
283.0
143.5
139.0
109.0
200.5
307.0
374.5
83.5
238.0
584.5
469.0
146.5
224.5
256.0
158.5
544.0
323.5
427.0
28.0
131.5
538.0
545.5
361.0
287.5
166.0
214.0
620.5
145.0
251.5
83.5
376.0
199.0
92.5
364.0
527.5
434.5
452.5
556.0
328.0
712.0
181.0
434.5
32.5
335.5
227.5
160.0
796.0
265.0
157.0
53.5
122.5
205.0
398.5
140.5
499.0
427.0
17.5
181.0
415.0
247.0
338.5
83.5
199.0
235.0
289.0
251.5
526.0
661.0
475.0
476.5
337.0
631.0
595.0
389.5
743.5
658.0
314.5
191.5
259.0
38.5
215.5
760.0
103.0
506.5
392.5
532.0
388.0
674.5
515.5
184.0
350.5
146.5
133.0
488.5
377.5
106.0
110.5
470.5
341.5
125.5
211.0
491.5
200.5
415.0
545.5
445.0
421.0
479.5
622.0
649.0
712.0
311.5
95.5
227.5
344.5
271.0
143.5
530.5
205.0
163.0
526.0
187.0
326.5
532.0
98.5
463.0
478.0
328.0
107.5
275.5
377.5
346.0
656.5
412.0
125.5
475.0
533.5
676.0
424.0
193.0
488.5
166.0
614.5
343.0
245.5
542.5
320.5
131.5
280.0
484.0
371.5
280.0
830.5
508.0
173.5
424.0
350.5
431.5
125.5
104.5
124.0
676.0
608.5
391.0
428.5
346.0
251.5
553.0
373.0
335.5
325.0
338.5
220.0
176.5
263.5
391.0
374.5
304.0
299.5
161.5
410.5
490.0
440.5
155.5
137.5
166.0
251.5
485.5
284.5
163.0
328.0
370.0
158.5
94.0
119.5
356.5
122.5
128.5
365.5
191.5
277.0
226.0
451.0
323.5
223.0
463.0
398.5
683.5
262.0
467.5
88.0
277.0
190.0
605.5
548.5
419.5
239.5
343.0
566.5
665.5
115.0
442.0
343.0
79.0
178.0
70.0
698.5
479.5
205.0
532.0
188.5
833.5
487.0
221.5
280.0
82.0
79.0
115.0
35.5
199.0
155.5
712.0
589.0
454.0
461.5
422.5
247.0
376.0
326.5
167.5
164.5
662.5
259.0
133.0
382.0
139.0
643.0
425.5
224.5
215.5
188.5
262.0
190.0
239.5
590.5
466.0
98.5
208.0
485.5
22.0
272.5
80.5
293.5
332.5
56.5
229.0
725.5
350.5
334.0
467.5
61.0
694.0
343.0
137.5
379.0
70.0
550.0
178.0
140.5
52.0
74.5
131.5
454.0
175.0
497.5
317.5
227.5
73.0
193.0
83.5
299.5
145.0
94.0
101.5
134.5
197.5
85.0
319.0
226.0
295.0
286.0
791.5
355.0
296.5
316.0
121.0
442.0
356.5
164.5
584.5
166.0
703.0
131.5
79.0
221.5
251.5
101.5
593.5
164.5
229.0
455.5
269.5
524.5
332.5
281.5
517.0
271.0
376.0
271.0
461.5
151.0
154.0
299.5
532.0
292.0
283.0
119.5
545.5
347.5
314.5
70.0
536.5
433.0
467.5
337.0
527.5
103.0
91.0
311.5
391.0
32.5
334.0
277.0
232.0
283.0
91.0
569.5
53.5
155.5
565.0
533.5
157.0
104.5
193.0
184.0
286.0
605.5
349.0
641.5
152.5
74.5
416.5
77.5
485.5
151.0
247.0
347.5
314.5
367.0
385.0
521.5
227.5
301.0
436.0
404.5
404.5
316.0
595.0
239.5
451.0
85.0
121.0
89.5
677.5
332.5
280.0
223.0
152.5
343.0
172.0
476.5
113.5
316.0
718.0
119.5
41.5
670.0
290.5
499.0
482.5
334.0
508.0
146.5
637.0
413.5
539.5
121.0
172.0
638.5
100.0
119.5
415.0
349.0
358.0
521.5
133.0
479.5
815.5
71.5
139.0
218.5
319.0
32.5
101.5
113.5
293.5
137.5
458.5
689.5
352.0
751.0
553.0
160.0
197.5
173.5
470.5
226.0
298.0
460.0
766.0
616.0
190.0
229.0
158.5
176.5
233.5
164.5
88.0
109.0
626.5
346.0
136.0
718.0
253.0
338.5
428.5
286.0
601.0
245.5
802.0
136.0
389.5
715.0
151.0
248.5
377.5
55.0
341.5
695.5
101.5
308.5
178.0
454.0
80.5
175.0
58.0
668.5
395.5
647.5
406.0
442.0
476.5
574.0
325.0
275.5
217.0
359.5
418.0
271.0
230.5
350.5
545.5
355.0
578.5
641.5
604.0
110.5
199.0
574.0
599.5
136.0
139.0
145.0
128.5
22.0
476.5
280.0
619.0
425.5
119.5
190.0
89.5
485.5
233.5
182.5
164.5
184.0
655.0
185.5
136.0
590.5
266.5
392.5
440.5
461.5
185.5
211.0
659.5
476.5
296.5
433.0
298.0
368.5
95.5
121.0
148.0
148.0
46.0
430.0
43.0
431.5
479.5
95.5
92.5
665.5
671.5
380.5
314.5
382.0
770.5
71.5
268.0
542.5
271.0
316.0
553.0
166.0
595.0
458.5
185.5
163.0
344.5
88.0
170.5
157.0
314.5
545.5
152.5
203.5
233.5
476.5
293.5
383.5
515.5
449.5
167.5
409.0
266.5
292.0
257.5
470.5
197.5
784.0
556.0
604.0
371.5
200.5
275.5
185.5
245.5
85.0
73.0
416.5
145.0
49.0
548.5
518.5
331.0
488.5
550.0
778.0
616.0
382.0
190.0
497.5
718.0
307.0
268.0
250.0
253.0
295.0
590.5
154.0
209.5
332.5
205.0
289.0
187.0
127.0
253.0
49.0
149.5
785.5
68.5
473.5
404.5
196.0
178.0
257.5
193.0
277.0
101.5
299.5
329.5
413.5
674.5
124.0
119.5
395.5
262.0
406.0
679.0
157.0
566.5
466.0
211.0
161.5
413.5
176.5
524.5
277.0
668.5
322.0
370.0
265.0
158.5
487.0
296.5
595.0
148.0
242.5
383.5
199.0
151.0
136.0
385.0
551.5
425.5
353.5
305.5
544.0
448.0
454.0
116.5
340.0
190.0
136.0
109.0
167.5
181.0
248.5
367.0
190.0
689.5
328.0
758.5
110.5
449.5
361.0
215.5
311.5
391.0
233.5
296.5
149.5
409.0
146.5
580.0
311.5
44.5
71.5
211.0
316.0
404.5
7.0
428.5
152.5
250.0
67.0
311.5
148.0
737.5
170.5
196.0
164.5
77.5
182.5
314.5
268.0
332.5
313.0
661.0
490.0
317.5
337.0
127.0
293.5
335.5
448.0
179.5
262.0
646.0
152.5
308.5
635.5
266.5
431.5
157.0
340.0
262.0
377.5
41.5
131.5
224.5
646.0
134.5
152.5
254.5
422.5
307.0
754.0
664.0
193.0
617.5
280.0
511.0
350.5
203.5
212.5
101.5
428.5
529.0
482.5
259.0
281.5
103.0
310.0
197.5
229.0
388.0
326.5
451.0
488.5
185.5
187.0
179.5
325.0
154.0
338.5
634.0
335.5
224.5
544.0
551.5
298.0
289.0
206.5
409.0
581.5
110.5
710.5
146.5
403.0
137.5
109.0
343.0
176.5
515.5
443.5
263.5
262.0
148.0
704.5
313.0
511.0
235.0
17.5
302.5
545.5
163.0
73.0
106.0
709.0
397.0
217.0
622.0
196.0
148.0
314.5
122.5
253.0
208.0
340.0
385.0
362.5
340.0
397.0
208.0
752.5
440.5
154.0
125.5
164.5
187.0
389.5
107.5
493.0
352.0
599.5
119.5
551.5
583.0
110.5
128.5
562.0
506.5
148.0
266.5
211.0
160.0
266.5
94.0
83.5
353.5
395.5
550.0
217.0
266.5
524.5
748.0
644.5
322.0
316.0
856.0
689.5
535.0
47.5
184.0
634.0
436.0
317.5
274.0
83.5
410.5
119.5
347.5
362.5
212.5
610.0
196.0
118.0
578.5
580.0
598.0
530.5
44.5
400.0
137.5
302.5
310.0
88.0
395.5
439.0
238.0
245.5
160.0
226.0
154.0
239.5
244.0
446.5
509.5
38.5
176.5
329.5
322.0
188.5
185.5
160.0
454.0
482.5
535.0
23.5
593.5
74.5
551.5
313.0
614.5
148.0
221.5
185.5
538.0
59.5
26.5
385.0
778.0
470.5
511.0
86.5
179.5
649.0
266.5
44.5
268.0
43.0
281.5
143.5
151.0
58.0
151.0
502.0
437.5
110.5
241.0
173.5
361.0
686.5
272.5
715.0
472.0
287.5
286.0
238.0
631.0
719.5
470.5
220.0
65.5
115.0
392.5
358.0
49.0
164.5
244.0
122.5
421.0
668.5
451.0
545.5
271.0
280.0
16.0
280.0
245.5
496.0
631.0
337.0
482.5
55.0
244.0
359.5
214.0
658.0
382.0
86.5
332.5
722.5
289.0
569.5
83.5
343.0
380.5
58.0
475.0
400.0
584.5
43.0
100.0
256.0
115.0
221.5
128.5
92.5
611.5
104.5
535.0
331.0
316.0
386.5
113.5
608.5
299.5
209.5
46.0
100.0
401.5
410.5
569.5
157.0
164.5
431.5
317.5
346.0
371.5
97.0
559.0
103.0
530.5
511.0
412.0
352.0
698.5
499.0
382.0
466.0
293.5
701.5
568.0
158.5
689.5
206.5
206.5
62.5
250.0
154.0
374.5
215.5
553.0
191.5
202.0
71.5
379.0
397.0
422.5
496.0
176.5
461.5
134.5
673.0
508.0
82.0
712.0
253.0
413.5
443.5
112.0
377.5
568.0
256.0
77.5
380.5
352.0
260.5
368.5
163.0
302.5
200.5
346.0
133.0
605.5
370.0
49.0
602.5
187.0
221.5
382.0
662.5
134.5
77.5
272.5
131.5
562.0
425.5
770.5
173.5
626.5
553.0
214.0
218.5
374.5
278.5
709.0
209.5
473.5
415.0
544.0
383.5
118.0
734.5
350.5
634.0
155.5
295.0
43.0
268.0
83.5
274.0
299.5
256.0
445.0
730.0
304.0
181.0
379.0
365.5
377.5
191.5
85.0
452.5
329.5
497.5
464.5
754.0
235.0
629.5
269.5
73.0
44.5
100.0
113.5
724.0
133.0
287.5
356.5
344.5
230.5
251.5
205.0
62.5
176.5
772.0
622.0
199.0
35.5
92.5
661.0
314.5
187.0
374.5
646.0
520.0
185.5
257.5
56.5
271.0
433.0
308.5
91.0
107.5
397.0
386.5
37.0
184.0
608.5
563.5
227.5
365.5
133.0
46.0
88.0
359.5
662.5
319.0
121.0
98.5
308.5
41.5
22.0
392.5
613.0
503.5
538.0
83.5
77.5
410.5
179.5
374.5
220.0
182.5
194.5
311.5
161.5
428.5
236.5
88.0
140.5
509.5
478.0
76.0
353.5
173.5
374.5
169.0
109.0
413.5
310.0
197.5
334.0
103.0
59.5
373.0
377.5
277.0
190.0
472.0
320.5
524.5
134.5
580.0
179.5
361.0
325.0
457.0
133.0
325.0
44.5
137.5
491.5
155.5
151.0
527.5
121.0
386.5
407.5
446.5
569.5
202.0
217.0
167.5
127.0
319.0
172.0
278.5
169.0
445.0
103.0
172.0
163.0
311.5
287.5
155.5
146.5
130.0
170.5
187.0
265.0
497.5
277.0
310.0
251.5
419.5
241.0
629.5
850.0
41.5
326.5
467.5
725.5
23.5
437.5
163.0
614.5
334.0
533.5
260.5
472.0
568.0
307.0
121.0
235.0
293.5
275.5
608.5
113.5
485.5
155.5
284.5
389.5
196.0
206.5
278.5
322.0
214.0
479.5
146.5
412.0
401.5
661.0
520.0
401.5
134.5
328.0
454.0
200.5
355.0
187.0
179.5
337.0
263.5
404.5
43.0
178.0
146.5
116.5
763.0
134.5
332.5
695.5
428.5
182.5
334.0
286.0
659.5
346.0
395.5
356.5
262.0
392.5
667.0
323.5
151.0
373.0
185.5
359.5
212.5
361.0
211.0
176.5
221.5
385.0
218.5
244.0
356.5
19.0
187.0
430.0
685.0
91.0
215.5
236.5
301.0
82.0
533.5
281.5
308.5
143.5
370.0
100.0
19.0
226.0
29.5
658.0
257.5
202.0
518.5
628.0
490.0
563.5
478.0
191.5
514.0
205.0
376.0
124.0
182.5
179.5
458.5
332.5
647.5
281.5
745.0
149.5
215.5
646.0
209.5
265.0
410.5
323.5
220.0
518.5
611.5
269.5
290.5
409.0
137.5
340.0
43.0
53.5
236.5
196.0
529.0
646.0
74.5
100.0
185.5
415.0
190.0
203.5
629.5
469.0
346.0
490.0
341.5
559.0
152.5
434.5
223.0
472.0
575.5
346.0
302.5
362.5
710.5
280.0
436.0
281.5
64.0
184.0
626.5
475.0
271.0
332.5
400.0
623.5
118.0
325.0
415.0
212.5
286.0
616.0
79.0
212.5
574.0
98.5
380.5
406.0
152.5
523.0
448.0
185.5
307.0
119.5
451.0
128.5
155.5
412.0
551.5
419.5
167.5
293.5
535.0
578.5
511.0
605.5
173.5
497.5
275.5
307.0
62.5
178.0
467.5
308.5
131.5
494.5
113.5
107.5
226.0
691.0
383.5
146.5
523.0
298.0
595.0
349.0
244.0
191.5
485.5
323.5
338.5
97.0
133.0
338.5
424.0
88.0
194.5
335.5
86.5
368.5
329.5
628.0
460.0
176.5
671.5
170.5
149.5
151.0
316.0
191.5
137.5
223.0
488.5
220.0
185.5
722.5
128.5
355.0
371.5
247.0
364.0
166.0
64.0
137.5
467.5
95.5
322.0
127.0
37.0
358.0
470.5
218.5
371.5
461.5
481.0
221.5
293.5
116.5
110.5
275.5
271.0
686.5
260.5
295.0
463.0
725.5
475.0
407.5
244.0
602.5
91.0
142.0
284.5
67.0
262.0
457.0
479.5
151.0
41.5
409.0
212.5
217.0
296.5
265.0
344.5
316.0
85.0
371.5
284.5
539.5
700.0
74.5
310.0
287.5
479.5
259.0
568.0
452.5
286.0
326.5
100.0
436.0
164.5
106.0
178.0
362.5
82.0
755.5
298.0
221.5
341.5
185.5
110.5
283.0
131.5
491.5
115.0
97.0
70.0
248.5
173.5
287.5
142.0
269.5
418.0
338.5
61.0
208.0
563.5
640.0
209.5
74.5
530.5
550.0
286.0
352.0
82.0
385.0
278.5
113.5
707.5
193.0
118.0
296.5
532.0
500.5
481.0
359.5
536.5
128.5
148.0
323.5
571.0
271.0
229.0
212.5
485.5
407.5
376.0
512.5
167.5
82.0
367.0
100.0
142.0
143.5
68.5
347.5
194.5
310.0
562.0
226.0
46.0
343.0
449.5
731.5
317.5
250.0
211.0
293.5
164.5
106.0
295.0
298.0
127.0
98.5
88.0
464.5
38.5
329.5
185.5
133.0
56.5
88.0
293.5
239.5
388.0
274.0
103.0
197.5
347.5
610.0
247.0
128.5
215.5
593.5
92.5
97.0
580.0
358.0
109.0
421.0
451.0
262.0
565.0
310.0
154.0
389.5
377.5
101.5
520.0
91.0
748.0
59.5
232.0
224.5
481.0
490.0
32.5
419.5
491.5
124.0
608.5
487.0
314.5
559.0
812.5
58.0
428.5
203.5
310.0
502.0
359.5
218.5
328.0
532.0
71.5
706.0
65.5
62.5
425.5
346.0
428.5
259.0
148.0
335.5
497.5
266.5
101.5
455.5
448.0
725.5
434.5
166.0
278.5
491.5
110.5
193.0
170.5
232.0
191.5
424.0
364.0
323.5
188.5
371.5
517.0
266.5
289.0
341.5
631.0
86.5
442.0
581.5
169.0
113.5
295.0
104.5
158.5
664.0
256.0
122.5
416.5
130.0
34.0
229.0
496.0
571.0
236.5
527.5
290.5
146.5
343.0
178.0
199.0
175.0
377.5
245.5
325.0
301.0
91.0
740.5
520.0
626.5
322.0
659.5
91.0
529.0
482.5
329.5
131.5
92.5
323.5
140.5
599.5
332.5
62.5
100.0
458.5
538.0
577.0
517.0
238.0
305.5
602.5
631.0
307.0
274.0
19.0
182.5
707.5
124.0
239.5
199.0
367.0
434.5
284.5
136.0
445.0
431.5
202.0
484.0
436.0
569.5
461.5
299.5
403.0
194.5
464.5
203.5
106.0
301.0
401.5
338.5
47.5
296.5
602.5
188.5
496.0
149.5
682.0
97.0
131.5
421.0
248.5
395.5
677.5
220.0
436.0
424.0
100.0
368.5
176.5
359.5
88.0
608.5
319.0
596.5
488.5
535.0
454.0
128.5
257.5
439.0
463.0
197.5
602.5
437.5
431.5
371.5
383.5
64.0
758.5
218.5
350.5
220.0
185.5
595.0
172.0
559.0
224.5
86.5
191.5
206.5
106.0
245.5
376.0
61.0
179.5
346.0
260.5
233.5
308.5
292.0
169.0
662.5
208.0
121.0
341.5
275.5
539.5
163.0
157.0
298.0
214.0
290.5
133.0
158.5
313.0
224.5
317.5
610.0
179.5
371.5
590.5
496.0
449.5
223.0
191.5
265.0
334.0
172.0
704.5
347.5
169.0
130.0
271.0
481.0
362.5
613.0
751.0
248.5
602.5
460.0
415.0
470.5
829.0
121.0
179.5
166.0
289.0
233.5
587.5
44.5
349.0
299.5
200.5
232.0
290.5
389.5
91.0
200.5
386.5
170.5
802.0
104.5
35.5
97.0
368.5
295.0
164.5
224.5
344.5
187.0
407.5
416.5
112.0
521.5
139.0
59.5
256.0
265.0
334.0
299.5
382.0
199.0
94.0
289.0
109.0
124.0
550.0
136.0
233.5
614.5
224.5
394.0
250.0
149.5
65.5
467.5
196.0
161.5
634.0
590.5
592.0
65.5
44.5
371.5
433.0
332.5
473.5
562.0
182.5
644.5
428.5
389.5
95.5
383.5
431.5
140.5
56.5
451.0
661.0
70.0
383.5
548.5
260.5
169.0
347.5
602.5
482.5
74.5
145.0
644.5
202.0
191.5
379.0
434.5
394.0
146.5
151.0
268.0
442.0
179.5
188.5
160.0
430.0
37.0
173.5
137.5
184.0
188.5
199.0
172.0
254.5
431.5
116.5
148.0
235.0
133.0
145.0
143.5
236.5
259.0
163.0
725.5
446.5
191.5
226.0
460.0
22.0
317.5
265.0
212.5
451.0
149.5
286.0
329.5
424.0
134.5
215.5
428.5
490.0
353.5
53.5
358.0
272.5
151.0
67.0
247.0
329.5
110.5
605.5
235.0
266.5
202.0
311.5
322.0
598.0
106.0
131.5
116.5
389.5
119.5
140.5
388.0
712.0
197.5
380.5
724.0
257.5
191.5
475.0
40.0
238.0
106.0
175.0
485.5
236.5
239.5
379.0
188.5
125.5
47.5
673.0
428.5
298.0
277.0
329.5
107.5
599.5
220.0
550.0
451.0
241.0
95.5
538.0
238.0
283.0
305.5
367.0
328.0
76.0
250.0
466.0
283.0
200.5
476.5
76.0
583.0
217.0
611.5
415.0
418.0
131.5
338.5
625.0
100.0
121.0
281.5
446.5
181.0
622.0
155.5
305.5
382.0
338.5
376.0
55.0
827.5
455.5
112.0
166.0
647.5
584.5
203.5
275.5
502.0
548.5
238.0
541.0
253.0
257.5
698.5
647.5
545.5
314.5
425.5
139.0
134.5
149.5
76.0
86.5
475.0
295.0
208.0
391.0
305.5
227.5
73.0
626.5
359.5
361.0
463.0
403.0
443.5
202.0
475.0
167.5
343.0
289.0
227.5
413.5
310.0
224.5
643.0
112.0
227.5
596.5
151.0
368.5
52.0
91.0
149.5
652.0
668.5
301.0
79.0
500.5
121.0
202.0
199.0
295.0
386.5
124.0
287.5
383.5
412.0
271.0
493.0
550.0
242.5
215.5
512.5
101.5
569.5
482.5
146.5
119.5
376.0
67.0
164.5
550.0
155.5
347.5
197.5
248.5
161.5
190.0
716.5
365.5
257.5
754.0
520.0
58.0
170.5
244.0
188.5
229.0
191.5
74.5
157.0
361.0
211.0
160.0
131.5
188.5
230.5
80.5
343.0
251.5
481.0
346.0
400.0
106.0
325.0
467.5
755.5
472.0
118.0
289.0
83.5
139.0
266.5
103.0
320.5
281.5
251.5
20.5
542.5
226.0
614.5
392.5
265.0
260.5
293.5
29.5
665.5
511.0
386.5
773.5
247.0
640.0
134.5
595.0
266.5
464.5
635.5
269.5
92.5
344.5
116.5
581.5
278.5
316.0
628.0
212.5
158.5
686.5
359.5
128.5
227.5
218.5
595.0
136.0
350.5
142.0
20.5
803.5
419.5
283.0
284.5
295.0
607.0
676.0
181.0
236.5
529.0
125.5
344.5
149.5
328.0
550.0
520.0
514.0
550.0
200.5
43.0
554.5
74.5
299.5
422.5
223.0
440.5
343.0
427.0
181.0
265.0
254.5
263.5
248.5
184.0
721.0
277.0
86.5
110.5
137.5
79.0
74.5
149.5
400.0
527.5
86.5
650.5
137.5
218.5
157.0
292.0
181.0
70.0
251.5
22.0
541.0
368.5
215.5
359.5
119.5
179.5
136.0
298.0
176.5
155.5
518.5
118.0
323.5
109.0
410.5
599.5
317.5
230.5
490.0
275.5
139.0
89.5
161.5
398.5
85.0
187.0
151.0
461.5
676.0
82.0
257.5
331.0
505.0
136.0
211.0
115.0
368.5
292.0
598.0
344.5
82.0
125.5
220.0
143.5
514.0
140.5
217.0
179.5
182.5
158.5
317.5
319.0
292.0
226.0
295.0
71.5
488.5
32.5
178.0
373.0
694.0
356.5
776.5
178.0
56.5
596.5
325.0
95.5
199.0
353.5
302.5
121.0
152.5
673.0
98.5
302.5
98.5
305.5
200.5
526.0
137.5
265.0
508.0
190.0
611.5
193.0
166.0
173.5
662.5
178.0
431.5
253.0
311.5
325.0
793.0
133.0
209.5
254.5
247.0
242.5
152.5
226.0
187.0
82.0
349.0
454.0
91.0
143.5
563.5
331.0
563.5
319.0
620.5
118.0
263.5
154.0
583.0
215.5
230.5
49.0
629.5
148.0
550.0
224.5
233.5
610.0
292.0
47.5
125.5
290.5
181.0
131.5
104.5
113.5
752.5
620.5
194.5
652.0
577.0
68.5
218.5
256.0
310.0
115.0
146.5
361.0
398.5
475.0
58.0
284.5
298.0
238.0
104.5
113.5
562.0
145.0
289.0
40.0
167.5
293.5
110.5
86.5
133.0
89.5
748.0
226.0
163.0
364.0
128.5
148.0
295.0
136.0
149.5
104.5
79.0
161.5
340.0
229.0
322.0
517.0
476.5
106.0
227.5
203.5
343.0
544.0
688.0
659.5
532.0
46.0
281.5
140.5
74.5
206.5
571.0
479.5
350.5
139.0
734.5
92.5
133.0
413.5
79.0
542.5
674.5
65.5
356.5
454.0
716.5
217.0
224.5
530.5
284.5
583.0
631.0
359.5
179.5
473.5
196.0
146.5
97.0
221.5
641.5
203.5
130.0
296.5
268.0
577.0
208.0
187.0
199.0
128.5
334.0
88.0
176.5
91.0
646.0
112.0
427.0
140.5
134.5
109.0
70.0
457.0
362.5
244.0
184.0
334.0
140.5
517.0
347.5
385.0
125.5
85.0
194.5
367.0
236.5
85.0
337.0
655.0
680.5
284.5
332.5
8.5
364.0
259.0
611.5
209.5
308.5
271.0
482.5
436.0
116.5
49.0
478.0
226.0
173.5
320.5
229.0
415.0
763.0
119.5
241.0
109.0
383.5
536.5
304.0
376.0
323.5
641.5
671.5
446.5
475.0
148.0
289.0
127.0
575.5
142.0
62.5
205.0
119.5
206.5
178.0
494.5
611.5
284.5
55.0
359.5
329.5
761.5
383.5
62.5
287.5
212.5
593.5
172.0
650.5
352.0
611.5
649.0
115.0
112.0
352.0
338.5
67.0
427.0
574.0
416.5
181.0
277.0
169.0
416.5
286.0
97.0
671.5
560.5
382.0
725.5
37.0
245.5
590.5
89.5
233.5
46.0
53.5
118.0
185.5
503.5
95.5
469.0
469.0
107.5
533.5
191.5
299.5
122.5
200.5
217.0
302.5
245.5
119.5
268.0
241.0
662.5
383.5
61.0
86.5
362.5
175.0
335.5
410.5
196.0
200.5
269.5
451.0
374.5
635.5
346.0
248.5
157.0
229.0
407.5
358.0
479.5
493.0
322.0
37.0
254.5
301.0
316.0
103.0
112.0
115.0
368.5
113.5
310.0
529.0
272.5
604.0
367.0
332.5
362.5
218.5
308.5
364.0
17.5
253.0
92.5
320.5
167.5
190.0
88.0
184.0
241.0
109.0
127.0
179.5
473.5
428.5
292.0
172.0
539.5
191.5
272.5
653.5
305.5
596.5
224.5
538.0
244.0
503.5
311.5
370.0
556.0
304.0
676.0
313.0
10.0
302.5
304.0
394.0
34.0
154.0
104.5
52.0
245.5
622.0
281.5
293.5
287.5
413.5
203.5
347.5
521.5
317.5
412.0
220.0
209.5
122.5
376.0
265.0
178.0
283.0
125.5
421.0
191.5
413.5
193.0
158.5
133.0
416.5
71.5
284.5
431.5
100.0
155.5
682.0
442.0
56.5
263.5
143.5
266.5
427.0
250.0
281.5
634.0
118.0
166.0
83.5
371.5
452.5
209.5
136.0
349.0
214.0
310.0
589.0
161.5
232.0
101.5
446.5
473.5
94.0
65.5
458.5
379.0
518.5
224.5
437.5
479.5
274.0
223.0
374.5
547.0
82.0
166.0
247.0
356.5
58.0
751.0
353.5
95.5
305.5
209.5
484.0
157.0
640.0
205.0
347.5
260.5
67.0
268.0
379.0
259.0
376.0
370.0
331.0
202.0
470.5
364.0
676.0
422.5
233.5
290.5
341.5
113.5
338.5
385.0
373.0
743.5
493.0
376.0
629.5
230.5
538.0
361.0
157.0
286.0
275.5
466.0
164.5
145.0
130.0
689.5
454.0
547.0
410.5
494.5
364.0
272.5
232.0
343.0
515.5
23.5
646.0
599.5
263.5
143.5
301.0
419.5
322.0
419.5
35.5
634.0
131.5
617.5
341.5
344.5
175.0
526.0
214.0
439.0
374.5
379.0
416.5
556.0
560.5
353.5
499.0
437.5
286.0
128.5
649.0
475.0
236.5
118.0
328.0
175.0
136.0
145.0
484.0
71.5
163.0
421.0
149.5
298.0
671.5
658.0
161.5
211.0
167.5
190.0
157.0
325.0
190.0
430.0
221.5
512.5
419.5
314.5
581.5
242.5
355.0
239.5
326.5
410.5
188.5
328.0
241.0
281.5
172.0
284.5
527.5
614.5
196.0
142.0
490.0
259.0
416.5
521.5
44.5
305.5
164.5
77.5
217.0
623.5
83.5
352.0
167.5
230.5
317.5
322.0
98.5
218.5
526.0
100.0
413.5
77.5
58.0
715.0
260.5
398.5
316.0
241.0
407.5
287.5
247.0
536.5
233.5
245.5
371.5
488.5
437.5
128.5
557.5
395.5
635.5
688.0
511.0
304.0
316.0
604.0
235.0
121.0
605.5
544.0
226.0
104.5
527.5
175.0
620.5
118.0
310.0
86.5
134.5
458.5
235.0
146.5
220.0
395.5
461.5
200.5
292.0
35.5
68.5
316.0
35.5
583.0
115.0
427.0
230.5
112.0
577.0
305.5
337.0
229.0
521.5
76.0
101.5
439.0
262.0
371.5
368.5
173.5
226.0
293.5
125.5
92.5
557.5
595.0
322.0
122.5
188.5
508.0
113.5
548.5
425.5
142.0
167.5
748.0
217.0
8.5
212.5
598.0
173.5
235.0
641.5
88.0
301.0
403.0
373.0
295.0
490.0
646.0
503.5
296.5
421.0
71.5
265.0
244.0
107.5
383.5
458.5
106.0
161.5
217.0
584.5
460.0
376.0
199.0
529.0
152.5
310.0
475.0
299.5
334.0
142.0
430.0
40.0
275.5
167.5
200.5
511.0
88.0
557.5
61.0
500.5
704.5
125.5
554.5
245.5
199.0
388.0
551.5
397.0
278.5
23.5
647.5
530.5
164.5
467.5
479.5
181.0
371.5
184.0
455.5
244.0
385.0
107.5
290.5
148.0
166.0
157.0
82.0
278.5
262.0
133.0
197.5
293.5
122.5
323.5
208.0
170.5
373.0
236.5
41.5
389.5
259.0
64.0
292.0
158.5
392.5
469.0
349.0
419.5
262.0
607.0
137.5
199.0
344.5
406.0
512.5
163.0
286.0
527.5
463.0
217.0
371.5
86.5
563.5
398.5
52.0
724.0
538.0
425.5
530.5
457.0
248.5
296.5
367.0
457.0
767.5
155.5
317.5
725.5
500.5
452.5
113.5
136.0
322.0
665.5
77.5
362.5
241.0
646.0
226.0
593.5
293.5
517.0
283.0
308.5
376.0
118.0
136.0
335.5
575.5
455.5
40.0
160.0
161.5
343.0
266.5
215.5
403.0
259.0
190.0
409.0
355.0
29.5
244.0
173.5
425.5
128.5
61.0
242.5
337.0
812.5
362.5
461.5
290.5
152.5
793.0
554.5
146.5
283.0
515.5
175.0
19.0
388.0
593.5
646.0
116.5
154.0
154.0
599.5
125.5
419.5
158.5
535.0
215.5
115.0
500.5
164.5
239.5
542.5
163.0
121.0
559.0
256.0
280.0
320.5
376.0
745.0
98.5
412.0
307.0
199.0
659.5
463.0
431.5
461.5
298.0
580.0
443.5
356.5
268.0
655.0
493.0
313.0
472.0
158.5
148.0
401.5
248.5
199.0
326.5
266.5
238.0
367.0
392.5
250.0
616.0
322.0
340.0
136.0
487.0
422.5
146.5
128.5
187.0
653.5
530.5
388.0
353.5
140.5
139.0
233.5
334.0
643.0
322.0
241.0
88.0
128.5
167.5
335.5
85.0
173.5
410.5
427.0
173.5
23.5
215.5
575.5
320.5
175.0
131.5
109.0
410.5
457.0
440.5
191.5
223.0
433.0
239.5
730.0
194.5
124.0
95.5
329.5
223.0
323.5
316.0
71.5
404.5
203.5
239.5
541.0
250.0
361.0
677.5
454.0
421.0
239.5
262.0
277.0
431.5
133.0
109.0
176.5
451.0
463.0
116.5
368.5
236.5
113.5
520.0
160.0
262.0
229.0
263.5
343.0
491.5
68.5
260.5
235.0
526.0
650.5
259.0
451.0
286.0
113.5
43.0
125.5
695.5
212.5
181.0
239.5
269.5
76.0
601.0
286.0
526.0
154.0
548.5
371.5
377.5
86.5
191.5
479.5
146.5
283.0
683.5
359.5
202.0
428.5
125.5
154.0
577.0
64.0
287.5
347.5
512.5
257.5
353.5
124.0
703.0
587.5
199.0
265.0
580.0
203.5
559.0
565.0
299.5
520.0
569.5
145.0
329.5
28.0
136.0
266.5
748.0
268.0
251.5
29.5
58.0
632.5
613.0
130.0
496.0
574.0
238.0
166.0
590.5
178.0
67.0
61.0
89.5
203.5
209.5
245.5
214.0
628.0
334.0
304.0
407.5
136.0
395.5
74.5
196.0
212.5
503.5
502.0
535.0
341.5
23.5
251.5
400.0
647.5
301.0
541.0
368.5
731.5
80.5
454.0
55.0
227.5
508.0
322.0
304.0
109.0
631.0
461.5
403.0
92.5
52.0
572.5
493.0
553.0
317.5
308.5
190.0
310.0
65.5
500.5
608.5
625.0
151.0
347.5
308.5
241.0
34.0
160.0
340.0
539.5
193.0
290.5
500.5
142.0
419.5
122.5
212.5
685.0
431.5
214.0
295.0
419.5
554.5
262.0
113.5
424.0
538.0
89.5
467.5
628.0
142.0
379.0
209.5
127.0
374.5
304.0
589.0
313.0
448.0
184.0
182.5
410.5
145.0
578.5
226.0
814.0
358.0
415.0
307.0
58.0
331.0
206.5
356.5
272.5
110.5
388.0
365.5
437.5
596.5
514.0
407.5
368.5
260.5
124.0
241.0
443.5
526.0
266.5
400.0
715.0
433.0
274.0
592.0
311.5
67.0
367.0
241.0
230.5
731.5
425.5
115.0
604.0
407.5
361.0
548.5
109.0
592.0
136.0
293.5
529.0
79.0
218.5
319.0
515.5
91.0
34.0
538.0
235.0
166.0
359.5
98.5
