146.5
256.0
797.5
599.5
604.0
197.5
787.0
214.0
455.5
716.5
152.5
298.0
263.5
272.5
235.0
836.5
743.5
313.0
448.0
554.5
133.0
47.5
400.0
659.5
173.5
397.0
523.0
211.0
394.0
371.5
388.0
179.5
176.5
208.0
679.0
656.5
448.0
85.0
640.0
721.0
148.0
433.0
287.5
529.0
206.5
244.0
494.5
313.0
634.0
578.5
302.5
625.0
194.5
194.5
685.0
50.5
250.0
271.0
109.0
188.5
715.0
397.0
383.5
533.5
565.0
116.5
548.5
761.5
115.0
136.0
604.0
479.5
716.5
625.0
155.5
253.0
580.0
215.5
319.0
271.0
616.0
734.5
529.0
608.5
463.0
215.5
290.5
65.5
490.0
284.5
523.0
223.0
118.0
353.5
565.0
707.5
511.0
119.5
532.0
79.0
310.0
589.0
625.0
229.0
145.0
452.5
356.5
701.5
472.0
524.5
101.5
91.0
376.0
656.5
308.5
32.5
716.5
452.5
463.0
37.0
322.0
55.0
647.5
212.5
25.0
458.5
464.5
94.0
718.0
751.0
343.0
434.5
233.5
727.0
91.0
469.0
659.5
665.5
103.0
314.5
241.0
656.5
569.5
160.0
68.5
470.5
134.5
304.0
358.0
695.5
293.5
295.0
686.5
179.5
469.0
272.5
733.0
347.5
412.0
161.5
86.5
635.5
721.0
434.5
185.5
203.5
230.5
547.0
244.0
194.5
67.0
181.0
626.5
146.5
545.5
73.0
274.0
113.5
391.0
260.5
587.5
487.0
158.5
131.5
79.0
245.5
382.0
185.5
722.5
322.0
508.0
52.0
491.5
32.5
643.0
820.0
698.5
535.0
58.0
88.0
503.5
370.0
203.5
244.0
376.0
338.5
166.0
206.5
479.5
592.0
257.5
539.5
682.0
331.0
127.0
394.0
295.0
460.0
61.0
295.0
802.0
229.0
484.0
509.5
298.0
436.0
682.0
413.5
565.0
581.5
253.0
340.0
95.5
577.0
190.0
727.0
656.5
65.5
793.0
59.5
134.5
563.5
311.5
550.0
113.5
703.0
638.5
821.5
136.0
421.0
487.0
742.0
638.5
515.5
488.5
218.5
404.5
290.5
569.5
532.0
281.5
536.5
10.0
593.5
229.0
368.5
686.5
166.0
232.0
193.0
323.5
112.0
283.0
385.0
683.5
478.0
590.5
520.0
505.0
643.0
775.0
217.0
719.5
590.5
200.5
733.0
377.5
440.5
425.5
202.0
176.5
313.0
472.0
289.0
703.0
194.5
131.5
659.5
145.0
608.5
280.0
752.5
248.5
712.0
719.5
725.5
308.5
583.0
203.5
352.0
218.5
326.5
104.5
749.5
257.5
592.0
167.5
491.5
152.5
346.0
425.5
506.5
89.5
305.5
304.0
544.0
170.5
463.0
604.0
262.0
688.0
457.0
175.0
659.5
454.0
205.0
271.0
143.5
673.0
743.5
293.5
430.0
277.0
352.0
625.0
481.0
239.5
341.5
280.0
644.5
712.0
619.0
476.5
248.5
263.5
649.0
586.0
148.0
710.5
211.0
236.5
379.0
124.0
302.5
305.5
622.0
494.5
554.5
479.5
136.0
739.0
641.5
560.5
232.0
586.0
619.0
286.0
164.5
323.5
565.0
649.0
178.0
272.5
601.0
470.5
167.5
454.0
34.0
319.0
301.0
470.5
673.0
194.5
265.0
383.5
404.5
334.0
379.0
554.5
652.0
647.5
284.5
662.5
487.0
200.5
281.5
661.0
230.5
520.0
634.0
77.5
598.0
133.0
241.0
638.5
689.5
116.5
368.5
131.5
361.0
535.0
589.0
722.5
551.5
457.0
497.5
611.5
539.5
377.5
215.5
245.5
109.0
47.5
148.0
530.5
599.5
145.0
118.0
173.5
461.5
134.5
109.0
347.5
316.0
292.0
407.5
151.0
700.0
158.5
149.5
665.5
167.5
484.0
664.0
527.5
502.0
370.0
386.5
562.0
703.0
629.5
536.5
43.0
71.5
248.5
206.5
326.5
148.0
563.5
590.5
121.0
97.0
563.5
764.5
767.5
247.0
287.5
547.0
326.5
257.5
353.5
217.0
878.5
482.5
322.0
586.0
685.0
368.5
275.5
76.0
667.0
443.5
427.0
187.0
460.0
512.5
464.5
437.5
316.0
652.0
196.0
413.5
458.5
589.0
242.5
166.0
239.5
563.5
262.0
76.0
356.5
680.5
527.5
218.5
529.0
209.5
302.5
448.0
749.5
431.5
767.5
551.5
494.5
676.0
325.0
346.0
44.5
305.5
146.5
395.5
425.5
461.5
376.0
287.5
134.5
193.0
325.0
532.0
254.5
427.0
448.0
161.5
584.5
344.5
337.0
377.5
652.0
526.0
736.0
212.5
775.0
673.0
220.0
275.5
317.5
487.0
371.5
574.0
673.0
107.5
292.0
293.5
488.5
152.5
559.0
418.0
461.5
442.0
299.5
466.0
278.5
895.0
476.5
218.5
317.5
172.0
656.5
475.0
185.5
301.0
722.5
149.5
226.0
124.0
514.0
322.0
656.5
422.5
319.0
260.5
317.5
619.0
541.0
535.0
287.5
308.5
589.0
133.0
352.0
601.0
244.0
335.5
322.0
631.0
751.0
611.5
515.5
67.0
551.5
752.5
631.0
709.0
289.0
176.5
457.0
572.5
604.0
152.5
743.5
479.5
566.5
559.0
59.5
104.5
88.0
560.5
709.0
559.0
475.0
772.0
526.0
289.0
683.5
392.5
380.5
256.0
209.5
101.5
230.5
550.0
230.5
383.5
173.5
818.5
250.0
611.5
422.5
196.0
244.0
416.5
509.5
391.0
556.0
76.0
559.0
637.0
77.5
233.5
296.5
503.5
608.5
212.5
584.5
439.0
862.0
605.5
622.0
490.0
742.0
38.5
187.0
202.0
358.0
175.0
23.5
665.5
298.0
448.0
467.5
266.5
322.0
184.0
235.0
263.5
478.0
388.0
47.5
289.0
104.5
350.5
658.0
187.0
140.5
317.5
347.5
241.0
463.0
122.5
194.5
760.0
137.5
371.5
313.0
274.0
586.0
299.5
550.0
487.0
589.0
143.5
346.0
652.0
590.5
25.0
605.5
64.0
239.5
493.0
526.0
484.0
280.0
196.0
179.5
458.5
155.5
638.5
221.5
415.0
449.5
478.0
263.5
268.0
499.0
481.0
14.5
473.5
713.5
536.5
250.0
220.0
286.0
556.0
265.0
232.0
220.0
536.5
181.0
496.0
364.0
739.0
226.0
148.0
517.0
82.0
550.0
514.0
151.0
305.5
487.0
115.0
623.5
572.5
628.0
524.5
547.0
518.5
554.5
121.0
233.5
326.5
682.0
559.0
550.0
172.0
128.5
161.5
428.5
508.0
376.0
131.5
718.0
334.0
562.0
584.5
385.0
248.5
607.0
218.5
785.5
316.0
97.0
233.5
551.5
223.0
541.0
284.5
623.5
149.5
814.0
209.5
179.5
755.5
757.0
631.0
383.5
542.5
811.0
611.5
731.5
413.5
256.0
314.5
119.5
817.0
145.0
497.5
106.0
266.5
206.5
155.5
533.5
298.0
452.5
614.5
283.0
578.5
140.5
494.5
155.5
50.5
92.5
446.5
658.0
107.5
491.5
397.0
83.5
545.5
802.0
364.0
230.5
577.0
436.0
704.5
638.5
232.0
614.5
425.5
596.5
581.5
685.0
587.5
151.0
401.5
286.0
539.5
556.0
587.5
626.5
716.5
473.5
38.5
355.0
89.5
398.5
646.0
544.0
688.0
212.5
305.5
56.5
320.5
263.5
616.0
301.0
262.0
578.5
407.5
298.0
610.0
515.5
178.0
389.5
776.5
620.5
275.5
142.0
139.0
134.5
521.5
475.0
491.5
41.5
613.0
455.5
278.5
74.5
473.5
112.0
305.5
563.5
647.5
287.5
257.5
373.0
716.5
404.5
152.5
347.5
203.5
350.5
209.5
527.5
149.5
742.0
85.0
278.5
134.5
319.0
209.5
518.5
130.0
643.0
349.0
128.5
346.0
469.0
254.5
391.0
665.5
694.0
280.0
643.0
194.5
121.0
97.0
310.0
107.5
167.5
22.0
776.5
520.0
110.5
362.5
769.0
164.5
173.5
122.5
422.5
497.5
656.5
182.5
683.5
446.5
188.5
404.5
332.5
668.5
466.0
242.5
269.5
772.0
362.5
259.0
704.5
599.5
442.0
500.5
173.5
707.5
82.0
76.0
299.5
593.5
383.5
569.5
767.5
83.5
416.5
623.5
487.0
409.0
250.0
125.5
691.0
460.0
319.0
172.0
194.5
418.0
326.5
167.5
158.5
187.0
232.0
76.0
587.5
521.5
94.0
310.0
179.5
113.5
104.5
523.0
592.0
287.5
697.0
665.5
598.0
74.5
233.5
649.0
251.5
152.5
691.0
314.5
742.0
167.5
341.5
680.5
89.5
511.0
581.5
749.5
191.5
154.0
584.5
284.5
571.0
190.0
755.5
518.5
271.0
113.5
286.0
586.0
415.0
244.0
647.5
628.0
319.0
494.5
385.0
200.5
91.0
124.0
748.0
500.5
682.0
380.5
751.0
394.0
400.0
160.0
701.5
676.0
121.0
398.5
413.5
263.5
322.0
409.0
574.0
598.0
335.5
703.0
661.0
352.0
680.5
518.5
133.0
220.0
233.5
466.0
562.0
214.0
490.0
328.0
644.5
229.0
548.5
323.5
194.5
88.0
299.5
242.5
631.0
373.0
364.0
662.5
751.0
503.5
559.0
356.5
131.5
112.0
11.5
266.5
608.5
757.0
637.0
164.5
424.0
428.5
211.0
151.0
221.5
118.0
608.5
319.0
676.0
445.0
670.0
703.0
97.0
241.0
121.0
626.5
496.0
79.0
749.5
40.0
422.5
433.0
422.5
724.0
508.0
260.5
221.5
646.0
770.5
202.0
124.0
485.5
206.5
760.0
185.5
160.0
703.0
88.0
116.5
376.0
422.5
119.5
166.0
647.5
586.0
815.5
40.0
14.5
509.5
74.5
61.0
367.0
601.0
74.5
400.0
479.5
281.5
577.0
329.5
382.0
458.5
553.0
448.0
497.5
701.5
511.0
725.5
443.5
650.5
638.5
524.5
586.0
325.0
436.0
248.5
232.0
712.0
124.0
715.0
803.5
784.0
541.0
733.0
569.5
145.0
218.5
160.0
428.5
374.5
110.5
440.5
43.0
425.5
205.0
241.0
442.0
479.5
440.5
422.5
79.0
539.5
710.5
578.5
308.5
422.5
118.0
446.5
487.0
494.5
115.0
280.0
817.0
601.0
112.0
629.5
400.0
602.5
395.5
287.5
619.0
433.0
559.0
184.0
718.0
161.5
61.0
80.5
235.0
176.5
685.0
374.5
718.0
578.5
617.5
650.5
352.0
538.0
94.0
184.0
680.5
523.0
515.5
361.0
680.5
298.0
208.0
490.0
766.0
274.0
523.0
269.5
701.5
83.5
329.5
554.5
221.5
164.5
250.0
107.5
577.0
640.0
184.0
341.5
92.5
91.0
73.0
58.0
542.5
260.5
719.5
172.0
542.5
607.0
337.0
178.0
590.5
241.0
701.5
217.0
592.0
476.5
437.5
338.5
664.0
422.5
314.5
481.0
658.0
154.0
92.5
166.0
328.0
280.0
607.0
698.5
262.0
575.5
356.5
692.5
259.0
287.5
419.5
694.0
544.0
634.0
466.0
574.0
517.0
517.0
533.5
472.0
22.0
457.0
65.5
29.5
482.5
244.0
178.0
520.0
292.0
742.0
200.5
454.0
598.0
104.5
442.0
380.5
716.5
767.5
94.0
616.0
164.5
473.5
115.0
209.5
217.0
212.5
181.0
166.0
328.0
463.0
632.5
191.5
133.0
245.5
227.5
179.5
457.0
421.0
607.0
281.5
35.5
563.5
698.5
545.5
128.5
722.5
761.5
295.0
221.5
320.5
304.0
62.5
652.0
658.0
92.5
761.5
626.5
445.0
224.5
283.0
272.5
77.5
760.0
203.5
703.0
262.0
469.0
370.0
703.0
466.0
233.5
503.5
392.5
392.5
110.5
734.5
523.0
544.0
685.0
536.5
182.5
751.0
155.5
274.0
596.5
712.0
476.5
581.5
155.5
730.0
476.5
461.5
686.5
128.5
608.5
128.5
415.0
266.5
59.5
154.0
830.5
395.5
271.0
626.5
601.0
625.0
104.5
538.0
283.0
545.5
131.5
466.0
322.0
308.5
682.0
407.5
640.0
610.0
190.0
259.0
122.5
626.5
763.0
776.5
662.5
187.0
88.0
103.0
593.5
377.5
263.5
238.0
683.5
112.0
364.0
323.5
359.5
56.5
680.5
692.5
748.0
65.5
184.0
590.5
412.0
388.0
52.0
521.5
248.5
127.0
272.5
80.5
827.5
139.0
527.5
383.5
73.0
386.5
626.5
115.0
445.0
458.5
235.0
86.5
520.0
230.5
571.0
256.0
659.5
124.0
371.5
469.0
445.0
299.5
581.5
203.5
16.0
209.5
709.0
461.5
208.0
56.5
250.0
433.0
583.0
197.5
491.5
574.0
224.5
103.0
521.5
187.0
286.0
751.0
112.0
461.5
418.0
430.0
277.0
65.5
697.0
146.5
419.5
296.5
559.0
151.0
364.0
310.0
100.0
254.5
599.5
77.5
161.5
529.0
266.5
241.0
200.5
515.5
629.5
694.0
485.5
565.0
148.0
350.5
290.5
364.0
643.0
121.0
214.0
349.0
217.0
206.5
700.0
131.5
503.5
700.0
619.0
263.5
283.0
364.0
562.0
476.5
272.5
581.5
358.0
686.5
215.5
155.5
185.5
218.5
626.5
49.0
212.5
629.5
304.0
350.5
433.0
659.5
134.5
187.0
245.5
398.5
398.5
665.5
613.0
503.5
685.0
82.0
364.0
148.0
176.5
395.5
388.0
289.0
700.0
385.0
428.5
86.5
637.0
407.5
230.5
511.0
592.0
460.0
667.0
335.5
178.0
683.5
53.5
575.5
343.0
274.0
482.5
578.5
194.5
167.5
295.0
326.5
425.5
194.5
220.0
554.5
368.5
319.0
484.0
200.5
601.0
47.5
281.5
428.5
430.0
251.5
127.0
478.0
370.0
109.0
463.0
560.5
332.5
602.5
530.5
385.0
632.5
443.5
313.0
689.5
331.0
229.0
508.0
167.5
271.0
394.0
463.0
691.0
151.0
676.0
106.0
302.5
416.5
209.5
581.5
715.0
581.5
56.5
634.0
554.5
497.5
19.0
193.0
473.5
182.5
178.0
203.5
287.5
271.0
61.0
464.5
163.0
191.5
508.0
532.0
431.5
409.0
319.0
476.5
272.5
389.5
118.0
487.0
400.0
140.5
493.0
112.0
104.5
458.5
443.5
683.5
421.0
314.5
623.5
380.5
568.0
661.0
65.5
559.0
481.0
596.5
364.0
281.5
647.5
526.0
179.5
238.0
181.0
661.0
34.0
368.5
548.5
535.0
650.5
172.0
503.5
367.0
395.5
268.0
385.0
296.5
115.0
67.0
379.0
74.5
256.0
715.0
136.0
358.0
197.5
286.0
545.5
260.5
619.0
622.0
709.0
320.5
523.0
290.5
130.0
563.5
218.5
575.5
472.0
221.5
98.5
58.0
649.0
157.0
350.5
247.0
311.5
709.0
730.0
445.0
103.0
532.0
571.0
385.0
115.0
389.5
271.0
634.0
400.0
326.5
289.0
767.5
86.5
73.0
322.0
454.0
314.5
350.5
647.5
578.5
359.5
556.0
397.0
136.0
289.0
323.5
503.5
44.5
209.5
68.5
443.5
176.5
637.0
160.0
316.0
788.5
457.0
473.5
62.5
655.0
142.0
172.0
515.5
581.5
599.5
376.0
157.0
277.0
611.5
535.0
527.5
752.5
731.5
628.0
530.5
172.0
767.5
692.5
596.5
635.5
373.0
238.0
223.0
335.5
643.0
85.0
259.0
176.5
530.5
322.0
350.5
484.0
104.5
82.0
353.5
634.0
127.0
764.5
338.5
404.5
121.0
235.0
166.0
287.5
605.5
427.0
170.5
158.5
208.0
424.0
473.5
511.0
35.5
314.5
232.0
578.5
547.0
380.5
227.5
136.0
91.0
230.5
289.0
92.5
461.5
515.5
416.5
220.0
461.5
409.0
320.5
193.0
287.5
511.0
311.5
748.0
532.0
241.0
493.0
464.5
371.5
826.0
35.5
262.0
161.5
154.0
548.5
361.0
563.5
140.5
542.5
499.0
416.5
98.5
110.5
406.0
569.5
239.5
491.5
79.0
509.5
550.0
557.5
758.5
272.5
616.0
293.5
278.5
608.5
688.0
463.0
398.5
443.5
659.5
574.0
346.0
485.5
677.5
512.5
497.5
370.0
325.0
31.0
571.0
592.0
142.0
290.5
689.5
442.0
560.5
652.0
310.0
104.5
392.5
383.5
305.5
430.0
296.5
40.0
392.5
476.5
430.0
631.0
253.0
307.0
196.0
635.5
31.0
607.0
524.5
589.0
250.0
157.0
551.5
559.0
193.0
245.5
263.5
97.0
560.5
110.5
202.0
616.0
236.5
179.5
497.5
551.5
206.5
196.0
100.0
266.5
716.5
103.0
13.0
787.0
155.5
163.0
614.5
592.0
314.5
403.0
529.0
44.5
172.0
91.0
731.5
182.5
326.5
254.5
529.0
31.0
631.0
359.5
490.0
533.5
737.5
400.0
536.5
88.0
148.0
403.0
265.0
86.5
521.5
130.0
427.0
215.5
178.0
341.5
184.0
197.5
400.0
101.5
467.5
113.5
349.0
319.0
598.0
227.5
79.0
473.5
182.5
313.0
101.5
446.5
620.5
755.5
431.5
407.5
466.0
491.5
571.0
364.0
557.5
671.5
106.0
29.5
62.5
158.5
251.5
211.0
145.0
716.5
242.5
422.5
491.5
613.0
280.0
638.5
436.0
433.0
241.0
455.5
646.0
251.5
280.0
371.5
656.5
674.5
133.0
289.0
734.5
101.5
290.5
302.5
565.0
551.5
389.5
428.5
349.0
379.0
431.5
181.0
275.5
751.0
352.0
575.5
541.0
412.0
218.5
514.0
412.0
67.0
58.0
440.5
397.0
560.5
502.0
62.5
493.0
235.0
352.0
440.5
196.0
586.0
674.5
374.5
526.0
361.0
163.0
464.5
508.0
421.0
293.5
472.0
446.5
406.0
608.5
464.5
272.5
499.0
664.0
655.0
265.0
202.0
418.0
533.5
331.0
200.5
566.5
125.5
436.0
202.0
226.0
677.5
238.0
605.5
775.0
607.0
400.0
595.0
212.5
37.0
422.5
431.5
686.5
148.0
469.0
214.0
751.0
235.0
163.0
175.0
92.5
187.0
505.0
505.0
227.5
641.5
445.0
532.0
464.5
560.5
365.5
547.0
574.0
263.5
446.5
586.0
140.5
542.5
70.0
584.5
424.0
137.5
586.0
814.0
187.0
476.5
134.5
182.5
751.0
236.5
541.0
367.0
571.0
245.5
167.5
92.5
584.5
170.5
470.5
389.5
353.5
590.5
313.0
407.5
767.5
140.5
428.5
278.5
820.0
143.5
71.5
310.0
793.0
365.5
361.0
437.5
275.5
674.5
743.5
275.5
545.5
656.5
299.5
638.5
250.0
280.0
479.5
175.0
389.5
122.5
644.5
685.0
551.5
665.5
569.5
266.5
112.0
821.5
649.0
499.0
472.0
305.5
121.0
55.0
479.5
457.0
704.5
707.5
412.0
604.0
65.5
91.0
181.0
214.0
250.0
691.0
712.0
472.0
422.5
670.0
374.5
281.5
559.0
128.5
232.0
262.0
482.5
170.5
764.5
47.5
721.0
730.0
680.5
409.0
239.5
140.5
326.5
646.0
317.5
635.5
676.0
341.5
622.0
109.0
605.5
341.5
143.5
559.0
115.0
673.0
418.0
155.5
695.5
181.0
355.0
286.0
148.0
770.5
847.0
217.0
673.0
503.5
455.5
688.0
668.5
343.0
569.5
608.5
811.0
217.0
74.5
673.0
748.0
688.0
568.0
706.0
628.0
274.0
412.0
155.5
236.5
113.5
302.5
448.0
418.0
703.0
79.0
94.0
505.0
197.5
172.0
52.0
98.5
467.5
454.0
478.0
148.0
335.5
544.0
355.0
211.0
97.0
287.5
403.0
368.5
245.5
301.0
607.0
589.0
116.5
643.0
295.0
148.0
485.5
433.0
70.0
271.0
418.0
266.5
754.0
130.0
242.5
107.5
175.0
496.0
223.0
218.5
266.5
421.0
332.5
508.0
296.5
608.5
538.0
539.5
148.0
269.5
625.0
83.5
227.5
263.5
280.0
791.5
64.0
746.5
476.5
158.5
179.5
200.5
229.0
677.5
550.0
281.5
385.0
236.5
568.0
389.5
596.5
481.0
716.5
491.5
701.5
235.0
116.5
310.0
136.0
373.0
463.0
574.0
562.0
226.0
275.5
277.0
220.0
470.5
584.5
212.5
239.5
394.0
628.0
542.5
557.5
71.5
737.5
392.5
79.0
475.0
503.5
649.0
482.5
149.5
487.0
127.0
244.0
115.0
190.0
413.5
601.0
244.0
613.0
284.5
515.5
536.5
463.0
557.5
535.0
824.5
340.0
152.5
524.5
179.5
758.5
610.0
770.5
484.0
670.0
329.5
373.0
562.0
412.0
710.5
466.0
433.0
139.0
196.0
230.5
730.0
250.0
487.0
92.5
137.5
676.0
752.5
442.0
385.0
239.5
188.5
359.5
139.0
53.5
61.0
659.5
241.0
508.0
412.0
433.0
496.0
329.5
152.5
464.5
28.0
160.0
344.5
797.5
230.5
335.5
490.0
275.5
31.0
422.5
523.0
67.0
607.0
341.5
422.5
410.5
151.0
575.5
215.5
287.5
404.5
448.0
74.5
407.5
685.0
698.5
356.5
218.5
37.0
343.0
539.5
217.0
608.5
200.5
488.5
341.5
271.0
319.0
175.0
161.5
500.5
178.0
298.0
451.0
497.5
82.0
133.0
152.5
382.0
610.0
257.5
247.0
545.5
344.5
292.0
250.0
184.0
422.5
445.0
146.5
382.0
547.0
662.5
713.5
620.5
712.0
583.0
367.0
506.5
586.0
488.5
667.0
608.5
740.5
184.0
410.5
496.0
215.5
308.5
178.0
376.0
134.5
487.0
116.5
349.0
532.0
151.0
164.5
278.5
76.0
484.0
694.0
320.5
247.0
185.5
61.0
325.0
631.0
133.0
245.5
155.5
211.0
254.5
175.0
175.0
590.5
262.0
650.5
544.0
281.5
229.0
202.0
466.0
257.5
655.0
335.5
341.5
442.0
47.5
322.0
79.0
704.5
476.5
232.0
313.0
314.5
449.5
710.5
679.0
34.0
140.5
664.0
305.5
278.5
133.0
122.5
239.5
452.5
517.0
496.0
212.5
586.0
676.0
502.0
178.0
56.5
367.0
605.5
659.5
146.5
212.5
313.0
382.0
509.5
380.5
134.5
529.0
163.0
406.0
620.5
596.5
22.0
539.5
380.5
112.0
701.5
55.0
458.5
364.0
214.0
277.0
472.0
250.0
661.0
224.5
310.0
325.0
497.5
223.0
311.5
707.5
491.5
587.5
230.5
146.5
326.5
130.0
674.5
392.5
715.0
173.5
185.5
754.0
245.5
155.5
494.5
160.0
830.5
185.5
76.0
235.0
23.5
194.5
538.0
277.0
430.0
647.5
647.5
593.5
334.0
154.0
382.0
407.5
400.0
94.0
308.5
566.5
191.5
575.5
740.5
304.0
269.5
719.5
437.5
158.5
181.0
272.5
208.0
601.0
773.5
352.0
181.0
335.5
727.0
367.0
410.5
598.0
275.5
124.0
82.0
545.5
107.5
499.0
403.0
122.5
230.5
679.0
122.5
203.5
83.5
211.0
172.0
784.0
494.5
394.0
692.5
401.5
587.5
215.5
155.5
73.0
179.5
73.0
458.5
130.0
613.0
350.5
602.5
455.5
349.0
118.0
82.0
145.0
259.0
716.5
404.5
563.5
154.0
554.5
127.0
736.0
577.0
632.5
535.0
427.0
409.0
410.5
170.5
292.0
299.5
104.5
676.0
311.5
703.0
385.0
214.0
770.5
398.5
416.5
680.5
551.5
683.5
524.5
383.5
224.5
554.5
215.5
443.5
329.5
418.0
152.5
73.0
293.5
463.0
163.0
260.5
253.0
454.0
232.0
202.0
589.0
421.0
116.5
59.5
559.0
154.0
421.0
373.0
731.5
113.5
404.5
209.5
562.0
499.0
143.5
596.5
334.0
320.5
202.0
370.0
418.0
85.0
274.0
722.5
218.5
151.0
421.0
574.0
376.0
73.0
421.0
221.5
196.0
502.0
185.5
382.0
395.5
535.0
199.0
706.0
488.5
689.5
584.5
218.5
788.5
658.0
436.0
142.0
35.5
494.5
95.5
314.5
581.5
565.0
562.0
850.0
329.5
793.0
188.5
389.5
482.5
560.5
149.5
323.5
311.5
179.5
470.5
365.5
155.5
658.0
437.5
479.5
379.0
133.0
457.0
385.0
115.0
272.5
286.0
430.0
143.5
586.0
65.5
100.0
260.5
41.5
382.0
425.5
329.5
509.5
401.5
631.0
452.5
388.0
254.5
199.0
751.0
259.0
644.5
247.0
17.5
515.5
70.0
32.5
518.5
73.0
691.0
490.0
64.0
311.5
121.0
143.5
443.5
205.0
626.5
209.5
608.5
701.5
217.0
502.0
182.5
487.0
340.0
410.5
67.0
323.5
659.5
719.5
655.0
349.0
242.5
224.5
211.0
308.5
304.0
199.0
121.0
523.0
545.5
125.5
401.5
493.0
499.0
341.5
92.5
701.5
740.5
569.5
589.0
140.5
136.0
730.0
577.0
379.0
133.0
140.5
76.0
274.0
523.0
452.5
799.0
386.5
463.0
248.5
161.5
386.5
328.0
98.5
157.0
233.5
361.0
479.5
655.0
41.5
422.5
134.5
193.0
466.0
365.5
289.0
187.0
179.5
151.0
142.0
310.0
449.5
244.0
389.5
64.0
337.0
395.5
367.0
413.5
196.0
859.0
739.0
551.5
626.5
323.5
454.0
112.0
224.5
367.0
118.0
578.5
323.5
409.0
709.0
587.5
664.0
401.5
781.0
536.5
259.0
254.5
520.0
116.5
280.0
607.0
263.5
278.5
404.5
215.5
466.0
181.0
328.0
397.0
763.0
838.0
221.5
157.0
433.0
292.0
416.5
791.5
758.5
364.0
460.0
271.0
227.5
38.5
547.0
365.5
508.0
184.0
764.5
118.0
298.0
166.0
145.0
166.0
110.5
194.5
265.0
223.0
142.0
244.0
653.5
406.0
193.0
262.0
484.0
136.0
454.0
136.0
553.0
688.0
253.0
433.0
169.0
299.5
658.0
284.5
412.0
464.5
475.0
560.5
128.5
808.0
104.5
581.5
22.0
616.0
181.0
205.0
238.0
331.0
106.0
209.5
178.0
298.0
571.0
707.5
770.5
694.0
836.5
464.5
265.0
790.0
599.5
346.0
322.0
425.5
124.0
596.5
611.5
559.0
242.5
106.0
119.5
599.5
481.0
190.0
262.0
44.5
455.5
254.5
332.5
613.0
427.0
518.5
739.0
716.5
757.0
331.0
187.0
554.5
796.0
163.0
347.5
527.5
448.0
779.5
452.5
527.5
602.5
100.0
616.0
164.5
571.0
232.0
224.5
434.5
590.5
187.0
532.0
394.0
763.0
599.5
28.0
172.0
143.5
116.5
617.5
148.0
512.5
190.0
626.5
211.0
707.5
460.0
418.0
290.5
626.5
292.0
679.0
215.5
637.0
227.5
142.0
535.0
359.5
664.0
287.5
754.0
295.0
877.0
476.5
143.5
131.5
325.0
590.5
719.5
524.5
457.0
40.0
715.0
430.0
692.5
676.0
608.5
91.0
721.0
559.0
283.0
706.0
202.0
517.0
124.0
701.5
407.5
338.5
115.0
389.5
199.0
406.0
589.0
268.0
358.0
335.5
128.5
694.0
452.5
148.0
205.0
481.0
377.5
160.0
215.5
592.0
590.5
323.5
127.0
508.0
560.5
476.5
229.0
211.0
289.0
553.0
211.0
325.0
278.5
458.5
833.5
134.5
467.5
293.5
92.5
392.5
617.5
218.5
221.5
178.0
355.0
427.0
188.5
374.5
565.0
227.5
497.5
64.0
466.0
494.5
430.0
200.5
316.0
89.5
550.0
638.5
91.0
499.0
494.5
547.0
328.0
209.5
751.0
473.5
580.0
220.0
256.0
770.5
121.0
163.0
427.0
523.0
262.0
769.0
479.5
236.5
278.5
473.5
788.5
620.5
440.5
419.5
502.0
274.0
481.0
130.0
209.5
698.5
169.0
98.5
791.5
803.5
128.5
188.5
196.0
320.5
599.5
85.0
230.5
583.0
370.0
196.0
175.0
190.0
334.0
787.0
634.0
692.5
94.0
176.5
736.0
670.0
601.0
416.5
436.0
166.0
791.5
265.0
422.5
440.5
152.5
74.5
436.0
494.5
142.0
464.5
655.0
583.0
641.5
793.0
389.5
520.0
65.5
445.0
295.0
653.5
20.5
475.0
188.5
151.0
605.5
47.5
577.0
817.0
151.0
166.0
527.5
467.5
679.0
329.5
479.5
709.0
577.0
772.0
565.0
734.5
701.5
704.5
389.5
260.5
400.0
572.5
331.0
164.5
643.0
179.5
211.0
617.5
754.0
791.5
701.5
92.5
203.5
152.5
436.0
298.0
320.5
416.5
799.0
296.5
322.0
427.0
350.5
40.0
439.0
206.5
202.0
806.5
98.5
466.0
340.0
608.5
367.0
346.0
310.0
371.5
685.0
656.5
109.0
287.5
217.0
142.0
134.5
440.5
352.0
346.0
169.0
379.0
589.0
532.0
716.5
725.5
217.0
640.0
611.5
214.0
151.0
512.5
58.0
227.5
269.5
584.5
167.5
334.0
637.0
362.5
449.5
620.5
619.0
341.5
262.0
116.5
578.5
431.5
776.5
301.0
190.0
391.0
667.0
527.5
397.0
179.5
365.5
179.5
485.5
290.5
359.5
559.0
374.5
431.5
76.0
701.5
529.0
473.5
178.0
476.5
304.0
734.5
356.5
776.5
403.0
175.0
134.5
239.5
691.0
283.0
56.5
763.0
176.5
169.0
770.5
259.0
152.5
223.0
508.0
229.0
740.5
479.5
178.0
110.5
221.5
551.5
577.0
280.0
368.5
167.5
674.5
577.0
352.0
557.5
413.5
257.5
317.5
443.5
596.5
335.5
397.0
133.0
611.5
391.0
200.5
596.5
296.5
272.5
356.5
433.0
640.0
704.5
472.0
484.0
131.5
338.5
124.0
527.5
176.5
565.0
688.0
458.5
139.0
334.0
734.5
334.0
353.5
92.5
473.5
292.0
229.0
730.0
571.0
97.0
211.0
245.5
716.5
398.5
598.0
662.5
73.0
616.0
824.5
703.0
451.0
395.5
371.5
704.5
113.5
811.0
614.5
536.5
454.0
131.5
566.5
100.0
103.0
728.5
68.5
256.0
182.5
755.5
589.0
403.0
130.0
493.0
473.5
601.0
766.0
148.0
227.5
143.5
325.0
209.5
665.5
226.0
89.5
304.0
290.5
167.5
638.5
541.0
718.0
542.5
334.0
181.0
392.5
247.0
524.5
536.5
50.5
421.0
164.5
284.5
47.5
557.5
208.0
526.0
545.5
193.0
445.0
622.0
715.0
65.5
107.5
737.5
320.5
305.5
290.5
163.0
524.5
394.0
628.0
148.0
526.0
467.5
538.0
751.0
175.0
487.0
235.0
454.0
235.0
532.0
508.0
61.0
295.0
172.0
328.0
601.0
244.0
241.0
311.5
616.0
506.5
275.5
256.0
596.5
460.0
614.5
230.5
458.5
478.0
149.5
136.0
244.0
371.5
43.0
190.0
224.5
221.5
163.0
187.0
355.0
386.5
239.5
418.0
382.0
523.0
128.5
644.5
109.0
703.0
188.5
235.0
286.0
304.0
208.0
668.5
134.5
266.5
367.0
241.0
607.0
676.0
223.0
122.5
358.0
56.5
749.5
620.5
412.0
730.0
224.5
77.5
718.0
568.0
469.0
517.0
188.5
14.5
398.5
344.5
265.0
655.0
322.0
158.5
368.5
722.5
113.5
364.0
316.0
179.5
254.5
704.5
73.0
217.0
56.5
556.0
512.5
494.5
550.0
607.0
530.5
617.5
776.5
634.0
308.5
328.0
757.0
370.0
335.5
547.0
265.0
487.0
316.0
574.0
284.5
688.0
107.5
622.0
425.5
596.5
332.5
719.5
571.0
185.5
179.5
154.0
145.0
230.5
397.0
115.0
436.0
647.5
776.5
548.5
199.0
581.5
473.5
133.0
202.0
562.0
230.5
388.0
389.5
254.5
316.0
163.0
635.5
173.5
143.5
373.0
214.0
206.5
515.5
77.5
482.5
334.0
269.5
568.0
268.0
805.0
688.0
154.0
104.5
301.0
647.5
148.0
292.0
295.0
397.0
434.5
677.5
388.0
353.5
644.5
446.5
224.5
695.5
518.5
641.5
733.0
224.5
497.5
149.5
673.0
203.5
382.0
634.0
143.5
442.0
172.0
322.0
490.0
235.0
334.0
418.0
254.5
649.0
752.5
65.5
257.5
770.5
361.0
490.0
253.0
392.5
550.0
265.0
646.0
511.0
589.0
145.0
631.0
293.5
493.0
155.5
187.0
445.0
296.5
343.0
283.0
212.5
473.5
512.5
272.5
392.5
353.5
49.0
173.5
529.0
148.0
175.0
256.0
229.0
370.0
64.0
787.0
107.5
751.0
211.0
823.0
137.5
553.0
353.5
619.0
257.5
328.0
302.5
223.0
562.0
460.0
667.0
314.5
431.5
253.0
22.0
563.5
322.0
604.0
550.0
323.5
164.5
265.0
776.5
56.5
100.0
154.0
344.5
158.5
283.0
392.5
290.5
172.0
115.0
124.0
577.0
158.5
341.5
515.5
394.0
178.0
208.0
271.0
601.0
505.0
575.5
667.0
827.5
350.5
337.0
278.5
266.5
319.0
704.5
232.0
536.5
371.5
211.0
439.0
37.0
88.0
79.0
404.5
556.0
802.0
416.5
704.5
115.0
520.0
427.0
271.0
608.5
550.0
191.5
466.0
581.5
391.0
733.0
209.5
308.5
323.5
440.5
305.5
194.5
499.0
401.5
380.5
119.5
776.5
334.0
371.5
38.5
482.5
148.0
373.0
650.5
452.5
190.0
826.0
317.5
287.5
412.0
170.5
803.5
469.0
275.5
769.0
118.0
94.0
674.5
646.0
727.0
151.0
554.5
427.0
676.0
355.0
398.5
491.5
346.0
511.0
217.0
205.0
625.0
652.0
494.5
151.0
509.5
550.0
61.0
203.5
97.0
154.0
124.0
406.0
298.0
635.5
334.0
139.0
638.5
535.0
172.0
634.0
628.0
244.0
133.0
329.5
544.0
107.5
254.5
557.5
311.5
416.5
440.5
548.5
200.5
316.0
307.0
260.5
635.5
304.0
451.0
380.5
571.0
316.0
386.5
142.0
560.5
592.0
332.5
472.0
721.0
587.5
574.0
560.5
124.0
755.5
631.0
334.0
205.0
140.5
484.0
269.5
631.0
677.5
469.0
688.0
607.0
710.5
116.5
385.0
403.0
91.0
604.0
376.0
503.5
97.0
649.0
709.0
341.5
196.0
575.5
550.0
494.5
620.5
164.5
212.5
565.0
700.0
98.5
689.5
602.5
455.5
449.5
365.5
220.0
409.0
634.0
127.0
622.0
815.5
248.5
563.5
56.5
242.5
550.0
646.0
55.0
640.0
47.5
733.0
301.0
62.5
41.5
664.0
254.5
128.5
248.5
152.5
539.5
263.5
266.5
491.5
430.0
181.0
541.0
640.0
145.0
584.5
320.5
265.0
382.0
299.5
491.5
137.5
542.5
685.0
694.0
554.5
677.5
253.0
269.5
544.0
595.0
424.0
172.0
443.5
775.0
445.0
623.5
224.5
173.5
262.0
521.5
272.5
205.0
293.5
178.0
31.0
247.0
166.0
307.0
764.5
140.5
649.0
367.0
382.0
688.0
248.5
173.5
458.5
685.0
605.5
458.5
320.5
317.5
499.0
362.5
206.5
142.0
134.5
409.0
787.0
47.5
271.0
17.5
695.5
175.0
251.5
337.0
236.5
433.0
322.0
268.0
467.5
655.0
676.0
71.5
484.0
580.0
122.5
308.5
277.0
473.5
688.0
421.0
368.5
65.5
355.0
218.5
160.0
386.5
503.5
355.0
383.5
467.5
685.0
602.5
538.0
278.5
224.5
538.0
584.5
619.0
353.5
325.0
193.0
586.0
448.0
193.0
415.0
518.5
392.5
289.0
484.0
536.5
271.0
341.5
145.0
173.5
359.5
491.5
70.0
451.0
220.0
427.0
401.5
289.0
544.0
412.0
310.0
341.5
443.5
394.0
215.5
152.5
779.5
215.5
146.5
214.0
223.0
628.0
335.5
224.5
445.0
439.0
584.5
175.0
737.5
712.0
452.5
196.0
278.5
712.0
602.5
773.5
416.5
47.5
593.5
125.5
364.0
356.5
388.0
373.0
641.5
328.0
332.5
467.5
316.0
487.0
122.5
517.0
499.0
173.5
127.0
586.0
206.5
224.5
331.0
575.5
136.0
275.5
293.5
200.5
611.5
556.0
737.5
29.5
208.0
605.5
334.0
436.0
166.0
70.0
646.0
574.0
101.5
458.5
580.0
527.5
403.0
602.5
149.5
173.5
292.0
70.0
352.0
83.5
184.0
121.0
371.5
787.0
13.0
662.5
601.0
485.5
667.0
208.0
250.0
290.5
389.5
619.0
262.0
734.5
268.0
815.5
637.0
626.5
772.0
118.0
487.0
469.0
470.5
454.0
320.5
544.0
310.0
104.5
226.0
346.0
707.5
410.5
80.5
619.0
250.0
425.5
217.0
650.5
320.5
839.5
151.0
509.5
541.0
775.0
728.5
140.5
398.5
38.5
173.5
548.5
350.5
230.5
634.0
688.0
352.0
530.5
563.5
290.5
575.5
170.5
470.5
193.0
767.5
853.0
737.5
244.0
64.0
685.0
187.0
139.0
179.5
584.5
358.0
803.5
80.5
347.5
41.5
209.5
302.5
169.0
209.5
572.5
319.0
403.0
428.5
299.5
667.0
512.5
292.0
461.5
415.0
220.0
767.5
254.5
355.0
248.5
131.5
182.5
184.0
751.0
649.0
422.5
293.5
638.5
370.0
566.5
514.0
151.0
491.5
632.5
313.0
217.0
178.0
188.5
409.0
553.0
611.5
455.5
368.5
596.5
347.5
422.5
167.5
269.5
380.5
398.5
133.0
365.5
497.5
401.5
652.0
116.5
134.5
583.0
674.5
293.5
538.0
329.5
148.0
112.0
208.0
761.5
554.5
571.0
188.5
203.5
631.0
104.5
436.0
445.0
155.5
43.0
383.5
155.5
268.0
464.5
482.5
701.5
578.5
364.0
286.0
595.0
364.0
547.0
262.0
50.5
176.5
824.5
107.5
35.5
713.5
343.0
299.5
563.5
367.0
394.0
211.0
575.5
275.5
197.5
770.5
664.0
176.5
53.5
472.0
65.5
385.0
302.5
176.5
179.5
341.5
355.0
373.0
221.5
457.0
301.0
365.5
536.5
410.5
245.5
467.5
244.0
517.0
158.5
425.5
251.5
497.5
653.5
619.0
787.0
79.0
110.5
721.0
158.5
388.0
329.5
184.0
709.0
125.5
40.0
581.5
248.5
746.5
76.0
112.0
202.0
40.0
128.5
787.0
607.0
745.0
790.0
467.5
419.5
97.0
200.5
526.0
526.0
154.0
637.0
77.5
218.5
638.5
224.5
190.0
526.0
148.0
457.0
440.5
458.5
194.5
431.5
607.0
175.0
178.0
622.0
419.5
172.0
155.5
509.5
512.5
668.5
550.0
163.0
88.0
688.0
373.0
182.5
599.5
191.5
89.5
61.0
136.0
587.5
433.0
452.5
652.0
286.0
344.5
554.5
476.5
85.0
208.0
274.0
772.0
178.0
280.0
586.0
604.0
475.0
340.0
91.0
124.0
320.5
364.0
67.0
652.0
515.5
67.0
656.5
734.5
380.5
196.0
472.0
56.5
199.0
659.5
310.0
175.0
191.5
409.0
619.0
473.5
601.0
577.0
49.0
269.5
268.0
262.0
328.0
463.0
65.5
613.0
215.5
575.5
278.5
385.0
709.0
617.5
137.5
389.5
259.0
257.5
805.0
313.0
154.0
548.5
353.5
383.5
341.5
674.5
296.5
214.0
293.5
185.5
553.0
85.0
590.5
481.0
751.0
149.5
377.5
400.0
38.5
626.5
374.5
298.0
211.0
94.0
379.0
533.5
242.5
116.5
877.0
539.5
479.5
224.5
26.5
200.5
392.5
235.0
853.0
485.5
440.5
715.0
124.0
181.0
491.5
167.5
266.5
568.0
595.0
430.0
592.0
557.5
346.0
172.0
139.0
482.5
517.0
85.0
641.5
379.0
275.5
20.5
673.0
649.0
251.5
685.0
307.0
122.5
515.5
343.0
376.0
217.0
517.0
161.5
241.0
496.0
274.0
514.0
176.5
401.5
103.0
71.5
268.0
166.0
223.0
244.0
199.0
166.0
259.0
526.0
602.5
497.5
236.5
805.0
211.0
472.0
548.5
103.0
467.5
353.5
673.0
676.0
457.0
671.5
685.0
64.0
233.5
454.0
241.0
152.5
511.0
581.5
296.5
835.0
274.0
791.5
604.0
248.5
322.0
292.0
248.5
34.0
152.5
67.0
172.0
178.0
44.5
170.5
130.0
109.0
218.5
484.0
223.0
611.5
290.5
182.5
182.5
803.5
259.0
185.5
542.5
670.0
565.0
248.5
154.0
694.0
305.5
398.5
346.0
563.5
122.5
319.0
196.0
112.0
425.5
680.5
610.0
655.0
410.5
155.5
703.0
583.0
391.0
781.0
377.5
793.0
460.0
124.0
326.5
220.0
98.5
655.0
607.0
400.0
223.0
352.0
286.0
413.5
778.0
29.5
373.0
161.5
770.5
155.5
607.0
59.5
737.5
149.5
179.5
349.0
605.5
218.5
610.0
386.5
706.0
622.0
268.0
242.5
293.5
97.0
292.0
610.0
164.5
287.5
167.5
742.0
334.0
262.0
239.5
377.5
829.0
439.0
748.0
661.0
452.5
511.0
212.5
622.0
628.0
701.5
305.5
497.5
545.5
329.5
244.0
703.0
233.5
160.0
193.0
448.0
451.0
187.0
476.5
634.0
206.5
521.5
401.5
667.0
308.5
667.0
808.0
251.5
707.5
238.0
44.5
748.0
296.5
295.0
158.5
95.5
715.0
716.5
469.0
407.5
152.5
517.0
116.5
518.5
457.0
682.0
691.0
350.5
736.0
52.0
71.5
38.5
658.0
758.5
604.0
451.0
127.0
472.0
739.0
346.0
179.5
130.0
83.5
554.5
58.0
637.0
197.5
148.0
371.5
806.5
605.5
535.0
646.0
451.0
440.5
313.0
322.0
826.0
500.5
125.5
190.0
803.5
269.5
197.5
790.0
557.5
400.0
326.5
61.0
448.0
706.0
661.0
838.0
203.5
733.0
127.0
560.5
757.0
589.0
289.0
665.5
229.0
418.0
479.5
499.0
137.5
734.5
80.5
58.0
160.0
166.0
670.0
340.0
472.0
358.0
283.0
517.0
439.0
125.5
227.5
341.5
673.0
680.5
541.0
413.5
418.0
52.0
88.0
224.5
301.0
742.0
818.5
373.0
203.5
532.0
809.5
59.5
80.5
512.5
101.5
481.0
364.0
620.5
559.0
509.5
250.0
292.0
632.5
43.0
541.0
680.5
472.0
343.0
247.0
290.5
593.5
310.0
421.0
443.5
173.5
550.0
107.5
611.5
94.0
