209.5
307.0
305.5
131.5
236.5
311.5
256.0
467.5
215.5
448.0
149.5
355.0
68.5
340.0
130.0
125.5
383.5
97.0
188.5
94.0
182.5
109.0
139.0
307.0
232.0
149.5
508.0
344.5
199.0
151.0
422.5
208.0
431.5
470.5
115.0
583.0
184.0
211.0
395.5
257.5
119.5
311.5
307.0
260.5
515.5
116.5
136.0
154.0
164.5
730.0
143.5
206.5
173.5
277.0
332.5
391.0
352.0
562.0
401.5
421.0
106.0
457.0
218.5
160.0
217.0
146.5
274.0
317.5
412.0
149.5
256.0
625.0
479.5
370.0
109.0
92.5
397.0
311.5
527.5
751.0
329.5
379.0
107.5
547.0
241.0
202.0
535.0
457.0
17.5
97.0
298.0
349.0
110.5
157.0
316.0
41.5
353.5
386.5
118.0
356.5
217.0
304.0
575.5
427.0
395.5
547.0
271.0
248.5
215.5
118.0
517.0
545.5
497.5
487.0
442.0
602.5
583.0
382.0
742.0
497.5
202.0
626.5
151.0
80.5
346.0
253.0
352.0
517.0
356.5
287.5
14.5
224.5
442.0
305.5
371.5
35.5
307.0
251.5
320.5
394.0
94.0
226.0
155.5
328.0
124.0
22.0
149.5
371.5
103.0
428.5
350.5
277.0
664.0
560.5
145.0
145.0
257.5
509.5
259.0
377.5
556.0
307.0
607.0
92.5
166.0
319.0
491.5
413.5
356.5
542.5
248.5
161.5
523.0
119.5
311.5
218.5
188.5
121.0
56.5
95.5
472.0
521.5
392.5
328.0
503.5
391.0
142.0
140.5
242.5
157.0
139.0
514.0
59.5
550.0
253.0
124.0
88.0
49.0
101.5
226.0
232.0
145.0
229.0
196.0
221.5
329.5
326.5
328.0
281.5
77.5
569.5
122.5
445.0
112.0
347.5
356.5
266.5
395.5
485.5
545.5
574.0
302.5
380.5
254.5
133.0
61.0
47.5
104.5
107.5
163.0
215.5
145.0
499.0
601.0
634.0
497.5
131.5
355.0
460.0
128.5
325.0
221.5
47.5
499.0
61.0
167.5
647.5
40.0
662.5
410.5
260.5
344.5
410.5
71.5
140.5
290.5
358.0
133.0
65.5
16.0
472.0
241.0
190.0
166.0
199.0
152.5
146.5
308.5
325.0
166.0
203.5
481.0
181.0
250.0
100.0
115.0
124.0
551.5
482.5
649.0
7.0
251.5
89.5
109.0
313.0
158.5
134.5
479.5
769.0
142.0
110.5
379.0
203.5
668.5
275.5
310.0
682.0
707.5
386.5
391.0
193.0
250.0
103.0
517.0
424.0
49.0
131.5
338.5
53.5
415.0
676.0
506.5
199.0
332.5
622.0
271.0
356.5
95.5
268.0
68.5
47.5
680.5
311.5
245.5
484.0
419.5
178.0
176.5
455.5
364.0
586.0
658.0
430.0
307.0
631.0
287.5
265.0
101.5
226.0
383.5
80.5
542.5
199.0
127.0
505.0
698.5
208.0
268.0
148.0
386.5
707.5
178.0
566.5
223.0
149.5
584.5
140.5
178.0
188.5
442.0
814.0
419.5
149.5
239.5
152.5
470.5
376.0
521.5
520.0
449.5
272.5
62.5
14.5
475.0
187.0
553.0
434.5
251.5
523.0
523.0
659.5
500.5
575.5
98.5
142.0
149.5
668.5
611.5
226.0
599.5
113.5
194.5
187.0
151.0
550.0
122.5
166.0
553.0
311.5
367.0
277.0
203.5
11.5
254.5
236.5
343.0
197.5
251.5
754.0
103.0
227.5
20.5
31.0
104.5
145.0
355.0
163.0
55.0
362.5
173.5
146.5
232.0
176.5
592.0
551.5
517.0
284.5
553.0
248.5
572.5
298.0
178.0
79.0
313.0
359.5
248.5
110.5
116.5
566.5
404.5
349.0
290.5
226.0
728.5
100.0
671.5
520.0
754.0
110.5
796.0
265.0
460.0
112.0
361.0
430.0
469.0
328.0
476.5
127.0
157.0
130.0
539.5
281.5
106.0
191.5
437.5
73.0
206.5
238.0
407.5
185.5
101.5
529.0
617.5
473.5
518.5
331.0
500.5
191.5
517.0
425.5
400.0
244.0
74.5
61.0
571.0
320.5
236.5
77.5
670.0
545.5
613.0
575.5
427.0
199.0
254.5
244.0
347.5
28.0
407.5
157.0
440.5
451.0
280.0
104.5
337.0
230.5
299.5
709.0
68.5
226.0
422.5
235.0
302.5
295.0
157.0
407.5
152.5
164.5
556.0
137.5
173.5
512.5
571.0
31.0
463.0
577.0
317.5
734.5
610.0
274.0
317.5
661.0
524.5
110.5
263.5
443.5
233.5
553.0
286.0
187.0
109.0
311.5
295.0
554.5
131.5
490.0
230.5
394.0
296.5
223.0
119.5
181.0
425.5
73.0
512.5
479.5
385.0
182.5
191.5
88.0
314.5
251.5
262.0
433.0
508.0
106.0
245.5
673.0
98.5
368.5
548.5
350.5
566.5
92.5
194.5
650.5
178.0
523.0
461.5
383.5
292.0
247.0
308.5
329.5
2.5
677.5
448.0
595.0
70.0
245.5
185.5
226.0
310.0
473.5
107.5
338.5
386.5
169.0
317.5
430.0
14.5
409.0
296.5
584.5
332.5
568.0
440.5
127.0
659.5
187.0
481.0
605.5
88.0
536.5
409.0
38.5
398.5
212.5
119.5
560.5
476.5
133.0
239.5
544.0
517.0
382.0
316.0
341.5
119.5
359.5
611.5
127.0
95.5
65.5
187.0
305.5
439.0
50.5
59.5
154.0
232.0
643.0
425.5
101.5
136.0
286.0
109.0
649.0
163.0
106.0
457.0
322.0
52.0
677.5
485.5
286.0
298.0
376.0
385.0
215.5
226.0
233.5
110.5
190.0
484.0
583.0
215.5
409.0
481.0
196.0
589.0
130.0
181.0
220.0
130.0
721.0
475.0
389.5
292.0
130.0
178.0
169.0
596.5
533.5
254.5
293.5
170.5
16.0
68.5
182.5
124.0
292.0
191.5
128.5
109.0
77.5
110.5
343.0
199.0
464.5
301.0
610.0
557.5
353.5
116.5
251.5
79.0
745.0
116.5
335.5
656.5
283.0
547.0
494.5
496.0
241.0
73.0
44.5
194.5
191.5
95.5
626.5
523.0
38.5
109.0
640.0
157.0
352.0
352.0
193.0
176.5
332.5
386.5
505.0
193.0
196.0
127.0
179.5
448.0
226.0
619.0
533.5
731.5
190.0
443.5
452.5
449.5
503.5
190.0
221.5
254.5
614.5
458.5
266.5
70.0
203.5
658.0
145.0
326.5
338.5
704.5
41.5
626.5
187.0
169.0
16.0
232.0
148.0
125.5
212.5
125.5
286.0
410.5
650.5
53.5
302.5
178.0
101.5
374.5
581.5
361.0
382.0
179.5
245.5
395.5
275.5
151.0
344.5
697.0
508.0
118.0
98.5
352.0
644.5
469.0
436.0
455.5
181.0
212.5
122.5
119.5
329.5
601.0
50.5
64.0
194.5
277.0
682.0
797.5
419.5
346.0
344.5
158.5
337.0
116.5
406.0
115.0
151.0
148.0
133.0
208.0
353.5
190.0
205.0
592.0
473.5
340.0
322.0
62.5
184.0
646.0
379.0
272.5
271.0
232.0
389.5
233.5
190.0
202.0
191.5
176.5
283.0
224.5
454.0
137.5
184.0
331.0
151.0
313.0
59.5
266.5
148.0
389.5
625.0
527.5
440.5
196.0
425.5
148.0
175.0
224.5
166.0
38.5
505.0
110.5
95.5
242.5
122.5
209.5
463.0
572.5
187.0
329.5
278.5
323.5
101.5
488.5
355.0
392.5
374.5
445.0
35.5
155.5
173.5
748.0
457.0
103.0
376.0
443.5
196.0
89.5
200.5
86.5
242.5
32.5
124.0
206.5
194.5
46.0
367.0
256.0
103.0
638.5
281.5
328.0
209.5
338.5
493.0
476.5
56.5
80.5
610.0
196.0
247.0
367.0
523.0
577.0
362.5
256.0
202.0
400.0
136.0
127.0
485.5
64.0
457.0
83.5
283.0
346.0
253.0
205.0
118.0
265.0
220.0
121.0
238.0
88.0
493.0
37.0
236.5
416.5
527.5
16.0
247.0
223.0
428.5
197.5
89.5
334.0
182.5
367.0
53.5
358.0
209.5
485.5
617.5
124.0
268.0
722.5
611.5
277.0
592.0
281.5
11.5
592.0
443.5
719.5
481.0
320.5
604.0
277.0
94.0
527.5
434.5
623.5
239.5
173.5
347.5
499.0
530.5
622.0
352.0
506.5
101.5
137.5
178.0
211.0
379.0
97.0
121.0
172.0
227.5
634.0
530.5
433.0
554.5
110.5
580.0
70.0
352.0
340.0
121.0
170.5
292.0
638.5
134.5
350.5
196.0
547.0
677.5
98.5
194.5
85.0
140.5
203.5
218.5
83.5
313.0
335.5
157.0
214.0
491.5
178.0
308.5
298.0
163.0
502.0
64.0
118.0
95.5
232.0
194.5
226.0
215.5
230.5
437.5
181.0
118.0
331.0
416.5
157.0
95.5
613.0
166.0
652.0
266.5
311.5
136.0
187.0
151.0
427.0
277.0
484.0
278.5
509.5
269.5
134.5
181.0
179.5
205.0
47.5
392.5
208.0
122.5
44.5
278.5
355.0
614.5
416.5
299.5
224.5
565.0
110.5
394.0
112.0
263.5
236.5
475.0
196.0
64.0
413.5
677.5
421.0
193.0
164.5
325.0
383.5
44.5
187.0
574.0
332.5
104.5
418.0
208.0
290.5
70.0
188.5
104.5
701.5
251.5
230.5
562.0
79.0
586.0
349.0
164.5
350.5
214.0
331.0
124.0
118.0
53.5
541.0
193.0
179.5
196.0
34.0
149.5
583.0
281.5
554.5
182.5
143.5
235.0
7.0
136.0
89.5
221.5
253.0
319.0
170.5
262.0
374.5
224.5
349.0
263.5
101.5
98.5
464.5
91.0
56.5
247.0
245.5
289.0
118.0
122.5
578.5
392.5
259.0
364.0
284.5
430.0
157.0
251.5
223.0
112.0
181.0
379.0
158.5
196.0
158.5
130.0
434.5
515.5
211.0
164.5
251.5
389.5
317.5
386.5
211.0
275.5
238.0
427.0
560.5
172.0
340.0
83.5
449.5
601.0
469.0
91.0
289.0
253.0
263.5
407.5
407.5
382.0
530.5
548.5
238.0
473.5
455.5
88.0
400.0
179.5
448.0
91.0
652.0
374.5
373.0
349.0
308.5
385.0
775.0
26.5
383.5
178.0
371.5
80.5
544.0
398.5
167.5
155.5
197.5
718.0
401.5
125.5
500.5
398.5
545.5
286.0
274.0
44.5
545.5
400.0
46.0
86.5
185.5
200.5
242.5
313.0
89.5
695.5
116.5
278.5
557.5
337.0
244.0
541.0
286.0
220.0
347.5
152.5
442.0
112.0
65.5
494.5
230.5
142.0
259.0
173.5
97.0
244.0
217.0
169.0
337.0
250.0
146.5
505.0
524.5
491.5
464.5
503.5
37.0
265.0
244.0
473.5
325.0
421.0
187.0
460.0
176.5
311.5
148.0
592.0
103.0
232.0
281.5
421.0
170.5
182.5
292.0
448.0
200.5
226.0
368.5
113.5
155.5
304.0
365.5
394.0
191.5
44.5
196.0
350.5
299.5
403.0
104.5
220.0
590.5
145.0
280.0
70.0
232.0
610.0
314.5
280.0
185.5
167.5
112.0
707.5
121.0
215.5
332.5
683.5
431.5
446.5
254.5
359.5
635.5
418.0
838.0
128.5
44.5
146.5
442.0
346.0
478.0
412.0
493.0
610.0
272.5
175.0
538.0
268.0
160.0
194.5
520.0
560.5
158.5
427.0
295.0
107.5
428.5
311.5
280.0
326.5
632.5
196.0
241.0
434.5
340.0
416.5
76.0
257.5
680.5
668.5
476.5
361.0
121.0
121.0
446.5
344.5
208.0
547.0
430.0
73.0
116.5
140.5
254.5
476.5
559.0
125.5
514.0
482.5
197.5
190.0
163.0
260.5
116.5
104.5
482.5
280.0
587.5
301.0
130.0
344.5
254.5
355.0
46.0
373.0
428.5
137.5
299.5
136.0
587.5
242.5
652.0
263.5
229.0
565.0
139.0
337.0
481.0
178.0
109.0
224.5
64.0
704.5
274.0
598.0
736.0
299.5
289.0
667.0
470.5
287.5
158.5
182.5
295.0
248.5
109.0
149.5
104.5
262.0
206.5
493.0
500.5
328.0
782.5
109.0
214.0
154.0
203.5
244.0
527.5
734.5
92.5
505.0
547.0
421.0
359.5
253.0
215.5
161.5
568.0
71.5
152.5
280.0
47.5
50.5
221.5
187.0
254.5
181.0
140.5
247.0
508.0
379.0
518.5
331.0
278.5
215.5
98.5
647.5
221.5
328.0
214.0
167.5
25.0
548.5
133.0
199.0
446.5
128.5
643.0
103.0
394.0
578.5
251.5
175.0
62.5
224.5
109.0
116.5
343.0
499.0
46.0
143.5
119.5
35.5
293.5
100.0
416.5
244.0
242.5
197.5
257.5
677.5
367.0
470.5
82.0
83.5
355.0
169.0
412.0
121.0
73.0
139.0
251.5
256.0
449.5
449.5
358.0
343.0
272.5
80.5
158.5
493.0
133.0
250.0
173.5
52.0
407.5
446.5
58.0
161.5
643.0
88.0
164.5
553.0
457.0
382.0
475.0
622.0
170.5
329.5
317.5
284.5
166.0
361.0
454.0
490.0
185.5
467.5
452.5
343.0
347.5
106.0
143.5
551.5
392.5
65.5
464.5
319.0
259.0
407.5
157.0
334.0
557.5
208.0
166.0
514.0
151.0
199.0
259.0
209.5
304.0
536.5
329.5
355.0
98.5
152.5
212.5
328.0
142.0
68.5
395.5
374.5
85.0
130.0
476.5
322.0
326.5
232.0
154.0
44.5
110.5
437.5
203.5
319.0
304.0
266.5
188.5
61.0
187.0
253.0
397.0
379.0
172.0
398.5
239.5
212.5
661.0
457.0
554.5
248.5
455.5
128.5
218.5
368.5
284.5
145.0
206.5
584.5
346.0
197.5
343.0
329.5
58.0
388.0
187.0
502.0
157.0
416.5
164.5
52.0
491.5
539.5
511.0
104.5
167.5
167.5
251.5
160.0
127.0
290.5
316.0
241.0
704.5
359.5
383.5
709.0
194.5
224.5
161.5
311.5
229.0
476.5
251.5
533.5
11.5
338.5
256.0
95.5
29.5
202.0
404.5
427.0
470.5
61.0
191.5
214.0
473.5
121.0
73.0
428.5
103.0
356.5
160.0
272.5
223.0
484.0
229.0
188.5
175.0
31.0
328.0
217.0
139.0
217.0
118.0
311.5
298.0
142.0
331.0
589.0
137.5
554.5
185.5
581.5
448.0
271.0
107.5
92.5
313.0
251.5
461.5
310.0
550.0
299.5
68.5
271.0
254.5
50.5
83.5
130.0
331.0
143.5
308.5
527.5
88.0
94.0
656.5
149.5
127.0
170.5
166.0
280.0
139.0
644.5
134.5
514.0
484.0
56.5
374.5
205.0
629.5
92.5
133.0
281.5
508.0
500.5
247.0
295.0
421.0
161.5
431.5
263.5
128.5
77.5
247.0
181.0
518.5
101.5
601.0
160.0
367.0
367.0
316.0
155.5
223.0
367.0
349.0
248.5
311.5
199.0
505.0
418.0
308.5
212.5
298.0
287.5
208.0
104.5
623.5
428.5
509.5
395.5
112.0
346.0
247.0
250.0
277.0
284.5
619.0
812.5
440.5
230.5
101.5
139.0
133.0
212.5
343.0
365.5
214.0
287.5
581.5
367.0
211.0
401.5
461.5
185.5
214.0
101.5
170.5
43.0
242.5
527.5
139.0
317.5
175.0
143.5
236.5
155.5
109.0
299.5
202.0
536.5
407.5
595.0
188.5
185.5
323.5
331.0
656.5
322.0
95.5
170.5
89.5
229.0
550.0
620.5
566.5
344.5
785.5
380.5
388.0
809.5
281.5
65.5
95.5
370.0
128.5
71.5
70.0
254.5
296.5
392.5
449.5
44.5
440.5
455.5
193.0
146.5
164.5
334.0
191.5
452.5
125.5
167.5
181.0
415.0
139.0
97.0
134.5
94.0
563.5
139.0
190.0
50.5
232.0
238.0
443.5
205.0
587.5
151.0
253.0
125.5
313.0
217.0
163.0
403.0
140.5
671.5
202.0
376.0
433.0
733.0
344.5
190.0
487.0
284.5
403.0
238.0
550.0
82.0
544.0
173.5
320.5
119.5
350.5
236.5
376.0
206.5
595.0
193.0
355.0
290.5
196.0
439.0
184.0
200.5
722.5
253.0
229.0
247.0
76.0
26.5
127.0
142.0
601.0
106.0
602.5
323.5
535.0
83.5
640.0
80.5
193.0
262.0
200.5
212.5
512.5
209.5
223.0
262.0
164.5
152.5
86.5
263.5
209.5
373.0
310.0
673.0
538.0
179.5
364.0
410.5
125.5
94.0
443.5
598.0
701.5
430.0
52.0
364.0
365.5
79.0
236.5
248.5
752.5
224.5
710.5
212.5
106.0
509.5
674.5
79.0
227.5
76.0
382.0
571.0
574.0
142.0
313.0
164.5
59.5
161.5
164.5
190.0
161.5
368.5
602.5
226.0
412.0
190.0
206.5
74.5
182.5
49.0
97.0
256.0
155.5
163.0
152.5
341.5
541.0
404.5
400.0
734.5
668.5
206.5
38.5
284.5
478.0
452.5
263.5
500.5
182.5
182.5
287.5
221.5
119.5
361.0
161.5
362.5
242.5
352.0
229.0
259.0
71.5
67.0
95.5
244.0
325.0
34.0
382.0
212.5
233.5
217.0
196.0
254.5
532.0
118.0
259.0
29.5
719.5
238.0
167.5
47.5
89.5
121.0
148.0
292.0
236.5
497.5
343.0
164.5
242.5
101.5
176.5
608.5
127.0
74.5
626.5
467.5
665.5
299.5
250.0
350.5
253.0
398.5
577.0
430.0
134.5
128.5
376.0
179.5
553.0
224.5
277.0
98.5
113.5
52.0
217.0
530.5
274.0
482.5
80.5
385.0
467.5
488.5
557.5
196.0
487.0
212.5
475.0
334.0
395.5
277.0
265.0
130.0
455.5
296.5
104.5
194.5
377.5
217.0
104.5
376.0
193.0
119.5
95.5
451.0
88.0
107.5
176.5
514.0
253.0
226.0
178.0
199.0
319.0
425.5
409.0
407.5
380.5
397.0
398.5
118.0
82.0
137.5
172.0
173.5
349.0
520.0
604.0
112.0
173.5
241.0
148.0
167.5
541.0
436.0
382.0
394.0
697.0
338.5
203.5
473.5
355.0
134.5
122.5
104.5
181.0
235.0
482.5
250.0
95.5
605.5
175.0
313.0
143.5
191.5
137.5
418.0
394.0
343.0
596.5
391.0
290.5
47.5
658.0
341.5
647.5
139.0
247.0
196.0
316.0
176.5
476.5
194.5
415.0
128.5
533.5
353.5
463.0
79.0
358.0
266.5
163.0
688.0
247.0
220.0
236.5
739.0
322.0
727.0
428.5
262.0
773.5
239.5
107.5
518.5
212.5
250.0
517.0
109.0
133.0
566.5
301.0
125.5
292.0
17.5
259.0
187.0
419.5
316.0
187.0
301.0
148.0
358.0
175.0
580.0
148.0
208.0
40.0
289.0
572.5
271.0
80.5
185.5
182.5
104.5
368.5
163.0
544.0
304.0
212.5
665.5
707.5
176.5
272.5
157.0
218.5
101.5
356.5
436.0
817.0
610.0
353.5
472.0
113.5
631.0
203.5
103.0
260.5
323.5
7.0
620.5
166.0
29.5
409.0
314.5
328.0
553.0
328.0
127.0
334.0
98.5
202.0
124.0
289.0
115.0
280.0
398.5
752.5
280.0
328.0
77.5
484.0
404.5
463.0
157.0
139.0
266.5
244.0
292.0
722.5
160.0
79.0
193.0
100.0
362.5
158.5
146.5
424.0
59.5
281.5
290.5
199.0
151.0
364.0
665.5
551.5
344.5
80.5
25.0
233.5
427.0
515.5
421.0
320.5
299.5
137.5
734.5
202.0
401.5
215.5
160.0
128.5
419.5
235.0
290.5
449.5
617.5
199.0
221.5
503.5
199.0
488.5
379.0
172.0
302.5
343.0
215.5
95.5
323.5
13.0
197.5
751.0
94.0
289.0
47.5
236.5
220.0
127.0
23.5
175.0
325.0
256.0
109.0
389.5
529.0
215.5
320.5
631.0
587.5
94.0
667.0
385.0
136.0
374.5
346.0
388.0
353.5
296.5
344.5
65.5
142.0
299.5
413.5
161.5
97.0
148.0
74.5
614.5
142.0
89.5
337.0
91.0
145.0
206.5
209.5
142.0
55.0
212.5
175.0
502.0
482.5
440.5
86.5
86.5
127.0
251.5
145.0
143.5
197.5
238.0
380.5
112.0
148.0
811.0
458.5
536.5
421.0
26.5
97.0
266.5
94.0
26.5
157.0
326.5
544.0
355.0
641.5
262.0
166.0
617.5
845.5
238.0
65.5
331.0
20.5
404.5
151.0
157.0
268.0
220.0
236.5
76.0
230.5
401.5
167.5
184.0
484.0
266.5
247.0
397.0
751.0
122.5
349.0
626.5
353.5
260.5
484.0
302.5
554.5
383.5
179.5
182.5
679.0
511.0
68.5
548.5
205.0
62.5
301.0
167.5
251.5
181.0
259.0
191.5
602.5
443.5
215.5
125.5
280.0
233.5
118.0
215.5
118.0
262.0
724.0
154.0
449.5
689.5
215.5
292.0
110.5
235.0
211.0
451.0
194.5
424.0
206.5
316.0
212.5
196.0
65.5
353.5
128.5
439.0
545.5
83.5
194.5
92.5
161.5
190.0
217.0
382.0
631.0
530.5
589.0
421.0
646.0
556.0
766.0
103.0
314.5
329.5
281.5
151.0
251.5
95.5
101.5
575.5
595.0
485.5
230.5
131.5
229.0
646.0
601.0
106.0
391.0
199.0
665.5
170.5
206.5
338.5
229.0
232.0
149.5
227.5
82.0
497.5
359.5
506.5
190.0
184.0
446.5
113.5
119.5
197.5
463.0
287.5
91.0
701.5
253.0
185.5
14.5
263.5
151.0
176.5
323.5
628.0
131.5
602.5
430.0
524.5
754.0
410.5
194.5
46.0
283.0
31.0
148.0
38.5
392.5
277.0
457.0
532.0
484.0
511.0
49.0
101.5
202.0
328.0
284.5
212.5
418.0
275.5
164.5
512.5
451.0
121.0
124.0
532.0
508.0
277.0
301.0
167.5
572.5
328.0
139.0
224.5
235.0
200.5
130.0
191.5
590.5
92.5
418.0
200.5
359.5
605.5
184.0
368.5
371.5
140.5
118.0
209.5
196.0
448.0
160.0
245.5
140.5
491.5
133.0
143.5
509.5
415.0
121.0
158.5
286.0
511.0
332.5
241.0
281.5
340.0
523.0
397.0
532.0
349.0
632.5
47.5
98.5
596.5
166.0
194.5
449.5
647.5
221.5
302.5
413.5
335.5
355.0
328.0
334.0
218.5
82.0
43.0
290.5
221.5
247.0
577.0
545.5
131.5
134.5
508.0
352.0
110.5
727.0
620.5
361.0
23.5
481.0
85.0
145.0
319.0
374.5
373.0
575.5
686.5
502.0
565.0
542.5
440.5
161.5
335.5
70.0
319.0
248.5
343.0
217.0
478.0
458.5
103.0
673.0
359.5
245.5
115.0
395.5
739.0
79.0
154.0
457.0
385.0
109.0
68.5
163.0
175.0
512.5
322.0
439.0
139.0
143.5
715.0
116.5
379.0
118.0
244.0
260.5
332.5
271.0
202.0
227.5
184.0
148.0
49.0
370.0
200.5
232.0
307.0
337.0
256.0
37.0
338.5
337.0
64.0
142.0
715.0
347.5
530.5
181.0
274.0
595.0
400.0
340.0
338.5
326.5
635.5
148.0
278.5
433.0
548.5
772.0
641.5
107.5
199.0
101.5
341.5
119.5
151.0
113.5
233.5
319.0
119.5
277.0
226.0
205.0
134.5
263.5
215.5
223.0
416.5
296.5
410.5
172.0
70.0
779.5
370.0
557.5
217.0
163.0
254.5
412.0
292.0
260.5
382.0
110.5
53.5
412.0
350.5
388.0
185.5
353.5
89.5
190.0
334.0
313.0
91.0
358.0
164.5
361.0
275.5
116.5
634.0
298.0
602.5
46.0
451.0
73.0
604.0
568.0
221.5
598.0
314.5
79.0
224.5
263.5
223.0
110.5
272.5
199.0
505.0
382.0
154.0
241.0
185.5
220.0
253.0
278.5
479.5
293.5
134.5
245.5
239.5
259.0
187.0
124.0
157.0
158.5
290.5
59.5
556.0
494.5
277.0
470.5
397.0
254.5
167.5
410.5
109.0
688.0
469.0
314.5
76.0
47.5
422.5
113.5
281.5
313.0
271.0
230.5
70.0
113.5
17.5
55.0
271.0
43.0
344.5
191.5
376.0
100.0
154.0
172.0
374.5
229.0
386.5
274.0
374.5
457.0
421.0
484.0
143.5
436.0
209.5
179.5
415.0
188.5
130.0
359.5
317.5
209.5
188.5
392.5
314.5
407.5
484.0
289.0
170.5
281.5
191.5
146.5
256.0
323.5
647.5
164.5
83.5
331.0
8.5
388.0
328.0
481.0
322.0
371.5
380.5
61.0
188.5
778.0
307.0
445.0
155.5
106.0
619.0
202.0
193.0
101.5
182.5
179.5
215.5
427.0
554.5
193.0
578.5
487.0
176.5
302.5
326.5
613.0
92.5
485.5
382.0
337.0
269.5
103.0
226.0
154.0
179.5
13.0
145.0
296.5
140.5
224.5
178.0
121.0
68.5
94.0
469.0
311.5
145.0
202.0
259.0
163.0
433.0
488.5
293.5
175.0
52.0
254.5
152.5
343.0
353.5
320.5
254.5
133.0
295.0
173.5
53.5
362.5
445.0
535.0
97.0
130.0
793.0
449.5
545.5
616.0
245.5
52.0
131.5
92.5
139.0
175.0
62.5
41.5
647.5
133.0
166.0
446.5
292.0
488.5
457.0
56.5
131.5
428.5
646.0
433.0
325.0
511.0
265.0
182.5
184.0
668.5
425.5
175.0
430.0
257.5
262.0
182.5
473.5
326.5
206.5
374.5
463.0
82.0
58.0
424.0
556.0
313.0
116.5
415.0
731.5
16.0
110.5
467.5
169.0
460.0
146.5
133.0
28.0
170.5
259.0
640.0
382.0
302.5
385.0
415.0
290.5
427.0
704.5
526.0
77.5
83.5
388.0
212.5
101.5
644.5
391.0
526.0
446.5
232.0
422.5
370.0
581.5
406.0
419.5
334.0
406.0
307.0
650.5
70.0
272.5
581.5
478.0
95.5
158.5
133.0
251.5
145.0
313.0
37.0
232.0
394.0
361.0
578.5
223.0
373.0
202.0
407.5
647.5
313.0
166.0
257.5
113.5
370.0
323.5
154.0
583.0
724.0
169.0
172.0
536.5
563.5
106.0
403.0
230.5
472.0
454.0
341.5
598.0
277.0
176.5
419.5
59.5
359.5
305.5
149.5
86.5
524.5
415.0
52.0
148.0
325.0
212.5
427.0
161.5
149.5
496.0
412.0
536.5
134.5
296.5
460.0
151.0
133.0
473.5
311.5
515.5
433.0
241.0
253.0
199.0
469.0
107.5
260.5
130.0
59.5
481.0
286.0
182.5
365.5
193.0
269.5
88.0
80.5
403.0
707.5
500.5
233.5
193.0
362.5
670.0
517.0
755.5
362.5
47.5
346.0
76.0
29.5
212.5
263.5
164.5
470.5
308.5
128.5
188.5
707.5
121.0
314.5
409.0
466.0
122.5
628.0
257.5
398.5
554.5
274.0
319.0
164.5
695.5
301.0
290.5
374.5
182.5
587.5
188.5
337.0
341.5
346.0
91.0
577.0
284.5
154.0
235.0
344.5
430.0
361.0
562.0
613.0
712.0
47.5
305.5
203.5
254.5
430.0
277.0
577.0
110.5
256.0
706.0
322.0
257.5
596.5
175.0
794.5
353.5
673.0
76.0
167.5
89.5
181.0
104.5
194.5
605.5
37.0
121.0
289.0
94.0
452.5
142.0
103.0
248.5
79.0
220.0
238.0
472.0
461.5
370.0
199.0
487.0
368.5
245.5
784.0
556.0
391.0
268.0
352.0
170.5
464.5
182.5
52.0
440.5
283.0
268.0
160.0
343.0
149.5
121.0
31.0
104.5
118.0
547.0
32.5
361.0
170.5
374.5
500.5
140.5
284.5
107.5
302.5
634.0
311.5
307.0
175.0
607.0
512.5
280.0
169.0
688.0
391.0
589.0
217.0
556.0
289.0
407.5
451.0
151.0
184.0
383.5
517.0
337.0
616.0
455.5
401.5
76.0
139.0
433.0
500.5
130.0
601.0
436.0
485.5
169.0
236.5
364.0
526.0
98.5
217.0
808.0
598.0
113.5
221.5
490.0
398.5
49.0
191.5
83.5
113.5
52.0
70.0
212.5
220.0
46.0
140.5
233.5
169.0
247.0
191.5
83.5
226.0
349.0
68.5
238.0
289.0
247.0
368.5
164.5
559.0
79.0
223.0
341.5
214.0
238.0
574.0
193.0
301.0
167.5
533.5
730.0
274.0
475.0
353.5
305.5
433.0
706.0
299.5
89.5
434.5
373.0
391.0
499.0
337.0
332.5
296.5
266.5
187.0
538.0
179.5
290.5
490.0
427.0
376.0
103.0
305.5
167.5
118.0
634.0
109.0
524.5
625.0
539.5
110.5
223.0
152.5
217.0
217.0
511.0
356.5
574.0
536.5
199.0
184.0
139.0
188.5
256.0
103.0
233.5
145.0
662.5
199.0
508.0
134.5
74.5
470.5
212.5
220.0
326.5
529.0
253.0
527.5
574.0
352.0
709.0
389.5
95.5
98.5
56.5
305.5
350.5
155.5
188.5
164.5
350.5
55.0
230.5
500.5
670.0
344.5
113.5
88.0
115.0
170.5
217.0
401.5
535.0
295.0
89.5
244.0
61.0
263.5
776.5
494.5
445.0
259.0
430.0
263.5
139.0
221.5
401.5
248.5
476.5
176.5
106.0
97.0
463.0
326.5
560.5
307.0
496.0
10.0
451.0
161.5
199.0
506.5
337.0
40.0
172.0
440.5
533.5
182.5
703.0
424.0
235.0
127.0
215.5
353.5
143.5
263.5
245.5
364.0
326.5
364.0
473.5
229.0
317.5
224.5
13.0
430.0
647.5
155.5
317.5
307.0
299.5
740.5
100.0
202.0
166.0
467.5
661.0
203.5
205.0
383.5
499.0
605.5
340.0
314.5
130.0
455.5
313.0
413.5
250.0
256.0
11.5
506.5
205.0
277.0
337.0
259.0
296.5
377.5
847.0
536.5
523.0
358.0
197.5
248.5
550.0
59.5
95.5
302.5
455.5
191.5
617.5
262.0
109.0
479.5
395.5
172.0
109.0
196.0
263.5
173.5
808.0
275.5
211.0
562.0
511.0
337.0
263.5
287.5
487.0
263.5
545.5
308.5
242.5
649.0
542.5
259.0
715.0
89.5
682.0
301.0
28.0
119.5
470.5
383.5
203.5
169.0
194.5
274.0
574.0
376.0
263.5
443.5
605.5
494.5
700.0
587.5
541.0
142.0
37.0
527.5
125.5
418.0
133.0
176.5
160.0
395.5
110.5
221.5
133.0
307.0
170.5
295.0
157.0
412.0
608.5
293.5
371.5
349.0
188.5
146.5
578.5
176.5
544.0
587.5
116.5
286.0
226.0
340.0
595.0
472.0
329.5
160.0
170.5
442.0
77.5
155.5
488.5
394.0
131.5
233.5
230.5
92.5
500.5
269.5
182.5
191.5
322.0
178.0
421.0
310.0
104.5
550.0
22.0
361.0
197.5
224.5
505.0
380.5
124.0
109.0
118.0
488.5
277.0
323.5
263.5
583.0
245.5
328.0
217.0
640.0
193.0
191.5
257.5
512.5
677.5
313.0
109.0
107.5
100.0
698.5
374.5
389.5
380.5
466.0
379.0
116.5
383.5
499.0
544.0
527.5
116.5
188.5
37.0
608.5
218.5
541.0
500.5
553.0
404.5
94.0
274.0
214.0
187.0
547.0
385.0
188.5
395.5
404.5
290.5
409.0
158.5
157.0
401.5
535.0
296.5
371.5
127.0
532.0
275.5
229.0
235.0
146.5
62.5
314.5
163.0
128.5
112.0
280.0
85.0
481.0
190.0
443.5
269.5
298.0
679.0
74.5
334.0
55.0
413.5
41.5
83.5
376.0
89.5
445.0
292.0
506.5
142.0
238.0
232.0
547.0
136.0
124.0
190.0
287.5
431.5
136.0
166.0
487.0
380.5
74.5
223.0
125.5
179.5
338.5
164.5
292.0
590.5
506.5
196.0
196.0
283.0
277.0
460.0
196.0
112.0
146.5
454.0
493.0
344.5
167.5
614.5
326.5
341.5
197.5
281.5
116.5
274.0
353.5
64.0
134.5
427.0
176.5
349.0
23.5
587.5
130.0
40.0
470.5
166.0
113.5
139.0
88.0
173.5
413.5
236.5
206.5
259.0
176.5
176.5
194.5
164.5
506.5
107.5
119.5
230.5
98.5
232.0
331.0
275.5
335.5
280.0
530.5
631.0
343.0
136.0
70.0
418.0
254.5
467.5
181.0
206.5
287.5
154.0
25.0
151.0
145.0
532.0
190.0
347.5
181.0
592.0
331.0
607.0
307.0
136.0
95.5
344.5
460.0
608.5
760.0
541.0
161.5
227.5
289.0
430.0
265.0
254.5
368.5
247.0
232.0
538.0
197.5
173.5
401.5
166.0
536.5
119.5
278.5
344.5
674.5
329.5
343.0
182.5
440.5
587.5
362.5
569.5
356.5
410.5
721.0
409.0
169.0
164.5
206.5
722.5
560.5
313.0
419.5
244.0
184.0
113.5
383.5
659.5
526.0
271.0
70.0
350.5
554.5
115.0
542.5
290.5
160.0
289.0
145.0
284.5
224.5
599.5
721.0
178.0
115.0
481.0
199.0
229.0
137.5
253.0
389.5
128.5
206.5
65.5
125.5
391.0
311.5
730.0
439.0
500.5
319.0
76.0
295.0
293.5
94.0
176.5
286.0
212.5
181.0
173.5
629.5
61.0
526.0
376.0
64.0
274.0
163.0
403.0
592.0
142.0
332.5
136.0
598.0
472.0
179.5
251.5
380.5
230.5
244.0
440.5
182.5
466.0
268.0
280.0
286.0
70.0
385.0
574.0
139.0
197.5
424.0
259.0
17.5
167.5
163.0
457.0
97.0
455.5
31.0
142.0
236.5
376.0
536.5
278.5
380.5
262.0
653.5
485.5
601.0
199.0
106.0
158.5
233.5
130.0
260.5
616.0
289.0
379.0
635.5
275.5
430.0
256.0
577.0
716.5
136.0
763.0
617.5
356.5
170.5
173.5
307.0
226.0
292.0
77.5
362.5
415.0
214.0
682.0
176.5
85.0
265.0
199.0
58.0
157.0
247.0
682.0
523.0
217.0
124.0
91.0
170.5
338.5
161.5
544.0
67.0
157.0
559.0
140.5
641.5
314.5
437.5
119.5
403.0
194.5
382.0
55.0
179.5
151.0
544.0
395.5
679.0
329.5
283.0
142.0
610.0
127.0
83.5
640.0
421.0
190.0
112.0
338.5
368.5
118.0
511.0
478.0
95.5
188.5
587.5
374.5
347.5
211.0
413.5
626.5
134.5
265.0
346.0
142.0
131.5
136.0
398.5
443.5
449.5
188.5
479.5
100.0
536.5
65.5
34.0
107.5
319.0
148.0
454.0
145.0
266.5
208.0
544.0
434.5
322.0
160.0
343.0
85.0
533.5
737.5
691.0
268.0
283.0
47.5
203.5
328.0
295.0
286.0
425.5
227.5
241.0
206.5
292.0
163.0
323.5
283.0
217.0
224.5
490.0
403.0
514.0
227.5
233.5
556.0
133.0
208.0
400.0
79.0
86.5
203.5
352.0
610.0
557.5
479.5
187.0
440.5
316.0
326.5
166.0
349.0
407.5
521.5
544.0
550.0
335.5
212.5
277.0
68.5
322.0
403.0
220.0
392.5
464.5
251.5
134.5
328.0
335.5
365.5
115.0
260.5
52.0
95.5
160.0
130.0
490.0
239.5
46.0
125.5
148.0
89.5
583.0
310.0
199.0
190.0
65.5
50.5
712.0
167.5
266.5
212.5
226.0
301.0
238.0
32.5
167.5
515.5
424.0
52.0
133.0
113.5
292.0
196.0
41.5
115.0
176.5
275.5
133.0
166.0
197.5
353.5
94.0
56.5
113.5
368.5
362.5
215.5
460.0
229.0
377.5
580.0
668.5
67.0
334.0
421.0
376.0
202.0
245.5
431.5
46.0
187.0
655.0
592.0
527.5
496.0
526.0
253.0
44.5
224.5
154.0
68.5
182.5
118.0
340.0
65.5
401.5
380.5
152.5
457.0
509.5
205.0
55.0
127.0
184.0
491.5
143.5
16.0
433.0
428.5
133.0
265.0
310.0
311.5
130.0
335.5
400.0
754.0
436.0
202.0
272.5
193.0
245.5
338.5
157.0
178.0
109.0
134.5
268.0
152.5
506.5
151.0
700.0
95.5
116.5
391.0
331.0
361.0
137.5
224.5
379.0
520.0
218.5
227.5
449.5
611.5
392.5
376.0
677.5
544.0
575.5
425.5
494.5
638.5
260.5
436.0
341.5
97.0
61.0
161.5
142.0
518.5
553.0
317.5
331.0
406.0
187.0
94.0
578.5
451.0
421.0
46.0
235.0
391.0
361.0
629.5
238.0
160.0
560.5
448.0
602.5
311.5
298.0
166.0
118.0
580.0
187.0
407.5
736.0
386.5
274.0
494.5
92.5
164.5
176.5
449.5
733.0
586.0
331.0
358.0
236.5
691.0
121.0
143.5
316.0
448.0
208.0
154.0
73.0
133.0
179.5
346.0
355.0
77.5
77.5
308.5
77.5
409.0
446.5
314.5
200.5
94.0
161.5
79.0
262.0
257.5
409.0
268.0
523.0
31.0
325.0
401.5
311.5
170.5
145.0
347.5
233.5
217.0
629.5
502.0
322.0
131.5
388.0
493.0
640.0
290.5
298.0
310.0
290.5
616.0
416.5
286.0
326.5
169.0
253.0
302.5
85.0
580.0
100.0
136.0
280.0
88.0
337.0
263.5
196.0
49.0
364.0
223.0
179.5
530.5
104.5
244.0
229.0
38.5
46.0
359.5
302.5
161.5
136.0
466.0
172.0
176.5
197.5
56.5
313.0
310.0
527.5
866.5
203.5
328.0
449.5
206.5
320.5
311.5
548.5
89.5
346.0
143.5
356.5
43.0
343.0
637.0
296.5
80.5
103.0
358.0
131.5
634.0
94.0
101.5
82.0
260.5
50.5
245.5
197.5
479.5
122.5
200.5
10.0
191.5
238.0
422.5
716.5
80.5
62.5
262.0
472.0
293.5
251.5
92.5
224.5
362.5
683.5
214.0
305.5
212.5
224.5
170.5
413.5
305.5
127.0
118.0
311.5
302.5
425.5
77.5
179.5
449.5
311.5
304.0
607.0
341.5
322.0
209.5
184.0
145.0
238.0
422.5
233.5
59.5
139.0
509.5
575.5
658.0
166.0
616.0
76.0
214.0
583.0
295.0
176.5
236.5
136.0
592.0
152.5
253.0
173.5
179.5
457.0
527.5
203.5
107.5
104.5
91.0
469.0
655.0
460.0
161.5
176.5
610.0
169.0
223.0
185.5
106.0
752.5
68.5
260.5
512.5
452.5
149.5
137.5
218.5
248.5
331.0
478.0
394.0
245.5
14.5
398.5
454.0
610.0
332.5
275.5
259.0
205.0
239.5
152.5
190.0
53.5
415.0
95.5
241.0
475.0
65.5
344.5
119.5
715.0
188.5
406.0
671.5
689.5
28.0
302.5
581.5
74.5
58.0
277.0
161.5
601.0
472.0
158.5
103.0
238.0
416.5
262.0
160.0
395.5
482.5
398.5
208.0
457.0
109.0
475.0
205.0
118.0
182.5
358.0
227.5
179.5
305.5
655.0
599.5
149.5
224.5
104.5
182.5
526.0
332.5
266.5
223.0
293.5
203.5
689.5
680.5
352.0
527.5
271.0
208.0
656.5
286.0
344.5
524.5
295.0
425.5
64.0
262.0
326.5
553.0
146.5
64.0
485.5
334.0
226.0
305.5
241.0
214.0
355.0
358.0
137.5
352.0
55.0
190.0
322.0
406.0
56.5
406.0
115.0
377.5
218.5
170.5
205.0
146.5
92.5
596.5
187.0
440.5
148.0
167.5
52.0
223.0
346.0
221.5
82.0
152.5
26.5
52.0
155.5
377.5
293.5
74.5
227.5
404.5
703.0
692.5
413.5
109.0
359.5
227.5
430.0
25.0
302.5
238.0
188.5
83.5
368.5
296.5
269.5
305.5
349.0
268.0
199.0
313.0
113.5
124.0
61.0
236.5
205.0
287.5
413.5
136.0
167.5
502.0
32.5
166.0
61.0
143.5
337.0
155.5
179.5
188.5
332.5
455.5
266.5
214.0
233.5
626.5
373.0
299.5
274.0
544.0
470.5
451.0
400.0
326.5
124.0
427.0
470.5
448.0
112.0
547.0
226.0
26.5
169.0
554.5
337.0
188.5
163.0
329.5
268.0
529.0
640.0
83.5
221.5
427.0
73.0
170.5
188.5
175.0
238.0
244.0
208.0
73.0
268.0
82.0
121.0
406.0
32.5
445.0
235.0
395.5
259.0
574.0
640.0
139.0
377.5
113.5
511.0
272.5
359.5
64.0
236.5
130.0
254.5
325.0
151.0
415.0
136.0
299.5
392.5
434.5
77.5
433.0
476.5
380.5
622.0
302.5
679.0
73.0
242.5
395.5
140.5
494.5
268.0
262.0
571.0
197.5
118.0
91.0
265.0
415.0
218.5
92.5
547.0
115.0
595.0
118.0
304.0
199.0
259.0
595.0
301.0
202.0
116.5
443.5
271.0
196.0
352.0
293.5
52.0
310.0
163.0
503.5
493.0
494.5
614.5
128.5
146.5
349.0
166.0
451.0
379.0
215.5
89.5
256.0
401.5
545.5
536.5
113.5
320.5
116.5
289.0
215.5
106.0
443.5
146.5
415.0
193.0
404.5
415.0
391.0
640.0
400.0
685.0
587.5
208.0
280.0
134.5
233.5
350.5
409.0
187.0
113.5
407.5
199.0
221.5
521.5
461.5
224.5
221.5
695.5
748.0
79.0
464.5
292.0
382.0
109.0
188.5
142.0
203.5
367.0
499.0
134.5
100.0
326.5
29.5
410.5
97.0
280.0
268.0
221.5
293.5
461.5
157.0
497.5
148.0
157.0
236.5
508.0
134.5
227.5
430.0
412.0
307.0
305.5
188.5
301.0
512.5
320.5
383.5
650.5
515.5
175.0
334.0
76.0
106.0
455.5
133.0
433.0
235.0
263.5
101.5
452.5
404.5
673.0
569.5
289.0
334.0
514.0
97.0
170.5
286.0
527.5
122.5
173.5
466.0
334.0
365.5
311.5
194.5
224.5
188.5
385.0
469.0
436.0
251.5
404.5
571.0
521.5
724.0
184.0
278.5
326.5
608.5
364.0
310.0
368.5
496.0
602.5
173.5
175.0
139.0
112.0
55.0
406.0
251.5
425.5
115.0
205.0
655.0
185.5
322.0
109.0
310.0
373.0
173.5
37.0
100.0
535.0
56.5
32.5
194.5
673.0
274.0
137.5
467.5
287.5
478.0
337.0
217.0
176.5
374.5
482.5
469.0
127.0
416.5
173.5
340.0
311.5
533.5
289.0
202.0
220.0
205.0
199.0
82.0
353.5
128.5
214.0
64.0
176.5
413.5
223.0
562.0
85.0
139.0
296.5
89.5
172.0
376.0
196.0
331.0
155.5
190.0
188.5
404.5
284.5
205.0
440.5
475.0
164.5
211.0
679.0
413.5
197.5
