467.5
148.0
550.0
380.5
314.5
724.0
557.5
641.5
794.5
643.0
436.0
206.5
697.0
464.5
518.5
467.5
205.0
596.5
230.5
271.0
388.0
652.0
199.0
439.0
139.0
593.5
446.5
587.5
538.0
599.5
134.5
455.5
397.0
812.5
331.0
101.5
803.5
647.5
482.5
208.0
260.5
355.0
425.5
667.0
661.0
407.5
751.0
427.0
272.5
698.5
488.5
487.0
128.5
394.0
478.0
104.5
208.0
80.5
422.5
271.0
181.0
668.5
325.0
464.5
601.0
350.5
283.0
322.0
667.0
826.0
524.5
229.0
256.0
121.0
599.5
473.5
446.5
640.0
88.0
527.5
262.0
545.5
674.5
365.5
133.0
631.0
583.0
703.0
97.0
89.5
773.5
278.5
670.0
707.5
649.0
599.5
449.5
316.0
514.0
482.5
476.5
728.5
122.5
284.5
362.5
262.0
388.0
152.5
613.0
809.5
649.0
572.5
601.0
497.5
574.0
424.0
230.5
460.0
262.0
587.5
818.5
778.0
643.0
815.5
563.5
467.5
686.5
461.5
110.5
719.5
406.0
497.5
583.0
598.0
598.0
719.5
74.5
671.5
731.5
157.0
388.0
563.5
215.5
529.0
601.0
671.5
355.0
92.5
538.0
121.0
355.0
293.5
571.0
157.0
598.0
661.0
640.0
260.5
214.0
776.5
734.5
412.0
751.0
173.5
533.5
94.0
644.5
350.5
175.0
647.5
376.0
574.0
731.5
497.5
304.0
373.0
695.5
401.5
616.0
655.0
580.0
440.5
430.0
448.0
133.0
302.5
790.0
733.0
395.5
322.0
611.5
194.5
665.5
740.5
379.0
97.0
326.5
127.0
479.5
637.0
488.5
494.5
125.5
256.0
853.0
599.5
599.5
451.0
613.0
848.5
658.0
526.0
653.5
455.5
491.5
626.5
617.5
445.0
844.0
800.5
526.0
170.5
470.5
457.0
236.5
215.5
308.5
404.5
289.0
337.0
343.0
518.5
215.5
422.5
589.0
427.0
347.5
163.0
607.0
323.5
392.5
401.5
164.5
730.0
187.0
640.0
680.5
454.0
49.0
575.5
370.0
490.0
466.0
482.5
788.5
770.5
326.5
439.0
493.0
421.0
289.0
796.0
481.0
451.0
931.0
296.5
778.0
761.5
637.0
317.5
400.0
454.0
590.5
448.0
218.5
809.5
271.0
413.5
136.0
278.5
710.5
410.5
248.5
530.5
529.0
755.5
644.5
512.5
673.0
449.5
629.5
737.5
154.0
488.5
614.5
613.0
758.5
167.5
247.0
257.5
550.0
236.5
467.5
640.0
404.5
472.0
811.0
703.0
469.0
728.5
134.5
463.0
250.0
115.0
356.5
623.5
581.5
268.0
319.0
754.0
604.0
701.5
92.5
737.5
350.5
824.5
584.5
355.0
791.5
715.0
604.0
547.0
655.0
740.5
92.5
251.5
671.5
739.0
400.0
584.5
406.0
488.5
719.5
409.0
695.5
263.5
821.5
44.5
313.0
445.0
109.0
268.0
155.5
166.0
190.0
688.0
829.0
701.5
754.0
595.0
535.0
296.5
542.5
649.0
596.5
136.0
283.0
448.0
298.0
427.0
584.5
617.5
157.0
689.5
577.0
260.5
209.5
661.0
323.5
365.5
571.0
185.5
602.5
370.0
184.0
424.0
532.0
668.5
310.0
439.0
688.0
787.0
509.5
388.0
542.5
265.0
442.0
623.5
491.5
500.5
469.0
581.5
688.0
577.0
499.0
754.0
181.0
116.5
434.5
443.5
94.0
707.5
643.0
193.0
338.5
647.5
307.0
305.5
149.5
121.0
550.0
103.0
608.5
502.0
436.0
299.5
688.0
650.5
232.0
593.5
367.0
200.5
404.5
86.5
728.5
766.0
539.5
535.0
343.0
271.0
292.0
131.5
733.0
686.5
79.0
244.0
566.5
299.5
463.0
431.5
788.5
310.0
623.5
743.5
682.0
160.0
719.5
95.5
217.0
418.0
617.5
544.0
148.0
448.0
866.5
440.5
166.0
824.5
458.5
176.5
361.0
281.5
509.5
737.5
605.5
812.5
85.0
70.0
389.5
761.5
221.5
661.0
745.0
592.0
196.0
179.5
614.5
835.0
124.0
764.5
115.0
676.0
611.5
70.0
698.5
358.0
200.5
659.5
590.5
145.0
251.5
686.5
638.5
233.5
275.5
224.5
695.5
223.0
716.5
686.5
211.0
701.5
520.0
140.5
694.0
206.5
503.5
379.0
199.0
517.0
622.0
446.5
233.5
778.0
490.0
526.0
607.0
223.0
431.5
175.0
839.5
620.5
503.5
433.0
593.5
511.0
791.5
680.5
818.5
670.0
65.5
602.5
514.0
161.5
245.5
799.0
545.5
679.0
305.5
191.5
278.5
704.5
136.0
241.0
535.0
107.5
568.0
241.0
563.5
580.0
505.0
694.0
344.5
98.5
526.0
686.5
764.5
241.0
707.5
692.5
355.0
89.5
794.5
734.5
446.5
641.5
272.5
436.0
242.5
671.5
380.5
775.0
766.0
529.0
160.0
125.5
556.0
364.0
556.0
89.5
611.5
377.5
730.0
379.0
697.0
278.5
365.5
562.0
518.5
91.0
173.5
712.0
518.5
139.0
194.5
265.0
163.0
187.0
311.5
629.5
587.5
725.5
662.5
455.5
242.5
409.0
679.0
722.5
340.0
109.0
520.0
650.5
754.0
665.5
682.0
461.5
617.5
203.5
704.5
829.0
133.0
362.5
58.0
230.5
764.5
697.0
164.5
131.5
587.5
637.0
413.5
586.0
647.5
614.5
184.0
725.5
500.5
314.5
343.0
631.0
745.0
674.5
611.5
695.5
794.5
581.5
695.5
479.5
391.0
551.5
260.5
256.0
707.5
512.5
749.5
749.5
581.5
734.5
758.5
508.0
773.5
581.5
772.0
668.5
346.0
536.5
304.0
452.5
613.0
398.5
668.5
280.0
608.5
485.5
383.5
656.5
730.0
208.0
530.5
151.0
571.0
655.0
158.5
730.0
646.0
742.0
430.0
76.0
707.5
482.5
320.5
800.5
655.0
479.5
778.0
652.0
191.5
152.5
283.0
556.0
664.0
761.5
413.5
671.5
710.5
706.0
511.0
223.0
139.0
562.0
268.0
376.0
514.0
538.0
316.0
491.5
116.5
394.0
406.0
593.5
127.0
742.0
679.0
622.0
716.5
82.0
722.5
590.5
752.5
350.5
232.0
511.0
757.0
487.0
733.0
446.5
409.0
601.0
311.5
625.0
293.5
754.0
209.5
794.5
377.5
431.5
236.5
443.5
212.5
313.0
184.0
778.0
584.5
791.5
503.5
811.0
691.0
722.5
289.0
722.5
565.0
835.0
334.0
250.0
620.5
278.5
500.5
434.5
481.0
766.0
155.5
356.5
139.0
581.5
310.0
487.0
319.0
787.0
410.5
622.0
490.0
503.5
335.5
176.5
431.5
371.5
344.5
590.5
74.5
724.0
517.0
692.5
127.0
364.0
245.5
97.0
256.0
724.0
211.0
688.0
800.5
557.5
352.0
752.5
589.0
157.0
808.0
746.5
514.0
634.0
142.0
76.0
427.0
151.0
451.0
536.5
337.0
340.0
782.5
799.0
346.0
95.5
340.0
317.5
806.5
607.0
650.5
814.0
322.0
377.5
308.5
485.5
472.0
551.5
79.0
425.5
740.5
848.5
704.5
694.0
278.5
752.5
815.5
493.0
551.5
401.5
401.5
712.0
781.0
790.0
332.5
394.0
388.0
572.5
251.5
502.0
713.5
530.5
373.0
457.0
598.0
467.5
514.0
413.5
245.5
88.0
347.5
604.0
461.5
398.5
587.5
718.0
443.5
715.0
521.5
635.5
497.5
92.5
739.0
410.5
175.0
580.0
662.5
478.0
121.0
511.0
389.5
202.0
457.0
346.0
700.0
433.0
589.0
433.0
733.0
215.5
713.5
512.5
428.5
457.0
691.0
109.0
509.5
647.5
653.5
184.0
334.0
137.5
733.0
659.5
610.0
793.0
355.0
812.5
605.5
740.5
391.0
836.5
434.5
203.5
401.5
101.5
71.5
674.5
574.0
797.5
689.5
622.0
775.0
812.5
341.5
572.5
601.0
616.0
710.5
730.0
376.0
419.5
397.0
644.5
157.0
440.5
727.0
542.5
241.0
682.0
205.0
319.0
553.0
499.0
443.5
340.0
539.5
617.5
620.5
277.0
551.5
464.5
836.5
589.0
809.5
217.0
565.0
404.5
733.0
173.5
583.0
407.5
784.0
332.5
215.5
650.5
724.0
134.5
416.5
671.5
257.5
628.0
641.5
190.0
461.5
781.0
577.0
712.0
416.5
175.0
590.5
416.5
380.5
355.0
743.5
133.0
310.0
206.5
187.0
103.0
590.5
121.0
386.5
511.0
679.0
539.5
446.5
782.5
536.5
673.0
461.5
101.5
574.0
724.0
226.0
139.0
751.0
274.0
298.0
22.0
238.0
785.5
314.5
449.5
623.5
505.0
101.5
538.0
463.0
587.5
643.0
170.5
632.5
520.0
703.0
98.5
596.5
769.0
656.5
218.5
542.5
626.5
457.0
106.0
596.5
290.5
421.0
131.5
697.0
343.0
410.5
227.5
257.5
529.0
862.0
542.5
130.0
737.5
590.5
416.5
628.0
587.5
617.5
107.5
634.0
257.5
119.5
515.5
476.5
425.5
361.0
20.5
52.0
137.5
827.5
841.0
637.0
805.0
608.5
262.0
290.5
223.0
305.5
53.5
323.5
490.0
809.5
613.0
679.0
526.0
689.5
484.0
527.5
95.5
685.0
230.5
454.0
431.5
155.5
454.0
752.5
187.0
409.0
502.0
626.5
377.5
658.0
431.5
413.5
616.0
550.0
83.5
613.0
58.0
292.0
341.5
751.0
623.5
616.0
725.5
83.5
80.5
394.0
650.5
235.0
601.0
365.5
68.5
269.5
605.5
119.5
704.5
457.0
377.5
451.0
391.0
385.0
535.0
544.0
604.0
209.5
709.0
671.5
413.5
739.0
473.5
397.0
85.0
547.0
499.0
476.5
715.0
578.5
533.5
487.0
439.0
623.5
223.0
662.5
697.0
103.0
410.5
337.0
68.5
704.5
598.0
83.5
415.0
505.0
163.0
589.0
329.5
538.0
491.5
685.0
157.0
473.5
461.5
77.5
269.5
719.5
770.5
617.5
226.0
694.0
779.5
302.5
178.0
616.0
454.0
269.5
344.5
514.0
733.0
569.5
416.5
169.0
688.0
611.5
797.5
325.0
356.5
395.5
485.5
343.0
248.5
322.0
445.0
350.5
727.0
482.5
235.0
151.0
383.5
755.5
146.5
572.5
562.0
731.5
665.5
622.0
356.5
565.0
671.5
358.0
341.5
212.5
151.0
590.5
440.5
704.5
544.0
560.5
425.5
547.0
548.5
281.5
752.5
568.0
409.0
422.5
200.5
299.5
199.0
575.5
338.5
439.0
155.5
158.5
674.5
397.0
146.5
316.0
592.0
160.0
646.0
533.5
391.0
688.0
824.5
395.5
784.0
196.0
271.0
274.0
331.0
509.5
391.0
458.5
754.0
391.0
668.5
740.5
644.5
710.5
676.0
716.5
280.0
281.5
809.5
754.0
781.0
769.0
425.5
407.5
776.5
431.5
689.5
524.5
428.5
586.0
452.5
400.0
839.5
709.0
509.5
604.0
541.0
182.5
227.5
316.0
814.0
529.0
590.5
527.5
497.5
172.0
104.5
545.5
482.5
386.5
538.0
322.0
329.5
650.5
136.0
332.5
667.0
314.5
620.5
683.5
574.0
764.5
845.5
446.5
568.0
271.0
218.5
692.5
827.5
497.5
743.5
760.0
538.0
650.5
488.5
731.5
461.5
418.0
844.0
704.5
758.5
788.5
344.5
638.5
836.5
784.0
560.5
508.0
121.0
499.0
365.5
637.0
673.0
79.0
287.5
598.0
274.0
380.5
622.0
620.5
368.5
670.0
401.5
550.0
518.5
362.5
110.5
575.5
106.0
556.0
143.5
653.5
208.0
719.5
677.5
628.0
272.5
467.5
613.0
110.5
682.0
718.0
506.5
359.5
727.0
127.0
770.5
164.5
335.5
452.5
712.0
685.0
455.5
749.5
679.0
428.5
724.0
671.5
436.0
199.0
575.5
578.5
548.5
245.5
271.0
119.5
179.5
449.5
377.5
254.5
674.5
748.0
406.0
182.5
386.5
155.5
100.0
257.5
608.5
572.5
494.5
556.0
130.0
796.0
605.5
385.0
703.0
476.5
664.0
211.0
319.0
731.5
173.5
620.5
149.5
547.0
484.0
437.5
592.0
578.5
74.5
656.5
182.5
374.5
206.5
284.5
715.0
793.0
613.0
599.5
488.5
259.0
734.5
392.5
164.5
86.5
68.5
382.0
586.0
506.5
883.0
413.5
464.5
131.5
10.0
764.5
128.5
772.0
626.5
686.5
178.0
631.0
691.0
161.5
632.5
679.0
422.5
488.5
34.0
623.5
298.0
212.5
268.0
184.0
607.0
178.0
751.0
671.5
766.0
47.5
167.5
308.5
256.0
484.0
392.5
265.0
731.5
664.0
730.0
133.0
136.0
362.5
799.0
536.5
241.0
362.5
268.0
307.0
394.0
542.5
250.0
659.5
338.5
497.5
668.5
524.5
151.0
587.5
811.0
211.0
133.0
166.0
628.0
736.0
316.0
659.5
601.0
509.5
371.5
62.5
796.0
475.0
443.5
350.5
583.0
151.0
281.5
661.0
202.0
479.5
400.0
736.0
727.0
341.5
203.5
610.0
590.5
596.5
325.0
151.0
448.0
650.5
472.0
346.0
143.5
185.5
370.0
869.5
95.5
514.0
682.0
224.5
124.0
182.5
422.5
505.0
562.0
571.0
497.5
161.5
283.0
428.5
796.0
739.0
322.0
616.0
206.5
653.5
667.0
700.0
700.0
548.5
536.5
199.0
419.5
605.5
437.5
280.0
709.0
233.5
511.0
668.5
725.5
443.5
577.0
137.5
235.0
526.0
233.5
44.5
412.0
428.5
53.5
461.5
392.5
352.0
121.0
698.5
560.5
764.5
589.0
718.0
766.0
433.0
691.0
188.5
482.5
763.0
581.5
331.0
136.0
820.0
710.5
469.0
262.0
227.5
467.5
632.5
127.0
301.0
542.5
580.0
827.5
428.5
560.5
523.0
299.5
722.5
713.5
497.5
652.0
724.0
158.5
683.5
286.0
619.0
316.0
707.5
269.5
821.5
211.0
223.0
659.5
442.0
632.5
466.0
419.5
227.5
55.0
659.5
409.0
752.5
536.5
695.5
706.0
836.5
529.0
551.5
199.0
790.0
373.0
529.0
742.0
350.5
343.0
151.0
49.0
196.0
536.5
547.0
131.5
736.0
224.5
203.5
542.5
802.0
350.5
475.0
97.0
226.0
182.5
475.0
107.5
166.0
452.5
578.5
305.5
575.5
517.0
677.5
487.0
691.0
299.5
551.5
500.5
673.0
401.5
113.5
715.0
74.5
674.5
484.0
478.0
250.0
464.5
260.5
598.0
299.5
805.0
506.5
281.5
640.0
829.0
707.5
464.5
625.0
401.5
605.5
388.0
274.0
352.0
608.5
217.0
307.0
743.5
680.5
368.5
761.5
542.5
593.5
542.5
242.5
673.0
149.5
388.0
214.0
478.0
635.5
286.0
476.5
640.0
811.0
665.5
437.5
356.5
265.0
92.5
748.0
190.0
677.5
553.0
239.5
569.5
419.5
613.0
247.0
584.5
697.0
721.0
197.5
478.0
91.0
533.5
671.5
514.0
247.0
221.5
274.0
274.0
259.0
740.5
392.5
80.5
89.5
500.5
403.0
637.0
151.0
578.5
826.0
152.5
742.0
617.5
196.0
758.5
836.5
536.5
673.0
182.5
613.0
559.0
347.5
464.5
506.5
670.0
650.5
277.0
302.5
166.0
319.0
763.0
203.5
439.0
560.5
298.0
581.5
823.0
730.0
764.5
694.0
143.5
667.0
737.5
308.5
697.0
752.5
770.5
182.5
7.0
181.0
307.0
610.0
271.0
449.5
496.0
659.5
443.5
767.5
292.0
269.5
530.5
304.0
358.0
376.0
236.5
644.5
208.0
517.0
406.0
655.0
346.0
422.5
628.0
397.0
572.5
532.0
623.5
296.5
278.5
269.5
124.0
446.5
149.5
554.5
248.5
290.5
568.0
550.0
310.0
574.0
293.5
566.5
722.5
733.0
700.0
655.0
707.5
500.5
628.0
128.5
161.5
683.5
718.0
611.5
305.5
512.5
113.5
547.0
176.5
331.0
53.5
844.0
647.5
335.5
649.0
287.5
394.0
209.5
511.0
793.0
319.0
559.0
274.0
730.0
817.0
193.0
421.0
371.5
754.0
310.0
50.5
767.5
284.5
809.5
743.5
472.0
100.0
479.5
160.0
514.0
845.5
788.5
569.5
388.0
688.0
760.0
380.5
613.0
524.5
503.5
170.5
437.5
386.5
658.0
268.0
361.0
121.0
413.5
619.0
592.0
586.0
637.0
74.5
637.0
716.5
478.0
788.5
572.5
547.0
451.0
503.5
676.0
728.5
694.0
428.5
673.0
776.5
659.5
55.0
635.5
452.5
538.0
566.5
433.0
131.5
575.5
173.5
662.5
704.5
368.5
556.0
689.5
400.0
524.5
100.0
392.5
542.5
310.0
781.0
745.0
191.5
187.0
656.5
311.5
272.5
446.5
740.5
7.0
82.0
668.5
106.0
302.5
121.0
74.5
676.0
655.0
574.0
560.5
665.5
407.5
485.5
146.5
256.0
215.5
301.0
617.5
580.0
398.5
797.5
373.0
578.5
641.5
704.5
400.0
625.0
724.0
175.0
418.0
133.0
535.0
641.5
658.0
187.0
218.5
143.5
173.5
395.5
223.0
779.5
148.0
242.5
584.5
637.0
760.0
494.5
802.0
200.5
523.0
47.5
584.5
778.0
244.0
215.5
161.5
869.5
662.5
706.0
686.5
670.0
371.5
739.0
511.0
499.0
619.0
719.5
808.0
701.5
617.5
478.0
401.5
197.5
145.0
326.5
112.0
793.0
619.0
331.0
586.0
412.0
104.5
764.5
673.0
391.0
581.5
598.0
605.5
616.0
460.0
749.5
695.5
425.5
232.0
700.0
176.5
307.0
844.0
638.5
737.5
407.5
244.0
436.0
215.5
169.0
544.0
80.5
212.5
370.0
263.5
547.0
110.5
527.5
254.5
452.5
587.5
346.0
539.5
713.5
280.0
365.5
448.0
349.0
574.0
646.0
731.5
470.5
658.0
388.0
241.0
503.5
632.5
755.5
749.5
127.0
431.5
506.5
581.5
626.5
200.5
536.5
373.0
794.5
340.0
155.5
382.0
136.0
49.0
547.0
575.5
736.0
133.0
545.5
679.0
601.0
844.0
124.0
604.0
176.5
164.5
278.5
550.0
251.5
494.5
560.5
553.0
598.0
491.5
196.0
490.0
34.0
275.5
509.5
721.0
494.5
226.0
172.0
622.0
416.5
640.0
553.0
160.0
703.0
730.0
235.0
280.0
728.5
277.0
755.5
524.5
542.5
545.5
304.0
184.0
535.0
736.0
290.5
551.5
247.0
58.0
596.5
809.5
560.5
112.0
196.0
638.5
725.5
395.5
331.0
523.0
266.5
545.5
580.0
685.0
514.0
484.0
485.5
338.5
670.0
623.5
473.5
785.5
713.5
454.0
733.0
458.5
815.5
235.0
781.0
304.0
248.5
194.5
152.5
776.5
413.5
565.0
176.5
64.0
286.0
199.0
547.0
530.5
665.5
481.0
737.5
430.0
730.0
628.0
533.5
242.5
382.0
148.0
314.5
88.0
217.0
526.0
577.0
596.5
560.5
691.0
526.0
343.0
223.0
539.5
425.5
395.5
161.5
395.5
265.0
827.5
289.0
497.5
154.0
341.5
331.0
713.5
340.0
610.0
580.0
590.5
823.0
143.5
271.0
152.5
506.5
467.5
193.0
455.5
532.0
695.5
749.5
694.0
320.5
79.0
686.5
331.0
514.0
200.5
421.0
797.5
19.0
182.5
155.5
797.5
121.0
145.0
650.5
268.0
224.5
737.5
769.0
752.5
643.0
356.5
314.5
422.5
524.5
271.0
185.5
562.0
860.5
799.0
185.5
227.5
625.0
107.5
698.5
518.5
200.5
379.0
770.5
349.0
688.0
583.0
503.5
173.5
133.0
518.5
773.5
677.5
637.0
182.5
604.0
473.5
325.0
439.0
623.5
316.0
338.5
469.0
122.5
647.5
743.5
383.5
386.5
109.0
455.5
502.0
664.0
206.5
479.5
554.5
203.5
580.0
622.0
643.0
433.0
437.5
242.5
106.0
206.5
377.5
343.0
731.5
509.5
400.0
826.0
793.0
95.5
163.0
598.0
809.5
178.0
428.5
583.0
125.5
104.5
518.5
812.5
548.5
353.5
527.5
646.0
647.5
142.0
614.5
310.0
584.5
707.5
338.5
382.0
244.0
598.0
58.0
497.5
118.0
524.5
323.5
172.0
62.5
419.5
100.0
391.0
598.0
719.5
494.5
689.5
146.5
760.0
776.5
571.0
307.0
706.0
700.0
578.5
673.0
328.0
178.0
245.5
835.0
406.0
719.5
86.5
716.5
605.5
349.0
142.0
520.0
730.0
428.5
683.5
143.5
710.5
95.5
562.0
670.0
713.5
500.5
148.0
710.5
79.0
377.5
80.5
683.5
638.5
614.5
410.5
707.5
640.0
185.5
565.0
757.0
424.0
167.5
97.0
269.5
73.0
310.0
646.0
511.0
440.5
812.5
319.0
764.5
566.5
196.0
407.5
665.5
166.0
212.5
616.0
263.5
538.0
680.5
491.5
644.5
328.0
431.5
331.0
100.0
730.0
116.5
578.5
526.0
530.5
410.5
637.0
188.5
596.5
457.0
218.5
668.5
692.5
365.5
337.0
443.5
670.0
593.5
190.0
539.5
614.5
605.5
847.0
314.5
803.5
770.5
697.0
767.5
103.0
178.0
593.5
97.0
587.5
403.0
200.5
241.0
347.5
281.5
503.5
691.0
706.0
785.5
137.5
386.5
766.0
668.5
722.5
767.5
305.5
718.0
265.0
193.0
634.0
133.0
715.0
656.5
232.0
731.5
730.0
457.0
313.0
298.0
341.5
556.0
620.5
457.0
316.0
667.0
163.0
401.5
535.0
679.0
373.0
673.0
611.5
638.5
725.5
359.5
733.0
581.5
304.0
761.5
641.5
230.5
193.0
620.5
557.5
685.0
427.0
80.5
695.5
397.0
109.0
388.0
479.5
832.0
592.0
377.5
229.0
362.5
128.5
713.5
262.0
373.0
580.0
691.0
505.0
533.5
271.0
502.0
676.0
652.0
562.0
355.0
610.0
523.0
740.5
538.0
763.0
542.5
667.0
217.0
335.5
173.5
793.0
698.5
460.0
281.5
590.5
580.0
400.0
727.0
673.0
121.0
340.0
275.5
341.5
409.0
698.5
574.0
811.0
469.0
734.5
302.5
530.5
691.0
338.5
772.0
730.0
697.0
845.5
607.0
845.5
259.0
265.0
544.0
692.5
400.0
763.0
248.5
748.0
200.5
683.5
652.0
428.5
617.5
79.0
820.0
148.0
535.0
371.5
259.0
115.0
839.5
292.0
206.5
496.0
395.5
334.0
187.0
572.5
818.5
544.0
505.0
131.5
775.0
749.5
712.0
617.5
577.0
487.0
325.0
89.5
658.0
491.5
710.5
620.5
602.5
632.5
439.0
485.5
172.0
508.0
718.0
125.5
419.5
707.5
644.5
262.0
533.5
572.5
137.5
623.5
707.5
659.5
433.0
275.5
770.5
157.0
205.0
610.0
574.0
680.5
629.5
629.5
232.0
334.0
196.0
685.0
692.5
617.5
793.0
268.0
256.0
533.5
173.5
113.5
416.5
566.5
146.5
550.0
563.5
203.5
398.5
536.5
35.5
751.0
278.5
719.5
488.5
161.5
445.0
82.0
521.5
259.0
670.0
697.0
556.0
572.5
472.0
161.5
572.5
634.0
716.5
152.5
619.0
502.0
100.0
461.5
416.5
727.0
701.5
157.0
158.5
806.5
707.5
587.5
626.5
685.0
206.5
274.0
587.5
533.5
310.0
158.5
553.0
614.5
596.5
112.0
220.0
425.5
119.5
32.5
772.0
310.0
334.0
601.0
673.0
361.0
538.0
704.5
650.5
802.0
431.5
665.5
206.5
136.0
391.0
679.0
814.0
236.5
202.0
268.0
556.0
668.5
590.5
778.0
122.5
805.0
649.0
377.5
479.5
601.0
613.0
424.0
521.5
544.0
569.5
758.5
634.0
262.0
328.0
586.0
301.0
346.0
635.5
302.5
776.5
632.5
536.5
715.0
601.0
520.0
331.0
506.5
371.5
226.0
364.0
778.0
272.5
752.5
436.0
148.0
140.5
679.0
752.5
512.5
647.5
815.5
167.5
617.5
416.5
475.0
673.0
266.5
32.5
206.5
793.0
275.5
557.5
499.0
484.0
419.5
175.0
157.0
139.0
631.0
277.0
488.5
280.0
301.0
412.0
256.0
587.5
503.5
128.5
755.5
704.5
596.5
688.0
313.0
769.0
271.0
614.5
730.0
464.5
406.0
323.5
419.5
526.0
346.0
677.5
269.5
421.0
700.0
646.0
845.5
812.5
463.0
220.0
517.0
448.0
160.0
217.0
71.5
269.5
550.0
530.5
649.0
355.0
673.0
545.5
272.5
613.0
608.5
787.0
376.0
424.0
229.0
269.5
664.0
712.0
640.0
556.0
296.5
281.5
676.0
250.0
395.5
182.5
299.5
466.0
647.5
347.5
401.5
62.5
436.0
289.0
146.5
707.5
655.0
689.5
22.0
251.5
640.0
574.0
536.5
325.0
646.0
409.0
425.5
611.5
434.5
608.5
418.0
638.5
460.0
161.5
736.0
524.5
146.5
692.5
265.0
542.5
685.0
700.0
613.0
154.0
70.0
457.0
277.0
77.5
47.5
335.5
494.5
602.5
181.0
698.5
682.0
178.0
242.5
646.0
380.5
566.5
166.0
346.0
647.5
29.5
566.5
319.0
125.5
107.5
572.5
509.5
724.0
515.5
431.5
722.5
616.0
310.0
547.0
836.5
694.0
739.0
259.0
562.0
268.0
343.0
409.0
766.0
748.0
131.5
502.0
608.5
706.0
365.5
143.5
136.0
511.0
707.5
766.0
607.0
607.0
167.5
566.5
770.5
349.0
734.5
380.5
634.0
536.5
332.5
673.0
65.5
772.0
521.5
526.0
515.5
295.0
740.5
209.5
473.5
160.0
586.0
394.0
326.5
592.0
580.0
376.0
773.5
719.5
644.5
617.5
667.0
277.0
748.0
662.5
788.5
421.0
614.5
553.0
346.0
451.0
355.0
397.0
793.0
221.5
755.5
800.5
532.0
638.5
463.0
635.5
292.0
56.5
32.5
283.0
95.5
619.0
655.0
410.5
571.0
517.0
746.5
103.0
697.0
304.0
244.0
736.0
680.5
602.5
629.5
784.0
679.0
392.5
314.5
310.0
524.5
478.0
347.5
463.0
725.5
410.5
698.5
560.5
226.0
217.0
517.0
764.5
556.0
205.0
670.0
692.5
502.0
617.5
101.5
725.5
806.5
650.5
635.5
611.5
314.5
464.5
230.5
103.0
773.5
368.5
640.0
373.0
469.0
406.0
260.5
365.5
305.5
635.5
122.5
422.5
205.0
550.0
409.0
562.0
560.5
355.0
268.0
224.5
433.0
461.5
356.5
109.0
400.0
209.5
557.5
667.0
691.0
640.0
734.5
656.5
419.5
215.5
683.5
341.5
676.0
202.0
125.5
404.5
676.0
718.0
353.5
157.0
503.5
521.5
730.0
410.5
407.5
452.5
433.0
623.5
718.0
593.5
289.0
788.5
455.5
685.0
620.5
577.0
782.5
445.0
776.5
400.0
589.0
422.5
547.0
92.5
691.0
379.0
170.5
776.5
361.0
97.0
539.5
458.5
245.5
568.0
788.5
796.0
662.5
800.5
434.5
227.5
173.5
130.0
611.5
692.5
136.0
640.0
805.0
730.0
260.5
88.0
356.5
305.5
497.5
254.5
446.5
727.0
260.5
265.0
731.5
503.5
700.0
103.0
445.0
466.0
778.0
220.0
572.5
103.0
172.0
385.0
686.5
799.0
130.0
422.5
583.0
461.5
640.0
466.0
206.5
119.5
623.5
476.5
547.0
221.5
713.5
178.0
662.5
394.0
635.5
736.0
193.0
224.5
523.0
184.0
148.0
673.0
224.5
542.5
296.5
130.0
692.5
556.0
610.0
604.0
329.5
503.5
518.5
796.0
620.5
266.5
530.5
719.5
695.5
700.0
605.5
664.0
247.0
788.5
301.0
364.0
442.0
700.0
334.0
737.5
730.0
752.5
454.0
185.5
148.0
395.5
761.5
761.5
524.5
731.5
578.5
325.0
479.5
412.0
745.0
716.5
692.5
353.5
413.5
562.0
239.5
308.5
656.5
733.0
775.0
337.0
284.5
119.5
515.5
395.5
443.5
137.5
560.5
598.0
226.0
632.5
217.0
149.5
518.5
550.0
395.5
268.0
263.5
530.5
178.0
626.5
643.0
625.0
544.0
235.0
356.5
380.5
71.5
586.0
364.0
512.5
508.0
254.5
289.0
410.5
709.0
280.0
596.5
244.0
508.0
535.0
359.5
299.5
473.5
599.5
533.5
653.5
772.0
382.0
578.5
121.0
709.0
734.5
730.0
632.5
199.0
152.5
374.5
637.0
175.0
281.5
415.0
793.0
403.0
248.5
802.0
688.0
94.0
577.0
383.5
703.0
155.5
508.0
200.5
890.5
106.0
632.5
703.0
796.0
331.0
635.5
184.0
658.0
68.5
112.0
125.5
586.0
230.5
427.0
581.5
337.0
475.0
46.0
292.0
121.0
538.0
281.5
241.0
629.5
631.0
527.5
515.5
203.5
779.5
704.5
202.0
685.0
596.5
130.0
649.0
442.0
619.0
761.5
643.0
614.5
709.0
326.5
367.0
344.5
619.0
635.5
773.5
818.5
748.0
452.5
611.5
430.0
106.0
281.5
425.5
691.0
58.0
515.5
307.0
164.5
131.5
679.0
44.5
574.0
190.0
521.5
709.0
721.0
532.0
301.0
284.5
335.5
275.5
524.5
383.5
407.5
716.5
466.0
766.0
236.5
319.0
289.0
154.0
787.0
439.0
301.0
790.0
614.5
802.0
826.0
593.5
586.0
769.0
350.5
796.0
659.5
356.5
245.5
655.0
578.5
691.0
533.5
668.5
538.0
452.5
812.5
493.0
254.5
643.0
697.0
479.5
397.0
605.5
722.5
574.0
736.0
541.0
763.0
430.0
773.5
164.5
364.0
775.0
533.5
338.5
479.5
242.5
140.5
142.0
254.5
835.0
383.5
251.5
344.5
721.0
806.5
164.5
340.0
152.5
598.0
242.5
268.0
332.5
403.0
722.5
388.0
473.5
764.5
379.0
679.0
730.0
557.5
131.5
551.5
244.0
766.0
722.5
403.0
491.5
689.5
325.0
625.0
335.5
280.0
625.0
95.5
520.0
22.0
308.5
466.0
413.5
457.0
791.5
766.0
512.5
776.5
604.0
158.5
473.5
100.0
181.0
334.0
262.0
308.5
697.0
410.5
380.5
644.5
73.0
746.5
721.0
245.5
379.0
322.0
730.0
737.5
625.0
283.0
745.0
473.5
610.0
424.0
358.0
562.0
575.5
362.5
734.5
401.5
365.5
623.5
625.0
632.5
254.5
76.0
881.5
523.0
404.5
812.5
322.0
620.5
508.0
661.0
337.0
625.0
316.0
97.0
443.5
164.5
688.0
178.0
250.0
764.5
520.0
410.5
547.0
446.5
65.5
563.5
677.5
91.0
611.5
464.5
454.0
298.0
788.5
505.0
290.5
448.0
488.5
484.0
205.0
520.0
601.0
352.0
274.0
202.0
308.5
481.0
452.5
172.0
647.5
656.5
736.0
512.5
182.5
380.5
508.0
514.0
289.0
535.0
589.0
254.5
671.5
701.5
550.0
355.0
155.5
283.0
658.0
247.0
173.5
368.5
419.5
296.5
683.5
364.0
475.0
244.0
731.5
358.0
394.0
304.0
230.5
484.0
559.0
340.0
358.0
521.5
178.0
683.5
587.5
334.0
418.0
353.5
373.0
599.5
589.0
737.5
250.0
194.5
229.0
580.0
305.5
725.5
551.5
130.0
766.0
580.0
505.0
323.5
260.5
853.0
419.5
521.5
151.0
191.5
571.0
182.5
655.0
220.0
658.0
613.0
556.0
701.5
167.5
737.5
722.5
163.0
554.5
655.0
559.0
646.0
418.0
265.0
707.5
356.5
376.0
386.5
242.5
511.0
73.0
614.5
163.0
206.5
224.5
583.0
503.5
497.5
719.5
205.0
745.0
712.0
679.0
634.0
320.5
301.0
697.0
80.5
652.0
289.0
581.5
346.0
784.0
239.5
547.0
796.0
626.5
383.5
716.5
194.5
679.0
310.0
331.0
746.5
668.5
260.5
398.5
506.5
320.5
691.0
695.5
337.0
137.5
200.5
509.5
229.0
466.0
572.5
559.0
517.0
659.5
218.5
265.0
484.0
200.5
662.5
602.5
508.0
695.5
289.0
698.5
577.0
853.0
374.5
244.0
551.5
592.0
550.0
551.5
185.5
724.0
766.0
436.0
545.5
143.5
362.5
703.0
170.5
506.5
176.5
550.0
775.0
602.5
136.0
214.0
442.0
517.0
800.5
524.5
574.0
677.5
680.5
161.5
809.5
737.5
434.5
563.5
59.5
259.0
401.5
826.0
814.0
704.5
727.0
188.5
751.0
685.0
437.5
788.5
659.5
50.5
724.0
326.5
185.5
146.5
80.5
314.5
649.0
284.5
85.0
797.5
586.0
583.0
742.0
575.5
205.0
421.0
626.5
409.0
397.0
460.0
322.0
406.0
526.0
220.0
298.0
505.0
187.0
482.5
773.5
95.5
433.0
640.0
394.0
850.0
731.5
602.5
743.5
247.0
622.0
326.5
581.5
562.0
475.0
740.5
718.0
293.5
527.5
164.5
569.5
269.5
562.0
646.0
757.0
484.0
733.0
718.0
829.0
524.5
700.0
247.0
587.5
860.5
517.0
65.5
73.0
616.0
205.0
121.0
95.5
541.0
685.0
592.0
535.0
683.5
202.0
455.5
601.0
451.0
661.0
148.0
529.0
434.5
787.0
331.0
794.5
407.5
688.0
202.0
610.0
326.5
622.0
641.5
473.5
566.5
628.0
547.0
596.5
451.0
713.5
712.0
655.0
322.0
118.0
614.5
839.5
727.0
229.0
355.0
271.0
616.0
169.0
305.5
446.5
415.0
239.5
152.5
71.5
536.5
643.0
553.0
619.0
178.0
295.0
218.5
116.5
691.0
68.5
650.5
791.5
533.5
269.5
112.0
155.5
395.5
584.5
221.5
539.5
512.5
728.5
329.5
221.5
130.0
431.5
163.0
626.5
547.0
248.5
527.5
617.5
674.5
707.5
530.5
598.0
440.5
188.5
701.5
368.5
611.5
125.5
772.0
638.5
617.5
377.5
190.0
547.0
568.0
608.5
223.0
790.0
500.5
761.5
265.0
791.5
358.0
830.5
314.5
295.0
641.5
509.5
620.5
350.5
253.0
416.5
262.0
430.0
202.0
314.5
167.5
769.0
83.5
725.5
509.5
577.0
449.5
647.5
263.5
710.5
632.5
409.0
581.5
530.5
319.0
620.5
754.0
587.5
764.5
415.0
616.0
221.5
779.5
646.0
200.5
200.5
409.0
326.5
592.0
659.5
767.5
494.5
361.0
143.5
452.5
856.0
677.5
835.0
247.0
727.0
275.5
523.0
481.0
706.0
794.5
464.5
415.0
611.5
637.0
752.5
331.0
617.5
40.0
800.5
146.5
311.5
391.0
125.5
155.5
493.0
365.5
766.0
155.5
742.0
727.0
289.0
146.5
73.0
586.0
491.5
779.5
599.5
472.0
230.5
170.5
758.5
658.0
284.5
596.5
601.0
574.0
691.0
259.0
373.0
238.0
533.5
638.5
613.0
181.0
436.0
760.0
265.0
322.0
583.0
298.0
289.0
437.5
482.5
397.0
143.5
658.0
730.0
532.0
718.0
620.5
290.5
701.5
88.0
511.0
644.5
799.0
647.5
181.0
832.0
101.5
790.0
655.0
326.5
529.0
112.0
596.5
782.5
220.0
478.0
463.0
152.5
580.0
686.5
635.5
259.0
644.5
460.0
700.0
739.0
259.0
580.0
785.5
709.0
587.5
211.0
571.0
356.5
380.5
517.0
536.5
766.0
532.0
784.0
749.5
424.0
206.5
169.0
713.5
496.0
358.0
698.5
515.5
673.0
754.0
566.5
658.0
454.0
344.5
433.0
680.5
700.0
760.0
616.0
485.5
668.5
308.5
128.5
383.5
797.5
652.0
562.0
569.5
515.5
728.5
352.0
665.5
227.5
290.5
767.5
718.0
589.0
821.5
212.5
821.5
667.0
565.0
604.0
512.5
137.5
71.5
643.0
568.0
719.5
490.0
238.0
76.0
727.0
572.5
796.0
169.0
436.0
626.5
247.0
578.5
233.5
592.0
352.0
77.5
721.0
571.0
626.5
680.5
71.5
469.0
644.5
380.5
71.5
418.0
449.5
277.0
560.5
374.5
272.5
283.0
413.5
61.0
73.0
179.5
278.5
685.0
446.5
383.5
493.0
530.5
731.5
649.0
367.0
734.5
424.0
311.5
520.0
371.5
158.5
665.5
209.5
304.0
596.5
580.0
266.5
598.0
457.0
664.0
116.5
88.0
827.5
797.5
181.0
184.0
307.0
680.5
53.5
367.0
364.0
496.0
712.0
661.0
539.5
569.5
674.5
149.5
106.0
181.0
514.0
271.0
248.5
652.0
727.0
701.5
509.5
727.0
797.5
653.5
505.0
553.0
416.5
238.0
673.0
539.5
377.5
476.5
631.0
754.0
503.5
632.5
346.0
844.0
617.5
305.5
506.5
454.0
469.0
536.5
553.0
328.0
116.5
484.0
748.0
272.5
659.5
791.5
449.5
149.5
443.5
626.5
523.0
119.5
664.0
158.5
763.0
247.0
86.5
355.0
133.0
676.0
154.0
763.0
190.0
574.0
370.0
706.0
352.0
703.0
274.0
649.0
713.5
617.5
683.5
332.5
427.0
745.0
677.5
176.5
262.0
208.0
383.5
545.5
665.5
697.0
680.5
497.5
203.5
236.5
146.5
818.5
575.5
404.5
518.5
490.0
592.0
568.0
283.0
221.5
667.0
784.0
266.5
479.5
617.5
281.5
598.0
470.5
575.5
658.0
554.5
719.5
568.0
424.0
116.5
770.5
677.5
661.0
526.0
707.5
704.5
367.0
677.5
299.5
317.5
287.5
413.5
712.0
425.5
259.0
221.5
548.5
457.0
505.0
361.0
152.5
235.0
269.5
685.0
217.0
221.5
638.5
242.5
521.5
493.0
760.0
818.5
547.0
385.0
497.5
751.0
655.0
628.0
137.5
592.0
622.0
635.5
515.5
476.5
503.5
272.5
193.0
322.0
548.5
476.5
161.5
367.0
440.5
592.0
86.5
656.5
592.0
347.5
154.0
283.0
577.0
634.0
343.0
754.0
634.0
290.5
106.0
329.5
292.0
358.0
70.0
235.0
671.5
418.0
718.0
592.0
268.0
250.0
841.0
836.5
824.5
703.0
76.0
289.0
122.5
50.5
793.0
308.5
551.5
241.0
667.0
607.0
596.5
701.5
535.0
191.5
34.0
212.5
658.0
754.0
731.5
422.5
251.5
722.5
77.5
550.0
176.5
550.0
442.0
581.5
611.5
419.5
221.5
139.0
748.0
385.0
533.5
370.0
269.5
98.5
62.5
110.5
671.5
70.0
349.0
194.5
511.0
589.0
167.5
374.5
740.5
449.5
394.0
248.5
304.0
821.5
259.0
442.0
695.5
262.0
538.0
560.5
824.5
301.0
383.5
739.0
626.5
587.5
724.0
704.5
122.5
265.0
443.5
107.5
5.5
376.0
280.0
700.0
817.0
613.0
539.5
373.0
251.5
292.0
754.0
341.5
569.5
353.5
538.0
425.5
781.0
209.5
272.5
628.0
427.0
317.5
70.0
152.5
613.0
563.5
490.0
322.0
737.5
611.5
112.0
760.0
428.5
515.5
617.5
610.0
587.5
137.5
239.5
355.0
292.0
277.0
266.5
652.0
425.5
169.0
298.0
532.0
358.0
668.5
590.5
641.5
82.0
691.0
493.0
557.5
413.5
227.5
169.0
824.5
707.5
658.0
400.0
682.0
376.0
178.0
299.5
602.5
781.0
691.0
755.5
139.0
506.5
374.5
73.0
481.0
451.0
128.5
409.0
452.5
605.5
131.5
527.5
620.5
104.5
580.0
394.0
181.0
715.0
397.0
419.5
613.0
800.5
539.5
247.0
446.5
541.0
482.5
209.5
691.0
638.5
343.0
520.0
256.0
569.5
647.5
472.0
661.0
352.0
544.0
157.0
605.5
313.0
628.0
212.5
665.5
13.0
530.5
737.5
76.0
640.0
832.0
686.5
127.0
691.0
305.5
79.0
568.0
769.0
478.0
745.0
517.0
766.0
206.5
472.0
130.0
749.5
379.0
350.5
409.0
556.0
262.0
115.0
203.5
557.5
776.5
638.5
194.5
661.0
695.5
202.0
628.0
388.0
479.5
604.0
628.0
529.0
620.5
677.5
676.0
394.0
539.5
596.5
466.0
703.0
449.5
631.0
290.5
544.0
631.0
176.5
272.5
521.5
485.5
289.0
638.5
257.5
568.0
193.0
589.0
535.0
607.0
643.0
844.0
712.0
470.5
710.5
224.5
125.5
673.0
493.0
661.0
421.0
443.5
655.0
581.5
773.5
587.5
574.0
529.0
569.5
340.0
508.0
218.5
418.0
47.5
512.5
838.0
554.5
745.0
290.5
386.5
518.5
658.0
317.5
151.0
436.0
800.5
145.0
313.0
242.5
478.0
724.0
493.0
380.5
616.0
292.0
316.0
250.0
533.5
595.0
757.0
173.5
188.5
814.0
499.0
496.0
148.0
650.5
47.5
538.0
614.5
106.0
209.5
83.5
556.0
718.0
236.5
529.0
199.0
316.0
673.0
343.0
638.5
646.0
782.5
133.0
592.0
653.5
668.5
544.0
382.0
614.5
626.5
685.0
605.5
76.0
308.5
469.0
313.0
278.5
610.0
104.5
817.0
244.0
352.0
710.5
694.0
251.5
388.0
326.5
857.5
535.0
169.0
473.5
539.5
146.5
280.0
109.0
152.5
658.0
58.0
481.0
422.5
55.0
707.5
721.0
338.5
610.0
460.0
274.0
440.5
337.0
608.5
293.5
737.5
590.5
625.0
649.0
761.5
490.0
379.0
512.5
664.0
662.5
779.5
634.0
722.5
451.0
347.5
743.5
166.0
590.5
628.0
611.5
764.5
407.5
868.0
727.0
796.0
353.5
235.0
757.0
629.5
760.0
719.5
656.5
290.5
95.5
398.5
229.0
622.0
65.5
305.5
829.0
209.5
572.5
722.5
166.0
778.0
703.0
182.5
709.0
746.5
211.0
253.0
602.5
373.0
677.5
479.5
269.5
166.0
697.0
695.5
622.0
305.5
719.5
805.0
202.0
511.0
547.0
442.0
115.0
601.0
493.0
667.0
650.5
425.5
196.0
526.0
202.0
475.0
206.5
224.5
568.0
676.0
659.5
169.0
694.0
523.0
641.5
274.0
508.0
278.5
740.5
770.5
640.0
212.5
263.5
652.0
262.0
103.0
299.5
77.5
329.5
403.0
674.5
626.5
46.0
308.5
460.0
638.5
664.0
284.5
460.0
221.5
160.0
416.5
52.0
247.0
230.5
319.0
307.0
754.0
311.5
698.5
731.5
461.5
