483.0
501.0
508.5
429.0
537.0
510.0
502.5
505.5
529.5
519.0
508.5
450.0
513.0
520.5
514.5
444.0
439.5
499.5
523.5
507.0
517.5
499.5
498.0
511.5
483.0
474.0
486.0
502.5
493.5
526.5
528.0
478.5
534.0
490.5
525.0
501.0
510.0
520.5
486.0
504.0
526.5
505.5
544.5
523.5
495.0
505.5
489.0
487.5
513.0
505.5
523.5
501.0
534.0
540.0
474.0
498.0
492.0
508.5
505.5
526.5
511.5
511.5
465.0
483.0
499.5
471.0
519.0
532.5
505.5
525.0
498.0
519.0
546.0
513.0
523.5
523.5
526.5
531.0
519.0
523.5
505.5
511.5
513.0
508.5
493.5
523.5
537.0
483.0
507.0
490.5
489.0
505.5
502.5
528.0
513.0
520.5
532.5
487.5
496.5
519.0
451.5
504.0
430.5
535.5
456.0
478.5
507.0
528.0
487.5
505.5
454.5
510.0
544.5
526.5
510.0
517.5
463.5
412.5
496.5
501.0
532.5
519.0
526.5
517.5
507.0
541.5
481.5
498.0
466.5
487.5
511.5
480.0
475.5
513.0
483.0
517.5
459.0
478.5
493.5
502.5
487.5
469.5
492.0
487.5
504.0
487.5
495.0
511.5
465.0
511.5
462.0
540.0
516.0
450.0
504.0
508.5
507.0
331.5
513.0
447.0
489.0
525.0
526.5
526.5
516.0
505.5
478.5
526.5
517.5
472.5
522.0
490.5
504.0
483.0
532.5
513.0
504.0
526.5
517.5
454.5
505.5
489.0
508.5
505.5
526.5
526.5
490.5
510.0
492.0
492.0
528.0
523.5
522.0
516.0
487.5
514.5
481.5
514.5
508.5
502.5
496.5
516.0
486.0
517.5
466.5
499.5
511.5
546.0
478.5
523.5
456.0
528.0
492.0
496.5
538.5
531.0
466.5
276.0
538.5
490.5
481.5
478.5
445.5
486.0
510.0
489.0
477.0
469.5
453.0
499.5
519.0
418.5
523.5
514.5
510.0
537.0
495.0
523.5
513.0
526.5
460.5
465.0
451.5
483.0
508.5
532.5
357.0
517.5
513.0
423.0
483.0
528.0
492.0
489.0
475.5
496.5
525.0
493.5
505.5
459.0
502.5
510.0
492.0
448.5
520.5
498.0
505.5
490.5
423.0
486.0
525.0
519.0
513.0
487.5
496.5
504.0
472.5
541.5
471.0
441.0
529.5
508.5
505.5
478.5
528.0
450.0
487.5
531.0
501.0
508.5
517.5
526.5
490.5
469.5
519.0
474.0
471.0
499.5
538.5
495.0
507.0
490.5
510.0
492.0
517.5
525.0
528.0
510.0
525.0
534.0
507.0
510.0
492.0
520.5
468.0
538.5
486.0
498.0
531.0
514.5
501.0
520.5
514.5
438.0
535.5
520.5
501.0
475.5
469.5
468.0
504.0
517.5
534.0
502.5
507.0
480.0
507.0
526.5
528.0
523.5
510.0
517.5
517.5
474.0
499.5
177.0
538.5
496.5
504.0
376.5
516.0
478.5
523.5
501.0
442.5
513.0
505.5
462.0
490.5
496.5
510.0
516.0
493.5
531.0
520.5
532.5
480.0
450.0
474.0
519.0
460.5
487.5
504.0
523.5
492.0
487.5
483.0
421.5
507.0
487.5
474.0
517.5
525.0
474.0
465.0
517.5
474.0
517.5
519.0
520.5
526.5
387.0
516.0
520.5
502.5
529.5
502.5
496.5
474.0
534.0
433.5
535.5
508.5
525.0
514.5
496.5
522.0
477.0
487.5
487.5
429.0
466.5
483.0
504.0
471.0
445.5
490.5
522.0
514.5
456.0
523.5
492.0
496.5
508.5
508.5
498.0
516.0
511.5
540.0
522.0
504.0
502.5
525.0
513.0
453.0
519.0
511.5
496.5
507.0
525.0
466.5
478.5
489.0
517.5
487.5
517.5
489.0
513.0
504.0
532.5
504.0
516.0
519.0
502.5
514.5
522.0
484.5
457.5
516.0
507.0
531.0
532.5
504.0
519.0
526.5
508.5
474.0
466.5
526.5
513.0
529.5
516.0
496.5
502.5
499.5
529.5
465.0
528.0
502.5
531.0
511.5
507.0
498.0
502.5
484.5
472.5
520.5
520.5
526.5
508.5
423.0
487.5
517.5
496.5
517.5
517.5
487.5
487.5
529.5
519.0
474.0
519.0
532.5
511.5
522.0
498.0
502.5
525.0
516.0
489.0
529.5
525.0
480.0
529.5
490.5
441.0
504.0
537.0
519.0
499.5
528.0
475.5
507.0
484.5
480.0
498.0
496.5
489.0
522.0
510.0
487.5
507.0
549.0
526.5
525.0
489.0
498.0
531.0
537.0
532.5
546.0
487.5
462.0
511.5
526.5
490.5
537.0
487.5
501.0
507.0
504.0
480.0
456.0
513.0
409.5
450.0
531.0
514.5
472.5
498.0
526.5
444.0
502.5
463.5
513.0
496.5
459.0
532.5
510.0
457.5
522.0
495.0
490.5
510.0
508.5
508.5
466.5
511.5
475.5
531.0
504.0
516.0
478.5
505.5
498.0
513.0
456.0
498.0
501.0
484.5
534.0
496.5
496.5
487.5
391.5
538.5
480.0
525.0
492.0
475.5
402.0
517.5
423.0
546.0
489.0
502.5
520.5
522.0
507.0
493.5
499.5
532.5
520.5
531.0
499.5
475.5
519.0
478.5
513.0
513.0
501.0
505.5
498.0
516.0
532.5
469.5
516.0
496.5
522.0
523.5
499.5
514.5
492.0
436.5
495.0
513.0
508.5
513.0
504.0
514.5
499.5
531.0
514.5
526.5
511.5
498.0
525.0
495.0
510.0
502.5
528.0
505.5
478.5
480.0
516.0
513.0
513.0
501.0
522.0
529.5
496.5
489.0
504.0
516.0
520.5
507.0
448.5
537.0
489.0
430.5
525.0
433.5
529.5
516.0
480.0
501.0
516.0
543.0
532.5
523.5
516.0
519.0
507.0
522.0
520.5
531.0
492.0
526.5
531.0
516.0
502.5
505.5
517.5
501.0
522.0
526.5
543.0
523.5
498.0
523.5
537.0
492.0
523.5
463.5
525.0
511.5
535.5
537.0
528.0
526.5
532.5
495.0
501.0
531.0
459.0
486.0
495.0
492.0
508.5
495.0
454.5
529.5
498.0
468.0
499.5
517.5
514.5
478.5
516.0
526.5
492.0
519.0
508.5
481.5
412.5
523.5
522.0
549.0
538.5
498.0
466.5
510.0
484.5
523.5
487.5
418.5
508.5
474.0
553.5
492.0
531.0
507.0
489.0
505.5
522.0
514.5
522.0
532.5
492.0
538.5
462.0
528.0
493.5
534.0
496.5
492.0
498.0
486.0
496.5
513.0
480.0
517.5
480.0
526.5
502.5
532.5
484.5
483.0
460.5
445.5
510.0
520.5
511.5
532.5
472.5
481.5
508.5
537.0
522.0
453.0
505.5
508.5
519.0
517.5
511.5
540.0
508.5
484.5
505.5
499.5
460.5
507.0
543.0
490.5
477.0
514.5
496.5
528.0
525.0
522.0
529.5
511.5
487.5
481.5
529.5
520.5
528.0
508.5
487.5
442.5
505.5
489.0
513.0
498.0
486.0
501.0
507.0
460.5
525.0
430.5
517.5
502.5
522.0
487.5
499.5
481.5
523.5
525.0
534.0
489.0
502.5
540.0
513.0
490.5
438.0
510.0
516.0
522.0
474.0
531.0
538.5
514.5
505.5
517.5
508.5
514.5
507.0
522.0
526.5
415.5
508.5
498.0
475.5
459.0
523.5
475.5
522.0
513.0
523.5
525.0
513.0
489.0
525.0
510.0
502.5
447.0
508.5
480.0
546.0
528.0
439.5
474.0
537.0
535.5
520.5
523.5
510.0
505.5
475.5
528.0
504.0
540.0
528.0
481.5
498.0
510.0
450.0
519.0
525.0
505.5
471.0
466.5
525.0
519.0
483.0
388.5
525.0
510.0
507.0
481.5
471.0
529.5
484.5
525.0
466.5
519.0
538.5
516.0
510.0
478.5
513.0
510.0
484.5
511.5
540.0
483.0
477.0
489.0
469.5
414.0
529.5
514.5
505.5
507.0
514.5
528.0
528.0
490.5
474.0
511.5
469.5
477.0
544.5
525.0
513.0
505.5
463.5
520.5
489.0
499.5
439.5
517.5
498.0
502.5
508.5
525.0
454.5
502.5
534.0
534.0
544.5
520.5
502.5
508.5
499.5
538.5
484.5
475.5
478.5
529.5
472.5
498.0
535.5
525.0
517.5
507.0
525.0
523.5
523.5
496.5
481.5
456.0
495.0
534.0
490.5
498.0
480.0
537.0
523.5
478.5
463.5
507.0
511.5
493.5
469.5
519.0
525.0
525.0
517.5
505.5
534.0
526.5
496.5
510.0
550.5
486.0
474.0
495.0
546.0
496.5
522.0
516.0
510.0
523.5
526.5
495.0
492.0
510.0
457.5
532.5
504.0
496.5
531.0
496.5
490.5
502.5
496.5
505.5
540.0
526.5
484.5
484.5
519.0
486.0
538.5
483.0
523.5
424.5
499.5
531.0
528.0
493.5
420.0
507.0
456.0
501.0
498.0
478.5
520.5
496.5
529.5
525.0
394.5
462.0
535.5
498.0
511.5
484.5
501.0
486.0
456.0
540.0
517.5
475.5
529.5
502.5
505.5
508.5
505.5
489.0
529.5
499.5
478.5
486.0
396.0
501.0
499.5
526.5
487.5
469.5
469.5
532.5
496.5
514.5
478.5
528.0
481.5
486.0
511.5
516.0
534.0
510.0
489.0
498.0
469.5
499.5
505.5
522.0
481.5
472.5
505.5
454.5
453.0
457.5
463.5
511.5
526.5
468.0
471.0
480.0
499.5
484.5
531.0
511.5
492.0
504.0
508.5
516.0
537.0
505.5
430.5
522.0
535.5
528.0
472.5
517.5
492.0
541.5
504.0
469.5
507.0
514.5
459.0
451.5
475.5
516.0
495.0
489.0
516.0
472.5
507.0
522.0
418.5
480.0
528.0
496.5
528.0
504.0
505.5
481.5
505.5
543.0
498.0
516.0
514.5
537.0
520.5
544.5
492.0
531.0
532.5
504.0
507.0
510.0
496.5
480.0
490.5
505.5
492.0
519.0
507.0
468.0
552.0
498.0
532.5
513.0
480.0
531.0
499.5
484.5
469.5
504.0
477.0
502.5
520.5
432.0
463.5
510.0
498.0
484.5
531.0
540.0
481.5
519.0
520.5
519.0
472.5
498.0
507.0
531.0
472.5
489.0
522.0
528.0
496.5
478.5
445.5
514.5
526.5
481.5
481.5
522.0
502.5
462.0
499.5
510.0
541.5
546.0
445.5
487.5
483.0
495.0
468.0
535.5
523.5
471.0
514.5
508.5
537.0
499.5
523.5
522.0
493.5
496.5
519.0
531.0
361.5
478.5
504.0
525.0
520.5
475.5
498.0
492.0
519.0
483.0
513.0
495.0
538.5
495.0
490.5
465.0
484.5
513.0
492.0
529.5
472.5
399.0
523.5
493.5
537.0
516.0
492.0
466.5
498.0
459.0
484.5
541.5
537.0
508.5
495.0
517.5
493.5
510.0
519.0
484.5
499.5
505.5
504.0
517.5
517.5
363.0
531.0
523.5
531.0
496.5
483.0
474.0
516.0
507.0
519.0
505.5
466.5
481.5
537.0
529.5
520.5
519.0
493.5
447.0
451.5
525.0
460.5
534.0
504.0
528.0
513.0
507.0
502.5
462.0
525.0
477.0
481.5
508.5
453.0
442.5
534.0
487.5
516.0
514.5
475.5
510.0
474.0
495.0
526.5
510.0
514.5
532.5
399.0
514.5
516.0
520.5
504.0
528.0
496.5
504.0
447.0
477.0
459.0
529.5
514.5
505.5
507.0
490.5
516.0
517.5
514.5
471.0
525.0
498.0
502.5
489.0
492.0
439.5
510.0
456.0
487.5
543.0
481.5
513.0
501.0
520.5
513.0
516.0
489.0
522.0
525.0
520.5
483.0
492.0
441.0
502.5
516.0
492.0
510.0
511.5
504.0
481.5
529.5
519.0
499.5
510.0
528.0
519.0
508.5
514.5
532.5
547.5
505.5
502.5
522.0
508.5
510.0
499.5
504.0
489.0
525.0
526.5
520.5
532.5
502.5
532.5
507.0
517.5
474.0
474.0
513.0
493.5
526.5
504.0
519.0
517.5
510.0
508.5
523.5
477.0
534.0
487.5
459.0
535.5
517.5
501.0
522.0
495.0
489.0
547.5
474.0
523.5
504.0
517.5
490.5
505.5
514.5
426.0
507.0
517.5
510.0
522.0
504.0
505.5
477.0
513.0
511.5
484.5
496.5
448.5
474.0
489.0
478.5
510.0
499.5
546.0
453.0
496.5
514.5
538.5
487.5
484.5
519.0
483.0
501.0
529.5
511.5
532.5
526.5
508.5
507.0
510.0
492.0
493.5
471.0
495.0
516.0
417.0
498.0
490.5
507.0
540.0
547.5
469.5
477.0
478.5
397.5
526.5
528.0
520.5
529.5
534.0
534.0
465.0
466.5
424.5
492.0
511.5
511.5
526.5
520.5
502.5
531.0
537.0
490.5
484.5
510.0
502.5
489.0
496.5
520.5
517.5
499.5
520.5
492.0
508.5
531.0
519.0
510.0
510.0
510.0
499.5
462.0
531.0
495.0
517.5
540.0
529.5
543.0
525.0
523.5
463.5
511.5
519.0
498.0
481.5
522.0
522.0
526.5
501.0
546.0
489.0
526.5
516.0
475.5
501.0
493.5
456.0
468.0
511.5
489.0
441.0
466.5
486.0
477.0
478.5
553.5
531.0
472.5
493.5
511.5
471.0
519.0
513.0
529.5
493.5
523.5
531.0
493.5
510.0
532.5
523.5
531.0
508.5
508.5
523.5
520.5
517.5
493.5
514.5
534.0
501.0
472.5
507.0
489.0
486.0
499.5
511.5
472.5
492.0
535.5
528.0
511.5
472.5
529.5
544.5
543.0
516.0
529.5
523.5
519.0
492.0
525.0
505.5
502.5
516.0
480.0
516.0
511.5
504.0
468.0
526.5
501.0
543.0
535.5
505.5
489.0
474.0
496.5
484.5
495.0
501.0
490.5
510.0
499.5
501.0
528.0
525.0
481.5
540.0
505.5
549.0
517.5
433.5
501.0
472.5
517.5
489.0
504.0
535.5
490.5
525.0
513.0
502.5
376.5
520.5
511.5
514.5
519.0
507.0
511.5
535.5
499.5
492.0
444.0
409.5
483.0
481.5
492.0
493.5
486.0
513.0
519.0
520.5
490.5
505.5
475.5
492.0
526.5
511.5
516.0
495.0
511.5
505.5
538.5
513.0
471.0
544.5
477.0
499.5
537.0
456.0
508.5
453.0
523.5
492.0
472.5
535.5
496.5
495.0
447.0
486.0
420.0
493.5
514.5
483.0
487.5
537.0
508.5
493.5
478.5
495.0
498.0
457.5
496.5
481.5
513.0
492.0
448.5
513.0
493.5
490.5
490.5
480.0
510.0
456.0
516.0
514.5
504.0
507.0
525.0
510.0
504.0
517.5
522.0
537.0
474.0
498.0
487.5
522.0
534.0
403.5
513.0
504.0
489.0
493.5
517.5
450.0
517.5
499.5
516.0
537.0
448.5
514.5
489.0
541.5
510.0
478.5
495.0
519.0
505.5
517.5
466.5
517.5
508.5
498.0
523.5
493.5
504.0
507.0
499.5
489.0
547.5
517.5
526.5
418.5
522.0
499.5
522.0
543.0
445.5
523.5
525.0
510.0
427.5
526.5
504.0
504.0
520.5
502.5
525.0
502.5
495.0
472.5
504.0
504.0
492.0
511.5
496.5
435.0
439.5
490.5
501.0
492.0
507.0
504.0
492.0
520.5
490.5
511.5
478.5
495.0
493.5
514.5
477.0
525.0
528.0
498.0
511.5
514.5
514.5
504.0
469.5
468.0
459.0
490.5
496.5
534.0
456.0
453.0
514.5
504.0
498.0
528.0
450.0
483.0
495.0
495.0
480.0
502.5
478.5
523.5
508.5
526.5
451.5
520.5
519.0
526.5
507.0
504.0
490.5
504.0
460.5
495.0
493.5
511.5
478.5
507.0
472.5
493.5
555.0
541.5
499.5
507.0
529.5
511.5
510.0
541.5
525.0
510.0
441.0
513.0
517.5
525.0
513.0
484.5
526.5
507.0
510.0
526.5
528.0
513.0
492.0
490.5
511.5
478.5
507.0
523.5
508.5
468.0
513.0
496.5
513.0
529.5
508.5
519.0
456.0
496.5
487.5
481.5
522.0
516.0
505.5
501.0
480.0
481.5
520.5
514.5
508.5
522.0
502.5
508.5
514.5
499.5
511.5
463.5
493.5
522.0
523.5
520.5
507.0
484.5
472.5
459.0
510.0
460.5
525.0
510.0
505.5
490.5
501.0
544.5
498.0
537.0
523.5
523.5
522.0
490.5
519.0
534.0
477.0
481.5
501.0
534.0
456.0
477.0
517.5
493.5
526.5
532.5
502.5
544.5
505.5
519.0
379.5
466.5
544.5
528.0
478.5
520.5
501.0
505.5
496.5
529.5
502.5
487.5
495.0
486.0
415.5
523.5
486.0
463.5
438.0
516.0
447.0
522.0
522.0
525.0
526.5
493.5
522.0
462.0
453.0
487.5
451.5
516.0
502.5
426.0
490.5
507.0
540.0
430.5
537.0
507.0
531.0
504.0
511.5
528.0
453.0
523.5
501.0
495.0
523.5
474.0
483.0
508.5
511.5
508.5
528.0
502.5
495.0
516.0
504.0
507.0
540.0
493.5
505.5
498.0
442.5
511.5
519.0
540.0
547.5
492.0
508.5
531.0
502.5
492.0
499.5
484.5
492.0
549.0
552.0
472.5
519.0
495.0
502.5
510.0
511.5
525.0
480.0
507.0
492.0
496.5
511.5
505.5
505.5
474.0
504.0
466.5
525.0
399.0
519.0
487.5
523.5
459.0
508.5
489.0
463.5
514.5
499.5
513.0
520.5
439.5
532.5
523.5
508.5
514.5
463.5
535.5
496.5
525.0
502.5
496.5
495.0
504.0
496.5
510.0
546.0
523.5
538.5
472.5
486.0
496.5
528.0
495.0
540.0
514.5
546.0
492.0
517.5
505.5
486.0
511.5
468.0
516.0
504.0
223.5
520.5
490.5
474.0
505.5
508.5
471.0
543.0
513.0
495.0
483.0
528.0
513.0
501.0
532.5
483.0
534.0
516.0
457.5
471.0
520.5
465.0
510.0
498.0
526.5
510.0
508.5
468.0
519.0
465.0
483.0
538.5
424.5
498.0
496.5
528.0
535.5
486.0
448.5
496.5
529.5
526.5
523.5
477.0
504.0
502.5
501.0
414.0
517.5
517.5
534.0
495.0
465.0
496.5
492.0
523.5
492.0
495.0
517.5
526.5
510.0
522.0
514.5
538.5
513.0
514.5
451.5
475.5
411.0
475.5
519.0
532.5
511.5
529.5
472.5
528.0
538.5
447.0
510.0
513.0
544.5
523.5
519.0
510.0
484.5
510.0
504.0
499.5
487.5
517.5
493.5
496.5
463.5
516.0
540.0
523.5
522.0
510.0
472.5
484.5
535.5
501.0
526.5
531.0
484.5
474.0
517.5
468.0
507.0
501.0
469.5
522.0
477.0
406.5
520.5
450.0
508.5
520.5
501.0
421.5
483.0
534.0
436.5
502.5
537.0
526.5
439.5
510.0
489.0
475.5
510.0
510.0
514.5
511.5
513.0
529.5
495.0
511.5
483.0
466.5
496.5
444.0
525.0
498.0
499.5
523.5
483.0
487.5
499.5
493.5
532.5
447.0
472.5
493.5
463.5
516.0
499.5
510.0
456.0
508.5
439.5
520.5
504.0
529.5
495.0
502.5
508.5
534.0
483.0
516.0
510.0
508.5
505.5
492.0
483.0
513.0
511.5
522.0
537.0
529.5
520.5
540.0
529.5
516.0
481.5
477.0
498.0
480.0
478.5
519.0
480.0
504.0
493.5
501.0
459.0
487.5
490.5
541.5
471.0
483.0
399.0
517.5
492.0
501.0
433.5
505.5
517.5
520.5
465.0
531.0
534.0
493.5
462.0
499.5
538.5
517.5
481.5
490.5
502.5
511.5
493.5
483.0
505.5
517.5
516.0
511.5
538.5
525.0
517.5
502.5
505.5
525.0
457.5
477.0
516.0
468.0
472.5
510.0
495.0
457.5
522.0
501.0
501.0
459.0
478.5
514.5
546.0
522.0
517.5
513.0
465.0
526.5
511.5
502.5
487.5
523.5
472.5
495.0
513.0
504.0
481.5
526.5
406.5
499.5
477.0
490.5
504.0
519.0
492.0
510.0
466.5
516.0
505.5
469.5
529.5
508.5
484.5
516.0
502.5
481.5
465.0
427.5
489.0
465.0
501.0
517.5
523.5
507.0
523.5
543.0
526.5
499.5
472.5
501.0
523.5
478.5
516.0
429.0
487.5
513.0
489.0
502.5
505.5
525.0
502.5
501.0
486.0
520.5
483.0
522.0
520.5
523.5
519.0
528.0
523.5
535.5
538.5
504.0
393.0
495.0
511.5
543.0
532.5
525.0
513.0
489.0
516.0
478.5
492.0
489.0
477.0
507.0
510.0
513.0
489.0
459.0
505.5
526.5
541.5
547.5
535.5
493.5
505.5
466.5
516.0
537.0
495.0
522.0
466.5
457.5
498.0
484.5
513.0
456.0
529.5
523.5
529.5
531.0
519.0
513.0
525.0
505.5
532.5
502.5
526.5
504.0
501.0
501.0
439.5
534.0
511.5
399.0
519.0
541.5
493.5
522.0
529.5
526.5
507.0
522.0
480.0
526.5
522.0
520.5
505.5
484.5
504.0
472.5
528.0
483.0
484.5
477.0
517.5
516.0
486.0
510.0
526.5
510.0
475.5
517.5
510.0
478.5
514.5
463.5
489.0
513.0
517.5
507.0
505.5
507.0
511.5
495.0
505.5
498.0
466.5
529.5
520.5
520.5
423.0
490.5
490.5
487.5
388.5
525.0
538.5
493.5
537.0
486.0
502.5
526.5
540.0
499.5
502.5
532.5
475.5
478.5
424.5
505.5
484.5
547.5
517.5
477.0
499.5
483.0
490.5
493.5
529.5
499.5
492.0
507.0
516.0
526.5
475.5
513.0
493.5
526.5
502.5
475.5
501.0
528.0
495.0
487.5
487.5
501.0
522.0
505.5
501.0
508.5
501.0
466.5
478.5
511.5
528.0
472.5
483.0
525.0
531.0
466.5
537.0
465.0
526.5
475.5
466.5
426.0
522.0
487.5
538.5
513.0
507.0
394.5
510.0
519.0
508.5
495.0
465.0
493.5
514.5
477.0
477.0
498.0
501.0
516.0
528.0
514.5
540.0
531.0
477.0
510.0
519.0
469.5
537.0
486.0
492.0
505.5
505.5
465.0
469.5
514.5
480.0
525.0
514.5
508.5
505.5
456.0
474.0
511.5
502.5
531.0
525.0
507.0
499.5
544.5
495.0
531.0
549.0
474.0
478.5
525.0
487.5
504.0
469.5
475.5
514.5
528.0
504.0
504.0
513.0
510.0
495.0
529.5
537.0
523.5
507.0
522.0
520.5
514.5
499.5
519.0
523.5
519.0
492.0
504.0
435.0
460.5
508.5
537.0
417.0
489.0
498.0
487.5
523.5
526.5
499.5
520.5
516.0
510.0
447.0
498.0
502.5
522.0
418.5
535.5
537.0
493.5
516.0
495.0
445.5
510.0
498.0
532.5
309.0
493.5
532.5
522.0
511.5
525.0
531.0
496.5
481.5
501.0
534.0
540.0
525.0
492.0
507.0
478.5
507.0
513.0
508.5
522.0
517.5
501.0
522.0
507.0
526.5
516.0
465.0
541.5
534.0
472.5
522.0
528.0
448.5
510.0
537.0
427.5
541.5
463.5
496.5
529.5
513.0
483.0
526.5
507.0
514.5
531.0
501.0
484.5
507.0
468.0
514.5
544.5
535.5
523.5
453.0
505.5
508.5
498.0
507.0
513.0
525.0
538.5
498.0
513.0
378.0
520.5
390.0
460.5
501.0
523.5
502.5
507.0
520.5
514.5
498.0
531.0
484.5
472.5
528.0
486.0
514.5
478.5
505.5
469.5
370.5
468.0
505.5
517.5
496.5
492.0
526.5
508.5
499.5
517.5
516.0
543.0
501.0
505.5
453.0
531.0
505.5
490.5
507.0
436.5
499.5
520.5
513.0
535.5
490.5
484.5
537.0
456.0
538.5
532.5
516.0
525.0
462.0
544.5
496.5
472.5
537.0
517.5
496.5
522.0
424.5
505.5
522.0
438.0
508.5
483.0
496.5
495.0
523.5
508.5
454.5
532.5
537.0
526.5
483.0
474.0
525.0
534.0
471.0
520.5
517.5
433.5
523.5
489.0
522.0
514.5
537.0
438.0
510.0
432.0
534.0
519.0
508.5
502.5
540.0
508.5
490.5
526.5
501.0
478.5
535.5
451.5
525.0
513.0
499.5
520.5
498.0
481.5
529.5
522.0
457.5
486.0
519.0
492.0
513.0
492.0
502.5
480.0
520.5
520.5
504.0
522.0
529.5
528.0
480.0
534.0
502.5
510.0
507.0
484.5
501.0
502.5
510.0
487.5
505.5
541.5
477.0
487.5
474.0
489.0
486.0
529.5
481.5
483.0
538.5
499.5
492.0
537.0
510.0
501.0
513.0
487.5
526.5
526.5
432.0
522.0
502.5
483.0
516.0
438.0
532.5
454.5
519.0
507.0
454.5
520.5
442.5
550.5
445.5
519.0
534.0
508.5
508.5
502.5
480.0
549.0
549.0
471.0
525.0
492.0
504.0
493.5
481.5
511.5
496.5
544.5
513.0
526.5
519.0
531.0
496.5
496.5
480.0
499.5
516.0
483.0
520.5
489.0
522.0
492.0
535.5
519.0
519.0
463.5
508.5
499.5
519.0
508.5
513.0
501.0
534.0
526.5
483.0
177.0
501.0
525.0
517.5
522.0
496.5
516.0
525.0
502.5
526.5
535.5
508.5
516.0
498.0
468.0
543.0
507.0
496.5
490.5
510.0
519.0
531.0
514.5
501.0
531.0
511.5
481.5
508.5
520.5
501.0
511.5
532.5
517.5
534.0
517.5
474.0
484.5
505.5
519.0
502.5
516.0
397.5
525.0
472.5
504.0
514.5
528.0
495.0
510.0
462.0
538.5
522.0
516.0
502.5
480.0
486.0
535.5
493.5
483.0
510.0
525.0
514.5
522.0
493.5
526.5
429.0
535.5
516.0
490.5
490.5
526.5
519.0
508.5
529.5
490.5
475.5
483.0
441.0
537.0
418.5
477.0
507.0
493.5
483.0
495.0
531.0
516.0
496.5
544.5
508.5
487.5
484.5
543.0
502.5
546.0
511.5
496.5
492.0
487.5
492.0
480.0
475.5
510.0
552.0
534.0
525.0
535.5
516.0
477.0
520.5
517.5
526.5
514.5
529.5
487.5
478.5
529.5
478.5
520.5
522.0
493.5
477.0
487.5
481.5
462.0
456.0
466.5
462.0
504.0
522.0
474.0
489.0
490.5
514.5
526.5
469.5
501.0
508.5
507.0
529.5
502.5
514.5
516.0
501.0
499.5
523.5
516.0
493.5
489.0
504.0
505.5
481.5
531.0
499.5
501.0
456.0
495.0
505.5
519.0
477.0
513.0
501.0
543.0
525.0
498.0
510.0
544.5
495.0
469.5
522.0
532.5
501.0
459.0
496.5
439.5
478.5
496.5
471.0
514.5
528.0
519.0
451.5
501.0
456.0
496.5
478.5
510.0
468.0
528.0
481.5
493.5
511.5
447.0
483.0
502.5
528.0
507.0
510.0
507.0
504.0
496.5
507.0
522.0
522.0
546.0
513.0
525.0
507.0
516.0
493.5
511.5
531.0
489.0
502.5
507.0
472.5
507.0
511.5
472.5
483.0
487.5
459.0
517.5
516.0
495.0
510.0
523.5
495.0
502.5
513.0
498.0
531.0
481.5
498.0
501.0
504.0
526.5
516.0
465.0
526.5
504.0
495.0
511.5
513.0
507.0
454.5
517.5
414.0
507.0
487.5
519.0
453.0
483.0
502.5
514.5
493.5
532.5
523.5
508.5
405.0
496.5
519.0
481.5
535.5
532.5
529.5
516.0
481.5
463.5
496.5
477.0
520.5
541.5
478.5
540.0
511.5
526.5
469.5
520.5
520.5
517.5
523.5
516.0
543.0
483.0
514.5
492.0
523.5
492.0
520.5
522.0
472.5
483.0
514.5
484.5
493.5
522.0
526.5
522.0
510.0
484.5
490.5
510.0
489.0
478.5
534.0
481.5
501.0
528.0
486.0
517.5
466.5
529.5
540.0
511.5
472.5
522.0
493.5
514.5
487.5
492.0
441.0
514.5
492.0
526.5
531.0
514.5
490.5
511.5
480.0
499.5
498.0
501.0
493.5
504.0
526.5
507.0
492.0
453.0
496.5
507.0
481.5
546.0
544.5
532.5
477.0
535.5
532.5
520.5
532.5
499.5
517.5
459.0
516.0
526.5
435.0
511.5
508.5
493.5
546.0
520.5
522.0
525.0
528.0
496.5
537.0
481.5
478.5
507.0
478.5
475.5
529.5
507.0
528.0
522.0
499.5
519.0
502.5
516.0
525.0
504.0
531.0
517.5
531.0
471.0
514.5
516.0
522.0
507.0
510.0
522.0
508.5
511.5
520.5
519.0
520.5
501.0
516.0
508.5
507.0
492.0
499.5
546.0
483.0
522.0
523.5
501.0
525.0
505.5
462.0
516.0
501.0
493.5
532.5
519.0
499.5
498.0
496.5
496.5
526.5
535.5
505.5
501.0
499.5
519.0
486.0
465.0
501.0
516.0
495.0
496.5
517.5
534.0
526.5
507.0
522.0
516.0
504.0
492.0
526.5
523.5
472.5
511.5
481.5
535.5
501.0
493.5
502.5
510.0
534.0
504.0
516.0
526.5
496.5
510.0
532.5
522.0
516.0
508.5
528.0
510.0
523.5
519.0
505.5
522.0
513.0
516.0
504.0
501.0
318.0
537.0
511.5
502.5
436.5
526.5
465.0
475.5
525.0
525.0
508.5
502.5
531.0
463.5
516.0
487.5
421.5
534.0
468.0
532.5
510.0
519.0
532.5
520.5
501.0
489.0
520.5
475.5
519.0
523.5
520.5
505.5
505.5
505.5
532.5
532.5
469.5
496.5
501.0
451.5
481.5
528.0
505.5
492.0
490.5
534.0
498.0
483.0
505.5
445.5
517.5
546.0
453.0
511.5
445.5
436.5
541.5
501.0
394.5
483.0
517.5
489.0
507.0
487.5
514.5
537.0
525.0
537.0
534.0
480.0
466.5
510.0
508.5
481.5
532.5
510.0
481.5
493.5
507.0
531.0
466.5
513.0
502.5
454.5
520.5
478.5
475.5
487.5
501.0
456.0
529.5
520.5
526.5
484.5
513.0
498.0
498.0
508.5
510.0
499.5
520.5
531.0
522.0
517.5
529.5
502.5
505.5
490.5
514.5
493.5
490.5
516.0
505.5
526.5
522.0
511.5
531.0
478.5
537.0
504.0
501.0
489.0
505.5
504.0
499.5
465.0
471.0
484.5
538.5
460.5
534.0
502.5
522.0
505.5
508.5
462.0
517.5
537.0
474.0
471.0
456.0
535.5
540.0
502.5
541.5
420.0
513.0
541.5
507.0
520.5
493.5
498.0
495.0
489.0
514.5
532.5
540.0
534.0
493.5
516.0
502.5
508.5
474.0
519.0
489.0
528.0
502.5
486.0
489.0
513.0
510.0
490.5
495.0
487.5
501.0
501.0
493.5
525.0
483.0
522.0
469.5
498.0
516.0
480.0
531.0
429.0
507.0
523.5
496.5
516.0
517.5
441.0
502.5
447.0
507.0
516.0
516.0
432.0
519.0
517.5
499.5
498.0
508.5
526.5
472.5
495.0
532.5
510.0
510.0
493.5
457.5
484.5
517.5
513.0
529.5
522.0
510.0
519.0
520.5
522.0
520.5
486.0
520.5
484.5
478.5
532.5
504.0
504.0
514.5
460.5
520.5
487.5
508.5
517.5
504.0
525.0
552.0
544.5
514.5
492.0
510.0
546.0
487.5
511.5
517.5
540.0
519.0
541.5
514.5
523.5
510.0
478.5
508.5
534.0
499.5
505.5
502.5
522.0
508.5
486.0
529.5
528.0
507.0
514.5
489.0
514.5
520.5
508.5
537.0
522.0
517.5
508.5
447.0
420.0
493.5
501.0
510.0
513.0
513.0
535.5
498.0
496.5
513.0
480.0
489.0
435.0
535.5
517.5
519.0
531.0
535.5
513.0
409.5
508.5
511.5
528.0
415.5
480.0
492.0
516.0
511.5
496.5
481.5
471.0
492.0
504.0
543.0
507.0
481.5
504.0
462.0
472.5
529.5
534.0
483.0
496.5
513.0
514.5
519.0
486.0
433.5
468.0
523.5
487.5
418.5
517.5
495.0
531.0
516.0
489.0
513.0
519.0
469.5
508.5
477.0
495.0
517.5
447.0
495.0
513.0
513.0
496.5
486.0
526.5
501.0
510.0
526.5
496.5
516.0
483.0
534.0
508.5
475.5
489.0
450.0
478.5
510.0
493.5
525.0
519.0
508.5
531.0
415.5
526.5
502.5
490.5
502.5
510.0
483.0
508.5
532.5
526.5
484.5
523.5
456.0
504.0
541.5
489.0
451.5
465.0
502.5
484.5
519.0
516.0
496.5
451.5
525.0
520.5
505.5
499.5
478.5
517.5
489.0
490.5
519.0
525.0
484.5
522.0
514.5
471.0
418.5
532.5
507.0
504.0
474.0
507.0
505.5
511.5
495.0
489.0
526.5
535.5
516.0
502.5
501.0
537.0
499.5
526.5
436.5
490.5
505.5
489.0
490.5
522.0
457.5
528.0
531.0
519.0
445.5
507.0
501.0
516.0
544.5
514.5
495.0
477.0
544.5
514.5
526.5
529.5
507.0
481.5
514.5
532.5
499.5
490.5
489.0
508.5
483.0
486.0
519.0
496.5
492.0
498.0
510.0
472.5
507.0
528.0
501.0
513.0
481.5
469.5
504.0
520.5
508.5
541.5
543.0
510.0
499.5
450.0
514.5
534.0
487.5
520.5
528.0
532.5
490.5
498.0
534.0
492.0
502.5
495.0
487.5
492.0
550.5
463.5
513.0
444.0
523.5
522.0
487.5
451.5
495.0
549.0
537.0
489.0
522.0
511.5
507.0
516.0
450.0
522.0
477.0
417.0
529.5
519.0
484.5
529.5
529.5
471.0
495.0
528.0
487.5
502.5
523.5
537.0
423.0
499.5
529.5
522.0
504.0
456.0
478.5
456.0
492.0
481.5
517.5
510.0
520.5
501.0
516.0
523.5
453.0
517.5
397.5
475.5
529.5
520.5
481.5
538.5
529.5
528.0
486.0
513.0
498.0
526.5
517.5
492.0
487.5
511.5
519.0
444.0
501.0
495.0
520.5
489.0
514.5
520.5
454.5
537.0
522.0
513.0
517.5
504.0
507.0
478.5
493.5
511.5
507.0
499.5
535.5
487.5
511.5
543.0
456.0
505.5
517.5
510.0
444.0
520.5
499.5
502.5
484.5
522.0
525.0
483.0
499.5
531.0
526.5
454.5
508.5
538.5
499.5
496.5
544.5
519.0
502.5
453.0
498.0
513.0
508.5
519.0
514.5
489.0
538.5
418.5
519.0
453.0
501.0
508.5
499.5
537.0
486.0
517.5
465.0
531.0
522.0
495.0
528.0
525.0
525.0
502.5
514.5
487.5
498.0
451.5
525.0
480.0
504.0
492.0
478.5
543.0
489.0
508.5
466.5
517.5
522.0
525.0
496.5
511.5
495.0
508.5
544.5
493.5
526.5
528.0
483.0
541.5
445.5
541.5
507.0
481.5
531.0
543.0
487.5
511.5
499.5
541.5
516.0
531.0
522.0
499.5
486.0
532.5
495.0
525.0
499.5
480.0
531.0
516.0
475.5
496.5
475.5
457.5
514.5
486.0
453.0
457.5
492.0
498.0
490.5
544.5
510.0
496.5
477.0
523.5
484.5
538.5
451.5
496.5
516.0
517.5
516.0
490.5
507.0
531.0
478.5
522.0
379.5
484.5
523.5
532.5
483.0
519.0
501.0
462.0
490.5
403.5
528.0
528.0
486.0
508.5
490.5
505.5
510.0
496.5
502.5
531.0
490.5
537.0
432.0
475.5
523.5
523.5
481.5
522.0
523.5
486.0
507.0
522.0
514.5
489.0
478.5
505.5
504.0
532.5
523.5
514.5
514.5
525.0
520.5
519.0
532.5
438.0
513.0
492.0
489.0
534.0
538.5
477.0
496.5
525.0
513.0
504.0
531.0
462.0
493.5
514.5
523.5
541.5
498.0
526.5
477.0
520.5
483.0
487.5
499.5
528.0
528.0
487.5
510.0
526.5
508.5
493.5
522.0
544.5
519.0
496.5
504.0
496.5
525.0
511.5
522.0
480.0
501.0
519.0
514.5
505.5
517.5
486.0
519.0
495.0
535.5
541.5
510.0
505.5
531.0
535.5
537.0
522.0
513.0
501.0
478.5
481.5
517.5
523.5
519.0
505.5
535.5
501.0
502.5
522.0
453.0
486.0
466.5
501.0
513.0
471.0
495.0
514.5
517.5
462.0
501.0
502.5
477.0
501.0
490.5
510.0
520.5
555.0
529.5
504.0
481.5
495.0
469.5
520.5
481.5
501.0
496.5
543.0
529.5
486.0
460.5
501.0
508.5
510.0
510.0
496.5
532.5
528.0
492.0
529.5
522.0
513.0
495.0
468.0
529.5
507.0
516.0
457.5
480.0
523.5
538.5
498.0
522.0
486.0
487.5
514.5
511.5
540.0
487.5
511.5
514.5
483.0
510.0
529.5
313.5
513.0
490.5
495.0
489.0
498.0
549.0
496.5
508.5
523.5
495.0
513.0
460.5
523.5
496.5
523.5
502.5
514.5
499.5
498.0
502.5
495.0
504.0
528.0
516.0
510.0
496.5
511.5
528.0
516.0
505.5
474.0
505.5
462.0
541.5
369.0
496.5
466.5
481.5
462.0
495.0
531.0
531.0
514.5
523.5
538.5
507.0
519.0
528.0
486.0
495.0
475.5
514.5
471.0
513.0
480.0
486.0
520.5
526.5
502.5
501.0
508.5
498.0
451.5
492.0
493.5
499.5
520.5
457.5
534.0
522.0
511.5
513.0
496.5
528.0
511.5
520.5
528.0
540.0
484.5
514.5
531.0
510.0
505.5
504.0
495.0
537.0
514.5
420.0
469.5
529.5
480.0
498.0
514.5
510.0
516.0
529.5
493.5
519.0
501.0
498.0
495.0
492.0
501.0
478.5
487.5
520.5
489.0
511.5
505.5
525.0
471.0
538.5
495.0
489.0
517.5
493.5
534.0
475.5
216.0
490.5
529.5
501.0
493.5
505.5
516.0
484.5
517.5
483.0
505.5
445.5
510.0
474.0
499.5
463.5
526.5
498.0
487.5
516.0
486.0
526.5
520.5
502.5
502.5
538.5
514.5
489.0
487.5
472.5
502.5
505.5
481.5
529.5
529.5
511.5
511.5
501.0
466.5
447.0
405.0
505.5
493.5
529.5
529.5
528.0
534.0
475.5
522.0
514.5
487.5
543.0
537.0
378.0
517.5
523.5
501.0
505.5
474.0
475.5
501.0
466.5
498.0
508.5
457.5
519.0
523.5
490.5
522.0
504.0
502.5
460.5
519.0
508.5
514.5
468.0
517.5
442.5
519.0
517.5
475.5
517.5
483.0
483.0
531.0
522.0
423.0
517.5
496.5
496.5
490.5
495.0
298.5
514.5
520.5
534.0
499.5
511.5
504.0
484.5
511.5
534.0
537.0
532.5
510.0
502.5
480.0
522.0
441.0
418.5
511.5
472.5
424.5
501.0
507.0
438.0
471.0
523.5
514.5
516.0
495.0
511.5
519.0
463.5
513.0
541.5
546.0
505.5
418.5
538.5
457.5
525.0
496.5
510.0
510.0
516.0
540.0
516.0
460.5
523.5
510.0
513.0
526.5
525.0
519.0
486.0
499.5
477.0
462.0
510.0
498.0
487.5
420.0
511.5
477.0
516.0
502.5
531.0
355.5
522.0
523.5
529.5
501.0
522.0
481.5
505.5
519.0
525.0
490.5
486.0
504.0
493.5
508.5
510.0
474.0
544.5
463.5
490.5
480.0
487.5
522.0
499.5
495.0
481.5
504.0
531.0
480.0
543.0
540.0
487.5
525.0
493.5
484.5
529.5
495.0
496.5
519.0
489.0
535.5
523.5
501.0
529.5
498.0
526.5
394.5
519.0
520.5
429.0
520.5
487.5
487.5
502.5
534.0
420.0
519.0
462.0
522.0
526.5
511.5
531.0
507.0
507.0
478.5
474.0
495.0
501.0
472.5
514.5
507.0
471.0
525.0
538.5
490.5
498.0
526.5
463.5
513.0
543.0
447.0
519.0
468.0
517.5
519.0
499.5
513.0
358.5
501.0
477.0
448.5
507.0
495.0
537.0
505.5
507.0
427.5
531.0
499.5
502.5
495.0
490.5
507.0
510.0
502.5
466.5
484.5
505.5
526.5
448.5
492.0
444.0
523.5
514.5
532.5
534.0
513.0
525.0
477.0
504.0
504.0
507.0
487.5
501.0
510.0
481.5
487.5
490.5
496.5
523.5
462.0
423.0
501.0
447.0
492.0
495.0
435.0
484.5
517.5
517.5
477.0
504.0
477.0
495.0
517.5
523.5
520.5
507.0
507.0
492.0
516.0
535.5
540.0
528.0
525.0
490.5
508.5
519.0
493.5
507.0
508.5
492.0
478.5
522.0
453.0
475.5
541.5
453.0
504.0
502.5
409.5
531.0
502.5
519.0
529.5
480.0
501.0
493.5
538.5
481.5
498.0
501.0
504.0
531.0
406.5
496.5
522.0
505.5
495.0
513.0
526.5
510.0
508.5
513.0
502.5
501.0
465.0
525.0
502.5
496.5
495.0
520.5
535.5
520.5
519.0
483.0
487.5
502.5
495.0
418.5
466.5
493.5
496.5
523.5
496.5
534.0
514.5
471.0
468.0
501.0
495.0
495.0
508.5
501.0
496.5
484.5
487.5
496.5
525.0
534.0
508.5
510.0
502.5
511.5
525.0
466.5
484.5
504.0
526.5
508.5
478.5
475.5
519.0
511.5
535.5
486.0
477.0
505.5
432.0
489.0
531.0
495.0
502.5
502.5
513.0
516.0
528.0
474.0
487.5
352.5
513.0
540.0
523.5
523.5
510.0
507.0
495.0
516.0
523.5
477.0
441.0
505.5
520.5
477.0
520.5
487.5
537.0
513.0
496.5
511.5
498.0
529.5
510.0
514.5
504.0
528.0
504.0
463.5
537.0
481.5
525.0
499.5
451.5
535.5
469.5
502.5
513.0
513.0
510.0
495.0
466.5
504.0
526.5
522.0
526.5
510.0
492.0
517.5
487.5
474.0
505.5
514.5
496.5
508.5
492.0
546.0
537.0
490.5
540.0
526.5
510.0
517.5
505.5
489.0
526.5
532.5
448.5
507.0
478.5
516.0
496.5
480.0
478.5
498.0
457.5
484.5
520.5
513.0
472.5
481.5
489.0
495.0
523.5
504.0
478.5
534.0
516.0
514.5
523.5
504.0
492.0
534.0
463.5
520.5
522.0
514.5
496.5
504.0
478.5
468.0
481.5
514.5
490.5
520.5
508.5
459.0
505.5
531.0
508.5
534.0
502.5
403.5
474.0
507.0
504.0
496.5
504.0
471.0
529.5
501.0
501.0
523.5
519.0
496.5
525.0
508.5
514.5
391.5
460.5
511.5
535.5
522.0
523.5
519.0
525.0
471.0
555.0
480.0
507.0
459.0
483.0
519.0
493.5
499.5
496.5
543.0
523.5
508.5
526.5
517.5
511.5
481.5
454.5
522.0
513.0
498.0
537.0
513.0
411.0
510.0
496.5
499.5
489.0
466.5
531.0
525.0
489.0
448.5
