348.0
381.0
528.0
447.0
208.5
85.5
438.0
211.5
423.0
415.5
300.0
379.5
505.5
435.0
406.5
328.5
486.0
469.5
379.5
493.5
295.5
483.0
408.0
444.0
468.0
423.0
442.5
475.5
337.5
445.5
429.0
411.0
373.5
489.0
256.5
342.0
475.5
423.0
447.0
351.0
426.0
474.0
375.0
466.5
379.5
247.5
429.0
495.0
399.0
490.5
421.5
324.0
472.5
486.0
192.0
481.5
222.0
462.0
372.0
328.5
171.0
162.0
370.5
378.0
175.5
391.5
448.5
432.0
394.5
381.0
396.0
300.0
357.0
232.5
417.0
241.5
501.0
429.0
367.5
109.5
420.0
360.0
453.0
483.0
445.5
364.5
426.0
484.5
238.5
412.5
414.0
267.0
325.5
160.5
216.0
292.5
336.0
477.0
495.0
397.5
442.5
240.0
499.5
370.5
369.0
504.0
328.5
417.0
228.0
181.5
477.0
345.0
373.5
466.5
475.5
501.0
411.0
66.0
388.5
376.5
393.0
312.0
366.0
196.5
435.0
475.5
406.5
400.5
504.0
445.5
417.0
276.0
370.5
405.0
345.0
487.5
403.5
127.5
291.0
318.0
414.0
406.5
360.0
313.5
441.0
372.0
409.5
435.0
298.5
121.5
463.5
402.0
430.5
256.5
376.5
382.5
457.5
480.0
460.5
253.5
432.0
484.5
109.5
283.5
447.0
375.0
342.0
451.5
388.5
475.5
516.0
382.5
376.5
252.0
13.5
420.0
390.0
361.5
451.5
334.5
414.0
405.0
367.5
477.0
292.5
412.5
474.0
111.0
360.0
325.5
438.0
399.0
385.5
454.5
433.5
450.0
471.0
402.0
351.0
408.0
454.5
420.0
216.0
507.0
342.0
445.5
109.5
387.0
207.0
51.0
525.0
451.5
348.0
430.5
351.0
457.5
238.5
483.0
454.5
288.0
468.0
379.5
358.5
393.0
403.5
435.0
409.5
444.0
282.0
442.5
339.0
349.5
472.5
474.0
430.5
445.5
432.0
390.0
339.0
141.0
466.5
477.0
390.0
180.0
498.0
310.5
97.5
313.5
436.5
318.0
414.0
499.5
496.5
505.5
445.5
70.5
457.5
162.0
433.5
406.5
309.0
417.0
210.0
435.0
478.5
508.5
336.0
265.5
418.5
456.0
334.5
477.0
184.5
279.0
391.5
468.0
444.0
346.5
195.0
384.0
421.5
501.0
81.0
252.0
469.5
408.0
478.5
465.0
241.5
333.0
384.0
405.0
454.5
451.5
274.5
421.5
348.0
66.0
253.5
453.0
388.5
289.5
328.5
445.5
447.0
90.0
249.0
430.5
471.0
402.0
456.0
418.5
252.0
397.5
219.0
261.0
274.5
373.5
303.0
477.0
490.5
111.0
475.5
243.0
136.5
484.5
307.5
237.0
492.0
268.5
460.5
493.5
507.0
402.0
457.5
469.5
417.0
400.5
427.5
261.0
324.0
436.5
408.0
378.0
144.0
429.0
345.0
442.5
378.0
369.0
373.5
330.0
333.0
487.5
459.0
391.5
436.5
352.5
403.5
360.0
415.5
442.5
246.0
456.0
451.5
412.5
430.5
408.0
448.5
510.0
276.0
445.5
442.5
427.5
480.0
375.0
417.0
358.5
445.5
420.0
433.5
379.5
480.0
412.5
66.0
393.0
264.0
442.5
420.0
391.5
394.5
72.0
306.0
162.0
223.5
354.0
406.5
399.0
247.5
391.5
475.5
439.5
474.0
342.0
228.0
363.0
418.5
57.0
460.5
69.0
282.0
376.5
439.5
360.0
460.5
133.5
433.5
318.0
357.0
327.0
394.5
421.5
394.5
283.5
292.5
261.0
373.5
358.5
460.5
468.0
378.0
270.0
453.0
432.0
418.5
366.0
334.5
397.5
409.5
457.5
289.5
219.0
360.0
388.5
349.5
396.0
301.5
427.5
501.0
466.5
489.0
303.0
126.0
451.5
216.0
406.5
349.5
427.5
418.5
417.0
202.5
147.0
445.5
433.5
153.0
358.5
465.0
300.0
448.5
412.5
451.5
123.0
298.5
414.0
145.5
364.5
406.5
366.0
457.5
390.0
388.5
201.0
459.0
471.0
178.5
328.5
99.0
400.5
478.5
240.0
468.0
496.5
123.0
486.0
445.5
67.5
372.0
438.0
393.0
442.5
456.0
208.5
355.5
148.5
438.0
403.5
363.0
433.5
505.5
484.5
414.0
507.0
433.5
292.5
492.0
423.0
172.5
400.5
415.5
243.0
249.0
360.0
451.5
405.0
400.5
366.0
303.0
399.0
502.5
436.5
432.0
378.0
292.5
354.0
403.5
378.0
375.0
369.0
424.5
465.0
412.5
436.5
268.5
294.0
384.0
375.0
144.0
376.5
417.0
402.0
394.5
430.5
486.0
420.0
123.0
88.5
444.0
346.5
457.5
366.0
442.5
156.0
457.5
378.0
199.5
475.5
364.5
30.0
226.5
429.0
468.0
313.5
382.5
115.5
91.5
370.5
151.5
402.0
427.5
120.0
303.0
262.5
373.5
376.5
474.0
450.0
379.5
327.0
295.5
450.0
340.5
150.0
379.5
165.0
255.0
391.5
363.0
423.0
457.5
408.0
78.0
400.5
396.0
486.0
108.0
385.5
138.0
463.5
408.0
424.5
300.0
438.0
22.5
504.0
397.5
79.5
345.0
357.0
396.0
399.0
480.0
414.0
472.5
384.0
472.5
391.5
156.0
183.0
286.5
250.5
270.0
393.0
327.0
111.0
391.5
435.0
420.0
402.0
384.0
412.5
477.0
403.5
466.5
121.5
376.5
457.5
414.0
319.5
433.5
451.5
382.5
331.5
291.0
378.0
376.5
268.5
366.0
441.0
151.5
399.0
456.0
310.5
418.5
330.0
90.0
399.0
249.0
426.0
348.0
430.5
465.0
469.5
262.5
327.0
82.5
459.0
463.5
474.0
444.0
466.5
316.5
138.0
412.5
276.0
520.5
342.0
430.5
405.0
154.5
357.0
381.0
180.0
442.5
456.0
411.0
262.5
94.5
300.0
438.0
444.0
325.5
435.0
375.0
459.0
417.0
333.0
264.0
492.0
390.0
447.0
387.0
432.0
424.5
192.0
250.5
67.5
291.0
460.5
480.0
495.0
340.5
366.0
430.5
297.0
204.0
379.5
426.0
393.0
378.0
480.0
424.5
300.0
373.5
450.0
435.0
429.0
189.0
171.0
27.0
357.0
468.0
292.5
442.5
328.5
204.0
303.0
510.0
424.5
309.0
363.0
321.0
328.5
307.5
360.0
471.0
456.0
469.5
406.5
423.0
303.0
150.0
469.5
462.0
303.0
358.5
229.5
469.5
469.5
411.0
420.0
480.0
241.5
457.5
424.5
444.0
454.5
349.5
354.0
432.0
186.0
387.0
81.0
111.0
361.5
478.5
409.5
315.0
459.0
447.0
387.0
363.0
397.5
436.5
291.0
183.0
424.5
349.5
181.5
39.0
502.5
478.5
403.5
345.0
360.0
174.0
277.5
331.5
430.5
388.5
376.5
450.0
502.5
198.0
444.0
370.5
357.0
429.0
309.0
439.5
196.5
282.0
415.5
451.5
493.5
382.5
394.5
427.5
304.5
459.0
418.5
438.0
349.5
159.0
493.5
415.5
379.5
367.5
336.0
306.0
447.0
463.5
397.5
385.5
421.5
246.0
390.0
393.0
433.5
448.5
412.5
313.5
409.5
355.5
414.0
336.0
334.5
70.5
403.5
175.5
408.0
420.0
469.5
178.5
385.5
420.0
423.0
255.0
322.5
511.5
280.5
474.0
361.5
412.5
289.5
444.0
462.0
429.0
444.0
478.5
457.5
334.5
138.0
418.5
204.0
516.0
328.5
306.0
367.5
400.5
397.5
223.5
426.0
513.0
483.0
357.0
444.0
492.0
262.5
459.0
384.0
153.0
450.0
442.5
490.5
415.5
505.5
432.0
438.0
400.5
430.5
396.0
393.0
469.5
417.0
409.5
441.0
379.5
394.5
111.0
364.5
355.5
349.5
396.0
232.5
256.5
463.5
214.5
120.0
330.0
423.0
474.0
423.0
505.5
307.5
466.5
472.5
306.0
91.5
337.5
330.0
421.5
318.0
334.5
207.0
321.0
304.5
328.5
412.5
120.0
375.0
289.5
354.0
315.0
483.0
439.5
382.5
282.0
354.0
424.5
466.5
352.5
468.0
435.0
429.0
196.5
381.0
247.5
240.0
301.5
211.5
442.5
387.0
475.5
354.0
426.0
391.5
382.5
430.5
385.5
334.5
412.5
481.5
462.0
355.5
465.0
450.0
394.5
342.0
411.0
448.5
297.0
429.0
208.5
111.0
424.5
439.5
439.5
366.0
133.5
303.0
468.0
406.5
393.0
469.5
129.0
268.5
493.5
84.0
487.5
405.0
399.0
357.0
426.0
453.0
58.5
409.5
384.0
367.5
516.0
390.0
432.0
457.5
453.0
193.5
231.0
492.0
330.0
463.5
184.5
471.0
466.5
330.0
424.5
429.0
475.5
313.5
408.0
61.5
402.0
237.0
342.0
412.5
487.5
489.0
69.0
433.5
127.5
423.0
427.5
208.5
436.5
442.5
415.5
309.0
484.5
283.5
318.0
423.0
405.0
363.0
444.0
316.5
408.0
345.0
408.0
108.0
501.0
351.0
444.0
309.0
474.0
345.0
333.0
174.0
472.5
427.5
324.0
405.0
451.5
324.0
255.0
247.5
276.0
262.5
195.0
390.0
387.0
177.0
453.0
384.0
319.5
475.5
432.0
340.5
333.0
216.0
409.5
354.0
309.0
445.5
477.0
363.0
444.0
496.5
246.0
280.5
390.0
420.0
349.5
490.5
408.0
513.0
288.0
195.0
439.5
400.5
345.0
361.5
246.0
202.5
415.5
327.0
439.5
517.5
459.0
366.0
397.5
469.5
418.5
457.5
427.5
265.5
399.0
424.5
334.5
274.5
213.0
387.0
465.0
439.5
439.5
285.0
345.0
340.5
489.0
469.5
421.5
480.0
397.5
388.5
211.5
483.0
177.0
424.5
448.5
375.0
406.5
447.0
312.0
444.0
436.5
273.0
402.0
498.0
486.0
481.5
270.0
412.5
216.0
487.5
312.0
172.5
310.5
291.0
345.0
439.5
475.5
333.0
445.5
294.0
322.5
310.5
322.5
171.0
367.5
424.5
330.0
264.0
322.5
454.5
403.5
417.0
388.5
301.5
427.5
420.0
318.0
409.5
490.5
502.5
480.0
310.5
328.5
328.5
211.5
460.5
411.0
388.5
472.5
438.0
163.5
345.0
510.0
462.0
393.0
282.0
477.0
373.5
421.5
439.5
286.5
459.0
484.5
366.0
382.5
318.0
316.5
306.0
483.0
232.5
232.5
445.5
463.5
427.5
451.5
105.0
453.0
385.5
331.5
405.0
213.0
318.0
393.0
382.5
484.5
271.5
435.0
432.0
409.5
388.5
396.0
447.0
322.5
409.5
174.0
195.0
304.5
366.0
409.5
421.5
352.5
291.0
262.5
378.0
406.5
393.0
522.0
393.0
342.0
496.5
175.5
391.5
465.0
493.5
463.5
435.0
442.5
325.5
424.5
300.0
133.5
481.5
429.0
93.0
255.0
351.0
387.0
465.0
444.0
163.5
388.5
385.5
448.5
393.0
468.0
184.5
489.0
492.0
330.0
391.5
357.0
334.5
450.0
364.5
402.0
486.0
453.0
165.0
333.0
421.5
114.0
297.0
493.5
358.5
543.0
351.0
367.5
486.0
400.5
267.0
408.0
283.5
414.0
346.5
442.5
367.5
468.0
373.5
348.0
396.0
441.0
462.0
174.0
520.5
477.0
457.5
325.5
397.5
501.0
255.0
319.5
349.5
387.0
487.5
250.5
372.0
391.5
463.5
442.5
477.0
471.0
460.5
285.0
468.0
472.5
339.0
417.0
510.0
495.0
511.5
264.0
334.5
196.5
448.5
399.0
303.0
451.5
471.0
438.0
306.0
454.5
306.0
442.5
477.0
216.0
292.5
471.0
438.0
301.5
448.5
394.5
481.5
342.0
399.0
270.0
484.5
414.0
447.0
339.0
316.5
450.0
172.5
469.5
375.0
412.5
351.0
144.0
396.0
439.5
403.5
271.5
192.0
265.5
358.5
288.0
322.5
247.5
238.5
367.5
409.5
295.5
172.5
205.5
372.0
408.0
423.0
477.0
508.5
429.0
402.0
360.0
175.5
223.5
450.0
457.5
471.0
406.5
360.0
387.0
316.5
433.5
442.5
451.5
484.5
381.0
430.5
513.0
246.0
337.5
234.0
408.0
465.0
196.5
435.0
502.5
423.0
445.5
339.0
366.0
447.0
498.0
262.5
211.5
358.5
498.0
424.5
396.0
424.5
307.5
469.5
340.5
367.5
438.0
442.5
432.0
489.0
315.0
465.0
451.5
453.0
328.5
450.0
360.0
382.5
436.5
526.5
400.5
339.0
309.0
285.0
460.5
316.5
213.0
423.0
343.5
468.0
348.0
427.5
405.0
138.0
205.5
475.5
438.0
409.5
492.0
373.5
423.0
469.5
400.5
445.5
393.0
400.5
436.5
217.5
352.5
484.5
423.0
495.0
177.0
441.0
204.0
370.5
495.0
367.5
133.5
399.0
418.5
453.0
439.5
421.5
147.0
355.5
429.0
145.5
471.0
478.5
475.5
483.0
453.0
450.0
502.5
390.0
505.5
195.0
63.0
429.0
468.0
451.5
343.5
433.5
478.5
460.5
478.5
507.0
244.5
327.0
468.0
451.5
355.5
484.5
294.0
109.5
375.0
463.5
174.0
363.0
474.0
417.0
424.5
390.0
441.0
414.0
462.0
217.5
423.0
136.5
445.5
292.5
88.5
400.5
430.5
459.0
408.0
124.5
489.0
429.0
489.0
385.5
202.5
402.0
522.0
310.5
147.0
421.5
462.0
426.0
244.5
318.0
283.5
295.5
499.5
397.5
442.5
354.0
439.5
415.5
108.0
406.5
213.0
442.5
405.0
270.0
301.5
141.0
492.0
340.5
411.0
462.0
382.5
493.5
472.5
415.5
447.0
117.0
237.0
468.0
73.5
333.0
330.0
472.5
303.0
453.0
181.5
429.0
247.5
295.5
429.0
166.5
327.0
441.0
430.5
436.5
121.5
442.5
262.5
423.0
339.0
270.0
381.0
304.5
415.5
462.0
310.5
61.5
364.5
378.0
181.5
480.0
393.0
45.0
342.0
31.5
343.5
346.5
409.5
471.0
430.5
271.5
231.0
414.0
351.0
316.5
426.0
481.5
357.0
342.0
460.5
274.5
415.5
360.0
397.5
354.0
394.5
118.5
432.0
229.5
451.5
501.0
406.5
301.5
273.0
453.0
466.5
475.5
390.0
462.0
253.5
340.5
370.5
336.0
495.0
403.5
423.0
318.0
360.0
394.5
427.5
444.0
427.5
330.0
424.5
441.0
351.0
475.5
415.5
391.5
303.0
316.5
363.0
385.5
433.5
267.0
364.5
397.5
387.0
363.0
394.5
139.5
349.5
184.5
417.0
339.0
427.5
394.5
493.5
426.0
235.5
106.5
472.5
267.0
514.5
433.5
472.5
397.5
456.0
417.0
463.5
424.5
450.0
504.0
400.5
345.0
357.0
415.5
514.5
364.5
52.5
135.0
447.0
456.0
382.5
414.0
403.5
369.0
376.5
393.0
433.5
96.0
426.0
480.0
387.0
405.0
435.0
354.0
346.5
412.5
436.5
468.0
510.0
318.0
471.0
391.5
426.0
402.0
277.5
262.5
448.5
453.0
333.0
109.5
427.5
469.5
397.5
412.5
375.0
508.5
301.5
438.0
387.0
450.0
280.5
64.5
429.0
384.0
501.0
310.5
445.5
471.0
66.0
364.5
475.5
28.5
297.0
378.0
493.5
397.5
435.0
481.5
241.5
378.0
420.0
466.5
466.5
265.5
397.5
397.5
321.0
469.5
451.5
478.5
384.0
114.0
460.5
460.5
216.0
169.5
334.5
417.0
420.0
403.5
433.5
418.5
436.5
243.0
457.5
289.5
391.5
466.5
462.0
507.0
346.5
364.5
337.5
366.0
418.5
463.5
208.5
310.5
298.5
457.5
169.5
334.5
447.0
400.5
409.5
361.5
319.5
108.0
355.5
391.5
370.5
483.0
513.0
381.0
127.5
417.0
441.0
507.0
375.0
195.0
423.0
384.0
424.5
352.5
268.5
463.5
360.0
474.0
444.0
276.0
94.5
448.5
426.0
510.0
361.5
136.5
408.0
259.5
186.0
448.5
448.5
76.5
436.5
450.0
279.0
369.0
418.5
348.0
472.5
484.5
441.0
369.0
480.0
366.0
297.0
427.5
483.0
304.5
466.5
451.5
196.5
277.5
30.0
109.5
418.5
297.0
387.0
231.0
22.5
402.0
435.0
481.5
213.0
172.5
438.0
441.0
231.0
496.5
504.0
517.5
427.5
226.5
394.5
322.5
462.0
289.5
424.5
451.5
441.0
205.5
438.0
114.0
427.5
340.5
139.5
414.0
486.0
415.5
468.0
363.0
288.0
303.0
309.0
469.5
472.5
216.0
385.5
468.0
424.5
471.0
390.0
394.5
412.5
181.5
487.5
448.5
483.0
105.0
163.5
468.0
294.0
381.0
420.0
313.5
409.5
457.5
363.0
229.5
388.5
454.5
490.5
484.5
498.0
130.5
490.5
126.0
382.5
406.5
418.5
411.0
100.5
438.0
328.5
396.0
421.5
471.0
451.5
238.5
135.0
259.5
375.0
391.5
435.0
202.5
289.5
274.5
237.0
312.0
454.5
340.5
441.0
420.0
121.5
370.5
436.5
469.5
481.5
336.0
456.0
238.5
406.5
492.0
297.0
489.0
301.5
363.0
393.0
367.5
415.5
429.0
456.0
411.0
483.0
492.0
459.0
151.5
426.0
216.0
157.5
418.5
483.0
475.5
282.0
442.5
301.5
487.5
318.0
201.0
430.5
459.0
333.0
481.5
474.0
445.5
99.0
448.5
73.5
453.0
435.0
340.5
430.5
226.5
294.0
222.0
363.0
312.0
343.5
408.0
388.5
369.0
472.5
397.5
303.0
153.0
279.0
418.5
388.5
445.5
324.0
331.5
456.0
324.0
456.0
168.0
432.0
436.5
450.0
466.5
426.0
447.0
174.0
409.5
193.5
310.5
316.5
85.5
414.0
259.5
129.0
325.5
328.5
330.0
403.5
265.5
360.0
466.5
400.5
349.5
429.0
442.5
460.5
444.0
207.0
451.5
448.5
489.0
324.0
433.5
160.5
184.5
226.5
339.0
307.5
202.5
445.5
327.0
427.5
478.5
382.5
369.0
54.0
333.0
423.0
142.5
423.0
276.0
427.5
444.0
436.5
451.5
250.5
160.5
333.0
292.5
463.5
363.0
439.5
496.5
471.0
468.0
414.0
376.5
481.5
444.0
355.5
72.0
469.5
280.5
319.5
381.0
441.0
16.5
384.0
373.5
492.0
264.0
381.0
426.0
351.0
366.0
441.0
445.5
427.5
345.0
360.0
268.5
444.0
457.5
145.5
328.5
480.0
426.0
391.5
442.5
346.5
222.0
480.0
331.5
364.5
411.0
330.0
175.5
298.5
259.5
439.5
93.0
145.5
54.0
472.5
354.0
313.5
315.0
424.5
516.0
421.5
427.5
475.5
393.0
324.0
414.0
372.0
340.5
439.5
424.5
313.5
417.0
447.0
400.5
306.0
459.0
507.0
388.5
450.0
421.5
495.0
492.0
351.0
180.0
232.5
414.0
468.0
349.5
231.0
465.0
366.0
438.0
55.5
435.0
292.5
474.0
325.5
457.5
396.0
268.5
396.0
454.5
396.0
327.0
372.0
454.5
187.5
228.0
334.5
442.5
447.0
459.0
289.5
465.0
318.0
298.5
130.5
487.5
460.5
429.0
441.0
180.0
519.0
372.0
57.0
486.0
466.5
343.5
457.5
466.5
469.5
477.0
366.0
445.5
231.0
288.0
442.5
399.0
432.0
438.0
396.0
495.0
337.5
450.0
130.5
454.5
319.5
396.0
465.0
412.5
394.5
271.5
453.0
426.0
478.5
463.5
460.5
42.0
211.5
177.0
313.5
166.5
285.0
502.5
420.0
393.0
453.0
450.0
442.5
465.0
321.0
123.0
496.5
279.0
391.5
154.5
421.5
390.0
351.0
246.0
477.0
457.5
412.5
456.0
376.5
436.5
168.0
267.0
415.5
327.0
295.5
217.5
501.0
406.5
273.0
385.5
136.5
414.0
385.5
438.0
132.0
498.0
442.5
157.5
297.0
495.0
456.0
210.0
466.5
136.5
426.0
453.0
102.0
295.5
424.5
459.0
393.0
78.0
261.0
177.0
226.5
423.0
367.5
457.5
346.5
448.5
396.0
480.0
168.0
354.0
417.0
502.5
423.0
370.5
465.0
234.0
87.0
474.0
346.5
393.0
387.0
235.5
192.0
478.5
489.0
487.5
429.0
37.5
402.0
502.5
369.0
132.0
417.0
175.5
472.5
94.5
315.0
235.5
265.5
406.5
435.0
400.5
340.5
424.5
426.0
357.0
250.5
301.5
391.5
352.5
124.5
216.0
433.5
412.5
417.0
397.5
214.5
457.5
409.5
373.5
433.5
276.0
418.5
391.5
97.5
394.5
352.5
451.5
439.5
334.5
414.0
468.0
376.5
178.5
439.5
384.0
447.0
385.5
475.5
246.0
438.0
480.0
456.0
124.5
385.5
217.5
438.0
432.0
120.0
490.5
454.5
321.0
426.0
441.0
399.0
361.5
478.5
372.0
343.5
322.5
478.5
421.5
261.0
417.0
403.5
396.0
274.5
483.0
394.5
414.0
382.5
420.0
390.0
369.0
304.5
325.5
462.0
430.5
462.0
193.5
382.5
453.0
412.5
405.0
402.0
366.0
463.5
90.0
346.5
411.0
366.0
162.0
195.0
310.5
340.5
208.5
367.5
450.0
423.0
180.0
447.0
493.5
433.5
385.5
268.5
459.0
457.5
351.0
471.0
460.5
396.0
459.0
364.5
306.0
390.0
385.5
487.5
84.0
480.0
120.0
319.5
387.0
460.5
148.5
285.0
483.0
231.0
426.0
472.5
303.0
297.0
498.0
376.5
510.0
238.5
375.0
451.5
373.5
418.5
463.5
462.0
256.5
513.0
84.0
478.5
429.0
394.5
393.0
304.5
421.5
327.0
462.0
405.0
493.5
442.5
412.5
490.5
379.5
469.5
423.0
208.5
387.0
327.0
375.0
220.5
400.5
414.0
387.0
420.0
439.5
300.0
334.5
384.0
309.0
225.0
498.0
511.5
333.0
327.0
258.0
493.5
228.0
429.0
370.5
309.0
84.0
321.0
165.0
427.5
369.0
438.0
366.0
397.5
477.0
327.0
429.0
450.0
100.5
117.0
342.0
300.0
439.5
378.0
324.0
112.5
406.5
408.0
420.0
267.0
421.5
463.5
328.5
481.5
187.5
99.0
456.0
286.5
381.0
97.5
474.0
420.0
169.5
402.0
234.0
231.0
472.5
436.5
205.5
427.5
286.5
490.5
387.0
379.5
243.0
376.5
436.5
378.0
279.0
387.0
480.0
310.5
397.5
336.0
264.0
462.0
240.0
322.5
417.0
478.5
384.0
408.0
357.0
447.0
405.0
408.0
463.5
336.0
441.0
417.0
456.0
268.5
424.5
342.0
340.5
424.5
231.0
321.0
439.5
507.0
310.5
196.5
463.5
352.5
267.0
190.5
484.5
411.0
400.5
409.5
358.5
327.0
445.5
433.5
351.0
412.5
372.0
445.5
85.5
280.5
447.0
454.5
235.5
148.5
396.0
321.0
433.5
253.5
228.0
364.5
186.0
436.5
442.5
465.0
406.5
235.5
315.0
346.5
466.5
106.5
312.0
192.0
246.0
331.5
474.0
411.0
432.0
238.5
331.5
534.0
459.0
348.0
420.0
258.0
277.5
420.0
330.0
325.5
499.5
436.5
489.0
435.0
379.5
454.5
384.0
237.0
486.0
163.5
355.5
403.5
363.0
481.5
469.5
303.0
390.0
483.0
135.0
354.0
256.5
502.5
10.5
328.5
454.5
457.5
442.5
439.5
403.5
190.5
436.5
162.0
451.5
495.0
430.5
469.5
361.5
444.0
487.5
423.0
345.0
285.0
75.0
430.5
421.5
304.5
369.0
472.5
319.5
409.5
52.5
291.0
177.0
477.0
247.5
450.0
379.5
312.0
414.0
513.0
460.5
435.0
343.5
294.0
340.5
279.0
373.5
394.5
480.0
279.0
138.0
501.0
448.5
447.0
409.5
421.5
325.5
342.0
181.5
504.0
376.5
426.0
285.0
463.5
447.0
354.0
325.5
367.5
417.0
373.5
447.0
420.0
460.5
249.0
480.0
423.0
246.0
394.5
363.0
309.0
301.5
402.0
442.5
367.5
442.5
460.5
487.5
421.5
399.0
307.5
429.0
340.5
394.5
384.0
174.0
232.5
409.5
454.5
235.5
430.5
313.5
421.5
286.5
324.0
433.5
429.0
457.5
468.0
369.0
370.5
267.0
409.5
318.0
367.5
433.5
441.0
489.0
448.5
315.0
451.5
421.5
475.5
442.5
195.0
141.0
441.0
183.0
384.0
252.0
441.0
412.5
348.0
76.5
247.5
397.5
489.0
474.0
363.0
415.5
421.5
352.5
303.0
415.5
459.0
301.5
297.0
480.0
441.0
487.5
472.5
294.0
450.0
295.5
328.5
288.0
442.5
369.0
261.0
339.0
432.0
103.5
267.0
273.0
336.0
439.5
237.0
433.5
421.5
342.0
381.0
288.0
229.5
385.5
474.0
432.0
85.5
49.5
402.0
348.0
379.5
480.0
457.5
252.0
175.5
402.0
213.0
354.0
453.0
474.0
361.5
352.5
427.5
471.0
381.0
313.5
417.0
286.5
130.5
463.5
415.5
121.5
393.0
361.5
264.0
423.0
394.5
259.5
426.0
301.5
484.5
433.5
339.0
297.0
492.0
499.5
291.0
375.0
499.5
444.0
424.5
433.5
492.0
360.0
412.5
415.5
276.0
427.5
471.0
300.0
322.5
315.0
300.0
298.5
288.0
492.0
462.0
222.0
405.0
265.5
283.5
427.5
400.5
288.0
280.5
376.5
375.0
337.5
243.0
288.0
388.5
334.5
463.5
241.5
402.0
277.5
141.0
288.0
376.5
370.5
51.0
357.0
399.0
460.5
354.0
429.0
352.5
465.0
474.0
369.0
303.0
420.0
355.5
319.5
396.0
445.5
393.0
217.5
399.0
471.0
421.5
481.5
516.0
429.0
496.5
423.0
393.0
454.5
342.0
472.5
216.0
103.5
213.0
465.0
465.0
111.0
64.5
183.0
136.5
451.5
415.5
499.5
480.0
255.0
361.5
202.5
394.5
399.0
453.0
121.5
324.0
256.5
304.5
478.5
306.0
232.5
72.0
304.5
304.5
447.0
475.5
459.0
453.0
91.5
253.5
463.5
286.5
343.5
267.0
444.0
354.0
433.5
432.0
435.0
486.0
433.5
441.0
408.0
487.5
403.5
400.5
360.0
258.0
475.5
447.0
307.5
448.5
436.5
381.0
289.5
408.0
408.0
424.5
274.5
214.5
360.0
453.0
436.5
135.0
220.5
291.0
244.5
331.5
286.5
312.0
280.5
324.0
519.0
285.0
355.5
382.5
183.0
358.5
391.5
378.0
123.0
327.0
484.5
499.5
495.0
348.0
465.0
157.5
339.0
250.5
430.5
366.0
97.5
187.5
459.0
472.5
471.0
490.5
103.5
468.0
387.0
331.5
439.5
465.0
211.5
508.5
340.5
466.5
447.0
421.5
406.5
459.0
466.5
319.5
372.0
234.0
136.5
376.5
430.5
453.0
276.0
253.5
430.5
504.0
391.5
469.5
496.5
393.0
339.0
322.5
442.5
453.0
372.0
498.0
100.5
166.5
382.5
271.5
424.5
435.0
444.0
394.5
123.0
285.0
441.0
406.5
492.0
433.5
429.0
150.0
451.5
129.0
391.5
246.0
396.0
168.0
412.5
475.5
279.0
217.5
418.5
324.0
435.0
471.0
480.0
462.0
162.0
391.5
207.0
466.5
355.5
319.5
406.5
477.0
399.0
492.0
400.5
288.0
472.5
450.0
436.5
492.0
478.5
408.0
465.0
429.0
498.0
345.0
415.5
315.0
217.5
204.0
406.5
249.0
336.0
451.5
384.0
246.0
477.0
427.5
316.5
445.5
442.5
393.0
408.0
435.0
448.5
280.5
496.5
82.5
447.0
441.0
208.5
453.0
304.5
480.0
69.0
255.0
342.0
388.5
390.0
78.0
309.0
54.0
99.0
492.0
189.0
457.5
367.5
471.0
379.5
145.5
328.5
294.0
303.0
496.5
471.0
379.5
454.5
342.0
394.5
135.0
208.5
175.5
474.0
450.0
279.0
405.0
331.5
457.5
333.0
462.0
417.0
367.5
471.0
460.5
216.0
300.0
351.0
456.0
267.0
426.0
417.0
484.5
412.5
376.5
336.0
501.0
361.5
87.0
352.5
279.0
313.5
348.0
439.5
490.5
358.5
123.0
420.0
493.5
375.0
346.5
136.5
228.0
76.5
358.5
375.0
439.5
358.5
448.5
223.5
349.5
454.5
271.5
390.0
325.5
385.5
421.5
394.5
39.0
328.5
315.0
378.0
150.0
433.5
396.0
468.0
375.0
118.5
414.0
195.0
301.5
391.5
514.5
444.0
408.0
463.5
387.0
442.5
454.5
243.0
424.5
385.5
352.5
502.5
450.0
388.5
198.0
414.0
292.5
453.0
399.0
463.5
313.5
511.5
375.0
474.0
477.0
384.0
441.0
399.0
472.5
261.0
88.5
340.5
496.5
342.0
403.5
436.5
328.5
424.5
480.0
319.5
462.0
456.0
321.0
435.0
313.5
423.0
451.5
456.0
349.5
417.0
409.5
436.5
252.0
300.0
291.0
63.0
442.5
472.5
307.5
300.0
352.5
499.5
478.5
75.0
451.5
268.5
168.0
471.0
156.0
430.5
319.5
412.5
343.5
172.5
429.0
234.0
145.5
379.5
333.0
393.0
412.5
502.5
370.5
397.5
247.5
381.0
426.0
403.5
453.0
390.0
498.0
97.5
430.5
204.0
168.0
468.0
394.5
468.0
418.5
256.5
429.0
468.0
448.5
489.0
432.0
286.5
451.5
508.5
378.0
453.0
372.0
100.5
202.5
390.0
409.5
357.0
412.5
406.5
343.5
370.5
459.0
439.5
426.0
324.0
412.5
313.5
382.5
411.0
483.0
504.0
282.0
390.0
496.5
462.0
445.5
430.5
516.0
427.5
421.5
250.5
307.5
193.5
343.5
426.0
409.5
345.0
412.5
303.0
381.0
321.0
208.5
417.0
78.0
88.5
484.5
199.5
252.0
247.5
504.0
318.0
375.0
390.0
318.0
454.5
228.0
451.5
454.5
411.0
469.5
393.0
492.0
460.5
445.5
447.0
483.0
364.5
273.0
501.0
489.0
237.0
463.5
382.5
348.0
351.0
238.5
484.5
477.0
465.0
241.5
477.0
399.0
387.0
177.0
442.5
444.0
465.0
361.5
517.5
474.0
505.5
409.5
348.0
453.0
289.5
310.5
294.0
70.5
322.5
369.0
433.5
415.5
382.5
369.0
469.5
208.5
61.5
412.5
256.5
339.0
366.0
450.0
465.0
433.5
507.0
255.0
439.5
379.5
388.5
367.5
310.5
457.5
48.0
484.5
456.0
448.5
460.5
346.5
459.0
267.0
466.5
403.5
409.5
406.5
352.5
384.0
285.0
255.0
138.0
334.5
246.0
417.0
258.0
417.0
363.0
445.5
444.0
219.0
321.0
318.0
381.0
423.0
351.0
331.5
403.5
445.5
96.0
438.0
423.0
490.5
417.0
346.5
393.0
421.5
292.5
349.5
456.0
423.0
132.0
450.0
495.0
102.0
241.5
489.0
216.0
346.5
363.0
291.0
273.0
393.0
385.5
439.5
477.0
459.0
288.0
468.0
427.5
279.0
256.5
460.5
447.0
325.5
400.5
303.0
285.0
471.0
103.5
151.5
183.0
483.0
438.0
34.5
421.5
531.0
171.0
267.0
268.5
405.0
369.0
432.0
432.0
327.0
459.0
103.5
424.5
456.0
489.0
363.0
328.5
319.5
406.5
463.5
436.5
259.5
429.0
460.5
285.0
432.0
471.0
429.0
49.5
393.0
369.0
451.5
228.0
382.5
363.0
490.5
445.5
396.0
462.0
345.0
396.0
433.5
288.0
447.0
480.0
486.0
360.0
247.5
375.0
241.5
435.0
379.5
450.0
358.5
504.0
453.0
499.5
498.0
286.5
118.5
378.0
99.0
436.5
478.5
408.0
517.5
471.0
277.5
478.5
486.0
478.5
442.5
78.0
429.0
355.5
478.5
238.5
447.0
279.0
213.0
124.5
424.5
334.5
301.5
279.0
457.5
445.5
471.0
367.5
309.0
316.5
294.0
225.0
387.0
120.0
373.5
177.0
121.5
318.0
337.5
325.5
322.5
105.0
445.5
411.0
462.0
450.0
363.0
487.5
159.0
477.0
397.5
408.0
480.0
52.5
430.5
370.5
477.0
504.0
361.5
409.5
315.0
334.5
345.0
426.0
393.0
345.0
442.5
402.0
232.5
58.5
415.5
114.0
396.0
396.0
483.0
411.0
456.0
364.5
486.0
439.5
318.0
426.0
454.5
297.0
87.0
472.5
412.5
480.0
436.5
451.5
360.0
423.0
456.0
261.0
253.5
430.5
387.0
160.5
351.0
232.5
328.5
405.0
262.5
400.5
438.0
460.5
100.5
468.0
432.0
363.0
423.0
265.5
456.0
438.0
384.0
493.5
435.0
396.0
409.5
216.0
288.0
405.0
454.5
289.5
405.0
336.0
421.5
463.5
423.0
120.0
273.0
450.0
402.0
430.5
375.0
405.0
165.0
352.5
376.5
171.0
343.5
384.0
252.0
384.0
411.0
429.0
192.0
123.0
456.0
460.5
369.0
465.0
376.5
354.0
147.0
319.5
226.5
324.0
441.0
400.5
436.5
258.0
253.5
429.0
163.5
367.5
357.0
435.0
330.0
498.0
453.0
504.0
355.5
81.0
175.5
384.0
336.0
48.0
472.5
471.0
426.0
273.0
453.0
81.0
207.0
432.0
426.0
418.5
394.5
447.0
481.5
63.0
453.0
423.0
75.0
331.5
388.5
477.0
400.5
396.0
69.0
162.0
429.0
214.5
504.0
351.0
376.5
469.5
349.5
387.0
502.5
471.0
483.0
121.5
442.5
354.0
475.5
111.0
345.0
337.5
469.5
472.5
514.5
441.0
370.5
357.0
391.5
463.5
367.5
424.5
394.5
411.0
468.0
343.5
283.5
381.0
417.0
327.0
493.5
249.0
486.0
442.5
90.0
349.5
415.5
424.5
448.5
351.0
492.0
351.0
429.0
142.5
421.5
357.0
106.5
436.5
100.5
271.5
334.5
361.5
330.0
441.0
405.0
444.0
202.5
360.0
412.5
490.5
441.0
294.0
489.0
379.5
133.5
376.5
450.0
418.5
160.5
459.0
489.0
424.5
114.0
450.0
346.5
135.0
342.0
370.5
337.5
321.0
502.5
399.0
253.5
504.0
270.0
343.5
400.5
433.5
442.5
430.5
400.5
226.5
454.5
406.5
379.5
312.0
433.5
436.5
214.5
384.0
516.0
432.0
420.0
391.5
528.0
373.5
420.0
477.0
358.5
201.0
324.0
403.5
406.5
447.0
414.0
492.0
208.5
94.5
489.0
463.5
358.5
451.5
409.5
444.0
354.0
342.0
418.5
253.5
471.0
429.0
415.5
348.0
487.5
370.5
312.0
253.5
382.5
354.0
399.0
496.5
478.5
367.5
381.0
514.5
465.0
523.5
300.0
328.5
400.5
394.5
345.0
363.0
360.0
409.5
330.0
477.0
327.0
354.0
429.0
364.5
435.0
379.5
486.0
397.5
114.0
127.5
427.5
252.0
483.0
472.5
453.0
417.0
420.0
400.5
486.0
337.5
342.0
444.0
75.0
504.0
318.0
384.0
433.5
436.5
418.5
367.5
337.5
31.5
484.5
276.0
229.5
151.5
448.5
429.0
519.0
502.5
415.5
432.0
150.0
375.0
204.0
385.5
490.5
390.0
277.5
343.5
348.0
444.0
361.5
340.5
364.5
445.5
435.0
448.5
318.0
412.5
424.5
388.5
412.5
379.5
259.5
408.0
385.5
439.5
237.0
415.5
421.5
148.5
472.5
421.5
202.5
429.0
361.5
304.5
217.5
495.0
451.5
213.0
331.5
442.5
172.5
180.0
379.5
438.0
489.0
481.5
64.5
243.0
411.0
282.0
370.5
409.5
237.0
441.0
508.5
483.0
294.0
339.0
312.0
412.5
426.0
261.0
505.5
301.5
406.5
367.5
301.5
382.5
433.5
423.0
277.5
103.5
393.0
373.5
495.0
466.5
13.5
331.5
217.5
348.0
361.5
112.5
231.0
213.0
394.5
474.0
405.0
366.0
466.5
166.5
441.0
324.0
450.0
373.5
394.5
387.0
411.0
340.5
400.5
510.0
435.0
342.0
399.0
414.0
453.0
225.0
432.0
363.0
28.5
223.5
229.5
418.5
180.0
211.5
364.5
469.5
373.5
385.5
478.5
342.0
403.5
291.0
175.5
175.5
424.5
498.0
166.5
420.0
471.0
411.0
411.0
430.5
496.5
75.0
396.0
463.5
160.5
421.5
198.0
427.5
327.0
517.5
475.5
400.5
394.5
468.0
273.0
496.5
472.5
382.5
418.5
403.5
411.0
445.5
63.0
151.5
217.5
429.0
225.0
331.5
228.0
126.0
460.5
342.0
427.5
207.0
456.0
463.5
442.5
433.5
444.0
66.0
372.0
366.0
412.5
406.5
334.5
135.0
457.5
400.5
100.5
321.0
472.5
390.0
187.5
453.0
385.5
225.0
475.5
450.0
516.0
330.0
315.0
493.5
388.5
391.5
415.5
439.5
384.0
285.0
463.5
244.5
448.5
469.5
361.5
465.0
454.5
400.5
348.0
427.5
397.5
312.0
306.0
400.5
423.0
418.5
135.0
478.5
294.0
385.5
409.5
472.5
324.0
309.0
423.0
307.5
436.5
444.0
489.0
301.5
199.5
132.0
460.5
403.5
463.5
390.0
184.5
352.5
412.5
352.5
385.5
276.0
487.5
363.0
315.0
525.0
478.5
324.0
469.5
436.5
393.0
451.5
130.5
195.0
408.0
300.0
390.0
214.5
262.5
408.0
306.0
489.0
388.5
280.5
432.0
408.0
319.5
391.5
265.5
255.0
292.5
478.5
303.0
442.5
475.5
408.0
120.0
97.5
105.0
454.5
223.5
373.5
442.5
162.0
385.5
402.0
439.5
367.5
508.5
354.0
274.5
438.0
313.5
427.5
519.0
313.5
403.5
360.0
417.0
478.5
418.5
361.5
468.0
175.5
444.0
151.5
456.0
412.5
468.0
429.0
199.5
396.0
501.0
423.0
87.0
411.0
144.0
468.0
40.5
406.5
373.5
153.0
193.5
241.5
516.0
408.0
327.0
216.0
492.0
105.0
438.0
453.0
448.5
387.0
412.5
327.0
211.5
394.5
387.0
249.0
393.0
423.0
352.5
136.5
315.0
493.5
435.0
226.5
391.5
301.5
444.0
459.0
285.0
391.5
513.0
319.5
349.5
418.5
138.0
406.5
357.0
310.5
429.0
309.0
103.5
399.0
448.5
430.5
364.5
373.5
466.5
279.0
475.5
241.5
357.0
411.0
499.5
430.5
318.0
423.0
81.0
460.5
435.0
462.0
294.0
421.5
507.0
468.0
501.0
417.0
405.0
360.0
370.5
474.0
192.0
513.0
367.5
454.5
402.0
16.5
408.0
472.5
493.5
241.5
513.0
424.5
121.5
411.0
306.0
313.5
190.5
132.0
94.5
373.5
276.0
345.0
315.0
382.5
394.5
99.0
106.5
360.0
399.0
442.5
276.0
273.0
336.0
474.0
331.5
397.5
456.0
481.5
385.5
433.5
292.5
297.0
415.5
465.0
286.5
135.0
367.5
331.5
456.0
357.0
465.0
432.0
169.5
411.0
348.0
376.5
360.0
52.5
379.5
423.0
513.0
75.0
457.5
456.0
103.5
379.5
387.0
447.0
502.5
427.5
76.5
426.0
420.0
430.5
405.0
315.0
459.0
487.5
447.0
468.0
124.5
157.5
411.0
460.5
306.0
339.0
381.0
304.5
372.0
424.5
259.5
420.0
426.0
349.5
475.5
181.5
234.0
417.0
303.0
493.5
130.5
394.5
463.5
459.0
340.5
480.0
465.0
355.5
268.5
454.5
316.5
373.5
474.0
424.5
501.0
313.5
412.5
451.5
484.5
453.0
295.5
489.0
151.5
379.5
355.5
301.5
169.5
393.0
211.5
109.5
429.0
456.0
489.0
408.0
234.0
391.5
328.5
345.0
226.5
420.0
468.0
399.0
409.5
306.0
387.0
408.0
466.5
487.5
450.0
406.5
85.5
466.5
141.0
172.5
163.5
412.5
484.5
369.0
324.0
475.5
387.0
352.5
406.5
496.5
361.5
427.5
390.0
51.0
394.5
439.5
420.0
331.5
444.0
474.0
439.5
261.0
504.0
316.5
367.5
297.0
408.0
81.0
171.0
429.0
418.5
471.0
475.5
405.0
348.0
325.5
394.5
178.5
378.0
333.0
396.0
382.5
282.0
247.5
502.5
312.0
405.0
339.0
450.0
363.0
133.5
435.0
222.0
361.5
472.5
387.0
433.5
249.0
382.5
472.5
457.5
453.0
441.0
408.0
433.5
202.5
496.5
481.5
430.5
288.0
444.0
279.0
421.5
484.5
474.0
267.0
324.0
484.5
411.0
348.0
379.5
354.0
462.0
393.0
508.5
429.0
282.0
435.0
486.0
477.0
283.5
427.5
315.0
466.5
462.0
397.5
336.0
298.5
468.0
457.5
393.0
282.0
211.5
478.5
411.0
52.5
414.0
223.5
273.0
315.0
456.0
441.0
282.0
186.0
259.5
412.5
409.5
435.0
285.0
256.5
504.0
393.0
219.0
357.0
387.0
388.5
429.0
438.0
451.5
391.5
402.0
465.0
325.5
418.5
432.0
453.0
381.0
264.0
432.0
483.0
315.0
433.5
369.0
295.5
208.5
372.0
472.5
501.0
306.0
274.5
442.5
247.5
255.0
453.0
309.0
450.0
274.5
462.0
499.5
379.5
144.0
324.0
409.5
417.0
489.0
462.0
471.0
414.0
232.5
406.5
433.5
376.5
492.0
382.5
135.0
414.0
334.5
391.5
484.5
429.0
337.5
283.5
469.5
454.5
489.0
514.5
342.0
189.0
318.0
424.5
319.5
423.0
511.5
438.0
456.0
456.0
348.0
270.0
123.0
472.5
405.0
483.0
129.0
21.0
396.0
384.0
138.0
456.0
447.0
459.0
420.0
373.5
213.0
427.5
507.0
276.0
222.0
403.5
448.5
138.0
148.5
118.5
373.5
448.5
274.5
445.5
313.5
322.5
499.5
277.5
480.0
363.0
69.0
460.5
384.0
492.0
384.0
276.0
381.0
382.5
475.5
228.0
466.5
168.0
403.5
459.0
460.5
418.5
445.5
409.5
367.5
253.5
429.0
390.0
435.0
337.5
459.0
477.0
463.5
435.0
333.0
444.0
505.5
478.5
177.0
240.0
369.0
432.0
394.5
186.0
286.5
264.0
198.0
279.0
348.0
148.5
54.0
501.0
439.5
343.5
426.0
474.0
420.0
451.5
349.5
225.0
475.5
393.0
481.5
429.0
415.5
447.0
319.5
442.5
372.0
411.0
463.5
393.0
402.0
328.5
448.5
451.5
280.5
252.0
411.0
292.5
378.0
193.5
474.0
153.0
304.5
450.0
418.5
442.5
