345.0
430.5
480.0
453.0
456.0
418.5
465.0
334.5
448.5
471.0
388.5
447.0
475.5
451.5
498.0
400.5
456.0
457.5
511.5
418.5
481.5
510.0
502.5
415.5
393.0
459.0
432.0
418.5
493.5
325.5
453.0
498.0
411.0
240.0
396.0
403.5
183.0
367.5
508.5
447.0
511.5
468.0
429.0
417.0
399.0
456.0
477.0
409.5
415.5
319.5
294.0
58.5
262.5
454.5
499.5
480.0
433.5
499.5
268.5
471.0
456.0
468.0
345.0
463.5
459.0
483.0
463.5
345.0
124.5
508.5
463.5
487.5
463.5
417.0
484.5
474.0
333.0
522.0
429.0
483.0
469.5
480.0
456.0
124.5
426.0
430.5
442.5
438.0
352.5
474.0
474.0
478.5
468.0
277.5
276.0
457.5
319.5
345.0
463.5
463.5
496.5
346.5
483.0
498.0
466.5
478.5
460.5
432.0
441.0
441.0
403.5
495.0
496.5
438.0
508.5
465.0
502.5
469.5
481.5
438.0
481.5
403.5
441.0
412.5
478.5
486.0
409.5
481.5
504.0
472.5
462.0
483.0
480.0
486.0
456.0
507.0
450.0
447.0
517.5
460.5
421.5
376.5
415.5
382.5
459.0
499.5
442.5
376.5
496.5
426.0
406.5
387.0
448.5
297.0
420.0
438.0
459.0
441.0
489.0
492.0
435.0
279.0
481.5
444.0
526.5
502.5
508.5
460.5
504.0
402.0
508.5
472.5
474.0
408.0
462.0
367.5
526.5
444.0
501.0
496.5
369.0
451.5
439.5
417.0
370.5
90.0
489.0
459.0
486.0
123.0
289.5
498.0
463.5
459.0
468.0
441.0
424.5
388.5
463.5
424.5
372.0
391.5
346.5
456.0
478.5
502.5
502.5
418.5
366.0
471.0
411.0
460.5
460.5
493.5
426.0
495.0
426.0
444.0
453.0
474.0
412.5
415.5
472.5
462.0
429.0
469.5
468.0
504.0
357.0
505.5
504.0
301.5
366.0
483.0
489.0
459.0
472.5
376.5
352.5
366.0
496.5
445.5
450.0
459.0
219.0
493.5
136.5
474.0
487.5
514.5
406.5
466.5
408.0
508.5
448.5
511.5
465.0
487.5
429.0
472.5
409.5
478.5
513.0
454.5
495.0
484.5
442.5
420.0
481.5
504.0
409.5
367.5
454.5
444.0
475.5
384.0
471.0
411.0
468.0
133.5
430.5
447.0
477.0
510.0
382.5
505.5
294.0
454.5
469.5
411.0
412.5
469.5
484.5
426.0
409.5
414.0
319.5
324.0
481.5
421.5
484.5
433.5
438.0
430.5
457.5
501.0
382.5
505.5
490.5
484.5
474.0
118.5
390.0
312.0
436.5
378.0
496.5
463.5
478.5
474.0
412.5
433.5
483.0
483.0
496.5
403.5
468.0
292.5
484.5
427.5
517.5
448.5
483.0
481.5
463.5
489.0
471.0
451.5
492.0
465.0
447.0
487.5
532.5
444.0
475.5
474.0
447.0
471.0
379.5
448.5
421.5
519.0
436.5
487.5
429.0
478.5
447.0
499.5
429.0
466.5
402.0
408.0
504.0
495.0
433.5
468.0
511.5
466.5
460.5
442.5
334.5
460.5
418.5
394.5
489.0
84.0
435.0
78.0
484.5
469.5
435.0
400.5
490.5
469.5
454.5
393.0
466.5
406.5
400.5
453.0
402.0
514.5
480.0
462.0
390.0
463.5
381.0
402.0
475.5
430.5
342.0
354.0
480.0
460.5
477.0
468.0
456.0
469.5
438.0
477.0
46.5
372.0
238.5
505.5
331.5
382.5
394.5
256.5
385.5
429.0
466.5
382.5
423.0
453.0
444.0
474.0
511.5
435.0
535.5
372.0
508.5
511.5
453.0
498.0
489.0
525.0
477.0
511.5
472.5
481.5
393.0
454.5
387.0
466.5
480.0
274.5
489.0
435.0
439.5
111.0
471.0
417.0
475.5
480.0
411.0
454.5
477.0
501.0
519.0
373.5
483.0
466.5
519.0
325.5
352.5
213.0
480.0
520.5
460.5
451.5
447.0
463.5
459.0
394.5
510.0
459.0
474.0
412.5
457.5
499.5
484.5
481.5
465.0
411.0
328.5
417.0
418.5
405.0
456.0
420.0
471.0
433.5
457.5
345.0
424.5
421.5
499.5
495.0
487.5
87.0
463.5
423.0
373.5
486.0
498.0
229.5
412.5
477.0
442.5
414.0
504.0
366.0
433.5
504.0
120.0
372.0
439.5
502.5
75.0
489.0
445.5
535.5
441.0
507.0
496.5
367.5
453.0
459.0
411.0
484.5
319.5
435.0
489.0
522.0
456.0
448.5
459.0
493.5
322.5
477.0
469.5
426.0
360.0
297.0
430.5
423.0
406.5
468.0
471.0
487.5
487.5
397.5
477.0
465.0
462.0
331.5
433.5
493.5
240.0
235.5
270.0
412.5
450.0
342.0
471.0
390.0
465.0
399.0
472.5
472.5
396.0
489.0
429.0
424.5
483.0
474.0
430.5
504.0
513.0
468.0
502.5
481.5
520.5
387.0
508.5
492.0
496.5
498.0
484.5
462.0
396.0
385.5
451.5
508.5
457.5
445.5
451.5
454.5
487.5
471.0
471.0
484.5
424.5
510.0
207.0
409.5
292.5
448.5
402.0
381.0
463.5
397.5
477.0
475.5
460.5
495.0
490.5
474.0
450.0
483.0
408.0
496.5
487.5
456.0
463.5
367.5
466.5
408.0
514.5
282.0
513.0
367.5
415.5
478.5
514.5
478.5
489.0
478.5
406.5
432.0
501.0
474.0
421.5
312.0
295.5
462.0
415.5
414.0
406.5
498.0
315.0
304.5
406.5
396.0
511.5
406.5
433.5
375.0
402.0
483.0
507.0
408.0
337.5
378.0
310.5
471.0
310.5
348.0
406.5
460.5
462.0
498.0
381.0
489.0
472.5
492.0
432.0
457.5
483.0
406.5
438.0
478.5
438.0
367.5
433.5
475.5
460.5
444.0
493.5
265.5
462.0
451.5
486.0
468.0
417.0
502.5
307.5
390.0
477.0
492.0
409.5
472.5
378.0
471.0
346.5
340.5
381.0
478.5
420.0
423.0
493.5
462.0
462.0
363.0
451.5
409.5
477.0
378.0
445.5
402.0
489.0
466.5
475.5
282.0
448.5
396.0
484.5
514.5
474.0
385.5
358.5
502.5
490.5
466.5
418.5
414.0
444.0
493.5
304.5
477.0
436.5
445.5
490.5
367.5
463.5
268.5
454.5
430.5
471.0
328.5
454.5
445.5
399.0
405.0
463.5
510.0
391.5
442.5
316.5
508.5
228.0
85.5
439.5
438.0
406.5
474.0
451.5
445.5
495.0
459.0
478.5
435.0
472.5
169.5
412.5
513.0
429.0
123.0
391.5
472.5
465.0
318.0
517.5
321.0
477.0
387.0
165.0
528.0
465.0
363.0
522.0
433.5
462.0
451.5
378.0
177.0
97.5
417.0
433.5
481.5
426.0
441.0
451.5
478.5
450.0
465.0
445.5
493.5
433.5
366.0
436.5
471.0
448.5
448.5
415.5
486.0
472.5
450.0
280.5
420.0
517.5
490.5
451.5
439.5
513.0
460.5
433.5
436.5
436.5
483.0
381.0
499.5
459.0
504.0
465.0
352.5
451.5
435.0
469.5
385.5
411.0
492.0
450.0
468.0
387.0
484.5
354.0
469.5
466.5
453.0
343.5
319.5
468.0
457.5
477.0
429.0
331.5
486.0
451.5
496.5
409.5
399.0
459.0
463.5
483.0
486.0
490.5
496.5
441.0
417.0
499.5
448.5
516.0
66.0
459.0
463.5
499.5
463.5
388.5
426.0
465.0
441.0
397.5
492.0
450.0
525.0
463.5
153.0
436.5
331.5
472.5
474.0
420.0
363.0
511.5
159.0
405.0
367.5
466.5
447.0
361.5
415.5
328.5
487.5
514.5
495.0
508.5
480.0
495.0
480.0
490.5
502.5
517.5
304.5
459.0
396.0
439.5
459.0
376.5
397.5
465.0
498.0
492.0
480.0
408.0
456.0
481.5
477.0
460.5
463.5
427.5
436.5
409.5
496.5
462.0
495.0
489.0
256.5
436.5
484.5
429.0
463.5
366.0
514.5
445.5
504.0
322.5
406.5
477.0
459.0
510.0
454.5
456.0
300.0
375.0
484.5
498.0
352.5
447.0
463.5
454.5
513.0
490.5
472.5
496.5
408.0
472.5
459.0
463.5
454.5
486.0
64.5
400.5
333.0
483.0
411.0
364.5
481.5
397.5
510.0
372.0
469.5
483.0
247.5
492.0
495.0
459.0
366.0
460.5
399.0
483.0
460.5
453.0
516.0
412.5
469.5
444.0
492.0
453.0
438.0
478.5
510.0
481.5
370.5
457.5
504.0
364.5
361.5
423.0
390.0
310.5
451.5
447.0
396.0
427.5
322.5
415.5
441.0
373.5
454.5
378.0
436.5
442.5
418.5
352.5
418.5
507.0
472.5
393.0
492.0
478.5
474.0
463.5
372.0
394.5
430.5
463.5
342.0
508.5
400.5
480.0
477.0
478.5
444.0
501.0
381.0
448.5
448.5
423.0
433.5
475.5
441.0
342.0
322.5
186.0
498.0
423.0
420.0
489.0
495.0
454.5
472.5
420.0
430.5
474.0
459.0
468.0
243.0
493.5
474.0
420.0
387.0
471.0
478.5
492.0
424.5
472.5
433.5
405.0
460.5
468.0
409.5
459.0
469.5
469.5
91.5
346.5
496.5
442.5
510.0
415.5
447.0
468.0
435.0
487.5
478.5
468.0
363.0
466.5
354.0
495.0
454.5
489.0
438.0
520.5
277.5
409.5
423.0
469.5
510.0
486.0
343.5
450.0
415.5
429.0
480.0
376.5
426.0
489.0
349.5
441.0
393.0
471.0
345.0
481.5
507.0
511.5
481.5
351.0
457.5
162.0
412.5
400.5
484.5
346.5
460.5
442.5
465.0
367.5
441.0
462.0
417.0
258.0
462.0
514.5
438.0
433.5
430.5
436.5
477.0
222.0
279.0
478.5
468.0
499.5
507.0
477.0
445.5
490.5
475.5
448.5
423.0
406.5
531.0
493.5
442.5
453.0
493.5
424.5
243.0
463.5
471.0
460.5
348.0
373.5
465.0
375.0
399.0
462.0
436.5
466.5
439.5
447.0
502.5
439.5
519.0
460.5
277.5
465.0
490.5
459.0
400.5
466.5
264.0
441.0
504.0
459.0
474.0
384.0
427.5
450.0
375.0
498.0
439.5
489.0
370.5
486.0
454.5
484.5
495.0
489.0
501.0
405.0
460.5
477.0
448.5
460.5
498.0
58.5
502.5
435.0
439.5
450.0
525.0
441.0
492.0
447.0
429.0
507.0
412.5
309.0
445.5
471.0
423.0
393.0
297.0
357.0
447.0
462.0
415.5
387.0
259.5
372.0
414.0
465.0
394.5
496.5
415.5
511.5
439.5
393.0
493.5
426.0
388.5
439.5
390.0
391.5
487.5
495.0
487.5
430.5
480.0
334.5
459.0
373.5
351.0
522.0
531.0
480.0
475.5
484.5
486.0
477.0
472.5
463.5
441.0
255.0
366.0
463.5
490.5
463.5
534.0
447.0
417.0
448.5
253.5
469.5
295.5
357.0
414.0
340.5
406.5
468.0
507.0
259.5
460.5
417.0
487.5
426.0
465.0
462.0
507.0
430.5
454.5
399.0
430.5
486.0
451.5
348.0
496.5
424.5
255.0
454.5
505.5
399.0
480.0
453.0
418.5
352.5
474.0
499.5
382.5
478.5
385.5
285.0
517.5
456.0
457.5
445.5
468.0
376.5
484.5
421.5
316.5
267.0
456.0
436.5
472.5
343.5
459.0
486.0
472.5
469.5
429.0
478.5
490.5
439.5
412.5
450.0
478.5
499.5
481.5
250.5
342.0
466.5
445.5
471.0
426.0
451.5
489.0
487.5
474.0
379.5
438.0
510.0
465.0
474.0
402.0
477.0
471.0
429.0
511.5
367.5
444.0
499.5
420.0
264.0
441.0
426.0
451.5
445.5
456.0
391.5
474.0
139.5
172.5
460.5
397.5
477.0
312.0
492.0
367.5
487.5
469.5
403.5
480.0
387.0
487.5
378.0
408.0
157.5
484.5
505.5
522.0
465.0
396.0
484.5
504.0
306.0
487.5
468.0
481.5
394.5
444.0
487.5
508.5
448.5
498.0
411.0
289.5
420.0
460.5
456.0
471.0
414.0
376.5
237.0
484.5
472.5
472.5
471.0
403.5
523.5
475.5
487.5
435.0
460.5
457.5
526.5
334.5
412.5
408.0
355.5
466.5
496.5
444.0
505.5
477.0
475.5
502.5
529.5
481.5
400.5
480.0
394.5
408.0
418.5
483.0
483.0
397.5
391.5
403.5
492.0
447.0
435.0
178.5
469.5
472.5
495.0
471.0
441.0
445.5
468.0
514.5
481.5
399.0
426.0
405.0
508.5
399.0
487.5
444.0
522.0
472.5
370.5
492.0
247.5
487.5
408.0
502.5
471.0
478.5
489.0
423.0
357.0
439.5
501.0
490.5
435.0
157.5
298.5
427.5
463.5
459.0
502.5
366.0
475.5
511.5
334.5
498.0
474.0
474.0
472.5
484.5
462.0
459.0
397.5
301.5
414.0
499.5
427.5
417.0
406.5
429.0
495.0
481.5
415.5
472.5
499.5
421.5
489.0
366.0
321.0
436.5
442.5
457.5
517.5
411.0
439.5
475.5
252.0
397.5
421.5
391.5
432.0
487.5
525.0
435.0
334.5
501.0
528.0
496.5
499.5
451.5
504.0
472.5
489.0
411.0
427.5
469.5
331.5
480.0
465.0
499.5
417.0
379.5
327.0
418.5
364.5
448.5
351.0
513.0
307.5
391.5
400.5
427.5
279.0
457.5
157.5
309.0
462.0
517.5
436.5
481.5
304.5
451.5
387.0
360.0
439.5
445.5
477.0
474.0
444.0
409.5
438.0
465.0
432.0
537.0
337.5
436.5
466.5
444.0
480.0
382.5
483.0
321.0
439.5
351.0
366.0
172.5
412.5
460.5
475.5
412.5
460.5
430.5
342.0
432.0
483.0
361.5
468.0
487.5
166.5
466.5
481.5
399.0
499.5
393.0
379.5
489.0
447.0
456.0
451.5
444.0
373.5
313.5
484.5
447.0
484.5
432.0
462.0
514.5
463.5
420.0
484.5
430.5
454.5
436.5
462.0
465.0
433.5
465.0
493.5
502.5
466.5
298.5
498.0
424.5
487.5
421.5
480.0
454.5
433.5
492.0
453.0
471.0
507.0
409.5
480.0
480.0
516.0
411.0
481.5
298.5
313.5
346.5
336.0
471.0
504.0
447.0
471.0
340.5
421.5
364.5
525.0
240.0
511.5
487.5
486.0
496.5
535.5
504.0
454.5
427.5
310.5
510.0
376.5
492.0
501.0
468.0
523.5
400.5
442.5
510.0
429.0
513.0
487.5
493.5
454.5
246.0
433.5
493.5
420.0
429.0
360.0
474.0
408.0
414.0
387.0
469.5
355.5
301.5
469.5
406.5
436.5
484.5
369.0
514.5
435.0
450.0
508.5
489.0
397.5
447.0
445.5
408.0
460.5
493.5
454.5
432.0
162.0
499.5
402.0
315.0
411.0
466.5
399.0
436.5
427.5
153.0
495.0
493.5
378.0
421.5
429.0
472.5
481.5
462.0
424.5
463.5
346.5
513.0
418.5
502.5
424.5
208.5
454.5
400.5
439.5
453.0
304.5
510.0
456.0
498.0
484.5
412.5
475.5
427.5
513.0
436.5
474.0
60.0
345.0
400.5
472.5
516.0
402.0
508.5
492.0
490.5
457.5
502.5
451.5
447.0
409.5
472.5
456.0
442.5
475.5
477.0
468.0
484.5
442.5
466.5
330.0
507.0
415.5
462.0
510.0
339.0
382.5
451.5
402.0
448.5
460.5
172.5
457.5
358.5
406.5
439.5
460.5
505.5
397.5
507.0
499.5
379.5
433.5
493.5
450.0
381.0
489.0
438.0
486.0
450.0
412.5
445.5
75.0
453.0
432.0
448.5
456.0
478.5
460.5
439.5
376.5
508.5
240.0
447.0
261.0
174.0
163.5
442.5
454.5
451.5
466.5
391.5
520.5
415.5
430.5
427.5
532.5
420.0
495.0
468.0
463.5
513.0
255.0
427.5
466.5
468.0
364.5
498.0
493.5
381.0
481.5
456.0
511.5
460.5
387.0
430.5
421.5
489.0
463.5
474.0
442.5
472.5
331.5
501.0
460.5
457.5
501.0
433.5
433.5
226.5
513.0
489.0
481.5
433.5
474.0
484.5
489.0
465.0
463.5
472.5
502.5
399.0
88.5
466.5
433.5
300.0
388.5
348.0
499.5
477.0
495.0
496.5
496.5
466.5
351.0
484.5
456.0
333.0
393.0
465.0
76.5
475.5
378.0
493.5
430.5
415.5
408.0
504.0
462.0
385.5
451.5
466.5
432.0
480.0
471.0
486.0
184.5
502.5
481.5
448.5
388.5
364.5
474.0
441.0
468.0
483.0
66.0
379.5
412.5
453.0
441.0
510.0
361.5
384.0
205.5
387.0
498.0
262.5
397.5
316.5
457.5
484.5
478.5
439.5
466.5
489.0
424.5
373.5
498.0
382.5
330.0
492.0
508.5
475.5
478.5
466.5
507.0
396.0
286.5
474.0
486.0
483.0
505.5
472.5
510.0
502.5
417.0
213.0
436.5
450.0
124.5
492.0
466.5
370.5
478.5
496.5
495.0
364.5
472.5
406.5
454.5
415.5
424.5
433.5
493.5
445.5
477.0
420.0
319.5
498.0
423.0
103.5
484.5
435.0
423.0
529.5
495.0
507.0
453.0
483.0
462.0
468.0
477.0
468.0
414.0
507.0
436.5
387.0
415.5
364.5
412.5
505.5
496.5
414.0
465.0
243.0
489.0
468.0
456.0
432.0
514.5
441.0
457.5
420.0
460.5
472.5
502.5
486.0
322.5
28.5
372.0
261.0
199.5
393.0
456.0
195.0
469.5
498.0
484.5
402.0
364.5
436.5
403.5
528.0
457.5
439.5
387.0
465.0
504.0
387.0
427.5
457.5
484.5
345.0
177.0
474.0
498.0
483.0
415.5
480.0
460.5
378.0
276.0
474.0
454.5
183.0
453.0
474.0
450.0
435.0
420.0
444.0
355.5
514.5
384.0
484.5
481.5
532.5
495.0
487.5
498.0
411.0
441.0
483.0
441.0
255.0
456.0
511.5
444.0
433.5
490.5
396.0
474.0
463.5
507.0
498.0
366.0
451.5
393.0
465.0
492.0
381.0
502.5
466.5
510.0
495.0
481.5
475.5
472.5
448.5
477.0
436.5
466.5
426.0
450.0
324.0
475.5
493.5
421.5
429.0
459.0
483.0
409.5
463.5
459.0
307.5
516.0
483.0
477.0
516.0
528.0
465.0
469.5
421.5
153.0
435.0
436.5
469.5
385.5
525.0
481.5
409.5
480.0
498.0
405.0
417.0
504.0
519.0
496.5
463.5
298.5
490.5
120.0
481.5
457.5
295.5
429.0
465.0
223.5
444.0
459.0
430.5
490.5
430.5
324.0
364.5
418.5
463.5
477.0
279.0
480.0
483.0
454.5
477.0
432.0
459.0
462.0
462.0
451.5
493.5
504.0
477.0
447.0
406.5
441.0
478.5
433.5
513.0
520.5
457.5
358.5
397.5
444.0
373.5
460.5
477.0
415.5
463.5
399.0
441.0
462.0
463.5
381.0
508.5
423.0
439.5
505.5
409.5
459.0
429.0
471.0
402.0
486.0
469.5
402.0
514.5
472.5
403.5
489.0
489.0
468.0
486.0
487.5
414.0
429.0
324.0
406.5
456.0
436.5
475.5
490.5
448.5
204.0
490.5
433.5
523.5
181.5
492.0
478.5
420.0
444.0
469.5
475.5
315.0
334.5
475.5
483.0
504.0
495.0
484.5
490.5
358.5
477.0
456.0
436.5
354.0
480.0
226.5
448.5
498.0
462.0
487.5
459.0
444.0
495.0
468.0
495.0
496.5
448.5
463.5
475.5
511.5
282.0
399.0
514.5
390.0
507.0
364.5
394.5
486.0
423.0
426.0
454.5
433.5
465.0
357.0
480.0
498.0
324.0
507.0
396.0
492.0
487.5
462.0
426.0
379.5
487.5
453.0
463.5
489.0
441.0
403.5
310.5
340.5
528.0
480.0
442.5
364.5
418.5
493.5
490.5
430.5
496.5
481.5
417.0
436.5
498.0
433.5
397.5
450.0
387.0
364.5
472.5
513.0
495.0
457.5
448.5
493.5
405.0
378.0
481.5
309.0
399.0
435.0
363.0
472.5
453.0
471.0
412.5
282.0
403.5
451.5
487.5
477.0
102.0
427.5
294.0
402.0
444.0
436.5
472.5
336.0
469.5
297.0
483.0
454.5
447.0
267.0
490.5
190.5
384.0
471.0
502.5
498.0
505.5
478.5
459.0
423.0
441.0
298.5
511.5
462.0
475.5
444.0
460.5
319.5
337.5
414.0
496.5
349.5
465.0
424.5
472.5
507.0
436.5
495.0
496.5
478.5
336.0
529.5
490.5
436.5
493.5
351.0
417.0
502.5
430.5
474.0
468.0
462.0
469.5
502.5
379.5
307.5
463.5
231.0
432.0
472.5
460.5
474.0
448.5
469.5
390.0
517.5
502.5
448.5
504.0
499.5
393.0
499.5
474.0
451.5
435.0
388.5
234.0
205.5
466.5
403.5
462.0
447.0
432.0
435.0
450.0
462.0
421.5
432.0
373.5
465.0
489.0
439.5
412.5
504.0
399.0
487.5
477.0
496.5
370.5
462.0
408.0
414.0
433.5
516.0
316.5
472.5
463.5
438.0
457.5
526.5
426.0
373.5
504.0
447.0
330.0
472.5
501.0
381.0
445.5
438.0
526.5
349.5
481.5
493.5
406.5
472.5
481.5
478.5
477.0
418.5
427.5
291.0
447.0
502.5
463.5
240.0
429.0
514.5
396.0
394.5
334.5
423.0
451.5
178.5
207.0
177.0
508.5
4.5
493.5
481.5
498.0
490.5
406.5
327.0
475.5
390.0
435.0
403.5
501.0
283.5
478.5
465.0
465.0
459.0
166.5
465.0
384.0
471.0
430.5
465.0
487.5
457.5
493.5
460.5
414.0
433.5
495.0
501.0
202.5
418.5
520.5
465.0
489.0
444.0
346.5
403.5
202.5
325.5
214.5
420.0
477.0
490.5
465.0
502.5
444.0
474.0
478.5
426.0
486.0
297.0
300.0
481.5
291.0
429.0
469.5
363.0
460.5
469.5
411.0
477.0
432.0
462.0
445.5
408.0
306.0
508.5
501.0
379.5
394.5
474.0
478.5
382.5
495.0
438.0
451.5
370.5
460.5
426.0
484.5
463.5
426.0
450.0
411.0
484.5
385.5
460.5
456.0
459.0
493.5
409.5
432.0
333.0
465.0
505.5
406.5
192.0
513.0
391.5
385.5
442.5
499.5
514.5
514.5
468.0
484.5
474.0
382.5
454.5
465.0
259.5
282.0
67.5
465.0
406.5
429.0
342.0
421.5
421.5
358.5
459.0
273.0
441.0
474.0
426.0
484.5
376.5
385.5
406.5
462.0
426.0
324.0
403.5
409.5
366.0
468.0
379.5
436.5
235.5
445.5
448.5
459.0
513.0
465.0
444.0
489.0
361.5
430.5
396.0
321.0
489.0
285.0
459.0
337.5
451.5
469.5
478.5
457.5
489.0
400.5
513.0
397.5
483.0
454.5
513.0
462.0
514.5
466.5
466.5
490.5
375.0
453.0
349.5
397.5
478.5
345.0
469.5
409.5
451.5
477.0
439.5
480.0
427.5
420.0
414.0
442.5
492.0
387.0
352.5
499.5
505.5
375.0
465.0
469.5
516.0
486.0
465.0
474.0
342.0
415.5
409.5
382.5
409.5
456.0
498.0
342.0
468.0
496.5
481.5
451.5
468.0
468.0
373.5
448.5
510.0
210.0
466.5
462.0
391.5
457.5
481.5
469.5
487.5
406.5
457.5
420.0
469.5
466.5
490.5
165.0
501.0
478.5
400.5
378.0
334.5
492.0
477.0
358.5
474.0
445.5
471.0
409.5
492.0
429.0
451.5
475.5
280.5
436.5
441.0
493.5
453.0
415.5
507.0
459.0
511.5
480.0
465.0
477.0
432.0
501.0
483.0
448.5
507.0
295.5
448.5
508.5
199.5
154.5
448.5
352.5
472.5
450.0
457.5
369.0
501.0
469.5
459.0
439.5
385.5
475.5
444.0
372.0
472.5
162.0
433.5
445.5
339.0
460.5
429.0
520.5
394.5
447.0
505.5
424.5
295.5
472.5
465.0
373.5
450.0
430.5
489.0
375.0
534.0
502.5
414.0
451.5
475.5
420.0
387.0
403.5
352.5
354.0
441.0
448.5
300.0
517.5
492.0
439.5
360.0
456.0
478.5
451.5
492.0
421.5
463.5
277.5
427.5
358.5
498.0
238.5
441.0
201.0
318.0
477.0
342.0
436.5
474.0
463.5
361.5
336.0
478.5
490.5
475.5
504.0
349.5
406.5
478.5
447.0
409.5
276.0
511.5
462.0
457.5
495.0
426.0
468.0
436.5
391.5
400.5
450.0
388.5
453.0
463.5
426.0
516.0
370.5
474.0
367.5
438.0
507.0
478.5
451.5
375.0
514.5
418.5
438.0
480.0
397.5
457.5
391.5
348.0
468.0
439.5
297.0
472.5
481.5
462.0
448.5
487.5
267.0
345.0
280.5
498.0
402.0
469.5
429.0
475.5
397.5
474.0
477.0
391.5
375.0
412.5
397.5
330.0
519.0
435.0
486.0
493.5
421.5
513.0
505.5
502.5
424.5
390.0
381.0
261.0
435.0
435.0
367.5
337.5
382.5
471.0
106.5
450.0
424.5
382.5
463.5
393.0
469.5
424.5
486.0
469.5
303.0
447.0
499.5
448.5
358.5
490.5
486.0
400.5
483.0
438.0
504.0
501.0
420.0
352.5
441.0
444.0
520.5
490.5
424.5
513.0
439.5
478.5
408.0
507.0
171.0
426.0
487.5
490.5
454.5
486.0
451.5
498.0
502.5
457.5
444.0
444.0
496.5
273.0
427.5
462.0
445.5
447.0
517.5
457.5
52.5
408.0
466.5
417.0
481.5
321.0
393.0
490.5
427.5
483.0
189.0
456.0
394.5
441.0
492.0
340.5
444.0
529.5
469.5
472.5
508.5
381.0
463.5
369.0
385.5
462.0
408.0
450.0
516.0
418.5
451.5
433.5
450.0
439.5
454.5
463.5
501.0
444.0
448.5
273.0
496.5
493.5
454.5
459.0
484.5
444.0
492.0
450.0
330.0
468.0
241.5
405.0
492.0
240.0
319.5
352.5
514.5
480.0
487.5
411.0
513.0
507.0
529.5
387.0
403.5
265.5
459.0
426.0
249.0
507.0
309.0
402.0
408.0
402.0
469.5
468.0
405.0
298.5
436.5
478.5
436.5
363.0
319.5
513.0
450.0
420.0
469.5
468.0
486.0
489.0
445.5
430.5
477.0
484.5
504.0
504.0
334.5
486.0
426.0
408.0
441.0
475.5
504.0
510.0
504.0
489.0
441.0
453.0
505.5
463.5
510.0
352.5
454.5
475.5
435.0
213.0
469.5
504.0
438.0
456.0
468.0
267.0
382.5
501.0
403.5
507.0
481.5
499.5
390.0
523.5
421.5
466.5
358.5
234.0
456.0
447.0
460.5
462.0
468.0
400.5
517.5
463.5
108.0
349.5
478.5
408.0
507.0
528.0
466.5
297.0
475.5
370.5
447.0
382.5
303.0
304.5
522.0
522.0
159.0
453.0
328.5
487.5
456.0
490.5
463.5
456.0
453.0
423.0
273.0
444.0
403.5
432.0
519.0
460.5
291.0
429.0
372.0
498.0
420.0
460.5
459.0
357.0
507.0
516.0
450.0
499.5
477.0
505.5
432.0
274.5
505.5
472.5
526.5
412.5
481.5
444.0
450.0
423.0
379.5
511.5
430.5
346.5
172.5
403.5
478.5
472.5
448.5
448.5
450.0
499.5
504.0
486.0
486.0
421.5
501.0
429.0
423.0
253.5
483.0
504.0
507.0
493.5
501.0
349.5
319.5
498.0
441.0
340.5
313.5
343.5
447.0
322.5
457.5
421.5
327.0
531.0
282.0
439.5
379.5
409.5
393.0
354.0
481.5
531.0
430.5
463.5
295.5
469.5
432.0
517.5
430.5
405.0
423.0
486.0
504.0
448.5
474.0
375.0
396.0
496.5
427.5
475.5
414.0
427.5
496.5
511.5
445.5
501.0
481.5
432.0
342.0
490.5
433.5
448.5
456.0
346.5
483.0
435.0
495.0
418.5
442.5
393.0
489.0
504.0
303.0
385.5
520.5
454.5
475.5
373.5
460.5
453.0
436.5
468.0
456.0
489.0
468.0
507.0
402.0
502.5
489.0
501.0
474.0
456.0
475.5
501.0
468.0
421.5
325.5
403.5
178.5
484.5
417.0
433.5
367.5
405.0
483.0
387.0
477.0
472.5
280.5
477.0
435.0
322.5
457.5
481.5
417.0
519.0
415.5
505.5
439.5
283.5
418.5
336.0
430.5
504.0
486.0
466.5
421.5
325.5
484.5
483.0
423.0
526.5
459.0
489.0
379.5
276.0
475.5
478.5
462.0
396.0
408.0
490.5
411.0
463.5
256.5
418.5
523.5
387.0
448.5
382.5
426.0
465.0
507.0
465.0
396.0
378.0
361.5
496.5
505.5
159.0
483.0
439.5
483.0
430.5
393.0
493.5
487.5
519.0
405.0
451.5
453.0
489.0
324.0
390.0
384.0
469.5
496.5
441.0
426.0
151.5
445.5
469.5
369.0
481.5
342.0
493.5
507.0
450.0
507.0
355.5
427.5
336.0
346.5
525.0
451.5
420.0
426.0
312.0
456.0
477.0
195.0
451.5
441.0
370.5
463.5
237.0
237.0
510.0
438.0
325.5
432.0
478.5
451.5
259.5
448.5
456.0
151.5
418.5
478.5
429.0
484.5
502.5
351.0
205.5
468.0
286.5
360.0
462.0
400.5
495.0
487.5
448.5
456.0
483.0
495.0
483.0
450.0
423.0
328.5
483.0
412.5
451.5
480.0
364.5
430.5
382.5
405.0
493.5
250.5
420.0
469.5
498.0
501.0
430.5
427.5
340.5
436.5
456.0
477.0
420.0
463.5
483.0
460.5
483.0
405.0
292.5
384.0
492.0
426.0
385.5
81.0
334.5
409.5
456.0
403.5
243.0
108.0
447.0
483.0
459.0
445.5
493.5
361.5
369.0
475.5
493.5
432.0
462.0
354.0
507.0
432.0
519.0
478.5
477.0
397.5
384.0
418.5
496.5
276.0
397.5
460.5
301.5
454.5
312.0
352.5
436.5
444.0
487.5
511.5
456.0
517.5
166.5
481.5
496.5
447.0
424.5
405.0
418.5
460.5
429.0
454.5
480.0
504.0
426.0
471.0
361.5
487.5
336.0
480.0
328.5
469.5
429.0
477.0
472.5
468.0
496.5
453.0
462.0
484.5
502.5
483.0
442.5
511.5
448.5
438.0
426.0
409.5
513.0
468.0
360.0
484.5
426.0
478.5
379.5
499.5
480.0
495.0
522.0
456.0
378.0
429.0
495.0
477.0
483.0
504.0
337.5
399.0
243.0
358.5
459.0
468.0
532.5
471.0
402.0
438.0
450.0
147.0
310.5
471.0
304.5
472.5
492.0
477.0
402.0
480.0
441.0
376.5
468.0
445.5
417.0
462.0
519.0
475.5
505.5
487.5
451.5
354.0
477.0
484.5
475.5
490.5
379.5
409.5
379.5
486.0
483.0
358.5
469.5
448.5
427.5
460.5
423.0
345.0
342.0
394.5
420.0
480.0
397.5
396.0
375.0
424.5
397.5
393.0
489.0
472.5
409.5
498.0
127.5
475.5
414.0
462.0
442.5
508.5
433.5
469.5
480.0
450.0
457.5
490.5
364.5
375.0
483.0
453.0
301.5
459.0
490.5
72.0
448.5
439.5
444.0
366.0
451.5
466.5
387.0
487.5
328.5
498.0
370.5
468.0
375.0
478.5
381.0
472.5
516.0
439.5
408.0
349.5
471.0
408.0
481.5
505.5
493.5
457.5
516.0
448.5
444.0
388.5
133.5
484.5
483.0
442.5
346.5
379.5
459.0
192.0
288.0
511.5
276.0
417.0
415.5
504.0
465.0
447.0
451.5
430.5
450.0
453.0
507.0
388.5
459.0
489.0
459.0
441.0
244.5
430.5
385.5
504.0
381.0
412.5
466.5
199.5
505.5
456.0
417.0
468.0
489.0
388.5
337.5
406.5
450.0
466.5
498.0
501.0
390.0
205.5
288.0
492.0
381.0
427.5
507.0
439.5
507.0
120.0
475.5
312.0
408.0
402.0
460.5
510.0
519.0
66.0
504.0
451.5
406.5
453.0
471.0
445.5
499.5
466.5
465.0
423.0
316.5
430.5
423.0
496.5
427.5
484.5
459.0
283.5
490.5
399.0
486.0
496.5
402.0
324.0
480.0
318.0
469.5
384.0
477.0
490.5
357.0
375.0
487.5
477.0
403.5
366.0
370.5
418.5
399.0
469.5
207.0
469.5
516.0
499.5
471.0
456.0
474.0
438.0
241.5
403.5
481.5
282.0
397.5
358.5
436.5
427.5
439.5
460.5
463.5
453.0
325.5
417.0
405.0
456.0
447.0
499.5
169.5
414.0
442.5
514.5
409.5
496.5
123.0
436.5
426.0
489.0
447.0
481.5
463.5
486.0
523.5
454.5
426.0
327.0
489.0
379.5
477.0
465.0
462.0
421.5
483.0
492.0
450.0
475.5
448.5
495.0
471.0
501.0
403.5
480.0
382.5
379.5
405.0
496.5
475.5
379.5
465.0
459.0
363.0
474.0
519.0
442.5
534.0
478.5
411.0
468.0
490.5
445.5
513.0
462.0
492.0
508.5
439.5
424.5
324.0
460.5
468.0
426.0
264.0
484.5
483.0
462.0
451.5
192.0
433.5
459.0
409.5
405.0
511.5
438.0
442.5
484.5
453.0
316.5
465.0
454.5
408.0
474.0
453.0
373.5
442.5
438.0
430.5
472.5
507.0
480.0
484.5
400.5
337.5
402.0
487.5
450.0
510.0
414.0
337.5
501.0
541.5
274.5
474.0
337.5
250.5
450.0
486.0
475.5
370.5
381.0
483.0
468.0
475.5
330.0
400.5
414.0
355.5
471.0
415.5
418.5
451.5
468.0
490.5
466.5
433.5
333.0
501.0
442.5
123.0
496.5
448.5
504.0
438.0
447.0
460.5
415.5
412.5
426.0
472.5
456.0
501.0
481.5
523.5
363.0
447.0
307.5
402.0
510.0
448.5
472.5
454.5
231.0
511.5
391.5
433.5
483.0
463.5
475.5
432.0
496.5
427.5
469.5
393.0
475.5
412.5
408.0
460.5
345.0
444.0
492.0
484.5
390.0
421.5
412.5
424.5
496.5
472.5
436.5
414.0
457.5
504.0
424.5
391.5
478.5
447.0
484.5
387.0
495.0
495.0
448.5
420.0
453.0
420.0
501.0
325.5
501.0
385.5
517.5
256.5
427.5
465.0
454.5
201.0
433.5
406.5
351.0
495.0
355.5
370.5
375.0
357.0
402.0
448.5
324.0
435.0
438.0
409.5
486.0
426.0
418.5
516.0
424.5
471.0
492.0
399.0
453.0
418.5
381.0
274.5
453.0
433.5
469.5
394.5
492.0
315.0
438.0
411.0
432.0
475.5
471.0
427.5
475.5
472.5
424.5
484.5
475.5
411.0
324.0
505.5
501.0
501.0
501.0
493.5
468.0
510.0
445.5
481.5
346.5
418.5
381.0
489.0
469.5
460.5
280.5
451.5
391.5
483.0
453.0
451.5
334.5
495.0
367.5
457.5
460.5
381.0
478.5
511.5
403.5
475.5
424.5
438.0
492.0
462.0
478.5
466.5
463.5
495.0
396.0
516.0
420.0
508.5
474.0
444.0
454.5
307.5
457.5
466.5
406.5
480.0
325.5
466.5
514.5
376.5
427.5
396.0
211.5
442.5
438.0
456.0
501.0
457.5
445.5
231.0
525.0
339.0
507.0
517.5
477.0
433.5
474.0
469.5
496.5
453.0
439.5
385.5
498.0
454.5
438.0
240.0
504.0
414.0
490.5
489.0
457.5
448.5
430.5
486.0
474.0
475.5
438.0
348.0
379.5
522.0
453.0
456.0
444.0
475.5
429.0
474.0
459.0
340.5
438.0
489.0
480.0
489.0
466.5
457.5
463.5
394.5
447.0
330.0
459.0
486.0
529.5
394.5
444.0
447.0
388.5
487.5
462.0
238.5
417.0
436.5
345.0
130.5
451.5
412.5
442.5
495.0
426.0
439.5
376.5
393.0
403.5
417.0
492.0
412.5
328.5
421.5
463.5
439.5
423.0
508.5
463.5
459.0
439.5
453.0
435.0
256.5
457.5
340.5
472.5
465.0
448.5
502.5
496.5
409.5
450.0
445.5
366.0
480.0
427.5
442.5
475.5
261.0
412.5
421.5
447.0
468.0
432.0
508.5
439.5
475.5
489.0
451.5
397.5
393.0
204.0
351.0
426.0
433.5
421.5
393.0
478.5
378.0
465.0
502.5
507.0
459.0
480.0
492.0
409.5
472.5
489.0
409.5
315.0
451.5
465.0
474.0
489.0
471.0
292.5
439.5
499.5
403.5
499.5
333.0
163.5
481.5
375.0
393.0
463.5
486.0
393.0
489.0
157.5
469.5
444.0
474.0
315.0
415.5
442.5
423.0
424.5
358.5
483.0
486.0
463.5
465.0
490.5
450.0
486.0
424.5
39.0
376.5
403.5
484.5
352.5
283.5
459.0
468.0
478.5
436.5
463.5
466.5
487.5
471.0
351.0
441.0
364.5
453.0
436.5
460.5
415.5
429.0
430.5
300.0
436.5
475.5
474.0
475.5
460.5
450.0
403.5
483.0
445.5
478.5
487.5
490.5
450.0
508.5
492.0
408.0
471.0
489.0
444.0
490.5
450.0
420.0
336.0
372.0
480.0
327.0
198.0
408.0
385.5
468.0
349.5
435.0
447.0
478.5
415.5
502.5
504.0
487.5
447.0
397.5
430.5
442.5
447.0
384.0
447.0
466.5
291.0
511.5
460.5
375.0
445.5
436.5
453.0
477.0
466.5
453.0
457.5
511.5
429.0
466.5
454.5
489.0
414.0
448.5
471.0
465.0
399.0
465.0
414.0
291.0
478.5
480.0
483.0
507.0
409.5
478.5
471.0
399.0
466.5
471.0
489.0
393.0
451.5
505.5
405.0
394.5
420.0
537.0
472.5
523.5
466.5
256.5
459.0
460.5
427.5
436.5
454.5
465.0
414.0
501.0
493.5
414.0
483.0
456.0
454.5
429.0
493.5
421.5
406.5
483.0
450.0
466.5
226.5
456.0
81.0
160.5
465.0
445.5
516.0
523.5
514.5
388.5
448.5
508.5
438.0
483.0
495.0
480.0
457.5
352.5
493.5
496.5
460.5
360.0
487.5
436.5
469.5
438.0
483.0
453.0
439.5
367.5
477.0
502.5
468.0
469.5
507.0
345.0
507.0
483.0
381.0
429.0
453.0
490.5
499.5
396.0
222.0
489.0
403.5
439.5
499.5
477.0
451.5
406.5
366.0
465.0
478.5
396.0
510.0
454.5
466.5
438.0
429.0
466.5
378.0
478.5
297.0
463.5
489.0
508.5
262.5
451.5
417.0
490.5
405.0
433.5
480.0
457.5
436.5
508.5
451.5
370.5
430.5
405.0
447.0
454.5
453.0
372.0
460.5
492.0
511.5
472.5
481.5
448.5
427.5
457.5
474.0
487.5
430.5
489.0
411.0
400.5
492.0
370.5
466.5
387.0
481.5
396.0
459.0
516.0
478.5
264.0
298.5
474.0
433.5
372.0
495.0
399.0
441.0
343.5
406.5
438.0
442.5
160.5
486.0
448.5
490.5
465.0
412.5
510.0
388.5
451.5
459.0
468.0
507.0
315.0
417.0
490.5
160.5
486.0
103.5
472.5
439.5
495.0
495.0
447.0
306.0
432.0
486.0
454.5
408.0
480.0
460.5
480.0
493.5
486.0
480.0
475.5
417.0
477.0
520.5
319.5
430.5
490.5
423.0
384.0
388.5
342.0
501.0
492.0
405.0
423.0
396.0
502.5
453.0
340.5
465.0
457.5
517.5
456.0
460.5
469.5
474.0
432.0
448.5
406.5
493.5
228.0
315.0
477.0
471.0
454.5
468.0
433.5
130.5
438.0
399.0
477.0
472.5
472.5
450.0
427.5
415.5
430.5
469.5
496.5
453.0
496.5
471.0
465.0
441.0
465.0
486.0
439.5
462.0
514.5
478.5
498.0
522.0
418.5
408.0
478.5
433.5
504.0
462.0
306.0
337.5
486.0
385.5
508.5
433.5
405.0
445.5
507.0
520.5
442.5
477.0
321.0
382.5
448.5
484.5
468.0
471.0
510.0
424.5
454.5
448.5
439.5
484.5
456.0
483.0
241.5
405.0
363.0
442.5
478.5
501.0
435.0
432.0
367.5
357.0
427.5
445.5
462.0
493.5
280.5
219.0
406.5
328.5
481.5
417.0
480.0
493.5
345.0
505.5
403.5
373.5
408.0
471.0
505.5
456.0
442.5
402.0
439.5
352.5
400.5
436.5
468.0
472.5
199.5
468.0
433.5
421.5
457.5
516.0
466.5
447.0
411.0
475.5
451.5
205.5
430.5
472.5
486.0
478.5
87.0
84.0
511.5
487.5
514.5
382.5
466.5
477.0
286.5
381.0
372.0
468.0
205.5
471.0
481.5
87.0
468.0
360.0
409.5
429.0
462.0
436.5
430.5
384.0
438.0
475.5
430.5
487.5
363.0
457.5
483.0
444.0
414.0
463.5
402.0
493.5
397.5
438.0
462.0
498.0
442.5
438.0
378.0
415.5
498.0
445.5
442.5
453.0
414.0
499.5
432.0
372.0
420.0
459.0
478.5
481.5
412.5
448.5
486.0
168.0
465.0
253.5
454.5
468.0
484.5
447.0
378.0
426.0
283.5
388.5
448.5
250.5
475.5
450.0
393.0
472.5
429.0
445.5
376.5
385.5
328.5
463.5
519.0
424.5
366.0
469.5
469.5
409.5
469.5
442.5
292.5
436.5
477.0
355.5
520.5
303.0
454.5
498.0
507.0
436.5
177.0
379.5
481.5
486.0
487.5
466.5
505.5
372.0
388.5
385.5
522.0
459.0
498.0
499.5
445.5
475.5
519.0
528.0
463.5
496.5
445.5
496.5
322.5
495.0
280.5
474.0
457.5
480.0
460.5
463.5
459.0
426.0
480.0
303.0
489.0
424.5
313.5
504.0
444.0
430.5
466.5
366.0
430.5
417.0
507.0
420.0
439.5
349.5
499.5
483.0
138.0
328.5
471.0
435.0
202.5
469.5
448.5
444.0
451.5
481.5
448.5
448.5
432.0
376.5
448.5
468.0
289.5
421.5
432.0
174.0
415.5
487.5
337.5
483.0
343.5
484.5
453.0
367.5
429.0
313.5
462.0
64.5
453.0
375.0
441.0
300.0
420.0
369.0
520.5
498.0
501.0
432.0
468.0
343.5
448.5
441.0
454.5
306.0
387.0
244.5
457.5
492.0
526.5
420.0
454.5
498.0
397.5
378.0
436.5
310.5
460.5
475.5
435.0
432.0
477.0
484.5
498.0
381.0
475.5
99.0
448.5
507.0
474.0
442.5
388.5
469.5
483.0
459.0
441.0
364.5
189.0
490.5
297.0
187.5
510.0
487.5
486.0
505.5
483.0
183.0
387.0
366.0
469.5
435.0
442.5
495.0
399.0
462.0
495.0
504.0
445.5
450.0
460.5
241.5
438.0
409.5
337.5
463.5
412.5
486.0
490.5
