25.5
427.5
304.5
117.0
379.5
483.0
372.0
478.5
475.5
250.5
186.0
240.0
294.0
343.5
297.0
393.0
310.5
216.0
397.5
453.0
358.5
384.0
306.0
267.0
432.0
321.0
495.0
423.0
420.0
447.0
352.5
177.0
447.0
412.5
105.0
414.0
241.5
405.0
457.5
126.0
501.0
493.5
276.0
369.0
169.5
459.0
132.0
159.0
159.0
132.0
387.0
234.0
445.5
340.5
235.5
310.5
325.5
154.5
442.5
285.0
219.0
387.0
100.5
79.5
417.0
129.0
60.0
459.0
369.0
163.5
324.0
250.5
415.5
483.0
462.0
480.0
366.0
276.0
433.5
415.5
238.5
381.0
177.0
298.5
136.5
430.5
294.0
382.5
271.5
322.5
399.0
432.0
336.0
411.0
316.5
388.5
156.0
457.5
489.0
427.5
468.0
309.0
357.0
436.5
424.5
423.0
253.5
342.0
370.5
421.5
369.0
469.5
175.5
376.5
436.5
441.0
259.5
361.5
465.0
421.5
156.0
165.0
396.0
337.5
228.0
123.0
451.5
207.0
82.5
336.0
355.5
372.0
376.5
474.0
408.0
481.5
273.0
496.5
462.0
417.0
430.5
436.5
172.5
298.5
205.5
447.0
444.0
297.0
331.5
327.0
360.0
222.0
157.5
150.0
505.5
327.0
183.0
358.5
469.5
403.5
393.0
496.5
273.0
444.0
145.5
367.5
127.5
328.5
369.0
145.5
349.5
414.0
166.5
70.5
427.5
298.5
87.0
280.5
312.0
300.0
367.5
382.5
361.5
403.5
270.0
381.0
237.0
427.5
406.5
466.5
363.0
195.0
199.5
486.0
379.5
489.0
354.0
448.5
343.5
279.0
100.5
342.0
277.5
351.0
483.0
162.0
277.5
88.5
403.5
337.5
396.0
486.0
477.0
357.0
193.5
196.5
223.5
444.0
304.5
462.0
225.0
282.0
343.5
373.5
211.5
135.0
297.0
355.5
390.0
409.5
232.5
357.0
129.0
211.5
406.5
186.0
387.0
262.5
210.0
384.0
87.0
366.0
402.0
472.5
475.5
333.0
475.5
61.5
217.5
181.5
126.0
439.5
120.0
96.0
163.5
310.5
379.5
403.5
210.0
69.0
478.5
150.0
417.0
361.5
456.0
471.0
193.5
379.5
426.0
432.0
400.5
403.5
402.0
285.0
498.0
217.5
193.5
325.5
423.0
340.5
421.5
345.0
468.0
379.5
294.0
73.5
331.5
159.0
333.0
403.5
337.5
361.5
445.5
325.5
303.0
313.5
348.0
429.0
300.0
451.5
186.0
462.0
273.0
309.0
295.5
451.5
370.5
331.5
211.5
301.5
273.0
463.5
442.5
388.5
322.5
330.0
277.5
370.5
390.0
430.5
448.5
361.5
334.5
448.5
363.0
286.5
387.0
177.0
411.0
70.5
165.0
154.5
433.5
406.5
433.5
207.0
439.5
402.0
118.5
322.5
118.5
322.5
49.5
384.0
429.0
454.5
234.0
238.5
426.0
148.5
252.0
334.5
127.5
328.5
466.5
387.0
333.0
415.5
153.0
364.5
177.0
417.0
345.0
96.0
294.0
442.5
405.0
163.5
483.0
135.0
367.5
376.5
381.0
102.0
196.5
222.0
84.0
426.0
210.0
391.5
465.0
420.0
313.5
264.0
282.0
427.5
106.5
72.0
300.0
360.0
276.0
351.0
406.5
402.0
375.0
111.0
271.5
339.0
328.5
175.5
396.0
456.0
207.0
303.0
153.0
124.5
483.0
423.0
118.5
178.5
480.0
370.5
379.5
427.5
127.5
283.5
121.5
250.5
363.0
402.0
337.5
319.5
232.5
267.0
397.5
433.5
259.5
469.5
453.0
447.0
331.5
394.5
438.0
445.5
472.5
93.0
451.5
36.0
439.5
313.5
432.0
465.0
112.5
195.0
297.0
405.0
408.0
436.5
489.0
370.5
117.0
40.5
339.0
328.5
375.0
388.5
136.5
451.5
384.0
427.5
391.5
430.5
192.0
364.5
286.5
183.0
336.0
375.0
385.5
208.5
414.0
207.0
180.0
142.5
333.0
300.0
405.0
298.5
423.0
129.0
397.5
300.0
342.0
366.0
348.0
453.0
169.5
82.5
436.5
474.0
354.0
399.0
498.0
435.0
259.5
369.0
382.5
342.0
255.0
436.5
283.5
363.0
417.0
444.0
486.0
295.5
442.5
489.0
448.5
282.0
364.5
463.5
34.5
388.5
112.5
388.5
420.0
387.0
405.0
424.5
333.0
405.0
238.5
147.0
415.5
333.0
402.0
219.0
259.5
478.5
465.0
301.5
468.0
259.5
310.5
139.5
115.5
286.5
127.5
91.5
429.0
183.0
462.0
442.5
463.5
309.0
93.0
223.5
474.0
387.0
444.0
324.0
288.0
154.5
480.0
367.5
132.0
300.0
145.5
495.0
70.5
423.0
495.0
427.5
190.5
84.0
385.5
480.0
100.5
277.5
390.0
282.0
447.0
375.0
388.5
378.0
334.5
442.5
117.0
481.5
213.0
471.0
478.5
124.5
456.0
379.5
268.5
309.0
321.0
193.5
373.5
450.0
379.5
301.5
504.0
426.0
363.0
259.5
273.0
154.5
354.0
415.5
165.0
372.0
415.5
339.0
468.0
283.5
450.0
210.0
201.0
349.5
387.0
292.5
204.0
406.5
316.5
160.5
444.0
378.0
334.5
97.5
448.5
184.5
88.5
367.5
463.5
378.0
192.0
465.0
144.0
354.0
388.5
375.0
340.5
372.0
405.0
328.5
223.5
376.5
325.5
411.0
367.5
457.5
486.0
382.5
268.5
361.5
373.5
462.0
397.5
121.5
420.0
504.0
352.5
294.0
355.5
360.0
472.5
442.5
90.0
217.5
433.5
492.0
183.0
91.5
385.5
174.0
285.0
154.5
408.0
97.5
370.5
364.5
385.5
325.5
195.0
243.0
231.0
144.0
444.0
421.5
478.5
367.5
477.0
195.0
327.0
439.5
168.0
460.5
442.5
327.0
259.5
243.0
375.0
445.5
399.0
417.0
412.5
300.0
337.5
361.5
193.5
255.0
367.5
285.0
436.5
492.0
375.0
466.5
364.5
460.5
132.0
438.0
384.0
231.0
75.0
414.0
376.5
112.5
18.0
412.5
105.0
432.0
346.5
360.0
207.0
373.5
304.5
268.5
310.5
345.0
39.0
429.0
349.5
321.0
396.0
432.0
444.0
334.5
231.0
300.0
355.5
502.5
381.0
441.0
319.5
379.5
327.0
459.0
384.0
301.5
37.5
409.5
229.5
414.0
378.0
429.0
117.0
424.5
478.5
396.0
466.5
358.5
489.0
417.0
454.5
411.0
394.5
364.5
318.0
162.0
411.0
375.0
325.5
409.5
316.5
387.0
423.0
144.0
420.0
354.0
493.5
429.0
433.5
229.5
340.5
361.5
415.5
135.0
264.0
400.5
231.0
372.0
142.5
432.0
297.0
240.0
51.0
366.0
433.5
168.0
138.0
397.5
277.5
79.5
174.0
75.0
439.5
225.0
102.0
438.0
411.0
342.0
232.5
279.0
508.5
378.0
69.0
123.0
409.5
96.0
330.0
435.0
333.0
468.0
174.0
418.5
210.0
306.0
441.0
184.5
331.5
484.5
379.5
318.0
223.5
501.0
276.0
373.5
297.0
48.0
231.0
235.5
136.5
102.0
231.0
211.5
420.0
310.5
369.0
430.5
124.5
196.5
247.5
298.5
301.5
234.0
309.0
498.0
361.5
420.0
432.0
57.0
430.5
397.5
439.5
354.0
402.0
177.0
483.0
400.5
255.0
121.5
286.5
159.0
211.5
423.0
474.0
433.5
198.0
303.0
408.0
147.0
438.0
471.0
300.0
276.0
145.5
388.5
274.5
460.5
444.0
406.5
417.0
55.5
397.5
162.0
229.5
324.0
307.5
286.5
4.5
361.5
388.5
172.5
351.0
295.5
162.0
237.0
195.0
456.0
186.0
321.0
246.0
465.0
472.5
441.0
460.5
216.0
243.0
472.5
357.0
406.5
370.5
351.0
240.0
291.0
420.0
255.0
234.0
445.5
34.5
277.5
259.5
379.5
442.5
430.5
433.5
421.5
327.0
529.5
310.5
391.5
294.0
174.0
466.5
73.5
123.0
343.5
198.0
337.5
180.0
460.5
255.0
60.0
201.0
450.0
246.0
184.5
145.5
394.5
376.5
357.0
189.0
193.5
480.0
399.0
301.5
450.0
120.0
223.5
310.5
435.0
291.0
432.0
417.0
385.5
177.0
403.5
168.0
48.0
364.5
393.0
297.0
351.0
397.5
454.5
478.5
150.0
367.5
411.0
360.0
207.0
186.0
400.5
379.5
430.5
399.0
301.5
430.5
258.0
447.0
421.5
295.5
414.0
360.0
463.5
37.5
324.0
351.0
318.0
196.5
220.5
67.5
123.0
352.5
391.5
393.0
222.0
243.0
393.0
424.5
411.0
423.0
432.0
438.0
388.5
433.5
490.5
430.5
414.0
72.0
331.5
321.0
300.0
403.5
129.0
259.5
306.0
118.5
397.5
199.5
154.5
409.5
433.5
427.5
501.0
304.5
277.5
273.0
424.5
258.0
310.5
223.5
420.0
234.0
142.5
427.5
373.5
493.5
229.5
175.5
469.5
453.0
265.5
381.0
129.0
232.5
375.0
355.5
435.0
154.5
447.0
430.5
439.5
166.5
382.5
430.5
108.0
43.5
430.5
406.5
265.5
399.0
376.5
162.0
205.5
214.5
351.0
271.5
252.0
174.0
477.0
423.0
303.0
156.0
120.0
162.0
435.0
225.0
405.0
100.5
426.0
253.5
399.0
109.5
466.5
399.0
133.5
364.5
72.0
298.5
301.5
390.0
108.0
51.0
286.5
432.0
210.0
487.5
430.5
309.0
345.0
451.5
190.5
448.5
168.0
300.0
423.0
205.5
432.0
250.5
102.0
157.5
459.0
99.0
271.5
217.5
342.0
463.5
240.0
261.0
381.0
441.0
433.5
280.5
123.0
171.0
277.5
379.5
397.5
307.5
115.5
178.5
451.5
418.5
102.0
129.0
286.5
312.0
285.0
403.5
198.0
352.5
112.5
303.0
222.0
457.5
115.5
282.0
204.0
387.0
483.0
261.0
408.0
364.5
370.5
333.0
427.5
352.5
457.5
103.5
58.5
489.0
313.5
297.0
417.0
103.5
348.0
445.5
105.0
376.5
207.0
346.5
429.0
261.0
433.5
405.0
298.5
126.0
166.5
451.5
480.0
268.5
231.0
411.0
319.5
465.0
385.5
348.0
397.5
285.0
90.0
385.5
370.5
186.0
337.5
264.0
331.5
421.5
403.5
457.5
151.5
358.5
375.0
195.0
450.0
373.5
432.0
376.5
292.5
381.0
439.5
441.0
414.0
339.0
133.5
484.5
249.0
319.5
373.5
453.0
396.0
484.5
325.5
411.0
231.0
267.0
406.5
342.0
448.5
357.0
279.0
369.0
510.0
492.0
288.0
306.0
352.5
471.0
199.5
339.0
457.5
93.0
430.5
280.5
376.5
298.5
138.0
487.5
102.0
309.0
81.0
414.0
456.0
78.0
81.0
327.0
267.0
373.5
465.0
388.5
55.5
108.0
412.5
87.0
423.0
76.5
330.0
229.5
19.5
313.5
397.5
99.0
207.0
117.0
151.5
432.0
396.0
379.5
450.0
288.0
228.0
133.5
282.0
441.0
351.0
459.0
406.5
480.0
360.0
492.0
339.0
420.0
249.0
72.0
456.0
358.5
366.0
289.5
142.5
334.5
405.0
270.0
144.0
367.5
174.0
144.0
397.5
339.0
63.0
153.0
282.0
376.5
144.0
312.0
405.0
193.5
400.5
453.0
435.0
279.0
345.0
292.5
340.5
472.5
322.5
220.5
204.0
97.5
355.5
361.5
88.5
340.5
310.5
445.5
483.0
273.0
451.5
246.0
217.5
336.0
301.5
291.0
492.0
312.0
418.5
468.0
417.0
334.5
282.0
463.5
96.0
436.5
318.0
106.5
435.0
223.5
253.5
429.0
420.0
304.5
418.5
99.0
366.0
474.0
130.5
403.5
238.5
289.5
426.0
498.0
294.0
457.5
384.0
169.5
310.5
261.0
354.0
301.5
324.0
486.0
129.0
376.5
430.5
465.0
480.0
387.0
63.0
385.5
468.0
448.5
403.5
135.0
397.5
205.5
363.0
238.5
180.0
448.5
229.5
333.0
243.0
390.0
424.5
427.5
366.0
223.5
445.5
168.0
423.0
247.5
282.0
411.0
159.0
421.5
400.5
48.0
387.0
409.5
345.0
300.0
451.5
363.0
385.5
399.0
201.0
292.5
463.5
324.0
441.0
298.5
72.0
415.5
157.5
384.0
424.5
186.0
289.5
472.5
429.0
429.0
466.5
424.5
303.0
93.0
441.0
462.0
495.0
406.5
502.5
388.5
274.5
118.5
511.5
424.5
373.5
180.0
451.5
238.5
361.5
421.5
408.0
436.5
226.5
369.0
223.5
405.0
138.0
241.5
361.5
435.0
364.5
490.5
46.5
430.5
63.0
430.5
391.5
457.5
220.5
487.5
348.0
390.0
198.0
283.5
429.0
168.0
373.5
280.5
267.0
445.5
294.0
106.5
181.5
450.0
270.0
214.5
57.0
400.5
228.0
310.5
306.0
207.0
259.5
432.0
372.0
277.5
174.0
303.0
331.5
73.5
238.5
256.5
343.5
222.0
333.0
166.5
453.0
430.5
394.5
291.0
258.0
330.0
264.0
337.5
324.0
318.0
168.0
447.0
208.5
465.0
414.0
408.0
354.0
456.0
435.0
331.5
366.0
406.5
148.5
421.5
264.0
177.0
421.5
435.0
100.5
433.5
96.0
109.5
274.5
264.0
427.5
451.5
471.0
111.0
459.0
412.5
387.0
432.0
117.0
375.0
174.0
297.0
340.5
388.5
376.5
402.0
354.0
433.5
258.0
345.0
243.0
435.0
102.0
447.0
364.5
363.0
31.5
406.5
375.0
63.0
243.0
402.0
322.5
51.0
100.5
441.0
361.5
325.5
226.5
414.0
337.5
178.5
415.5
27.0
451.5
448.5
295.5
351.0
243.0
319.5
430.5
334.5
109.5
451.5
424.5
487.5
454.5
466.5
364.5
421.5
463.5
232.5
48.0
243.0
454.5
327.0
487.5
261.0
394.5
327.0
204.0
453.0
174.0
498.0
342.0
210.0
345.0
483.0
85.5
436.5
475.5
412.5
468.0
364.5
418.5
477.0
346.5
480.0
343.5
459.0
103.5
424.5
271.5
432.0
213.0
435.0
435.0
286.5
460.5
394.5
457.5
460.5
186.0
469.5
469.5
375.0
397.5
346.5
105.0
412.5
469.5
460.5
261.0
342.0
349.5
165.0
106.5
472.5
313.5
468.0
229.5
459.0
285.0
153.0
112.5
207.0
319.5
195.0
298.5
360.0
447.0
264.0
445.5
430.5
460.5
244.5
354.0
234.0
436.5
309.0
112.5
289.5
433.5
337.5
387.0
339.0
402.0
487.5
430.5
177.0
417.0
255.0
498.0
220.5
414.0
481.5
235.5
426.0
115.5
363.0
309.0
388.5
418.5
441.0
412.5
445.5
330.0
118.5
231.0
292.5
204.0
322.5
225.0
147.0
430.5
405.0
391.5
108.0
397.5
427.5
477.0
450.0
334.5
376.5
499.5
369.0
10.5
498.0
400.5
324.0
349.5
73.5
214.5
255.0
267.0
328.5
376.5
277.5
295.5
453.0
450.0
19.5
391.5
291.0
330.0
471.0
292.5
187.5
195.0
366.0
447.0
210.0
178.5
388.5
120.0
151.5
354.0
255.0
399.0
441.0
103.5
378.0
342.0
295.5
459.0
244.5
373.5
175.5
375.0
411.0
73.5
450.0
181.5
10.5
414.0
142.5
391.5
444.0
468.0
409.5
228.0
405.0
412.5
40.5
357.0
471.0
372.0
258.0
414.0
148.5
486.0
429.0
424.5
420.0
349.5
439.5
93.0
412.5
315.0
339.0
268.5
132.0
442.5
93.0
55.5
387.0
406.5
61.5
307.5
417.0
408.0
370.5
321.0
168.0
130.5
307.5
375.0
286.5
439.5
274.5
142.5
159.0
438.0
148.5
52.5
340.5
366.0
366.0
367.5
204.0
97.5
180.0
456.0
420.0
279.0
258.0
426.0
385.5
406.5
369.0
463.5
415.5
187.5
388.5
109.5
417.0
388.5
489.0
412.5
460.5
372.0
381.0
427.5
333.0
277.5
277.5
168.0
430.5
88.5
108.0
199.5
90.0
271.5
256.5
391.5
138.0
456.0
193.5
171.0
391.5
370.5
97.5
109.5
450.0
318.0
468.0
351.0
162.0
460.5
486.0
325.5
177.0
369.0
115.5
216.0
37.5
459.0
310.5
316.5
471.0
448.5
240.0
397.5
384.0
363.0
489.0
328.5
337.5
261.0
364.5
423.0
237.0
85.5
322.5
339.0
261.0
357.0
459.0
336.0
145.5
334.5
376.5
180.0
453.0
438.0
276.0
379.5
285.0
442.5
381.0
93.0
421.5
276.0
234.0
301.5
321.0
76.5
426.0
433.5
205.5
354.0
256.5
144.0
255.0
43.5
106.5
84.0
139.5
492.0
199.5
360.0
75.0
450.0
166.5
367.5
430.5
126.0
294.0
448.5
433.5
358.5
325.5
310.5
300.0
378.0
291.0
255.0
87.0
456.0
24.0
124.5
42.0
37.5
319.5
456.0
348.0
447.0
363.0
334.5
489.0
342.0
394.5
256.5
334.5
498.0
310.5
384.0
475.5
345.0
58.5
405.0
264.0
264.0
472.5
189.0
178.5
463.5
166.5
303.0
444.0
364.5
402.0
213.0
304.5
88.5
312.0
342.0
390.0
84.0
352.5
361.5
168.0
121.5
147.0
375.0
414.0
469.5
496.5
219.0
151.5
286.5
384.0
415.5
441.0
280.5
229.5
400.5
451.5
417.0
315.0
163.5
334.5
352.5
498.0
474.0
370.5
492.0
264.0
352.5
373.5
361.5
147.0
366.0
333.0
471.0
225.0
423.0
204.0
256.5
328.5
79.5
465.0
171.0
430.5
265.5
369.0
414.0
489.0
471.0
480.0
460.5
333.0
426.0
438.0
42.0
336.0
456.0
448.5
271.5
390.0
124.5
387.0
114.0
205.5
444.0
108.0
439.5
130.5
439.5
439.5
469.5
486.0
333.0
391.5
232.5
391.5
94.5
103.5
408.0
300.0
393.0
234.0
427.5
432.0
247.5
348.0
171.0
195.0
415.5
330.0
342.0
477.0
442.5
325.5
118.5
298.5
225.0
475.5
289.5
232.5
411.0
99.0
76.5
234.0
390.0
396.0
400.5
390.0
216.0
480.0
346.5
378.0
360.0
150.0
456.0
417.0
198.0
435.0
370.5
432.0
448.5
331.5
124.5
153.0
466.5
270.0
402.0
240.0
433.5
414.0
54.0
54.0
507.0
135.0
159.0
418.5
438.0
414.0
372.0
385.5
354.0
478.5
267.0
391.5
352.5
316.5
504.0
108.0
394.5
399.0
225.0
330.0
193.5
166.5
231.0
426.0
199.5
157.5
436.5
117.0
213.0
439.5
441.0
360.0
228.0
408.0
453.0
469.5
483.0
438.0
298.5
421.5
447.0
345.0
393.0
342.0
163.5
463.5
385.5
435.0
328.5
481.5
330.0
400.5
451.5
346.5
147.0
376.5
258.0
370.5
217.5
424.5
135.0
279.0
273.0
163.5
385.5
145.5
340.5
202.5
441.0
474.0
424.5
267.0
172.5
444.0
316.5
373.5
333.0
301.5
168.0
108.0
409.5
375.0
427.5
420.0
96.0
424.5
132.0
513.0
502.5
459.0
414.0
178.5
306.0
448.5
370.5
351.0
484.5
489.0
343.5
240.0
333.0
327.0
273.0
469.5
363.0
340.5
279.0
423.0
57.0
111.0
283.5
339.0
402.0
385.5
342.0
294.0
412.5
327.0
430.5
408.0
402.0
360.0
108.0
385.5
391.5
453.0
456.0
303.0
430.5
133.5
435.0
420.0
82.5
364.5
67.5
445.5
312.0
289.5
436.5
300.0
478.5
187.5
387.0
130.5
297.0
457.5
87.0
261.0
306.0
472.5
430.5
54.0
483.0
468.0
391.5
282.0
193.5
282.0
313.5
345.0
351.0
385.5
397.5
91.5
439.5
228.0
313.5
421.5
385.5
436.5
292.5
442.5
376.5
298.5
349.5
34.5
405.0
117.0
417.0
454.5
373.5
499.5
226.5
265.5
106.5
421.5
429.0
316.5
72.0
108.0
175.5
138.0
349.5
498.0
234.0
283.5
397.5
57.0
145.5
244.5
166.5
372.0
387.0
360.0
438.0
432.0
366.0
448.5
424.5
405.0
39.0
387.0
396.0
397.5
376.5
448.5
301.5
432.0
391.5
163.5
372.0
229.5
429.0
291.0
312.0
433.5
169.5
487.5
322.5
406.5
165.0
306.0
201.0
429.0
138.0
252.0
292.5
367.5
81.0
94.5
319.5
388.5
402.0
259.5
213.0
172.5
382.5
145.5
370.5
430.5
318.0
423.0
294.0
264.0
294.0
150.0
126.0
210.0
363.0
60.0
40.5
318.0
96.0
322.5
331.5
63.0
280.5
268.5
109.5
463.5
226.5
184.5
442.5
445.5
247.5
312.0
403.5
277.5
85.5
459.0
211.5
483.0
436.5
430.5
219.0
343.5
364.5
301.5
346.5
247.5
391.5
481.5
273.0
195.0
342.0
105.0
313.5
436.5
408.0
462.0
417.0
400.5
217.5
13.5
360.0
459.0
430.5
252.0
466.5
24.0
460.5
186.0
127.5
355.5
460.5
456.0
141.0
459.0
514.5
306.0
142.5
364.5
448.5
115.5
463.5
120.0
133.5
297.0
414.0
255.0
85.5
331.5
399.0
469.5
402.0
267.0
390.0
345.0
255.0
169.5
310.5
346.5
181.5
352.5
90.0
414.0
150.0
334.5
360.0
363.0
322.5
324.0
364.5
112.5
465.0
363.0
402.0
405.0
414.0
163.5
366.0
423.0
348.0
193.5
231.0
237.0
301.5
285.0
133.5
405.0
192.0
363.0
268.5
400.5
505.5
106.5
498.0
127.5
318.0
478.5
379.5
376.5
279.0
132.0
174.0
451.5
126.0
127.5
306.0
64.5
424.5
79.5
177.0
475.5
321.0
354.0
309.0
130.5
331.5
358.5
363.0
400.5
222.0
355.5
468.0
192.0
466.5
450.0
400.5
453.0
283.5
408.0
456.0
400.5
409.5
246.0
454.5
450.0
301.5
429.0
384.0
397.5
432.0
403.5
379.5
427.5
195.0
171.0
262.5
507.0
168.0
324.0
481.5
264.0
382.5
415.5
462.0
274.5
481.5
366.0
405.0
261.0
462.0
447.0
448.5
255.0
270.0
430.5
450.0
114.0
280.5
93.0
225.0
453.0
363.0
405.0
435.0
141.0
436.5
309.0
373.5
438.0
388.5
423.0
487.5
363.0
280.5
324.0
322.5
174.0
381.0
340.5
418.5
213.0
415.5
148.5
186.0
456.0
148.5
135.0
243.0
417.0
423.0
246.0
163.5
240.0
427.5
204.0
396.0
150.0
156.0
306.0
258.0
249.0
451.5
343.5
289.5
238.5
340.5
217.5
468.0
100.5
109.5
19.5
442.5
394.5
286.5
382.5
388.5
382.5
453.0
339.0
367.5
190.5
340.5
484.5
334.5
400.5
105.0
226.5
438.0
490.5
418.5
492.0
472.5
447.0
183.0
346.5
372.0
471.0
453.0
406.5
309.0
486.0
346.5
435.0
118.5
355.5
207.0
396.0
304.5
231.0
420.0
442.5
216.0
463.5
192.0
438.0
160.5
301.5
393.0
163.5
339.0
379.5
436.5
399.0
172.5
43.5
348.0
412.5
385.5
307.5
429.0
375.0
292.5
150.0
399.0
492.0
66.0
417.0
438.0
453.0
522.0
180.0
439.5
165.0
448.5
262.5
439.5
354.0
79.5
283.5
418.5
102.0
376.5
429.0
109.5
453.0
438.0
166.5
342.0
409.5
399.0
370.5
424.5
99.0
448.5
378.0
463.5
310.5
460.5
283.5
142.5
354.0
75.0
240.0
384.0
457.5
364.5
388.5
228.0
390.0
333.0
172.5
127.5
379.5
486.0
135.0
346.5
280.5
463.5
379.5
304.5
457.5
301.5
376.5
381.0
210.0
474.0
451.5
316.5
334.5
309.0
103.5
450.0
294.0
442.5
451.5
391.5
379.5
438.0
361.5
201.0
337.5
262.5
451.5
387.0
480.0
414.0
264.0
117.0
372.0
127.5
403.5
132.0
447.0
303.0
420.0
265.5
139.5
66.0
405.0
160.5
261.0
367.5
463.5
432.0
132.0
444.0
231.0
322.5
441.0
279.0
163.5
223.5
336.0
477.0
423.0
226.5
391.5
306.0
147.0
394.5
366.0
210.0
337.5
310.5
403.5
364.5
378.0
460.5
465.0
280.5
280.5
334.5
438.0
433.5
258.0
415.5
280.5
432.0
225.0
456.0
262.5
322.5
213.0
337.5
250.5
256.5
291.0
427.5
319.5
196.5
282.0
453.0
498.0
39.0
429.0
432.0
342.0
91.5
457.5
144.0
523.5
163.5
258.0
403.5
418.5
457.5
87.0
457.5
367.5
453.0
369.0
444.0
282.0
411.0
351.0
351.0
342.0
108.0
415.5
217.5
402.0
450.0
306.0
480.0
463.5
387.0
361.5
147.0
286.5
303.0
424.5
403.5
160.5
256.5
286.5
349.5
387.0
408.0
451.5
318.0
204.0
463.5
292.5
184.5
390.0
351.0
388.5
246.0
391.5
421.5
289.5
447.0
457.5
456.0
214.5
205.5
105.0
363.0
145.5
115.5
322.5
217.5
492.0
391.5
405.0
454.5
378.0
388.5
369.0
445.5
408.0
397.5
303.0
48.0
367.5
466.5
450.0
451.5
24.0
471.0
343.5
183.0
120.0
30.0
331.5
84.0
79.5
411.0
337.5
523.5
519.0
388.5
444.0
468.0
442.5
126.0
469.5
205.5
178.5
276.0
309.0
334.5
342.0
280.5
318.0
396.0
381.0
334.5
373.5
207.0
391.5
165.0
165.0
408.0
345.0
322.5
171.0
70.5
198.0
435.0
280.5
493.5
244.5
130.5
243.0
403.5
105.0
367.5
31.5
475.5
391.5
180.0
85.5
321.0
454.5
127.5
391.5
327.0
418.5
487.5
268.5
286.5
282.0
442.5
450.0
298.5
363.0
367.5
322.5
411.0
394.5
400.5
357.0
334.5
315.0
129.0
429.0
235.5
358.5
78.0
400.5
294.0
96.0
282.0
34.5
276.0
322.5
238.5
409.5
421.5
198.0
459.0
100.5
451.5
39.0
250.5
220.5
126.0
148.5
46.5
429.0
286.5
456.0
64.5
393.0
444.0
234.0
202.5
420.0
465.0
330.0
321.0
424.5
321.0
346.5
366.0
75.0
223.5
217.5
286.5
148.5
435.0
279.0
247.5
477.0
325.5
330.0
381.0
321.0
280.5
343.5
457.5
484.5
348.0
348.0
484.5
433.5
435.0
399.0
499.5
415.5
412.5
459.0
466.5
69.0
307.5
468.0
327.0
235.5
328.5
393.0
204.0
57.0
153.0
405.0
454.5
430.5
342.0
196.5
358.5
498.0
151.5
159.0
355.5
501.0
501.0
114.0
342.0
312.0
322.5
444.0
460.5
417.0
429.0
403.5
378.0
271.5
313.5
405.0
247.5
417.0
391.5
472.5
184.5
442.5
276.0
492.0
103.5
231.0
57.0
457.5
325.5
456.0
288.0
435.0
103.5
355.5
342.0
375.0
450.0
247.5
328.5
330.0
298.5
381.0
366.0
286.5
372.0
432.0
397.5
297.0
177.0
436.5
396.0
354.0
93.0
111.0
279.0
393.0
250.5
85.5
270.0
411.0
402.0
291.0
391.5
201.0
415.5
427.5
372.0
112.5
280.5
379.5
438.0
252.0
414.0
471.0
382.5
163.5
375.0
168.0
120.0
346.5
219.0
439.5
216.0
324.0
258.0
436.5
285.0
192.0
456.0
465.0
412.5
384.0
474.0
309.0
348.0
439.5
318.0
466.5
87.0
490.5
432.0
486.0
442.5
331.5
285.0
375.0
379.5
310.5
268.5
243.0
73.5
442.5
190.5
445.5
235.5
207.0
328.5
429.0
436.5
99.0
379.5
379.5
360.0
375.0
346.5
492.0
189.0
450.0
88.5
96.0
469.5
336.0
372.0
294.0
424.5
78.0
460.5
372.0
403.5
225.0
156.0
372.0
220.5
448.5
219.0
460.5
235.5
402.0
483.0
382.5
201.0
441.0
420.0
258.0
85.5
435.0
481.5
405.0
280.5
366.0
489.0
274.5
370.5
304.5
481.5
261.0
186.0
286.5
451.5
427.5
375.0
145.5
138.0
334.5
399.0
390.0
415.5
432.0
381.0
172.5
433.5
475.5
420.0
411.0
136.5
397.5
495.0
127.5
336.0
433.5
466.5
130.5
244.5
453.0
360.0
409.5
408.0
462.0
105.0
375.0
439.5
174.0
393.0
451.5
325.5
327.0
426.0
385.5
172.5
514.5
294.0
379.5
132.0
193.5
315.0
414.0
175.5
127.5
79.5
409.5
411.0
393.0
264.0
463.5
379.5
432.0
475.5
322.5
142.5
349.5
97.5
403.5
88.5
348.0
213.0
97.5
67.5
337.5
178.5
243.0
430.5
381.0
327.0
25.5
289.5
450.0
430.5
271.5
438.0
382.5
499.5
57.0
372.0
256.5
429.0
120.0
391.5
433.5
312.0
312.0
303.0
231.0
403.5
262.5
174.0
417.0
67.5
168.0
394.5
288.0
189.0
114.0
217.5
121.5
132.0
394.5
454.5
456.0
196.5
460.5
337.5
358.5
37.5
189.0
123.0
228.0
475.5
337.5
376.5
301.5
304.5
358.5
432.0
136.5
409.5
153.0
255.0
412.5
298.5
382.5
369.0
132.0
430.5
306.0
301.5
414.0
417.0
469.5
253.5
96.0
291.0
30.0
427.5
409.5
117.0
241.5
300.0
360.0
276.0
423.0
477.0
366.0
286.5
294.0
304.5
484.5
426.0
36.0
213.0
274.5
478.5
370.5
417.0
54.0
138.0
396.0
379.5
405.0
472.5
247.5
351.0
357.0
357.0
303.0
100.5
126.0
184.5
279.0
373.5
477.0
141.0
388.5
325.5
330.0
354.0
337.5
183.0
418.5
93.0
255.0
388.5
447.0
364.5
354.0
154.5
387.0
424.5
205.5
279.0
423.0
336.0
346.5
166.5
129.0
367.5
256.5
370.5
124.5
406.5
406.5
462.0
420.0
460.5
288.0
441.0
268.5
444.0
264.0
153.0
376.5
369.0
418.5
444.0
444.0
421.5
261.0
333.0
378.0
111.0
432.0
331.5
429.0
156.0
414.0
174.0
213.0
424.5
210.0
481.5
387.0
454.5
465.0
88.5
139.5
154.5
460.5
298.5
493.5
234.0
327.0
418.5
432.0
448.5
444.0
411.0
402.0
210.0
367.5
331.5
337.5
334.5
399.0
213.0
415.5
292.5
378.0
411.0
124.5
474.0
373.5
321.0
124.5
405.0
445.5
447.0
454.5
327.0
94.5
378.0
112.5
418.5
127.5
267.0
454.5
304.5
198.0
388.5
328.5
97.5
484.5
288.0
93.0
178.5
217.5
247.5
51.0
475.5
397.5
492.0
250.5
319.5
436.5
412.5
307.5
262.5
99.0
304.5
462.0
420.0
435.0
184.5
330.0
121.5
382.5
409.5
429.0
316.5
396.0
475.5
90.0
204.0
127.5
330.0
199.5
238.5
456.0
244.5
388.5
112.5
409.5
465.0
199.5
402.0
57.0
195.0
268.5
474.0
462.0
450.0
273.0
418.5
103.5
321.0
490.5
438.0
223.5
402.0
228.0
355.5
385.5
195.0
360.0
441.0
303.0
354.0
493.5
285.0
316.5
439.5
172.5
435.0
189.0
391.5
220.5
421.5
400.5
447.0
492.0
163.5
241.5
399.0
448.5
459.0
76.5
493.5
445.5
423.0
399.0
349.5
442.5
391.5
259.5
442.5
438.0
85.5
465.0
142.5
232.5
235.5
357.0
283.5
343.5
438.0
403.5
420.0
400.5
99.0
445.5
471.0
474.0
439.5
246.0
178.5
510.0
372.0
417.0
424.5
324.0
373.5
372.0
156.0
130.5
373.5
471.0
130.5
217.5
415.5
82.5
427.5
105.0
415.5
222.0
336.0
130.5
298.5
348.0
373.5
429.0
399.0
438.0
259.5
405.0
121.5
339.0
118.5
135.0
315.0
405.0
171.0
466.5
424.5
259.5
441.0
343.5
346.5
81.0
330.0
342.0
315.0
319.5
184.5
307.5
421.5
51.0
424.5
180.0
120.0
222.0
420.0
450.0
388.5
159.0
327.0
72.0
445.5
480.0
420.0
435.0
132.0
435.0
316.5
417.0
129.0
150.0
198.0
334.5
301.5
318.0
273.0
382.5
297.0
435.0
141.0
459.0
76.5
456.0
306.0
303.0
238.5
427.5
99.0
96.0
271.5
351.0
214.5
411.0
328.5
258.0
448.5
247.5
264.0
369.0
307.5
412.5
477.0
121.5
42.0
427.5
393.0
352.5
450.0
424.5
433.5
445.5
301.5
457.5
67.5
228.0
283.5
445.5
174.0
415.5
441.0
481.5
240.0
102.0
58.5
343.5
454.5
361.5
127.5
249.0
268.5
465.0
271.5
363.0
448.5
406.5
78.0
472.5
343.5
277.5
222.0
462.0
367.5
466.5
348.0
418.5
366.0
462.0
342.0
457.5
460.5
271.5
414.0
162.0
391.5
390.0
88.5
148.5
382.5
460.5
76.5
136.5
375.0
189.0
201.0
396.0
127.5
403.5
418.5
288.0
216.0
472.5
144.0
469.5
322.5
447.0
393.0
114.0
282.0
436.5
157.5
267.0
436.5
397.5
345.0
325.5
249.0
240.0
337.5
294.0
415.5
49.5
192.0
165.0
457.5
427.5
487.5
352.5
421.5
373.5
348.0
199.5
415.5
97.5
258.0
210.0
444.0
478.5
198.0
433.5
75.0
369.0
481.5
90.0
301.5
270.0
285.0
333.0
310.5
211.5
433.5
361.5
375.0
190.5
456.0
264.0
342.0
366.0
478.5
369.0
435.0
184.5
423.0
337.5
216.0
216.0
442.5
355.5
75.0
468.0
412.5
49.5
333.0
307.5
297.0
454.5
480.0
412.5
361.5
451.5
447.0
474.0
486.0
429.0
250.5
498.0
370.5
286.5
253.5
211.5
463.5
105.0
121.5
436.5
354.0
426.0
345.0
138.0
415.5
502.5
298.5
328.5
397.5
117.0
445.5
147.0
379.5
337.5
432.0
462.0
409.5
151.5
324.0
199.5
421.5
256.5
106.5
264.0
250.5
133.5
318.0
309.0
165.0
280.5
462.0
304.5
403.5
288.0
459.0
162.0
222.0
486.0
427.5
186.0
418.5
453.0
399.0
357.0
115.5
172.5
340.5
394.5
127.5
235.5
466.5
219.0
64.5
402.0
363.0
363.0
325.5
438.0
399.0
99.0
408.0
108.0
261.0
415.5
202.5
172.5
453.0
309.0
421.5
258.0
81.0
429.0
156.0
429.0
457.5
415.5
315.0
373.5
414.0
262.5
399.0
438.0
370.5
211.5
85.5
487.5
411.0
459.0
181.5
459.0
409.5
405.0
96.0
247.5
325.5
345.0
412.5
388.5
442.5
433.5
283.5
412.5
373.5
471.0
258.0
397.5
456.0
294.0
433.5
264.0
99.0
414.0
81.0
423.0
333.0
448.5
414.0
454.5
397.5
289.5
454.5
165.0
154.5
286.5
126.0
400.5
373.5
487.5
427.5
111.0
262.5
372.0
373.5
354.0
181.5
214.5
171.0
283.5
306.0
394.5
489.0
468.0
291.0
382.5
468.0
189.0
303.0
418.5
265.5
88.5
357.0
432.0
162.0
124.5
462.0
436.5
229.5
355.5
246.0
409.5
214.5
472.5
265.5
181.5
121.5
324.0
328.5
393.0
391.5
270.0
181.5
304.5
340.5
249.0
448.5
258.0
283.5
420.0
129.0
300.0
115.5
156.0
370.5
382.5
346.5
181.5
411.0
424.5
369.0
219.0
103.5
243.0
496.5
243.0
507.0
264.0
253.5
457.5
472.5
384.0
472.5
468.0
315.0
325.5
469.5
246.0
220.5
411.0
348.0
106.5
354.0
13.5
403.5
217.5
477.0
375.0
283.5
384.0
466.5
397.5
360.0
135.0
148.5
426.0
118.5
115.5
19.5
367.5
435.0
424.5
361.5
438.0
253.5
123.0
429.0
433.5
294.0
357.0
181.5
262.5
174.0
223.5
393.0
327.0
345.0
261.0
483.0
217.5
291.0
283.5
474.0
429.0
121.5
48.0
465.0
376.5
451.5
415.5
424.5
178.5
286.5
409.5
369.0
100.5
156.0
328.5
33.0
141.0
309.0
405.0
456.0
303.0
369.0
163.5
471.0
300.0
433.5
478.5
312.0
349.5
447.0
426.0
358.5
390.0
111.0
435.0
268.5
441.0
84.0
285.0
370.5
313.5
367.5
141.0
379.5
445.5
396.0
223.5
276.0
405.0
114.0
52.5
438.0
253.5
456.0
487.5
444.0
258.0
358.5
441.0
193.5
69.0
274.5
303.0
360.0
366.0
276.0
379.5
304.5
313.5
438.0
367.5
19.5
460.5
201.0
328.5
244.5
402.0
226.5
177.0
277.5
456.0
405.0
282.0
361.5
348.0
114.0
25.5
120.0
351.0
162.0
468.0
166.5
388.5
306.0
370.5
484.5
438.0
28.5
399.0
277.5
291.0
465.0
226.5
22.5
469.5
421.5
132.0
342.0
463.5
385.5
295.5
372.0
45.0
414.0
66.0
381.0
45.0
471.0
232.5
378.0
417.0
465.0
213.0
105.0
454.5
460.5
448.5
382.5
264.0
364.5
264.0
355.5
118.5
141.0
445.5
390.0
415.5
379.5
165.0
394.5
385.5
514.5
423.0
379.5
403.5
423.0
192.0
465.0
372.0
292.5
436.5
487.5
363.0
132.0
322.5
439.5
145.5
376.5
402.0
243.0
414.0
483.0
43.5
417.0
180.0
118.5
429.0
376.5
28.5
82.5
61.5
397.5
415.5
154.5
324.0
93.0
249.0
75.0
270.0
178.5
34.5
136.5
366.0
216.0
151.5
295.5
291.0
420.0
375.0
318.0
217.5
501.0
441.0
439.5
430.5
414.0
270.0
253.5
250.5
432.0
447.0
465.0
82.5
321.0
424.5
283.5
352.5
240.0
57.0
364.5
121.5
91.5
418.5
381.0
336.0
181.5
318.0
342.0
463.5
381.0
361.5
421.5
295.5
450.0
126.0
252.0
378.0
381.0
228.0
318.0
282.0
231.0
309.0
348.0
333.0
331.5
285.0
469.5
337.5
400.5
448.5
399.0
187.5
390.0
478.5
187.5
498.0
237.0
231.0
199.5
75.0
390.0
159.0
402.0
139.5
474.0
486.0
366.0
519.0
387.0
483.0
360.0
133.5
265.5
433.5
316.5
79.5
55.5
189.0
391.5
270.0
127.5
121.5
214.5
396.0
448.5
297.0
409.5
397.5
132.0
327.0
100.5
433.5
246.0
453.0
109.5
231.0
295.5
159.0
189.0
262.5
141.0
420.0
157.5
390.0
376.5
225.0
415.5
487.5
438.0
421.5
459.0
373.5
247.5
174.0
384.0
297.0
400.5
486.0
382.5
405.0
424.5
457.5
445.5
199.5
225.0
102.0
447.0
469.5
466.5
313.5
508.5
169.5
354.0
309.0
199.5
477.0
310.5
361.5
121.5
67.5
169.5
142.5
417.0
333.0
436.5
429.0
426.0
340.5
196.5
342.0
423.0
490.5
279.0
441.0
331.5
342.0
357.0
343.5
243.0
330.0
127.5
253.5
133.5
427.5
372.0
430.5
387.0
429.0
456.0
313.5
51.0
247.5
433.5
219.0
423.0
229.5
444.0
426.0
372.0
384.0
300.0
322.5
379.5
345.0
430.5
397.5
487.5
88.5
496.5
379.5
447.0
433.5
387.0
447.0
475.5
454.5
64.5
316.5
394.5
348.0
421.5
184.5
360.0
73.5
210.0
451.5
402.0
225.0
403.5
436.5
435.0
328.5
214.5
432.0
393.0
363.0
403.5
391.5
406.5
288.0
375.0
427.5
391.5
270.0
241.5
445.5
378.0
135.0
301.5
165.0
81.0
451.5
460.5
312.0
435.0
193.5
382.5
204.0
351.0
441.0
372.0
196.5
177.0
385.5
243.0
399.0
460.5
195.0
57.0
289.5
109.5
408.0
138.0
268.5
66.0
357.0
243.0
423.0
75.0
445.5
325.5
307.5
175.5
439.5
520.5
462.0
444.0
231.0
427.5
289.5
336.0
295.5
424.5
258.0
438.0
397.5
412.5
430.5
471.0
414.0
388.5
409.5
231.0
328.5
376.5
418.5
409.5
96.0
417.0
423.0
417.0
363.0
352.5
177.0
142.5
399.0
175.5
313.5
361.5
312.0
318.0
484.5
424.5
156.0
412.5
367.5
384.0
243.0
397.5
505.5
120.0
474.0
373.5
88.5
211.5
219.0
522.0
444.0
384.0
103.5
414.0
385.5
472.5
280.5
333.0
313.5
183.0
382.5
456.0
406.5
297.0
432.0
190.5
217.5
441.0
280.5
198.0
48.0
415.5
439.5
460.5
438.0
378.0
466.5
474.0
421.5
403.5
472.5
321.0
447.0
477.0
408.0
471.0
283.5
312.0
438.0
183.0
384.0
469.5
72.0
310.5
454.5
213.0
489.0
307.5
238.5
343.5
372.0
418.5
468.0
501.0
429.0
363.0
316.5
345.0
475.5
60.0
346.5
376.5
430.5
484.5
427.5
430.5
460.5
192.0
274.5
328.5
478.5
418.5
307.5
357.0
276.0
406.5
421.5
409.5
355.5
409.5
436.5
276.0
453.0
433.5
43.5
145.5
187.5
417.0
277.5
490.5
154.5
141.0
331.5
249.0
418.5
78.0
349.5
327.0
462.0
76.5
355.5
225.0
423.0
205.5
301.5
393.0
217.5
460.5
432.0
384.0
421.5
321.0
103.5
189.0
415.5
235.5
243.0
421.5
492.0
268.5
406.5
120.0
217.5
243.0
355.5
103.5
489.0
438.0
18.0
486.0
337.5
423.0
424.5
339.0
274.5
216.0
466.5
355.5
354.0
529.5
223.5
388.5
294.0
294.0
433.5
238.5
141.0
334.5
409.5
444.0
403.5
447.0
435.0
21.0
352.5
223.5
280.5
391.5
112.5
403.5
334.5
357.0
471.0
495.0
382.5
345.0
346.5
45.0
66.0
453.0
199.5
291.0
63.0
135.0
435.0
394.5
171.0
123.0
147.0
409.5
181.5
265.5
183.0
270.0
78.0
355.5
400.5
379.5
162.0
424.5
318.0
112.5
202.5
442.5
378.0
51.0
366.0
400.5
306.0
426.0
372.0
384.0
390.0
361.5
367.5
277.5
333.0
426.0
235.5
177.0
229.5
262.5
456.0
300.0
217.5
112.5
361.5
474.0
466.5
373.5
100.5
124.5
312.0
423.0
114.0
145.5
36.0
399.0
154.5
459.0
310.5
400.5
106.5
364.5
165.0
253.5
385.5
138.0
112.5
283.5
60.0
448.5
465.0
381.0
171.0
192.0
451.5
414.0
411.0
373.5
265.5
412.5
340.5
433.5
394.5
481.5
411.0
180.0
466.5
361.5
249.0
315.0
339.0
229.5
100.5
379.5
124.5
258.0
147.0
255.0
337.5
459.0
327.0
466.5
