450.0
112.5
268.5
397.5
61.5
33.0
198.0
142.5
342.0
183.0
424.5
448.5
84.0
387.0
343.5
103.5
100.5
453.0
88.5
177.0
373.5
220.5
418.5
199.5
133.5
478.5
327.0
471.0
253.5
283.5
312.0
21.0
484.5
448.5
235.5
390.0
33.0
420.0
69.0
202.5
456.0
351.0
210.0
108.0
361.5
471.0
490.5
352.5
298.5
292.5
262.5
93.0
31.5
148.5
78.0
243.0
403.5
151.5
394.5
382.5
436.5
345.0
165.0
256.5
309.0
370.5
391.5
397.5
250.5
63.0
466.5
361.5
58.5
345.0
267.0
138.0
177.0
387.0
57.0
459.0
393.0
154.5
405.0
402.0
109.5
412.5
379.5
337.5
351.0
402.0
468.0
225.0
144.0
61.5
244.5
304.5
475.5
315.0
156.0
460.5
130.5
360.0
357.0
198.0
274.5
199.5
141.0
412.5
264.0
370.5
370.5
477.0
384.0
423.0
375.0
411.0
427.5
406.5
388.5
27.0
93.0
364.5
247.5
393.0
270.0
195.0
136.5
381.0
93.0
475.5
370.5
274.5
483.0
472.5
312.0
214.5
306.0
406.5
82.5
394.5
369.0
189.0
343.5
396.0
225.0
453.0
273.0
106.5
246.0
414.0
316.5
334.5
312.0
133.5
424.5
459.0
243.0
385.5
475.5
478.5
195.0
400.5
345.0
388.5
184.5
45.0
232.5
328.5
394.5
301.5
298.5
486.0
364.5
420.0
280.5
34.5
360.0
129.0
195.0
276.0
271.5
156.0
31.5
246.0
217.5
82.5
318.0
138.0
391.5
451.5
244.5
250.5
36.0
463.5
295.5
85.5
307.5
436.5
46.5
430.5
162.0
498.0
342.0
87.0
297.0
96.0
277.5
406.5
213.0
183.0
420.0
220.5
390.0
64.5
372.0
373.5
109.5
141.0
301.5
439.5
364.5
378.0
321.0
309.0
231.0
267.0
465.0
409.5
121.5
463.5
337.5
382.5
120.0
487.5
252.0
388.5
243.0
189.0
399.0
324.0
454.5
231.0
301.5
180.0
357.0
159.0
262.5
321.0
334.5
159.0
129.0
165.0
276.0
379.5
426.0
390.0
30.0
471.0
187.5
321.0
345.0
415.5
472.5
225.0
360.0
396.0
441.0
451.5
330.0
496.5
447.0
372.0
363.0
423.0
264.0
417.0
241.5
298.5
313.5
205.5
460.5
372.0
199.5
459.0
475.5
196.5
73.5
397.5
232.5
396.0
114.0
153.0
385.5
232.5
361.5
382.5
441.0
436.5
171.0
147.0
483.0
90.0
432.0
217.5
447.0
85.5
109.5
445.5
397.5
370.5
465.0
300.0
484.5
417.0
424.5
447.0
369.0
393.0
423.0
334.5
147.0
142.5
327.0
471.0
432.0
400.5
352.5
333.0
33.0
78.0
456.0
93.0
306.0
412.5
81.0
372.0
348.0
420.0
396.0
409.5
244.5
330.0
418.5
211.5
372.0
360.0
105.0
424.5
382.5
405.0
282.0
409.5
199.5
414.0
160.5
372.0
370.5
210.0
201.0
37.5
490.5
234.0
156.0
157.5
180.0
270.0
358.5
253.5
316.5
204.0
186.0
423.0
39.0
97.5
81.0
366.0
90.0
426.0
394.5
115.5
264.0
448.5
306.0
474.0
405.0
156.0
196.5
348.0
295.5
411.0
165.0
243.0
316.5
412.5
445.5
307.5
232.5
381.0
133.5
172.5
112.5
469.5
157.5
264.0
255.0
370.5
382.5
444.0
183.0
381.0
420.0
486.0
238.5
379.5
24.0
163.5
375.0
352.5
73.5
102.0
48.0
331.5
294.0
238.5
463.5
174.0
469.5
60.0
435.0
109.5
259.5
76.5
187.5
463.5
411.0
327.0
274.5
109.5
270.0
289.5
231.0
384.0
253.5
82.5
367.5
466.5
27.0
324.0
283.5
304.5
456.0
498.0
420.0
384.0
226.5
132.0
393.0
397.5
460.5
159.0
367.5
280.5
388.5
259.5
82.5
90.0
18.0
433.5
367.5
435.0
492.0
460.5
400.5
504.0
418.5
297.0
456.0
441.0
370.5
112.5
415.5
43.5
283.5
94.5
379.5
463.5
333.0
387.0
115.5
283.5
459.0
174.0
367.5
87.0
322.5
195.0
352.5
424.5
184.5
385.5
259.5
106.5
96.0
210.0
193.5
196.5
396.0
364.5
424.5
123.0
49.5
349.5
141.0
408.0
93.0
237.0
360.0
223.5
216.0
199.5
385.5
226.5
388.5
246.0
310.5
447.0
406.5
120.0
372.0
235.5
102.0
438.0
142.5
427.5
93.0
462.0
340.5
147.0
234.0
288.0
310.5
159.0
352.5
234.0
241.5
142.5
291.0
166.5
226.5
114.0
339.0
165.0
459.0
201.0
466.5
121.5
282.0
468.0
336.0
309.0
465.0
360.0
250.5
61.5
73.5
358.5
247.5
255.0
285.0
462.0
60.0
132.0
193.5
123.0
238.5
121.5
352.5
51.0
403.5
235.5
510.0
243.0
435.0
208.5
316.5
457.5
168.0
430.5
90.0
343.5
99.0
246.0
135.0
432.0
94.5
178.5
339.0
487.5
145.5
235.5
460.5
223.5
412.5
462.0
357.0
175.5
379.5
432.0
457.5
93.0
493.5
388.5
408.0
325.5
321.0
496.5
283.5
153.0
457.5
436.5
466.5
406.5
268.5
61.5
217.5
331.5
418.5
471.0
142.5
352.5
412.5
369.0
453.0
219.0
135.0
3.0
378.0
487.5
432.0
177.0
115.5
516.0
406.5
192.0
373.5
213.0
93.0
423.0
465.0
16.5
384.0
198.0
222.0
234.0
397.5
436.5
354.0
264.0
199.5
240.0
67.5
384.0
390.0
180.0
442.5
97.5
376.5
163.5
157.5
324.0
214.5
376.5
445.5
388.5
364.5
436.5
184.5
222.0
187.5
484.5
67.5
330.0
492.0
447.0
207.0
154.5
415.5
361.5
454.5
195.0
220.5
384.0
319.5
304.5
238.5
198.0
447.0
121.5
298.5
393.0
330.0
291.0
315.0
427.5
333.0
379.5
382.5
262.5
175.5
433.5
339.0
276.0
49.5
379.5
430.5
387.0
435.0
169.5
339.0
384.0
157.5
444.0
436.5
379.5
33.0
397.5
220.5
405.0
484.5
69.0
378.0
172.5
363.0
117.0
330.0
382.5
270.0
157.5
181.5
235.5
426.0
421.5
349.5
472.5
72.0
415.5
505.5
388.5
189.0
289.5
310.5
376.5
411.0
363.0
111.0
417.0
450.0
276.0
411.0
346.5
273.0
111.0
205.5
396.0
264.0
382.5
48.0
444.0
415.5
405.0
427.5
405.0
478.5
469.5
475.5
414.0
439.5
192.0
106.5
256.5
105.0
373.5
436.5
402.0
403.5
381.0
328.5
232.5
397.5
459.0
417.0
241.5
271.5
297.0
475.5
60.0
418.5
324.0
177.0
190.5
352.5
409.5
385.5
150.0
504.0
138.0
411.0
465.0
270.0
381.0
435.0
298.5
384.0
364.5
90.0
85.5
207.0
406.5
148.5
114.0
138.0
316.5
247.5
364.5
315.0
351.0
339.0
280.5
334.5
196.5
291.0
388.5
166.5
127.5
256.5
343.5
258.0
450.0
108.0
328.5
420.0
271.5
387.0
412.5
258.0
331.5
307.5
453.0
42.0
100.5
430.5
361.5
234.0
241.5
267.0
189.0
462.0
417.0
141.0
420.0
373.5
285.0
100.5
378.0
370.5
447.0
480.0
421.5
414.0
285.0
240.0
378.0
325.5
411.0
301.5
85.5
432.0
51.0
417.0
448.5
436.5
358.5
493.5
310.5
448.5
399.0
57.0
324.0
340.5
106.5
448.5
210.0
466.5
378.0
415.5
453.0
397.5
195.0
234.0
417.0
241.5
265.5
304.5
142.5
433.5
277.5
261.0
423.0
442.5
427.5
417.0
123.0
330.0
69.0
219.0
129.0
142.5
411.0
300.0
436.5
418.5
426.0
343.5
499.5
205.5
312.0
324.0
213.0
405.0
310.5
489.0
375.0
60.0
460.5
325.5
415.5
345.0
259.5
349.5
415.5
387.0
111.0
187.5
58.5
232.5
477.0
472.5
357.0
397.5
78.0
382.5
240.0
315.0
442.5
84.0
438.0
198.0
241.5
301.5
384.0
399.0
411.0
417.0
447.0
168.0
217.5
432.0
115.5
337.5
252.0
417.0
411.0
228.0
337.5
103.5
210.0
427.5
408.0
226.5
240.0
228.0
352.5
406.5
256.5
400.5
390.0
259.5
357.0
111.0
199.5
162.0
420.0
414.0
402.0
46.5
96.0
67.5
402.0
384.0
277.5
345.0
46.5
235.5
373.5
388.5
438.0
196.5
267.0
345.0
411.0
354.0
240.0
333.0
358.5
84.0
331.5
235.5
129.0
160.5
12.0
328.5
94.5
414.0
432.0
82.5
493.5
157.5
453.0
361.5
271.5
303.0
285.0
193.5
145.5
270.0
249.0
490.5
435.0
246.0
24.0
196.5
451.5
379.5
426.0
342.0
237.0
363.0
282.0
448.5
409.5
420.0
445.5
379.5
448.5
75.0
261.0
289.5
454.5
324.0
360.0
127.5
36.0
297.0
238.5
408.0
216.0
150.0
114.0
441.0
358.5
459.0
397.5
322.5
451.5
198.0
420.0
252.0
366.0
355.5
99.0
142.5
397.5
210.0
369.0
405.0
376.5
462.0
475.5
282.0
339.0
69.0
463.5
327.0
435.0
150.0
339.0
298.5
460.5
445.5
484.5
343.5
99.0
126.0
406.5
261.0
114.0
259.5
465.0
348.0
303.0
240.0
351.0
357.0
213.0
427.5
367.5
486.0
139.5
486.0
438.0
418.5
318.0
241.5
364.5
265.5
303.0
357.0
207.0
210.0
226.5
130.5
277.5
129.0
258.0
114.0
21.0
490.5
222.0
378.0
54.0
43.5
355.5
187.5
76.5
319.5
433.5
475.5
87.0
276.0
367.5
327.0
123.0
432.0
447.0
231.0
328.5
391.5
373.5
265.5
361.5
387.0
316.5
82.5
435.0
313.5
481.5
444.0
511.5
357.0
277.5
475.5
355.5
343.5
340.5
163.5
330.0
340.5
282.0
144.0
363.0
414.0
112.5
70.5
469.5
225.0
436.5
486.0
205.5
445.5
58.5
426.0
436.5
357.0
429.0
25.5
255.0
330.0
423.0
382.5
423.0
448.5
178.5
379.5
246.0
345.0
64.5
396.0
310.5
70.5
405.0
435.0
354.0
429.0
72.0
444.0
82.5
346.5
381.0
123.0
429.0
157.5
361.5
141.0
418.5
366.0
186.0
318.0
361.5
84.0
463.5
366.0
121.5
408.0
220.5
348.0
126.0
333.0
183.0
207.0
322.5
379.5
415.5
382.5
394.5
448.5
481.5
309.0
109.5
132.0
339.0
240.0
424.5
459.0
309.0
78.0
330.0
469.5
88.5
360.0
127.5
169.5
418.5
25.5
337.5
73.5
139.5
214.5
46.5
91.5
261.0
331.5
123.0
43.5
259.5
312.0
430.5
450.0
388.5
318.0
256.5
433.5
277.5
127.5
375.0
447.0
319.5
454.5
289.5
73.5
298.5
480.0
415.5
252.0
439.5
441.0
141.0
217.5
66.0
186.0
297.0
376.5
265.5
349.5
384.0
289.5
342.0
147.0
226.5
309.0
111.0
409.5
79.5
189.0
348.0
403.5
162.0
156.0
276.0
127.5
102.0
177.0
240.0
444.0
208.5
475.5
429.0
396.0
390.0
427.5
213.0
433.5
465.0
192.0
298.5
384.0
447.0
373.5
61.5
121.5
373.5
471.0
289.5
255.0
376.5
349.5
348.0
340.5
306.0
223.5
391.5
450.0
294.0
171.0
276.0
289.5
187.5
220.5
199.5
288.0
159.0
154.5
424.5
354.0
165.0
193.5
471.0
202.5
387.0
135.0
276.0
55.5
228.0
225.0
168.0
139.5
375.0
105.0
493.5
255.0
231.0
376.5
91.5
396.0
274.5
297.0
480.0
208.5
262.5
339.0
273.0
481.5
406.5
400.5
309.0
97.5
93.0
459.0
297.0
460.5
303.0
433.5
358.5
331.5
360.0
268.5
489.0
165.0
276.0
186.0
412.5
463.5
222.0
150.0
102.0
390.0
324.0
312.0
148.5
267.0
133.5
372.0
163.5
292.5
412.5
121.5
243.0
400.5
486.0
352.5
226.5
429.0
364.5
427.5
292.5
93.0
427.5
100.5
394.5
220.5
246.0
291.0
135.0
97.5
226.5
339.0
150.0
369.0
84.0
492.0
385.5
432.0
363.0
375.0
417.0
292.5
18.0
490.5
249.0
189.0
411.0
357.0
486.0
273.0
261.0
304.5
348.0
388.5
196.5
91.5
196.5
415.5
466.5
285.0
138.0
399.0
297.0
444.0
291.0
363.0
261.0
375.0
301.5
408.0
198.0
390.0
25.5
304.5
352.5
343.5
361.5
294.0
208.5
132.0
324.0
180.0
463.5
165.0
168.0
390.0
109.5
471.0
469.5
99.0
462.0
309.0
175.5
465.0
364.5
294.0
468.0
90.0
387.0
382.5
273.0
423.0
294.0
88.5
361.5
127.5
198.0
189.0
315.0
148.5
357.0
370.5
108.0
210.0
442.5
385.5
354.0
256.5
301.5
220.5
265.5
246.0
157.5
265.5
409.5
318.0
117.0
468.0
396.0
327.0
333.0
298.5
174.0
393.0
406.5
454.5
343.5
349.5
373.5
207.0
135.0
108.0
451.5
405.0
270.0
210.0
427.5
111.0
240.0
76.5
255.0
315.0
87.0
265.5
190.5
130.5
411.0
423.0
150.0
246.0
366.0
331.5
375.0
280.5
421.5
292.5
241.5
181.5
399.0
169.5
141.0
456.0
240.0
223.5
243.0
465.0
237.0
492.0
42.0
397.5
115.5
397.5
103.5
273.0
229.5
273.0
468.0
477.0
442.5
435.0
103.5
342.0
42.0
451.5
37.5
316.5
396.0
430.5
256.5
288.0
423.0
405.0
337.5
373.5
258.0
418.5
153.0
435.0
265.5
211.5
123.0
265.5
279.0
444.0
51.0
330.0
85.5
415.5
451.5
414.0
300.0
385.5
204.0
306.0
156.0
298.5
90.0
346.5
228.0
474.0
424.5
418.5
466.5
298.5
63.0
352.5
399.0
391.5
322.5
408.0
468.0
358.5
361.5
268.5
426.0
309.0
406.5
180.0
97.5
424.5
313.5
64.5
123.0
102.0
397.5
181.5
258.0
87.0
394.5
432.0
432.0
397.5
352.5
82.5
346.5
432.0
396.0
258.0
421.5
285.0
295.5
126.0
448.5
241.5
106.5
121.5
247.5
280.5
193.5
192.0
285.0
456.0
346.5
427.5
261.0
318.0
93.0
367.5
76.5
450.0
490.5
402.0
108.0
406.5
105.0
249.0
360.0
423.0
330.0
142.5
177.0
87.0
481.5
451.5
367.5
406.5
363.0
268.5
94.5
421.5
388.5
382.5
339.0
109.5
360.0
93.0
417.0
462.0
442.5
474.0
393.0
507.0
466.5
111.0
126.0
456.0
142.5
150.0
226.5
366.0
466.5
309.0
159.0
463.5
55.5
103.5
30.0
442.5
231.0
153.0
274.5
435.0
432.0
303.0
213.0
322.5
426.0
415.5
447.0
195.0
340.5
157.5
375.0
307.5
369.0
96.0
271.5
451.5
355.5
85.5
19.5
243.0
396.0
420.0
324.0
136.5
328.5
334.5
300.0
423.0
231.0
316.5
414.0
384.0
264.0
204.0
283.5
91.5
379.5
207.0
405.0
121.5
175.5
268.5
397.5
265.5
360.0
465.0
288.0
306.0
30.0
426.0
394.5
472.5
379.5
25.5
261.0
345.0
141.0
19.5
19.5
75.0
117.0
423.0
474.0
471.0
114.0
280.5
276.0
256.5
402.0
462.0
288.0
337.5
225.0
390.0
340.5
330.0
393.0
69.0
342.0
412.5
118.5
261.0
355.5
372.0
426.0
382.5
144.0
121.5
445.5
327.0
294.0
129.0
178.5
136.5
190.5
72.0
298.5
337.5
408.0
406.5
478.5
460.5
93.0
355.5
385.5
118.5
397.5
400.5
397.5
445.5
399.0
438.0
298.5
66.0
427.5
264.0
241.5
94.5
339.0
73.5
466.5
207.0
253.5
396.0
183.0
454.5
114.0
339.0
171.0
364.5
495.0
378.0
441.0
366.0
270.0
90.0
279.0
409.5
373.5
67.5
484.5
423.0
205.5
276.0
199.5
303.0
385.5
471.0
402.0
202.5
328.5
184.5
364.5
55.5
400.5
313.5
190.5
234.0
258.0
238.5
432.0
144.0
399.0
327.0
154.5
457.5
474.0
357.0
370.5
25.5
240.0
363.0
412.5
243.0
34.5
138.0
447.0
372.0
216.0
325.5
280.5
42.0
343.5
192.0
432.0
418.5
328.5
165.0
121.5
427.5
379.5
190.5
345.0
400.5
258.0
73.5
441.0
324.0
153.0
354.0
120.0
147.0
127.5
342.0
216.0
352.5
181.5
303.0
43.5
169.5
169.5
297.0
51.0
312.0
318.0
402.0
123.0
177.0
294.0
162.0
93.0
438.0
379.5
376.5
357.0
238.5
334.5
87.0
343.5
168.0
369.0
289.5
421.5
379.5
288.0
393.0
223.5
208.5
163.5
111.0
313.5
360.0
198.0
324.0
225.0
364.5
225.0
57.0
295.5
349.5
469.5
109.5
370.5
433.5
87.0
471.0
348.0
195.0
205.5
297.0
348.0
225.0
381.0
367.5
154.5
372.0
277.5
162.0
223.5
448.5
195.0
333.0
247.5
279.0
361.5
148.5
181.5
198.0
475.5
285.0
358.5
310.5
307.5
399.0
442.5
294.0
376.5
252.0
442.5
357.0
31.5
180.0
184.5
276.0
12.0
136.5
240.0
444.0
97.5
402.0
438.0
51.0
417.0
388.5
325.5
307.5
436.5
324.0
417.0
318.0
297.0
324.0
66.0
390.0
480.0
261.0
378.0
133.5
130.5
417.0
399.0
186.0
130.5
333.0
99.0
175.5
339.0
285.0
133.5
421.5
355.5
489.0
355.5
402.0
267.0
189.0
409.5
430.5
108.0
207.0
391.5
135.0
420.0
37.5
475.5
451.5
154.5
90.0
354.0
388.5
153.0
417.0
379.5
447.0
124.5
360.0
429.0
465.0
343.5
288.0
490.5
325.5
211.5
487.5
343.5
376.5
186.0
249.0
408.0
358.5
183.0
414.0
423.0
216.0
453.0
222.0
381.0
190.5
435.0
207.0
331.5
178.5
87.0
292.5
162.0
322.5
91.5
208.5
472.5
460.5
415.5
82.5
423.0
109.5
162.0
465.0
340.5
420.0
351.0
366.0
216.0
174.0
271.5
189.0
241.5
352.5
106.5
313.5
364.5
301.5
88.5
154.5
337.5
451.5
220.5
288.0
93.0
141.0
373.5
417.0
247.5
288.0
459.0
246.0
283.5
354.0
133.5
429.0
438.0
142.5
216.0
43.5
235.5
336.0
216.0
358.5
292.5
456.0
100.5
118.5
400.5
334.5
175.5
331.5
73.5
123.0
177.0
442.5
174.0
390.0
372.0
282.0
232.5
252.0
465.0
384.0
358.5
130.5
250.5
211.5
205.5
451.5
372.0
153.0
357.0
388.5
225.0
372.0
361.5
246.0
297.0
220.5
148.5
417.0
223.5
396.0
351.0
304.5
33.0
504.0
348.0
352.5
423.0
354.0
393.0
475.5
138.0
370.5
303.0
369.0
390.0
303.0
180.0
385.5
240.0
109.5
141.0
96.0
418.5
178.5
31.5
72.0
244.5
360.0
57.0
382.5
438.0
360.0
81.0
445.5
76.5
66.0
81.0
289.5
106.5
337.5
175.5
156.0
447.0
339.0
298.5
367.5
247.5
406.5
412.5
441.0
126.0
189.0
85.5
358.5
420.0
252.0
409.5
414.0
157.5
123.0
382.5
165.0
474.0
234.0
121.5
328.5
178.5
280.5
322.5
207.0
168.0
85.5
72.0
66.0
249.0
421.5
342.0
367.5
135.0
361.5
424.5
103.5
303.0
214.5
115.5
319.5
87.0
337.5
55.5
235.5
448.5
436.5
508.5
408.0
331.5
292.5
48.0
276.0
126.0
39.0
337.5
159.0
454.5
160.5
435.0
267.0
121.5
81.0
378.0
216.0
343.5
427.5
255.0
468.0
487.5
199.5
54.0
426.0
409.5
468.0
274.5
348.0
361.5
477.0
375.0
394.5
268.5
462.0
88.5
462.0
294.0
249.0
444.0
334.5
261.0
189.0
363.0
201.0
294.0
88.5
391.5
483.0
304.5
147.0
99.0
321.0
402.0
222.0
229.5
160.5
157.5
426.0
127.5
430.5
139.5
346.5
213.0
417.0
412.5
354.0
318.0
457.5
430.5
214.5
375.0
373.5
367.5
327.0
316.5
478.5
408.0
286.5
223.5
286.5
135.0
300.0
70.5
501.0
438.0
352.5
288.0
183.0
198.0
399.0
450.0
193.5
108.0
166.5
396.0
348.0
439.5
387.0
475.5
411.0
217.5
162.0
331.5
237.0
432.0
406.5
177.0
342.0
271.5
355.5
409.5
381.0
448.5
412.5
295.5
396.0
451.5
321.0
117.0
444.0
460.5
330.0
375.0
141.0
27.0
73.5
447.0
445.5
303.0
397.5
283.5
202.5
63.0
390.0
268.5
339.0
402.0
417.0
228.0
418.5
322.5
210.0
286.5
435.0
324.0
304.5
213.0
103.5
274.5
459.0
148.5
174.0
381.0
291.0
411.0
432.0
286.5
235.5
244.5
220.5
130.5
402.0
471.0
97.5
325.5
385.5
165.0
453.0
409.5
385.5
495.0
225.0
304.5
81.0
298.5
96.0
247.5
249.0
406.5
406.5
406.5
226.5
376.5
157.5
198.0
100.5
237.0
397.5
504.0
351.0
346.5
429.0
114.0
298.5
66.0
439.5
297.0
382.5
141.0
447.0
282.0
378.0
451.5
283.5
414.0
342.0
382.5
376.5
283.5
55.5
214.5
339.0
184.5
301.5
108.0
360.0
432.0
324.0
49.5
397.5
387.0
310.5
465.0
276.0
450.0
403.5
244.5
430.5
397.5
93.0
211.5
469.5
265.5
193.5
390.0
306.0
378.0
256.5
447.0
399.0
201.0
391.5
459.0
378.0
400.5
378.0
271.5
37.5
87.0
265.5
246.0
199.5
450.0
81.0
420.0
297.0
325.5
453.0
409.5
411.0
439.5
319.5
75.0
361.5
417.0
421.5
43.5
448.5
339.0
424.5
445.5
475.5
420.0
241.5
484.5
373.5
52.5
469.5
351.0
340.5
105.0
387.0
382.5
78.0
384.0
463.5
267.0
72.0
372.0
307.5
174.0
171.0
352.5
300.0
243.0
148.5
433.5
274.5
115.5
405.0
306.0
468.0
259.5
309.0
162.0
387.0
231.0
174.0
321.0
403.5
504.0
363.0
183.0
198.0
90.0
451.5
253.5
447.0
250.5
498.0
325.5
124.5
387.0
309.0
130.5
376.5
423.0
154.5
85.5
234.0
327.0
393.0
409.5
109.5
103.5
379.5
315.0
109.5
303.0
405.0
126.0
93.0
450.0
99.0
237.0
367.5
355.5
210.0
367.5
400.5
112.5
336.0
108.0
474.0
120.0
105.0
241.5
475.5
330.0
436.5
279.0
487.5
346.5
55.5
277.5
406.5
124.5
324.0
445.5
475.5
310.5
324.0
334.5
432.0
75.0
433.5
102.0
307.5
462.0
379.5
460.5
414.0
432.0
183.0
259.5
444.0
402.0
430.5
159.0
435.0
147.0
300.0
99.0
73.5
201.0
325.5
331.5
237.0
396.0
367.5
231.0
376.5
357.0
486.0
391.5
447.0
418.5
169.5
477.0
361.5
262.5
142.5
375.0
208.5
409.5
420.0
429.0
318.0
265.5
466.5
265.5
376.5
97.5
378.0
384.0
433.5
307.5
442.5
84.0
75.0
435.0
156.0
324.0
474.0
385.5
493.5
435.0
418.5
360.0
108.0
457.5
102.0
214.5
132.0
381.0
460.5
165.0
52.5
459.0
81.0
126.0
87.0
252.0
438.0
315.0
147.0
367.5
142.5
391.5
109.5
430.5
123.0
375.0
156.0
259.5
405.0
319.5
123.0
277.5
405.0
423.0
30.0
6.0
103.5
438.0
253.5
456.0
255.0
268.5
381.0
348.0
193.5
298.5
300.0
379.5
358.5
463.5
331.5
93.0
109.5
228.0
315.0
51.0
195.0
297.0
250.5
277.5
298.5
190.5
181.5
271.5
390.0
280.5
396.0
439.5
490.5
366.0
370.5
147.0
454.5
462.0
478.5
189.0
420.0
342.0
252.0
352.5
114.0
237.0
408.0
490.5
381.0
75.0
382.5
75.0
348.0
277.5
442.5
357.0
204.0
189.0
93.0
400.5
462.0
432.0
462.0
373.5
360.0
459.0
61.5
378.0
57.0
318.0
394.5
337.5
46.5
409.5
330.0
429.0
229.5
450.0
73.5
142.5
400.5
106.5
229.5
429.0
375.0
274.5
270.0
247.5
399.0
406.5
147.0
421.5
219.0
237.0
433.5
391.5
327.0
436.5
450.0
357.0
498.0
240.0
343.5
100.5
343.5
378.0
394.5
402.0
111.0
153.0
450.0
397.5
361.5
462.0
172.5
447.0
147.0
340.5
412.5
111.0
249.0
163.5
256.5
168.0
223.5
151.5
133.5
292.5
171.0
144.0
288.0
429.0
147.0
81.0
165.0
106.5
330.0
384.0
373.5
298.5
117.0
96.0
66.0
441.0
423.0
445.5
310.5
148.5
292.5
207.0
70.5
178.5
48.0
297.0
355.5
216.0
132.0
157.5
295.5
453.0
331.5
262.5
310.5
297.0
340.5
360.0
205.5
108.0
117.0
495.0
337.5
217.5
150.0
357.0
448.5
346.5
304.5
477.0
345.0
240.0
144.0
201.0
351.0
373.5
465.0
15.0
126.0
409.5
228.0
385.5
318.0
388.5
466.5
94.5
133.5
285.0
87.0
223.5
312.0
307.5
394.5
321.0
219.0
328.5
256.5
336.0
423.0
375.0
388.5
292.5
309.0
426.0
357.0
153.0
412.5
207.0
411.0
360.0
141.0
204.0
286.5
355.5
94.5
208.5
310.5
375.0
193.5
345.0
406.5
381.0
303.0
169.5
169.5
51.0
375.0
27.0
355.5
262.5
403.5
36.0
148.5
426.0
475.5
376.5
243.0
189.0
426.0
198.0
235.5
394.5
340.5
154.5
480.0
432.0
211.5
447.0
219.0
417.0
99.0
213.0
117.0
61.5
348.0
367.5
102.0
76.5
49.5
84.0
246.0
444.0
319.5
109.5
333.0
387.0
144.0
75.0
166.5
234.0
297.0
190.5
381.0
360.0
142.5
322.5
457.5
340.5
360.0
378.0
234.0
109.5
295.5
193.5
442.5
373.5
310.5
331.5
279.0
474.0
424.5
447.0
327.0
190.5
397.5
324.0
451.5
286.5
313.5
289.5
285.0
18.0
160.5
453.0
370.5
334.5
205.5
327.0
187.5
450.0
349.5
313.5
334.5
349.5
414.0
108.0
402.0
403.5
78.0
408.0
207.0
55.5
330.0
138.0
351.0
175.5
370.5
232.5
117.0
424.5
256.5
448.5
414.0
421.5
244.5
81.0
433.5
423.0
183.0
115.5
87.0
106.5
427.5
187.5
436.5
73.5
184.5
250.5
97.5
334.5
367.5
405.0
412.5
355.5
273.0
132.0
207.0
57.0
450.0
436.5
298.5
445.5
358.5
138.0
487.5
444.0
268.5
400.5
24.0
415.5
435.0
174.0
475.5
292.5
397.5
318.0
289.5
163.5
378.0
223.5
340.5
313.5
448.5
268.5
258.0
439.5
508.5
153.0
352.5
229.5
115.5
249.0
217.5
297.0
427.5
36.0
430.5
469.5
264.0
73.5
238.5
223.5
520.5
426.0
381.0
466.5
466.5
211.5
367.5
121.5
82.5
456.0
442.5
330.0
84.0
403.5
289.5
40.5
106.5
306.0
367.5
393.0
105.0
454.5
210.0
231.0
406.5
40.5
316.5
354.0
124.5
475.5
327.0
406.5
426.0
105.0
225.0
313.5
273.0
201.0
111.0
454.5
394.5
409.5
306.0
477.0
411.0
393.0
472.5
322.5
261.0
196.5
456.0
55.5
433.5
120.0
96.0
414.0
277.5
352.5
49.5
375.0
94.5
234.0
360.0
48.0
120.0
324.0
426.0
228.0
276.0
465.0
265.5
96.0
370.5
388.5
334.5
504.0
270.0
337.5
133.5
444.0
472.5
318.0
283.5
156.0
256.5
97.5
424.5
465.0
415.5
234.0
490.5
210.0
468.0
402.0
481.5
465.0
123.0
384.0
490.5
261.0
367.5
216.0
423.0
480.0
310.5
361.5
414.0
52.5
384.0
318.0
420.0
201.0
367.5
444.0
436.5
181.5
402.0
490.5
468.0
304.5
370.5
240.0
96.0
444.0
358.5
130.5
403.5
214.5
42.0
217.5
228.0
379.5
277.5
217.5
388.5
408.0
223.5
112.5
51.0
327.0
405.0
439.5
213.0
351.0
394.5
393.0
427.5
127.5
340.5
493.5
207.0
351.0
117.0
211.5
177.0
319.5
346.5
72.0
414.0
439.5
252.0
105.0
445.5
342.0
433.5
147.0
457.5
424.5
187.5
370.5
412.5
424.5
414.0
252.0
352.5
316.5
300.0
444.0
310.5
430.5
348.0
54.0
429.0
364.5
292.5
340.5
324.0
273.0
372.0
333.0
493.5
106.5
436.5
417.0
328.5
468.0
48.0
448.5
21.0
372.0
451.5
372.0
358.5
202.5
216.0
378.0
258.0
247.5
477.0
217.5
136.5
376.5
357.0
318.0
297.0
124.5
493.5
394.5
376.5
409.5
388.5
493.5
447.0
312.0
346.5
39.0
303.0
364.5
406.5
198.0
166.5
112.5
315.0
414.0
351.0
459.0
202.5
436.5
262.5
237.0
117.0
466.5
171.0
388.5
463.5
355.5
385.5
270.0
394.5
409.5
286.5
369.0
297.0
331.5
463.5
331.5
459.0
132.0
369.0
478.5
463.5
87.0
421.5
175.5
336.0
90.0
444.0
403.5
516.0
300.0
124.5
450.0
411.0
121.5
178.5
394.5
327.0
325.5
400.5
330.0
474.0
226.5
433.5
364.5
478.5
246.0
228.0
66.0
348.0
439.5
453.0
372.0
433.5
181.5
115.5
123.0
439.5
348.0
406.5
444.0
31.5
367.5
78.0
366.0
451.5
390.0
433.5
397.5
468.0
111.0
333.0
105.0
190.5
369.0
73.5
406.5
346.5
118.5
201.0
384.0
283.5
487.5
496.5
328.5
220.5
78.0
264.0
478.5
87.0
324.0
456.0
409.5
382.5
289.5
339.0
432.0
171.0
144.0
400.5
202.5
430.5
426.0
43.5
483.0
64.5
271.5
475.5
444.0
312.0
277.5
159.0
282.0
346.5
190.5
451.5
444.0
409.5
28.5
427.5
477.0
352.5
391.5
246.0
454.5
433.5
459.0
418.5
34.5
306.0
36.0
303.0
270.0
483.0
394.5
438.0
400.5
67.5
526.5
417.0
147.0
147.0
87.0
115.5
384.0
376.5
390.0
114.0
67.5
237.0
217.5
232.5
358.5
399.0
166.5
442.5
402.0
388.5
301.5
442.5
81.0
375.0
286.5
360.0
426.0
447.0
348.0
402.0
283.5
27.0
334.5
70.5
232.5
183.0
186.0
411.0
280.5
139.5
315.0
414.0
238.5
369.0
421.5
246.0
220.5
430.5
360.0
456.0
268.5
376.5
79.5
403.5
385.5
85.5
397.5
397.5
379.5
363.0
453.0
436.5
463.5
322.5
484.5
367.5
208.5
262.5
282.0
87.0
460.5
429.0
366.0
282.0
298.5
429.0
262.5
364.5
457.5
63.0
210.0
342.0
66.0
439.5
298.5
369.0
117.0
84.0
49.5
184.5
306.0
318.0
313.5
267.0
196.5
292.5
291.0
351.0
433.5
364.5
231.0
292.5
163.5
264.0
445.5
447.0
453.0
415.5
228.0
226.5
352.5
96.0
366.0
400.5
141.0
112.5
204.0
193.5
289.5
321.0
439.5
342.0
285.0
367.5
267.0
388.5
309.0
372.0
187.5
156.0
345.0
376.5
378.0
459.0
465.0
328.5
225.0
336.0
241.5
235.5
415.5
189.0
319.5
244.5
202.5
232.5
472.5
375.0
144.0
312.0
201.0
151.5
160.5
385.5
456.0
292.5
394.5
399.0
127.5
106.5
433.5
364.5
331.5
295.5
108.0
381.0
471.0
213.0
361.5
327.0
432.0
385.5
357.0
303.0
379.5
330.0
445.5
346.5
231.0
306.0
322.5
435.0
402.0
319.5
493.5
106.5
382.5
306.0
373.5
493.5
442.5
99.0
310.5
243.0
99.0
159.0
237.0
273.0
225.0
298.5
264.0
367.5
496.5
399.0
381.0
189.0
436.5
429.0
202.5
175.5
402.0
246.0
399.0
385.5
232.5
420.0
331.5
399.0
384.0
373.5
369.0
246.0
435.0
462.0
180.0
48.0
360.0
397.5
441.0
324.0
123.0
238.5
216.0
286.5
201.0
462.0
345.0
226.5
159.0
81.0
400.5
441.0
373.5
364.5
184.5
474.0
361.5
402.0
471.0
190.5
219.0
133.5
144.0
388.5
204.0
310.5
252.0
120.0
298.5
217.5
91.5
252.0
217.5
454.5
64.5
424.5
391.5
36.0
300.0
157.5
57.0
85.5
348.0
510.0
472.5
381.0
196.5
384.0
81.0
439.5
396.0
373.5
103.5
261.0
136.5
208.5
66.0
205.5
409.5
312.0
304.5
55.5
241.5
205.5
207.0
385.5
202.5
180.0
493.5
294.0
4.5
364.5
451.5
282.0
387.0
352.5
208.5
114.0
349.5
352.5
243.0
232.5
451.5
496.5
369.0
367.5
361.5
73.5
327.0
235.5
492.0
324.0
477.0
477.0
99.0
444.0
141.0
433.5
205.5
247.5
84.0
262.5
421.5
399.0
211.5
406.5
154.5
64.5
241.5
397.5
87.0
292.5
466.5
328.5
418.5
444.0
331.5
9.0
213.0
430.5
138.0
261.0
352.5
256.5
336.0
357.0
336.0
358.5
202.5
166.5
93.0
312.0
127.5
130.5
384.0
147.0
57.0
360.0
325.5
409.5
348.0
90.0
133.5
277.5
90.0
366.0
469.5
267.0
267.0
121.5
304.5
489.0
414.0
88.5
276.0
471.0
153.0
321.0
270.0
492.0
238.5
376.5
318.0
318.0
207.0
384.0
84.0
54.0
372.0
274.5
445.5
46.5
261.0
525.0
163.5
79.5
487.5
462.0
333.0
288.0
114.0
142.5
282.0
412.5
87.0
451.5
111.0
454.5
354.0
58.5
363.0
231.0
436.5
441.0
75.0
366.0
157.5
388.5
382.5
409.5
397.5
400.5
424.5
132.0
129.0
228.0
258.0
469.5
397.5
331.5
273.0
285.0
276.0
393.0
442.5
409.5
393.0
292.5
307.5
298.5
213.0
448.5
81.0
379.5
412.5
303.0
324.0
382.5
405.0
253.5
463.5
330.0
90.0
123.0
300.0
391.5
148.5
382.5
388.5
345.0
63.0
270.0
432.0
301.5
165.0
432.0
387.0
373.5
514.5
379.5
430.5
385.5
409.5
504.0
471.0
409.5
138.0
357.0
475.5
465.0
424.5
337.5
106.5
207.0
445.5
445.5
466.5
456.0
492.0
369.0
292.5
450.0
303.0
289.5
336.0
376.5
493.5
303.0
213.0
355.5
412.5
316.5
346.5
304.5
363.0
394.5
111.0
118.5
330.0
31.5
477.0
321.0
385.5
444.0
325.5
276.0
349.5
88.5
477.0
379.5
481.5
94.5
343.5
208.5
324.0
411.0
30.0
384.0
231.0
396.0
466.5
309.0
474.0
499.5
445.5
132.0
415.5
442.5
111.0
279.0
264.0
390.0
274.5
495.0
114.0
451.5
331.5
84.0
394.5
433.5
262.5
408.0
418.5
216.0
93.0
117.0
283.5
415.5
495.0
372.0
291.0
453.0
438.0
157.5
364.5
307.5
433.5
469.5
429.0
468.0
474.0
250.5
421.5
262.5
409.5
367.5
273.0
262.5
468.0
402.0
283.5
112.5
268.5
405.0
277.5
144.0
297.0
88.5
69.0
276.0
469.5
226.5
489.0
258.0
196.5
154.5
88.5
268.5
397.5
345.0
111.0
411.0
390.0
480.0
277.5
117.0
474.0
229.5
96.0
372.0
247.5
310.5
328.5
373.5
277.5
319.5
271.5
151.5
228.0
304.5
435.0
399.0
283.5
208.5
333.0
427.5
181.5
292.5
232.5
475.5
421.5
222.0
60.0
288.0
67.5
196.5
396.0
376.5
273.0
106.5
460.5
361.5
376.5
379.5
168.0
169.5
225.0
78.0
223.5
198.0
336.0
169.5
264.0
393.0
25.5
363.0
96.0
295.5
391.5
60.0
180.0
271.5
370.5
417.0
76.5
301.5
189.0
43.5
100.5
427.5
232.5
76.5
363.0
244.5
147.0
442.5
442.5
463.5
369.0
199.5
342.0
463.5
466.5
54.0
259.5
103.5
222.0
346.5
294.0
91.5
264.0
292.5
337.5
403.5
187.5
217.5
420.0
292.5
376.5
256.5
163.5
52.5
225.0
222.0
253.5
394.5
382.5
304.5
460.5
327.0
49.5
364.5
463.5
318.0
268.5
43.5
225.0
319.5
247.5
135.0
370.5
483.0
165.0
309.0
412.5
427.5
88.5
37.5
187.5
370.5
463.5
477.0
375.0
123.0
324.0
384.0
69.0
124.5
364.5
189.0
309.0
178.5
210.0
162.0
370.5
252.0
267.0
453.0
400.5
465.0
370.5
426.0
253.5
150.0
235.5
396.0
367.5
69.0
37.5
453.0
340.5
363.0
462.0
268.5
147.0
358.5
72.0
283.5
408.0
286.5
408.0
177.0
73.5
198.0
234.0
28.5
216.0
334.5
375.0
414.0
51.0
297.0
259.5
402.0
438.0
85.5
393.0
394.5
370.5
277.5
225.0
370.5
226.5
303.0
186.0
366.0
456.0
313.5
423.0
195.0
396.0
477.0
231.0
372.0
436.5
52.5
316.5
358.5
433.5
187.5
195.0
325.5
100.5
235.5
378.0
138.0
280.5
378.0
378.0
307.5
352.5
258.0
366.0
430.5
474.0
309.0
478.5
439.5
252.0
438.0
252.0
426.0
346.5
354.0
360.0
418.5
121.5
423.0
256.5
334.5
351.0
181.5
111.0
295.5
39.0
183.0
343.5
255.0
453.0
324.0
336.0
330.0
430.5
115.5
448.5
445.5
273.0
264.0
19.5
189.0
405.0
169.5
268.5
300.0
352.5
300.0
444.0
355.5
339.0
186.0
286.5
357.0
277.5
247.5
343.5
393.0
267.0
351.0
415.5
372.0
373.5
465.0
336.0
426.0
52.5
306.0
427.5
187.5
435.0
322.5
372.0
297.0
414.0
273.0
441.0
261.0
378.0
196.5
411.0
165.0
174.0
103.5
445.5
456.0
264.0
400.5
87.0
153.0
363.0
409.5
24.0
285.0
456.0
372.0
372.0
190.5
94.5
153.0
240.0
327.0
325.5
279.0
490.5
66.0
153.0
171.0
276.0
427.5
400.5
360.0
468.0
429.0
142.5
390.0
151.5
238.5
381.0
214.5
349.5
169.5
459.0
378.0
414.0
183.0
337.5
435.0
229.5
228.0
189.0
318.0
358.5
381.0
93.0
37.5
244.5
93.0
216.0
127.5
454.5
142.5
273.0
388.5
387.0
246.0
342.0
294.0
130.5
133.5
430.5
63.0
447.0
270.0
94.5
78.0
357.0
301.5
298.5
297.0
87.0
103.5
472.5
165.0
271.5
193.5
360.0
150.0
477.0
411.0
459.0
220.5
409.5
235.5
280.5
186.0
211.5
427.5
378.0
319.5
157.5
88.5
73.5
256.5
211.5
97.5
288.0
261.0
108.0
312.0
321.0
286.5
171.0
373.5
295.5
331.5
450.0
450.0
126.0
319.5
199.5
408.0
475.5
351.0
282.0
72.0
378.0
420.0
261.0
259.5
358.5
376.5
334.5
136.5
159.0
289.5
334.5
115.5
84.0
114.0
136.5
414.0
418.5
162.0
448.5
352.5
283.5
178.5
381.0
111.0
159.0
402.0
253.5
184.5
391.5
246.0
286.5
385.5
405.0
168.0
193.5
355.5
471.0
375.0
231.0
280.5
97.5
121.5
166.5
118.5
130.5
238.5
490.5
370.5
397.5
372.0
400.5
328.5
417.0
306.0
438.0
276.0
133.5
469.5
387.0
310.5
385.5
447.0
183.0
37.5
258.0
390.0
75.0
78.0
454.5
417.0
208.5
289.5
256.5
31.5
192.0
156.0
61.5
102.0
489.0
399.0
331.5
315.0
378.0
466.5
388.5
316.5
363.0
93.0
303.0
72.0
409.5
438.0
439.5
459.0
360.0
127.5
402.0
432.0
390.0
208.5
351.0
235.5
189.0
424.5
318.0
268.5
201.0
243.0
322.5
489.0
411.0
484.5
33.0
430.5
357.0
51.0
96.0
184.5
153.0
145.5
174.0
370.5
414.0
135.0
196.5
409.5
291.0
412.5
237.0
94.5
72.0
115.5
390.0
411.0
130.5
310.5
382.5
460.5
421.5
196.5
177.0
435.0
181.5
378.0
459.0
441.0
480.0
442.5
331.5
31.5
391.5
471.0
294.0
469.5
309.0
420.0
301.5
324.0
280.5
183.0
49.5
430.5
352.5
165.0
94.5
382.5
303.0
169.5
243.0
208.5
117.0
214.5
277.5
429.0
481.5
217.5
310.5
426.0
247.5
94.5
354.0
223.5
471.0
391.5
166.5
162.0
418.5
60.0
438.0
205.5
399.0
316.5
84.0
399.0
391.5
252.0
180.0
367.5
351.0
351.0
129.0
400.5
175.5
276.0
469.5
199.5
52.5
357.0
177.0
321.0
382.5
364.5
448.5
123.0
274.5
259.5
118.5
306.0
244.5
375.0
333.0
339.0
438.0
367.5
280.5
484.5
348.0
163.5
442.5
321.0
160.5
496.5
217.5
250.5
222.0
124.5
244.5
31.5
483.0
72.0
406.5
313.5
321.0
432.0
103.5
280.5
181.5
315.0
361.5
271.5
277.5
69.0
466.5
264.0
111.0
427.5
369.0
231.0
367.5
166.5
405.0
235.5
403.5
384.0
183.0
450.0
87.0
471.0
294.0
319.5
154.5
379.5
192.0
423.0
231.0
207.0
36.0
318.0
280.5
118.5
442.5
228.0
264.0
97.5
363.0
153.0
204.0
490.5
306.0
187.5
328.5
264.0
204.0
358.5
300.0
433.5
81.0
307.5
373.5
307.5
421.5
433.5
315.0
433.5
361.5
427.5
420.0
210.0
447.0
361.5
319.5
348.0
313.5
273.0
139.5
391.5
318.0
328.5
309.0
184.5
342.0
297.0
52.5
397.5
249.0
349.5
360.0
183.0
166.5
178.5
102.0
447.0
399.0
330.0
361.5
211.5
153.0
121.5
346.5
169.5
126.0
238.5
339.0
255.0
274.5
349.5
252.0
342.0
426.0
364.5
168.0
300.0
34.5
327.0
456.0
462.0
408.0
387.0
277.5
114.0
78.0
483.0
70.5
100.5
382.5
94.5
453.0
387.0
291.0
348.0
376.5
328.5
480.0
165.0
396.0
366.0
378.0
493.5
117.0
196.5
208.5
