406.5
112.5
436.5
502.5
307.5
481.5
498.0
387.0
495.0
418.5
444.0
513.0
412.5
292.5
504.0
132.0
504.0
480.0
445.5
438.0
481.5
454.5
337.5
474.0
378.0
457.5
334.5
427.5
508.5
487.5
430.5
186.0
453.0
493.5
405.0
420.0
339.0
349.5
493.5
486.0
463.5
447.0
468.0
462.0
453.0
477.0
465.0
381.0
442.5
111.0
432.0
280.5
376.5
447.0
403.5
378.0
459.0
469.5
408.0
474.0
451.5
496.5
160.5
463.5
526.5
417.0
438.0
466.5
385.5
454.5
469.5
480.0
514.5
489.0
418.5
444.0
244.5
297.0
432.0
453.0
450.0
436.5
88.5
412.5
373.5
465.0
391.5
151.5
277.5
483.0
447.0
465.0
160.5
447.0
369.0
492.0
469.5
349.5
381.0
483.0
430.5
249.0
468.0
426.0
442.5
450.0
466.5
478.5
175.5
403.5
496.5
492.0
474.0
457.5
387.0
459.0
256.5
490.5
450.0
439.5
457.5
507.0
472.5
489.0
495.0
397.5
435.0
493.5
424.5
415.5
465.0
274.5
472.5
228.0
336.0
406.5
427.5
469.5
511.5
385.5
454.5
240.0
447.0
471.0
502.5
495.0
502.5
489.0
274.5
358.5
166.5
388.5
477.0
496.5
348.0
390.0
454.5
456.0
438.0
403.5
505.5
460.5
90.0
442.5
487.5
442.5
447.0
447.0
330.0
516.0
385.5
480.0
481.5
522.0
430.5
466.5
427.5
67.5
388.5
411.0
456.0
460.5
492.0
483.0
498.0
400.5
337.5
402.0
502.5
409.5
387.0
502.5
385.5
451.5
384.0
432.0
241.5
478.5
456.0
499.5
492.0
420.0
429.0
331.5
484.5
334.5
468.0
508.5
462.0
424.5
178.5
481.5
351.0
474.0
490.5
453.0
504.0
397.5
457.5
400.5
361.5
495.0
298.5
444.0
462.0
300.0
484.5
418.5
453.0
496.5
459.0
424.5
492.0
411.0
513.0
330.0
484.5
472.5
435.0
157.5
499.5
439.5
264.0
397.5
457.5
511.5
414.0
325.5
456.0
282.0
427.5
471.0
424.5
483.0
48.0
423.0
351.0
433.5
469.5
460.5
406.5
439.5
468.0
471.0
433.5
246.0
417.0
432.0
444.0
114.0
435.0
460.5
423.0
246.0
339.0
336.0
439.5
445.5
256.5
435.0
447.0
241.5
435.0
432.0
324.0
396.0
481.5
457.5
408.0
486.0
468.0
352.5
486.0
283.5
343.5
460.5
445.5
493.5
421.5
258.0
375.0
462.0
387.0
418.5
403.5
463.5
69.0
385.5
432.0
427.5
436.5
448.5
447.0
72.0
436.5
397.5
405.0
510.0
475.5
409.5
466.5
411.0
456.0
214.5
306.0
142.5
466.5
432.0
426.0
427.5
133.5
420.0
495.0
489.0
402.0
411.0
405.0
426.0
255.0
453.0
303.0
327.0
399.0
468.0
405.0
324.0
478.5
108.0
438.0
451.5
457.5
136.5
417.0
381.0
495.0
468.0
420.0
453.0
424.5
409.5
466.5
472.5
474.0
408.0
201.0
442.5
480.0
516.0
462.0
364.5
385.5
72.0
417.0
391.5
465.0
313.5
489.0
361.5
399.0
261.0
489.0
301.5
406.5
411.0
460.5
418.5
300.0
454.5
174.0
409.5
487.5
441.0
358.5
471.0
439.5
418.5
468.0
478.5
453.0
396.0
381.0
516.0
451.5
108.0
456.0
448.5
478.5
384.0
466.5
457.5
495.0
459.0
439.5
483.0
483.0
255.0
151.5
442.5
475.5
451.5
412.5
429.0
471.0
439.5
520.5
451.5
418.5
411.0
493.5
355.5
463.5
367.5
514.5
271.5
492.0
474.0
454.5
501.0
366.0
484.5
307.5
394.5
460.5
441.0
484.5
445.5
366.0
492.0
459.0
480.0
115.5
231.0
457.5
285.0
507.0
424.5
466.5
423.0
445.5
339.0
468.0
448.5
357.0
517.5
420.0
183.0
394.5
505.5
501.0
396.0
444.0
474.0
439.5
414.0
432.0
444.0
412.5
385.5
442.5
358.5
358.5
445.5
475.5
243.0
366.0
444.0
487.5
471.0
454.5
411.0
423.0
391.5
424.5
516.0
298.5
423.0
474.0
97.5
445.5
463.5
309.0
462.0
403.5
517.5
52.5
162.0
514.5
360.0
463.5
336.0
405.0
415.5
417.0
426.0
358.5
231.0
222.0
391.5
472.5
372.0
459.0
415.5
271.5
417.0
412.5
406.5
345.0
351.0
286.5
450.0
445.5
421.5
436.5
466.5
442.5
439.5
439.5
472.5
474.0
450.0
508.5
430.5
462.0
171.0
466.5
396.0
468.0
375.0
372.0
489.0
231.0
73.5
477.0
450.0
379.5
370.5
346.5
489.0
433.5
498.0
457.5
426.0
445.5
496.5
463.5
445.5
25.5
474.0
466.5
480.0
418.5
483.0
408.0
400.5
462.0
289.5
492.0
439.5
418.5
444.0
511.5
219.0
487.5
460.5
525.0
507.0
391.5
451.5
235.5
493.5
423.0
498.0
393.0
411.0
285.0
301.5
436.5
399.0
438.0
357.0
472.5
465.0
480.0
358.5
493.5
474.0
478.5
385.5
373.5
415.5
414.0
399.0
180.0
388.5
472.5
472.5
457.5
480.0
261.0
405.0
388.5
501.0
463.5
477.0
442.5
490.5
390.0
307.5
427.5
324.0
427.5
499.5
205.5
421.5
409.5
417.0
388.5
445.5
408.0
466.5
346.5
429.0
348.0
472.5
448.5
471.0
507.0
510.0
402.0
403.5
417.0
469.5
436.5
405.0
475.5
435.0
456.0
366.0
421.5
450.0
486.0
457.5
505.5
453.0
514.5
477.0
376.5
430.5
502.5
390.0
387.0
166.5
474.0
517.5
441.0
492.0
223.5
244.5
15.0
339.0
352.5
271.5
468.0
192.0
373.5
456.0
325.5
477.0
445.5
409.5
466.5
459.0
448.5
421.5
345.0
112.5
445.5
408.0
447.0
484.5
444.0
351.0
277.5
397.5
489.0
451.5
454.5
486.0
495.0
522.0
432.0
469.5
496.5
405.0
483.0
441.0
409.5
420.0
426.0
402.0
241.5
501.0
525.0
442.5
465.0
409.5
306.0
339.0
433.5
85.5
324.0
454.5
433.5
429.0
343.5
409.5
511.5
412.5
441.0
367.5
345.0
496.5
454.5
433.5
459.0
199.5
231.0
429.0
471.0
447.0
451.5
480.0
478.5
463.5
511.5
307.5
490.5
469.5
504.0
456.0
442.5
466.5
435.0
427.5
415.5
490.5
465.0
421.5
294.0
466.5
436.5
333.0
466.5
477.0
421.5
376.5
486.0
349.5
489.0
462.0
432.0
453.0
441.0
348.0
514.5
495.0
465.0
213.0
222.0
387.0
495.0
385.5
390.0
271.5
435.0
499.5
495.0
348.0
367.5
325.5
469.5
427.5
471.0
247.5
411.0
414.0
462.0
433.5
501.0
495.0
454.5
463.5
436.5
439.5
469.5
505.5
349.5
454.5
424.5
445.5
400.5
337.5
369.0
369.0
280.5
363.0
396.0
478.5
343.5
441.0
373.5
340.5
402.0
454.5
375.0
309.0
465.0
426.0
450.0
405.0
421.5
388.5
421.5
460.5
423.0
393.0
429.0
354.0
354.0
456.0
414.0
274.5
502.5
334.5
354.0
421.5
466.5
453.0
447.0
487.5
322.5
171.0
409.5
450.0
450.0
199.5
424.5
388.5
448.5
423.0
421.5
459.0
255.0
474.0
105.0
415.5
474.0
406.5
432.0
453.0
438.0
397.5
442.5
477.0
382.5
454.5
405.0
448.5
499.5
409.5
519.0
334.5
381.0
408.0
315.0
435.0
349.5
463.5
439.5
433.5
435.0
436.5
370.5
501.0
121.5
303.0
442.5
382.5
283.5
240.0
445.5
367.5
448.5
466.5
345.0
499.5
495.0
466.5
321.0
468.0
408.0
483.0
412.5
480.0
394.5
381.0
400.5
429.0
324.0
448.5
127.5
429.0
471.0
466.5
127.5
258.0
112.5
382.5
457.5
405.0
474.0
408.0
459.0
421.5
445.5
481.5
420.0
120.0
351.0
486.0
505.5
504.0
447.0
490.5
517.5
438.0
466.5
409.5
405.0
462.0
489.0
483.0
433.5
505.5
333.0
216.0
457.5
451.5
367.5
298.5
294.0
162.0
448.5
315.0
504.0
496.5
435.0
396.0
420.0
445.5
474.0
445.5
342.0
385.5
432.0
484.5
448.5
427.5
262.5
171.0
468.0
351.0
415.5
496.5
408.0
445.5
426.0
336.0
489.0
409.5
481.5
504.0
469.5
442.5
448.5
336.0
435.0
445.5
438.0
399.0
354.0
348.0
418.5
480.0
498.0
460.5
370.5
411.0
423.0
511.5
486.0
478.5
472.5
333.0
211.5
165.0
444.0
411.0
441.0
360.0
426.0
439.5
517.5
442.5
495.0
451.5
460.5
304.5
490.5
457.5
409.5
444.0
387.0
382.5
492.0
496.5
352.5
358.5
432.0
484.5
471.0
471.0
364.5
448.5
240.0
463.5
519.0
438.0
315.0
328.5
480.0
418.5
405.0
379.5
319.5
489.0
456.0
516.0
423.0
267.0
415.5
432.0
487.5
423.0
414.0
472.5
475.5
369.0
454.5
214.5
382.5
433.5
256.5
481.5
492.0
487.5
412.5
438.0
334.5
324.0
234.0
313.5
432.0
438.0
480.0
465.0
445.5
471.0
357.0
402.0
495.0
388.5
426.0
325.5
414.0
328.5
498.0
457.5
370.5
253.5
412.5
460.5
483.0
460.5
376.5
465.0
186.0
421.5
366.0
396.0
382.5
309.0
417.0
358.5
237.0
400.5
528.0
498.0
489.0
427.5
456.0
465.0
454.5
418.5
487.5
474.0
231.0
387.0
415.5
477.0
274.5
435.0
462.0
445.5
469.5
481.5
439.5
433.5
477.0
505.5
454.5
229.5
436.5
463.5
405.0
459.0
411.0
526.5
418.5
333.0
318.0
435.0
370.5
451.5
343.5
324.0
349.5
427.5
415.5
394.5
372.0
204.0
487.5
474.0
388.5
436.5
424.5
355.5
496.5
463.5
415.5
459.0
286.5
435.0
445.5
184.5
196.5
385.5
438.0
412.5
504.0
324.0
459.0
471.0
423.0
421.5
469.5
436.5
514.5
370.5
424.5
382.5
471.0
447.0
444.0
495.0
169.5
495.0
420.0
481.5
274.5
400.5
351.0
360.0
430.5
427.5
204.0
457.5
403.5
471.0
442.5
196.5
168.0
111.0
454.5
459.0
454.5
466.5
399.0
378.0
511.5
259.5
459.0
423.0
312.0
447.0
402.0
489.0
516.0
391.5
429.0
337.5
408.0
426.0
417.0
502.5
499.5
466.5
247.5
369.0
358.5
444.0
439.5
453.0
462.0
409.5
421.5
412.5
346.5
411.0
313.5
499.5
487.5
373.5
447.0
430.5
369.0
414.0
439.5
418.5
468.0
421.5
397.5
409.5
445.5
457.5
447.0
469.5
448.5
520.5
459.0
472.5
483.0
409.5
466.5
469.5
259.5
405.0
465.0
472.5
322.5
96.0
348.0
474.0
339.0
402.0
318.0
441.0
412.5
192.0
483.0
411.0
454.5
408.0
186.0
418.5
42.0
390.0
429.0
319.5
463.5
277.5
501.0
414.0
454.5
372.0
442.5
469.5
387.0
444.0
412.5
465.0
379.5
469.5
151.5
469.5
453.0
288.0
474.0
406.5
420.0
357.0
456.0
475.5
468.0
423.0
432.0
475.5
489.0
388.5
358.5
415.5
256.5
339.0
408.0
325.5
487.5
429.0
402.0
505.5
454.5
448.5
523.5
474.0
414.0
474.0
463.5
492.0
523.5
477.0
453.0
489.0
391.5
297.0
504.0
463.5
393.0
294.0
447.0
493.5
235.5
82.5
409.5
312.0
435.0
468.0
453.0
373.5
453.0
495.0
492.0
487.5
313.5
514.5
520.5
447.0
435.0
453.0
462.0
498.0
433.5
379.5
382.5
366.0
355.5
433.5
318.0
498.0
490.5
483.0
205.5
274.5
516.0
459.0
502.5
333.0
469.5
480.0
415.5
481.5
456.0
382.5
307.5
445.5
471.0
196.5
321.0
405.0
483.0
469.5
261.0
171.0
451.5
411.0
465.0
82.5
418.5
487.5
279.0
283.5
507.0
468.0
514.5
378.0
466.5
426.0
487.5
271.5
504.0
514.5
405.0
400.5
195.0
478.5
156.0
475.5
417.0
427.5
319.5
430.5
501.0
480.0
411.0
420.0
193.5
487.5
448.5
382.5
450.0
525.0
490.5
438.0
492.0
330.0
447.0
240.0
469.5
408.0
409.5
481.5
510.0
448.5
468.0
466.5
501.0
226.5
481.5
429.0
474.0
460.5
366.0
499.5
462.0
393.0
508.5
451.5
270.0
396.0
493.5
418.5
483.0
412.5
486.0
475.5
438.0
489.0
327.0
240.0
396.0
63.0
447.0
486.0
379.5
439.5
433.5
438.0
493.5
456.0
241.5
499.5
228.0
472.5
405.0
516.0
411.0
387.0
502.5
528.0
484.5
360.0
498.0
370.5
357.0
348.0
486.0
466.5
432.0
420.0
390.0
382.5
483.0
456.0
409.5
448.5
123.0
439.5
342.0
399.0
444.0
390.0
444.0
471.0
459.0
490.5
411.0
438.0
451.5
489.0
477.0
372.0
436.5
288.0
420.0
384.0
489.0
439.5
453.0
451.5
208.5
417.0
499.5
472.5
436.5
474.0
247.5
336.0
361.5
136.5
402.0
361.5
387.0
406.5
393.0
441.0
385.5
468.0
433.5
474.0
163.5
465.0
369.0
426.0
466.5
426.0
262.5
393.0
390.0
496.5
465.0
477.0
454.5
412.5
478.5
498.0
90.0
519.0
358.5
460.5
483.0
382.5
423.0
402.0
432.0
466.5
430.5
447.0
478.5
484.5
453.0
460.5
457.5
454.5
430.5
483.0
339.0
450.0
417.0
424.5
375.0
411.0
352.5
424.5
427.5
273.0
424.5
483.0
423.0
421.5
456.0
432.0
421.5
445.5
384.0
265.5
456.0
453.0
459.0
471.0
424.5
445.5
472.5
217.5
439.5
469.5
432.0
465.0
426.0
267.0
510.0
418.5
348.0
126.0
156.0
457.5
421.5
414.0
474.0
361.5
478.5
456.0
189.0
394.5
481.5
310.5
403.5
522.0
412.5
474.0
385.5
457.5
480.0
342.0
477.0
442.5
331.5
369.0
489.0
462.0
412.5
445.5
495.0
412.5
433.5
228.0
270.0
372.0
316.5
469.5
436.5
409.5
400.5
405.0
228.0
240.0
435.0
358.5
432.0
486.0
391.5
177.0
358.5
172.5
435.0
336.0
429.0
48.0
465.0
504.0
459.0
228.0
490.5
459.0
114.0
391.5
384.0
219.0
492.0
513.0
438.0
349.5
472.5
409.5
409.5
417.0
394.5
465.0
204.0
375.0
501.0
478.5
115.5
234.0
441.0
441.0
225.0
408.0
385.5
282.0
406.5
519.0
325.5
444.0
118.5
528.0
468.0
471.0
478.5
489.0
294.0
388.5
433.5
388.5
448.5
448.5
447.0
501.0
433.5
475.5
402.0
471.0
433.5
400.5
447.0
463.5
487.5
523.5
343.5
426.0
382.5
393.0
496.5
330.0
423.0
406.5
480.0
199.5
469.5
454.5
442.5
438.0
499.5
408.0
69.0
292.5
477.0
517.5
502.5
435.0
72.0
465.0
367.5
429.0
472.5
406.5
477.0
421.5
390.0
403.5
393.0
391.5
292.5
466.5
453.0
432.0
502.5
321.0
393.0
502.5
507.0
459.0
297.0
469.5
346.5
337.5
513.0
414.0
466.5
328.5
498.0
519.0
417.0
511.5
469.5
492.0
370.5
463.5
492.0
448.5
462.0
384.0
445.5
496.5
504.0
450.0
471.0
487.5
480.0
448.5
273.0
195.0
475.5
418.5
429.0
120.0
454.5
478.5
492.0
417.0
454.5
489.0
489.0
447.0
435.0
366.0
483.0
409.5
505.5
492.0
436.5
430.5
57.0
439.5
426.0
382.5
445.5
513.0
351.0
499.5
489.0
465.0
480.0
396.0
331.5
378.0
468.0
478.5
451.5
519.0
336.0
472.5
384.0
373.5
391.5
481.5
441.0
456.0
427.5
325.5
409.5
438.0
378.0
477.0
459.0
432.0
229.5
454.5
471.0
319.5
414.0
348.0
147.0
475.5
211.5
471.0
454.5
261.0
418.5
433.5
480.0
469.5
462.0
496.5
457.5
486.0
471.0
412.5
189.0
475.5
465.0
478.5
436.5
454.5
466.5
502.5
490.5
363.0
262.5
496.5
438.0
432.0
397.5
453.0
441.0
427.5
466.5
303.0
349.5
301.5
417.0
394.5
418.5
324.0
382.5
436.5
502.5
45.0
406.5
430.5
412.5
477.0
474.0
304.5
418.5
453.0
315.0
420.0
486.0
421.5
358.5
456.0
519.0
442.5
417.0
501.0
312.0
310.5
279.0
433.5
366.0
412.5
412.5
370.5
456.0
403.5
414.0
505.5
411.0
424.5
493.5
358.5
490.5
469.5
444.0
469.5
232.5
466.5
387.0
499.5
364.5
424.5
462.0
471.0
432.0
406.5
252.0
468.0
249.0
463.5
394.5
370.5
510.0
448.5
474.0
379.5
381.0
358.5
466.5
465.0
496.5
429.0
369.0
507.0
406.5
498.0
346.5
493.5
432.0
382.5
259.5
405.0
477.0
132.0
424.5
94.5
417.0
478.5
483.0
324.0
367.5
310.5
382.5
466.5
508.5
462.0
297.0
448.5
475.5
369.0
469.5
483.0
420.0
457.5
268.5
475.5
439.5
432.0
415.5
420.0
469.5
432.0
376.5
477.0
324.0
417.0
346.5
292.5
490.5
445.5
453.0
409.5
451.5
451.5
403.5
454.5
339.0
303.0
406.5
442.5
475.5
418.5
445.5
426.0
454.5
139.5
462.0
360.0
489.0
444.0
481.5
415.5
358.5
477.0
141.0
340.5
454.5
427.5
106.5
511.5
393.0
348.0
355.5
444.0
391.5
342.0
498.0
393.0
514.5
466.5
366.0
468.0
396.0
432.0
321.0
424.5
528.0
426.0
394.5
487.5
468.0
379.5
399.0
435.0
475.5
288.0
523.5
471.0
408.0
469.5
490.5
345.0
391.5
298.5
357.0
490.5
445.5
486.0
325.5
459.0
394.5
427.5
414.0
438.0
435.0
486.0
441.0
501.0
486.0
493.5
480.0
454.5
507.0
508.5
348.0
387.0
460.5
432.0
487.5
184.5
454.5
496.5
517.5
465.0
403.5
382.5
412.5
316.5
442.5
475.5
466.5
462.0
466.5
361.5
510.0
465.0
468.0
379.5
405.0
267.0
390.0
459.0
475.5
337.5
477.0
510.0
505.5
483.0
354.0
526.5
435.0
475.5
439.5
169.5
454.5
408.0
259.5
487.5
324.0
384.0
210.0
427.5
468.0
450.0
505.5
445.5
345.0
165.0
475.5
451.5
366.0
478.5
394.5
388.5
504.0
412.5
345.0
469.5
72.0
495.0
504.0
402.0
477.0
492.0
306.0
421.5
471.0
231.0
363.0
435.0
348.0
268.5
222.0
357.0
490.5
421.5
505.5
489.0
469.5
420.0
408.0
424.5
424.5
391.5
439.5
486.0
456.0
433.5
231.0
442.5
447.0
427.5
412.5
357.0
444.0
429.0
397.5
490.5
493.5
504.0
486.0
429.0
394.5
448.5
444.0
466.5
84.0
432.0
340.5
439.5
381.0
304.5
427.5
381.0
436.5
424.5
438.0
379.5
316.5
487.5
517.5
373.5
489.0
268.5
507.0
463.5
429.0
439.5
478.5
453.0
463.5
421.5
415.5
346.5
318.0
369.0
450.0
397.5
349.5
448.5
483.0
453.0
384.0
424.5
498.0
466.5
436.5
484.5
513.0
465.0
405.0
180.0
454.5
465.0
378.0
468.0
400.5
318.0
462.0
469.5
411.0
492.0
418.5
376.5
330.0
487.5
405.0
390.0
463.5
444.0
420.0
387.0
205.5
523.5
456.0
496.5
426.0
472.5
421.5
438.0
432.0
258.0
489.0
460.5
477.0
406.5
450.0
373.5
490.5
387.0
180.0
448.5
496.5
441.0
439.5
447.0
369.0
487.5
423.0
472.5
205.5
102.0
451.5
478.5
55.5
433.5
274.5
504.0
439.5
436.5
466.5
130.5
283.5
412.5
372.0
481.5
489.0
457.5
259.5
423.0
499.5
499.5
360.0
406.5
502.5
385.5
460.5
390.0
411.0
147.0
129.0
505.5
274.5
445.5
438.0
267.0
274.5
448.5
466.5
514.5
447.0
426.0
444.0
514.5
529.5
439.5
400.5
417.0
484.5
429.0
282.0
438.0
435.0
402.0
373.5
480.0
361.5
484.5
480.0
459.0
501.0
126.0
258.0
465.0
283.5
345.0
483.0
492.0
459.0
426.0
442.5
421.5
394.5
438.0
427.5
334.5
451.5
400.5
424.5
477.0
376.5
57.0
264.0
436.5
315.0
403.5
514.5
471.0
441.0
399.0
438.0
438.0
400.5
460.5
469.5
445.5
403.5
472.5
237.0
450.0
433.5
381.0
354.0
364.5
417.0
304.5
436.5
496.5
457.5
457.5
462.0
483.0
502.5
423.0
361.5
457.5
388.5
445.5
357.0
465.0
381.0
342.0
430.5
58.5
450.0
375.0
438.0
537.0
448.5
447.0
378.0
472.5
297.0
442.5
412.5
424.5
319.5
447.0
453.0
456.0
508.5
448.5
285.0
435.0
265.5
409.5
373.5
466.5
453.0
288.0
492.0
444.0
417.0
360.0
444.0
328.5
460.5
366.0
468.0
456.0
408.0
426.0
342.0
486.0
276.0
382.5
483.0
438.0
375.0
477.0
339.0
486.0
481.5
457.5
418.5
297.0
483.0
420.0
438.0
430.5
291.0
474.0
477.0
402.0
454.5
499.5
141.0
471.0
375.0
505.5
460.5
442.5
447.0
355.5
450.0
133.5
433.5
489.0
435.0
340.5
433.5
399.0
435.0
355.5
510.0
346.5
399.0
450.0
468.0
480.0
453.0
474.0
451.5
417.0
276.0
378.0
511.5
477.0
472.5
418.5
420.0
393.0
451.5
424.5
457.5
447.0
471.0
399.0
474.0
412.5
355.5
394.5
429.0
414.0
456.0
336.0
420.0
463.5
447.0
382.5
375.0
285.0
315.0
474.0
393.0
405.0
408.0
436.5
436.5
402.0
487.5
442.5
492.0
451.5
490.5
484.5
346.5
337.5
471.0
364.5
304.5
499.5
373.5
301.5
496.5
394.5
210.0
436.5
433.5
438.0
414.0
505.5
421.5
457.5
444.0
489.0
477.0
451.5
252.0
232.5
451.5
444.0
409.5
448.5
345.0
409.5
493.5
481.5
390.0
435.0
444.0
411.0
478.5
484.5
393.0
369.0
423.0
468.0
93.0
238.5
292.5
262.5
229.5
456.0
391.5
154.5
436.5
498.0
466.5
357.0
474.0
451.5
481.5
408.0
372.0
456.0
424.5
471.0
511.5
492.0
325.5
478.5
447.0
346.5
484.5
436.5
439.5
466.5
387.0
379.5
304.5
457.5
469.5
468.0
223.5
346.5
334.5
340.5
375.0
357.0
474.0
462.0
409.5
450.0
457.5
424.5
417.0
250.5
448.5
442.5
423.0
351.0
402.0
513.0
439.5
474.0
477.0
481.5
156.0
319.5
465.0
208.5
445.5
415.5
459.0
507.0
522.0
499.5
454.5
495.0
466.5
451.5
390.0
477.0
436.5
399.0
406.5
459.0
460.5
256.5
492.0
501.0
411.0
486.0
459.0
474.0
418.5
448.5
390.0
498.0
469.5
468.0
471.0
442.5
379.5
417.0
483.0
463.5
349.5
442.5
468.0
418.5
369.0
355.5
330.0
360.0
484.5
396.0
460.5
415.5
430.5
453.0
487.5
445.5
297.0
489.0
312.0
88.5
348.0
400.5
421.5
433.5
408.0
403.5
430.5
430.5
255.0
442.5
471.0
459.0
366.0
466.5
460.5
322.5
306.0
435.0
454.5
369.0
481.5
462.0
484.5
445.5
145.5
451.5
483.0
421.5
481.5
397.5
429.0
448.5
426.0
399.0
456.0
378.0
499.5
255.0
412.5
357.0
484.5
370.5
456.0
480.0
387.0
388.5
429.0
418.5
114.0
480.0
442.5
343.5
457.5
511.5
427.5
435.0
460.5
349.5
366.0
333.0
502.5
394.5
346.5
342.0
481.5
487.5
373.5
366.0
406.5
433.5
438.0
420.0
502.5
432.0
504.0
436.5
466.5
460.5
469.5
324.0
435.0
355.5
378.0
469.5
522.0
408.0
481.5
247.5
133.5
106.5
507.0
478.5
502.5
405.0
399.0
480.0
465.0
408.0
361.5
343.5
489.0
451.5
534.0
424.5
289.5
409.5
471.0
333.0
435.0
309.0
423.0
387.0
472.5
459.0
460.5
430.5
463.5
252.0
384.0
438.0
517.5
460.5
471.0
79.5
438.0
354.0
439.5
411.0
516.0
226.5
405.0
412.5
475.5
490.5
501.0
429.0
328.5
411.0
451.5
421.5
426.0
442.5
369.0
436.5
226.5
334.5
400.5
405.0
403.5
355.5
384.0
460.5
462.0
246.0
463.5
531.0
484.5
517.5
487.5
274.5
466.5
451.5
480.0
400.5
414.0
414.0
487.5
423.0
426.0
444.0
427.5
457.5
438.0
471.0
406.5
433.5
408.0
435.0
438.0
355.5
424.5
411.0
508.5
414.0
424.5
429.0
429.0
405.0
408.0
459.0
433.5
477.0
493.5
415.5
367.5
40.5
264.0
474.0
394.5
418.5
466.5
450.0
507.0
474.0
384.0
456.0
451.5
462.0
373.5
442.5
295.5
90.0
382.5
397.5
390.0
438.0
493.5
381.0
289.5
264.0
445.5
502.5
444.0
432.0
249.0
417.0
484.5
409.5
468.0
486.0
340.5
492.0
324.0
261.0
478.5
394.5
366.0
510.0
459.0
373.5
390.0
492.0
384.0
349.5
391.5
318.0
394.5
474.0
450.0
456.0
441.0
490.5
372.0
229.5
378.0
267.0
412.5
376.5
469.5
474.0
496.5
355.5
453.0
325.5
469.5
457.5
450.0
322.5
417.0
487.5
505.5
504.0
361.5
501.0
451.5
478.5
444.0
447.0
273.0
393.0
327.0
417.0
402.0
448.5
462.0
411.0
399.0
421.5
483.0
451.5
520.5
450.0
376.5
391.5
447.0
415.5
463.5
462.0
466.5
454.5
450.0
420.0
109.5
430.5
325.5
339.0
447.0
436.5
370.5
399.0
427.5
429.0
469.5
400.5
456.0
433.5
286.5
439.5
280.5
444.0
487.5
538.5
496.5
403.5
237.0
507.0
426.0
408.0
114.0
418.5
513.0
436.5
516.0
474.0
486.0
444.0
333.0
346.5
124.5
487.5
394.5
400.5
324.0
249.0
409.5
340.5
442.5
432.0
294.0
442.5
426.0
513.0
363.0
471.0
460.5
408.0
300.0
436.5
450.0
487.5
199.5
406.5
472.5
487.5
408.0
342.0
364.5
459.0
511.5
441.0
403.5
520.5
336.0
394.5
478.5
456.0
420.0
360.0
511.5
331.5
471.0
432.0
352.5
469.5
331.5
271.5
184.5
399.0
193.5
465.0
439.5
462.0
472.5
421.5
448.5
409.5
457.5
424.5
483.0
420.0
513.0
358.5
282.0
466.5
480.0
454.5
465.0
444.0
417.0
349.5
394.5
504.0
382.5
477.0
490.5
508.5
376.5
403.5
406.5
438.0
310.5
486.0
283.5
415.5
409.5
460.5
474.0
445.5
372.0
451.5
345.0
459.0
508.5
432.0
409.5
357.0
508.5
399.0
349.5
444.0
219.0
369.0
489.0
406.5
486.0
420.0
340.5
474.0
448.5
348.0
291.0
451.5
313.5
253.5
442.5
505.5
451.5
432.0
289.5
436.5
481.5
354.0
310.5
405.0
357.0
270.0
474.0
226.5
408.0
486.0
228.0
436.5
178.5
492.0
289.5
318.0
372.0
423.0
378.0
412.5
445.5
495.0
162.0
478.5
472.5
507.0
496.5
396.0
486.0
76.5
408.0
478.5
361.5
478.5
421.5
499.5
444.0
435.0
484.5
480.0
516.0
466.5
366.0
439.5
384.0
390.0
498.0
514.5
357.0
447.0
207.0
469.5
457.5
474.0
274.5
462.0
486.0
373.5
418.5
433.5
460.5
447.0
264.0
513.0
415.5
442.5
505.5
477.0
469.5
405.0
375.0
444.0
465.0
198.0
456.0
340.5
438.0
466.5
474.0
457.5
495.0
385.5
241.5
412.5
462.0
415.5
438.0
457.5
417.0
484.5
490.5
490.5
366.0
459.0
244.5
357.0
448.5
394.5
334.5
424.5
415.5
420.0
333.0
303.0
442.5
427.5
205.5
162.0
370.5
387.0
489.0
373.5
496.5
399.0
495.0
400.5
453.0
471.0
513.0
459.0
309.0
492.0
385.5
456.0
279.0
439.5
366.0
373.5
468.0
309.0
307.5
424.5
460.5
397.5
382.5
373.5
246.0
376.5
435.0
435.0
339.0
471.0
469.5
505.5
417.0
223.5
465.0
447.0
472.5
439.5
472.5
454.5
415.5
423.0
468.0
507.0
384.0
417.0
421.5
480.0
415.5
451.5
444.0
405.0
435.0
276.0
429.0
447.0
492.0
483.0
400.5
459.0
423.0
448.5
91.5
355.5
492.0
474.0
390.0
441.0
463.5
426.0
432.0
271.5
477.0
394.5
460.5
424.5
511.5
220.5
445.5
415.5
504.0
445.5
298.5
105.0
426.0
496.5
454.5
381.0
463.5
451.5
457.5
339.0
316.5
255.0
360.0
498.0
361.5
325.5
417.0
460.5
474.0
234.0
456.0
480.0
472.5
372.0
469.5
165.0
412.5
415.5
451.5
483.0
447.0
247.5
354.0
462.0
454.5
474.0
442.5
471.0
409.5
475.5
390.0
186.0
454.5
241.5
468.0
367.5
502.5
445.5
387.0
426.0
157.5
298.5
273.0
480.0
427.5
487.5
469.5
481.5
70.5
319.5
424.5
460.5
219.0
496.5
472.5
384.0
372.0
411.0
490.5
463.5
519.0
501.0
283.5
459.0
414.0
402.0
444.0
468.0
181.5
402.0
435.0
468.0
280.5
462.0
456.0
303.0
414.0
244.5
382.5
460.5
504.0
435.0
291.0
481.5
493.5
91.5
465.0
472.5
361.5
405.0
370.5
421.5
486.0
480.0
490.5
516.0
493.5
145.5
460.5
405.0
468.0
426.0
409.5
436.5
487.5
292.5
406.5
508.5
411.0
402.0
256.5
457.5
502.5
496.5
454.5
483.0
202.5
424.5
459.0
384.0
267.0
498.0
313.5
169.5
367.5
261.0
345.0
444.0
369.0
307.5
457.5
253.5
394.5
460.5
480.0
342.0
433.5
480.0
478.5
157.5
423.0
220.5
421.5
499.5
382.5
414.0
430.5
456.0
343.5
454.5
441.0
388.5
478.5
492.0
487.5
418.5
420.0
453.0
439.5
457.5
363.0
235.5
507.0
447.0
384.0
508.5
406.5
427.5
459.0
496.5
426.0
412.5
387.0
429.0
460.5
369.0
363.0
385.5
466.5
400.5
474.0
456.0
442.5
294.0
453.0
444.0
447.0
379.5
397.5
265.5
405.0
424.5
328.5
453.0
285.0
460.5
496.5
496.5
366.0
174.0
441.0
447.0
396.0
504.0
354.0
310.5
301.5
391.5
483.0
516.0
337.5
438.0
424.5
93.0
264.0
498.0
511.5
364.5
346.5
382.5
441.0
430.5
421.5
484.5
372.0
519.0
357.0
496.5
438.0
498.0
393.0
474.0
367.5
405.0
153.0
507.0
493.5
372.0
451.5
379.5
496.5
447.0
345.0
399.0
486.0
48.0
237.0
325.5
474.0
421.5
321.0
217.5
448.5
393.0
430.5
466.5
322.5
487.5
463.5
501.0
471.0
448.5
477.0
424.5
445.5
486.0
430.5
394.5
399.0
454.5
478.5
427.5
451.5
490.5
504.0
378.0
324.0
471.0
454.5
487.5
447.0
388.5
415.5
448.5
498.0
472.5
417.0
336.0
408.0
379.5
486.0
477.0
394.5
457.5
472.5
439.5
379.5
439.5
439.5
412.5
418.5
75.0
466.5
492.0
415.5
480.0
466.5
418.5
412.5
447.0
468.0
430.5
465.0
472.5
435.0
427.5
409.5
471.0
346.5
418.5
325.5
486.0
339.0
459.0
447.0
423.0
504.0
399.0
442.5
513.0
159.0
412.5
475.5
471.0
162.0
483.0
457.5
438.0
205.5
367.5
349.5
411.0
351.0
448.5
421.5
318.0
42.0
384.0
465.0
459.0
403.5
393.0
478.5
453.0
436.5
538.5
376.5
427.5
84.0
52.5
397.5
486.0
433.5
463.5
355.5
445.5
453.0
483.0
363.0
486.0
450.0
418.5
457.5
486.0
319.5
408.0
378.0
403.5
297.0
493.5
439.5
433.5
462.0
207.0
468.0
358.5
340.5
390.0
358.5
232.5
424.5
433.5
202.5
462.0
435.0
466.5
429.0
465.0
492.0
408.0
292.5
300.0
441.0
436.5
427.5
198.0
204.0
442.5
87.0
336.0
181.5
486.0
501.0
469.5
435.0
501.0
450.0
462.0
274.5
472.5
433.5
483.0
154.5
421.5
432.0
478.5
504.0
247.5
360.0
309.0
444.0
474.0
427.5
489.0
456.0
496.5
418.5
405.0
457.5
417.0
238.5
492.0
457.5
430.5
438.0
493.5
394.5
369.0
474.0
420.0
186.0
481.5
507.0
429.0
469.5
450.0
408.0
339.0
378.0
483.0
498.0
421.5
508.5
454.5
447.0
453.0
328.5
412.5
499.5
247.5
432.0
496.5
306.0
456.0
447.0
415.5
454.5
229.5
375.0
421.5
451.5
481.5
448.5
334.5
490.5
439.5
438.0
384.0
484.5
520.5
453.0
405.0
67.5
424.5
454.5
495.0
360.0
411.0
324.0
453.0
463.5
354.0
487.5
430.5
498.0
433.5
372.0
381.0
483.0
433.5
469.5
328.5
409.5
433.5
459.0
450.0
498.0
325.5
496.5
457.5
289.5
531.0
219.0
459.0
363.0
412.5
193.5
405.0
480.0
492.0
487.5
465.0
396.0
195.0
367.5
462.0
415.5
387.0
379.5
409.5
351.0
442.5
415.5
379.5
499.5
475.5
423.0
226.5
343.5
435.0
493.5
355.5
417.0
109.5
424.5
376.5
460.5
331.5
427.5
312.0
447.0
483.0
415.5
346.5
420.0
358.5
466.5
424.5
469.5
409.5
468.0
493.5
480.0
75.0
453.0
397.5
495.0
367.5
414.0
429.0
361.5
430.5
435.0
454.5
411.0
483.0
310.5
192.0
496.5
454.5
444.0
306.0
474.0
463.5
405.0
325.5
378.0
508.5
403.5
462.0
505.5
360.0
420.0
429.0
477.0
408.0
426.0
370.5
417.0
469.5
426.0
480.0
454.5
411.0
309.0
439.5
156.0
447.0
282.0
445.5
481.5
492.0
448.5
480.0
460.5
501.0
312.0
435.0
351.0
498.0
454.5
234.0
432.0
345.0
367.5
469.5
195.0
358.5
361.5
109.5
358.5
442.5
333.0
508.5
286.5
412.5
369.0
475.5
454.5
406.5
430.5
430.5
430.5
499.5
406.5
289.5
52.5
451.5
343.5
444.0
402.0
417.0
430.5
385.5
454.5
432.0
450.0
475.5
426.0
366.0
429.0
408.0
345.0
427.5
517.5
363.0
531.0
483.0
364.5
478.5
463.5
457.5
469.5
190.5
430.5
480.0
486.0
433.5
499.5
378.0
411.0
459.0
523.5
280.5
447.0
150.0
468.0
450.0
348.0
466.5
421.5
429.0
504.0
498.0
423.0
411.0
466.5
354.0
339.0
456.0
462.0
445.5
472.5
483.0
465.0
153.0
195.0
435.0
169.5
489.0
382.5
480.0
426.0
472.5
441.0
445.5
453.0
403.5
370.5
259.5
489.0
325.5
460.5
411.0
294.0
498.0
499.5
406.5
510.0
510.0
457.5
280.5
501.0
432.0
430.5
481.5
364.5
208.5
297.0
495.0
490.5
448.5
501.0
465.0
448.5
396.0
259.5
465.0
486.0
330.0
442.5
331.5
463.5
412.5
480.0
433.5
462.0
151.5
409.5
382.5
462.0
493.5
193.5
481.5
490.5
516.0
511.5
466.5
421.5
334.5
178.5
477.0
438.0
444.0
403.5
466.5
412.5
421.5
463.5
415.5
334.5
403.5
282.0
499.5
501.0
231.0
462.0
382.5
307.5
450.0
406.5
501.0
502.5
501.0
487.5
369.0
472.5
381.0
486.0
477.0
375.0
459.0
448.5
463.5
415.5
432.0
376.5
192.0
309.0
423.0
436.5
495.0
402.0
463.5
463.5
468.0
418.5
453.0
460.5
432.0
451.5
358.5
486.0
454.5
505.5
225.0
324.0
492.0
432.0
490.5
402.0
207.0
462.0
478.5
400.5
277.5
447.0
462.0
426.0
72.0
405.0
472.5
346.5
472.5
457.5
504.0
438.0
490.5
436.5
483.0
456.0
436.5
433.5
480.0
454.5
168.0
417.0
496.5
346.5
489.0
475.5
400.5
363.0
474.0
390.0
240.0
459.0
379.5
331.5
471.0
418.5
444.0
492.0
348.0
481.5
352.5
448.5
430.5
411.0
394.5
250.5
484.5
477.0
222.0
328.5
444.0
439.5
450.0
463.5
457.5
267.0
492.0
414.0
391.5
334.5
150.0
432.0
502.5
444.0
489.0
277.5
493.5
480.0
225.0
63.0
444.0
421.5
337.5
430.5
505.5
453.0
463.5
198.0
183.0
484.5
489.0
448.5
379.5
414.0
454.5
460.5
415.5
466.5
457.5
366.0
262.5
309.0
451.5
505.5
342.0
459.0
504.0
484.5
373.5
447.0
462.0
429.0
400.5
127.5
457.5
475.5
181.5
414.0
496.5
484.5
516.0
490.5
361.5
471.0
465.0
79.5
397.5
385.5
477.0
468.0
382.5
484.5
439.5
405.0
424.5
454.5
484.5
291.0
504.0
87.0
349.5
502.5
469.5
384.0
424.5
430.5
459.0
451.5
396.0
511.5
475.5
394.5
469.5
433.5
432.0
396.0
415.5
306.0
472.5
420.0
439.5
432.0
400.5
441.0
519.0
201.0
483.0
490.5
373.5
457.5
505.5
195.0
342.0
136.5
136.5
331.5
465.0
391.5
442.5
444.0
412.5
91.5
264.0
490.5
460.5
373.5
471.0
432.0
447.0
436.5
469.5
412.5
123.0
361.5
327.0
318.0
492.0
387.0
450.0
396.0
271.5
400.5
246.0
475.5
415.5
493.5
124.5
409.5
328.5
465.0
456.0
466.5
276.0
346.5
475.5
309.0
426.0
495.0
477.0
382.5
534.0
498.0
385.5
483.0
513.0
505.5
463.5
436.5
480.0
466.5
382.5
204.0
427.5
387.0
357.0
477.0
421.5
94.5
441.0
414.0
460.5
394.5
504.0
343.5
441.0
385.5
507.0
381.0
399.0
178.5
505.5
487.5
477.0
355.5
520.5
391.5
442.5
432.0
459.0
280.5
414.0
379.5
481.5
426.0
459.0
394.5
294.0
501.0
424.5
300.0
417.0
501.0
523.5
246.0
379.5
421.5
394.5
432.0
502.5
490.5
442.5
421.5
352.5
396.0
258.0
336.0
441.0
393.0
492.0
478.5
286.5
330.0
505.5
363.0
331.5
454.5
337.5
456.0
429.0
400.5
507.0
433.5
415.5
174.0
258.0
483.0
400.5
406.5
442.5
418.5
366.0
489.0
90.0
454.5
490.5
486.0
408.0
496.5
487.5
487.5
462.0
450.0
412.5
456.0
472.5
253.5
495.0
414.0
370.5
382.5
421.5
282.0
328.5
366.0
75.0
492.0
435.0
421.5
502.5
265.5
433.5
138.0
438.0
180.0
406.5
439.5
297.0
399.0
445.5
391.5
508.5
379.5
502.5
453.0
400.5
399.0
462.0
328.5
391.5
468.0
160.5
504.0
495.0
493.5
504.0
435.0
211.5
394.5
351.0
384.0
481.5
429.0
481.5
387.0
397.5
373.5
453.0
358.5
402.0
421.5
447.0
442.5
436.5
420.0
457.5
280.5
475.5
457.5
153.0
334.5
412.5
459.0
484.5
415.5
354.0
271.5
478.5
355.5
433.5
463.5
403.5
447.0
394.5
358.5
354.0
442.5
465.0
378.0
429.0
457.5
375.0
414.0
442.5
312.0
420.0
438.0
477.0
430.5
436.5
388.5
372.0
340.5
393.0
450.0
423.0
507.0
259.5
439.5
391.5
436.5
415.5
328.5
475.5
462.0
474.0
322.5
492.0
427.5
466.5
406.5
207.0
292.5
402.0
369.0
484.5
408.0
469.5
415.5
399.0
480.0
423.0
451.5
462.0
264.0
444.0
522.0
366.0
472.5
396.0
456.0
435.0
466.5
465.0
450.0
459.0
453.0
447.0
459.0
424.5
207.0
444.0
486.0
384.0
379.5
463.5
409.5
495.0
265.5
460.5
355.5
516.0
463.5
450.0
378.0
424.5
378.0
373.5
393.0
498.0
421.5
375.0
277.5
442.5
438.0
462.0
475.5
403.5
414.0
474.0
409.5
450.0
391.5
408.0
517.5
447.0
399.0
450.0
409.5
520.5
67.5
340.5
486.0
484.5
475.5
481.5
202.5
447.0
481.5
355.5
501.0
420.0
298.5
333.0
436.5
271.5
387.0
370.5
430.5
394.5
441.0
321.0
507.0
351.0
472.5
444.0
405.0
390.0
351.0
390.0
453.0
313.5
298.5
391.5
492.0
468.0
396.0
267.0
492.0
481.5
442.5
366.0
190.5
420.0
445.5
420.0
478.5
427.5
424.5
373.5
445.5
445.5
375.0
438.0
310.5
438.0
378.0
396.0
453.0
474.0
394.5
453.0
474.0
438.0
121.5
465.0
108.0
499.5
399.0
399.0
448.5
301.5
420.0
139.5
430.5
489.0
210.0
453.0
480.0
90.0
510.0
478.5
436.5
430.5
457.5
360.0
474.0
376.5
448.5
424.5
105.0
403.5
462.0
435.0
222.0
397.5
436.5
298.5
169.5
435.0
427.5
369.0
475.5
444.0
507.0
397.5
447.0
481.5
376.5
450.0
382.5
441.0
94.5
480.0
325.5
496.5
508.5
168.0
417.0
319.5
412.5
151.5
396.0
502.5
394.5
445.5
456.0
459.0
412.5
414.0
453.0
468.0
457.5
421.5
429.0
453.0
516.0
126.0
369.0
340.5
367.5
451.5
259.5
351.0
183.0
439.5
472.5
228.0
487.5
333.0
351.0
375.0
448.5
465.0
445.5
427.5
435.0
306.0
454.5
372.0
490.5
501.0
436.5
483.0
363.0
411.0
433.5
457.5
429.0
390.0
349.5
268.5
436.5
519.0
451.5
370.5
469.5
379.5
517.5
420.0
400.5
453.0
448.5
429.0
348.0
363.0
438.0
465.0
415.5
487.5
399.0
448.5
502.5
481.5
420.0
249.0
186.0
435.0
336.0
294.0
463.5
462.0
435.0
496.5
255.0
463.5
469.5
504.0
451.5
351.0
496.5
447.0
349.5
372.0
214.5
270.0
474.0
523.5
478.5
391.5
402.0
220.5
412.5
490.5
433.5
462.0
