12.0
136.5
48.0
48.0
40.5
52.5
90.0
130.5
66.0
16.5
291.0
94.5
24.0
67.5
214.5
48.0
24.0
69.0
103.5
49.5
99.0
88.5
72.0
24.0
111.0
67.5
153.0
94.5
31.5
6.0
49.5
64.5
133.5
39.0
69.0
42.0
55.5
123.0
102.0
72.0
231.0
81.0
121.5
204.0
85.5
102.0
51.0
9.0
148.5
57.0
63.0
13.5
174.0
64.5
22.5
85.5
109.5
112.5
52.5
79.5
111.0
97.5
100.5
97.5
73.5
246.0
46.5
94.5
72.0
156.0
160.5
186.0
40.5
97.5
31.5
100.5
151.5
78.0
103.5
61.5
223.5
127.5
75.0
63.0
61.5
163.5
129.0
36.0
4.5
78.0
42.0
57.0
102.0
43.5
10.5
126.0
34.5
192.0
147.0
63.0
129.0
261.0
73.5
52.5
48.0
108.0
45.0
94.5
69.0
148.5
63.0
60.0
13.5
97.5
51.0
66.0
202.5
258.0
157.5
43.5
27.0
130.5
111.0
150.0
79.5
67.5
40.5
46.5
130.5
93.0
49.5
33.0
9.0
72.0
30.0
46.5
66.0
94.5
52.5
154.5
97.5
52.5
91.5
49.5
73.5
42.0
57.0
16.5
33.0
49.5
135.0
148.5
201.0
81.0
180.0
114.0
28.5
42.0
133.5
78.0
133.5
151.5
84.0
202.5
88.5
109.5
153.0
81.0
150.0
147.0
84.0
27.0
100.5
78.0
96.0
151.5
82.5
106.5
100.5
63.0
111.0
27.0
34.5
46.5
130.5
58.5
123.0
72.0
169.5
97.5
36.0
37.5
81.0
19.5
57.0
90.0
46.5
163.5
37.5
85.5
118.5
85.5
73.5
96.0
84.0
121.5
81.0
37.5
144.0
142.5
39.0
79.5
72.0
48.0
121.5
150.0
70.5
121.5
78.0
30.0
54.0
82.5
54.0
46.5
157.5
102.0
73.5
42.0
81.0
19.5
16.5
99.0
28.5
136.5
121.5
64.5
121.5
232.5
82.5
45.0
73.5
99.0
142.5
64.5
42.0
156.0
142.5
91.5
232.5
46.5
147.0
70.5
99.0
40.5
112.5
172.5
64.5
130.5
58.5
61.5
40.5
105.0
67.5
46.5
85.5
36.0
61.5
82.5
54.0
165.0
45.0
28.5
216.0
67.5
70.5
234.0
103.5
228.0
93.0
37.5
150.0
273.0
9.0
88.5
100.5
93.0
169.5
93.0
118.5
159.0
90.0
198.0
156.0
24.0
84.0
118.5
55.5
133.5
129.0
120.0
36.0
160.5
70.5
73.5
64.5
63.0
97.5
213.0
70.5
57.0
9.0
135.0
96.0
12.0
231.0
159.0
166.5
36.0
61.5
22.5
34.5
114.0
36.0
40.5
33.0
180.0
105.0
82.5
270.0
132.0
135.0
121.5
81.0
61.5
127.5
49.5
46.5
94.5
124.5
40.5
112.5
73.5
126.0
9.0
30.0
64.5
106.5
114.0
244.5
61.5
106.5
55.5
94.5
55.5
13.5
75.0
130.5
76.5
178.5
255.0
102.0
115.5
39.0
58.5
127.5
37.5
52.5
82.5
100.5
73.5
63.0
153.0
81.0
72.0
171.0
66.0
196.5
234.0
70.5
108.0
37.5
13.5
30.0
91.5
121.5
168.0
60.0
136.5
55.5
112.5
126.0
87.0
82.5
70.5
129.0
64.5
84.0
58.5
28.5
97.5
333.0
42.0
51.0
99.0
28.5
106.5
127.5
84.0
106.5
93.0
172.5
115.5
1.5
102.0
48.0
52.5
121.5
40.5
130.5
75.0
72.0
58.5
24.0
88.5
136.5
118.5
171.0
37.5
115.5
148.5
120.0
34.5
133.5
127.5
63.0
85.5
66.0
195.0
102.0
174.0
103.5
88.5
106.5
88.5
42.0
259.5
238.5
148.5
99.0
135.0
79.5
190.5
97.5
73.5
55.5
48.0
31.5
58.5
88.5
18.0
66.0
63.0
58.5
102.0
61.5
16.5
150.0
40.5
75.0
73.5
121.5
22.5
30.0
24.0
205.5
36.0
82.5
75.0
130.5
37.5
31.5
106.5
28.5
64.5
103.5
90.0
130.5
12.0
130.5
123.0
42.0
229.5
85.5
117.0
82.5
99.0
181.5
118.5
36.0
16.5
52.5
78.0
151.5
157.5
48.0
69.0
279.0
97.5
52.5
51.0
48.0
60.0
132.0
63.0
36.0
99.0
58.5
120.0
159.0
48.0
256.5
84.0
108.0
238.5
106.5
78.0
165.0
39.0
136.5
70.5
66.0
147.0
73.5
115.5
108.0
132.0
123.0
19.5
90.0
43.5
208.5
148.5
133.5
73.5
147.0
126.0
40.5
42.0
64.5
60.0
94.5
58.5
157.5
48.0
91.5
75.0
94.5
213.0
109.5
136.5
18.0
100.5
12.0
6.0
19.5
126.0
138.0
177.0
142.5
55.5
10.5
87.0
108.0
37.5
148.5
78.0
171.0
91.5
10.5
160.5
69.0
130.5
82.5
85.5
198.0
111.0
36.0
79.5
19.5
54.0
100.5
67.5
121.5
79.5
174.0
79.5
51.0
25.5
139.5
112.5
180.0
130.5
94.5
187.5
60.0
127.5
42.0
124.5
145.5
100.5
249.0
30.0
15.0
64.5
114.0
81.0
201.0
156.0
49.5
85.5
181.5
102.0
160.5
132.0
115.5
121.5
42.0
55.5
151.5
150.0
18.0
108.0
127.5
57.0
37.5
144.0
78.0
49.5
40.5
123.0
54.0
105.0
60.0
87.0
103.5
157.5
123.0
54.0
96.0
265.5
36.0
100.5
91.5
66.0
247.5
37.5
81.0
13.5
100.5
67.5
55.5
192.0
102.0
18.0
76.5
88.5
16.5
78.0
70.5
99.0
48.0
93.0
52.5
43.5
79.5
120.0
48.0
58.5
112.5
123.0
111.0
31.5
160.5
120.0
36.0
69.0
94.5
40.5
16.5
16.5
100.5
184.5
105.0
99.0
214.5
121.5
54.0
1.5
57.0
100.5
226.5
111.0
69.0
201.0
121.5
45.0
36.0
73.5
21.0
150.0
64.5
91.5
147.0
43.5
52.5
190.5
67.5
163.5
76.5
222.0
112.5
12.0
79.5
87.0
147.0
132.0
37.5
27.0
105.0
148.5
60.0
166.5
112.5
19.5
39.0
18.0
48.0
124.5
63.0
100.5
147.0
30.0
63.0
75.0
52.5
84.0
22.5
63.0
48.0
75.0
34.5
64.5
64.5
31.5
126.0
60.0
79.5
103.5
100.5
88.5
46.5
118.5
99.0
121.5
144.0
207.0
202.5
145.5
135.0
67.5
112.5
184.5
37.5
84.0
31.5
130.5
195.0
112.5
118.5
72.0
81.0
76.5
70.5
34.5
54.0
40.5
142.5
33.0
55.5
37.5
21.0
57.0
97.5
46.5
102.0
70.5
103.5
141.0
30.0
96.0
69.0
151.5
73.5
40.5
174.0
37.5
84.0
91.5
46.5
22.5
114.0
210.0
160.5
105.0
67.5
115.5
117.0
34.5
33.0
247.5
88.5
132.0
18.0
85.5
49.5
45.0
109.5
37.5
57.0
55.5
79.5
181.5
187.5
49.5
36.0
51.0
135.0
93.0
75.0
160.5
67.5
69.0
19.5
43.5
133.5
79.5
58.5
132.0
153.0
153.0
39.0
42.0
64.5
90.0
49.5
82.5
132.0
114.0
90.0
165.0
9.0
9.0
94.5
78.0
51.0
105.0
57.0
136.5
69.0
114.0
61.5
105.0
79.5
120.0
40.5
9.0
105.0
52.5
72.0
51.0
138.0
118.5
150.0
15.0
73.5
37.5
117.0
153.0
66.0
79.5
114.0
150.0
75.0
64.5
88.5
150.0
136.5
58.5
193.5
88.5
43.5
54.0
43.5
90.0
123.0
108.0
42.0
79.5
171.0
72.0
169.5
6.0
19.5
37.5
229.5
117.0
261.0
124.5
91.5
72.0
7.5
69.0
43.5
82.5
79.5
115.5
66.0
82.5
49.5
123.0
76.5
114.0
93.0
91.5
84.0
81.0
69.0
36.0
123.0
94.5
72.0
54.0
37.5
232.5
189.0
225.0
82.5
135.0
51.0
51.0
196.5
144.0
148.5
36.0
90.0
151.5
33.0
235.5
106.5
54.0
64.5
163.5
141.0
144.0
79.5
42.0
52.5
151.5
99.0
48.0
184.5
55.5
90.0
157.5
190.5
150.0
141.0
91.5
54.0
157.5
121.5
118.5
43.5
43.5
177.0
46.5
72.0
100.5
141.0
19.5
33.0
103.5
130.5
84.0
99.0
76.5
184.5
145.5
180.0
102.0
61.5
22.5
25.5
45.0
112.5
183.0
90.0
24.0
115.5
189.0
147.0
27.0
81.0
114.0
220.5
141.0
139.5
157.5
103.5
162.0
123.0
16.5
363.0
93.0
156.0
87.0
55.5
46.5
241.5
94.5
75.0
139.5
76.5
72.0
166.5
42.0
55.5
147.0
63.0
100.5
195.0
67.5
210.0
57.0
102.0
99.0
159.0
97.5
81.0
135.0
75.0
120.0
54.0
60.0
195.0
45.0
55.5
61.5
205.5
76.5
136.5
106.5
145.5
141.0
46.5
55.5
84.0
160.5
67.5
54.0
97.5
111.0
121.5
54.0
126.0
27.0
51.0
63.0
138.0
12.0
73.5
79.5
99.0
37.5
75.0
90.0
123.0
168.0
120.0
72.0
207.0
96.0
85.5
103.5
40.5
139.5
51.0
45.0
58.5
25.5
129.0
18.0
49.5
55.5
69.0
247.5
157.5
166.5
91.5
81.0
7.5
123.0
133.5
66.0
108.0
16.5
52.5
93.0
69.0
55.5
55.5
51.0
286.5
81.0
75.0
52.5
19.5
75.0
117.0
97.5
111.0
243.0
30.0
160.5
88.5
96.0
73.5
58.5
121.5
36.0
69.0
52.5
82.5
162.0
118.5
52.5
78.0
115.5
94.5
114.0
75.0
157.5
49.5
28.5
39.0
207.0
55.5
85.5
64.5
58.5
97.5
234.0
57.0
46.5
27.0
171.0
76.5
214.5
160.5
145.5
31.5
87.0
148.5
94.5
81.0
108.0
93.0
91.5
150.0
48.0
94.5
124.5
195.0
111.0
126.0
15.0
30.0
25.5
10.5
69.0
60.0
84.0
28.5
144.0
175.5
69.0
99.0
12.0
130.5
36.0
178.5
144.0
64.5
24.0
67.5
163.5
82.5
51.0
151.5
64.5
127.5
19.5
33.0
81.0
27.0
61.5
54.0
198.0
31.5
79.5
30.0
63.0
72.0
78.0
106.5
78.0
106.5
58.5
97.5
91.5
66.0
138.0
75.0
51.0
166.5
102.0
66.0
129.0
148.5
162.0
61.5
96.0
46.5
49.5
39.0
4.5
105.0
39.0
114.0
13.5
168.0
151.5
129.0
109.5
87.0
94.5
165.0
226.5
48.0
183.0
48.0
99.0
34.5
31.5
145.5
76.5
37.5
142.5
111.0
79.5
94.5
130.5
171.0
99.0
115.5
37.5
159.0
196.5
99.0
73.5
175.5
139.5
45.0
61.5
100.5
34.5
220.5
112.5
94.5
93.0
72.0
67.5
78.0
60.0
184.5
67.5
21.0
36.0
7.5
88.5
103.5
166.5
10.5
88.5
97.5
192.0
21.0
222.0
181.5
57.0
132.0
87.0
24.0
75.0
69.0
13.5
54.0
69.0
159.0
151.5
25.5
63.0
112.5
174.0
87.0
43.5
88.5
66.0
75.0
132.0
30.0
40.5
69.0
184.5
166.5
94.5
102.0
52.5
27.0
162.0
52.5
87.0
39.0
120.0
16.5
76.5
138.0
100.5
97.5
34.5
46.5
63.0
249.0
39.0
138.0
105.0
196.5
214.5
69.0
46.5
63.0
144.0
111.0
145.5
36.0
25.5
115.5
15.0
114.0
43.5
42.0
111.0
130.5
69.0
81.0
94.5
63.0
148.5
109.5
67.5
123.0
120.0
240.0
130.5
159.0
226.5
187.5
154.5
61.5
144.0
76.5
133.5
64.5
39.0
106.5
33.0
130.5
21.0
141.0
118.5
211.5
54.0
105.0
90.0
168.0
22.5
105.0
64.5
123.0
82.5
96.0
78.0
36.0
67.5
15.0
30.0
40.5
96.0
142.5
13.5
78.0
54.0
121.5
69.0
60.0
15.0
81.0
54.0
105.0
90.0
222.0
102.0
48.0
129.0
52.5
93.0
82.5
60.0
75.0
55.5
102.0
171.0
129.0
120.0
60.0
76.5
42.0
16.5
174.0
325.5
91.5
43.5
180.0
130.5
55.5
79.5
91.5
48.0
55.5
133.5
75.0
55.5
6.0
82.5
94.5
45.0
28.5
73.5
166.5
55.5
139.5
46.5
145.5
45.0
142.5
109.5
27.0
57.0
181.5
154.5
91.5
49.5
249.0
199.5
178.5
75.0
73.5
61.5
120.0
111.0
145.5
37.5
147.0
126.0
64.5
136.5
54.0
49.5
39.0
88.5
70.5
154.5
111.0
94.5
52.5
7.5
91.5
229.5
135.0
84.0
84.0
118.5
153.0
91.5
120.0
31.5
42.0
39.0
133.5
147.0
117.0
81.0
196.5
36.0
78.0
108.0
81.0
39.0
76.5
145.5
160.5
55.5
82.5
28.5
69.0
81.0
148.5
177.0
78.0
144.0
139.5
76.5
51.0
72.0
64.5
57.0
90.0
27.0
163.5
58.5
108.0
51.0
93.0
13.5
51.0
42.0
57.0
34.5
114.0
15.0
118.5
174.0
66.0
64.5
109.5
241.5
217.5
7.5
70.5
85.5
99.0
55.5
123.0
163.5
21.0
274.5
13.5
103.5
132.0
22.5
48.0
73.5
46.5
121.5
93.0
145.5
19.5
58.5
70.5
214.5
33.0
136.5
61.5
274.5
150.0
82.5
66.0
63.0
91.5
91.5
40.5
85.5
100.5
207.0
69.0
157.5
72.0
19.5
84.0
69.0
118.5
141.0
40.5
19.5
120.0
82.5
34.5
165.0
94.5
307.5
57.0
33.0
85.5
67.5
36.0
57.0
52.5
43.5
181.5
216.0
115.5
61.5
76.5
31.5
87.0
42.0
82.5
109.5
82.5
57.0
124.5
124.5
57.0
48.0
58.5
45.0
31.5
73.5
102.0
102.0
81.0
121.5
166.5
30.0
9.0
16.5
120.0
120.0
183.0
163.5
133.5
156.0
49.5
49.5
16.5
204.0
69.0
31.5
55.5
204.0
247.5
171.0
78.0
79.5
51.0
21.0
73.5
45.0
124.5
45.0
61.5
51.0
85.5
121.5
57.0
36.0
63.0
144.0
97.5
40.5
91.5
223.5
133.5
76.5
100.5
75.0
138.0
96.0
73.5
103.5
210.0
183.0
49.5
138.0
81.0
58.5
88.5
84.0
27.0
97.5
183.0
159.0
99.0
145.5
63.0
57.0
139.5
67.5
102.0
145.5
186.0
78.0
213.0
46.5
91.5
52.5
291.0
54.0
34.5
55.5
105.0
165.0
102.0
130.5
72.0
123.0
121.5
46.5
31.5
100.5
67.5
60.0
66.0
103.5
132.0
393.0
145.5
207.0
60.0
27.0
49.5
33.0
57.0
21.0
43.5
160.5
129.0
36.0
39.0
70.5
199.5
123.0
57.0
78.0
157.5
114.0
72.0
235.5
55.5
118.5
67.5
61.5
211.5
121.5
147.0
84.0
79.5
139.5
25.5
172.5
99.0
106.5
198.0
103.5
87.0
15.0
100.5
189.0
157.5
154.5
37.5
79.5
40.5
60.0
132.0
43.5
31.5
174.0
54.0
109.5
58.5
129.0
244.5
195.0
147.0
19.5
55.5
123.0
93.0
97.5
70.5
79.5
43.5
120.0
64.5
93.0
9.0
39.0
88.5
91.5
133.5
67.5
115.5
114.0
57.0
97.5
105.0
49.5
117.0
141.0
115.5
31.5
87.0
61.5
54.0
129.0
90.0
76.5
121.5
52.5
124.5
97.5
189.0
145.5
231.0
84.0
85.5
21.0
72.0
108.0
144.0
151.5
84.0
67.5
42.0
111.0
112.5
87.0
61.5
81.0
139.5
130.5
93.0
181.5
63.0
90.0
90.0
40.5
186.0
160.5
42.0
142.5
69.0
49.5
36.0
141.0
93.0
114.0
85.5
85.5
49.5
45.0
255.0
27.0
67.5
108.0
24.0
55.5
90.0
60.0
139.5
148.5
165.0
43.5
109.5
75.0
102.0
55.5
168.0
34.5
28.5
91.5
94.5
102.0
55.5
118.5
52.5
99.0
81.0
117.0
37.5
49.5
139.5
37.5
174.0
72.0
58.5
117.0
61.5
159.0
33.0
34.5
48.0
73.5
67.5
40.5
90.0
130.5
28.5
79.5
66.0
61.5
139.5
178.5
36.0
138.0
72.0
54.0
157.5
108.0
135.0
127.5
106.5
108.0
136.5
75.0
48.0
72.0
40.5
18.0
93.0
31.5
51.0
72.0
69.0
85.5
42.0
153.0
46.5
145.5
144.0
63.0
51.0
46.5
93.0
111.0
118.5
111.0
79.5
126.0
51.0
76.5
79.5
81.0
186.0
25.5
61.5
96.0
55.5
58.5
163.5
81.0
129.0
27.0
28.5
72.0
121.5
187.5
18.0
114.0
55.5
64.5
120.0
40.5
111.0
22.5
97.5
66.0
208.5
205.5
19.5
22.5
90.0
112.5
45.0
114.0
130.5
90.0
18.0
225.0
97.5
40.5
133.5
106.5
148.5
73.5
72.0
109.5
66.0
43.5
142.5
153.0
84.0
105.0
142.5
127.5
216.0
25.5
132.0
51.0
15.0
136.5
24.0
139.5
55.5
37.5
48.0
141.0
117.0
126.0
148.5
96.0
223.5
174.0
151.5
61.5
54.0
99.0
178.5
150.0
31.5
175.5
84.0
76.5
49.5
84.0
34.5
18.0
36.0
111.0
124.5
168.0
153.0
123.0
123.0
130.5
73.5
100.5
58.5
169.5
144.0
30.0
55.5
40.5
202.5
58.5
66.0
147.0
88.5
193.5
198.0
37.5
123.0
129.0
40.5
145.5
175.5
69.0
355.5
85.5
70.5
25.5
42.0
99.0
138.0
88.5
37.5
69.0
66.0
31.5
48.0
54.0
78.0
57.0
244.5
96.0
85.5
94.5
109.5
37.5
34.5
4.5
99.0
96.0
73.5
61.5
55.5
136.5
27.0
133.5
172.5
58.5
126.0
141.0
130.5
42.0
13.5
261.0
67.5
33.0
7.5
97.5
40.5
19.5
118.5
270.0
63.0
51.0
96.0
72.0
55.5
178.5
64.5
72.0
93.0
148.5
70.5
57.0
61.5
108.0
13.5
1.5
111.0
148.5
64.5
231.0
147.0
36.0
39.0
40.5
124.5
171.0
195.0
141.0
93.0
88.5
111.0
189.0
112.5
37.5
16.5
39.0
58.5
172.5
153.0
177.0
90.0
108.0
51.0
84.0
144.0
177.0
70.5
43.5
76.5
124.5
51.0
162.0
72.0
55.5
139.5
54.0
90.0
105.0
105.0
97.5
129.0
76.5
153.0
54.0
79.5
33.0
103.5
63.0
30.0
132.0
60.0
141.0
112.5
106.5
78.0
117.0
75.0
180.0
145.5
147.0
72.0
55.5
199.5
114.0
132.0
145.5
72.0
28.5
58.5
3.0
93.0
15.0
55.5
76.5
55.5
54.0
162.0
87.0
120.0
19.5
121.5
150.0
163.5
66.0
132.0
81.0
123.0
87.0
120.0
120.0
12.0
28.5
40.5
124.5
87.0
91.5
24.0
100.5
129.0
33.0
117.0
118.5
55.5
172.5
99.0
127.5
90.0
43.5
48.0
109.5
25.5
111.0
45.0
130.5
7.5
94.5
99.0
67.5
169.5
51.0
168.0
205.5
19.5
43.5
13.5
12.0
52.5
48.0
81.0
12.0
70.5
52.5
153.0
208.5
48.0
88.5
78.0
70.5
75.0
249.0
66.0
84.0
106.5
55.5
61.5
148.5
36.0
25.5
102.0
93.0
60.0
42.0
75.0
81.0
180.0
19.5
168.0
94.5
69.0
204.0
55.5
31.5
132.0
139.5
37.5
168.0
40.5
42.0
99.0
243.0
48.0
58.5
73.5
76.5
19.5
55.5
100.5
144.0
234.0
127.5
54.0
28.5
39.0
234.0
72.0
28.5
178.5
121.5
139.5
18.0
49.5
129.0
145.5
66.0
135.0
175.5
138.0
15.0
250.5
85.5
58.5
69.0
13.5
31.5
19.5
48.0
196.5
37.5
117.0
168.0
150.0
106.5
34.5
150.0
117.0
100.5
124.5
40.5
123.0
55.5
229.5
58.5
100.5
249.0
87.0
142.5
163.5
70.5
175.5
139.5
247.5
129.0
214.5
145.5
37.5
141.0
103.5
64.5
99.0
84.0
94.5
96.0
81.0
28.5
105.0
168.0
46.5
46.5
157.5
27.0
165.0
118.5
90.0
58.5
24.0
75.0
55.5
93.0
48.0
61.5
121.5
58.5
87.0
34.5
96.0
154.5
207.0
24.0
79.5
42.0
61.5
46.5
67.5
31.5
79.5
18.0
112.5
40.5
148.5
52.5
75.0
34.5
220.5
39.0
54.0
88.5
138.0
117.0
159.0
66.0
46.5
21.0
30.0
87.0
61.5
45.0
99.0
45.0
91.5
48.0
13.5
304.5
34.5
187.5
64.5
37.5
99.0
168.0
223.5
54.0
87.0
187.5
96.0
57.0
111.0
87.0
19.5
259.5
157.5
93.0
112.5
52.5
42.0
27.0
100.5
90.0
151.5
69.0
162.0
114.0
13.5
58.5
33.0
139.5
76.5
175.5
33.0
168.0
228.0
121.5
138.0
162.0
46.5
171.0
63.0
54.0
147.0
24.0
273.0
82.5
88.5
73.5
85.5
37.5
85.5
180.0
79.5
52.5
138.0
64.5
111.0
198.0
103.5
144.0
97.5
108.0
37.5
43.5
154.5
148.5
85.5
21.0
61.5
42.0
84.0
154.5
72.0
139.5
31.5
70.5
84.0
31.5
9.0
133.5
55.5
78.0
58.5
28.5
100.5
34.5
124.5
103.5
127.5
55.5
39.0
28.5
52.5
105.0
177.0
123.0
31.5
162.0
4.5
72.0
63.0
54.0
117.0
105.0
108.0
46.5
84.0
55.5
70.5
73.5
63.0
99.0
96.0
48.0
64.5
79.5
91.5
106.5
54.0
120.0
33.0
12.0
15.0
120.0
25.5
123.0
15.0
21.0
124.5
97.5
37.5
21.0
24.0
94.5
211.5
94.5
99.0
45.0
18.0
195.0
286.5
94.5
142.5
135.0
34.5
111.0
139.5
54.0
39.0
15.0
39.0
124.5
49.5
160.5
22.5
93.0
81.0
78.0
61.5
73.5
199.5
96.0
108.0
112.5
136.5
31.5
67.5
88.5
36.0
45.0
31.5
91.5
184.5
42.0
97.5
64.5
82.5
130.5
46.5
99.0
55.5
96.0
199.5
58.5
100.5
60.0
136.5
97.5
49.5
24.0
97.5
64.5
19.5
162.0
126.0
111.0
169.5
36.0
40.5
183.0
48.0
15.0
66.0
45.0
30.0
64.5
109.5
60.0
51.0
112.5
132.0
162.0
91.5
120.0
165.0
51.0
48.0
118.5
91.5
151.5
85.5
67.5
70.5
37.5
39.0
100.5
39.0
108.0
82.5
189.0
34.5
81.0
99.0
112.5
136.5
69.0
138.0
45.0
93.0
165.0
67.5
291.0
273.0
78.0
42.0
25.5
55.5
45.0
111.0
201.0
69.0
51.0
106.5
57.0
129.0
174.0
61.5
117.0
61.5
21.0
94.5
84.0
187.5
160.5
4.5
121.5
54.0
91.5
108.0
52.5
67.5
109.5
151.5
129.0
105.0
82.5
187.5
138.0
30.0
94.5
142.5
139.5
39.0
64.5
183.0
111.0
58.5
145.5
120.0
121.5
181.5
36.0
201.0
28.5
204.0
205.5
94.5
106.5
67.5
66.0
55.5
118.5
93.0
31.5
48.0
196.5
130.5
60.0
9.0
70.5
118.5
133.5
115.5
118.5
52.5
129.0
81.0
18.0
97.5
90.0
12.0
46.5
73.5
102.0
82.5
27.0
270.0
54.0
105.0
37.5
108.0
121.5
81.0
66.0
57.0
142.5
48.0
57.0
27.0
97.5
114.0
94.5
97.5
67.5
145.5
90.0
112.5
57.0
331.5
90.0
186.0
70.5
61.5
126.0
90.0
121.5
57.0
12.0
37.5
117.0
70.5
48.0
136.5
111.0
129.0
75.0
16.5
154.5
97.5
123.0
87.0
66.0
51.0
63.0
93.0
81.0
27.0
61.5
136.5
81.0
147.0
43.5
193.5
34.5
88.5
55.5
166.5
39.0
85.5
141.0
46.5
145.5
43.5
111.0
133.5
126.0
16.5
138.0
183.0
174.0
18.0
28.5
57.0
129.0
81.0
153.0
15.0
109.5
33.0
115.5
49.5
102.0
60.0
66.0
99.0
108.0
39.0
117.0
81.0
37.5
21.0
51.0
37.5
16.5
72.0
103.5
34.5
78.0
22.5
45.0
147.0
112.5
165.0
187.5
49.5
109.5
54.0
108.0
61.5
72.0
127.5
145.5
81.0
49.5
115.5
64.5
112.5
190.5
60.0
93.0
93.0
99.0
166.5
103.5
228.0
19.5
123.0
61.5
187.5
139.5
160.5
196.5
40.5
97.5
289.5
147.0
103.5
151.5
115.5
162.0
7.5
75.0
294.0
91.5
67.5
43.5
120.0
27.0
13.5
156.0
16.5
22.5
91.5
87.0
141.0
60.0
37.5
55.5
111.0
79.5
63.0
96.0
69.0
102.0
153.0
60.0
165.0
114.0
129.0
102.0
121.5
43.5
12.0
103.5
84.0
33.0
52.5
117.0
139.5
121.5
48.0
37.5
22.5
84.0
18.0
133.5
31.5
178.5
136.5
48.0
52.5
55.5
54.0
76.5
46.5
42.0
160.5
21.0
70.5
13.5
97.5
111.0
172.5
39.0
124.5
10.5
39.0
42.0
55.5
81.0
124.5
190.5
151.5
22.5
160.5
84.0
124.5
93.0
78.0
198.0
123.0
114.0
109.5
142.5
9.0
78.0
46.5
99.0
46.5
84.0
37.5
43.5
97.5
91.5
67.5
130.5
184.5
66.0
51.0
162.0
76.5
85.5
153.0
97.5
141.0
51.0
97.5
3.0
30.0
130.5
42.0
27.0
7.5
46.5
31.5
180.0
22.5
97.5
48.0
70.5
100.5
45.0
61.5
60.0
55.5
67.5
45.0
97.5
343.5
96.0
97.5
63.0
148.5
103.5
72.0
81.0
64.5
70.5
189.0
157.5
87.0
39.0
48.0
16.5
90.0
72.0
102.0
88.5
94.5
112.5
42.0
174.0
120.0
54.0
27.0
28.5
63.0
75.0
12.0
93.0
21.0
103.5
36.0
54.0
61.5
55.5
79.5
147.0
100.5
48.0
42.0
73.5
181.5
43.5
94.5
73.5
141.0
48.0
79.5
156.0
33.0
91.5
97.5
22.5
87.0
87.0
15.0
90.0
115.5
79.5
126.0
75.0
196.5
3.0
51.0
63.0
42.0
123.0
63.0
91.5
76.5
22.5
172.5
109.5
46.5
103.5
130.5
82.5
106.5
187.5
157.5
67.5
142.5
81.0
70.5
48.0
108.0
24.0
196.5
64.5
19.5
90.0
171.0
97.5
123.0
45.0
79.5
24.0
136.5
16.5
34.5
46.5
159.0
78.0
126.0
100.5
51.0
106.5
28.5
67.5
84.0
79.5
76.5
72.0
58.5
82.5
147.0
3.0
21.0
133.5
60.0
82.5
139.5
76.5
66.0
145.5
115.5
151.5
30.0
99.0
141.0
144.0
36.0
36.0
82.5
150.0
91.5
81.0
190.5
67.5
126.0
45.0
75.0
91.5
52.5
4.5
70.5
64.5
196.5
148.5
111.0
219.0
100.5
85.5
48.0
159.0
64.5
334.5
184.5
81.0
13.5
48.0
36.0
99.0
136.5
91.5
127.5
96.0
85.5
39.0
234.0
147.0
111.0
124.5
42.0
109.5
117.0
141.0
21.0
112.5
87.0
70.5
199.5
73.5
117.0
129.0
70.5
79.5
57.0
67.5
61.5
28.5
114.0
58.5
133.5
31.5
69.0
36.0
168.0
54.0
99.0
141.0
96.0
57.0
27.0
123.0
210.0
109.5
46.5
84.0
27.0
138.0
19.5
88.5
127.5
34.5
58.5
37.5
64.5
78.0
9.0
145.5
42.0
27.0
93.0
61.5
102.0
15.0
42.0
7.5
49.5
82.5
114.0
124.5
1.5
97.5
34.5
61.5
9.0
160.5
111.0
151.5
70.5
237.0
27.0
117.0
39.0
157.5
139.5
165.0
84.0
153.0
52.5
51.0
79.5
63.0
27.0
46.5
63.0
87.0
99.0
87.0
19.5
115.5
48.0
87.0
90.0
78.0
241.5
171.0
208.5
121.5
102.0
21.0
57.0
60.0
48.0
34.5
60.0
123.0
208.5
153.0
78.0
45.0
94.5
99.0
84.0
123.0
184.5
118.5
37.5
238.5
85.5
58.5
67.5
204.0
39.0
57.0
48.0
43.5
157.5
84.0
148.5
67.5
34.5
112.5
78.0
69.0
42.0
118.5
148.5
82.5
102.0
88.5
13.5
24.0
33.0
45.0
78.0
195.0
90.0
151.5
76.5
157.5
28.5
31.5
22.5
124.5
60.0
57.0
118.5
232.5
144.0
67.5
69.0
3.0
118.5
118.5
139.5
175.5
42.0
114.0
108.0
7.5
49.5
231.0
87.0
205.5
72.0
114.0
154.5
58.5
139.5
117.0
139.5
139.5
79.5
69.0
54.0
100.5
15.0
88.5
177.0
64.5
264.0
247.5
79.5
216.0
79.5
57.0
72.0
61.5
87.0
57.0
6.0
10.5
139.5
27.0
103.5
64.5
85.5
75.0
144.0
172.5
72.0
63.0
118.5
151.5
91.5
28.5
135.0
37.5
48.0
33.0
94.5
78.0
75.0
43.5
103.5
40.5
37.5
259.5
109.5
106.5
34.5
109.5
150.0
117.0
126.0
82.5
57.0
154.5
84.0
31.5
61.5
66.0
87.0
61.5
25.5
94.5
93.0
112.5
22.5
22.5
72.0
39.0
48.0
52.5
39.0
91.5
28.5
24.0
69.0
67.5
91.5
9.0
88.5
46.5
112.5
85.5
48.0
46.5
214.5
81.0
97.5
97.5
66.0
60.0
166.5
102.0
81.0
75.0
169.5
204.0
237.0
58.5
48.0
129.0
93.0
136.5
223.5
90.0
27.0
123.0
46.5
195.0
58.5
78.0
136.5
150.0
33.0
175.5
90.0
285.0
63.0
85.5
39.0
130.5
178.5
42.0
64.5
93.0
49.5
108.0
73.5
97.5
112.5
91.5
45.0
12.0
127.5
156.0
91.5
124.5
96.0
97.5
70.5
70.5
108.0
121.5
208.5
250.5
42.0
168.0
45.0
132.0
135.0
139.5
43.5
57.0
142.5
43.5
114.0
156.0
46.5
96.0
39.0
64.5
37.5
150.0
37.5
102.0
97.5
66.0
147.0
60.0
108.0
97.5
184.5
61.5
103.5
64.5
25.5
63.0
43.5
159.0
93.0
42.0
28.5
163.5
90.0
45.0
126.0
105.0
52.5
201.0
222.0
48.0
192.0
139.5
81.0
111.0
171.0
79.5
103.5
36.0
136.5
153.0
306.0
10.5
130.5
121.5
28.5
91.5
60.0
42.0
100.5
81.0
111.0
93.0
37.5
109.5
28.5
45.0
72.0
76.5
150.0
69.0
58.5
18.0
57.0
7.5
123.0
21.0
70.5
100.5
102.0
69.0
30.0
69.0
151.5
136.5
54.0
37.5
93.0
184.5
16.5
75.0
115.5
82.5
36.0
40.5
106.5
31.5
51.0
174.0
94.5
60.0
292.5
199.5
30.0
54.0
115.5
16.5
57.0
150.0
108.0
75.0
52.5
72.0
54.0
33.0
16.5
166.5
133.5
43.5
235.5
105.0
144.0
25.5
99.0
16.5
160.5
90.0
228.0
109.5
37.5
42.0
48.0
82.5
244.5
150.0
21.0
147.0
66.0
49.5
115.5
75.0
57.0
49.5
139.5
70.5
154.5
172.5
100.5
220.5
123.0
165.0
39.0
240.0
166.5
97.5
75.0
57.0
52.5
34.5
16.5
85.5
118.5
48.0
46.5
81.0
117.0
142.5
18.0
75.0
49.5
42.0
123.0
54.0
181.5
69.0
108.0
153.0
187.5
108.0
174.0
58.5
133.5
79.5
114.0
70.5
121.5
247.5
100.5
181.5
22.5
175.5
36.0
73.5
63.0
114.0
139.5
39.0
91.5
52.5
141.0
55.5
139.5
121.5
148.5
136.5
124.5
36.0
36.0
55.5
102.0
54.0
96.0
99.0
37.5
39.0
183.0
27.0
39.0
150.0
186.0
120.0
48.0
106.5
133.5
79.5
123.0
37.5
52.5
157.5
114.0
90.0
138.0
144.0
75.0
42.0
4.5
121.5
37.5
57.0
84.0
138.0
64.5
207.0
45.0
253.5
126.0
51.0
78.0
69.0
147.0
133.5
175.5
60.0
148.5
31.5
16.5
120.0
69.0
162.0
106.5
129.0
100.5
109.5
34.5
10.5
84.0
63.0
67.5
132.0
9.0
142.5
45.0
102.0
52.5
106.5
106.5
40.5
63.0
85.5
217.5
115.5
106.5
63.0
157.5
190.5
69.0
231.0
217.5
73.5
16.5
184.5
124.5
10.5
109.5
28.5
73.5
52.5
22.5
145.5
9.0
213.0
27.0
99.0
91.5
168.0
34.5
30.0
117.0
70.5
171.0
78.0
138.0
102.0
126.0
75.0
141.0
81.0
156.0
69.0
79.5
75.0
33.0
88.5
130.5
54.0
48.0
223.5
55.5
39.0
51.0
34.5
72.0
42.0
148.5
96.0
96.0
43.5
7.5
51.0
90.0
94.5
189.0
196.5
96.0
127.5
97.5
145.5
195.0
69.0
148.5
46.5
61.5
22.5
150.0
67.5
136.5
120.0
36.0
28.5
112.5
109.5
165.0
18.0
117.0
30.0
72.0
12.0
112.5
75.0
63.0
12.0
75.0
109.5
63.0
238.5
49.5
76.5
241.5
96.0
141.0
51.0
123.0
183.0
177.0
102.0
31.5
124.5
102.0
58.5
147.0
145.5
126.0
81.0
81.0
12.0
31.5
69.0
27.0
112.5
31.5
112.5
66.0
27.0
112.5
46.5
12.0
91.5
52.5
75.0
136.5
66.0
34.5
61.5
177.0
27.0
31.5
27.0
70.5
168.0
91.5
67.5
45.0
138.0
156.0
54.0
159.0
100.5
91.5
87.0
96.0
96.0
175.5
19.5
43.5
132.0
210.0
124.5
283.5
114.0
79.5
82.5
25.5
78.0
81.0
22.5
22.5
201.0
127.5
70.5
15.0
132.0
105.0
67.5
66.0
156.0
52.5
150.0
63.0
72.0
67.5
85.5
34.5
133.5
156.0
192.0
31.5
175.5
204.0
12.0
39.0
36.0
90.0
132.0
91.5
9.0
40.5
283.5
61.5
114.0
51.0
36.0
64.5
82.5
34.5
24.0
115.5
34.5
262.5
63.0
55.5
174.0
66.0
34.5
127.5
114.0
54.0
190.5
27.0
31.5
42.0
27.0
43.5
24.0
49.5
70.5
45.0
111.0
88.5
90.0
162.0
124.5
90.0
73.5
283.5
82.5
28.5
148.5
102.0
28.5
55.5
78.0
54.0
97.5
58.5
162.0
27.0
69.0
58.5
216.0
57.0
91.5
30.0
40.5
91.5
114.0
73.5
97.5
51.0
97.5
166.5
115.5
177.0
78.0
241.5
148.5
237.0
43.5
102.0
81.0
51.0
178.5
75.0
70.5
49.5
52.5
42.0
46.5
36.0
64.5
93.0
81.0
31.5
48.0
88.5
70.5
208.5
66.0
112.5
55.5
18.0
207.0
63.0
27.0
70.5
58.5
15.0
142.5
121.5
114.0
133.5
76.5
33.0
157.5
118.5
81.0
81.0
15.0
108.0
19.5
339.0
66.0
108.0
102.0
138.0
78.0
88.5
69.0
165.0
28.5
46.5
94.5
225.0
162.0
91.5
69.0
42.0
72.0
31.5
24.0
24.0
159.0
253.5
66.0
25.5
30.0
82.5
43.5
150.0
82.5
49.5
36.0
82.5
57.0
55.5
40.5
43.5
91.5
16.5
81.0
19.5
124.5
91.5
124.5
94.5
78.0
24.0
183.0
117.0
234.0
135.0
111.0
127.5
85.5
112.5
85.5
7.5
66.0
45.0
142.5
127.5
112.5
120.0
33.0
223.5
94.5
132.0
79.5
34.5
46.5
36.0
159.0
88.5
64.5
81.0
177.0
90.0
45.0
102.0
153.0
84.0
19.5
106.5
19.5
72.0
58.5
94.5
48.0
93.0
40.5
18.0
28.5
193.5
76.5
171.0
49.5
87.0
156.0
225.0
52.5
147.0
169.5
72.0
87.0
79.5
93.0
111.0
52.5
58.5
225.0
144.0
73.5
123.0
51.0
75.0
52.5
159.0
22.5
61.5
78.0
178.5
30.0
49.5
30.0
166.5
49.5
100.5
39.0
241.5
73.5
67.5
102.0
87.0
40.5
157.5
106.5
61.5
34.5
213.0
168.0
94.5
85.5
124.5
153.0
85.5
210.0
115.5
154.5
120.0
114.0
21.0
148.5
115.5
58.5
55.5
18.0
102.0
154.5
169.5
154.5
114.0
111.0
70.5
150.0
22.5
27.0
52.5
120.0
85.5
21.0
109.5
64.5
45.0
57.0
46.5
160.5
76.5
76.5
129.0
70.5
51.0
60.0
57.0
48.0
91.5
129.0
79.5
52.5
87.0
49.5
96.0
114.0
31.5
288.0
87.0
61.5
88.5
72.0
63.0
151.5
84.0
82.5
226.5
61.5
60.0
115.5
30.0
22.5
153.0
33.0
199.5
85.5
33.0
102.0
63.0
100.5
30.0
66.0
82.5
46.5
154.5
19.5
39.0
129.0
19.5
22.5
21.0
153.0
180.0
105.0
165.0
18.0
99.0
90.0
46.5
166.5
51.0
145.5
151.5
100.5
216.0
106.5
60.0
31.5
6.0
147.0
28.5
19.5
76.5
81.0
147.0
103.5
39.0
34.5
147.0
16.5
151.5
186.0
1.5
64.5
30.0
82.5
187.5
63.0
96.0
97.5
33.0
135.0
75.0
136.5
45.0
52.5
75.0
96.0
90.0
106.5
103.5
124.5
211.5
109.5
46.5
103.5
228.0
54.0
79.5
337.5
30.0
42.0
16.5
135.0
63.0
94.5
126.0
22.5
175.5
211.5
69.0
52.5
70.5
66.0
91.5
135.0
60.0
115.5
177.0
70.5
31.5
88.5
78.0
199.5
64.5
100.5
208.5
85.5
208.5
106.5
115.5
18.0
79.5
264.0
61.5
45.0
148.5
28.5
96.0
192.0
70.5
115.5
49.5
118.5
72.0
16.5
64.5
40.5
72.0
102.0
27.0
66.0
22.5
100.5
16.5
133.5
39.0
48.0
16.5
129.0
181.5
210.0
96.0
40.5
157.5
117.0
63.0
147.0
115.5
166.5
25.5
49.5
79.5
156.0
123.0
61.5
93.0
150.0
72.0
96.0
57.0
91.5
52.5
33.0
33.0
150.0
192.0
106.5
54.0
13.5
25.5
67.5
126.0
27.0
187.5
154.5
105.0
78.0
27.0
85.5
172.5
196.5
75.0
30.0
193.5
277.5
60.0
39.0
70.5
186.0
172.5
163.5
120.0
28.5
105.0
39.0
54.0
4.5
87.0
148.5
3.0
70.5
42.0
112.5
72.0
180.0
247.5
100.5
117.0
180.0
58.5
133.5
124.5
204.0
90.0
112.5
37.5
82.5
84.0
135.0
75.0
315.0
25.5
153.0
117.0
25.5
54.0
16.5
24.0
100.5
64.5
30.0
135.0
34.5
94.5
78.0
186.0
93.0
70.5
202.5
33.0
16.5
34.5
105.0
280.5
103.5
121.5
193.5
132.0
183.0
93.0
93.0
265.5
55.5
87.0
63.0
114.0
210.0
46.5
46.5
57.0
120.0
24.0
42.0
169.5
106.5
127.5
51.0
78.0
72.0
36.0
111.0
103.5
172.5
129.0
127.5
156.0
150.0
34.5
24.0
39.0
253.5
30.0
73.5
52.5
46.5
79.5
54.0
33.0
33.0
85.5
48.0
120.0
33.0
129.0
78.0
46.5
57.0
63.0
91.5
19.5
45.0
150.0
46.5
61.5
36.0
78.0
42.0
66.0
159.0
64.5
156.0
66.0
127.5
21.0
39.0
334.5
78.0
156.0
103.5
85.5
67.5
109.5
45.0
60.0
36.0
132.0
57.0
28.5
28.5
42.0
60.0
10.5
27.0
229.5
40.5
99.0
268.5
51.0
150.0
142.5
67.5
46.5
16.5
25.5
130.5
141.0
73.5
105.0
40.5
100.5
57.0
10.5
42.0
351.0
58.5
60.0
111.0
66.0
54.0
72.0
94.5
76.5
61.5
105.0
99.0
267.0
193.5
52.5
76.5
30.0
34.5
145.5
91.5
69.0
88.5
96.0
159.0
133.5
153.0
168.0
60.0
193.5
132.0
97.5
157.5
94.5
87.0
168.0
168.0
66.0
33.0
36.0
90.0
192.0
67.5
42.0
60.0
15.0
186.0
222.0
192.0
180.0
85.5
45.0
55.5
78.0
78.0
160.5
106.5
64.5
130.5
30.0
166.5
178.5
19.5
214.5
99.0
121.5
85.5
138.0
144.0
177.0
78.0
81.0
141.0
69.0
96.0
75.0
31.5
109.5
160.5
81.0
31.5
94.5
64.5
45.0
31.5
63.0
120.0
90.0
115.5
22.5
72.0
15.0
265.5
111.0
69.0
103.5
99.0
34.5
57.0
169.5
69.0
73.5
48.0
52.5
43.5
69.0
157.5
78.0
81.0
46.5
100.5
72.0
57.0
54.0
159.0
31.5
135.0
111.0
175.5
144.0
94.5
52.5
109.5
45.0
234.0
132.0
108.0
117.0
154.5
70.5
34.5
90.0
54.0
66.0
90.0
108.0
36.0
97.5
172.5
54.0
55.5
27.0
61.5
40.5
147.0
27.0
49.5
97.5
178.5
67.5
141.0
91.5
51.0
31.5
99.0
85.5
61.5
19.5
9.0
42.0
295.5
76.5
33.0
82.5
34.5
90.0
96.0
61.5
49.5
75.0
58.5
196.5
22.5
33.0
154.5
91.5
136.5
28.5
184.5
184.5
69.0
198.0
96.0
129.0
117.0
79.5
54.0
121.5
127.5
100.5
49.5
121.5
156.0
174.0
58.5
37.5
39.0
148.5
21.0
82.5
112.5
51.0
76.5
22.5
73.5
93.0
120.0
85.5
216.0
109.5
30.0
96.0
124.5
87.0
36.0
88.5
213.0
70.5
81.0
54.0
87.0
43.5
148.5
36.0
204.0
85.5
40.5
174.0
64.5
156.0
96.0
58.5
82.5
97.5
165.0
49.5
16.5
96.0
91.5
127.5
177.0
52.5
111.0
30.0
76.5
123.0
136.5
177.0
162.0
22.5
57.0
102.0
82.5
106.5
100.5
45.0
229.5
90.0
142.5
25.5
58.5
159.0
136.5
130.5
49.5
46.5
241.5
55.5
139.5
123.0
67.5
94.5
94.5
169.5
66.0
57.0
141.0
120.0
78.0
141.0
48.0
121.5
69.0
133.5
144.0
