495.0
229.5
402.0
372.0
201.0
334.5
487.5
156.0
198.0
520.5
370.5
60.0
309.0
342.0
298.5
343.5
337.5
382.5
423.0
255.0
351.0
199.5
174.0
385.5
112.5
102.0
442.5
429.0
376.5
349.5
447.0
138.0
154.5
460.5
447.0
315.0
435.0
366.0
195.0
366.0
204.0
159.0
412.5
379.5
469.5
162.0
483.0
96.0
82.5
505.5
337.5
249.0
340.5
127.5
237.0
351.0
129.0
417.0
243.0
441.0
199.5
355.5
34.5
45.0
214.5
412.5
424.5
411.0
424.5
298.5
471.0
217.5
66.0
289.5
69.0
516.0
423.0
262.5
28.5
430.5
445.5
478.5
346.5
345.0
97.5
313.5
345.0
324.0
162.0
280.5
448.5
403.5
442.5
459.0
232.5
489.0
328.5
426.0
379.5
282.0
226.5
499.5
409.5
319.5
100.5
154.5
160.5
217.5
379.5
438.0
483.0
69.0
411.0
421.5
370.5
18.0
399.0
468.0
325.5
301.5
435.0
441.0
367.5
274.5
168.0
369.0
379.5
135.0
432.0
334.5
337.5
376.5
49.5
396.0
112.5
502.5
216.0
357.0
303.0
106.5
268.5
427.5
309.0
438.0
435.0
429.0
46.5
133.5
469.5
321.0
141.0
477.0
423.0
394.5
316.5
313.5
391.5
358.5
360.0
228.0
406.5
388.5
385.5
85.5
286.5
217.5
84.0
418.5
436.5
372.0
37.5
393.0
420.0
432.0
349.5
244.5
465.0
390.0
288.0
268.5
316.5
315.0
207.0
385.5
478.5
418.5
60.0
409.5
322.5
123.0
184.5
265.5
177.0
420.0
387.0
340.5
198.0
358.5
39.0
162.0
480.0
412.5
291.0
402.0
460.5
157.5
321.0
196.5
400.5
426.0
361.5
100.5
493.5
237.0
426.0
418.5
451.5
450.0
225.0
394.5
297.0
357.0
438.0
463.5
255.0
235.5
460.5
136.5
363.0
433.5
268.5
402.0
384.0
232.5
508.5
379.5
174.0
469.5
234.0
351.0
183.0
376.5
433.5
265.5
358.5
342.0
399.0
255.0
288.0
18.0
421.5
361.5
426.0
258.0
22.5
421.5
268.5
171.0
441.0
510.0
393.0
451.5
253.5
216.0
255.0
333.0
373.5
16.5
336.0
460.5
166.5
291.0
414.0
342.0
414.0
403.5
435.0
426.0
373.5
447.0
117.0
102.0
322.5
408.0
457.5
186.0
334.5
121.5
396.0
330.0
441.0
444.0
153.0
106.5
381.0
285.0
415.5
262.5
376.5
151.5
202.5
435.0
379.5
466.5
205.5
387.0
273.0
333.0
151.5
435.0
55.5
184.5
354.0
373.5
216.0
250.5
366.0
328.5
306.0
192.0
348.0
229.5
214.5
474.0
114.0
403.5
348.0
415.5
372.0
286.5
385.5
270.0
222.0
369.0
445.5
262.5
385.5
466.5
421.5
151.5
216.0
468.0
243.0
376.5
154.5
301.5
468.0
267.0
330.0
456.0
424.5
432.0
64.5
231.0
387.0
417.0
208.5
96.0
432.0
448.5
343.5
423.0
150.0
411.0
388.5
75.0
400.5
276.0
84.0
208.5
493.5
436.5
322.5
346.5
103.5
286.5
201.0
192.0
153.0
432.0
331.5
361.5
303.0
397.5
372.0
430.5
394.5
472.5
448.5
100.5
211.5
436.5
298.5
132.0
457.5
448.5
114.0
411.0
442.5
147.0
100.5
132.0
373.5
438.0
396.0
448.5
319.5
468.0
219.0
420.0
390.0
351.0
343.5
372.0
399.0
96.0
393.0
337.5
39.0
376.5
307.5
379.5
373.5
444.0
256.5
411.0
399.0
75.0
343.5
102.0
439.5
370.5
463.5
37.5
454.5
201.0
352.5
345.0
346.5
459.0
340.5
198.0
363.0
268.5
132.0
406.5
348.0
297.0
217.5
438.0
330.0
189.0
409.5
381.0
459.0
463.5
511.5
202.5
367.5
133.5
207.0
423.0
211.5
324.0
484.5
153.0
222.0
363.0
154.5
355.5
432.0
136.5
79.5
271.5
376.5
457.5
396.0
78.0
310.5
277.5
360.0
481.5
445.5
360.0
121.5
336.0
172.5
276.0
408.0
228.0
330.0
315.0
139.5
471.0
441.0
405.0
309.0
454.5
145.5
424.5
375.0
358.5
300.0
264.0
357.0
262.5
69.0
489.0
451.5
432.0
330.0
429.0
456.0
406.5
261.0
252.0
402.0
157.5
423.0
162.0
73.5
358.5
418.5
367.5
403.5
153.0
207.0
127.5
322.5
165.0
316.5
483.0
348.0
367.5
210.0
166.5
465.0
154.5
390.0
435.0
381.0
289.5
324.0
403.5
496.5
229.5
393.0
346.5
304.5
445.5
385.5
493.5
241.5
457.5
367.5
124.5
409.5
459.0
313.5
403.5
336.0
430.5
381.0
192.0
310.5
451.5
172.5
457.5
457.5
297.0
252.0
321.0
321.0
312.0
307.5
120.0
255.0
370.5
435.0
472.5
481.5
433.5
442.5
447.0
157.5
303.0
418.5
201.0
282.0
213.0
390.0
264.0
141.0
303.0
331.5
460.5
469.5
303.0
412.5
223.5
486.0
264.0
253.5
345.0
487.5
378.0
316.5
85.5
459.0
451.5
225.0
246.0
204.0
270.0
507.0
462.0
334.5
301.5
439.5
84.0
282.0
495.0
340.5
378.0
352.5
423.0
327.0
390.0
285.0
478.5
111.0
345.0
150.0
66.0
409.5
234.0
99.0
232.5
417.0
300.0
403.5
156.0
367.5
256.5
220.5
342.0
190.5
327.0
321.0
349.5
429.0
243.0
421.5
375.0
330.0
367.5
286.5
391.5
388.5
175.5
67.5
193.5
369.0
96.0
328.5
115.5
121.5
450.0
157.5
280.5
60.0
121.5
109.5
451.5
402.0
396.0
453.0
313.5
327.0
414.0
379.5
465.0
496.5
109.5
189.0
64.5
343.5
414.0
448.5
255.0
82.5
499.5
466.5
288.0
301.5
252.0
396.0
459.0
105.0
313.5
505.5
358.5
469.5
363.0
451.5
234.0
367.5
330.0
213.0
372.0
109.5
307.5
91.5
280.5
439.5
271.5
402.0
336.0
465.0
118.5
424.5
265.5
414.0
435.0
148.5
216.0
447.0
213.0
468.0
264.0
31.5
462.0
319.5
192.0
430.5
274.5
235.5
187.5
457.5
195.0
358.5
447.0
234.0
244.5
144.0
325.5
457.5
349.5
369.0
436.5
169.5
57.0
322.5
393.0
142.5
186.0
129.0
445.5
345.0
369.0
375.0
409.5
319.5
352.5
238.5
123.0
363.0
447.0
156.0
363.0
411.0
421.5
246.0
252.0
187.5
199.5
78.0
460.5
147.0
114.0
348.0
192.0
310.5
253.5
466.5
96.0
424.5
148.5
310.5
159.0
360.0
385.5
439.5
480.0
319.5
282.0
375.0
427.5
58.5
334.5
354.0
108.0
127.5
370.5
327.0
460.5
105.0
442.5
261.0
370.5
373.5
385.5
402.0
112.5
141.0
207.0
396.0
232.5
298.5
375.0
403.5
337.5
436.5
337.5
87.0
187.5
273.0
394.5
126.0
369.0
118.5
474.0
427.5
465.0
388.5
46.5
439.5
439.5
283.5
316.5
249.0
378.0
423.0
270.0
382.5
412.5
430.5
267.0
42.0
154.5
331.5
199.5
396.0
391.5
88.5
427.5
367.5
141.0
91.5
367.5
451.5
421.5
420.0
147.0
367.5
367.5
466.5
88.5
286.5
421.5
402.0
306.0
505.5
177.0
373.5
420.0
316.5
394.5
337.5
85.5
172.5
112.5
150.0
450.0
409.5
355.5
436.5
114.0
277.5
465.0
381.0
289.5
411.0
187.5
222.0
391.5
112.5
414.0
487.5
217.5
432.0
400.5
325.5
432.0
346.5
442.5
147.0
421.5
214.5
427.5
271.5
394.5
255.0
216.0
129.0
435.0
364.5
252.0
246.0
76.5
423.0
391.5
100.5
310.5
318.0
115.5
156.0
108.0
378.0
58.5
424.5
187.5
247.5
117.0
280.5
417.0
283.5
303.0
364.5
165.0
513.0
304.5
253.5
216.0
408.0
148.5
331.5
480.0
25.5
136.5
229.5
183.0
312.0
295.5
156.0
189.0
270.0
319.5
376.5
79.5
463.5
432.0
378.0
423.0
247.5
349.5
357.0
391.5
82.5
162.0
99.0
402.0
477.0
307.5
385.5
390.0
400.5
397.5
85.5
220.5
337.5
204.0
186.0
462.0
444.0
412.5
271.5
486.0
423.0
123.0
381.0
333.0
450.0
237.0
285.0
135.0
361.5
439.5
429.0
93.0
91.5
400.5
432.0
348.0
154.5
345.0
468.0
364.5
361.5
358.5
79.5
190.5
480.0
367.5
279.0
438.0
205.5
463.5
360.0
324.0
217.5
241.5
421.5
430.5
265.5
211.5
334.5
358.5
387.0
189.0
384.0
448.5
463.5
348.0
220.5
321.0
472.5
207.0
357.0
367.5
451.5
402.0
60.0
342.0
295.5
261.0
90.0
370.5
376.5
312.0
445.5
463.5
346.5
256.5
501.0
217.5
468.0
406.5
402.0
483.0
385.5
339.0
412.5
255.0
492.0
85.5
195.0
51.0
397.5
247.5
249.0
78.0
216.0
483.0
438.0
208.5
421.5
165.0
82.5
409.5
34.5
397.5
399.0
381.0
421.5
369.0
417.0
171.0
322.5
399.0
70.5
258.0
469.5
175.5
316.5
85.5
450.0
234.0
412.5
60.0
385.5
351.0
271.5
364.5
157.5
322.5
91.5
135.0
133.5
355.5
351.0
339.0
232.5
294.0
357.0
274.5
42.0
241.5
369.0
121.5
84.0
358.5
453.0
456.0
75.0
430.5
267.0
123.0
459.0
492.0
187.5
424.5
43.5
429.0
448.5
97.5
310.5
24.0
217.5
34.5
306.0
357.0
391.5
435.0
207.0
340.5
328.5
306.0
12.0
240.0
208.5
336.0
286.5
393.0
412.5
382.5
57.0
406.5
372.0
211.5
442.5
106.5
474.0
450.0
399.0
73.5
397.5
250.5
141.0
345.0
442.5
138.0
286.5
456.0
157.5
418.5
204.0
208.5
349.5
403.5
87.0
348.0
238.5
106.5
349.5
387.0
381.0
430.5
327.0
394.5
432.0
151.5
469.5
469.5
394.5
238.5
445.5
483.0
70.5
417.0
133.5
483.0
424.5
441.0
363.0
276.0
127.5
424.5
438.0
70.5
310.5
124.5
168.0
348.0
318.0
160.5
409.5
303.0
273.0
276.0
132.0
396.0
270.0
258.0
103.5
276.0
406.5
123.0
247.5
303.0
73.5
423.0
243.0
438.0
349.5
273.0
405.0
447.0
264.0
33.0
414.0
73.5
301.5
384.0
376.5
351.0
249.0
247.5
367.5
265.5
285.0
235.5
234.0
394.5
384.0
301.5
381.0
394.5
471.0
322.5
394.5
168.0
453.0
399.0
49.5
54.0
111.0
438.0
232.5
288.0
345.0
282.0
435.0
268.5
480.0
225.0
66.0
213.0
280.5
228.0
403.5
67.5
322.5
387.0
373.5
447.0
331.5
456.0
378.0
403.5
403.5
189.0
345.0
316.5
277.5
184.5
327.0
412.5
271.5
280.5
343.5
105.0
415.5
417.0
424.5
273.0
84.0
453.0
354.0
273.0
388.5
414.0
385.5
225.0
415.5
229.5
250.5
351.0
217.5
415.5
388.5
57.0
139.5
322.5
217.5
412.5
418.5
117.0
475.5
289.5
333.0
487.5
309.0
477.0
352.5
427.5
291.0
373.5
330.0
256.5
342.0
150.0
439.5
426.0
403.5
360.0
99.0
154.5
327.0
258.0
477.0
343.5
369.0
157.5
349.5
484.5
412.5
472.5
291.0
70.5
303.0
246.0
195.0
112.5
100.5
283.5
289.5
288.0
484.5
364.5
490.5
447.0
285.0
294.0
423.0
222.0
52.5
358.5
334.5
460.5
418.5
355.5
412.5
283.5
444.0
256.5
216.0
285.0
138.0
393.0
343.5
358.5
432.0
354.0
171.0
501.0
108.0
379.5
349.5
354.0
237.0
90.0
385.5
423.0
289.5
384.0
451.5
400.5
336.0
283.5
400.5
202.5
414.0
157.5
43.5
432.0
427.5
114.0
372.0
376.5
483.0
300.0
427.5
117.0
208.5
111.0
439.5
448.5
357.0
333.0
435.0
337.5
195.0
405.0
213.0
63.0
468.0
385.5
213.0
168.0
199.5
357.0
88.5
253.5
438.0
399.0
411.0
391.5
61.5
196.5
358.5
333.0
363.0
159.0
93.0
423.0
372.0
99.0
303.0
379.5
198.0
22.5
141.0
309.0
439.5
261.0
309.0
97.5
381.0
426.0
418.5
79.5
478.5
459.0
369.0
355.5
423.0
69.0
211.5
112.5
187.5
253.5
232.5
264.0
151.5
454.5
409.5
106.5
370.5
289.5
282.0
364.5
442.5
247.5
220.5
318.0
417.0
342.0
237.0
121.5
60.0
151.5
339.0
67.5
213.0
198.0
486.0
420.0
427.5
64.5
114.0
202.5
390.0
214.5
498.0
481.5
42.0
93.0
216.0
393.0
142.5
420.0
394.5
406.5
472.5
423.0
429.0
121.5
406.5
457.5
280.5
222.0
403.5
264.0
99.0
343.5
495.0
393.0
159.0
382.5
187.5
471.0
457.5
375.0
291.0
420.0
333.0
477.0
345.0
105.0
106.5
412.5
216.0
429.0
387.0
426.0
261.0
180.0
409.5
171.0
421.5
442.5
481.5
442.5
418.5
342.0
217.5
270.0
430.5
394.5
445.5
198.0
282.0
375.0
414.0
318.0
379.5
216.0
117.0
459.0
132.0
490.5
414.0
469.5
108.0
351.0
303.0
322.5
397.5
415.5
162.0
336.0
312.0
166.5
315.0
372.0
430.5
175.5
339.0
421.5
207.0
379.5
393.0
379.5
393.0
187.5
447.0
241.5
391.5
417.0
406.5
271.5
331.5
322.5
427.5
456.0
103.5
204.0
283.5
433.5
394.5
303.0
387.0
372.0
328.5
412.5
228.0
400.5
160.5
211.5
390.0
442.5
418.5
402.0
289.5
177.0
325.5
423.0
424.5
322.5
487.5
150.0
51.0
432.0
60.0
295.5
88.5
277.5
67.5
433.5
267.0
432.0
418.5
375.0
405.0
232.5
399.0
345.0
312.0
439.5
103.5
30.0
247.5
201.0
391.5
448.5
319.5
459.0
378.0
231.0
496.5
238.5
175.5
426.0
403.5
271.5
358.5
291.0
415.5
342.0
462.0
435.0
156.0
378.0
379.5
390.0
330.0
451.5
435.0
310.5
430.5
193.5
258.0
211.5
355.5
84.0
306.0
352.5
417.0
207.0
136.5
405.0
139.5
396.0
178.5
454.5
90.0
531.0
99.0
351.0
417.0
466.5
255.0
358.5
354.0
447.0
211.5
451.5
456.0
387.0
277.5
126.0
249.0
61.5
474.0
169.5
448.5
432.0
90.0
339.0
402.0
295.5
244.5
160.5
436.5
370.5
327.0
384.0
274.5
478.5
340.5
445.5
439.5
442.5
439.5
121.5
456.0
475.5
445.5
325.5
412.5
454.5
393.0
387.0
436.5
111.0
442.5
322.5
394.5
477.0
258.0
94.5
154.5
412.5
417.0
114.0
69.0
321.0
171.0
264.0
423.0
94.5
237.0
358.5
120.0
448.5
253.5
357.0
135.0
309.0
412.5
87.0
405.0
396.0
448.5
222.0
381.0
382.5
400.5
190.5
94.5
439.5
220.5
130.5
430.5
349.5
184.5
513.0
121.5
312.0
403.5
306.0
282.0
106.5
399.0
379.5
412.5
87.0
240.0
369.0
384.0
465.0
388.5
112.5
79.5
246.0
417.0
210.0
381.0
315.0
418.5
396.0
375.0
253.5
403.5
117.0
177.0
421.5
444.0
351.0
504.0
178.5
139.5
468.0
417.0
430.5
262.5
138.0
352.5
477.0
493.5
301.5
153.0
204.0
135.0
444.0
432.0
198.0
270.0
252.0
354.0
457.5
429.0
54.0
261.0
406.5
424.5
145.5
454.5
493.5
313.5
390.0
153.0
381.0
364.5
177.0
96.0
375.0
79.5
187.5
282.0
130.5
369.0
469.5
144.0
259.5
403.5
420.0
438.0
478.5
409.5
139.5
390.0
378.0
442.5
411.0
340.5
210.0
256.5
276.0
406.5
438.0
168.0
441.0
91.5
184.5
337.5
403.5
445.5
465.0
180.0
388.5
411.0
303.0
420.0
151.5
192.0
264.0
250.5
322.5
349.5
261.0
220.5
444.0
280.5
273.0
462.0
457.5
460.5
136.5
273.0
294.0
382.5
97.5
361.5
49.5
451.5
247.5
328.5
390.0
384.0
352.5
384.0
256.5
345.0
418.5
139.5
345.0
361.5
144.0
369.0
363.0
331.5
393.0
177.0
427.5
366.0
349.5
355.5
363.0
354.0
124.5
427.5
430.5
279.0
469.5
72.0
499.5
403.5
330.0
73.5
270.0
303.0
430.5
228.0
381.0
382.5
274.5
253.5
243.0
435.0
316.5
334.5
501.0
61.5
108.0
349.5
297.0
217.5
355.5
31.5
352.5
147.0
364.5
345.0
388.5
211.5
91.5
252.0
198.0
223.5
462.0
85.5
456.0
360.0
459.0
315.0
486.0
120.0
252.0
261.0
352.5
220.5
129.0
303.0
229.5
367.5
162.0
58.5
412.5
121.5
400.5
295.5
477.0
231.0
426.0
439.5
36.0
412.5
366.0
268.5
375.0
363.0
222.0
364.5
196.5
405.0
196.5
25.5
478.5
406.5
100.5
318.0
337.5
397.5
411.0
415.5
400.5
411.0
108.0
285.0
309.0
316.5
33.0
210.0
382.5
462.0
123.0
426.0
447.0
435.0
366.0
157.5
168.0
109.5
442.5
205.5
259.5
63.0
307.5
342.0
114.0
412.5
363.0
312.0
151.5
229.5
388.5
322.5
366.0
448.5
453.0
246.0
120.0
168.0
421.5
369.0
292.5
225.0
183.0
150.0
154.5
346.5
444.0
69.0
186.0
399.0
384.0
393.0
381.0
411.0
415.5
220.5
108.0
430.5
451.5
375.0
429.0
412.5
444.0
471.0
319.5
442.5
418.5
457.5
121.5
142.5
414.0
232.5
219.0
415.5
370.5
334.5
283.5
358.5
195.0
94.5
372.0
429.0
466.5
334.5
297.0
304.5
400.5
421.5
270.0
309.0
384.0
85.5
334.5
450.0
234.0
321.0
418.5
367.5
436.5
370.5
460.5
379.5
211.5
363.0
340.5
292.5
394.5
423.0
235.5
424.5
198.0
345.0
451.5
417.0
241.5
282.0
465.0
334.5
451.5
315.0
433.5
177.0
141.0
432.0
355.5
439.5
324.0
366.0
330.0
289.5
319.5
253.5
385.5
382.5
367.5
484.5
438.0
195.0
303.0
250.5
405.0
105.0
225.0
328.5
354.0
364.5
397.5
493.5
82.5
478.5
318.0
408.0
484.5
508.5
343.5
96.0
117.0
249.0
471.0
459.0
78.0
358.5
159.0
282.0
201.0
271.5
277.5
480.0
291.0
99.0
256.5
316.5
291.0
375.0
118.5
429.0
316.5
508.5
331.5
427.5
324.0
54.0
432.0
465.0
393.0
123.0
75.0
429.0
439.5
444.0
435.0
352.5
240.0
490.5
262.5
499.5
427.5
477.0
87.0
450.0
313.5
400.5
415.5
339.0
412.5
430.5
213.0
120.0
88.5
460.5
405.0
229.5
492.0
366.0
27.0
156.0
417.0
391.5
342.0
165.0
226.5
300.0
484.5
462.0
403.5
364.5
168.0
319.5
496.5
327.0
171.0
43.5
393.0
363.0
199.5
300.0
333.0
364.5
463.5
252.0
156.0
166.5
460.5
322.5
345.0
300.0
387.0
342.0
280.5
369.0
310.5
453.0
150.0
387.0
421.5
372.0
271.5
411.0
118.5
129.0
276.0
394.5
258.0
393.0
273.0
208.5
360.0
180.0
421.5
462.0
406.5
420.0
399.0
123.0
93.0
408.0
363.0
432.0
445.5
192.0
304.5
355.5
64.5
403.5
429.0
402.0
247.5
150.0
283.5
352.5
262.5
105.0
280.5
105.0
96.0
108.0
453.0
426.0
394.5
391.5
99.0
58.5
328.5
372.0
303.0
198.0
364.5
262.5
114.0
486.0
448.5
339.0
411.0
130.5
190.5
363.0
114.0
462.0
108.0
258.0
423.0
124.5
403.5
387.0
207.0
427.5
327.0
52.5
285.0
360.0
403.5
448.5
423.0
400.5
324.0
345.0
378.0
321.0
406.5
468.0
175.5
448.5
381.0
453.0
313.5
285.0
391.5
391.5
433.5
363.0
397.5
333.0
234.0
459.0
214.5
402.0
343.5
178.5
393.0
178.5
433.5
100.5
76.5
345.0
177.0
115.5
402.0
333.0
211.5
291.0
160.5
423.0
196.5
384.0
330.0
267.0
283.5
423.0
417.0
321.0
310.5
120.0
348.0
469.5
234.0
256.5
361.5
417.0
337.5
345.0
253.5
319.5
418.5
345.0
321.0
360.0
442.5
318.0
382.5
85.5
160.5
432.0
345.0
439.5
100.5
93.0
439.5
502.5
384.0
160.5
348.0
340.5
306.0
97.5
427.5
268.5
319.5
124.5
475.5
235.5
31.5
205.5
181.5
141.0
160.5
366.0
415.5
139.5
225.0
454.5
313.5
229.5
292.5
277.5
420.0
177.0
457.5
330.0
363.0
399.0
75.0
189.0
345.0
108.0
288.0
423.0
301.5
300.0
126.0
256.5
45.0
136.5
471.0
286.5
355.5
148.5
481.5
435.0
411.0
241.5
465.0
33.0
282.0
372.0
318.0
348.0
402.0
432.0
273.0
354.0
144.0
384.0
150.0
420.0
76.5
157.5
292.5
411.0
364.5
478.5
358.5
162.0
294.0
390.0
81.0
264.0
424.5
364.5
415.5
312.0
264.0
229.5
88.5
177.0
222.0
400.5
286.5
373.5
423.0
438.0
379.5
387.0
417.0
301.5
165.0
265.5
438.0
436.5
445.5
336.0
75.0
450.0
363.0
283.5
225.0
394.5
357.0
382.5
382.5
348.0
379.5
376.5
309.0
204.0
318.0
286.5
307.5
246.0
415.5
201.0
244.5
513.0
193.5
225.0
390.0
298.5
73.5
100.5
418.5
253.5
301.5
129.0
412.5
310.5
364.5
412.5
427.5
190.5
190.5
282.0
403.5
406.5
436.5
213.0
429.0
156.0
279.0
124.5
330.0
40.5
385.5
106.5
484.5
244.5
435.0
369.0
396.0
433.5
162.0
415.5
160.5
457.5
279.0
367.5
223.5
241.5
409.5
469.5
319.5
288.0
460.5
418.5
430.5
433.5
456.0
336.0
280.5
408.0
361.5
231.0
265.5
432.0
499.5
106.5
339.0
477.0
412.5
310.5
360.0
136.5
411.0
246.0
390.0
495.0
463.5
93.0
399.0
138.0
331.5
468.0
459.0
72.0
139.5
130.5
330.0
72.0
46.5
151.5
174.0
415.5
102.0
358.5
408.0
282.0
447.0
415.5
118.5
282.0
354.0
412.5
334.5
429.0
298.5
459.0
385.5
355.5
97.5
54.0
211.5
439.5
142.5
442.5
145.5
64.5
163.5
393.0
463.5
150.0
96.0
102.0
501.0
355.5
426.0
213.0
387.0
112.5
273.0
439.5
36.0
285.0
123.0
273.0
301.5
375.0
373.5
289.5
363.0
223.5
268.5
288.0
466.5
129.0
405.0
405.0
396.0
178.5
271.5
399.0
409.5
334.5
99.0
159.0
229.5
298.5
120.0
58.5
481.5
418.5
408.0
411.0
78.0
318.0
438.0
379.5
366.0
238.5
300.0
124.5
324.0
331.5
409.5
465.0
442.5
342.0
223.5
480.0
312.0
441.0
409.5
214.5
321.0
465.0
364.5
249.0
334.5
264.0
73.5
394.5
198.0
39.0
448.5
94.5
75.0
466.5
186.0
462.0
198.0
406.5
459.0
267.0
366.0
141.0
333.0
129.0
162.0
217.5
49.5
360.0
240.0
259.5
411.0
490.5
444.0
187.5
316.5
175.5
468.0
499.5
93.0
393.0
127.5
1.5
357.0
450.0
171.0
325.5
459.0
357.0
376.5
283.5
261.0
390.0
349.5
429.0
444.0
430.5
406.5
235.5
402.0
372.0
321.0
202.5
105.0
442.5
496.5
418.5
477.0
330.0
274.5
432.0
220.5
424.5
222.0
361.5
193.5
396.0
277.5
361.5
52.5
256.5
418.5
484.5
322.5
399.0
246.0
147.0
493.5
433.5
393.0
316.5
309.0
223.5
145.5
367.5
220.5
387.0
387.0
366.0
397.5
85.5
459.0
367.5
400.5
285.0
130.5
412.5
169.5
511.5
433.5
396.0
231.0
229.5
430.5
447.0
360.0
390.0
382.5
358.5
375.0
129.0
91.5
391.5
384.0
346.5
462.0
199.5
166.5
300.0
331.5
343.5
487.5
475.5
195.0
451.5
90.0
364.5
232.5
342.0
321.0
414.0
96.0
168.0
331.5
112.5
241.5
288.0
427.5
354.0
163.5
343.5
387.0
325.5
439.5
169.5
387.0
282.0
414.0
150.0
198.0
90.0
478.5
111.0
177.0
388.5
294.0
387.0
319.5
387.0
250.5
279.0
402.0
411.0
138.0
381.0
199.5
445.5
292.5
324.0
424.5
318.0
415.5
393.0
325.5
49.5
285.0
198.0
397.5
256.5
300.0
163.5
412.5
255.0
375.0
93.0
346.5
373.5
381.0
394.5
415.5
373.5
255.0
351.0
301.5
99.0
97.5
409.5
274.5
333.0
438.0
238.5
508.5
337.5
402.0
115.5
418.5
159.0
205.5
456.0
430.5
432.0
325.5
462.0
376.5
450.0
204.0
331.5
127.5
198.0
408.0
271.5
378.0
339.0
369.0
346.5
396.0
417.0
219.0
264.0
475.5
340.5
177.0
120.0
390.0
48.0
345.0
451.5
276.0
336.0
489.0
343.5
405.0
222.0
415.5
351.0
310.5
433.5
358.5
450.0
133.5
477.0
421.5
417.0
402.0
345.0
27.0
36.0
52.5
474.0
411.0
225.0
372.0
90.0
123.0
351.0
316.5
450.0
496.5
391.5
385.5
136.5
511.5
391.5
447.0
78.0
456.0
226.5
96.0
190.5
328.5
15.0
307.5
460.5
313.5
373.5
240.0
156.0
351.0
160.5
523.5
381.0
406.5
226.5
439.5
328.5
420.0
205.5
90.0
289.5
415.5
243.0
403.5
433.5
402.0
318.0
471.0
369.0
306.0
241.5
352.5
232.5
367.5
273.0
322.5
415.5
319.5
139.5
463.5
336.0
442.5
334.5
456.0
307.5
132.0
162.0
450.0
316.5
276.0
423.0
195.0
268.5
253.5
426.0
301.5
457.5
346.5
414.0
204.0
159.0
273.0
141.0
241.5
231.0
366.0
106.5
417.0
273.0
403.5
423.0
120.0
427.5
474.0
472.5
174.0
349.5
331.5
147.0
378.0
477.0
345.0
69.0
346.5
91.5
447.0
454.5
429.0
256.5
276.0
361.5
408.0
480.0
298.5
160.5
400.5
444.0
162.0
331.5
225.0
325.5
228.0
264.0
102.0
313.5
169.5
330.0
139.5
300.0
459.0
118.5
426.0
403.5
286.5
430.5
204.0
346.5
322.5
88.5
192.0
291.0
432.0
366.0
123.0
232.5
87.0
397.5
426.0
391.5
408.0
393.0
484.5
222.0
295.5
456.0
97.5
433.5
168.0
25.5
402.0
265.5
261.0
360.0
168.0
384.0
360.0
183.0
31.5
261.0
448.5
433.5
313.5
378.0
327.0
403.5
259.5
469.5
255.0
477.0
379.5
292.5
279.0
349.5
165.0
99.0
249.0
307.5
132.0
420.0
472.5
472.5
306.0
216.0
433.5
234.0
402.0
282.0
406.5
139.5
150.0
433.5
174.0
91.5
286.5
372.0
85.5
471.0
93.0
270.0
51.0
348.0
136.5
88.5
264.0
382.5
270.0
387.0
120.0
334.5
454.5
327.0
423.0
117.0
249.0
339.0
366.0
258.0
388.5
462.0
205.5
360.0
402.0
349.5
351.0
19.5
417.0
453.0
423.0
162.0
97.5
175.5
355.5
385.5
114.0
30.0
340.5
415.5
177.0
424.5
325.5
148.5
303.0
234.0
153.0
226.5
462.0
400.5
100.5
298.5
360.0
171.0
253.5
354.0
315.0
388.5
456.0
174.0
318.0
217.5
465.0
463.5
84.0
322.5
417.0
375.0
106.5
312.0
235.5
118.5
288.0
382.5
424.5
258.0
393.0
156.0
204.0
370.5
423.0
321.0
82.5
337.5
445.5
304.5
309.0
399.0
159.0
337.5
349.5
447.0
133.5
435.0
445.5
198.0
88.5
162.0
393.0
246.0
375.0
336.0
36.0
480.0
298.5
346.5
132.0
442.5
477.0
436.5
283.5
126.0
169.5
471.0
250.5
405.0
229.5
315.0
403.5
379.5
439.5
177.0
367.5
213.0
379.5
243.0
430.5
199.5
87.0
264.0
181.5
250.5
345.0
370.5
280.5
462.0
312.0
144.0
438.0
153.0
138.0
478.5
102.0
79.5
181.5
445.5
414.0
372.0
396.0
90.0
225.0
460.5
424.5
358.5
475.5
417.0
427.5
490.5
75.0
477.0
273.0
400.5
426.0
481.5
445.5
394.5
169.5
432.0
318.0
196.5
441.0
123.0
292.5
145.5
177.0
487.5
282.0
330.0
232.5
57.0
171.0
328.5
441.0
468.0
453.0
465.0
411.0
424.5
397.5
315.0
307.5
223.5
391.5
345.0
415.5
87.0
393.0
393.0
252.0
168.0
123.0
180.0
249.0
382.5
367.5
324.0
99.0
466.5
481.5
238.5
159.0
243.0
213.0
432.0
109.5
150.0
217.5
390.0
325.5
36.0
433.5
268.5
76.5
343.5
265.5
430.5
121.5
106.5
304.5
60.0
85.5
214.5
27.0
219.0
346.5
148.5
361.5
321.0
304.5
34.5
345.0
406.5
316.5
483.0
69.0
112.5
378.0
430.5
490.5
159.0
337.5
315.0
427.5
387.0
202.5
403.5
402.0
426.0
105.0
429.0
343.5
229.5
159.0
420.0
351.0
514.5
240.0
379.5
489.0
319.5
295.5
379.5
411.0
463.5
145.5
439.5
130.5
93.0
475.5
277.5
216.0
409.5
228.0
366.0
300.0
349.5
465.0
316.5
54.0
94.5
307.5
253.5
315.0
172.5
276.0
319.5
274.5
469.5
165.0
390.0
252.0
472.5
279.0
486.0
316.5
169.5
454.5
447.0
462.0
432.0
415.5
465.0
475.5
343.5
355.5
463.5
306.0
226.5
376.5
424.5
399.0
408.0
382.5
273.0
414.0
357.0
249.0
292.5
381.0
418.5
241.5
355.5
312.0
444.0
471.0
232.5
424.5
414.0
421.5
280.5
114.0
349.5
432.0
243.0
414.0
366.0
367.5
385.5
204.0
90.0
381.0
237.0
36.0
370.5
118.5
504.0
483.0
87.0
192.0
141.0
246.0
238.5
321.0
249.0
253.5
418.5
303.0
448.5
390.0
342.0
169.5
328.5
387.0
312.0
145.5
307.5
427.5
450.0
243.0
310.5
121.5
348.0
321.0
307.5
420.0
132.0
184.5
444.0
417.0
201.0
424.5
310.5
298.5
108.0
397.5
330.0
313.5
439.5
286.5
52.5
237.0
258.0
345.0
189.0
196.5
364.5
150.0
423.0
319.5
433.5
343.5
151.5
457.5
361.5
78.0
300.0
411.0
16.5
205.5
165.0
69.0
429.0
421.5
298.5
408.0
283.5
312.0
424.5
277.5
402.0
271.5
316.5
390.0
288.0
466.5
124.5
111.0
438.0
391.5
172.5
451.5
102.0
408.0
126.0
466.5
375.0
148.5
433.5
214.5
85.5
390.0
90.0
433.5
286.5
229.5
439.5
300.0
364.5
474.0
61.5
474.0
444.0
321.0
157.5
327.0
421.5
439.5
52.5
160.5
375.0
148.5
262.5
273.0
66.0
247.5
336.0
480.0
313.5
412.5
99.0
397.5
334.5
319.5
91.5
460.5
397.5
256.5
339.0
357.0
63.0
258.0
345.0
114.0
396.0
225.0
280.5
277.5
372.0
315.0
154.5
463.5
319.5
435.0
390.0
103.5
205.5
478.5
442.5
435.0
462.0
225.0
181.5
384.0
252.0
111.0
216.0
439.5
76.5
436.5
388.5
334.5
165.0
286.5
457.5
274.5
445.5
436.5
150.0
519.0
328.5
463.5
444.0
456.0
204.0
217.5
339.0
198.0
348.0
81.0
436.5
462.0
207.0
381.0
469.5
213.0
310.5
213.0
280.5
339.0
423.0
445.5
342.0
441.0
462.0
318.0
255.0
274.5
430.5
466.5
120.0
321.0
415.5
85.5
342.0
121.5
337.5
124.5
145.5
103.5
325.5
105.0
457.5
472.5
396.0
211.5
258.0
247.5
120.0
115.5
447.0
99.0
412.5
190.5
381.0
21.0
360.0
364.5
370.5
289.5
354.0
477.0
111.0
453.0
199.5
178.5
328.5
436.5
504.0
352.5
430.5
90.0
177.0
97.5
211.5
286.5
321.0
78.0
336.0
91.5
381.0
445.5
355.5
361.5
328.5
298.5
345.0
474.0
237.0
382.5
252.0
444.0
381.0
238.5
457.5
387.0
148.5
249.0
46.5
433.5
340.5
306.0
309.0
369.0
58.5
376.5
255.0
289.5
313.5
274.5
112.5
441.0
313.5
391.5
82.5
16.5
403.5
259.5
367.5
466.5
117.0
322.5
331.5
153.0
483.0
394.5
334.5
379.5
388.5
339.0
331.5
229.5
201.0
250.5
219.0
213.0
364.5
489.0
328.5
424.5
366.0
352.5
459.0
45.0
336.0
147.0
436.5
364.5
334.5
349.5
426.0
289.5
247.5
348.0
420.0
402.0
171.0
358.5
97.5
400.5
384.0
229.5
337.5
195.0
448.5
330.0
330.0
199.5
331.5
276.0
147.0
255.0
370.5
426.0
376.5
322.5
334.5
279.0
295.5
271.5
418.5
384.0
370.5
300.0
256.5
349.5
283.5
400.5
132.0
81.0
298.5
135.0
375.0
270.0
379.5
472.5
115.5
220.5
390.0
76.5
270.0
334.5
427.5
366.0
315.0
103.5
267.0
156.0
76.5
331.5
436.5
100.5
430.5
349.5
85.5
441.0
307.5
348.0
397.5
348.0
114.0
331.5
274.5
249.0
409.5
192.0
114.0
177.0
280.5
234.0
298.5
456.0
220.5
471.0
250.5
456.0
319.5
409.5
436.5
177.0
460.5
456.0
340.5
121.5
171.0
207.0
454.5
279.0
276.0
376.5
487.5
76.5
435.0
334.5
231.0
432.0
391.5
312.0
364.5
337.5
243.0
451.5
141.0
468.0
346.5
415.5
483.0
283.5
414.0
241.5
333.0
270.0
262.5
456.0
303.0
423.0
439.5
402.0
334.5
112.5
354.0
466.5
261.0
382.5
79.5
384.0
421.5
388.5
396.0
207.0
397.5
328.5
469.5
433.5
309.0
328.5
498.0
316.5
358.5
369.0
424.5
447.0
145.5
186.0
340.5
435.0
333.0
399.0
396.0
363.0
352.5
115.5
228.0
271.5
382.5
478.5
427.5
217.5
426.0
451.5
54.0
409.5
334.5
109.5
465.0
399.0
361.5
457.5
340.5
364.5
276.0
66.0
139.5
405.0
231.0
309.0
307.5
57.0
309.0
141.0
130.5
406.5
430.5
327.0
295.5
438.0
178.5
240.0
333.0
348.0
354.0
126.0
376.5
426.0
262.5
399.0
331.5
300.0
345.0
441.0
384.0
138.0
424.5
426.0
97.5
349.5
448.5
423.0
142.5
355.5
232.5
375.0
238.5
172.5
384.0
246.0
252.0
258.0
366.0
403.5
414.0
346.5
178.5
474.0
261.0
292.5
303.0
313.5
334.5
286.5
273.0
351.0
465.0
439.5
78.0
19.5
330.0
366.0
288.0
205.5
157.5
469.5
310.5
465.0
361.5
472.5
469.5
513.0
204.0
414.0
277.5
115.5
190.5
207.0
447.0
283.5
463.5
423.0
418.5
486.0
459.0
456.0
250.5
186.0
418.5
349.5
253.5
345.0
283.5
358.5
231.0
369.0
435.0
240.0
115.5
357.0
325.5
367.5
34.5
400.5
351.0
406.5
472.5
174.0
414.0
331.5
76.5
135.0
271.5
418.5
399.0
256.5
120.0
54.0
424.5
220.5
459.0
396.0
486.0
198.0
457.5
447.0
258.0
447.0
421.5
247.5
130.5
397.5
405.0
250.5
141.0
315.0
474.0
42.0
240.0
465.0
222.0
360.0
133.5
321.0
28.5
417.0
238.5
136.5
321.0
250.5
435.0
366.0
217.5
408.0
472.5
204.0
277.5
279.0
369.0
462.0
88.5
358.5
457.5
85.5
432.0
333.0
292.5
313.5
142.5
55.5
187.5
354.0
354.0
439.5
283.5
493.5
285.0
288.0
433.5
436.5
238.5
382.5
250.5
366.0
439.5
288.0
366.0
381.0
436.5
454.5
198.0
265.5
316.5
106.5
298.5
273.0
429.0
168.0
306.0
472.5
325.5
388.5
382.5
364.5
432.0
334.5
292.5
151.5
414.0
451.5
442.5
111.0
360.0
373.5
439.5
337.5
172.5
462.0
354.0
304.5
309.0
420.0
358.5
412.5
328.5
157.5
358.5
466.5
129.0
424.5
321.0
405.0
93.0
421.5
228.0
403.5
421.5
420.0
394.5
318.0
373.5
394.5
355.5
384.0
397.5
247.5
421.5
312.0
409.5
436.5
415.5
285.0
405.0
160.5
91.5
453.0
205.5
250.5
94.5
405.0
195.0
430.5
231.0
145.5
282.0
396.0
309.0
478.5
343.5
348.0
417.0
193.5
171.0
340.5
453.0
285.0
166.5
445.5
76.5
411.0
207.0
360.0
165.0
372.0
394.5
369.0
210.0
409.5
322.5
292.5
205.5
147.0
424.5
97.5
105.0
436.5
396.0
213.0
396.0
292.5
123.0
369.0
448.5
307.5
433.5
99.0
297.0
433.5
435.0
133.5
175.5
388.5
255.0
420.0
375.0
427.5
288.0
265.5
424.5
393.0
240.0
384.0
369.0
190.5
469.5
402.0
306.0
424.5
222.0
351.0
364.5
460.5
63.0
492.0
276.0
364.5
108.0
343.5
348.0
108.0
474.0
261.0
88.5
283.5
297.0
222.0
87.0
447.0
247.5
262.5
468.0
285.0
328.5
409.5
357.0
355.5
220.5
217.5
366.0
289.5
480.0
454.5
274.5
343.5
327.0
363.0
232.5
127.5
255.0
259.5
355.5
321.0
433.5
205.5
102.0
177.0
355.5
367.5
165.0
360.0
316.5
157.5
69.0
174.0
255.0
241.5
145.5
426.0
433.5
358.5
127.5
484.5
186.0
435.0
393.0
369.0
459.0
327.0
199.5
481.5
100.5
70.5
183.0
249.0
450.0
438.0
139.5
387.0
160.5
420.0
403.5
451.5
130.5
133.5
474.0
141.0
373.5
154.5
226.5
82.5
363.0
333.0
37.5
222.0
393.0
42.0
454.5
388.5
439.5
393.0
139.5
325.5
387.0
460.5
426.0
303.0
295.5
367.5
451.5
166.5
369.0
231.0
444.0
409.5
396.0
138.0
402.0
289.5
424.5
96.0
370.5
487.5
163.5
291.0
309.0
348.0
351.0
85.5
115.5
372.0
219.0
196.5
397.5
327.0
228.0
217.5
294.0
399.0
468.0
274.5
394.5
363.0
426.0
379.5
333.0
475.5
249.0
85.5
222.0
148.5
198.0
274.5
442.5
445.5
412.5
435.0
298.5
376.5
66.0
456.0
312.0
400.5
442.5
370.5
244.5
340.5
417.0
363.0
24.0
393.0
286.5
111.0
57.0
289.5
402.0
163.5
406.5
292.5
325.5
337.5
483.0
387.0
331.5
391.5
354.0
184.5
459.0
318.0
328.5
25.5
408.0
313.5
379.5
375.0
334.5
63.0
420.0
472.5
445.5
387.0
373.5
424.5
70.5
460.5
286.5
418.5
360.0
364.5
412.5
349.5
345.0
97.5
142.5
208.5
451.5
415.5
181.5
265.5
454.5
265.5
151.5
436.5
69.0
102.0
268.5
259.5
481.5
406.5
78.0
501.0
237.0
142.5
369.0
322.5
43.5
475.5
163.5
219.0
337.5
403.5
414.0
478.5
189.0
355.5
141.0
364.5
510.0
42.0
462.0
279.0
478.5
130.5
343.5
262.5
453.0
379.5
334.5
195.0
459.0
154.5
436.5
318.0
345.0
405.0
192.0
289.5
87.0
402.0
453.0
414.0
324.0
54.0
454.5
495.0
274.5
64.5
471.0
205.5
423.0
252.0
289.5
249.0
321.0
259.5
432.0
436.5
349.5
348.0
292.5
366.0
303.0
345.0
400.5
459.0
361.5
273.0
427.5
417.0
423.0
435.0
72.0
396.0
487.5
403.5
406.5
144.0
286.5
162.0
295.5
178.5
228.0
181.5
493.5
70.5
286.5
61.5
396.0
201.0
450.0
205.5
337.5
294.0
330.0
441.0
249.0
471.0
100.5
210.0
243.0
267.0
375.0
225.0
466.5
444.0
108.0
370.5
414.0
408.0
247.5
204.0
462.0
123.0
99.0
471.0
478.5
276.0
475.5
172.5
148.5
438.0
213.0
426.0
453.0
37.5
418.5
327.0
367.5
363.0
432.0
426.0
391.5
364.5
244.5
139.5
318.0
249.0
414.0
351.0
286.5
415.5
273.0
465.0
208.5
453.0
469.5
159.0
436.5
93.0
285.0
318.0
54.0
471.0
210.0
474.0
61.5
444.0
451.5
244.5
465.0
420.0
466.5
208.5
84.0
331.5
402.0
213.0
273.0
472.5
148.5
210.0
355.5
178.5
228.0
105.0
312.0
163.5
411.0
273.0
450.0
333.0
171.0
355.5
423.0
444.0
229.5
123.0
415.5
214.5
454.5
111.0
376.5
415.5
175.5
352.5
483.0
439.5
382.5
118.5
390.0
255.0
169.5
351.0
427.5
189.0
258.0
460.5
331.5
486.0
321.0
313.5
361.5
223.5
75.0
426.0
297.0
387.0
400.5
429.0
265.5
124.5
379.5
117.0
48.0
390.0
340.5
399.0
433.5
256.5
408.0
252.0
444.0
435.0
324.0
396.0
366.0
369.0
438.0
375.0
232.5
265.5
388.5
357.0
64.5
424.5
249.0
382.5
96.0
133.5
58.5
438.0
117.0
303.0
420.0
367.5
369.0
228.0
432.0
274.5
210.0
178.5
369.0
85.5
403.5
253.5
306.0
181.5
348.0
373.5
169.5
136.5
438.0
208.5
336.0
316.5
342.0
304.5
87.0
406.5
49.5
409.5
324.0
330.0
360.0
409.5
246.0
432.0
291.0
351.0
160.5
298.5
430.5
76.5
453.0
238.5
321.0
181.5
274.5
186.0
381.0
300.0
279.0
360.0
378.0
295.5
442.5
387.0
48.0
417.0
451.5
307.5
402.0
274.5
366.0
60.0
412.5
228.0
324.0
307.5
475.5
220.5
111.0
111.0
444.0
385.5
378.0
192.0
430.5
439.5
435.0
357.0
178.5
397.5
339.0
340.5
469.5
292.5
118.5
348.0
384.0
402.0
286.5
411.0
480.0
241.5
328.5
417.0
406.5
175.5
33.0
402.0
121.5
132.0
385.5
369.0
