253.5
346.5
337.5
241.5
225.0
112.5
237.0
420.0
189.0
439.5
364.5
393.0
208.5
384.0
96.0
472.5
354.0
442.5
409.5
475.5
186.0
84.0
304.5
112.5
418.5
450.0
93.0
217.5
418.5
52.5
277.5
409.5
379.5
408.0
270.0
399.0
109.5
48.0
334.5
141.0
186.0
346.5
462.0
382.5
322.5
357.0
64.5
55.5
91.5
196.5
120.0
387.0
291.0
394.5
352.5
291.0
399.0
277.5
100.5
391.5
456.0
441.0
406.5
340.5
259.5
486.0
375.0
246.0
349.5
204.0
397.5
229.5
283.5
72.0
78.0
303.0
463.5
316.5
414.0
213.0
382.5
160.5
163.5
435.0
307.5
309.0
196.5
297.0
94.5
289.5
237.0
288.0
306.0
267.0
429.0
339.0
442.5
442.5
430.5
115.5
276.0
58.5
319.5
390.0
367.5
399.0
160.5
475.5
358.5
409.5
88.5
162.0
351.0
79.5
327.0
432.0
168.0
148.5
360.0
85.5
315.0
453.0
354.0
235.5
220.5
462.0
351.0
459.0
355.5
310.5
93.0
226.5
330.0
193.5
309.0
414.0
271.5
94.5
196.5
421.5
412.5
121.5
45.0
25.5
295.5
208.5
180.0
367.5
306.0
196.5
315.0
349.5
195.0
186.0
126.0
132.0
94.5
147.0
369.0
384.0
367.5
99.0
372.0
258.0
207.0
237.0
42.0
55.5
420.0
342.0
456.0
138.0
414.0
394.5
312.0
195.0
108.0
135.0
352.5
462.0
444.0
222.0
408.0
240.0
370.5
343.5
135.0
151.5
322.5
375.0
367.5
397.5
216.0
286.5
271.5
258.0
343.5
433.5
271.5
414.0
216.0
37.5
480.0
69.0
249.0
198.0
247.5
298.5
418.5
399.0
102.0
88.5
360.0
334.5
432.0
432.0
75.0
292.5
243.0
364.5
306.0
328.5
268.5
303.0
310.5
306.0
348.0
459.0
120.0
399.0
391.5
327.0
367.5
499.5
183.0
498.0
259.5
165.0
304.5
439.5
366.0
331.5
387.0
424.5
507.0
382.5
36.0
189.0
306.0
375.0
457.5
403.5
7.5
133.5
423.0
364.5
274.5
411.0
354.0
487.5
181.5
294.0
106.5
390.0
198.0
171.0
370.5
274.5
255.0
121.5
64.5
267.0
441.0
307.5
333.0
165.0
45.0
256.5
115.5
408.0
135.0
399.0
124.5
334.5
339.0
60.0
93.0
199.5
286.5
253.5
387.0
217.5
112.5
355.5
312.0
435.0
427.5
238.5
213.0
444.0
439.5
453.0
145.5
33.0
462.0
351.0
220.5
361.5
309.0
372.0
217.5
447.0
433.5
376.5
109.5
138.0
250.5
247.5
337.5
238.5
231.0
295.5
427.5
100.5
465.0
390.0
66.0
286.5
147.0
168.0
19.5
378.0
433.5
102.0
324.0
102.0
192.0
399.0
169.5
339.0
400.5
427.5
202.5
306.0
340.5
70.5
228.0
322.5
268.5
450.0
348.0
229.5
330.0
88.5
147.0
118.5
91.5
178.5
321.0
367.5
58.5
459.0
72.0
99.0
168.0
316.5
225.0
396.0
210.0
399.0
63.0
156.0
325.5
198.0
141.0
432.0
67.5
315.0
399.0
93.0
235.5
75.0
388.5
145.5
412.5
64.5
234.0
225.0
312.0
130.5
354.0
463.5
330.0
421.5
259.5
70.5
106.5
156.0
135.0
61.5
192.0
252.0
286.5
382.5
66.0
378.0
154.5
120.0
220.5
315.0
403.5
123.0
364.5
243.0
223.5
423.0
495.0
460.5
474.0
187.5
352.5
420.0
187.5
342.0
147.0
301.5
214.5
108.0
99.0
238.5
420.0
118.5
405.0
109.5
360.0
382.5
357.0
267.0
364.5
298.5
286.5
375.0
180.0
412.5
318.0
487.5
165.0
301.5
190.5
412.5
72.0
447.0
298.5
187.5
204.0
139.5
346.5
181.5
283.5
462.0
97.5
91.5
453.0
33.0
402.0
427.5
292.5
240.0
382.5
423.0
94.5
345.0
373.5
388.5
424.5
354.0
193.5
471.0
369.0
205.5
430.5
405.0
276.0
324.0
133.5
223.5
120.0
450.0
279.0
345.0
37.5
400.5
343.5
183.0
456.0
79.5
39.0
259.5
364.5
354.0
27.0
385.5
330.0
454.5
315.0
363.0
378.0
352.5
171.0
403.5
352.5
31.5
240.0
366.0
384.0
315.0
253.5
424.5
303.0
76.5
469.5
363.0
429.0
456.0
438.0
172.5
460.5
463.5
174.0
340.5
43.5
169.5
163.5
417.0
133.5
138.0
397.5
376.5
183.0
493.5
331.5
294.0
424.5
432.0
45.0
321.0
211.5
58.5
192.0
433.5
280.5
253.5
352.5
393.0
252.0
406.5
369.0
436.5
298.5
306.0
57.0
315.0
273.0
241.5
403.5
219.0
415.5
424.5
403.5
381.0
160.5
352.5
261.0
406.5
288.0
283.5
325.5
394.5
48.0
459.0
99.0
315.0
259.5
274.5
147.0
414.0
402.0
406.5
477.0
66.0
378.0
435.0
337.5
396.0
87.0
307.5
142.5
408.0
378.0
364.5
352.5
462.0
85.5
423.0
255.0
103.5
204.0
409.5
418.5
354.0
231.0
60.0
37.5
117.0
94.5
445.5
414.0
406.5
346.5
84.0
366.0
237.0
427.5
331.5
438.0
277.5
343.5
45.0
213.0
273.0
246.0
114.0
408.0
345.0
78.0
376.5
123.0
78.0
63.0
388.5
420.0
378.0
265.5
427.5
282.0
385.5
157.5
450.0
199.5
267.0
364.5
163.5
346.5
130.5
123.0
283.5
376.5
187.5
196.5
295.5
417.0
217.5
234.0
316.5
126.0
439.5
300.0
396.0
348.0
397.5
324.0
90.0
277.5
318.0
181.5
295.5
235.5
289.5
351.0
184.5
121.5
81.0
304.5
159.0
243.0
274.5
376.5
259.5
178.5
289.5
84.0
261.0
192.0
121.5
420.0
228.0
16.5
351.0
265.5
183.0
381.0
399.0
277.5
399.0
478.5
442.5
309.0
204.0
415.5
130.5
340.5
453.0
420.0
172.5
241.5
378.0
57.0
346.5
273.0
312.0
271.5
177.0
348.0
405.0
180.0
435.0
291.0
438.0
285.0
99.0
372.0
187.5
276.0
145.5
136.5
321.0
355.5
70.5
459.0
238.5
304.5
330.0
126.0
334.5
204.0
315.0
58.5
459.0
366.0
109.5
318.0
123.0
309.0
411.0
160.5
124.5
322.5
391.5
90.0
225.0
208.5
153.0
102.0
91.5
474.0
187.5
426.0
274.5
196.5
147.0
90.0
250.5
424.5
139.5
355.5
430.5
199.5
135.0
414.0
139.5
456.0
331.5
322.5
307.5
391.5
469.5
57.0
364.5
339.0
285.0
292.5
375.0
67.5
310.5
289.5
354.0
315.0
139.5
387.0
112.5
250.5
295.5
388.5
220.5
427.5
484.5
142.5
135.0
390.0
177.0
144.0
184.5
72.0
322.5
381.0
364.5
430.5
420.0
343.5
280.5
375.0
487.5
147.0
253.5
516.0
349.5
466.5
220.5
424.5
202.5
310.5
117.0
286.5
100.5
382.5
274.5
258.0
97.5
366.0
289.5
204.0
477.0
345.0
351.0
102.0
334.5
51.0
331.5
171.0
364.5
276.0
249.0
441.0
202.5
487.5
382.5
381.0
19.5
312.0
471.0
367.5
429.0
337.5
126.0
384.0
244.5
40.5
300.0
69.0
121.5
114.0
433.5
159.0
417.0
256.5
129.0
343.5
463.5
345.0
321.0
382.5
306.0
375.0
139.5
439.5
145.5
393.0
309.0
324.0
79.5
157.5
277.5
273.0
219.0
93.0
214.5
210.0
115.5
336.0
421.5
199.5
27.0
211.5
237.0
46.5
258.0
213.0
448.5
324.0
73.5
322.5
64.5
49.5
420.0
315.0
400.5
231.0
202.5
343.5
286.5
201.0
306.0
363.0
265.5
118.5
364.5
154.5
310.5
333.0
244.5
261.0
388.5
433.5
294.0
324.0
411.0
340.5
163.5
168.0
256.5
103.5
402.0
132.0
330.0
240.0
216.0
76.5
354.0
205.5
427.5
376.5
423.0
321.0
319.5
334.5
355.5
153.0
33.0
355.5
283.5
423.0
135.0
408.0
297.0
135.0
57.0
112.5
442.5
354.0
175.5
367.5
331.5
225.0
195.0
174.0
133.5
403.5
381.0
231.0
349.5
330.0
354.0
201.0
271.5
273.0
294.0
292.5
186.0
84.0
333.0
379.5
103.5
369.0
304.5
363.0
366.0
370.5
280.5
118.5
489.0
232.5
246.0
292.5
445.5
121.5
273.0
159.0
114.0
243.0
354.0
406.5
343.5
279.0
382.5
264.0
271.5
282.0
108.0
97.5
112.5
363.0
447.0
301.5
430.5
439.5
109.5
138.0
252.0
292.5
72.0
171.0
169.5
255.0
85.5
429.0
67.5
103.5
352.5
15.0
307.5
105.0
270.0
114.0
196.5
82.5
34.5
433.5
105.0
291.0
100.5
274.5
387.0
271.5
66.0
450.0
451.5
441.0
445.5
336.0
109.5
204.0
70.5
256.5
267.0
87.0
87.0
81.0
450.0
333.0
96.0
243.0
331.5
465.0
379.5
159.0
318.0
327.0
451.5
384.0
129.0
207.0
114.0
60.0
420.0
99.0
117.0
310.5
354.0
175.5
117.0
448.5
163.5
61.5
463.5
301.5
267.0
382.5
271.5
96.0
370.5
477.0
436.5
327.0
108.0
418.5
93.0
124.5
429.0
405.0
322.5
451.5
465.0
385.5
322.5
252.0
474.0
282.0
409.5
381.0
303.0
352.5
390.0
381.0
381.0
120.0
276.0
186.0
160.5
237.0
160.5
322.5
204.0
297.0
424.5
70.5
24.0
430.5
351.0
181.5
441.0
67.5
129.0
346.5
84.0
238.5
174.0
469.5
417.0
292.5
364.5
267.0
57.0
402.0
366.0
430.5
393.0
441.0
412.5
144.0
63.0
378.0
430.5
166.5
364.5
286.5
253.5
366.0
252.0
193.5
88.5
180.0
457.5
52.5
211.5
319.5
351.0
315.0
379.5
324.0
276.0
163.5
289.5
399.0
340.5
480.0
240.0
432.0
96.0
267.0
240.0
165.0
85.5
120.0
472.5
445.5
81.0
363.0
396.0
81.0
445.5
412.5
355.5
300.0
462.0
372.0
267.0
357.0
235.5
138.0
18.0
193.5
433.5
480.0
373.5
426.0
307.5
330.0
157.5
160.5
148.5
382.5
304.5
195.0
249.0
261.0
202.5
201.0
358.5
384.0
351.0
355.5
418.5
367.5
175.5
298.5
387.0
351.0
400.5
345.0
234.0
145.5
225.0
118.5
300.0
171.0
40.5
171.0
267.0
472.5
255.0
93.0
67.5
474.0
432.0
69.0
450.0
129.0
268.5
361.5
441.0
334.5
304.5
342.0
457.5
450.0
444.0
286.5
370.5
384.0
232.5
432.0
247.5
369.0
483.0
415.5
144.0
327.0
112.5
76.5
406.5
276.0
165.0
400.5
373.5
193.5
418.5
285.0
382.5
310.5
336.0
358.5
129.0
273.0
210.0
216.0
204.0
343.5
459.0
289.5
148.5
246.0
180.0
202.5
234.0
166.5
301.5
322.5
354.0
106.5
354.0
157.5
342.0
397.5
351.0
132.0
280.5
93.0
63.0
429.0
315.0
298.5
417.0
468.0
447.0
393.0
424.5
420.0
264.0
67.5
276.0
363.0
117.0
334.5
406.5
81.0
247.5
186.0
274.5
160.5
457.5
156.0
357.0
285.0
381.0
124.5
219.0
339.0
372.0
352.5
399.0
90.0
88.5
466.5
373.5
91.5
282.0
214.5
103.5
484.5
325.5
355.5
366.0
315.0
463.5
291.0
258.0
418.5
342.0
375.0
229.5
193.5
288.0
514.5
483.0
346.5
474.0
462.0
295.5
106.5
115.5
370.5
454.5
169.5
466.5
282.0
313.5
315.0
456.0
222.0
334.5
292.5
19.5
333.0
345.0
360.0
294.0
78.0
75.0
294.0
408.0
262.5
454.5
441.0
351.0
333.0
247.5
381.0
205.5
387.0
246.0
273.0
222.0
148.5
247.5
289.5
91.5
412.5
118.5
171.0
121.5
277.5
198.0
159.0
514.5
405.0
259.5
240.0
361.5
126.0
99.0
372.0
55.5
124.5
478.5
348.0
387.0
154.5
106.5
430.5
289.5
102.0
112.5
210.0
402.0
175.5
223.5
432.0
243.0
322.5
48.0
456.0
283.5
181.5
456.0
238.5
418.5
418.5
228.0
304.5
289.5
247.5
342.0
382.5
444.0
370.5
30.0
54.0
234.0
282.0
355.5
153.0
303.0
150.0
105.0
372.0
330.0
384.0
16.5
163.5
370.5
321.0
192.0
393.0
318.0
412.5
117.0
142.5
189.0
142.5
409.5
114.0
376.5
309.0
150.0
163.5
180.0
442.5
417.0
207.0
261.0
255.0
193.5
273.0
172.5
450.0
390.0
360.0
222.0
330.0
69.0
462.0
126.0
306.0
369.0
304.5
333.0
303.0
402.0
406.5
153.0
82.5
403.5
415.5
367.5
499.5
192.0
226.5
399.0
160.5
141.0
358.5
84.0
256.5
291.0
67.5
340.5
327.0
432.0
130.5
342.0
349.5
196.5
381.0
376.5
315.0
115.5
397.5
417.0
441.0
190.5
48.0
438.0
382.5
33.0
450.0
259.5
303.0
301.5
381.0
148.5
361.5
511.5
442.5
430.5
384.0
106.5
81.0
438.0
352.5
117.0
484.5
100.5
162.0
205.5
405.0
393.0
40.5
255.0
433.5
265.5
57.0
195.0
247.5
100.5
141.0
118.5
348.0
102.0
258.0
282.0
394.5
402.0
400.5
259.5
253.5
417.0
129.0
267.0
85.5
384.0
226.5
390.0
262.5
105.0
295.5
363.0
243.0
427.5
76.5
322.5
79.5
162.0
430.5
51.0
427.5
366.0
141.0
355.5
246.0
388.5
283.5
178.5
163.5
397.5
76.5
96.0
106.5
411.0
217.5
118.5
172.5
126.0
108.0
129.0
153.0
258.0
112.5
229.5
28.5
249.0
372.0
510.0
135.0
202.5
385.5
432.0
312.0
387.0
214.5
360.0
43.5
25.5
315.0
240.0
211.5
153.0
129.0
144.0
382.5
192.0
390.0
235.5
184.5
231.0
457.5
243.0
360.0
151.5
169.5
424.5
348.0
330.0
82.5
33.0
270.0
370.5
352.5
450.0
393.0
195.0
321.0
348.0
445.5
180.0
147.0
325.5
244.5
121.5
106.5
169.5
406.5
310.5
256.5
445.5
156.0
427.5
186.0
426.0
130.5
219.0
237.0
369.0
433.5
135.0
184.5
171.0
448.5
211.5
129.0
348.0
133.5
345.0
486.0
468.0
442.5
409.5
346.5
195.0
205.5
402.0
444.0
412.5
283.5
267.0
403.5
367.5
207.0
402.0
295.5
468.0
144.0
436.5
156.0
114.0
328.5
145.5
385.5
159.0
324.0
342.0
387.0
237.0
364.5
396.0
237.0
492.0
277.5
273.0
217.5
219.0
265.5
138.0
271.5
61.5
339.0
312.0
316.5
168.0
156.0
274.5
321.0
162.0
124.5
207.0
156.0
456.0
190.5
117.0
105.0
135.0
400.5
399.0
294.0
340.5
130.5
315.0
411.0
105.0
226.5
483.0
304.5
436.5
237.0
228.0
373.5
348.0
301.5
213.0
288.0
75.0
316.5
256.5
268.5
111.0
139.5
153.0
123.0
370.5
346.5
162.0
283.5
259.5
378.0
304.5
354.0
295.5
390.0
354.0
324.0
411.0
451.5
169.5
463.5
247.5
274.5
477.0
330.0
288.0
385.5
301.5
106.5
379.5
277.5
393.0
487.5
153.0
277.5
210.0
471.0
247.5
429.0
292.5
436.5
135.0
433.5
150.0
199.5
135.0
168.0
453.0
174.0
271.5
178.5
370.5
423.0
298.5
114.0
88.5
361.5
271.5
310.5
139.5
279.0
139.5
243.0
351.0
234.0
277.5
345.0
378.0
406.5
325.5
174.0
444.0
169.5
313.5
345.0
459.0
216.0
18.0
393.0
400.5
258.0
312.0
298.5
154.5
388.5
19.5
391.5
267.0
421.5
103.5
82.5
93.0
328.5
402.0
187.5
378.0
211.5
288.0
210.0
339.0
195.0
439.5
283.5
424.5
184.5
142.5
103.5
376.5
343.5
243.0
174.0
211.5
115.5
361.5
51.0
238.5
166.5
394.5
180.0
202.5
318.0
361.5
292.5
90.0
354.0
148.5
130.5
298.5
270.0
276.0
424.5
175.5
322.5
97.5
322.5
445.5
409.5
72.0
360.0
343.5
156.0
229.5
169.5
463.5
375.0
123.0
348.0
331.5
450.0
237.0
366.0
325.5
459.0
96.0
354.0
429.0
355.5
342.0
148.5
361.5
181.5
58.5
174.0
87.0
451.5
247.5
415.5
150.0
252.0
354.0
417.0
393.0
117.0
201.0
394.5
361.5
126.0
391.5
18.0
388.5
327.0
159.0
210.0
67.5
388.5
366.0
463.5
286.5
324.0
204.0
366.0
496.5
327.0
48.0
445.5
394.5
312.0
342.0
372.0
91.5
339.0
234.0
351.0
190.5
346.5
222.0
400.5
241.5
244.5
277.5
124.5
156.0
237.0
19.5
232.5
183.0
139.5
363.0
349.5
408.0
322.5
54.0
244.5
396.0
352.5
402.0
63.0
150.0
163.5
115.5
328.5
429.0
423.0
28.5
295.5
202.5
324.0
349.5
138.0
60.0
213.0
471.0
274.5
148.5
358.5
156.0
337.5
391.5
315.0
144.0
438.0
118.5
93.0
291.0
216.0
438.0
268.5
394.5
403.5
207.0
399.0
351.0
42.0
58.5
277.5
327.0
148.5
67.5
151.5
369.0
255.0
375.0
163.5
91.5
99.0
474.0
327.0
384.0
436.5
133.5
142.5
297.0
378.0
378.0
57.0
114.0
475.5
169.5
166.5
193.5
316.5
69.0
99.0
292.5
340.5
240.0
411.0
297.0
66.0
402.0
220.5
301.5
186.0
525.0
412.5
198.0
223.5
339.0
300.0
486.0
351.0
106.5
48.0
319.5
148.5
262.5
297.0
334.5
258.0
256.5
78.0
61.5
396.0
295.5
327.0
157.5
232.5
351.0
325.5
150.0
279.0
262.5
91.5
339.0
88.5
381.0
265.5
214.5
360.0
375.0
367.5
334.5
423.0
252.0
361.5
31.5
60.0
195.0
267.0
139.5
277.5
97.5
469.5
432.0
433.5
295.5
249.0
198.0
276.0
469.5
300.0
462.0
309.0
408.0
202.5
295.5
201.0
127.5
94.5
229.5
441.0
469.5
120.0
244.5
102.0
324.0
363.0
162.0
387.0
342.0
306.0
480.0
223.5
301.5
358.5
345.0
351.0
265.5
207.0
415.5
40.5
310.5
121.5
178.5
199.5
159.0
382.5
150.0
447.0
435.0
427.5
192.0
487.5
162.0
186.0
432.0
481.5
312.0
67.5
426.0
301.5
321.0
414.0
334.5
295.5
157.5
382.5
337.5
204.0
360.0
312.0
289.5
435.0
288.0
81.0
429.0
217.5
400.5
228.0
289.5
190.5
393.0
241.5
309.0
390.0
276.0
105.0
121.5
180.0
361.5
291.0
147.0
157.5
120.0
165.0
246.0
183.0
70.5
342.0
229.5
120.0
322.5
129.0
258.0
399.0
448.5
486.0
225.0
370.5
399.0
312.0
234.0
333.0
420.0
357.0
196.5
340.5
358.5
294.0
393.0
124.5
318.0
54.0
271.5
61.5
141.0
352.5
309.0
85.5
418.5
348.0
417.0
348.0
432.0
30.0
433.5
189.0
430.5
213.0
240.0
439.5
442.5
108.0
363.0
306.0
127.5
202.5
414.0
225.0
448.5
363.0
169.5
213.0
115.5
196.5
378.0
111.0
370.5
283.5
166.5
271.5
411.0
316.5
309.0
364.5
19.5
456.0
303.0
382.5
433.5
361.5
454.5
175.5
354.0
54.0
117.0
268.5
157.5
357.0
381.0
342.0
159.0
231.0
442.5
334.5
387.0
226.5
103.5
354.0
405.0
387.0
147.0
427.5
81.0
159.0
240.0
160.5
220.5
264.0
261.0
397.5
412.5
459.0
229.5
418.5
255.0
316.5
91.5
318.0
315.0
279.0
192.0
333.0
139.5
366.0
307.5
403.5
157.5
334.5
82.5
289.5
418.5
372.0
421.5
210.0
91.5
453.0
333.0
82.5
385.5
166.5
91.5
352.5
427.5
252.0
381.0
142.5
180.0
10.5
364.5
210.0
379.5
306.0
322.5
85.5
132.0
439.5
232.5
181.5
315.0
412.5
232.5
232.5
90.0
394.5
181.5
355.5
390.0
409.5
139.5
418.5
109.5
330.0
267.0
436.5
291.0
136.5
301.5
375.0
300.0
328.5
79.5
111.0
439.5
214.5
379.5
409.5
291.0
75.0
448.5
403.5
286.5
204.0
187.5
42.0
153.0
361.5
97.5
454.5
219.0
247.5
424.5
286.5
390.0
391.5
60.0
229.5
352.5
268.5
75.0
219.0
402.0
84.0
334.5
73.5
391.5
177.0
300.0
472.5
174.0
406.5
483.0
187.5
460.5
118.5
115.5
468.0
216.0
411.0
471.0
366.0
292.5
396.0
370.5
186.0
300.0
348.0
396.0
18.0
100.5
421.5
439.5
232.5
255.0
301.5
96.0
435.0
442.5
265.5
379.5
421.5
273.0
429.0
355.5
90.0
106.5
43.5
415.5
468.0
442.5
289.5
300.0
79.5
402.0
382.5
426.0
178.5
294.0
316.5
423.0
118.5
298.5
82.5
115.5
49.5
364.5
403.5
291.0
345.0
136.5
117.0
234.0
130.5
87.0
495.0
130.5
186.0
408.0
70.5
75.0
181.5
268.5
319.5
351.0
378.0
27.0
478.5
270.0
217.5
481.5
459.0
85.5
390.0
357.0
133.5
357.0
88.5
378.0
298.5
355.5
267.0
505.5
313.5
276.0
282.0
403.5
333.0
447.0
375.0
378.0
210.0
199.5
237.0
109.5
123.0
178.5
384.0
270.0
441.0
106.5
138.0
316.5
159.0
405.0
115.5
382.5
406.5
400.5
403.5
64.5
316.5
399.0
354.0
168.0
97.5
252.0
262.5
318.0
168.0
423.0
187.5
435.0
192.0
144.0
66.0
195.0
253.5
363.0
360.0
385.5
303.0
382.5
376.5
354.0
439.5
487.5
102.0
69.0
154.5
358.5
424.5
243.0
223.5
358.5
87.0
457.5
157.5
208.5
163.5
271.5
223.5
441.0
126.0
376.5
120.0
171.0
412.5
301.5
468.0
439.5
258.0
253.5
393.0
330.0
307.5
102.0
454.5
273.0
87.0
244.5
126.0
438.0
360.0
142.5
163.5
411.0
111.0
193.5
283.5
408.0
480.0
391.5
37.5
112.5
162.0
345.0
276.0
88.5
183.0
426.0
346.5
253.5
159.0
445.5
318.0
111.0
141.0
204.0
232.5
163.5
208.5
325.5
313.5
393.0
385.5
342.0
126.0
328.5
373.5
157.5
301.5
295.5
157.5
351.0
433.5
207.0
207.0
363.0
315.0
171.0
423.0
136.5
319.5
382.5
285.0
259.5
471.0
187.5
343.5
436.5
399.0
385.5
87.0
268.5
222.0
483.0
475.5
235.5
348.0
85.5
207.0
432.0
289.5
96.0
175.5
439.5
205.5
307.5
295.5
439.5
162.0
195.0
162.0
435.0
229.5
172.5
115.5
466.5
193.5
118.5
370.5
313.5
109.5
87.0
199.5
426.0
420.0
85.5
58.5
130.5
300.0
63.0
184.5
130.5
402.0
135.0
289.5
241.5
96.0
175.5
243.0
183.0
180.0
420.0
54.0
366.0
498.0
105.0
312.0
151.5
208.5
261.0
117.0
448.5
285.0
303.0
289.5
307.5
354.0
465.0
414.0
328.5
196.5
436.5
511.5
165.0
109.5
310.5
394.5
285.0
310.5
205.5
225.0
435.0
144.0
376.5
354.0
330.0
378.0
82.5
304.5
352.5
397.5
214.5
75.0
267.0
48.0
352.5
270.0
177.0
103.5
408.0
91.5
277.5
262.5
288.0
268.5
369.0
336.0
375.0
81.0
286.5
123.0
205.5
360.0
271.5
81.0
498.0
231.0
108.0
132.0
192.0
340.5
259.5
159.0
411.0
286.5
325.5
372.0
360.0
175.5
49.5
294.0
385.5
285.0
165.0
378.0
391.5
366.0
364.5
295.5
121.5
343.5
37.5
289.5
414.0
430.5
471.0
270.0
417.0
327.0
289.5
421.5
97.5
387.0
402.0
361.5
372.0
381.0
379.5
369.0
271.5
351.0
114.0
58.5
171.0
75.0
199.5
147.0
349.5
204.0
373.5
264.0
396.0
282.0
228.0
369.0
166.5
247.5
78.0
390.0
399.0
313.5
210.0
375.0
355.5
327.0
177.0
307.5
118.5
39.0
211.5
444.0
463.5
63.0
273.0
384.0
295.5
444.0
73.5
451.5
484.5
366.0
337.5
73.5
184.5
195.0
261.0
420.0
282.0
352.5
451.5
55.5
69.0
147.0
102.0
433.5
118.5
252.0
235.5
114.0
504.0
180.0
213.0
438.0
76.5
76.5
483.0
123.0
187.5
336.0
448.5
253.5
93.0
345.0
267.0
220.5
171.0
294.0
291.0
223.5
237.0
417.0
445.5
433.5
106.5
427.5
183.0
276.0
214.5
162.0
48.0
97.5
147.0
183.0
169.5
393.0
246.0
391.5
462.0
334.5
340.5
318.0
255.0
304.5
370.5
175.5
288.0
448.5
474.0
291.0
360.0
282.0
171.0
409.5
82.5
378.0
213.0
280.5
222.0
286.5
238.5
109.5
108.0
141.0
259.5
76.5
288.0
315.0
84.0
154.5
199.5
427.5
366.0
321.0
222.0
9.0
138.0
441.0
120.0
423.0
337.5
480.0
280.5
147.0
108.0
150.0
420.0
384.0
298.5
373.5
252.0
388.5
208.5
127.5
105.0
460.5
82.5
312.0
189.0
85.5
120.0
192.0
351.0
43.5
277.5
325.5
292.5
126.0
216.0
283.5
390.0
376.5
214.5
460.5
339.0
421.5
156.0
121.5
382.5
400.5
255.0
399.0
169.5
351.0
235.5
121.5
487.5
334.5
412.5
475.5
306.0
223.5
442.5
400.5
72.0
186.0
388.5
216.0
231.0
444.0
268.5
207.0
375.0
258.0
409.5
351.0
61.5
99.0
396.0
168.0
40.5
369.0
159.0
108.0
117.0
100.5
303.0
262.5
460.5
447.0
394.5
360.0
426.0
327.0
31.5
424.5
88.5
375.0
94.5
222.0
276.0
367.5
478.5
304.5
240.0
55.5
267.0
391.5
106.5
316.5
393.0
415.5
375.0
163.5
271.5
312.0
364.5
121.5
232.5
456.0
49.5
465.0
432.0
351.0
235.5
40.5
381.0
304.5
432.0
408.0
262.5
355.5
279.0
367.5
462.0
160.5
337.5
117.0
444.0
213.0
381.0
421.5
397.5
117.0
465.0
187.5
210.0
103.5
160.5
427.5
243.0
427.5
28.5
285.0
79.5
403.5
477.0
321.0
34.5
150.0
423.0
301.5
109.5
387.0
286.5
393.0
303.0
349.5
349.5
160.5
334.5
73.5
444.0
337.5
385.5
423.0
286.5
396.0
238.5
336.0
451.5
396.0
126.0
355.5
276.0
213.0
90.0
459.0
360.0
409.5
399.0
204.0
228.0
315.0
444.0
115.5
54.0
189.0
291.0
243.0
150.0
382.5
151.5
343.5
360.0
430.5
90.0
385.5
180.0
354.0
346.5
28.5
124.5
385.5
249.0
448.5
165.0
427.5
327.0
250.5
472.5
232.5
42.0
379.5
39.0
214.5
412.5
411.0
313.5
262.5
412.5
55.5
454.5
463.5
324.0
463.5
312.0
471.0
240.0
301.5
229.5
393.0
157.5
219.0
378.0
4.5
123.0
160.5
331.5
264.0
225.0
477.0
460.5
138.0
444.0
411.0
43.5
115.5
112.5
255.0
291.0
364.5
190.5
333.0
372.0
234.0
339.0
81.0
36.0
390.0
225.0
367.5
117.0
184.5
348.0
250.5
39.0
291.0
454.5
390.0
139.5
93.0
135.0
346.5
241.5
79.5
283.5
282.0
46.5
445.5
103.5
396.0
399.0
289.5
216.0
186.0
208.5
435.0
142.5
138.0
432.0
289.5
43.5
319.5
408.0
225.0
175.5
228.0
438.0
213.0
150.0
426.0
457.5
408.0
223.5
397.5
286.5
282.0
429.0
385.5
178.5
339.0
408.0
283.5
355.5
435.0
100.5
24.0
409.5
219.0
337.5
283.5
400.5
412.5
151.5
280.5
195.0
427.5
304.5
328.5
412.5
426.0
270.0
450.0
427.5
459.0
16.5
355.5
102.0
288.0
327.0
409.5
43.5
282.0
175.5
453.0
69.0
204.0
426.0
456.0
289.5
261.0
258.0
496.5
186.0
457.5
345.0
267.0
75.0
217.5
115.5
403.5
237.0
387.0
339.0
180.0
358.5
406.5
211.5
100.5
216.0
312.0
417.0
378.0
391.5
60.0
258.0
367.5
148.5
442.5
448.5
370.5
90.0
303.0
418.5
352.5
64.5
474.0
363.0
150.0
217.5
222.0
420.0
228.0
340.5
172.5
465.0
232.5
346.5
390.0
438.0
363.0
319.5
207.0
265.5
96.0
439.5
316.5
193.5
72.0
408.0
306.0
37.5
415.5
268.5
192.0
49.5
357.0
361.5
337.5
139.5
232.5
72.0
439.5
267.0
315.0
121.5
169.5
294.0
432.0
82.5
136.5
336.0
241.5
349.5
219.0
247.5
249.0
390.0
412.5
321.0
225.0
295.5
435.0
169.5
250.5
381.0
417.0
402.0
403.5
10.5
144.0
171.0
276.0
408.0
474.0
322.5
222.0
418.5
373.5
372.0
265.5
99.0
228.0
103.5
309.0
34.5
357.0
478.5
256.5
145.5
193.5
460.5
411.0
268.5
178.5
318.0
204.0
378.0
394.5
189.0
409.5
258.0
294.0
438.0
412.5
171.0
124.5
160.5
123.0
304.5
409.5
406.5
132.0
454.5
256.5
166.5
481.5
438.0
418.5
387.0
82.5
412.5
162.0
166.5
52.5
411.0
186.0
93.0
364.5
307.5
408.0
69.0
298.5
276.0
138.0
145.5
361.5
471.0
348.0
378.0
324.0
78.0
423.0
75.0
271.5
396.0
397.5
133.5
250.5
435.0
294.0
318.0
199.5
144.0
462.0
97.5
99.0
39.0
267.0
361.5
306.0
139.5
309.0
267.0
337.5
394.5
346.5
309.0
351.0
409.5
279.0
276.0
321.0
417.0
426.0
94.5
243.0
348.0
208.5
229.5
490.5
328.5
456.0
267.0
241.5
322.5
273.0
367.5
336.0
409.5
324.0
148.5
16.5
87.0
319.5
361.5
268.5
307.5
435.0
348.0
472.5
375.0
57.0
384.0
99.0
339.0
399.0
373.5
309.0
357.0
307.5
94.5
400.5
424.5
265.5
160.5
246.0
106.5
43.5
58.5
106.5
411.0
430.5
304.5
78.0
385.5
114.0
247.5
105.0
310.5
334.5
105.0
351.0
289.5
366.0
109.5
366.0
384.0
232.5
238.5
229.5
304.5
75.0
427.5
366.0
471.0
486.0
345.0
205.5
184.5
58.5
363.0
435.0
118.5
390.0
304.5
375.0
336.0
130.5
340.5
76.5
367.5
151.5
279.0
270.0
141.0
358.5
363.0
217.5
432.0
454.5
111.0
138.0
405.0
454.5
246.0
346.5
471.0
211.5
427.5
115.5
195.0
96.0
376.5
312.0
400.5
352.5
168.0
145.5
277.5
412.5
319.5
451.5
79.5
90.0
442.5
381.0
333.0
342.0
478.5
349.5
309.0
259.5
340.5
300.0
411.0
307.5
226.5
294.0
153.0
237.0
466.5
235.5
121.5
414.0
214.5
403.5
258.0
315.0
180.0
315.0
166.5
363.0
403.5
445.5
183.0
442.5
82.5
121.5
145.5
277.5
346.5
172.5
283.5
271.5
453.0
255.0
279.0
406.5
249.0
130.5
375.0
361.5
120.0
129.0
60.0
262.5
391.5
327.0
324.0
403.5
64.5
340.5
120.0
277.5
202.5
390.0
318.0
271.5
214.5
414.0
330.0
274.5
379.5
67.5
238.5
268.5
31.5
417.0
82.5
73.5
243.0
34.5
439.5
301.5
370.5
117.0
87.0
390.0
187.5
241.5
112.5
342.0
223.5
309.0
423.0
376.5
370.5
162.0
171.0
367.5
459.0
520.5
345.0
228.0
294.0
406.5
124.5
409.5
477.0
424.5
372.0
381.0
258.0
331.5
364.5
160.5
367.5
312.0
172.5
207.0
378.0
379.5
159.0
222.0
177.0
241.5
403.5
261.0
151.5
294.0
442.5
94.5
303.0
90.0
100.5
324.0
117.0
138.0
399.0
166.5
471.0
390.0
321.0
436.5
400.5
309.0
162.0
34.5
430.5
306.0
351.0
334.5
111.0
358.5
346.5
429.0
265.5
118.5
100.5
444.0
160.5
489.0
385.5
283.5
474.0
382.5
289.5
352.5
349.5
195.0
429.0
309.0
322.5
435.0
207.0
268.5
271.5
411.0
408.0
360.0
97.5
129.0
430.5
438.0
282.0
393.0
448.5
282.0
397.5
414.0
249.0
48.0
459.0
372.0
319.5
70.5
241.5
312.0
364.5
67.5
292.5
480.0
345.0
426.0
367.5
313.5
123.0
387.0
384.0
351.0
138.0
204.0
85.5
375.0
156.0
214.5
432.0
375.0
190.5
226.5
166.5
246.0
310.5
403.5
193.5
333.0
285.0
321.0
361.5
336.0
436.5
390.0
244.5
339.0
325.5
274.5
417.0
463.5
106.5
388.5
220.5
363.0
316.5
142.5
115.5
468.0
447.0
60.0
415.5
144.0
337.5
283.5
409.5
342.0
417.0
373.5
412.5
376.5
93.0
400.5
372.0
16.5
259.5
84.0
198.0
432.0
282.0
408.0
96.0
94.5
390.0
288.0
342.0
153.0
67.5
396.0
148.5
414.0
342.0
183.0
136.5
84.0
424.5
31.5
225.0
409.5
97.5
369.0
156.0
72.0
366.0
283.5
355.5
424.5
397.5
111.0
88.5
195.0
375.0
75.0
135.0
433.5
231.0
226.5
105.0
414.0
49.5
304.5
219.0
258.0
313.5
321.0
366.0
93.0
415.5
147.0
265.5
181.5
303.0
372.0
154.5
385.5
241.5
451.5
262.5
135.0
249.0
264.0
226.5
430.5
358.5
252.0
427.5
408.0
133.5
303.0
402.0
228.0
262.5
315.0
42.0
172.5
345.0
340.5
373.5
360.0
393.0
390.0
360.0
316.5
429.0
180.0
124.5
43.5
238.5
430.5
333.0
340.5
103.5
79.5
327.0
174.0
304.5
289.5
156.0
207.0
382.5
355.5
384.0
192.0
138.0
229.5
471.0
421.5
375.0
220.5
220.5
211.5
181.5
217.5
52.5
253.5
318.0
396.0
289.5
402.0
318.0
96.0
453.0
447.0
99.0
127.5
369.0
219.0
333.0
198.0
324.0
186.0
474.0
448.5
483.0
315.0
304.5
456.0
484.5
468.0
226.5
63.0
337.5
358.5
180.0
441.0
450.0
181.5
388.5
208.5
370.5
304.5
189.0
280.5
345.0
270.0
192.0
181.5
363.0
133.5
190.5
268.5
334.5
442.5
192.0
496.5
280.5
408.0
163.5
297.0
421.5
433.5
40.5
124.5
307.5
328.5
252.0
210.0
349.5
246.0
337.5
336.0
369.0
172.5
100.5
472.5
474.0
331.5
229.5
169.5
445.5
235.5
160.5
198.0
187.5
159.0
310.5
94.5
91.5
244.5
357.0
171.0
150.0
346.5
345.0
211.5
237.0
75.0
181.5
84.0
402.0
27.0
148.5
382.5
366.0
237.0
96.0
306.0
285.0
195.0
265.5
309.0
349.5
330.0
408.0
219.0
165.0
397.5
258.0
162.0
384.0
226.5
91.5
286.5
409.5
6.0
228.0
343.5
105.0
57.0
63.0
162.0
474.0
291.0
382.5
76.5
247.5
406.5
369.0
415.5
247.5
445.5
55.5
355.5
381.0
354.0
271.5
196.5
355.5
448.5
214.5
400.5
352.5
285.0
15.0
249.0
369.0
228.0
418.5
400.5
189.0
367.5
372.0
297.0
430.5
84.0
120.0
258.0
147.0
294.0
366.0
54.0
90.0
486.0
144.0
388.5
144.0
333.0
214.5
411.0
73.5
24.0
198.0
178.5
478.5
295.5
453.0
88.5
151.5
373.5
285.0
276.0
349.5
142.5
201.0
373.5
379.5
460.5
112.5
19.5
324.0
366.0
79.5
270.0
138.0
294.0
129.0
46.5
126.0
265.5
177.0
171.0
388.5
369.0
282.0
309.0
444.0
106.5
73.5
67.5
273.0
130.5
316.5
468.0
78.0
261.0
306.0
108.0
85.5
169.5
391.5
124.5
379.5
261.0
385.5
139.5
300.0
382.5
183.0
295.5
232.5
94.5
355.5
109.5
252.0
423.0
348.0
373.5
483.0
361.5
445.5
231.0
375.0
192.0
75.0
484.5
442.5
429.0
135.0
448.5
300.0
121.5
436.5
169.5
207.0
147.0
321.0
222.0
366.0
177.0
126.0
313.5
460.5
372.0
367.5
148.5
475.5
333.0
463.5
81.0
154.5
450.0
193.5
115.5
291.0
427.5
159.0
111.0
372.0
351.0
271.5
406.5
336.0
367.5
400.5
189.0
246.0
249.0
339.0
351.0
412.5
520.5
195.0
159.0
363.0
231.0
400.5
394.5
154.5
316.5
439.5
466.5
385.5
420.0
67.5
238.5
57.0
258.0
403.5
174.0
349.5
355.5
445.5
253.5
61.5
210.0
370.5
432.0
316.5
282.0
177.0
162.0
295.5
105.0
108.0
348.0
103.5
459.0
355.5
373.5
376.5
354.0
363.0
268.5
256.5
97.5
399.0
405.0
163.5
286.5
178.5
124.5
216.0
142.5
403.5
414.0
438.0
171.0
456.0
400.5
90.0
118.5
36.0
367.5
445.5
232.5
186.0
433.5
145.5
357.0
337.5
432.0
231.0
120.0
105.0
238.5
241.5
339.0
331.5
163.5
384.0
387.0
508.5
346.5
405.0
168.0
96.0
30.0
286.5
403.5
57.0
271.5
346.5
402.0
267.0
315.0
484.5
189.0
84.0
123.0
414.0
321.0
201.0
193.5
373.5
331.5
456.0
315.0
367.5
432.0
433.5
120.0
376.5
426.0
391.5
402.0
373.5
438.0
69.0
490.5
493.5
223.5
109.5
126.0
207.0
126.0
403.5
373.5
343.5
477.0
114.0
436.5
471.0
112.5
213.0
204.0
280.5
151.5
282.0
403.5
157.5
367.5
315.0
334.5
358.5
309.0
234.0
220.5
295.5
391.5
421.5
223.5
402.0
426.0
247.5
414.0
399.0
285.0
387.0
268.5
349.5
345.0
279.0
454.5
105.0
237.0
358.5
399.0
402.0
457.5
52.5
417.0
456.0
330.0
271.5
277.5
417.0
330.0
318.0
426.0
469.5
319.5
321.0
270.0
465.0
477.0
297.0
313.5
183.0
354.0
333.0
88.5
84.0
205.5
390.0
397.5
189.0
384.0
174.0
108.0
450.0
409.5
436.5
435.0
178.5
241.5
390.0
198.0
273.0
432.0
307.5
370.5
463.5
310.5
198.0
357.0
253.5
403.5
325.5
421.5
391.5
271.5
220.5
270.0
75.0
190.5
166.5
172.5
210.0
441.0
207.0
460.5
207.0
288.0
270.0
451.5
277.5
31.5
144.0
226.5
184.5
291.0
408.0
142.5
354.0
102.0
400.5
382.5
156.0
67.5
379.5
478.5
111.0
126.0
234.0
85.5
91.5
361.5
450.0
258.0
333.0
94.5
244.5
253.5
64.5
207.0
108.0
126.0
268.5
120.0
253.5
408.0
147.0
366.0
427.5
495.0
310.5
261.0
457.5
181.5
423.0
375.0
286.5
466.5
423.0
187.5
381.0
343.5
43.5
301.5
304.5
462.0
277.5
484.5
418.5
196.5
219.0
214.5
412.5
151.5
210.0
417.0
43.5
435.0
316.5
403.5
396.0
445.5
396.0
67.5
84.0
423.0
141.0
123.0
324.0
166.5
142.5
439.5
247.5
243.0
408.0
508.5
294.0
117.0
327.0
390.0
223.5
351.0
52.5
121.5
159.0
265.5
60.0
264.0
414.0
190.5
376.5
73.5
363.0
411.0
352.5
309.0
253.5
165.0
331.5
40.5
268.5
213.0
457.5
190.5
321.0
378.0
457.5
400.5
403.5
460.5
138.0
141.0
178.5
75.0
27.0
388.5
280.5
130.5
232.5
204.0
417.0
192.0
427.5
250.5
514.5
114.0
334.5
327.0
271.5
51.0
256.5
189.0
291.0
421.5
220.5
367.5
88.5
307.5
384.0
432.0
150.0
367.5
433.5
355.5
153.0
271.5
294.0
402.0
226.5
220.5
309.0
466.5
267.0
373.5
175.5
144.0
279.0
397.5
453.0
333.0
312.0
252.0
399.0
354.0
180.0
321.0
153.0
339.0
426.0
358.5
420.0
298.5
204.0
357.0
72.0
357.0
343.5
225.0
256.5
88.5
192.0
423.0
148.5
325.5
289.5
160.5
216.0
31.5
396.0
211.5
171.0
144.0
243.0
406.5
348.0
177.0
198.0
355.5
339.0
369.0
33.0
345.0
412.5
103.5
76.5
424.5
423.0
235.5
253.5
310.5
393.0
82.5
369.0
145.5
264.0
78.0
294.0
411.0
424.5
303.0
304.5
114.0
348.0
333.0
94.5
279.0
316.5
234.0
400.5
264.0
301.5
358.5
277.5
241.5
276.0
96.0
375.0
162.0
348.0
379.5
273.0
378.0
64.5
198.0
36.0
487.5
328.5
183.0
136.5
268.5
363.0
156.0
147.0
243.0
316.5
438.0
456.0
411.0
3.0
496.5
190.5
132.0
387.0
328.5
472.5
406.5
136.5
120.0
291.0
325.5
309.0
189.0
442.5
306.0
393.0
33.0
147.0
78.0
303.0
303.0
94.5
225.0
465.0
409.5
433.5
361.5
268.5
277.5
297.0
447.0
388.5
49.5
364.5
457.5
88.5
190.5
415.5
189.0
447.0
82.5
258.0
333.0
327.0
343.5
237.0
411.0
349.5
469.5
270.0
340.5
67.5
228.0
151.5
411.0
265.5
210.0
361.5
232.5
454.5
265.5
244.5
243.0
195.0
66.0
199.5
210.0
112.5
267.0
181.5
166.5
328.5
439.5
51.0
427.5
405.0
330.0
364.5
417.0
82.5
405.0
117.0
334.5
352.5
328.5
364.5
318.0
468.0
97.5
484.5
154.5
259.5
325.5
256.5
390.0
159.0
318.0
144.0
267.0
423.0
435.0
274.5
123.0
463.5
256.5
106.5
55.5
258.0
337.5
393.0
99.0
123.0
111.0
397.5
288.0
391.5
348.0
190.5
385.5
369.0
66.0
39.0
124.5
127.5
123.0
199.5
378.0
30.0
73.5
321.0
165.0
445.5
357.0
208.5
411.0
99.0
103.5
334.5
145.5
91.5
163.5
123.0
459.0
175.5
354.0
324.0
399.0
411.0
162.0
334.5
402.0
498.0
204.0
159.0
