268.5
135.0
412.5
408.0
90.0
139.5
60.0
241.5
130.5
501.0
232.5
102.0
198.0
346.5
261.0
223.5
381.0
78.0
154.5
88.5
495.0
150.0
142.5
313.5
417.0
408.0
355.5
64.5
381.0
363.0
34.5
156.0
105.0
97.5
297.0
18.0
265.5
288.0
133.5
363.0
75.0
219.0
271.5
88.5
40.5
420.0
154.5
169.5
165.0
148.5
126.0
382.5
78.0
396.0
411.0
48.0
117.0
55.5
168.0
412.5
187.5
301.5
129.0
201.0
211.5
70.5
123.0
235.5
243.0
135.0
145.5
49.5
289.5
109.5
351.0
184.5
306.0
234.0
322.5
63.0
102.0
345.0
352.5
159.0
112.5
166.5
424.5
171.0
33.0
108.0
138.0
339.0
90.0
268.5
477.0
180.0
348.0
28.5
237.0
69.0
387.0
87.0
189.0
198.0
121.5
259.5
196.5
315.0
111.0
216.0
223.5
150.0
288.0
241.5
118.5
54.0
406.5
279.0
163.5
444.0
300.0
376.5
214.5
226.5
70.5
147.0
238.5
15.0
157.5
256.5
382.5
249.0
295.5
408.0
316.5
232.5
73.5
129.0
226.5
448.5
339.0
351.0
205.5
72.0
237.0
369.0
334.5
439.5
154.5
262.5
322.5
376.5
199.5
151.5
382.5
87.0
304.5
243.0
181.5
220.5
220.5
93.0
268.5
391.5
136.5
475.5
243.0
177.0
295.5
103.5
408.0
117.0
163.5
25.5
106.5
112.5
153.0
508.5
172.5
448.5
414.0
114.0
172.5
390.0
204.0
382.5
168.0
408.0
174.0
114.0
202.5
177.0
375.0
154.5
378.0
118.5
277.5
144.0
168.0
144.0
288.0
229.5
313.5
459.0
58.5
375.0
189.0
120.0
394.5
414.0
361.5
97.5
337.5
319.5
318.0
231.0
211.5
321.0
351.0
108.0
180.0
67.5
466.5
325.5
181.5
49.5
64.5
460.5
124.5
78.0
250.5
397.5
151.5
210.0
246.0
129.0
174.0
103.5
391.5
109.5
99.0
219.0
81.0
301.5
139.5
39.0
310.5
33.0
99.0
327.0
370.5
211.5
106.5
45.0
112.5
384.0
304.5
327.0
160.5
331.5
307.5
102.0
354.0
33.0
394.5
394.5
244.5
228.0
402.0
94.5
114.0
123.0
135.0
232.5
243.0
292.5
130.5
418.5
285.0
213.0
148.5
162.0
364.5
61.5
316.5
330.0
217.5
450.0
231.0
342.0
213.0
144.0
64.5
121.5
94.5
135.0
58.5
193.5
432.0
165.0
334.5
123.0
57.0
426.0
255.0
73.5
286.5
45.0
172.5
411.0
126.0
166.5
148.5
232.5
312.0
238.5
22.5
79.5
115.5
73.5
267.0
82.5
57.0
219.0
232.5
297.0
181.5
400.5
88.5
309.0
124.5
361.5
408.0
51.0
42.0
9.0
274.5
135.0
69.0
418.5
288.0
169.5
195.0
178.5
187.5
90.0
127.5
328.5
391.5
178.5
82.5
111.0
172.5
447.0
322.5
346.5
223.5
180.0
265.5
205.5
150.0
264.0
307.5
180.0
103.5
495.0
190.5
148.5
51.0
363.0
270.0
397.5
75.0
129.0
90.0
28.5
84.0
409.5
268.5
30.0
97.5
162.0
208.5
193.5
160.5
73.5
280.5
346.5
382.5
90.0
205.5
160.5
217.5
49.5
205.5
100.5
93.0
450.0
103.5
156.0
129.0
355.5
58.5
288.0
207.0
223.5
78.0
66.0
235.5
43.5
276.0
186.0
141.0
394.5
70.5
141.0
102.0
51.0
279.0
345.0
165.0
196.5
226.5
160.5
48.0
199.5
132.0
270.0
120.0
28.5
138.0
472.5
454.5
289.5
69.0
318.0
409.5
94.5
21.0
421.5
361.5
346.5
249.0
280.5
415.5
303.0
318.0
43.5
196.5
409.5
393.0
291.0
87.0
198.0
267.0
264.0
99.0
79.5
376.5
49.5
378.0
307.5
90.0
471.0
217.5
151.5
142.5
87.0
271.5
330.0
82.5
184.5
64.5
321.0
88.5
52.5
147.0
105.0
51.0
120.0
412.5
433.5
187.5
147.0
142.5
430.5
103.5
49.5
250.5
210.0
193.5
181.5
57.0
400.5
78.0
64.5
288.0
322.5
262.5
225.0
177.0
441.0
399.0
81.0
400.5
282.0
96.0
45.0
111.0
250.5
102.0
7.5
40.5
247.5
66.0
264.0
361.5
133.5
57.0
309.0
429.0
378.0
201.0
358.5
135.0
214.5
250.5
118.5
156.0
202.5
115.5
321.0
279.0
342.0
183.0
363.0
184.5
238.5
141.0
358.5
364.5
252.0
162.0
220.5
297.0
153.0
216.0
171.0
126.0
39.0
261.0
168.0
100.5
150.0
372.0
139.5
180.0
90.0
87.0
228.0
51.0
373.5
361.5
150.0
279.0
171.0
256.5
315.0
210.0
156.0
151.5
412.5
124.5
292.5
237.0
345.0
70.5
166.5
249.0
283.5
280.5
69.0
93.0
334.5
186.0
103.5
156.0
175.5
229.5
114.0
105.0
133.5
343.5
121.5
120.0
18.0
273.0
48.0
313.5
300.0
385.5
427.5
204.0
172.5
256.5
343.5
106.5
132.0
348.0
429.0
303.0
144.0
223.5
115.5
124.5
412.5
102.0
46.5
148.5
216.0
216.0
142.5
153.0
103.5
277.5
177.0
181.5
223.5
244.5
255.0
253.5
333.0
123.0
169.5
270.0
205.5
355.5
120.0
94.5
402.0
52.5
138.0
273.0
414.0
274.5
84.0
120.0
181.5
196.5
351.0
120.0
255.0
105.0
114.0
211.5
150.0
274.5
366.0
448.5
256.5
241.5
96.0
148.5
409.5
121.5
169.5
262.5
409.5
31.5
283.5
397.5
204.0
202.5
112.5
343.5
273.0
319.5
216.0
232.5
348.0
240.0
183.0
337.5
253.5
106.5
135.0
187.5
304.5
70.5
424.5
339.0
270.0
325.5
21.0
246.0
238.5
120.0
228.0
373.5
223.5
157.5
178.5
198.0
139.5
333.0
132.0
181.5
165.0
129.0
369.0
55.5
210.0
111.0
180.0
333.0
369.0
235.5
457.5
34.5
373.5
400.5
58.5
460.5
55.5
87.0
244.5
343.5
111.0
235.5
274.5
310.5
270.0
106.5
171.0
406.5
351.0
228.0
376.5
181.5
129.0
408.0
93.0
199.5
138.0
192.0
286.5
196.5
159.0
292.5
151.5
202.5
60.0
103.5
226.5
82.5
57.0
145.5
153.0
141.0
442.5
79.5
313.5
207.0
270.0
54.0
36.0
442.5
109.5
427.5
234.0
52.5
246.0
438.0
109.5
63.0
424.5
313.5
208.5
288.0
193.5
52.5
183.0
325.5
405.0
423.0
330.0
235.5
289.5
223.5
97.5
175.5
295.5
48.0
177.0
78.0
402.0
51.0
334.5
472.5
460.5
289.5
283.5
235.5
280.5
292.5
207.0
100.5
199.5
193.5
186.0
274.5
300.0
244.5
48.0
220.5
195.0
40.5
42.0
156.0
322.5
114.0
417.0
214.5
103.5
255.0
69.0
96.0
432.0
343.5
232.5
46.5
445.5
181.5
441.0
144.0
228.0
91.5
229.5
156.0
238.5
49.5
265.5
109.5
138.0
271.5
126.0
246.0
198.0
69.0
399.0
12.0
261.0
217.5
139.5
237.0
193.5
169.5
408.0
514.5
339.0
133.5
460.5
343.5
217.5
228.0
288.0
67.5
97.5
106.5
204.0
145.5
375.0
322.5
270.0
112.5
196.5
259.5
195.0
198.0
141.0
400.5
406.5
291.0
306.0
292.5
166.5
162.0
213.0
315.0
264.0
288.0
130.5
136.5
345.0
91.5
288.0
276.0
322.5
58.5
375.0
354.0
124.5
222.0
153.0
396.0
136.5
358.5
81.0
100.5
234.0
108.0
228.0
412.5
103.5
199.5
463.5
226.5
30.0
294.0
400.5
69.0
123.0
241.5
394.5
115.5
190.5
432.0
288.0
43.5
298.5
142.5
219.0
337.5
115.5
136.5
177.0
196.5
474.0
315.0
144.0
310.5
375.0
274.5
63.0
346.5
15.0
313.5
271.5
132.0
267.0
141.0
400.5
147.0
210.0
325.5
88.5
346.5
316.5
432.0
49.5
255.0
318.0
222.0
222.0
451.5
291.0
252.0
9.0
210.0
363.0
55.5
156.0
253.5
238.5
349.5
96.0
99.0
180.0
330.0
58.5
130.5
52.5
369.0
301.5
364.5
66.0
228.0
165.0
243.0
396.0
313.5
285.0
192.0
450.0
273.0
76.5
54.0
204.0
291.0
205.5
378.0
259.5
207.0
418.5
229.5
142.5
393.0
397.5
240.0
91.5
207.0
184.5
195.0
358.5
138.0
220.5
373.5
160.5
301.5
123.0
118.5
114.0
367.5
327.0
238.5
351.0
309.0
384.0
21.0
141.0
336.0
153.0
250.5
49.5
259.5
159.0
72.0
324.0
336.0
408.0
67.5
153.0
373.5
151.5
220.5
144.0
69.0
46.5
214.5
90.0
13.5
40.5
243.0
48.0
168.0
85.5
163.5
405.0
331.5
114.0
178.5
79.5
205.5
234.0
118.5
360.0
234.0
33.0
223.5
231.0
403.5
175.5
138.0
123.0
183.0
93.0
163.5
46.5
109.5
91.5
249.0
177.0
262.5
70.5
103.5
348.0
106.5
154.5
195.0
162.0
45.0
186.0
196.5
363.0
204.0
363.0
301.5
106.5
339.0
162.0
460.5
267.0
148.5
412.5
76.5
31.5
237.0
415.5
142.5
310.5
259.5
463.5
108.0
34.5
262.5
100.5
444.0
25.5
358.5
282.0
297.0
339.0
355.5
157.5
369.0
106.5
354.0
85.5
177.0
237.0
171.0
177.0
99.0
348.0
337.5
442.5
433.5
117.0
177.0
33.0
171.0
132.0
49.5
147.0
219.0
319.5
300.0
327.0
72.0
349.5
406.5
243.0
99.0
304.5
58.5
57.0
358.5
337.5
255.0
426.0
78.0
141.0
204.0
151.5
198.0
90.0
121.5
271.5
399.0
210.0
313.5
367.5
133.5
60.0
370.5
87.0
21.0
301.5
4.5
181.5
39.0
49.5
294.0
132.0
204.0
177.0
414.0
327.0
351.0
216.0
297.0
46.5
285.0
72.0
210.0
150.0
262.5
61.5
376.5
127.5
463.5
79.5
117.0
433.5
115.5
142.5
340.5
304.5
301.5
79.5
97.5
33.0
297.0
318.0
300.0
262.5
232.5
148.5
64.5
82.5
316.5
363.0
130.5
418.5
66.0
63.0
177.0
76.5
142.5
280.5
169.5
358.5
195.0
444.0
276.0
421.5
177.0
94.5
198.0
192.0
261.0
97.5
337.5
40.5
420.0
375.0
195.0
250.5
358.5
247.5
111.0
394.5
123.0
45.0
97.5
276.0
364.5
160.5
213.0
154.5
357.0
199.5
307.5
340.5
154.5
316.5
334.5
51.0
454.5
150.0
300.0
235.5
154.5
397.5
81.0
45.0
103.5
267.0
196.5
133.5
189.0
112.5
208.5
52.5
118.5
109.5
25.5
247.5
322.5
145.5
390.0
100.5
186.0
352.5
150.0
300.0
319.5
301.5
232.5
481.5
352.5
441.0
309.0
162.0
181.5
58.5
141.0
120.0
84.0
163.5
393.0
66.0
84.0
43.5
345.0
166.5
195.0
289.5
99.0
75.0
195.0
226.5
331.5
97.5
106.5
133.5
145.5
42.0
480.0
154.5
82.5
88.5
183.0
277.5
385.5
459.0
64.5
181.5
214.5
159.0
130.5
370.5
117.0
187.5
93.0
390.0
126.0
367.5
154.5
153.0
75.0
274.5
51.0
85.5
174.0
363.0
130.5
178.5
234.0
388.5
334.5
231.0
328.5
61.5
180.0
340.5
403.5
67.5
387.0
306.0
169.5
174.0
168.0
325.5
255.0
72.0
117.0
408.0
138.0
246.0
235.5
99.0
30.0
205.5
196.5
81.0
339.0
166.5
145.5
193.5
391.5
177.0
327.0
171.0
93.0
310.5
313.5
442.5
99.0
87.0
154.5
109.5
306.0
136.5
252.0
288.0
249.0
256.5
111.0
210.0
27.0
364.5
268.5
231.0
112.5
97.5
238.5
91.5
124.5
358.5
432.0
180.0
166.5
232.5
136.5
166.5
186.0
222.0
454.5
370.5
43.5
132.0
109.5
304.5
292.5
217.5
192.0
64.5
153.0
276.0
238.5
34.5
145.5
258.0
154.5
442.5
364.5
174.0
282.0
244.5
360.0
469.5
357.0
103.5
186.0
436.5
346.5
342.0
132.0
234.0
115.5
405.0
334.5
403.5
124.5
211.5
25.5
220.5
391.5
436.5
54.0
283.5
259.5
273.0
96.0
157.5
288.0
150.0
94.5
357.0
175.5
73.5
436.5
184.5
331.5
261.0
369.0
300.0
292.5
262.5
364.5
367.5
231.0
142.5
73.5
279.0
136.5
276.0
292.5
135.0
429.0
126.0
43.5
466.5
157.5
207.0
15.0
318.0
418.5
199.5
403.5
246.0
138.0
193.5
306.0
328.5
108.0
198.0
193.5
261.0
150.0
145.5
144.0
247.5
300.0
96.0
226.5
237.0
372.0
400.5
151.5
354.0
166.5
163.5
132.0
94.5
48.0
19.5
249.0
141.0
388.5
361.5
228.0
60.0
381.0
225.0
337.5
205.5
27.0
256.5
195.0
288.0
457.5
94.5
46.5
235.5
235.5
148.5
57.0
259.5
196.5
114.0
318.0
106.5
217.5
64.5
39.0
438.0
327.0
429.0
114.0
94.5
420.0
246.0
18.0
51.0
175.5
136.5
51.0
310.5
219.0
130.5
171.0
363.0
109.5
355.5
123.0
100.5
157.5
70.5
135.0
388.5
78.0
370.5
90.0
229.5
165.0
451.5
243.0
255.0
366.0
358.5
94.5
130.5
168.0
142.5
225.0
324.0
337.5
181.5
144.0
298.5
123.0
166.5
202.5
424.5
415.5
220.5
52.5
79.5
64.5
337.5
42.0
282.0
244.5
214.5
373.5
228.0
301.5
231.0
373.5
351.0
106.5
114.0
301.5
99.0
67.5
126.0
157.5
397.5
174.0
402.0
187.5
373.5
85.5
195.0
195.0
210.0
174.0
84.0
142.5
58.5
81.0
358.5
433.5
151.5
372.0
384.0
81.0
142.5
358.5
391.5
366.0
126.0
99.0
223.5
70.5
96.0
36.0
232.5
375.0
406.5
370.5
52.5
229.5
214.5
102.0
111.0
306.0
102.0
312.0
216.0
438.0
238.5
300.0
241.5
321.0
367.5
54.0
124.5
46.5
157.5
183.0
132.0
129.0
69.0
276.0
153.0
67.5
358.5
313.5
240.0
313.5
315.0
424.5
70.5
291.0
376.5
135.0
81.0
370.5
406.5
160.5
286.5
400.5
81.0
150.0
150.0
51.0
121.5
211.5
111.0
363.0
352.5
297.0
226.5
291.0
423.0
232.5
211.5
369.0
121.5
456.0
118.5
163.5
174.0
264.0
126.0
121.5
294.0
151.5
316.5
45.0
159.0
124.5
393.0
102.0
228.0
36.0
129.0
334.5
148.5
300.0
204.0
267.0
165.0
318.0
310.5
370.5
289.5
387.0
190.5
370.5
103.5
108.0
121.5
345.0
249.0
73.5
333.0
82.5
334.5
156.0
165.0
63.0
174.0
153.0
177.0
184.5
196.5
246.0
379.5
58.5
396.0
174.0
321.0
210.0
156.0
403.5
238.5
126.0
264.0
214.5
87.0
130.5
175.5
136.5
72.0
351.0
184.5
460.5
364.5
310.5
307.5
459.0
156.0
112.5
271.5
217.5
433.5
103.5
160.5
240.0
216.0
85.5
387.0
294.0
111.0
177.0
156.0
99.0
144.0
316.5
358.5
72.0
180.0
133.5
36.0
382.5
147.0
166.5
124.5
274.5
52.5
307.5
376.5
328.5
70.5
159.0
136.5
156.0
160.5
220.5
67.5
30.0
169.5
123.0
66.0
102.0
88.5
400.5
111.0
58.5
289.5
163.5
343.5
141.0
264.0
357.0
394.5
133.5
232.5
240.0
406.5
40.5
76.5
325.5
435.0
277.5
394.5
322.5
123.0
157.5
93.0
115.5
342.0
228.0
189.0
150.0
237.0
402.0
216.0
184.5
348.0
432.0
169.5
138.0
312.0
49.5
81.0
319.5
55.5
99.0
57.0
141.0
174.0
403.5
190.5
205.5
208.5
192.0
363.0
106.5
138.0
273.0
24.0
388.5
51.0
241.5
384.0
285.0
234.0
313.5
25.5
93.0
276.0
148.5
10.5
196.5
103.5
166.5
138.0
123.0
262.5
262.5
144.0
58.5
115.5
132.0
145.5
301.5
214.5
198.0
412.5
61.5
114.0
225.0
180.0
70.5
70.5
379.5
178.5
247.5
274.5
157.5
421.5
271.5
364.5
304.5
52.5
237.0
351.0
90.0
81.0
115.5
90.0
327.0
136.5
376.5
405.0
237.0
57.0
343.5
258.0
144.0
351.0
325.5
268.5
229.5
78.0
459.0
408.0
117.0
420.0
258.0
124.5
240.0
139.5
144.0
330.0
177.0
343.5
384.0
82.5
337.5
303.0
453.0
213.0
286.5
354.0
135.0
310.5
37.5
385.5
298.5
208.5
28.5
114.0
106.5
156.0
345.0
243.0
322.5
166.5
25.5
81.0
277.5
304.5
102.0
384.0
265.5
277.5
138.0
75.0
403.5
40.5
225.0
294.0
40.5
321.0
129.0
285.0
49.5
291.0
174.0
267.0
111.0
16.5
228.0
366.0
64.5
129.0
312.0
390.0
285.0
196.5
277.5
282.0
292.5
207.0
328.5
163.5
61.5
367.5
301.5
357.0
343.5
60.0
342.0
96.0
183.0
342.0
34.5
136.5
40.5
381.0
427.5
123.0
400.5
171.0
318.0
367.5
346.5
196.5
301.5
162.0
91.5
426.0
108.0
85.5
118.5
412.5
103.5
168.0
109.5
223.5
354.0
360.0
214.5
70.5
171.0
72.0
247.5
211.5
76.5
265.5
129.0
411.0
366.0
355.5
262.5
421.5
400.5
301.5
13.5
348.0
114.0
127.5
229.5
115.5
37.5
300.0
91.5
100.5
301.5
379.5
135.0
57.0
105.0
76.5
183.0
202.5
154.5
49.5
387.0
429.0
123.0
157.5
348.0
160.5
277.5
190.5
55.5
460.5
190.5
433.5
252.0
195.0
352.5
366.0
69.0
169.5
87.0
316.5
135.0
229.5
429.0
121.5
409.5
214.5
250.5
54.0
55.5
102.0
99.0
67.5
112.5
441.0
336.0
198.0
364.5
219.0
127.5
4.5
151.5
315.0
144.0
337.5
151.5
111.0
295.5
355.5
258.0
216.0
319.5
94.5
288.0
222.0
169.5
337.5
382.5
117.0
171.0
454.5
264.0
360.0
222.0
393.0
265.5
393.0
288.0
352.5
57.0
160.5
409.5
204.0
295.5
402.0
85.5
52.5
195.0
366.0
282.0
75.0
286.5
256.5
174.0
231.0
165.0
156.0
384.0
291.0
142.5
94.5
202.5
307.5
105.0
342.0
226.5
144.0
211.5
90.0
114.0
186.0
127.5
306.0
217.5
162.0
76.5
222.0
58.5
327.0
228.0
453.0
166.5
112.5
168.0
82.5
6.0
261.0
10.5
285.0
333.0
82.5
255.0
396.0
361.5
46.5
268.5
198.0
256.5
102.0
234.0
268.5
334.5
321.0
102.0
420.0
186.0
156.0
364.5
357.0
334.5
129.0
169.5
414.0
114.0
100.5
373.5
310.5
111.0
387.0
166.5
130.5
402.0
264.0
78.0
279.0
109.5
423.0
319.5
340.5
222.0
96.0
238.5
181.5
157.5
318.0
105.0
129.0
399.0
322.5
396.0
277.5
168.0
72.0
120.0
199.5
340.5
268.5
250.5
349.5
352.5
427.5
150.0
162.0
93.0
162.0
291.0
304.5
76.5
117.0
439.5
72.0
343.5
369.0
88.5
448.5
108.0
424.5
288.0
93.0
238.5
165.0
195.0
367.5
207.0
87.0
207.0
262.5
67.5
318.0
304.5
157.5
327.0
151.5
357.0
243.0
268.5
273.0
127.5
351.0
172.5
63.0
255.0
270.0
288.0
55.5
315.0
30.0
319.5
159.0
178.5
408.0
426.0
349.5
142.5
450.0
231.0
157.5
160.5
177.0
250.5
318.0
87.0
76.5
327.0
151.5
130.5
103.5
307.5
291.0
205.5
246.0
55.5
276.0
27.0
300.0
193.5
324.0
367.5
100.5
157.5
208.5
337.5
118.5
244.5
364.5
304.5
435.0
385.5
297.0
228.0
378.0
274.5
133.5
130.5
90.0
342.0
297.0
469.5
82.5
406.5
180.0
153.0
159.0
111.0
61.5
163.5
177.0
259.5
435.0
207.0
33.0
211.5
273.0
72.0
282.0
79.5
90.0
435.0
303.0
355.5
258.0
22.5
189.0
121.5
258.0
375.0
220.5
333.0
193.5
402.0
364.5
145.5
403.5
126.0
78.0
186.0
339.0
282.0
228.0
207.0
130.5
381.0
225.0
166.5
90.0
288.0
255.0
189.0
312.0
124.5
193.5
142.5
112.5
247.5
391.5
402.0
9.0
261.0
420.0
433.5
342.0
30.0
277.5
354.0
319.5
228.0
127.5
81.0
399.0
277.5
264.0
63.0
426.0
40.5
345.0
265.5
271.5
168.0
357.0
249.0
210.0
165.0
63.0
82.5
63.0
27.0
144.0
435.0
316.5
253.5
427.5
126.0
118.5
115.5
121.5
249.0
69.0
72.0
151.5
132.0
120.0
177.0
325.5
219.0
160.5
360.0
291.0
151.5
117.0
346.5
118.5
225.0
265.5
387.0
252.0
243.0
265.5
393.0
271.5
36.0
75.0
255.0
132.0
69.0
295.5
435.0
307.5
162.0
183.0
190.5
111.0
109.5
159.0
397.5
90.0
234.0
117.0
94.5
316.5
370.5
411.0
195.0
309.0
114.0
117.0
238.5
198.0
438.0
141.0
220.5
109.5
103.5
352.5
295.5
201.0
331.5
399.0
97.5
175.5
174.0
322.5
226.5
171.0
207.0
255.0
81.0
111.0
297.0
186.0
79.5
372.0
445.5
87.0
270.0
235.5
238.5
73.5
348.0
313.5
388.5
198.0
69.0
111.0
109.5
264.0
457.5
93.0
277.5
87.0
408.0
343.5
363.0
133.5
303.0
186.0
160.5
319.5
214.5
72.0
100.5
39.0
151.5
88.5
55.5
256.5
358.5
234.0
357.0
120.0
349.5
411.0
171.0
169.5
13.5
297.0
400.5
415.5
73.5
90.0
364.5
354.0
207.0
282.0
201.0
106.5
310.5
160.5
340.5
354.0
64.5
79.5
231.0
396.0
106.5
114.0
427.5
423.0
307.5
193.5
348.0
147.0
96.0
115.5
214.5
352.5
294.0
163.5
145.5
73.5
360.0
390.0
93.0
351.0
238.5
127.5
340.5
433.5
268.5
52.5
375.0
115.5
424.5
138.0
355.5
358.5
412.5
153.0
346.5
129.0
115.5
394.5
235.5
274.5
154.5
73.5
171.0
345.0
151.5
252.0
307.5
72.0
124.5
349.5
286.5
106.5
267.0
304.5
403.5
120.0
357.0
337.5
288.0
217.5
208.5
294.0
46.5
415.5
40.5
424.5
163.5
294.0
267.0
223.5
160.5
432.0
355.5
261.0
316.5
237.0
145.5
138.0
172.5
213.0
81.0
169.5
361.5
133.5
207.0
150.0
100.5
280.5
105.0
106.5
256.5
247.5
415.5
180.0
249.0
364.5
75.0
192.0
426.0
258.0
283.5
352.5
259.5
81.0
246.0
78.0
120.0
76.5
237.0
313.5
415.5
94.5
232.5
136.5
120.0
141.0
264.0
141.0
169.5
124.5
238.5
49.5
396.0
133.5
129.0
264.0
420.0
327.0
180.0
216.0
147.0
160.5
234.0
324.0
43.5
195.0
49.5
64.5
220.5
280.5
133.5
118.5
222.0
28.5
42.0
196.5
283.5
288.0
76.5
478.5
348.0
264.0
201.0
61.5
147.0
400.5
109.5
273.0
429.0
70.5
235.5
165.0
109.5
156.0
274.5
181.5
408.0
109.5
31.5
126.0
100.5
202.5
51.0
36.0
121.5
105.0
258.0
354.0
265.5
147.0
352.5
33.0
291.0
484.5
112.5
142.5
304.5
415.5
247.5
144.0
202.5
127.5
165.0
283.5
343.5
78.0
48.0
126.0
136.5
504.0
151.5
247.5
82.5
246.0
298.5
228.0
372.0
232.5
246.0
88.5
250.5
42.0
82.5
333.0
313.5
97.5
211.5
180.0
370.5
213.0
198.0
138.0
115.5
258.0
319.5
162.0
43.5
174.0
259.5
195.0
54.0
301.5
222.0
295.5
370.5
349.5
186.0
175.5
55.5
235.5
162.0
108.0
399.0
277.5
183.0
237.0
144.0
310.5
241.5
307.5
108.0
336.0
69.0
334.5
100.5
181.5
321.0
52.5
228.0
73.5
78.0
124.5
280.5
300.0
421.5
438.0
298.5
235.5
73.5
156.0
162.0
420.0
259.5
157.5
66.0
189.0
72.0
399.0
186.0
73.5
102.0
307.5
69.0
234.0
315.0
100.5
265.5
4.5
340.5
205.5
168.0
21.0
219.0
318.0
54.0
367.5
397.5
73.5
234.0
285.0
99.0
165.0
196.5
121.5
55.5
100.5
342.0
145.5
153.0
463.5
268.5
199.5
361.5
234.0
307.5
460.5
369.0
193.5
117.0
58.5
465.0
399.0
126.0
366.0
99.0
66.0
154.5
364.5
330.0
193.5
193.5
181.5
297.0
40.5
112.5
237.0
330.0
231.0
240.0
363.0
175.5
6.0
234.0
313.5
46.5
42.0
106.5
376.5
294.0
169.5
249.0
148.5
84.0
318.0
231.0
175.5
144.0
52.5
171.0
273.0
102.0
120.0
388.5
333.0
111.0
190.5
205.5
327.0
199.5
193.5
282.0
90.0
205.5
285.0
312.0
145.5
13.5
219.0
199.5
436.5
52.5
76.5
181.5
174.0
256.5
421.5
336.0
93.0
51.0
313.5
372.0
354.0
271.5
183.0
117.0
127.5
217.5
298.5
126.0
130.5
27.0
241.5
264.0
423.0
340.5
153.0
196.5
289.5
301.5
79.5
315.0
187.5
93.0
109.5
405.0
142.5
240.0
300.0
165.0
135.0
339.0
453.0
430.5
228.0
318.0
237.0
123.0
196.5
118.5
88.5
367.5
375.0
79.5
472.5
459.0
138.0
99.0
421.5
234.0
91.5
258.0
213.0
259.5
334.5
109.5
115.5
127.5
217.5
78.0
288.0
258.0
79.5
73.5
138.0
96.0
28.5
366.0
310.5
309.0
217.5
330.0
262.5
370.5
111.0
301.5
117.0
159.0
153.0
130.5
73.5
310.5
79.5
129.0
78.0
357.0
19.5
231.0
352.5
405.0
63.0
142.5
72.0
442.5
240.0
352.5
181.5
283.5
298.5
70.5
105.0
48.0
159.0
175.5
306.0
372.0
169.5
175.5
204.0
414.0
150.0
232.5
97.5
400.5
129.0
151.5
177.0
369.0
210.0
381.0
132.0
217.5
102.0
273.0
196.5
468.0
346.5
364.5
168.0
61.5
147.0
214.5
264.0
253.5
192.0
315.0
93.0
231.0
124.5
67.5
315.0
331.5
70.5
135.0
300.0
276.0
345.0
57.0
436.5
144.0
106.5
274.5
115.5
339.0
111.0
345.0
295.5
160.5
76.5
214.5
90.0
454.5
106.5
360.0
108.0
208.5
445.5
156.0
315.0
298.5
327.0
294.0
301.5
351.0
316.5
324.0
217.5
387.0
306.0
430.5
75.0
70.5
357.0
402.0
247.5
256.5
181.5
301.5
157.5
153.0
259.5
234.0
246.0
24.0
166.5
114.0
289.5
241.5
202.5
288.0
39.0
241.5
451.5
234.0
75.0
154.5
135.0
127.5
373.5
289.5
169.5
120.0
361.5
192.0
342.0
405.0
198.0
138.0
108.0
166.5
46.5
385.5
31.5
399.0
304.5
84.0
105.0
286.5
444.0
291.0
258.0
225.0
66.0
349.5
49.5
298.5
18.0
25.5
186.0
282.0
120.0
234.0
249.0
276.0
123.0
97.5
280.5
271.5
70.5
310.5
112.5
169.5
58.5
135.0
358.5
477.0
166.5
289.5
88.5
231.0
112.5
315.0
76.5
145.5
175.5
276.0
264.0
208.5
24.0
90.0
277.5
52.5
261.0
318.0
316.5
228.0
309.0
96.0
103.5
327.0
357.0
127.5
333.0
63.0
208.5
55.5
40.5
196.5
228.0
130.5
106.5
376.5
469.5
421.5
288.0
153.0
271.5
66.0
400.5
183.0
394.5
226.5
372.0
127.5
328.5
43.5
289.5
378.0
348.0
403.5
460.5
226.5
354.0
355.5
109.5
126.0
96.0
184.5
316.5
168.0
78.0
249.0
87.0
100.5
415.5
133.5
111.0
151.5
370.5
159.0
36.0
57.0
273.0
430.5
127.5
178.5
385.5
138.0
339.0
121.5
109.5
202.5
109.5
82.5
171.0
183.0
288.0
96.0
360.0
244.5
271.5
70.5
372.0
115.5
126.0
109.5
70.5
213.0
399.0
82.5
399.0
195.0
156.0
411.0
22.5
328.5
451.5
138.0
321.0
39.0
256.5
244.5
279.0
267.0
118.5
69.0
166.5
460.5
112.5
424.5
150.0
54.0
337.5
300.0
297.0
31.5
181.5
175.5
177.0
232.5
112.5
340.5
70.5
231.0
396.0
142.5
237.0
376.5
237.0
216.0
414.0
19.5
208.5
307.5
300.0
195.0
195.0
72.0
241.5
126.0
60.0
103.5
129.0
52.5
127.5
111.0
171.0
6.0
129.0
216.0
397.5
24.0
49.5
123.0
346.5
276.0
160.5
127.5
424.5
118.5
163.5
348.0
181.5
100.5
225.0
121.5
46.5
280.5
199.5
139.5
202.5
430.5
282.0
133.5
121.5
165.0
399.0
102.0
126.0
172.5
126.0
139.5
207.0
375.0
337.5
459.0
18.0
159.0
291.0
72.0
357.0
108.0
120.0
157.5
91.5
295.5
231.0
262.5
279.0
348.0
129.0
97.5
318.0
204.0
109.5
432.0
96.0
205.5
49.5
184.5
15.0
243.0
84.0
232.5
160.5
237.0
156.0
312.0
208.5
4.5
214.5
381.0
42.0
412.5
276.0
127.5
85.5
105.0
201.0
46.5
397.5
502.5
70.5
283.5
46.5
355.5
426.0
67.5
402.0
33.0
292.5
58.5
133.5
304.5
429.0
243.0
321.0
175.5
297.0
70.5
334.5
415.5
103.5
382.5
367.5
187.5
340.5
145.5
219.0
88.5
199.5
250.5
316.5
84.0
90.0
426.0
216.0
408.0
429.0
406.5
268.5
511.5
252.0
111.0
282.0
499.5
205.5
292.5
235.5
84.0
483.0
267.0
174.0
289.5
265.5
67.5
135.0
85.5
441.0
73.5
108.0
204.0
186.0
259.5
105.0
87.0
264.0
180.0
343.5
330.0
223.5
162.0
93.0
376.5
31.5
423.0
87.0
237.0
102.0
198.0
330.0
367.5
108.0
247.5
184.5
321.0
55.5
369.0
229.5
322.5
193.5
214.5
346.5
85.5
103.5
76.5
108.0
369.0
231.0
175.5
222.0
322.5
145.5
43.5
289.5
24.0
148.5
187.5
99.0
123.0
430.5
315.0
100.5
142.5
381.0
138.0
99.0
111.0
79.5
217.5
331.5
73.5
103.5
264.0
286.5
426.0
99.0
96.0
190.5
181.5
114.0
331.5
40.5
375.0
63.0
109.5
69.0
303.0
231.0
147.0
82.5
148.5
4.5
250.5
397.5
399.0
357.0
448.5
117.0
150.0
177.0
81.0
34.5
291.0
45.0
135.0
64.5
225.0
195.0
214.5
297.0
343.5
423.0
360.0
147.0
252.0
144.0
111.0
379.5
234.0
375.0
399.0
166.5
183.0
396.0
58.5
105.0
304.5
126.0
312.0
346.5
216.0
384.0
79.5
172.5
162.0
66.0
357.0
364.5
276.0
91.5
214.5
201.0
391.5
81.0
114.0
357.0
316.5
142.5
184.5
409.5
195.0
109.5
274.5
276.0
402.0
396.0
232.5
384.0
192.0
240.0
297.0
270.0
184.5
162.0
250.5
112.5
348.0
330.0
319.5
328.5
121.5
376.5
271.5
261.0
124.5
325.5
67.5
342.0
459.0
240.0
154.5
129.0
75.0
169.5
142.5
97.5
193.5
138.0
105.0
186.0
136.5
231.0
85.5
157.5
193.5
180.0
220.5
187.5
135.0
274.5
369.0
85.5
417.0
207.0
202.5
333.0
204.0
348.0
210.0
252.0
145.5
288.0
462.0
171.0
217.5
103.5
246.0
132.0
279.0
253.5
70.5
232.5
184.5
414.0
328.5
234.0
198.0
360.0
297.0
199.5
135.0
87.0
318.0
303.0
226.5
391.5
39.0
132.0
255.0
153.0
103.5
273.0
153.0
40.5
297.0
205.5
78.0
181.5
373.5
256.5
142.5
13.5
271.5
315.0
259.5
324.0
159.0
262.5
232.5
345.0
117.0
241.5
81.0
264.0
100.5
424.5
322.5
276.0
201.0
148.5
30.0
78.0
244.5
264.0
279.0
396.0
37.5
37.5
178.5
196.5
72.0
336.0
267.0
93.0
154.5
228.0
295.5
415.5
235.5
162.0
111.0
31.5
189.0
219.0
88.5
157.5
138.0
345.0
225.0
145.5
237.0
199.5
147.0
181.5
172.5
130.5
262.5
415.5
211.5
73.5
348.0
249.0
153.0
291.0
214.5
123.0
309.0
406.5
133.5
88.5
189.0
123.0
169.5
279.0
241.5
150.0
115.5
282.0
109.5
144.0
342.0
132.0
396.0
202.5
162.0
73.5
150.0
379.5
121.5
103.5
247.5
123.0
379.5
196.5
192.0
378.0
94.5
61.5
132.0
12.0
87.0
322.5
300.0
58.5
246.0
114.0
277.5
283.5
169.5
228.0
175.5
393.0
13.5
192.0
174.0
147.0
84.0
391.5
46.5
121.5
115.5
105.0
261.0
481.5
391.5
52.5
108.0
147.0
111.0
300.0
279.0
330.0
351.0
235.5
132.0
204.0
177.0
91.5
457.5
340.5
247.5
454.5
154.5
340.5
211.5
184.5
168.0
283.5
394.5
144.0
385.5
303.0
25.5
172.5
102.0
63.0
79.5
270.0
129.0
454.5
96.0
63.0
219.0
307.5
459.0
198.0
211.5
118.5
355.5
28.5
210.0
160.5
340.5
81.0
156.0
304.5
288.0
498.0
241.5
262.5
264.0
120.0
202.5
46.5
117.0
252.0
127.5
163.5
16.5
270.0
61.5
361.5
273.0
165.0
195.0
259.5
249.0
51.0
274.5
31.5
61.5
189.0
76.5
358.5
21.0
334.5
225.0
280.5
15.0
240.0
186.0
207.0
385.5
258.0
363.0
219.0
232.5
352.5
192.0
238.5
447.0
148.5
135.0
444.0
94.5
247.5
267.0
157.5
27.0
136.5
223.5
220.5
285.0
52.5
126.0
111.0
147.0
313.5
304.5
450.0
403.5
256.5
55.5
349.5
108.0
94.5
39.0
258.0
297.0
81.0
186.0
306.0
316.5
87.0
130.5
354.0
279.0
279.0
81.0
49.5
309.0
330.0
153.0
154.5
171.0
384.0
342.0
75.0
151.5
441.0
153.0
202.5
457.5
309.0
169.5
127.5
208.5
144.0
321.0
244.5
159.0
138.0
178.5
268.5
94.5
229.5
325.5
298.5
313.5
375.0
370.5
117.0
261.0
174.0
255.0
162.0
253.5
244.5
141.0
172.5
72.0
154.5
205.5
78.0
304.5
45.0
190.5
115.5
187.5
378.0
84.0
462.0
337.5
370.5
73.5
147.0
165.0
369.0
129.0
127.5
426.0
325.5
90.0
409.5
354.0
288.0
283.5
49.5
117.0
81.0
234.0
84.0
69.0
240.0
135.0
180.0
73.5
340.5
427.5
301.5
106.5
226.5
207.0
15.0
144.0
199.5
31.5
78.0
238.5
90.0
102.0
312.0
202.5
207.0
94.5
148.5
393.0
124.5
390.0
267.0
477.0
141.0
387.0
322.5
136.5
39.0
120.0
72.0
150.0
39.0
433.5
183.0
264.0
268.5
166.5
349.5
67.5
141.0
354.0
199.5
364.5
375.0
312.0
261.0
139.5
49.5
193.5
37.5
66.0
52.5
40.5
271.5
252.0
213.0
286.5
349.5
205.5
238.5
201.0
214.5
436.5
397.5
148.5
201.0
403.5
87.0
120.0
471.0
355.5
319.5
367.5
54.0
259.5
61.5
267.0
67.5
103.5
312.0
237.0
306.0
225.0
304.5
316.5
181.5
285.0
345.0
103.5
63.0
48.0
235.5
300.0
118.5
168.0
106.5
225.0
345.0
444.0
199.5
22.5
433.5
184.5
222.0
423.0
358.5
202.5
139.5
76.5
201.0
183.0
268.5
78.0
234.0
70.5
141.0
18.0
138.0
250.5
115.5
378.0
270.0
163.5
294.0
324.0
376.5
358.5
435.0
111.0
229.5
267.0
228.0
360.0
214.5
220.5
283.5
249.0
321.0
159.0
331.5
208.5
138.0
289.5
408.0
369.0
163.5
297.0
180.0
114.0
289.5
81.0
421.5
159.0
148.5
184.5
304.5
205.5
66.0
102.0
30.0
247.5
294.0
492.0
175.5
127.5
66.0
178.5
427.5
48.0
430.5
102.0
225.0
91.5
213.0
78.0
381.0
355.5
145.5
241.5
4.5
73.5
409.5
310.5
255.0
75.0
255.0
397.5
381.0
214.5
61.5
363.0
426.0
135.0
499.5
351.0
250.5
163.5
94.5
192.0
234.0
154.5
250.5
319.5
292.5
243.0
414.0
409.5
240.0
133.5
156.0
244.5
357.0
169.5
309.0
399.0
85.5
249.0
52.5
132.0
18.0
201.0
327.0
120.0
114.0
276.0
258.0
250.5
204.0
436.5
138.0
190.5
385.5
250.5
96.0
28.5
396.0
342.0
159.0
159.0
381.0
369.0
354.0
250.5
120.0
403.5
282.0
162.0
414.0
99.0
48.0
322.5
84.0
273.0
93.0
187.5
421.5
217.5
291.0
133.5
298.5
220.5
363.0
297.0
400.5
91.5
90.0
72.0
352.5
64.5
471.0
55.5
57.0
340.5
364.5
186.0
268.5
315.0
432.0
400.5
372.0
129.0
130.5
138.0
99.0
73.5
216.0
355.5
21.0
183.0
207.0
49.5
238.5
52.5
90.0
417.0
228.0
139.5
489.0
67.5
139.5
268.5
223.5
153.0
147.0
355.5
93.0
157.5
157.5
112.5
276.0
93.0
82.5
55.5
64.5
445.5
51.0
286.5
106.5
144.0
312.0
100.5
183.0
111.0
147.0
220.5
243.0
141.0
135.0
358.5
160.5
58.5
181.5
145.5
304.5
285.0
58.5
57.0
45.0
211.5
303.0
252.0
375.0
322.5
156.0
78.0
27.0
97.5
222.0
85.5
165.0
73.5
382.5
304.5
358.5
100.5
286.5
232.5
384.0
69.0
100.5
337.5
268.5
376.5
252.0
78.0
307.5
220.5
267.0
34.5
292.5
238.5
42.0
135.0
138.0
132.0
265.5
286.5
52.5
19.5
174.0
127.5
319.5
129.0
84.0
66.0
54.0
25.5
94.5
144.0
328.5
216.0
285.0
375.0
307.5
313.5
220.5
67.5
178.5
141.0
267.0
264.0
276.0
79.5
339.0
300.0
127.5
202.5
370.5
103.5
264.0
303.0
163.5
327.0
232.5
49.5
429.0
109.5
115.5
33.0
171.0
322.5
160.5
91.5
279.0
397.5
78.0
141.0
271.5
307.5
333.0
216.0
369.0
84.0
139.5
408.0
357.0
123.0
138.0
226.5
84.0
57.0
105.0
313.5
151.5
93.0
78.0
280.5
480.0
117.0
243.0
22.5
372.0
262.5
108.0
262.5
397.5
231.0
246.0
160.5
184.5
121.5
256.5
145.5
210.0
103.5
280.5
97.5
144.0
207.0
145.5
364.5
139.5
30.0
57.0
402.0
97.5
210.0
316.5
102.0
327.0
403.5
109.5
64.5
64.5
151.5
363.0
123.0
354.0
219.0
76.5
136.5
58.5
412.5
321.0
106.5
157.5
361.5
301.5
58.5
195.0
267.0
342.0
294.0
103.5
408.0
229.5
295.5
300.0
189.0
145.5
115.5
357.0
477.0
193.5
90.0
168.0
337.5
367.5
258.0
39.0
340.5
153.0
108.0
136.5
333.0
70.5
42.0
186.0
189.0
34.5
171.0
330.0
186.0
22.5
145.5
90.0
394.5
351.0
423.0
129.0
274.5
111.0
276.0
261.0
232.5
196.5
418.5
268.5
46.5
187.5
310.5
22.5
85.5
141.0
244.5
291.0
82.5
153.0
67.5
238.5
19.5
141.0
232.5
55.5
160.5
324.0
268.5
309.0
220.5
387.0
147.0
235.5
85.5
303.0
123.0
381.0
189.0
144.0
447.0
192.0
336.0
301.5
360.0
424.5
291.0
171.0
333.0
228.0
298.5
166.5
366.0
418.5
94.5
241.5
121.5
265.5
147.0
100.5
144.0
279.0
196.5
273.0
423.0
249.0
315.0
180.0
111.0
412.5
121.5
324.0
15.0
210.0
124.5
321.0
90.0
94.5
174.0
430.5
127.5
291.0
303.0
66.0
139.5
232.5
144.0
363.0
183.0
156.0
333.0
49.5
297.0
82.5
385.5
195.0
424.5
103.5
339.0
40.5
423.0
243.0
141.0
78.0
183.0
75.0
112.5
94.5
246.0
303.0
34.5
405.0
328.5
295.5
379.5
232.5
84.0
396.0
358.5
136.5
100.5
121.5
396.0
115.5
301.5
60.0
285.0
259.5
385.5
85.5
298.5
205.5
373.5
408.0
18.0
115.5
315.0
297.0
76.5
352.5
342.0
76.5
121.5
354.0
279.0
82.5
6.0
309.0
274.5
129.0
42.0
451.5
42.0
324.0
124.5
315.0
198.0
367.5
139.5
150.0
390.0
237.0
219.0
322.5
37.5
166.5
93.0
423.0
153.0
192.0
348.0
114.0
33.0
340.5
241.5
273.0
40.5
208.5
349.5
189.0
174.0
181.5
147.0
49.5
147.0
36.0
117.0
327.0
232.5
166.5
489.0
357.0
430.5
205.5
183.0
454.5
93.0
42.0
298.5
241.5
187.5
255.0
244.5
193.5
93.0
132.0
309.0
438.0
183.0
232.5
301.5
117.0
124.5
163.5
57.0
19.5
33.0
250.5
319.5
153.0
162.0
318.0
211.5
109.5
168.0
111.0
159.0
249.0
366.0
93.0
27.0
259.5
78.0
124.5
318.0
120.0
342.0
375.0
228.0
403.5
63.0
243.0
348.0
178.5
265.5
298.5
255.0
204.0
96.0
82.5
180.0
295.5
67.5
321.0
106.5
306.0
313.5
453.0
240.0
42.0
199.5
418.5
171.0
150.0
49.5
373.5
82.5
135.0
117.0
234.0
162.0
240.0
255.0
177.0
358.5
24.0
97.5
97.5
378.0
310.5
298.5
225.0
126.0
225.0
228.0
375.0
364.5
91.5
160.5
465.0
249.0
126.0
4.5
438.0
109.5
168.0
256.5
283.5
198.0
276.0
421.5
139.5
289.5
211.5
249.0
237.0
264.0
337.5
