484.5
420.0
129.0
156.0
82.5
72.0
354.0
319.5
162.0
192.0
292.5
231.0
72.0
139.5
301.5
207.0
165.0
441.0
426.0
237.0
348.0
358.5
378.0
246.0
231.0
163.5
355.5
390.0
76.5
157.5
64.5
253.5
276.0
447.0
396.0
34.5
393.0
229.5
265.5
202.5
400.5
300.0
366.0
190.5
183.0
181.5
49.5
151.5
292.5
363.0
30.0
346.5
415.5
271.5
246.0
247.5
385.5
352.5
79.5
106.5
79.5
63.0
279.0
277.5
402.0
58.5
363.0
307.5
346.5
151.5
51.0
345.0
297.0
357.0
303.0
348.0
339.0
135.0
369.0
18.0
387.0
264.0
223.5
64.5
273.0
313.5
442.5
163.5
112.5
247.5
34.5
252.0
268.5
426.0
297.0
405.0
166.5
391.5
174.0
144.0
351.0
264.0
198.0
97.5
76.5
229.5
138.0
466.5
334.5
390.0
241.5
243.0
279.0
327.0
57.0
177.0
141.0
405.0
349.5
94.5
267.0
159.0
363.0
355.5
124.5
267.0
69.0
145.5
450.0
286.5
370.5
442.5
93.0
474.0
30.0
66.0
255.0
325.5
72.0
133.5
235.5
178.5
306.0
438.0
282.0
358.5
114.0
241.5
220.5
298.5
256.5
307.5
204.0
160.5
144.0
409.5
220.5
64.5
183.0
349.5
432.0
465.0
328.5
235.5
390.0
448.5
202.5
198.0
343.5
219.0
316.5
370.5
88.5
175.5
307.5
135.0
172.5
208.5
169.5
264.0
181.5
117.0
178.5
58.5
411.0
121.5
262.5
337.5
85.5
345.0
216.0
342.0
294.0
369.0
355.5
372.0
25.5
241.5
307.5
105.0
325.5
150.0
48.0
399.0
274.5
132.0
195.0
222.0
333.0
156.0
168.0
84.0
264.0
261.0
289.5
385.5
192.0
163.5
202.5
262.5
357.0
45.0
270.0
94.5
213.0
318.0
238.5
364.5
474.0
67.5
510.0
300.0
82.5
447.0
379.5
267.0
303.0
321.0
210.0
147.0
85.5
379.5
463.5
52.5
435.0
178.5
75.0
139.5
478.5
349.5
195.0
454.5
268.5
70.5
285.0
15.0
343.5
430.5
270.0
274.5
255.0
295.5
127.5
184.5
150.0
196.5
424.5
207.0
433.5
483.0
441.0
150.0
325.5
292.5
7.5
415.5
36.0
304.5
265.5
388.5
379.5
424.5
346.5
267.0
180.0
148.5
346.5
79.5
160.5
274.5
63.0
351.0
205.5
345.0
408.0
121.5
259.5
201.0
469.5
243.0
312.0
267.0
258.0
183.0
199.5
384.0
360.0
346.5
186.0
193.5
118.5
244.5
448.5
241.5
129.0
100.5
142.5
237.0
114.0
73.5
87.0
454.5
273.0
384.0
363.0
171.0
97.5
412.5
286.5
57.0
315.0
247.5
157.5
490.5
189.0
133.5
367.5
292.5
400.5
346.5
255.0
373.5
123.0
136.5
363.0
30.0
157.5
309.0
282.0
366.0
97.5
273.0
253.5
343.5
123.0
157.5
139.5
324.0
339.0
226.5
180.0
204.0
385.5
96.0
184.5
340.5
180.0
208.5
360.0
268.5
181.5
118.5
28.5
111.0
459.0
67.5
124.5
435.0
250.5
88.5
109.5
129.0
390.0
135.0
408.0
148.5
184.5
397.5
366.0
109.5
408.0
73.5
403.5
97.5
346.5
283.5
393.0
268.5
412.5
67.5
400.5
84.0
393.0
249.0
301.5
94.5
391.5
121.5
91.5
84.0
25.5
244.5
244.5
291.0
82.5
360.0
183.0
367.5
385.5
438.0
169.5
87.0
232.5
144.0
70.5
96.0
370.5
258.0
129.0
48.0
237.0
282.0
252.0
345.0
162.0
408.0
412.5
382.5
205.5
141.0
229.5
219.0
118.5
204.0
9.0
177.0
415.5
339.0
336.0
289.5
57.0
447.0
297.0
334.5
288.0
279.0
376.5
82.5
193.5
211.5
396.0
328.5
105.0
120.0
202.5
252.0
276.0
177.0
180.0
361.5
271.5
331.5
364.5
243.0
97.5
237.0
316.5
207.0
204.0
303.0
423.0
397.5
100.5
291.0
225.0
160.5
121.5
226.5
304.5
214.5
99.0
58.5
121.5
84.0
229.5
213.0
232.5
117.0
24.0
199.5
438.0
301.5
312.0
370.5
139.5
271.5
402.0
270.0
262.5
172.5
319.5
178.5
171.0
201.0
186.0
115.5
207.0
213.0
258.0
435.0
255.0
198.0
276.0
385.5
48.0
283.5
124.5
133.5
270.0
90.0
276.0
432.0
105.0
264.0
294.0
448.5
129.0
181.5
327.0
402.0
105.0
109.5
298.5
106.5
207.0
54.0
207.0
292.5
124.5
411.0
97.5
82.5
256.5
309.0
420.0
376.5
390.0
333.0
219.0
282.0
379.5
471.0
304.5
345.0
121.5
207.0
510.0
148.5
49.5
337.5
364.5
133.5
427.5
253.5
259.5
199.5
108.0
69.0
31.5
171.0
156.0
343.5
282.0
384.0
97.5
324.0
99.0
379.5
126.0
309.0
126.0
175.5
351.0
39.0
114.0
121.5
256.5
52.5
364.5
124.5
84.0
184.5
100.5
97.5
112.5
255.0
40.5
135.0
132.0
412.5
97.5
168.0
264.0
328.5
189.0
114.0
109.5
291.0
405.0
219.0
444.0
298.5
357.0
244.5
202.5
435.0
340.5
382.5
238.5
280.5
280.5
159.0
186.0
390.0
141.0
184.5
445.5
405.0
235.5
192.0
196.5
277.5
394.5
478.5
318.0
237.0
300.0
322.5
444.0
415.5
31.5
250.5
225.0
88.5
163.5
276.0
163.5
375.0
324.0
211.5
384.0
208.5
186.0
115.5
46.5
211.5
88.5
393.0
235.5
46.5
391.5
136.5
364.5
73.5
409.5
337.5
375.0
256.5
289.5
90.0
187.5
324.0
121.5
111.0
214.5
61.5
55.5
166.5
406.5
319.5
150.0
391.5
175.5
61.5
369.0
144.0
450.0
324.0
114.0
391.5
240.0
163.5
418.5
310.5
115.5
240.0
207.0
373.5
174.0
316.5
214.5
414.0
298.5
105.0
349.5
256.5
393.0
318.0
177.0
412.5
393.0
253.5
124.5
244.5
381.0
222.0
121.5
187.5
111.0
175.5
136.5
364.5
64.5
189.0
40.5
186.0
64.5
370.5
91.5
180.0
453.0
466.5
366.0
301.5
102.0
139.5
270.0
91.5
426.0
291.0
265.5
165.0
88.5
211.5
372.0
273.0
52.5
237.0
418.5
313.5
153.0
127.5
72.0
420.0
249.0
160.5
190.5
270.0
214.5
427.5
348.0
174.0
73.5
328.5
166.5
186.0
376.5
45.0
214.5
159.0
220.5
313.5
261.0
379.5
304.5
358.5
373.5
184.5
364.5
27.0
370.5
265.5
273.0
325.5
271.5
168.0
256.5
228.0
300.0
376.5
204.0
273.0
28.5
261.0
279.0
415.5
169.5
285.0
63.0
48.0
370.5
81.0
118.5
330.0
64.5
37.5
112.5
133.5
342.0
376.5
426.0
144.0
249.0
276.0
66.0
90.0
19.5
225.0
339.0
253.5
186.0
157.5
274.5
52.5
130.5
145.5
205.5
426.0
379.5
103.5
211.5
255.0
192.0
207.0
133.5
261.0
93.0
201.0
30.0
258.0
370.5
418.5
213.0
109.5
216.0
264.0
223.5
214.5
240.0
246.0
220.5
259.5
55.5
220.5
94.5
199.5
243.0
124.5
198.0
375.0
318.0
321.0
394.5
280.5
378.0
310.5
295.5
306.0
219.0
36.0
369.0
168.0
187.5
420.0
238.5
213.0
262.5
279.0
339.0
79.5
304.5
430.5
405.0
153.0
301.5
426.0
196.5
238.5
441.0
424.5
433.5
52.5
60.0
135.0
397.5
417.0
228.0
105.0
195.0
85.5
235.5
109.5
75.0
48.0
375.0
474.0
292.5
315.0
240.0
150.0
450.0
427.5
424.5
111.0
259.5
303.0
424.5
97.5
250.5
397.5
270.0
340.5
366.0
253.5
114.0
409.5
85.5
171.0
120.0
405.0
300.0
213.0
447.0
100.5
124.5
340.5
336.0
81.0
310.5
289.5
258.0
421.5
145.5
144.0
441.0
81.0
28.5
481.5
159.0
331.5
81.0
219.0
316.5
12.0
192.0
138.0
502.5
99.0
129.0
295.5
264.0
412.5
264.0
312.0
441.0
345.0
103.5
162.0
114.0
270.0
70.5
427.5
412.5
316.5
307.5
235.5
111.0
106.5
157.5
373.5
94.5
196.5
187.5
424.5
165.0
181.5
78.0
438.0
333.0
325.5
339.0
151.5
178.5
157.5
301.5
49.5
166.5
415.5
117.0
192.0
295.5
139.5
435.0
346.5
370.5
321.0
102.0
42.0
51.0
336.0
51.0
300.0
103.5
91.5
240.0
138.0
204.0
223.5
366.0
54.0
120.0
111.0
417.0
120.0
88.5
402.0
279.0
151.5
313.5
294.0
114.0
238.5
357.0
289.5
373.5
58.5
453.0
70.5
237.0
456.0
33.0
343.5
412.5
339.0
250.5
252.0
498.0
67.5
127.5
432.0
115.5
93.0
181.5
202.5
345.0
436.5
141.0
24.0
178.5
181.5
412.5
18.0
387.0
279.0
327.0
37.5
10.5
364.5
94.5
295.5
286.5
100.5
442.5
397.5
300.0
190.5
366.0
304.5
331.5
310.5
457.5
190.5
37.5
408.0
183.0
181.5
226.5
370.5
22.5
240.0
16.5
387.0
130.5
315.0
292.5
327.0
367.5
366.0
88.5
132.0
69.0
369.0
117.0
309.0
300.0
213.0
462.0
331.5
343.5
151.5
381.0
459.0
217.5
250.5
280.5
67.5
60.0
192.0
195.0
322.5
135.0
285.0
300.0
363.0
295.5
180.0
139.5
373.5
99.0
250.5
142.5
381.0
244.5
258.0
243.0
331.5
166.5
172.5
339.0
399.0
339.0
309.0
271.5
136.5
295.5
360.0
234.0
328.5
460.5
73.5
321.0
328.5
384.0
93.0
258.0
360.0
196.5
58.5
372.0
166.5
295.5
186.0
295.5
414.0
457.5
301.5
97.5
124.5
168.0
288.0
360.0
211.5
93.0
472.5
286.5
157.5
324.0
325.5
282.0
423.0
322.5
252.0
181.5
168.0
405.0
357.0
246.0
165.0
376.5
135.0
360.0
316.5
172.5
94.5
387.0
139.5
307.5
411.0
397.5
171.0
175.5
348.0
90.0
231.0
450.0
201.0
259.5
244.5
276.0
139.5
186.0
289.5
366.0
384.0
291.0
246.0
259.5
70.5
292.5
57.0
43.5
109.5
109.5
39.0
150.0
241.5
139.5
247.5
273.0
339.0
369.0
310.5
34.5
106.5
262.5
238.5
156.0
343.5
19.5
133.5
310.5
159.0
298.5
324.0
163.5
282.0
348.0
454.5
334.5
420.0
333.0
309.0
117.0
28.5
127.5
45.0
459.0
369.0
315.0
337.5
63.0
385.5
201.0
241.5
462.0
406.5
274.5
376.5
45.0
201.0
328.5
150.0
7.5
225.0
282.0
207.0
423.0
270.0
70.5
162.0
325.5
186.0
342.0
255.0
39.0
262.5
313.5
441.0
235.5
271.5
42.0
400.5
58.5
403.5
136.5
325.5
264.0
147.0
153.0
138.0
81.0
259.5
222.0
384.0
441.0
163.5
436.5
274.5
352.5
73.5
322.5
189.0
267.0
330.0
435.0
22.5
444.0
157.5
246.0
414.0
438.0
331.5
286.5
339.0
28.5
84.0
345.0
247.5
340.5
330.0
168.0
195.0
139.5
106.5
273.0
150.0
184.5
58.5
423.0
87.0
244.5
97.5
433.5
193.5
111.0
352.5
142.5
315.0
115.5
190.5
403.5
295.5
88.5
256.5
429.0
361.5
177.0
198.0
327.0
256.5
390.0
298.5
67.5
450.0
208.5
358.5
129.0
243.0
298.5
94.5
181.5
316.5
240.0
373.5
424.5
277.5
258.0
192.0
355.5
220.5
295.5
382.5
304.5
12.0
180.0
220.5
195.0
297.0
298.5
424.5
306.0
115.5
301.5
340.5
430.5
115.5
94.5
427.5
25.5
262.5
394.5
184.5
156.0
103.5
366.0
181.5
249.0
390.0
109.5
87.0
405.0
96.0
468.0
102.0
186.0
196.5
73.5
271.5
348.0
469.5
105.0
88.5
294.0
112.5
331.5
252.0
166.5
175.5
4.5
156.0
169.5
166.5
345.0
136.5
169.5
316.5
208.5
42.0
360.0
22.5
307.5
243.0
280.5
459.0
96.0
157.5
166.5
87.0
100.5
94.5
168.0
117.0
435.0
384.0
367.5
378.0
388.5
435.0
219.0
115.5
204.0
372.0
469.5
118.5
153.0
235.5
388.5
342.0
126.0
91.5
282.0
355.5
181.5
423.0
396.0
225.0
343.5
157.5
229.5
228.0
423.0
474.0
96.0
118.5
222.0
144.0
63.0
436.5
187.5
85.5
144.0
298.5
324.0
325.5
237.0
132.0
94.5
144.0
205.5
418.5
382.5
130.5
84.0
219.0
70.5
349.5
144.0
399.0
411.0
78.0
159.0
397.5
316.5
415.5
328.5
159.0
199.5
301.5
195.0
459.0
249.0
396.0
231.0
225.0
204.0
160.5
235.5
127.5
355.5
46.5
342.0
274.5
43.5
300.0
345.0
277.5
381.0
465.0
387.0
454.5
66.0
205.5
30.0
84.0
156.0
177.0
81.0
352.5
91.5
313.5
367.5
357.0
154.5
291.0
367.5
51.0
315.0
331.5
154.5
82.5
91.5
454.5
301.5
52.5
196.5
220.5
243.0
351.0
328.5
307.5
318.0
250.5
118.5
172.5
253.5
150.0
325.5
198.0
424.5
262.5
252.0
267.0
366.0
229.5
211.5
363.0
270.0
396.0
180.0
354.0
198.0
307.5
157.5
273.0
217.5
163.5
253.5
285.0
337.5
160.5
378.0
387.0
88.5
87.0
303.0
120.0
313.5
325.5
174.0
322.5
468.0
424.5
207.0
207.0
385.5
441.0
384.0
90.0
67.5
60.0
339.0
316.5
28.5
372.0
475.5
123.0
292.5
364.5
300.0
267.0
352.5
273.0
150.0
345.0
118.5
180.0
43.5
330.0
280.5
228.0
249.0
174.0
171.0
259.5
207.0
145.5
360.0
153.0
424.5
417.0
310.5
334.5
132.0
328.5
189.0
382.5
199.5
181.5
402.0
70.5
87.0
385.5
298.5
457.5
294.0
420.0
234.0
205.5
126.0
268.5
85.5
484.5
211.5
325.5
312.0
192.0
357.0
447.0
186.0
46.5
192.0
382.5
325.5
367.5
243.0
262.5
334.5
220.5
148.5
427.5
93.0
183.0
282.0
405.0
325.5
270.0
357.0
147.0
432.0
358.5
199.5
96.0
228.0
247.5
306.0
210.0
397.5
231.0
397.5
175.5
118.5
121.5
97.5
342.0
322.5
102.0
205.5
120.0
370.5
229.5
477.0
396.0
460.5
289.5
364.5
288.0
58.5
180.0
184.5
313.5
439.5
390.0
121.5
376.5
181.5
72.0
384.0
318.0
241.5
25.5
333.0
403.5
60.0
39.0
163.5
115.5
156.0
192.0
465.0
307.5
358.5
232.5
123.0
276.0
370.5
129.0
198.0
88.5
151.5
309.0
280.5
339.0
294.0
153.0
433.5
249.0
156.0
288.0
369.0
316.5
331.5
81.0
456.0
277.5
381.0
384.0
73.5
334.5
327.0
126.0
105.0
208.5
321.0
57.0
276.0
48.0
117.0
64.5
369.0
79.5
474.0
225.0
457.5
328.5
121.5
328.5
129.0
123.0
312.0
396.0
169.5
243.0
345.0
90.0
336.0
85.5
70.5
493.5
405.0
97.5
81.0
117.0
394.5
345.0
396.0
19.5
210.0
385.5
210.0
352.5
216.0
385.5
180.0
348.0
135.0
45.0
171.0
234.0
112.5
28.5
486.0
373.5
382.5
43.5
81.0
369.0
262.5
327.0
403.5
282.0
300.0
37.5
145.5
150.0
55.5
241.5
381.0
102.0
63.0
370.5
126.0
133.5
322.5
342.0
100.5
210.0
417.0
352.5
151.5
309.0
175.5
253.5
231.0
249.0
498.0
193.5
441.0
397.5
238.5
337.5
282.0
247.5
162.0
72.0
112.5
121.5
96.0
249.0
294.0
63.0
217.5
229.5
171.0
226.5
381.0
85.5
384.0
297.0
309.0
189.0
229.5
411.0
408.0
187.5
193.5
387.0
390.0
294.0
174.0
342.0
93.0
105.0
46.5
111.0
58.5
420.0
138.0
379.5
184.5
327.0
373.5
186.0
120.0
66.0
186.0
337.5
265.5
315.0
474.0
399.0
244.5
99.0
166.5
177.0
352.5
367.5
445.5
301.5
264.0
369.0
325.5
345.0
40.5
123.0
421.5
415.5
217.5
376.5
144.0
429.0
207.0
214.5
124.5
96.0
79.5
385.5
384.0
417.0
430.5
148.5
151.5
162.0
240.0
151.5
184.5
433.5
238.5
135.0
82.5
237.0
408.0
111.0
105.0
46.5
258.0
52.5
139.5
330.0
219.0
285.0
337.5
138.0
277.5
315.0
93.0
192.0
42.0
313.5
396.0
60.0
82.5
73.5
414.0
319.5
268.5
352.5
441.0
357.0
358.5
105.0
333.0
238.5
403.5
321.0
342.0
21.0
322.5
178.5
343.5
178.5
60.0
46.5
328.5
208.5
16.5
52.5
238.5
343.5
204.0
88.5
120.0
292.5
396.0
415.5
82.5
438.0
73.5
363.0
409.5
225.0
421.5
351.0
144.0
354.0
109.5
75.0
193.5
55.5
297.0
195.0
426.0
432.0
67.5
331.5
204.0
16.5
393.0
415.5
433.5
81.0
66.0
237.0
361.5
93.0
220.5
141.0
358.5
463.5
400.5
37.5
148.5
271.5
130.5
58.5
318.0
300.0
367.5
396.0
459.0
135.0
408.0
103.5
246.0
174.0
138.0
297.0
78.0
289.5
262.5
67.5
318.0
76.5
214.5
207.0
48.0
60.0
283.5
250.5
268.5
201.0
144.0
387.0
376.5
312.0
369.0
102.0
172.5
426.0
171.0
312.0
439.5
76.5
394.5
294.0
97.5
54.0
277.5
244.5
222.0
129.0
66.0
375.0
228.0
330.0
378.0
226.5
82.5
445.5
312.0
316.5
294.0
448.5
426.0
235.5
216.0
220.5
24.0
105.0
105.0
348.0
15.0
271.5
352.5
94.5
157.5
55.5
136.5
457.5
130.5
294.0
54.0
252.0
328.5
397.5
279.0
346.5
267.0
72.0
157.5
177.0
273.0
301.5
181.5
445.5
78.0
292.5
106.5
346.5
297.0
114.0
391.5
282.0
318.0
136.5
72.0
94.5
366.0
156.0
301.5
159.0
267.0
432.0
67.5
87.0
262.5
313.5
336.0
423.0
187.5
267.0
187.5
168.0
241.5
198.0
322.5
141.0
246.0
67.5
222.0
405.0
330.0
139.5
495.0
376.5
354.0
397.5
349.5
150.0
211.5
450.0
105.0
378.0
139.5
123.0
367.5
298.5
435.0
300.0
351.0
60.0
49.5
18.0
414.0
319.5
49.5
445.5
441.0
372.0
300.0
270.0
199.5
166.5
393.0
345.0
72.0
333.0
235.5
217.5
189.0
300.0
156.0
118.5
192.0
207.0
345.0
439.5
187.5
382.5
306.0
271.5
265.5
208.5
301.5
414.0
349.5
180.0
156.0
96.0
333.0
405.0
199.5
106.5
129.0
231.0
160.5
264.0
52.5
243.0
366.0
177.0
294.0
168.0
82.5
420.0
279.0
189.0
397.5
292.5
180.0
85.5
366.0
429.0
138.0
400.5
250.5
246.0
355.5
423.0
114.0
64.5
133.5
283.5
165.0
192.0
238.5
297.0
349.5
76.5
118.5
63.0
280.5
151.5
363.0
97.5
153.0
213.0
79.5
133.5
174.0
172.5
363.0
106.5
385.5
136.5
357.0
354.0
109.5
126.0
376.5
142.5
411.0
304.5
328.5
391.5
223.5
241.5
279.0
211.5
235.5
192.0
414.0
363.0
306.0
265.5
157.5
109.5
406.5
313.5
340.5
315.0
67.5
403.5
397.5
298.5
415.5
244.5
337.5
394.5
123.0
195.0
382.5
250.5
268.5
175.5
81.0
351.0
159.0
168.0
109.5
355.5
414.0
406.5
247.5
39.0
109.5
373.5
153.0
226.5
291.0
225.0
76.5
219.0
270.0
178.5
75.0
331.5
445.5
267.0
238.5
195.0
67.5
361.5
219.0
246.0
246.0
189.0
318.0
222.0
165.0
205.5
367.5
93.0
249.0
393.0
180.0
385.5
337.5
103.5
108.0
118.5
141.0
87.0
270.0
276.0
253.5
198.0
153.0
196.5
108.0
286.5
396.0
312.0
225.0
498.0
328.5
175.5
240.0
141.0
427.5
265.5
76.5
153.0
357.0
291.0
400.5
274.5
481.5
94.5
240.0
303.0
160.5
148.5
406.5
81.0
463.5
166.5
280.5
151.5
375.0
318.0
294.0
340.5
159.0
367.5
234.0
222.0
186.0
222.0
192.0
333.0
93.0
163.5
423.0
48.0
424.5
150.0
154.5
64.5
192.0
228.0
97.5
393.0
345.0
258.0
387.0
108.0
69.0
415.5
190.5
324.0
462.0
307.5
345.0
273.0
184.5
456.0
142.5
268.5
96.0
369.0
115.5
58.5
189.0
390.0
252.0
276.0
438.0
246.0
396.0
91.5
106.5
475.5
79.5
277.5
273.0
211.5
450.0
456.0
400.5
124.5
264.0
109.5
315.0
366.0
193.5
27.0
403.5
79.5
73.5
207.0
262.5
153.0
129.0
225.0
90.0
157.5
294.0
432.0
406.5
292.5
136.5
255.0
297.0
192.0
165.0
427.5
136.5
76.5
345.0
366.0
330.0
289.5
210.0
358.5
345.0
228.0
228.0
162.0
171.0
226.5
294.0
124.5
96.0
310.5
135.0
339.0
360.0
334.5
160.5
333.0
112.5
165.0
214.5
112.5
403.5
195.0
429.0
337.5
385.5
483.0
76.5
277.5
252.0
316.5
160.5
357.0
384.0
390.0
468.0
126.0
262.5
145.5
73.5
316.5
280.5
222.0
459.0
486.0
258.0
79.5
265.5
345.0
244.5
421.5
79.5
222.0
402.0
255.0
354.0
411.0
351.0
76.5
448.5
417.0
141.0
154.5
294.0
255.0
244.5
94.5
501.0
253.5
123.0
234.0
217.5
480.0
433.5
199.5
142.5
340.5
99.0
384.0
390.0
217.5
478.5
70.5
111.0
343.5
451.5
396.0
93.0
235.5
178.5
322.5
334.5
253.5
406.5
273.0
303.0
99.0
364.5
288.0
364.5
66.0
124.5
324.0
147.0
247.5
319.5
159.0
388.5
238.5
459.0
253.5
340.5
231.0
141.0
264.0
325.5
93.0
58.5
274.5
337.5
312.0
294.0
366.0
313.5
133.5
382.5
289.5
346.5
372.0
328.5
123.0
298.5
267.0
81.0
258.0
145.5
36.0
277.5
349.5
318.0
118.5
138.0
57.0
372.0
127.5
219.0
267.0
93.0
234.0
46.5
217.5
417.0
205.5
55.5
361.5
229.5
57.0
195.0
103.5
265.5
288.0
328.5
360.0
169.5
292.5
204.0
460.5
262.5
400.5
129.0
285.0
394.5
165.0
79.5
393.0
267.0
117.0
223.5
85.5
310.5
178.5
118.5
225.0
214.5
154.5
237.0
387.0
231.0
226.5
243.0
192.0
402.0
112.5
238.5
108.0
168.0
69.0
157.5
204.0
355.5
168.0
363.0
451.5
72.0
177.0
253.5
174.0
393.0
265.5
366.0
307.5
369.0
82.5
366.0
18.0
300.0
165.0
184.5
441.0
135.0
412.5
342.0
45.0
433.5
15.0
160.5
190.5
235.5
412.5
310.5
156.0
286.5
399.0
321.0
285.0
366.0
237.0
381.0
154.5
117.0
237.0
231.0
334.5
280.5
300.0
361.5
457.5
19.5
403.5
246.0
148.5
387.0
184.5
354.0
54.0
135.0
387.0
114.0
334.5
369.0
171.0
211.5
129.0
447.0
319.5
406.5
96.0
109.5
124.5
226.5
184.5
352.5
217.5
285.0
199.5
178.5
102.0
154.5
16.5
64.5
202.5
445.5
309.0
304.5
30.0
129.0
424.5
354.0
102.0
126.0
226.5
348.0
382.5
177.0
277.5
118.5
387.0
310.5
168.0
220.5
381.0
120.0
127.5
183.0
79.5
214.5
354.0
219.0
364.5
361.5
133.5
234.0
150.0
400.5
100.5
444.0
430.5
307.5
339.0
385.5
400.5
237.0
429.0
64.5
328.5
85.5
157.5
117.0
117.0
333.0
331.5
346.5
231.0
348.0
336.0
147.0
177.0
346.5
424.5
81.0
384.0
174.0
135.0
385.5
330.0
457.5
411.0
307.5
70.5
57.0
390.0
202.5
96.0
258.0
181.5
391.5
190.5
282.0
352.5
340.5
343.5
319.5
325.5
213.0
352.5
310.5
15.0
312.0
471.0
367.5
351.0
217.5
210.0
343.5
147.0
295.5
75.0
283.5
165.0
265.5
285.0
249.0
196.5
291.0
99.0
123.0
306.0
480.0
112.5
192.0
141.0
264.0
220.5
363.0
112.5
439.5
126.0
354.0
319.5
187.5
313.5
409.5
201.0
312.0
165.0
498.0
400.5
325.5
124.5
259.5
156.0
288.0
75.0
342.0
351.0
342.0
288.0
430.5
435.0
151.5
217.5
81.0
397.5
366.0
274.5
181.5
255.0
193.5
156.0
252.0
253.5
294.0
385.5
216.0
295.5
63.0
249.0
109.5
76.5
48.0
69.0
309.0
58.5
108.0
426.0
346.5
93.0
27.0
10.5
196.5
238.5
228.0
298.5
192.0
381.0
370.5
301.5
381.0
57.0
259.5
58.5
339.0
369.0
66.0
427.5
289.5
357.0
370.5
180.0
109.5
429.0
214.5
190.5
97.5
199.5
432.0
186.0
418.5
405.0
213.0
253.5
174.0
214.5
313.5
163.5
88.5
171.0
387.0
414.0
60.0
139.5
115.5
202.5
358.5
355.5
103.5
181.5
129.0
270.0
361.5
222.0
367.5
196.5
321.0
153.0
192.0
130.5
447.0
99.0
294.0
465.0
57.0
120.0
295.5
427.5
174.0
262.5
457.5
160.5
462.0
403.5
135.0
402.0
441.0
66.0
105.0
243.0
289.5
169.5
33.0
81.0
79.5
81.0
367.5
67.5
226.5
256.5
57.0
159.0
486.0
171.0
90.0
408.0
412.5
138.0
189.0
276.0
492.0
291.0
300.0
240.0
55.5
250.5
156.0
210.0
322.5
168.0
181.5
244.5
406.5
198.0
235.5
304.5
253.5
207.0
412.5
153.0
379.5
372.0
393.0
177.0
337.5
249.0
85.5
351.0
190.5
409.5
171.0
387.0
205.5
210.0
400.5
264.0
147.0
181.5
289.5
267.0
264.0
172.5
180.0
264.0
399.0
288.0
328.5
123.0
178.5
277.5
442.5
268.5
219.0
271.5
484.5
249.0
84.0
369.0
246.0
123.0
360.0
259.5
450.0
127.5
291.0
105.0
369.0
430.5
343.5
10.5
198.0
187.5
358.5
289.5
247.5
355.5
178.5
387.0
214.5
310.5
162.0
361.5
477.0
208.5
88.5
168.0
306.0
369.0
168.0
120.0
232.5
40.5
121.5
88.5
208.5
303.0
435.0
105.0
288.0
57.0
160.5
435.0
151.5
175.5
168.0
211.5
340.5
397.5
349.5
211.5
147.0
195.0
214.5
381.0
132.0
375.0
103.5
121.5
325.5
412.5
472.5
448.5
60.0
226.5
189.0
166.5
424.5
24.0
381.0
235.5
258.0
219.0
468.0
384.0
67.5
393.0
141.0
123.0
397.5
291.0
408.0
378.0
172.5
445.5
330.0
229.5
67.5
135.0
171.0
60.0
318.0
418.5
66.0
157.5
48.0
111.0
262.5
246.0
397.5
226.5
109.5
421.5
291.0
357.0
132.0
387.0
339.0
462.0
255.0
345.0
322.5
306.0
250.5
91.5
88.5
349.5
426.0
358.5
109.5
37.5
340.5
135.0
297.0
69.0
390.0
135.0
262.5
204.0
369.0
298.5
223.5
351.0
243.0
381.0
394.5
468.0
249.0
228.0
213.0
171.0
171.0
270.0
274.5
358.5
120.0
55.5
3.0
252.0
78.0
85.5
469.5
69.0
387.0
265.5
109.5
238.5
408.0
139.5
462.0
315.0
135.0
130.5
336.0
310.5
441.0
382.5
352.5
121.5
292.5
181.5
208.5
300.0
88.5
423.0
94.5
87.0
18.0
169.5
210.0
232.5
415.5
118.5
193.5
124.5
417.0
375.0
340.5
36.0
312.0
217.5
78.0
198.0
246.0
414.0
337.5
240.0
330.0
99.0
66.0
90.0
432.0
169.5
262.5
264.0
325.5
147.0
291.0
330.0
229.5
112.5
160.5
159.0
328.5
216.0
411.0
265.5
319.5
312.0
97.5
21.0
330.0
69.0
186.0
309.0
276.0
235.5
324.0
342.0
352.5
352.5
301.5
240.0
174.0
232.5
333.0
348.0
405.0
136.5
103.5
112.5
190.5
129.0
285.0
373.5
342.0
177.0
235.5
252.0
322.5
142.5
102.0
358.5
328.5
400.5
442.5
205.5
340.5
262.5
462.0
97.5
376.5
154.5
346.5
457.5
426.0
304.5
172.5
385.5
232.5
310.5
318.0
223.5
222.0
313.5
354.0
108.0
207.0
352.5
285.0
376.5
421.5
189.0
82.5
61.5
451.5
295.5
309.0
283.5
157.5
441.0
141.0
96.0
130.5
103.5
115.5
394.5
379.5
442.5
393.0
283.5
426.0
310.5
178.5
265.5
120.0
426.0
372.0
490.5
318.0
426.0
345.0
300.0
343.5
384.0
331.5
178.5
438.0
345.0
207.0
384.0
195.0
132.0
306.0
153.0
196.5
232.5
346.5
454.5
216.0
189.0
217.5
177.0
463.5
144.0
219.0
28.5
141.0
133.5
159.0
202.5
235.5
114.0
414.0
211.5
337.5
249.0
330.0
324.0
100.5
364.5
378.0
214.5
177.0
384.0
91.5
117.0
453.0
111.0
435.0
342.0
421.5
268.5
136.5
244.5
277.5
295.5
402.0
406.5
313.5
468.0
357.0
312.0
142.5
37.5
427.5
244.5
112.5
87.0
175.5
369.0
205.5
457.5
394.5
375.0
25.5
322.5
69.0
291.0
354.0
177.0
339.0
454.5
297.0
366.0
280.5
349.5
345.0
496.5
255.0
96.0
90.0
255.0
87.0
184.5
276.0
283.5
96.0
334.5
414.0
379.5
375.0
366.0
447.0
82.5
420.0
310.5
265.5
186.0
76.5
288.0
237.0
150.0
129.0
229.5
133.5
55.5
309.0
102.0
121.5
243.0
102.0
108.0
220.5
126.0
96.0
117.0
88.5
339.0
52.5
456.0
187.5
499.5
223.5
108.0
370.5
315.0
340.5
322.5
288.0
58.5
108.0
307.5
319.5
277.5
409.5
390.0
196.5
259.5
57.0
409.5
90.0
217.5
171.0
328.5
264.0
153.0
360.0
283.5
172.5
298.5
33.0
58.5
177.0
55.5
78.0
267.0
312.0
160.5
159.0
213.0
408.0
147.0
379.5
96.0
90.0
121.5
394.5
454.5
216.0
133.5
384.0
340.5
378.0
298.5
456.0
124.5
310.5
96.0
403.5
280.5
297.0
286.5
378.0
96.0
369.0
199.5
102.0
190.5
330.0
415.5
31.5
126.0
372.0
438.0
139.5
427.5
279.0
178.5
199.5
222.0
418.5
162.0
436.5
300.0
214.5
303.0
273.0
217.5
142.5
223.5
70.5
295.5
262.5
217.5
342.0
411.0
274.5
445.5
354.0
148.5
334.5
313.5
361.5
285.0
222.0
340.5
250.5
118.5
391.5
183.0
190.5
360.0
204.0
309.0
396.0
243.0
229.5
313.5
405.0
249.0
339.0
156.0
292.5
67.5
414.0
225.0
300.0
433.5
262.5
310.5
63.0
432.0
85.5
270.0
202.5
199.5
352.5
151.5
240.0
358.5
271.5
480.0
343.5
228.0
399.0
295.5
409.5
225.0
216.0
439.5
201.0
211.5
130.5
309.0
142.5
181.5
214.5
207.0
403.5
165.0
219.0
100.5
462.0
262.5
382.5
135.0
121.5
99.0
286.5
414.0
99.0
106.5
265.5
93.0
217.5
172.5
136.5
70.5
348.0
118.5
412.5
388.5
331.5
145.5
25.5
343.5
192.0
489.0
250.5
270.0
178.5
138.0
433.5
177.0
174.0
153.0
249.0
114.0
72.0
436.5
363.0
181.5
304.5
304.5
243.0
105.0
112.5
139.5
210.0
301.5
273.0
52.5
267.0
249.0
361.5
366.0
372.0
115.5
324.0
205.5
334.5
60.0
156.0
243.0
472.5
141.0
337.5
307.5
337.5
406.5
154.5
115.5
250.5
78.0
262.5
390.0
114.0
324.0
166.5
111.0
30.0
315.0
132.0
438.0
273.0
54.0
202.5
223.5
123.0
144.0
108.0
435.0
271.5
294.0
312.0
349.5
232.5
229.5
298.5
412.5
483.0
327.0
447.0
99.0
262.5
171.0
163.5
286.5
286.5
175.5
117.0
343.5
417.0
115.5
70.5
411.0
121.5
183.0
193.5
78.0
273.0
343.5
243.0
348.0
99.0
364.5
379.5
288.0
384.0
394.5
175.5
468.0
238.5
250.5
141.0
193.5
283.5
478.5
270.0
162.0
448.5
292.5
106.5
237.0
358.5
222.0
331.5
382.5
250.5
481.5
238.5
339.0
267.0
463.5
489.0
199.5
147.0
126.0
237.0
141.0
409.5
259.5
183.0
334.5
337.5
348.0
276.0
328.5
57.0
135.0
148.5
234.0
219.0
319.5
201.0
84.0
426.0
91.5
432.0
159.0
79.5
210.0
55.5
232.5
75.0
334.5
354.0
120.0
45.0
298.5
115.5
402.0
211.5
136.5
309.0
396.0
144.0
133.5
381.0
172.5
153.0
264.0
385.5
454.5
315.0
232.5
219.0
324.0
85.5
70.5
111.0
163.5
258.0
265.5
85.5
231.0
31.5
100.5
427.5
292.5
364.5
198.0
333.0
321.0
120.0
120.0
273.0
333.0
151.5
237.0
453.0
108.0
202.5
162.0
439.5
111.0
46.5
261.0
123.0
409.5
163.5
100.5
357.0
259.5
97.5
186.0
150.0
306.0
304.5
303.0
90.0
340.5
243.0
168.0
174.0
387.0
103.5
286.5
325.5
324.0
370.5
154.5
241.5
261.0
400.5
219.0
193.5
333.0
310.5
357.0
423.0
372.0
369.0
93.0
169.5
445.5
226.5
240.0
166.5
121.5
277.5
54.0
145.5
259.5
297.0
73.5
172.5
393.0
202.5
285.0
138.0
106.5
177.0
63.0
456.0
346.5
220.5
313.5
325.5
88.5
51.0
118.5
166.5
133.5
70.5
343.5
85.5
97.5
178.5
198.0
9.0
318.0
466.5
343.5
93.0
171.0
232.5
372.0
261.0
445.5
457.5
46.5
225.0
121.5
283.5
277.5
261.0
192.0
196.5
448.5
309.0
132.0
421.5
271.5
274.5
283.5
351.0
214.5
204.0
340.5
346.5
46.5
12.0
235.5
357.0
160.5
429.0
234.0
255.0
307.5
309.0
103.5
246.0
93.0
327.0
90.0
91.5
442.5
247.5
130.5
58.5
237.0
204.0
33.0
211.5
144.0
109.5
372.0
375.0
430.5
117.0
190.5
244.5
147.0
271.5
181.5
193.5
378.0
93.0
225.0
174.0
169.5
205.5
387.0
49.5
69.0
105.0
447.0
424.5
46.5
333.0
300.0
198.0
439.5
316.5
142.5
237.0
268.5
379.5
441.0
307.5
160.5
79.5
304.5
385.5
432.0
70.5
91.5
451.5
349.5
412.5
63.0
118.5
265.5
148.5
280.5
415.5
379.5
405.0
348.0
250.5
132.0
121.5
429.0
286.5
418.5
384.0
319.5
393.0
334.5
399.0
33.0
433.5
447.0
213.0
159.0
463.5
330.0
286.5
301.5
238.5
435.0
309.0
319.5
87.0
81.0
442.5
205.5
303.0
418.5
169.5
334.5
150.0
127.5
145.5
222.0
165.0
366.0
342.0
139.5
297.0
190.5
115.5
372.0
294.0
306.0
172.5
112.5
105.0
201.0
145.5
376.5
292.5
219.0
138.0
223.5
304.5
391.5
391.5
301.5
436.5
379.5
303.0
402.0
360.0
403.5
162.0
352.5
204.0
403.5
177.0
364.5
391.5
64.5
66.0
97.5
114.0
357.0
424.5
63.0
199.5
388.5
321.0
136.5
216.0
168.0
271.5
135.0
168.0
66.0
289.5
415.5
315.0
361.5
264.0
60.0
403.5
97.5
112.5
307.5
303.0
322.5
204.0
346.5
177.0
108.0
436.5
163.5
366.0
486.0
55.5
85.5
373.5
118.5
429.0
199.5
295.5
286.5
336.0
54.0
73.5
124.5
358.5
184.5
175.5
234.0
159.0
354.0
94.5
282.0
315.0
273.0
226.5
147.0
391.5
109.5
3.0
493.5
172.5
261.0
222.0
450.0
115.5
268.5
160.5
342.0
306.0
63.0
372.0
384.0
390.0
424.5
97.5
202.5
232.5
112.5
276.0
232.5
441.0
387.0
378.0
349.5
309.0
367.5
310.5
219.0
262.5
301.5
90.0
442.5
394.5
415.5
111.0
429.0
322.5
178.5
396.0
175.5
121.5
246.0
225.0
63.0
391.5
282.0
331.5
132.0
228.0
271.5
324.0
318.0
384.0
109.5
196.5
121.5
294.0
471.0
240.0
402.0
169.5
109.5
72.0
85.5
118.5
120.0
349.5
376.5
73.5
460.5
429.0
9.0
187.5
439.5
384.0
331.5
187.5
376.5
120.0
295.5
223.5
409.5
82.5
450.0
259.5
120.0
208.5
346.5
321.0
100.5
277.5
301.5
96.0
490.5
126.0
48.0
234.0
177.0
390.0
363.0
183.0
124.5
246.0
322.5
133.5
285.0
447.0
124.5
360.0
322.5
442.5
63.0
79.5
375.0
433.5
348.0
253.5
421.5
175.5
459.0
366.0
48.0
88.5
369.0
198.0
399.0
363.0
316.5
61.5
403.5
154.5
64.5
90.0
448.5
99.0
79.5
414.0
126.0
31.5
445.5
424.5
318.0
295.5
283.5
333.0
436.5
123.0
349.5
195.0
219.0
232.5
108.0
54.0
369.0
318.0
469.5
322.5
367.5
184.5
327.0
133.5
193.5
7.5
184.5
162.0
445.5
417.0
94.5
195.0
265.5
373.5
171.0
355.5
213.0
397.5
265.5
249.0
471.0
349.5
208.5
297.0
87.0
123.0
333.0
334.5
99.0
255.0
234.0
405.0
139.5
409.5
168.0
154.5
111.0
454.5
360.0
333.0
123.0
429.0
159.0
159.0
43.5
363.0
330.0
363.0
175.5
66.0
205.5
336.0
336.0
378.0
211.5
82.5
406.5
54.0
115.5
382.5
211.5
96.0
67.5
88.5
253.5
45.0
313.5
315.0
427.5
373.5
256.5
309.0
405.0
162.0
270.0
214.5
330.0
237.0
264.0
480.0
340.5
111.0
112.5
460.5
97.5
331.5
205.5
426.0
358.5
282.0
237.0
99.0
330.0
264.0
202.5
255.0
481.5
274.5
421.5
405.0
64.5
271.5
403.5
135.0
424.5
115.5
249.0
415.5
216.0
232.5
444.0
355.5
327.0
45.0
271.5
268.5
76.5
432.0
154.5
298.5
253.5
436.5
162.0
106.5
94.5
133.5
414.0
415.5
262.5
228.0
111.0
163.5
78.0
261.0
346.5
238.5
334.5
412.5
267.0
378.0
436.5
463.5
454.5
115.5
261.0
435.0
400.5
93.0
282.0
186.0
211.5
285.0
348.0
298.5
366.0
201.0
202.5
43.5
211.5
94.5
144.0
249.0
316.5
289.5
346.5
312.0
15.0
273.0
231.0
169.5
106.5
61.5
139.5
93.0
346.5
415.5
130.5
187.5
343.5
342.0
385.5
46.5
150.0
243.0
399.0
447.0
301.5
430.5
441.0
417.0
247.5
120.0
399.0
84.0
231.0
57.0
196.5
361.5
79.5
378.0
324.0
313.5
301.5
211.5
99.0
307.5
48.0
118.5
319.5
102.0
210.0
282.0
370.5
36.0
285.0
277.5
430.5
213.0
406.5
63.0
25.5
15.0
162.0
333.0
340.5
336.0
129.0
241.5
378.0
102.0
445.5
432.0
93.0
367.5
129.0
294.0
411.0
226.5
61.5
316.5
351.0
168.0
61.5
115.5
225.0
123.0
340.5
123.0
78.0
46.5
406.5
177.0
439.5
196.5
300.0
58.5
115.5
193.5
195.0
391.5
315.0
111.0
247.5
354.0
57.0
369.0
288.0
390.0
355.5
213.0
289.5
73.5
217.5
136.5
387.0
369.0
321.0
247.5
177.0
262.5
169.5
105.0
400.5
364.5
177.0
247.5
213.0
109.5
130.5
126.0
93.0
253.5
393.0
84.0
423.0
340.5
121.5
175.5
120.0
343.5
462.0
315.0
73.5
235.5
208.5
157.5
190.5
429.0
198.0
336.0
139.5
430.5
69.0
433.5
370.5
159.0
22.5
259.5
135.0
130.5
67.5
186.0
219.0
84.0
139.5
151.5
115.5
354.0
313.5
333.0
319.5
202.5
390.0
273.0
135.0
303.0
168.0
166.5
339.0
387.0
460.5
157.5
316.5
150.0
273.0
49.5
28.5
205.5
114.0
364.5
73.5
127.5
397.5
91.5
189.0
19.5
183.0
181.5
199.5
501.0
322.5
109.5
307.5
142.5
382.5
277.5
169.5
382.5
366.0
205.5
199.5
208.5
169.5
391.5
127.5
432.0
336.0
42.0
183.0
229.5
276.0
435.0
66.0
106.5
193.5
196.5
292.5
166.5
121.5
201.0
378.0
190.5
231.0
363.0
381.0
153.0
93.0
366.0
391.5
66.0
75.0
262.5
346.5
459.0
402.0
222.0
186.0
31.5
280.5
444.0
426.0
57.0
180.0
120.0
417.0
90.0
439.5
388.5
429.0
58.5
397.5
349.5
442.5
211.5
438.0
124.5
85.5
268.5
427.5
213.0
417.0
57.0
102.0
129.0
259.5
427.5
369.0
426.0
148.5
174.0
96.0
97.5
126.0
409.5
414.0
70.5
289.5
318.0
204.0
121.5
318.0
120.0
55.5
411.0
51.0
352.5
67.5
468.0
259.5
385.5
423.0
177.0
244.5
243.0
348.0
162.0
285.0
298.5
358.5
198.0
328.5
438.0
48.0
178.5
444.0
309.0
76.5
163.5
130.5
268.5
204.0
238.5
319.5
84.0
495.0
183.0
262.5
393.0
397.5
273.0
387.0
346.5
160.5
220.5
117.0
429.0
76.5
72.0
213.0
75.0
195.0
58.5
370.5
240.0
282.0
355.5
406.5
415.5
165.0
204.0
108.0
360.0
166.5
186.0
394.5
222.0
424.5
301.5
391.5
121.5
333.0
463.5
213.0
126.0
445.5
439.5
318.0
277.5
438.0
340.5
291.0
205.5
265.5
321.0
394.5
121.5
382.5
451.5
246.0
360.0
327.0
262.5
373.5
117.0
406.5
75.0
187.5
265.5
70.5
271.5
427.5
436.5
421.5
424.5
244.5
