306.0
250.5
166.5
279.0
70.5
397.5
265.5
241.5
24.0
376.5
280.5
358.5
54.0
172.5
277.5
91.5
97.5
36.0
21.0
198.0
66.0
225.0
27.0
297.0
76.5
304.5
265.5
364.5
303.0
133.5
379.5
154.5
366.0
87.0
36.0
366.0
88.5
292.5
244.5
207.0
274.5
364.5
283.5
42.0
301.5
247.5
247.5
274.5
87.0
450.0
246.0
328.5
408.0
307.5
168.0
76.5
318.0
138.0
268.5
226.5
84.0
222.0
306.0
315.0
57.0
151.5
244.5
252.0
303.0
129.0
145.5
252.0
127.5
100.5
58.5
37.5
249.0
240.0
180.0
328.5
294.0
67.5
118.5
78.0
190.5
183.0
184.5
325.5
9.0
250.5
369.0
123.0
100.5
148.5
139.5
120.0
325.5
321.0
93.0
402.0
360.0
292.5
235.5
33.0
202.5
247.5
184.5
438.0
276.0
330.0
187.5
259.5
88.5
343.5
46.5
261.0
183.0
184.5
313.5
147.0
222.0
435.0
157.5
375.0
151.5
355.5
48.0
177.0
273.0
240.0
49.5
58.5
204.0
262.5
376.5
360.0
109.5
192.0
283.5
150.0
48.0
235.5
276.0
159.0
201.0
130.5
40.5
7.5
343.5
379.5
210.0
304.5
300.0
174.0
183.0
85.5
216.0
106.5
439.5
208.5
372.0
115.5
355.5
111.0
45.0
451.5
244.5
142.5
211.5
349.5
55.5
219.0
99.0
60.0
432.0
106.5
112.5
354.0
258.0
283.5
171.0
208.5
357.0
85.5
135.0
219.0
196.5
181.5
103.5
234.0
315.0
180.0
231.0
340.5
267.0
61.5
223.5
147.0
130.5
459.0
423.0
358.5
247.5
430.5
417.0
79.5
226.5
255.0
45.0
331.5
163.5
34.5
475.5
195.0
273.0
265.5
91.5
112.5
192.0
124.5
438.0
111.0
243.0
112.5
262.5
186.0
121.5
243.0
130.5
327.0
79.5
285.0
198.0
322.5
228.0
352.5
373.5
174.0
108.0
162.0
163.5
295.5
273.0
174.0
211.5
70.5
448.5
309.0
189.0
33.0
76.5
432.0
303.0
447.0
90.0
231.0
394.5
403.5
277.5
409.5
49.5
412.5
336.0
204.0
322.5
112.5
309.0
217.5
93.0
192.0
109.5
147.0
163.5
72.0
324.0
406.5
412.5
285.0
322.5
258.0
175.5
361.5
265.5
186.0
205.5
337.5
186.0
232.5
145.5
207.0
139.5
109.5
22.5
256.5
273.0
348.0
211.5
151.5
105.0
153.0
192.0
331.5
216.0
178.5
130.5
132.0
61.5
192.0
102.0
255.0
66.0
130.5
144.0
363.0
174.0
225.0
183.0
70.5
180.0
159.0
273.0
292.5
102.0
141.0
295.5
252.0
27.0
307.5
304.5
318.0
300.0
340.5
324.0
244.5
358.5
315.0
286.5
45.0
24.0
24.0
214.5
432.0
346.5
27.0
300.0
105.0
91.5
238.5
405.0
196.5
139.5
49.5
196.5
241.5
459.0
439.5
64.5
298.5
213.0
64.5
177.0
384.0
133.5
423.0
441.0
214.5
226.5
174.0
219.0
196.5
210.0
301.5
117.0
187.5
216.0
54.0
105.0
321.0
375.0
51.0
61.5
229.5
235.5
127.5
256.5
169.5
40.5
328.5
207.0
172.5
348.0
328.5
78.0
60.0
121.5
316.5
289.5
274.5
363.0
250.5
103.5
111.0
279.0
427.5
334.5
384.0
199.5
469.5
306.0
217.5
133.5
120.0
91.5
91.5
327.0
442.5
414.0
304.5
223.5
463.5
21.0
115.5
55.5
300.0
63.0
211.5
250.5
229.5
55.5
153.0
12.0
127.5
229.5
55.5
195.0
378.0
399.0
178.5
244.5
36.0
237.0
360.0
430.5
274.5
195.0
300.0
373.5
208.5
189.0
148.5
403.5
280.5
352.5
217.5
342.0
55.5
117.0
274.5
121.5
93.0
117.0
376.5
361.5
82.5
181.5
162.0
321.0
142.5
163.5
337.5
427.5
415.5
235.5
324.0
246.0
489.0
82.5
238.5
289.5
205.5
139.5
85.5
406.5
277.5
405.0
85.5
222.0
273.0
268.5
48.0
180.0
177.0
357.0
169.5
349.5
156.0
111.0
376.5
177.0
303.0
279.0
367.5
211.5
118.5
363.0
277.5
205.5
373.5
243.0
349.5
355.5
442.5
84.0
213.0
405.0
316.5
147.0
325.5
157.5
298.5
117.0
51.0
154.5
165.0
312.0
408.0
174.0
276.0
187.5
183.0
153.0
136.5
352.5
426.0
100.5
34.5
340.5
405.0
339.0
183.0
334.5
106.5
444.0
48.0
429.0
285.0
427.5
337.5
97.5
202.5
174.0
307.5
354.0
187.5
432.0
226.5
300.0
226.5
82.5
219.0
228.0
367.5
391.5
466.5
172.5
222.0
327.0
322.5
106.5
102.0
108.0
181.5
130.5
34.5
132.0
142.5
223.5
97.5
289.5
382.5
240.0
114.0
174.0
433.5
136.5
253.5
51.0
265.5
145.5
204.0
343.5
282.0
133.5
258.0
151.5
42.0
255.0
247.5
91.5
145.5
132.0
145.5
466.5
282.0
39.0
276.0
334.5
214.5
211.5
366.0
106.5
256.5
279.0
172.5
187.5
264.0
199.5
229.5
57.0
27.0
91.5
121.5
132.0
264.0
253.5
90.0
229.5
418.5
189.0
247.5
370.5
231.0
76.5
57.0
207.0
118.5
64.5
121.5
342.0
225.0
271.5
250.5
237.0
444.0
217.5
264.0
109.5
253.5
265.5
375.0
454.5
244.5
136.5
435.0
277.5
345.0
232.5
139.5
142.5
438.0
438.0
120.0
357.0
312.0
205.5
190.5
429.0
376.5
55.5
93.0
330.0
141.0
184.5
157.5
84.0
162.0
346.5
175.5
354.0
214.5
42.0
120.0
70.5
321.0
180.0
234.0
52.5
352.5
178.5
112.5
90.0
106.5
79.5
315.0
156.0
151.5
379.5
343.5
199.5
384.0
75.0
351.0
202.5
115.5
240.0
433.5
45.0
205.5
220.5
64.5
130.5
46.5
151.5
334.5
298.5
49.5
222.0
108.0
67.5
190.5
259.5
141.0
337.5
199.5
309.0
102.0
144.0
205.5
445.5
121.5
184.5
297.0
372.0
75.0
33.0
45.0
61.5
352.5
124.5
139.5
84.0
46.5
376.5
330.0
79.5
177.0
87.0
376.5
102.0
325.5
106.5
34.5
36.0
262.5
292.5
64.5
45.0
241.5
207.0
208.5
66.0
156.0
58.5
207.0
141.0
291.0
67.5
211.5
135.0
204.0
228.0
262.5
132.0
264.0
352.5
367.5
150.0
211.5
49.5
220.5
168.0
240.0
273.0
180.0
216.0
123.0
24.0
180.0
387.0
286.5
276.0
432.0
87.0
390.0
108.0
330.0
379.5
282.0
450.0
66.0
139.5
249.0
112.5
88.5
150.0
135.0
162.0
72.0
276.0
22.5
231.0
114.0
88.5
91.5
51.0
384.0
450.0
265.5
358.5
294.0
16.5
115.5
387.0
159.0
171.0
111.0
352.5
177.0
156.0
141.0
286.5
202.5
322.5
498.0
321.0
106.5
273.0
288.0
97.5
121.5
52.5
217.5
51.0
406.5
306.0
354.0
288.0
121.5
90.0
435.0
369.0
300.0
225.0
114.0
67.5
289.5
108.0
298.5
69.0
256.5
117.0
225.0
130.5
433.5
223.5
147.0
115.5
55.5
133.5
295.5
181.5
234.0
127.5
231.0
204.0
348.0
390.0
82.5
199.5
45.0
306.0
156.0
219.0
354.0
438.0
444.0
276.0
127.5
468.0
82.5
157.5
12.0
196.5
388.5
340.5
321.0
328.5
492.0
264.0
31.5
321.0
283.5
285.0
96.0
225.0
210.0
147.0
120.0
307.5
351.0
249.0
84.0
241.5
325.5
418.5
42.0
114.0
90.0
27.0
309.0
265.5
102.0
57.0
375.0
348.0
282.0
210.0
150.0
124.5
97.5
3.0
435.0
162.0
333.0
190.5
255.0
364.5
69.0
39.0
48.0
369.0
202.5
243.0
271.5
331.5
273.0
309.0
442.5
352.5
307.5
211.5
70.5
361.5
196.5
291.0
130.5
192.0
48.0
444.0
184.5
90.0
420.0
133.5
247.5
351.0
196.5
118.5
117.0
193.5
150.0
399.0
100.5
234.0
79.5
105.0
436.5
339.0
417.0
52.5
213.0
202.5
84.0
189.0
156.0
123.0
63.0
387.0
363.0
163.5
67.5
238.5
145.5
391.5
255.0
40.5
79.5
160.5
85.5
390.0
385.5
211.5
168.0
342.0
184.5
136.5
154.5
201.0
33.0
442.5
120.0
58.5
46.5
159.0
96.0
159.0
100.5
172.5
49.5
138.0
307.5
165.0
264.0
235.5
168.0
51.0
288.0
234.0
247.5
106.5
228.0
268.5
223.5
73.5
91.5
169.5
24.0
138.0
259.5
174.0
159.0
114.0
411.0
288.0
37.5
213.0
327.0
216.0
141.0
480.0
367.5
151.5
312.0
445.5
300.0
273.0
33.0
379.5
316.5
300.0
327.0
223.5
114.0
172.5
127.5
55.5
259.5
307.5
414.0
370.5
55.5
313.5
78.0
96.0
373.5
315.0
390.0
319.5
75.0
136.5
60.0
292.5
85.5
108.0
330.0
355.5
109.5
298.5
24.0
199.5
192.0
340.5
46.5
165.0
273.0
297.0
19.5
171.0
159.0
192.0
156.0
294.0
286.5
340.5
238.5
150.0
216.0
288.0
213.0
306.0
99.0
190.5
301.5
181.5
252.0
135.0
351.0
139.5
312.0
141.0
138.0
109.5
82.5
159.0
235.5
45.0
297.0
169.5
204.0
442.5
339.0
192.0
373.5
304.5
76.5
84.0
202.5
249.0
282.0
190.5
385.5
139.5
264.0
115.5
144.0
229.5
127.5
117.0
243.0
346.5
70.5
142.5
301.5
285.0
114.0
148.5
172.5
93.0
301.5
151.5
91.5
225.0
385.5
370.5
130.5
424.5
384.0
307.5
162.0
421.5
93.0
255.0
127.5
148.5
127.5
223.5
82.5
414.0
306.0
136.5
93.0
43.5
289.5
310.5
81.0
112.5
240.0
156.0
159.0
190.5
202.5
337.5
144.0
174.0
145.5
42.0
78.0
448.5
268.5
387.0
115.5
18.0
255.0
133.5
334.5
234.0
304.5
144.0
250.5
163.5
43.5
292.5
70.5
121.5
354.0
85.5
220.5
387.0
288.0
42.0
120.0
33.0
427.5
225.0
339.0
183.0
172.5
262.5
207.0
400.5
24.0
183.0
189.0
439.5
385.5
354.0
457.5
261.0
436.5
300.0
118.5
73.5
330.0
93.0
264.0
118.5
172.5
160.5
427.5
469.5
163.5
49.5
328.5
316.5
187.5
237.0
75.0
234.0
303.0
388.5
190.5
265.5
159.0
58.5
148.5
163.5
136.5
190.5
117.0
316.5
132.0
225.0
358.5
87.0
222.0
121.5
358.5
180.0
220.5
91.5
54.0
36.0
184.5
346.5
205.5
157.5
130.5
168.0
144.0
144.0
247.5
282.0
106.5
12.0
67.5
247.5
352.5
292.5
21.0
199.5
235.5
408.0
111.0
7.5
72.0
130.5
352.5
387.0
46.5
124.5
204.0
324.0
171.0
160.5
429.0
115.5
271.5
22.5
117.0
405.0
408.0
288.0
316.5
280.5
273.0
55.5
154.5
91.5
288.0
211.5
139.5
427.5
172.5
160.5
415.5
156.0
150.0
277.5
454.5
276.0
214.5
405.0
153.0
142.5
153.0
151.5
64.5
81.0
156.0
157.5
372.0
267.0
136.5
165.0
45.0
394.5
316.5
310.5
91.5
64.5
97.5
325.5
372.0
363.0
88.5
177.0
78.0
123.0
67.5
250.5
108.0
391.5
112.5
216.0
148.5
244.5
34.5
312.0
118.5
309.0
79.5
72.0
265.5
261.0
271.5
324.0
166.5
51.0
102.0
18.0
172.5
103.5
274.5
276.0
273.0
64.5
393.0
217.5
136.5
297.0
69.0
208.5
69.0
142.5
154.5
253.5
214.5
178.5
78.0
295.5
160.5
154.5
273.0
222.0
136.5
88.5
322.5
33.0
204.0
429.0
19.5
268.5
181.5
387.0
417.0
285.0
321.0
232.5
321.0
46.5
60.0
247.5
142.5
265.5
115.5
96.0
181.5
135.0
213.0
39.0
87.0
216.0
93.0
147.0
202.5
48.0
54.0
144.0
201.0
372.0
90.0
354.0
52.5
139.5
270.0
76.5
270.0
132.0
168.0
265.5
370.5
195.0
13.5
298.5
75.0
52.5
255.0
172.5
120.0
147.0
331.5
297.0
232.5
232.5
277.5
282.0
285.0
273.0
285.0
397.5
217.5
327.0
169.5
153.0
189.0
358.5
181.5
130.5
127.5
217.5
291.0
462.0
108.0
114.0
81.0
190.5
231.0
144.0
88.5
198.0
154.5
87.0
192.0
267.0
102.0
292.5
109.5
286.5
207.0
180.0
84.0
87.0
184.5
87.0
178.5
151.5
363.0
90.0
75.0
357.0
180.0
159.0
310.5
252.0
279.0
118.5
253.5
243.0
418.5
97.5
205.5
141.0
265.5
120.0
160.5
232.5
367.5
124.5
48.0
93.0
318.0
258.0
292.5
162.0
126.0
265.5
111.0
217.5
165.0
156.0
241.5
268.5
262.5
258.0
226.5
223.5
204.0
40.5
169.5
126.0
330.0
289.5
60.0
135.0
111.0
186.0
457.5
78.0
268.5
90.0
157.5
382.5
120.0
102.0
75.0
241.5
303.0
184.5
165.0
291.0
57.0
402.0
93.0
85.5
231.0
115.5
390.0
108.0
166.5
214.5
372.0
147.0
250.5
196.5
91.5
144.0
109.5
109.5
219.0
388.5
283.5
387.0
130.5
235.5
144.0
222.0
124.5
130.5
333.0
348.0
228.0
292.5
451.5
210.0
183.0
120.0
241.5
64.5
58.5
189.0
127.5
234.0
94.5
415.5
49.5
189.0
120.0
168.0
351.0
85.5
342.0
240.0
241.5
132.0
58.5
111.0
288.0
331.5
277.5
72.0
262.5
318.0
82.5
87.0
93.0
79.5
70.5
325.5
369.0
354.0
279.0
468.0
291.0
165.0
204.0
165.0
240.0
133.5
157.5
181.5
253.5
175.5
363.0
171.0
360.0
163.5
202.5
442.5
40.5
126.0
138.0
331.5
432.0
121.5
73.5
153.0
96.0
103.5
414.0
370.5
345.0
88.5
121.5
292.5
198.0
259.5
286.5
471.0
355.5
166.5
298.5
402.0
151.5
319.5
148.5
180.0
271.5
105.0
136.5
298.5
318.0
411.0
205.5
304.5
138.0
211.5
186.0
148.5
214.5
189.0
420.0
94.5
109.5
169.5
216.0
99.0
216.0
94.5
276.0
186.0
342.0
174.0
267.0
285.0
172.5
228.0
421.5
258.0
400.5
148.5
99.0
39.0
180.0
346.5
78.0
489.0
234.0
151.5
241.5
280.5
240.0
118.5
100.5
88.5
150.0
244.5
427.5
430.5
297.0
48.0
193.5
120.0
99.0
307.5
48.0
214.5
259.5
216.0
147.0
132.0
112.5
435.0
340.5
88.5
138.0
97.5
178.5
259.5
48.0
270.0
190.5
43.5
169.5
342.0
166.5
324.0
363.0
205.5
259.5
225.0
364.5
186.0
220.5
250.5
222.0
135.0
312.0
307.5
426.0
118.5
88.5
127.5
273.0
130.5
220.5
73.5
309.0
51.0
67.5
162.0
196.5
193.5
183.0
141.0
196.5
246.0
165.0
424.5
253.5
345.0
153.0
420.0
154.5
213.0
135.0
298.5
97.5
255.0
291.0
103.5
354.0
87.0
178.5
67.5
168.0
271.5
160.5
160.5
412.5
258.0
136.5
126.0
238.5
54.0
318.0
135.0
316.5
232.5
228.0
273.0
358.5
381.0
141.0
70.5
292.5
180.0
387.0
127.5
84.0
186.0
55.5
159.0
198.0
399.0
409.5
177.0
279.0
171.0
333.0
313.5
111.0
357.0
177.0
129.0
324.0
150.0
408.0
342.0
319.5
280.5
82.5
339.0
142.5
270.0
235.5
312.0
378.0
49.5
246.0
495.0
313.5
316.5
232.5
109.5
96.0
414.0
427.5
171.0
186.0
192.0
136.5
163.5
270.0
322.5
76.5
60.0
295.5
111.0
366.0
99.0
100.5
90.0
393.0
250.5
339.0
66.0
354.0
160.5
168.0
72.0
114.0
64.5
301.5
276.0
295.5
126.0
369.0
135.0
282.0
36.0
310.5
177.0
387.0
225.0
355.5
147.0
148.5
78.0
195.0
354.0
84.0
45.0
423.0
120.0
199.5
85.5
169.5
222.0
159.0
121.5
73.5
321.0
426.0
348.0
130.5
442.5
91.5
175.5
171.0
247.5
229.5
238.5
352.5
354.0
88.5
184.5
177.0
154.5
141.0
235.5
49.5
97.5
136.5
228.0
159.0
133.5
427.5
48.0
115.5
403.5
130.5
276.0
343.5
198.0
43.5
261.0
76.5
201.0
73.5
373.5
126.0
199.5
292.5
366.0
235.5
369.0
111.0
264.0
246.0
132.0
64.5
321.0
244.5
360.0
376.5
304.5
387.0
105.0
303.0
246.0
144.0
117.0
76.5
214.5
390.0
282.0
265.5
232.5
232.5
342.0
88.5
301.5
421.5
208.5
271.5
313.5
369.0
72.0
108.0
13.5
244.5
166.5
174.0
79.5
214.5
367.5
36.0
66.0
184.5
358.5
96.0
274.5
183.0
252.0
427.5
147.0
165.0
148.5
370.5
84.0
177.0
81.0
195.0
343.5
343.5
117.0
121.5
129.0
198.0
210.0
415.5
421.5
84.0
76.5
151.5
186.0
174.0
132.0
144.0
70.5
73.5
300.0
72.0
156.0
226.5
115.5
300.0
58.5
153.0
283.5
66.0
381.0
177.0
73.5
231.0
229.5
42.0
192.0
286.5
351.0
232.5
433.5
358.5
84.0
234.0
265.5
187.5
67.5
93.0
112.5
120.0
199.5
225.0
246.0
91.5
202.5
255.0
202.5
325.5
133.5
457.5
439.5
166.5
79.5
421.5
106.5
127.5
148.5
277.5
384.0
315.0
261.0
256.5
49.5
127.5
153.0
204.0
91.5
103.5
277.5
280.5
223.5
187.5
253.5
145.5
313.5
399.0
229.5
142.5
430.5
36.0
297.0
232.5
204.0
412.5
105.0
82.5
15.0
265.5
303.0
445.5
147.0
256.5
328.5
199.5
240.0
205.5
117.0
292.5
142.5
400.5
171.0
25.5
136.5
219.0
351.0
328.5
108.0
60.0
157.5
342.0
373.5
241.5
267.0
252.0
285.0
102.0
85.5
90.0
159.0
219.0
295.5
243.0
90.0
52.5
133.5
52.5
408.0
334.5
174.0
318.0
252.0
115.5
235.5
312.0
70.5
366.0
397.5
414.0
222.0
222.0
270.0
240.0
159.0
133.5
30.0
163.5
136.5
196.5
64.5
424.5
376.5
133.5
274.5
190.5
106.5
376.5
175.5
88.5
76.5
336.0
324.0
100.5
36.0
396.0
409.5
238.5
202.5
106.5
342.0
201.0
304.5
124.5
276.0
201.0
31.5
253.5
301.5
184.5
108.0
78.0
94.5
37.5
337.5
121.5
184.5
129.0
136.5
45.0
31.5
384.0
93.0
433.5
210.0
190.5
28.5
196.5
132.0
210.0
366.0
322.5
354.0
178.5
273.0
153.0
177.0
258.0
417.0
178.5
312.0
193.5
381.0
345.0
156.0
378.0
69.0
114.0
48.0
124.5
55.5
225.0
187.5
103.5
295.5
153.0
348.0
217.5
73.5
243.0
109.5
72.0
168.0
12.0
112.5
157.5
132.0
354.0
34.5
99.0
177.0
151.5
396.0
417.0
321.0
189.0
345.0
93.0
223.5
253.5
273.0
388.5
315.0
57.0
363.0
279.0
195.0
300.0
192.0
84.0
88.5
348.0
207.0
324.0
262.5
216.0
328.5
361.5
160.5
37.5
249.0
115.5
310.5
165.0
318.0
217.5
357.0
321.0
69.0
337.5
180.0
315.0
120.0
337.5
87.0
333.0
123.0
138.0
459.0
136.5
261.0
252.0
285.0
319.5
210.0
316.5
325.5
325.5
145.5
340.5
414.0
163.5
319.5
210.0
49.5
69.0
297.0
139.5
52.5
90.0
321.0
397.5
139.5
84.0
81.0
390.0
384.0
295.5
315.0
160.5
135.0
357.0
436.5
175.5
235.5
111.0
81.0
91.5
228.0
147.0
234.0
411.0
186.0
358.5
85.5
64.5
285.0
304.5
354.0
66.0
61.5
390.0
307.5
369.0
232.5
214.5
79.5
114.0
262.5
258.0
333.0
132.0
207.0
360.0
436.5
120.0
63.0
307.5
249.0
72.0
174.0
421.5
273.0
145.5
48.0
99.0
402.0
352.5
268.5
247.5
190.5
244.5
48.0
108.0
250.5
327.0
469.5
78.0
238.5
352.5
151.5
85.5
231.0
39.0
232.5
328.5
315.0
51.0
49.5
334.5
58.5
148.5
187.5
229.5
271.5
358.5
124.5
370.5
172.5
157.5
46.5
57.0
28.5
277.5
87.0
108.0
241.5
264.0
162.0
64.5
99.0
243.0
246.0
472.5
157.5
232.5
283.5
304.5
108.0
391.5
376.5
103.5
126.0
351.0
111.0
174.0
280.5
138.0
408.0
352.5
354.0
93.0
273.0
339.0
145.5
151.5
138.0
322.5
238.5
130.5
343.5
286.5
111.0
187.5
300.0
178.5
351.0
154.5
346.5
288.0
57.0
115.5
232.5
346.5
327.0
265.5
115.5
289.5
393.0
231.0
105.0
381.0
394.5
88.5
105.0
90.0
384.0
88.5
106.5
112.5
82.5
205.5
115.5
162.0
91.5
282.0
84.0
183.0
270.0
223.5
24.0
199.5
306.0
168.0
379.5
261.0
144.0
361.5
322.5
139.5
420.0
297.0
343.5
81.0
304.5
264.0
337.5
249.0
235.5
213.0
339.0
246.0
241.5
94.5
255.0
91.5
93.0
156.0
121.5
369.0
238.5
120.0
307.5
232.5
262.5
303.0
376.5
190.5
102.0
237.0
76.5
378.0
229.5
49.5
300.0
192.0
207.0
130.5
177.0
171.0
354.0
358.5
279.0
403.5
292.5
142.5
190.5
109.5
103.5
198.0
238.5
166.5
160.5
121.5
430.5
373.5
141.0
306.0
133.5
148.5
357.0
121.5
276.0
369.0
409.5
333.0
192.0
184.5
292.5
336.0
226.5
28.5
70.5
223.5
117.0
57.0
397.5
253.5
117.0
61.5
208.5
247.5
190.5
303.0
274.5
120.0
123.0
265.5
282.0
231.0
288.0
306.0
351.0
285.0
283.5
270.0
60.0
291.0
375.0
370.5
219.0
219.0
270.0
457.5
364.5
225.0
259.5
93.0
178.5
87.0
33.0
243.0
342.0
405.0
55.5
234.0
51.0
174.0
30.0
148.5
177.0
94.5
85.5
72.0
84.0
228.0
25.5
226.5
130.5
120.0
153.0
301.5
397.5
147.0
184.5
177.0
273.0
267.0
210.0
87.0
79.5
147.0
154.5
34.5
204.0
91.5
54.0
165.0
343.5
124.5
387.0
394.5
153.0
126.0
103.5
120.0
58.5
250.5
327.0
58.5
127.5
235.5
399.0
390.0
232.5
283.5
460.5
322.5
270.0
354.0
147.0
69.0
387.0
339.0
216.0
210.0
195.0
235.5
219.0
36.0
63.0
138.0
189.0
228.0
360.0
81.0
384.0
283.5
303.0
246.0
324.0
321.0
370.5
409.5
100.5
205.5
207.0
73.5
408.0
162.0
163.5
16.5
363.0
234.0
280.5
151.5
78.0
36.0
159.0
268.5
282.0
118.5
55.5
121.5
411.0
60.0
193.5
78.0
219.0
318.0
154.5
378.0
108.0
63.0
103.5
103.5
18.0
345.0
235.5
336.0
94.5
166.5
207.0
79.5
78.0
231.0
333.0
351.0
345.0
51.0
102.0
238.5
76.5
385.5
274.5
360.0
153.0
346.5
174.0
294.0
184.5
69.0
228.0
114.0
226.5
64.5
291.0
100.5
129.0
61.5
57.0
81.0
25.5
145.5
121.5
243.0
82.5
63.0
184.5
258.0
69.0
325.5
301.5
64.5
169.5
153.0
240.0
345.0
144.0
177.0
319.5
304.5
216.0
114.0
121.5
103.5
204.0
115.5
54.0
307.5
79.5
141.0
190.5
261.0
271.5
348.0
345.0
267.0
138.0
73.5
265.5
391.5
298.5
459.0
120.0
424.5
183.0
49.5
87.0
145.5
85.5
139.5
315.0
408.0
406.5
34.5
63.0
361.5
232.5
232.5
393.0
334.5
84.0
292.5
375.0
145.5
114.0
190.5
22.5
120.0
138.0
123.0
168.0
37.5
40.5
181.5
232.5
39.0
375.0
237.0
42.0
298.5
339.0
207.0
130.5
130.5
244.5
339.0
352.5
115.5
130.5
198.0
127.5
25.5
405.0
348.0
225.0
339.0
39.0
115.5
133.5
169.5
102.0
433.5
414.0
286.5
313.5
192.0
36.0
241.5
370.5
106.5
94.5
192.0
190.5
61.5
46.5
226.5
313.5
189.0
222.0
283.5
27.0
91.5
451.5
171.0
315.0
58.5
91.5
115.5
301.5
357.0
72.0
141.0
126.0
348.0
48.0
391.5
226.5
234.0
301.5
85.5
172.5
348.0
151.5
130.5
157.5
129.0
298.5
82.5
151.5
45.0
193.5
72.0
96.0
108.0
253.5
226.5
366.0
18.0
174.0
237.0
252.0
166.5
9.0
291.0
108.0
243.0
217.5
142.5
57.0
240.0
268.5
481.5
276.0
135.0
274.5
331.5
229.5
169.5
150.0
7.5
63.0
229.5
208.5
157.5
118.5
138.0
39.0
61.5
261.0
40.5
238.5
180.0
289.5
219.0
211.5
321.0
327.0
157.5
217.5
72.0
181.5
220.5
280.5
460.5
115.5
277.5
259.5
130.5
52.5
57.0
106.5
370.5
153.0
45.0
301.5
235.5
85.5
204.0
121.5
108.0
91.5
490.5
406.5
187.5
48.0
297.0
45.0
378.0
315.0
16.5
84.0
364.5
316.5
343.5
391.5
117.0
405.0
57.0
295.5
138.0
138.0
267.0
363.0
246.0
294.0
72.0
375.0
277.5
346.5
108.0
126.0
372.0
258.0
342.0
126.0
304.5
331.5
313.5
63.0
61.5
117.0
157.5
61.5
147.0
232.5
286.5
333.0
418.5
355.5
162.0
312.0
127.5
297.0
298.5
204.0
135.0
177.0
337.5
171.0
147.0
442.5
334.5
190.5
354.0
151.5
325.5
288.0
261.0
210.0
102.0
325.5
192.0
438.0
25.5
171.0
198.0
205.5
192.0
268.5
90.0
303.0
103.5
73.5
160.5
261.0
285.0
270.0
45.0
315.0
196.5
102.0
73.5
109.5
130.5
225.0
36.0
43.5
58.5
105.0
109.5
228.0
333.0
90.0
67.5
22.5
12.0
364.5
135.0
19.5
139.5
213.0
318.0
160.5
25.5
108.0
310.5
315.0
108.0
388.5
60.0
207.0
459.0
187.5
207.0
100.5
450.0
205.5
136.5
51.0
214.5
348.0
163.5
298.5
265.5
288.0
312.0
313.5
244.5
120.0
447.0
304.5
100.5
84.0
48.0
13.5
273.0
432.0
139.5
292.5
91.5
136.5
417.0
70.5
81.0
150.0
283.5
73.5
102.0
279.0
72.0
147.0
279.0
364.5
297.0
393.0
108.0
220.5
202.5
351.0
64.5
199.5
109.5
174.0
96.0
312.0
250.5
183.0
238.5
219.0
120.0
216.0
292.5
267.0
138.0
55.5
72.0
132.0
139.5
294.0
400.5
127.5
99.0
357.0
126.0
228.0
57.0
231.0
384.0
273.0
402.0
219.0
135.0
235.5
346.5
304.5
28.5
123.0
267.0
109.5
166.5
136.5
52.5
51.0
75.0
126.0
106.5
283.5
163.5
84.0
267.0
198.0
105.0
253.5
235.5
390.0
196.5
99.0
108.0
108.0
156.0
349.5
73.5
237.0
67.5
213.0
61.5
238.5
211.5
177.0
348.0
381.0
411.0
438.0
109.5
264.0
300.0
87.0
321.0
163.5
253.5
276.0
268.5
201.0
436.5
279.0
208.5
69.0
66.0
124.5
145.5
85.5
288.0
91.5
193.5
258.0
34.5
351.0
118.5
309.0
270.0
376.5
256.5
358.5
163.5
213.0
291.0
88.5
253.5
193.5
337.5
310.5
111.0
109.5
148.5
94.5
171.0
55.5
85.5
204.0
183.0
280.5
454.5
229.5
183.0
352.5
85.5
213.0
84.0
366.0
139.5
208.5
295.5
277.5
219.0
357.0
150.0
165.0
36.0
427.5
361.5
52.5
168.0
120.0
426.0
159.0
138.0
370.5
142.5
42.0
51.0
262.5
162.0
93.0
274.5
273.0
283.5
235.5
250.5
39.0
291.0
57.0
345.0
277.5
270.0
231.0
102.0
318.0
153.0
121.5
324.0
151.5
99.0
267.0
181.5
166.5
162.0
301.5
369.0
61.5
334.5
423.0
171.0
258.0
55.5
51.0
228.0
96.0
202.5
217.5
102.0
105.0
478.5
88.5
123.0
229.5
120.0
96.0
84.0
112.5
135.0
121.5
274.5
126.0
85.5
349.5
154.5
114.0
175.5
292.5
169.5
349.5
427.5
391.5
201.0
105.0
174.0
307.5
153.0
132.0
418.5
91.5
102.0
328.5
64.5
385.5
369.0
255.0
112.5
397.5
103.5
70.5
280.5
402.0
63.0
204.0
285.0
34.5
39.0
168.0
382.5
250.5
352.5
285.0
136.5
318.0
169.5
432.0
399.0
318.0
255.0
381.0
249.0
285.0
151.5
241.5
336.0
238.5
330.0
163.5
102.0
358.5
472.5
312.0
69.0
78.0
157.5
262.5
121.5
307.5
228.0
102.0
259.5
37.5
205.5
127.5
333.0
354.0
184.5
63.0
87.0
400.5
240.0
325.5
127.5
73.5
235.5
108.0
39.0
60.0
222.0
175.5
213.0
118.5
349.5
447.0
216.0
288.0
235.5
135.0
48.0
141.0
97.5
202.5
160.5
97.5
112.5
268.5
157.5
145.5
105.0
409.5
432.0
309.0
300.0
124.5
292.5
330.0
273.0
102.0
166.5
231.0
96.0
105.0
174.0
387.0
105.0
51.0
189.0
99.0
225.0
307.5
108.0
97.5
372.0
331.5
166.5
120.0
210.0
169.5
252.0
12.0
384.0
175.5
363.0
81.0
31.5
316.5
330.0
156.0
160.5
258.0
276.0
243.0
210.0
418.5
64.5
217.5
81.0
357.0
394.5
268.5
126.0
30.0
415.5
258.0
63.0
22.5
349.5
343.5
13.5
237.0
312.0
250.5
175.5
255.0
69.0
180.0
348.0
348.0
102.0
159.0
369.0
376.5
331.5
297.0
189.0
124.5
22.5
147.0
109.5
55.5
235.5
147.0
48.0
39.0
109.5
108.0
219.0
169.5
120.0
30.0
27.0
85.5
265.5
381.0
64.5
36.0
117.0
117.0
220.5
115.5
159.0
150.0
414.0
178.5
402.0
78.0
73.5
169.5
208.5
78.0
177.0
190.5
405.0
310.5
220.5
172.5
217.5
240.0
87.0
156.0
111.0
81.0
66.0
63.0
196.5
411.0
328.5
39.0
354.0
75.0
346.5
207.0
57.0
214.5
181.5
418.5
55.5
331.5
357.0
313.5
189.0
100.5
189.0
285.0
487.5
208.5
288.0
180.0
199.5
54.0
174.0
172.5
364.5
103.5
183.0
420.0
246.0
354.0
228.0
57.0
60.0
127.5
208.5
183.0
24.0
123.0
217.5
91.5
10.5
129.0
292.5
60.0
388.5
204.0
93.0
195.0
63.0
310.5
43.5
150.0
168.0
357.0
358.5
222.0
111.0
366.0
277.5
19.5
100.5
186.0
85.5
118.5
94.5
76.5
93.0
393.0
459.0
345.0
372.0
393.0
349.5
162.0
349.5
231.0
97.5
70.5
433.5
69.0
166.5
312.0
181.5
133.5
90.0
216.0
72.0
283.5
48.0
286.5
333.0
61.5
409.5
436.5
384.0
249.0
228.0
316.5
79.5
288.0
189.0
142.5
109.5
225.0
357.0
37.5
168.0
78.0
12.0
78.0
37.5
391.5
351.0
304.5
180.0
216.0
370.5
279.0
78.0
124.5
97.5
39.0
97.5
109.5
384.0
82.5
40.5
219.0
106.5
225.0
100.5
156.0
156.0
60.0
133.5
430.5
45.0
100.5
210.0
280.5
96.0
255.0
61.5
303.0
472.5
151.5
216.0
159.0
229.5
21.0
415.5
78.0
249.0
328.5
471.0
175.5
427.5
285.0
369.0
469.5
222.0
270.0
306.0
276.0
325.5
210.0
147.0
369.0
31.5
276.0
63.0
396.0
268.5
276.0
369.0
207.0
361.5
105.0
154.5
85.5
103.5
129.0
328.5
289.5
322.5
238.5
174.0
88.5
226.5
79.5
58.5
6.0
321.0
225.0
178.5
46.5
355.5
43.5
336.0
171.0
415.5
271.5
166.5
199.5
133.5
196.5
75.0
225.0
168.0
195.0
144.0
49.5
79.5
157.5
291.0
246.0
135.0
154.5
234.0
126.0
358.5
366.0
330.0
51.0
103.5
127.5
342.0
402.0
226.5
157.5
291.0
405.0
165.0
49.5
76.5
186.0
99.0
312.0
54.0
66.0
286.5
85.5
84.0
328.5
204.0
369.0
187.5
211.5
453.0
339.0
160.5
307.5
127.5
94.5
154.5
147.0
75.0
286.5
127.5
363.0
315.0
271.5
196.5
270.0
184.5
180.0
60.0
132.0
174.0
45.0
288.0
346.5
172.5
252.0
259.5
57.0
132.0
349.5
421.5
271.5
144.0
258.0
205.5
223.5
180.0
271.5
169.5
276.0
366.0
294.0
330.0
24.0
81.0
247.5
91.5
399.0
43.5
24.0
84.0
9.0
210.0
388.5
85.5
15.0
175.5
121.5
229.5
268.5
78.0
310.5
111.0
381.0
114.0
22.5
171.0
331.5
168.0
157.5
82.5
55.5
84.0
249.0
264.0
33.0
244.5
300.0
187.5
51.0
415.5
177.0
117.0
222.0
123.0
106.5
166.5
237.0
213.0
282.0
403.5
231.0
156.0
328.5
246.0
93.0
399.0
397.5
216.0
427.5
439.5
273.0
406.5
121.5
436.5
132.0
402.0
75.0
55.5
175.5
285.0
132.0
67.5
187.5
75.0
358.5
255.0
57.0
144.0
291.0
142.5
280.5
133.5
265.5
148.5
105.0
376.5
231.0
237.0
25.5
42.0
70.5
49.5
223.5
63.0
201.0
58.5
160.5
354.0
207.0
355.5
115.5
82.5
283.5
307.5
103.5
174.0
133.5
156.0
213.0
375.0
325.5
369.0
145.5
135.0
375.0
130.5
115.5
144.0
262.5
397.5
67.5
325.5
276.0
217.5
309.0
82.5
228.0
160.5
72.0
307.5
108.0
397.5
381.0
88.5
225.0
133.5
280.5
223.5
166.5
99.0
192.0
318.0
84.0
357.0
298.5
84.0
163.5
231.0
63.0
375.0
54.0
222.0
385.5
244.5
207.0
202.5
81.0
24.0
151.5
81.0
130.5
45.0
249.0
378.0
414.0
244.5
168.0
39.0
306.0
349.5
141.0
373.5
324.0
70.5
196.5
262.5
318.0
480.0
364.5
384.0
373.5
210.0
57.0
30.0
129.0
106.5
231.0
411.0
64.5
336.0
162.0
334.5
93.0
228.0
310.5
133.5
102.0
148.5
352.5
274.5
169.5
166.5
66.0
97.5
214.5
48.0
114.0
114.0
331.5
361.5
210.0
270.0
262.5
64.5
238.5
102.0
225.0
193.5
118.5
142.5
321.0
322.5
150.0
33.0
214.5
336.0
222.0
115.5
135.0
391.5
363.0
88.5
63.0
106.5
54.0
340.5
298.5
142.5
103.5
253.5
151.5
30.0
211.5
85.5
186.0
54.0
147.0
358.5
292.5
126.0
414.0
414.0
390.0
102.0
390.0
276.0
256.5
220.5
358.5
276.0
177.0
70.5
175.5
124.5
48.0
193.5
226.5
172.5
151.5
180.0
406.5
352.5
204.0
43.5
90.0
369.0
387.0
82.5
126.0
390.0
262.5
253.5
249.0
193.5
330.0
400.5
223.5
39.0
43.5
175.5
195.0
88.5
171.0
478.5
273.0
121.5
21.0
223.5
190.5
163.5
198.0
63.0
78.0
285.0
75.0
306.0
45.0
300.0
108.0
213.0
313.5
99.0
84.0
382.5
321.0
10.5
54.0
310.5
93.0
357.0
72.0
25.5
132.0
285.0
231.0
280.5
153.0
75.0
28.5
445.5
151.5
238.5
361.5
219.0
303.0
88.5
88.5
147.0
57.0
64.5
313.5
318.0
19.5
120.0
150.0
46.5
109.5
433.5
358.5
343.5
76.5
18.0
138.0
111.0
79.5
214.5
246.0
133.5
198.0
198.0
220.5
52.5
190.5
280.5
39.0
243.0
82.5
381.0
348.0
313.5
382.5
51.0
220.5
135.0
373.5
139.5
129.0
313.5
136.5
250.5
168.0
247.5
217.5
144.0
318.0
372.0
276.0
150.0
282.0
298.5
318.0
396.0
54.0
130.5
112.5
357.0
433.5
303.0
415.5
165.0
106.5
405.0
424.5
171.0
360.0
303.0
111.0
88.5
187.5
420.0
168.0
45.0
256.5
321.0
132.0
279.0
432.0
343.5
390.0
99.0
151.5
238.5
150.0
63.0
82.5
298.5
429.0
130.5
55.5
450.0
64.5
139.5
258.0
109.5
255.0
367.5
75.0
108.0
364.5
300.0
327.0
483.0
253.5
93.0
196.5
112.5
253.5
183.0
198.0
423.0
139.5
160.5
220.5
237.0
162.0
73.5
262.5
97.5
397.5
259.5
48.0
102.0
235.5
117.0
379.5
376.5
399.0
231.0
255.0
55.5
129.0
159.0
289.5
406.5
300.0
352.5
349.5
382.5
369.0
261.0
376.5
300.0
24.0
93.0
192.0
252.0
66.0
298.5
241.5
265.5
162.0
76.5
45.0
34.5
177.0
349.5
303.0
324.0
43.5
228.0
376.5
268.5
184.5
106.5
279.0
169.5
259.5
316.5
12.0
228.0
153.0
36.0
229.5
246.0
189.0
357.0
387.0
156.0
198.0
123.0
409.5
42.0
291.0
196.5
46.5
63.0
297.0
352.5
234.0
82.5
345.0
162.0
283.5
133.5
172.5
105.0
366.0
379.5
163.5
250.5
217.5
177.0
201.0
162.0
145.5
189.0
40.5
222.0
169.5
105.0
238.5
273.0
67.5
273.0
297.0
213.0
457.5
214.5
51.0
139.5
45.0
294.0
76.5
336.0
82.5
21.0
255.0
124.5
225.0
120.0
285.0
171.0
100.5
210.0
219.0
147.0
174.0
94.5
150.0
99.0
157.5
189.0
246.0
378.0
133.5
268.5
147.0
355.5
384.0
294.0
135.0
51.0
159.0
151.5
159.0
237.0
274.5
184.5
172.5
52.5
325.5
411.0
235.5
72.0
178.5
304.5
487.5
378.0
447.0
135.0
312.0
346.5
309.0
120.0
156.0
66.0
93.0
115.5
111.0
367.5
361.5
298.5
352.5
111.0
144.0
22.5
135.0
40.5
246.0
373.5
40.5
82.5
55.5
114.0
141.0
168.0
319.5
162.0
291.0
72.0
397.5
111.0
39.0
118.5
138.0
120.0
120.0
211.5
84.0
286.5
46.5
301.5
199.5
169.5
186.0
40.5
75.0
102.0
13.5
120.0
27.0
151.5
315.0
43.5
97.5
213.0
151.5
349.5
48.0
225.0
52.5
126.0
319.5
178.5
291.0
151.5
169.5
222.0
96.0
94.5
132.0
285.0
129.0
289.5
210.0
226.5
274.5
157.5
184.5
189.0
118.5
30.0
111.0
216.0
100.5
166.5
75.0
292.5
97.5
324.0
295.5
226.5
156.0
67.5
57.0
138.0
231.0
244.5
147.0
303.0
313.5
219.0
223.5
138.0
282.0
184.5
115.5
466.5
4.5
69.0
268.5
292.5
238.5
136.5
244.5
354.0
364.5
145.5
27.0
178.5
465.0
403.5
88.5
87.0
208.5
411.0
258.0
153.0
390.0
406.5
28.5
21.0
93.0
315.0
276.0
39.0
247.5
277.5
177.0
175.5
15.0
150.0
289.5
270.0
93.0
385.5
336.0
27.0
271.5
75.0
72.0
27.0
354.0
120.0
153.0
387.0
192.0
376.5
343.5
99.0
171.0
132.0
121.5
169.5
342.0
391.5
178.5
312.0
276.0
412.5
93.0
316.5
124.5
150.0
124.5
118.5
196.5
412.5
171.0
294.0
207.0
345.0
313.5
318.0
55.5
288.0
165.0
117.0
247.5
93.0
121.5
268.5
271.5
120.0
66.0
409.5
414.0
271.5
292.5
265.5
321.0
411.0
339.0
126.0
297.0
129.0
357.0
154.5
397.5
91.5
115.5
91.5
196.5
208.5
139.5
232.5
168.0
25.5
141.0
135.0
76.5
114.0
139.5
109.5
292.5
298.5
93.0
219.0
99.0
469.5
234.0
76.5
90.0
424.5
390.0
207.0
439.5
267.0
229.5
42.0
42.0
391.5
256.5
238.5
192.0
309.0
210.0
76.5
301.5
477.0
321.0
75.0
435.0
295.5
385.5
220.5
159.0
123.0
43.5
181.5
198.0
175.5
192.0
94.5
39.0
177.0
247.5
135.0
202.5
72.0
328.5
339.0
121.5
166.5
153.0
97.5
69.0
142.5
228.0
322.5
246.0
346.5
447.0
247.5
234.0
126.0
421.5
129.0
91.5
69.0
187.5
96.0
306.0
126.0
250.5
415.5
214.5
28.5
75.0
276.0
351.0
400.5
376.5
382.5
297.0
120.0
283.5
49.5
282.0
447.0
316.5
318.0
295.5
172.5
75.0
85.5
286.5
268.5
193.5
255.0
117.0
201.0
174.0
48.0
192.0
303.0
424.5
277.5
33.0
150.0
405.0
409.5
88.5
354.0
355.5
240.0
240.0
115.5
169.5
171.0
307.5
327.0
54.0
286.5
268.5
36.0
270.0
262.5
378.0
238.5
51.0
133.5
265.5
201.0
106.5
156.0
135.0
276.0
79.5
9.0
52.5
367.5
135.0
234.0
81.0
193.5
318.0
297.0
117.0
90.0
181.5
295.5
430.5
133.5
243.0
214.5
310.5
141.0
198.0
399.0
406.5
118.5
300.0
457.5
132.0
327.0
349.5
258.0
153.0
310.5
16.5
30.0
252.0
364.5
207.0
42.0
108.0
96.0
478.5
291.0
163.5
205.5
411.0
151.5
186.0
102.0
192.0
196.5
372.0
336.0
160.5
109.5
7.5
144.0
100.5
103.5
27.0
258.0
82.5
397.5
112.5
106.5
408.0
408.0
265.5
390.0
102.0
123.0
280.5
372.0
189.0
96.0
84.0
381.0
81.0
103.5
430.5
336.0
169.5
138.0
169.5
51.0
250.5
102.0
189.0
115.5
304.5
331.5
198.0
186.0
105.0
63.0
408.0
48.0
222.0
109.5
192.0
138.0
264.0
316.5
258.0
349.5
88.5
289.5
237.0
367.5
60.0
9.0
315.0
160.5
130.5
75.0
