216.0
228.0
267.0
163.5
409.5
139.5
193.5
256.5
169.5
249.0
91.5
70.5
87.0
339.0
216.0
121.5
103.5
442.5
214.5
141.0
363.0
325.5
400.5
181.5
81.0
135.0
145.5
31.5
64.5
361.5
219.0
247.5
184.5
81.0
129.0
337.5
433.5
448.5
70.5
105.0
162.0
201.0
336.0
36.0
307.5
421.5
229.5
339.0
88.5
127.5
160.5
324.0
142.5
90.0
376.5
129.0
252.0
376.5
115.5
349.5
306.0
94.5
126.0
79.5
450.0
366.0
325.5
66.0
210.0
60.0
354.0
255.0
480.0
43.5
468.0
307.5
91.5
391.5
288.0
220.5
187.5
453.0
363.0
459.0
490.5
366.0
124.5
247.5
268.5
126.0
108.0
250.5
267.0
280.5
36.0
72.0
52.5
294.0
114.0
153.0
307.5
78.0
241.5
228.0
370.5
354.0
97.5
336.0
192.0
289.5
130.5
403.5
345.0
121.5
114.0
94.5
165.0
246.0
82.5
378.0
454.5
33.0
67.5
471.0
361.5
276.0
417.0
303.0
76.5
117.0
181.5
139.5
108.0
82.5
334.5
10.5
265.5
336.0
256.5
108.0
166.5
151.5
141.0
327.0
196.5
108.0
387.0
355.5
459.0
126.0
484.5
261.0
180.0
135.0
339.0
195.0
265.5
409.5
357.0
378.0
249.0
411.0
42.0
379.5
456.0
418.5
255.0
37.5
130.5
67.5
258.0
82.5
79.5
39.0
471.0
151.5
132.0
78.0
228.0
168.0
39.0
234.0
235.5
249.0
225.0
336.0
376.5
388.5
304.5
103.5
339.0
258.0
375.0
160.5
246.0
352.5
135.0
220.5
57.0
274.5
118.5
187.5
78.0
139.5
397.5
172.5
91.5
289.5
87.0
276.0
136.5
270.0
354.0
313.5
123.0
366.0
250.5
319.5
457.5
118.5
405.0
82.5
198.0
261.0
201.0
268.5
289.5
141.0
148.5
136.5
351.0
423.0
73.5
235.5
87.0
334.5
384.0
343.5
97.5
300.0
109.5
286.5
132.0
403.5
97.5
402.0
217.5
324.0
409.5
312.0
408.0
213.0
195.0
70.5
240.0
351.0
462.0
345.0
306.0
273.0
175.5
88.5
195.0
78.0
48.0
274.5
180.0
303.0
174.0
249.0
318.0
381.0
175.5
381.0
117.0
136.5
244.5
390.0
130.5
279.0
309.0
187.5
201.0
42.0
151.5
336.0
282.0
343.5
364.5
147.0
67.5
355.5
153.0
145.5
252.0
177.0
244.5
253.5
171.0
429.0
403.5
322.5
94.5
451.5
313.5
112.5
333.0
154.5
277.5
61.5
258.0
136.5
94.5
42.0
388.5
195.0
436.5
72.0
96.0
108.0
409.5
208.5
373.5
288.0
133.5
258.0
235.5
408.0
133.5
351.0
315.0
43.5
333.0
249.0
94.5
265.5
247.5
201.0
52.5
433.5
124.5
300.0
156.0
366.0
319.5
93.0
105.0
223.5
69.0
342.0
399.0
109.5
265.5
240.0
277.5
228.0
313.5
45.0
114.0
388.5
352.5
288.0
352.5
319.5
228.0
253.5
213.0
291.0
319.5
271.5
232.5
96.0
393.0
445.5
375.0
355.5
184.5
430.5
336.0
111.0
384.0
262.5
177.0
67.5
246.0
208.5
84.0
9.0
64.5
175.5
259.5
267.0
105.0
51.0
76.5
361.5
111.0
478.5
103.5
259.5
135.0
240.0
85.5
297.0
196.5
262.5
259.5
324.0
52.5
87.0
165.0
351.0
142.5
213.0
163.5
172.5
28.5
183.0
354.0
48.0
210.0
109.5
244.5
333.0
150.0
337.5
90.0
91.5
46.5
274.5
264.0
364.5
106.5
282.0
268.5
45.0
303.0
132.0
291.0
330.0
277.5
244.5
126.0
175.5
426.0
396.0
433.5
75.0
223.5
112.5
285.0
243.0
141.0
268.5
439.5
304.5
318.0
397.5
361.5
415.5
1.5
72.0
157.5
195.0
261.0
75.0
135.0
105.0
138.0
91.5
88.5
319.5
270.0
318.0
61.5
160.5
352.5
235.5
313.5
99.0
67.5
21.0
165.0
210.0
250.5
333.0
58.5
315.0
219.0
84.0
223.5
178.5
282.0
129.0
99.0
303.0
294.0
228.0
174.0
207.0
348.0
265.5
450.0
63.0
70.5
100.5
42.0
139.5
148.5
115.5
160.5
186.0
64.5
117.0
175.5
75.0
387.0
165.0
198.0
30.0
243.0
88.5
366.0
205.5
22.5
256.5
57.0
67.5
255.0
43.5
196.5
105.0
390.0
318.0
253.5
91.5
75.0
124.5
148.5
441.0
424.5
379.5
109.5
106.5
57.0
174.0
376.5
435.0
127.5
426.0
166.5
442.5
373.5
169.5
238.5
465.0
151.5
180.0
375.0
168.0
190.5
171.0
154.5
183.0
232.5
286.5
426.0
337.5
331.5
297.0
63.0
91.5
166.5
301.5
436.5
471.0
487.5
357.0
103.5
94.5
196.5
186.0
357.0
267.0
181.5
208.5
352.5
249.0
343.5
24.0
300.0
268.5
306.0
300.0
159.0
130.5
285.0
87.0
310.5
316.5
411.0
454.5
375.0
240.0
418.5
123.0
241.5
133.5
136.5
88.5
295.5
396.0
154.5
76.5
309.0
424.5
105.0
262.5
201.0
36.0
54.0
280.5
147.0
255.0
328.5
57.0
390.0
417.0
52.5
310.5
393.0
67.5
414.0
91.5
180.0
126.0
258.0
138.0
198.0
160.5
76.5
201.0
222.0
144.0
181.5
285.0
328.5
327.0
409.5
336.0
97.5
99.0
144.0
217.5
283.5
100.5
87.0
102.0
282.0
114.0
361.5
165.0
346.5
153.0
9.0
70.5
415.5
100.5
292.5
15.0
73.5
181.5
247.5
171.0
355.5
400.5
24.0
180.0
159.0
70.5
247.5
304.5
324.0
28.5
361.5
258.0
297.0
271.5
238.5
328.5
280.5
309.0
211.5
82.5
279.0
333.0
342.0
424.5
277.5
307.5
373.5
99.0
96.0
372.0
355.5
13.5
465.0
327.0
301.5
315.0
222.0
327.0
279.0
156.0
120.0
37.5
217.5
355.5
270.0
79.5
315.0
303.0
315.0
102.0
91.5
333.0
286.5
454.5
339.0
273.0
228.0
408.0
88.5
120.0
141.0
141.0
108.0
253.5
130.5
111.0
205.5
226.5
256.5
415.5
60.0
123.0
121.5
199.5
234.0
123.0
85.5
375.0
154.5
441.0
306.0
153.0
267.0
111.0
135.0
390.0
225.0
474.0
109.5
399.0
100.5
91.5
61.5
330.0
121.5
303.0
99.0
184.5
385.5
243.0
172.5
79.5
138.0
111.0
223.5
129.0
120.0
259.5
99.0
283.5
159.0
289.5
219.0
121.5
217.5
163.5
63.0
340.5
157.5
76.5
336.0
223.5
217.5
330.0
186.0
273.0
447.0
129.0
235.5
346.5
153.0
99.0
201.0
133.5
46.5
115.5
157.5
246.0
193.5
129.0
184.5
214.5
169.5
187.5
358.5
93.0
226.5
132.0
325.5
456.0
343.5
276.0
285.0
388.5
295.5
175.5
387.0
300.0
346.5
441.0
475.5
229.5
486.0
133.5
120.0
178.5
391.5
219.0
294.0
126.0
420.0
57.0
109.5
124.5
219.0
142.5
72.0
96.0
132.0
318.0
57.0
403.5
453.0
201.0
57.0
78.0
370.5
292.5
229.5
229.5
99.0
379.5
111.0
78.0
133.5
247.5
117.0
429.0
276.0
301.5
334.5
339.0
363.0
382.5
211.5
409.5
208.5
150.0
322.5
289.5
132.0
160.5
153.0
126.0
406.5
271.5
226.5
391.5
102.0
406.5
457.5
160.5
283.5
373.5
168.0
442.5
31.5
175.5
175.5
226.5
241.5
357.0
291.0
336.0
237.0
73.5
13.5
78.0
273.0
43.5
67.5
198.0
333.0
346.5
60.0
210.0
171.0
405.0
193.5
291.0
88.5
57.0
310.5
399.0
355.5
378.0
241.5
153.0
19.5
96.0
246.0
322.5
223.5
72.0
175.5
256.5
274.5
294.0
181.5
433.5
174.0
304.5
133.5
312.0
135.0
411.0
316.5
109.5
138.0
138.0
351.0
84.0
201.0
298.5
453.0
127.5
91.5
252.0
267.0
136.5
399.0
217.5
258.0
106.5
298.5
342.0
276.0
94.5
303.0
438.0
147.0
124.5
336.0
342.0
244.5
387.0
84.0
327.0
262.5
286.5
106.5
343.5
87.0
163.5
333.0
279.0
120.0
355.5
136.5
91.5
430.5
274.5
72.0
294.0
40.5
448.5
355.5
30.0
415.5
247.5
96.0
153.0
190.5
384.0
159.0
234.0
271.5
82.5
243.0
279.0
273.0
112.5
115.5
366.0
48.0
187.5
396.0
372.0
156.0
202.5
366.0
171.0
376.5
121.5
280.5
246.0
190.5
84.0
280.5
174.0
256.5
177.0
88.5
337.5
387.0
232.5
109.5
202.5
408.0
133.5
220.5
133.5
118.5
376.5
174.0
304.5
43.5
93.0
505.5
333.0
306.0
363.0
246.0
408.0
459.0
9.0
207.0
385.5
334.5
378.0
228.0
190.5
108.0
426.0
142.5
141.0
409.5
229.5
154.5
399.0
333.0
49.5
67.5
196.5
414.0
87.0
165.0
306.0
202.5
229.5
330.0
238.5
204.0
373.5
216.0
138.0
133.5
424.5
280.5
375.0
274.5
60.0
412.5
162.0
193.5
277.5
280.5
102.0
145.5
78.0
231.0
72.0
148.5
139.5
193.5
343.5
76.5
205.5
27.0
96.0
351.0
379.5
13.5
148.5
385.5
312.0
258.0
192.0
393.0
483.0
358.5
343.5
135.0
118.5
178.5
306.0
199.5
22.5
300.0
64.5
72.0
390.0
307.5
360.0
286.5
402.0
313.5
265.5
162.0
373.5
276.0
199.5
67.5
106.5
307.5
210.0
147.0
438.0
336.0
252.0
228.0
258.0
274.5
406.5
340.5
231.0
298.5
321.0
345.0
367.5
316.5
289.5
135.0
157.5
451.5
99.0
310.5
114.0
369.0
346.5
318.0
310.5
334.5
342.0
166.5
306.0
67.5
37.5
16.5
315.0
202.5
235.5
420.0
66.0
102.0
225.0
364.5
424.5
295.5
112.5
174.0
163.5
306.0
105.0
114.0
28.5
321.0
334.5
181.5
456.0
216.0
300.0
402.0
219.0
376.5
244.5
298.5
76.5
202.5
252.0
283.5
96.0
372.0
216.0
388.5
145.5
331.5
316.5
180.0
397.5
145.5
274.5
112.5
303.0
444.0
438.0
288.0
250.5
150.0
160.5
357.0
64.5
133.5
397.5
55.5
273.0
345.0
108.0
171.0
345.0
274.5
237.0
72.0
168.0
382.5
129.0
114.0
369.0
139.5
79.5
112.5
106.5
390.0
183.0
361.5
273.0
379.5
55.5
204.0
117.0
340.5
457.5
226.5
97.5
382.5
219.0
136.5
81.0
310.5
264.0
300.0
136.5
78.0
448.5
265.5
334.5
48.0
147.0
139.5
202.5
168.0
316.5
340.5
325.5
87.0
225.0
165.0
342.0
204.0
423.0
54.0
147.0
352.5
426.0
373.5
145.5
175.5
159.0
106.5
229.5
111.0
280.5
78.0
249.0
246.0
324.0
246.0
118.5
112.5
87.0
357.0
105.0
360.0
187.5
391.5
69.0
87.0
115.5
279.0
76.5
129.0
111.0
288.0
378.0
381.0
387.0
49.5
306.0
322.5
360.0
342.0
324.0
172.5
151.5
39.0
187.5
81.0
187.5
111.0
76.5
93.0
364.5
231.0
127.5
265.5
301.5
225.0
300.0
372.0
294.0
42.0
229.5
217.5
475.5
325.5
165.0
292.5
183.0
448.5
280.5
370.5
274.5
372.0
325.5
43.5
177.0
222.0
141.0
235.5
357.0
112.5
135.0
106.5
139.5
346.5
234.0
78.0
223.5
207.0
199.5
157.5
181.5
67.5
364.5
234.0
390.0
163.5
400.5
237.0
247.5
96.0
216.0
450.0
198.0
294.0
381.0
108.0
166.5
195.0
90.0
310.5
397.5
70.5
387.0
369.0
27.0
300.0
169.5
352.5
430.5
67.5
151.5
283.5
285.0
124.5
231.0
277.5
360.0
210.0
433.5
274.5
271.5
334.5
84.0
61.5
165.0
141.0
288.0
394.5
106.5
84.0
27.0
195.0
90.0
385.5
24.0
381.0
285.0
76.5
207.0
259.5
97.5
138.0
96.0
190.5
330.0
324.0
193.5
136.5
136.5
178.5
427.5
487.5
325.5
289.5
261.0
255.0
189.0
408.0
342.0
147.0
291.0
322.5
298.5
457.5
153.0
46.5
123.0
243.0
411.0
234.0
136.5
250.5
187.5
277.5
399.0
267.0
417.0
418.5
157.5
310.5
30.0
100.5
306.0
271.5
315.0
103.5
453.0
274.5
73.5
375.0
445.5
144.0
442.5
153.0
88.5
295.5
430.5
21.0
94.5
129.0
346.5
28.5
63.0
180.0
280.5
91.5
426.0
334.5
192.0
450.0
402.0
400.5
153.0
148.5
247.5
46.5
154.5
249.0
277.5
304.5
369.0
72.0
219.0
459.0
201.0
232.5
355.5
393.0
204.0
198.0
78.0
243.0
448.5
319.5
268.5
171.0
405.0
253.5
274.5
303.0
276.0
64.5
175.5
316.5
163.5
30.0
184.5
84.0
282.0
292.5
217.5
373.5
150.0
279.0
243.0
282.0
265.5
412.5
151.5
337.5
294.0
54.0
319.5
361.5
306.0
28.5
372.0
43.5
271.5
99.0
84.0
178.5
238.5
121.5
412.5
342.0
292.5
253.5
114.0
348.0
265.5
235.5
76.5
331.5
382.5
117.0
330.0
289.5
222.0
358.5
222.0
150.0
279.0
192.0
318.0
265.5
172.5
286.5
267.0
207.0
459.0
135.0
91.5
408.0
423.0
112.5
255.0
420.0
183.0
109.5
118.5
259.5
255.0
363.0
396.0
168.0
409.5
297.0
238.5
201.0
196.5
166.5
82.5
268.5
246.0
126.0
61.5
81.0
241.5
78.0
171.0
214.5
372.0
375.0
337.5
178.5
114.0
181.5
265.5
75.0
96.0
432.0
363.0
420.0
216.0
316.5
235.5
88.5
72.0
310.5
421.5
325.5
133.5
40.5
360.0
369.0
391.5
93.0
154.5
295.5
399.0
334.5
91.5
378.0
73.5
319.5
223.5
405.0
270.0
201.0
256.5
381.0
322.5
211.5
198.0
241.5
81.0
246.0
150.0
166.5
66.0
279.0
247.5
160.5
30.0
429.0
85.5
100.5
66.0
312.0
229.5
244.5
277.5
100.5
352.5
322.5
75.0
100.5
313.5
384.0
81.0
97.5
106.5
100.5
79.5
154.5
186.0
277.5
91.5
141.0
130.5
64.5
258.0
298.5
69.0
298.5
160.5
127.5
198.0
286.5
382.5
238.5
316.5
399.0
256.5
93.0
160.5
141.0
274.5
223.5
73.5
4.5
312.0
459.0
231.0
255.0
154.5
361.5
193.5
421.5
132.0
474.0
234.0
19.5
150.0
433.5
391.5
270.0
57.0
271.5
157.5
189.0
169.5
127.5
330.0
114.0
174.0
78.0
162.0
198.0
163.5
292.5
24.0
183.0
372.0
114.0
94.5
195.0
268.5
12.0
379.5
279.0
40.5
84.0
172.5
100.5
147.0
436.5
384.0
366.0
196.5
216.0
363.0
199.5
190.5
172.5
175.5
157.5
148.5
99.0
295.5
132.0
174.0
324.0
289.5
208.5
294.0
216.0
427.5
183.0
198.0
156.0
84.0
216.0
142.5
165.0
3.0
121.5
235.5
271.5
82.5
241.5
9.0
324.0
187.5
343.5
100.5
171.0
345.0
97.5
73.5
306.0
379.5
295.5
274.5
409.5
34.5
115.5
376.5
69.0
121.5
148.5
301.5
69.0
186.0
193.5
88.5
55.5
316.5
219.0
163.5
393.0
238.5
471.0
256.5
36.0
172.5
127.5
336.0
156.0
255.0
148.5
363.0
388.5
213.0
232.5
400.5
381.0
216.0
126.0
211.5
34.5
63.0
160.5
294.0
111.0
334.5
94.5
135.0
273.0
202.5
346.5
385.5
348.0
357.0
61.5
211.5
256.5
253.5
291.0
279.0
283.5
436.5
211.5
118.5
292.5
307.5
334.5
388.5
171.0
7.5
225.0
148.5
160.5
253.5
58.5
184.5
126.0
297.0
67.5
138.0
36.0
238.5
181.5
330.0
175.5
354.0
67.5
94.5
453.0
337.5
435.0
139.5
457.5
396.0
100.5
207.0
184.5
246.0
129.0
381.0
304.5
184.5
121.5
213.0
139.5
388.5
82.5
391.5
394.5
76.5
207.0
423.0
135.0
138.0
88.5
183.0
154.5
373.5
144.0
430.5
246.0
361.5
321.0
298.5
391.5
418.5
223.5
124.5
399.0
340.5
94.5
97.5
259.5
391.5
241.5
309.0
195.0
112.5
144.0
433.5
157.5
199.5
57.0
126.0
235.5
420.0
361.5
354.0
388.5
141.0
210.0
310.5
189.0
81.0
205.5
100.5
199.5
246.0
105.0
166.5
97.5
339.0
297.0
129.0
376.5
138.0
304.5
324.0
294.0
244.5
148.5
190.5
283.5
334.5
454.5
258.0
84.0
271.5
124.5
250.5
228.0
253.5
279.0
169.5
372.0
244.5
321.0
168.0
144.0
321.0
291.0
381.0
57.0
399.0
378.0
244.5
105.0
303.0
262.5
150.0
475.5
300.0
210.0
319.5
390.0
159.0
171.0
37.5
373.5
211.5
354.0
169.5
229.5
39.0
157.5
54.0
46.5
297.0
64.5
66.0
256.5
105.0
223.5
240.0
462.0
69.0
409.5
403.5
88.5
91.5
139.5
60.0
180.0
280.5
322.5
58.5
265.5
73.5
159.0
220.5
63.0
16.5
192.0
285.0
322.5
333.0
424.5
147.0
70.5
343.5
349.5
400.5
240.0
130.5
433.5
181.5
240.0
223.5
400.5
447.0
210.0
183.0
33.0
295.5
118.5
301.5
87.0
280.5
316.5
400.5
120.0
58.5
99.0
166.5
343.5
319.5
394.5
183.0
153.0
175.5
141.0
34.5
343.5
252.0
238.5
214.5
366.0
436.5
51.0
79.5
180.0
63.0
180.0
454.5
412.5
435.0
48.0
325.5
216.0
169.5
346.5
436.5
178.5
453.0
238.5
307.5
52.5
393.0
402.0
378.0
52.5
322.5
150.0
195.0
321.0
73.5
277.5
294.0
96.0
178.5
109.5
424.5
205.5
267.0
84.0
112.5
313.5
325.5
166.5
259.5
34.5
138.0
76.5
265.5
418.5
286.5
133.5
328.5
318.0
132.0
133.5
330.0
291.0
309.0
36.0
22.5
420.0
55.5
216.0
225.0
174.0
345.0
363.0
124.5
78.0
268.5
109.5
240.0
174.0
165.0
54.0
414.0
408.0
199.5
367.5
183.0
486.0
120.0
445.5
28.5
169.5
180.0
331.5
205.5
90.0
441.0
430.5
228.0
45.0
205.5
84.0
217.5
273.0
454.5
84.0
279.0
69.0
418.5
112.5
253.5
292.5
400.5
55.5
361.5
132.0
384.0
448.5
141.0
315.0
228.0
108.0
75.0
373.5
106.5
94.5
73.5
207.0
193.5
351.0
330.0
154.5
496.5
28.5
360.0
375.0
355.5
69.0
250.5
168.0
304.5
90.0
397.5
145.5
397.5
390.0
252.0
309.0
60.0
268.5
253.5
403.5
207.0
55.5
79.5
241.5
145.5
139.5
39.0
321.0
64.5
82.5
432.0
358.5
342.0
169.5
97.5
121.5
220.5
285.0
178.5
345.0
93.0
357.0
358.5
172.5
250.5
297.0
220.5
351.0
358.5
96.0
432.0
277.5
352.5
324.0
73.5
127.5
226.5
207.0
88.5
186.0
321.0
378.0
441.0
78.0
175.5
360.0
91.5
195.0
250.5
84.0
309.0
408.0
180.0
67.5
102.0
72.0
270.0
183.0
190.5
181.5
142.5
163.5
141.0
387.0
42.0
408.0
300.0
327.0
210.0
46.5
372.0
310.5
36.0
180.0
291.0
465.0
376.5
78.0
223.5
202.5
123.0
204.0
274.5
318.0
391.5
52.5
115.5
84.0
268.5
117.0
304.5
84.0
124.5
129.0
319.5
225.0
217.5
204.0
262.5
255.0
382.5
210.0
342.0
292.5
57.0
228.0
354.0
406.5
103.5
121.5
321.0
169.5
367.5
48.0
409.5
306.0
217.5
196.5
403.5
67.5
193.5
61.5
405.0
384.0
220.5
232.5
193.5
139.5
267.0
141.0
312.0
226.5
280.5
354.0
295.5
190.5
160.5
61.5
420.0
358.5
78.0
121.5
145.5
132.0
318.0
349.5
405.0
244.5
273.0
370.5
81.0
270.0
352.5
126.0
75.0
69.0
196.5
129.0
159.0
199.5
364.5
235.5
124.5
465.0
376.5
18.0
286.5
15.0
114.0
154.5
211.5
370.5
463.5
396.0
217.5
366.0
261.0
259.5
268.5
144.0
346.5
270.0
42.0
183.0
76.5
322.5
247.5
285.0
250.5
21.0
426.0
48.0
49.5
129.0
78.0
217.5
189.0
273.0
271.5
342.0
306.0
396.0
295.5
150.0
276.0
262.5
175.5
166.5
303.0
225.0
262.5
202.5
46.5
120.0
94.5
45.0
189.0
469.5
348.0
97.5
355.5
373.5
93.0
174.0
490.5
300.0
78.0
75.0
157.5
340.5
88.5
406.5
115.5
157.5
262.5
231.0
270.0
453.0
439.5
72.0
436.5
160.5
172.5
90.0
279.0
106.5
237.0
223.5
318.0
298.5
381.0
219.0
370.5
103.5
373.5
321.0
456.0
36.0
120.0
249.0
36.0
234.0
199.5
376.5
79.5
198.0
73.5
267.0
225.0
406.5
79.5
345.0
319.5
37.5
76.5
264.0
64.5
282.0
58.5
321.0
40.5
357.0
199.5
399.0
280.5
22.5
385.5
64.5
459.0
289.5
355.5
390.0
247.5
121.5
301.5
243.0
130.5
99.0
340.5
208.5
220.5
315.0
327.0
177.0
264.0
345.0
309.0
178.5
363.0
109.5
166.5
91.5
120.0
283.5
343.5
103.5
451.5
105.0
394.5
48.0
60.0
174.0
159.0
82.5
249.0
285.0
174.0
319.5
159.0
208.5
103.5
214.5
168.0
138.0
267.0
378.0
412.5
316.5
339.0
267.0
82.5
70.5
276.0
172.5
180.0
204.0
73.5
339.0
244.5
157.5
223.5
175.5
235.5
336.0
121.5
117.0
231.0
235.5
169.5
387.0
303.0
61.5
303.0
102.0
34.5
150.0
469.5
288.0
259.5
49.5
240.0
429.0
441.0
397.5
141.0
259.5
193.5
354.0
321.0
256.5
304.5
231.0
336.0
238.5
280.5
222.0
103.5
171.0
96.0
157.5
342.0
264.0
448.5
463.5
81.0
180.0
352.5
156.0
97.5
297.0
334.5
243.0
85.5
271.5
66.0
306.0
381.0
156.0
393.0
99.0
433.5
150.0
303.0
214.5
247.5
222.0
357.0
105.0
225.0
291.0
142.5
114.0
420.0
130.5
246.0
100.5
57.0
292.5
232.5
175.5
255.0
438.0
429.0
429.0
150.0
87.0
270.0
441.0
249.0
277.5
78.0
183.0
229.5
66.0
217.5
52.5
201.0
144.0
313.5
214.5
364.5
297.0
114.0
244.5
40.5
172.5
195.0
265.5
313.5
423.0
361.5
345.0
201.0
84.0
60.0
438.0
298.5
244.5
75.0
396.0
120.0
216.0
355.5
405.0
115.5
61.5
49.5
207.0
286.5
46.5
142.5
139.5
163.5
52.5
291.0
235.5
291.0
105.0
118.5
412.5
100.5
39.0
285.0
379.5
319.5
91.5
273.0
57.0
174.0
250.5
148.5
64.5
73.5
279.0
313.5
447.0
178.5
289.5
357.0
216.0
108.0
175.5
339.0
268.5
217.5
438.0
205.5
141.0
262.5
232.5
285.0
343.5
430.5
415.5
279.0
385.5
369.0
160.5
196.5
169.5
190.5
135.0
385.5
187.5
204.0
403.5
357.0
274.5
94.5
178.5
121.5
270.0
363.0
157.5
349.5
280.5
367.5
130.5
210.0
66.0
117.0
225.0
147.0
451.5
165.0
123.0
402.0
292.5
235.5
43.5
94.5
178.5
138.0
288.0
339.0
141.0
420.0
129.0
129.0
342.0
309.0
112.5
84.0
322.5
30.0
225.0
64.5
288.0
171.0
102.0
190.5
220.5
132.0
334.5
255.0
88.5
226.5
183.0
397.5
442.5
423.0
76.5
73.5
61.5
208.5
273.0
36.0
381.0
145.5
175.5
139.5
258.0
163.5
426.0
81.0
276.0
220.5
330.0
163.5
75.0
459.0
252.0
199.5
196.5
177.0
241.5
322.5
162.0
307.5
448.5
418.5
246.0
111.0
223.5
220.5
175.5
82.5
238.5
171.0
432.0
315.0
349.5
276.0
235.5
324.0
105.0
327.0
190.5
349.5
388.5
43.5
324.0
237.0
133.5
211.5
361.5
274.5
72.0
46.5
64.5
240.0
265.5
226.5
220.5
304.5
51.0
24.0
330.0
327.0
406.5
267.0
444.0
244.5
148.5
418.5
354.0
376.5
136.5
112.5
208.5
348.0
204.0
156.0
115.5
111.0
63.0
127.5
355.5
394.5
61.5
405.0
448.5
210.0
94.5
121.5
313.5
54.0
448.5
322.5
36.0
190.5
231.0
262.5
66.0
166.5
169.5
468.0
262.5
84.0
303.0
22.5
340.5
276.0
291.0
130.5
307.5
105.0
126.0
390.0
361.5
64.5
174.0
84.0
178.5
96.0
376.5
370.5
366.0
432.0
268.5
502.5
40.5
357.0
313.5
70.5
282.0
378.0
163.5
399.0
261.0
256.5
379.5
196.5
234.0
282.0
51.0
171.0
67.5
348.0
348.0
292.5
312.0
121.5
339.0
129.0
259.5
361.5
457.5
117.0
300.0
286.5
291.0
124.5
211.5
402.0
49.5
387.0
322.5
265.5
462.0
268.5
250.5
157.5
390.0
165.0
316.5
76.5
142.5
376.5
123.0
30.0
181.5
348.0
51.0
64.5
43.5
303.0
159.0
280.5
45.0
75.0
177.0
67.5
99.0
184.5
111.0
442.5
226.5
195.0
373.5
174.0
244.5
153.0
339.0
168.0
279.0
442.5
411.0
28.5
114.0
255.0
361.5
162.0
78.0
186.0
84.0
148.5
195.0
289.5
250.5
30.0
321.0
103.5
234.0
97.5
340.5
91.5
46.5
235.5
121.5
252.0
67.5
115.5
162.0
204.0
337.5
141.0
295.5
385.5
127.5
222.0
210.0
175.5
288.0
99.0
426.0
228.0
439.5
463.5
132.0
250.5
412.5
306.0
358.5
369.0
132.0
205.5
130.5
306.0
124.5
202.5
12.0
88.5
60.0
58.5
489.0
258.0
264.0
280.5
159.0
58.5
408.0
295.5
174.0
378.0
223.5
292.5
252.0
148.5
318.0
274.5
193.5
310.5
114.0
310.5
387.0
405.0
283.5
204.0
268.5
220.5
243.0
418.5
357.0
202.5
222.0
238.5
166.5
120.0
460.5
189.0
97.5
234.0
223.5
202.5
306.0
228.0
51.0
199.5
457.5
270.0
60.0
37.5
57.0
394.5
76.5
105.0
465.0
322.5
33.0
288.0
51.0
94.5
127.5
342.0
64.5
417.0
115.5
103.5
100.5
159.0
277.5
366.0
57.0
102.0
235.5
280.5
373.5
391.5
246.0
448.5
439.5
321.0
220.5
396.0
132.0
174.0
193.5
138.0
223.5
112.5
228.0
69.0
388.5
333.0
75.0
411.0
142.5
198.0
339.0
207.0
270.0
249.0
313.5
304.5
223.5
261.0
246.0
99.0
85.5
451.5
175.5
313.5
372.0
376.5
136.5
322.5
283.5
328.5
157.5
187.5
304.5
351.0
372.0
321.0
160.5
468.0
418.5
36.0
72.0
288.0
271.5
97.5
409.5
231.0
175.5
307.5
154.5
205.5
271.5
126.0
34.5
60.0
255.0
351.0
96.0
279.0
114.0
135.0
196.5
58.5
415.5
147.0
165.0
163.5
336.0
175.5
55.5
178.5
162.0
156.0
292.5
147.0
472.5
337.5
187.5
244.5
126.0
433.5
435.0
321.0
165.0
78.0
118.5
319.5
13.5
307.5
189.0
333.0
225.0
99.0
91.5
375.0
235.5
120.0
451.5
91.5
229.5
216.0
393.0
114.0
186.0
271.5
154.5
30.0
202.5
394.5
438.0
394.5
247.5
391.5
204.0
36.0
411.0
117.0
190.5
57.0
247.5
268.5
408.0
228.0
420.0
369.0
184.5
45.0
241.5
157.5
264.0
226.5
186.0
45.0
222.0
387.0
273.0
127.5
274.5
133.5
363.0
291.0
297.0
159.0
402.0
304.5
193.5
310.5
133.5
226.5
325.5
270.0
415.5
418.5
454.5
195.0
300.0
192.0
228.0
333.0
462.0
151.5
228.0
211.5
394.5
216.0
88.5
295.5
123.0
186.0
88.5
241.5
385.5
60.0
168.0
121.5
189.0
162.0
195.0
103.5
25.5
312.0
309.0
195.0
109.5
129.0
313.5
106.5
142.5
184.5
298.5
168.0
336.0
403.5
325.5
352.5
102.0
457.5
318.0
63.0
108.0
100.5
349.5
429.0
223.5
355.5
90.0
114.0
87.0
150.0
228.0
217.5
483.0
366.0
241.5
453.0
451.5
379.5
202.5
138.0
333.0
198.0
112.5
322.5
375.0
298.5
63.0
327.0
166.5
198.0
253.5
265.5
322.5
45.0
351.0
213.0
10.5
384.0
489.0
261.0
16.5
247.5
255.0
184.5
157.5
421.5
150.0
244.5
190.5
429.0
51.0
219.0
147.0
456.0
457.5
129.0
76.5
357.0
252.0
93.0
390.0
333.0
144.0
309.0
184.5
292.5
204.0
216.0
342.0
274.5
280.5
487.5
55.5
84.0
213.0
88.5
141.0
451.5
196.5
189.0
280.5
87.0
403.5
300.0
114.0
52.5
343.5
303.0
177.0
153.0
58.5
187.5
36.0
25.5
318.0
201.0
121.5
84.0
84.0
234.0
295.5
249.0
210.0
384.0
232.5
406.5
276.0
63.0
6.0
187.5
351.0
178.5
117.0
252.0
427.5
147.0
102.0
375.0
253.5
346.5
414.0
7.5
232.5
163.5
135.0
295.5
109.5
195.0
204.0
330.0
258.0
291.0
297.0
198.0
120.0
69.0
115.5
141.0
115.5
343.5
219.0
319.5
103.5
364.5
403.5
363.0
123.0
57.0
312.0
313.5
268.5
114.0
217.5
249.0
315.0
276.0
256.5
111.0
334.5
90.0
84.0
157.5
121.5
192.0
382.5
478.5
379.5
274.5
361.5
235.5
39.0
433.5
136.5
7.5
67.5
196.5
109.5
90.0
90.0
183.0
87.0
153.0
348.0
441.0
183.0
409.5
70.5
234.0
84.0
292.5
414.0
180.0
265.5
417.0
162.0
165.0
202.5
133.5
52.5
198.0
235.5
16.5
436.5
159.0
285.0
402.0
324.0
33.0
105.0
112.5
282.0
265.5
171.0
222.0
240.0
192.0
156.0
451.5
151.5
153.0
139.5
141.0
274.5
85.5
157.5
147.0
394.5
297.0
199.5
123.0
352.5
223.5
247.5
94.5
109.5
318.0
178.5
199.5
118.5
201.0
261.0
139.5
100.5
109.5
295.5
169.5
228.0
99.0
81.0
297.0
286.5
43.5
184.5
208.5
307.5
93.0
435.0
118.5
379.5
72.0
483.0
433.5
34.5
411.0
334.5
60.0
117.0
121.5
417.0
244.5
45.0
132.0
48.0
112.5
306.0
352.5
379.5
346.5
405.0
223.5
85.5
249.0
169.5
205.5
135.0
126.0
253.5
228.0
49.5
172.5
210.0
193.5
213.0
231.0
256.5
60.0
153.0
73.5
357.0
177.0
103.5
234.0
75.0
180.0
121.5
45.0
237.0
313.5
159.0
207.0
114.0
385.5
316.5
151.5
288.0
102.0
459.0
204.0
33.0
369.0
228.0
135.0
439.5
150.0
376.5
73.5
78.0
63.0
271.5
205.5
268.5
283.5
340.5
351.0
103.5
387.0
76.5
154.5
211.5
400.5
217.5
424.5
349.5
174.0
216.0
298.5
364.5
417.0
117.0
124.5
75.0
108.0
277.5
271.5
228.0
477.0
93.0
67.5
178.5
97.5
390.0
130.5
147.0
303.0
55.5
396.0
148.5
331.5
151.5
70.5
201.0
286.5
262.5
144.0
204.0
52.5
145.5
43.5
319.5
150.0
61.5
225.0
220.5
429.0
129.0
262.5
169.5
337.5
97.5
238.5
192.0
351.0
390.0
366.0
97.5
93.0
237.0
174.0
70.5
232.5
319.5
208.5
168.0
214.5
420.0
100.5
13.5
199.5
393.0
256.5
69.0
100.5
382.5
442.5
156.0
423.0
190.5
150.0
133.5
405.0
169.5
294.0
228.0
321.0
61.5
358.5
93.0
213.0
370.5
327.0
52.5
27.0
270.0
183.0
238.5
198.0
196.5
312.0
300.0
163.5
280.5
285.0
63.0
109.5
211.5
222.0
241.5
238.5
31.5
141.0
73.5
184.5
105.0
340.5
159.0
268.5
199.5
94.5
226.5
111.0
51.0
256.5
376.5
84.0
145.5
150.0
115.5
30.0
55.5
409.5
378.0
294.0
234.0
280.5
235.5
124.5
168.0
45.0
336.0
325.5
433.5
465.0
144.0
321.0
202.5
175.5
378.0
181.5
327.0
337.5
69.0
174.0
108.0
222.0
369.0
195.0
162.0
244.5
240.0
154.5
297.0
396.0
79.5
31.5
237.0
153.0
334.5
81.0
270.0
255.0
82.5
115.5
454.5
115.5
214.5
150.0
309.0
219.0
205.5
183.0
390.0
195.0
88.5
40.5
145.5
351.0
285.0
358.5
370.5
402.0
199.5
216.0
103.5
34.5
399.0
439.5
309.0
303.0
118.5
154.5
418.5
49.5
115.5
162.0
100.5
72.0
45.0
255.0
118.5
130.5
241.5
370.5
118.5
63.0
40.5
180.0
292.5
160.5
409.5
378.0
400.5
52.5
312.0
324.0
135.0
46.5
456.0
25.5
382.5
75.0
66.0
274.5
225.0
297.0
268.5
133.5
163.5
370.5
160.5
118.5
207.0
87.0
234.0
216.0
142.5
318.0
400.5
331.5
316.5
43.5
244.5
190.5
319.5
225.0
142.5
358.5
160.5
148.5
355.5
118.5
280.5
88.5
156.0
154.5
388.5
102.0
399.0
229.5
42.0
186.0
157.5
151.5
78.0
165.0
120.0
310.5
108.0
274.5
453.0
276.0
408.0
408.0
351.0
103.5
130.5
237.0
175.5
472.5
63.0
267.0
103.5
238.5
222.0
256.5
322.5
304.5
84.0
114.0
397.5
286.5
241.5
228.0
121.5
195.0
75.0
111.0
157.5
231.0
400.5
124.5
94.5
361.5
217.5
447.0
255.0
345.0
280.5
42.0
31.5
265.5
370.5
325.5
174.0
277.5
195.0
219.0
381.0
195.0
414.0
94.5
301.5
109.5
37.5
117.0
123.0
115.5
405.0
178.5
157.5
88.5
387.0
300.0
310.5
192.0
193.5
130.5
135.0
189.0
132.0
318.0
81.0
100.5
115.5
270.0
421.5
205.5
115.5
367.5
55.5
108.0
333.0
144.0
255.0
58.5
84.0
81.0
270.0
205.5
300.0
295.5
126.0
100.5
282.0
144.0
259.5
127.5
114.0
450.0
309.0
139.5
76.5
481.5
196.5
103.5
148.5
226.5
291.0
262.5
115.5
390.0
351.0
96.0
283.5
169.5
237.0
166.5
87.0
204.0
333.0
304.5
412.5
253.5
387.0
193.5
282.0
142.5
226.5
63.0
439.5
271.5
102.0
231.0
483.0
202.5
375.0
118.5
18.0
348.0
268.5
91.5
108.0
322.5
189.0
135.0
283.5
208.5
366.0
97.5
222.0
267.0
294.0
355.5
31.5
262.5
351.0
351.0
69.0
211.5
303.0
138.0
157.5
261.0
118.5
277.5
424.5
247.5
115.5
166.5
339.0
265.5
289.5
81.0
405.0
450.0
34.5
34.5
40.5
159.0
196.5
225.0
427.5
367.5
183.0
316.5
247.5
126.0
255.0
405.0
115.5
73.5
330.0
142.5
313.5
145.5
393.0
415.5
24.0
259.5
319.5
121.5
433.5
88.5
67.5
169.5
376.5
306.0
181.5
243.0
367.5
180.0
148.5
103.5
214.5
376.5
234.0
130.5
379.5
244.5
342.0
216.0
333.0
210.0
352.5
24.0
145.5
265.5
168.0
159.0
67.5
331.5
396.0
424.5
372.0
130.5
459.0
313.5
64.5
367.5
363.0
402.0
363.0
351.0
420.0
112.5
195.0
369.0
363.0
384.0
327.0
372.0
450.0
234.0
55.5
253.5
45.0
415.5
220.5
225.0
147.0
403.5
160.5
105.0
333.0
363.0
145.5
165.0
67.5
30.0
427.5
31.5
106.5
61.5
471.0
246.0
108.0
247.5
276.0
355.5
289.5
306.0
415.5
225.0
340.5
70.5
372.0
363.0
207.0
226.5
280.5
291.0
255.0
403.5
438.0
148.5
135.0
72.0
151.5
79.5
193.5
372.0
258.0
286.5
157.5
456.0
100.5
181.5
178.5
399.0
370.5
243.0
292.5
180.0
45.0
43.5
333.0
382.5
51.0
423.0
360.0
67.5
288.0
169.5
51.0
22.5
370.5
241.5
219.0
202.5
69.0
40.5
121.5
378.0
421.5
253.5
217.5
283.5
171.0
276.0
402.0
190.5
285.0
186.0
198.0
423.0
411.0
135.0
61.5
45.0
46.5
123.0
222.0
400.5
123.0
324.0
162.0
219.0
162.0
391.5
63.0
43.5
357.0
333.0
490.5
204.0
64.5
117.0
102.0
172.5
336.0
228.0
145.5
79.5
304.5
328.5
9.0
357.0
352.5
343.5
90.0
132.0
114.0
325.5
312.0
504.0
357.0
391.5
208.5
76.5
91.5
174.0
169.5
357.0
93.0
337.5
283.5
181.5
295.5
391.5
364.5
184.5
99.0
427.5
418.5
153.0
58.5
277.5
346.5
496.5
357.0
213.0
310.5
150.0
283.5
133.5
153.0
126.0
178.5
45.0
258.0
133.5
241.5
328.5
213.0
348.0
373.5
166.5
127.5
141.0
315.0
283.5
67.5
192.0
75.0
333.0
379.5
88.5
289.5
445.5
330.0
360.0
201.0
204.0
291.0
208.5
343.5
151.5
393.0
120.0
160.5
313.5
117.0
322.5
208.5
175.5
208.5
168.0
223.5
355.5
138.0
171.0
45.0
264.0
297.0
7.5
270.0
354.0
148.5
195.0
36.0
241.5
231.0
19.5
105.0
126.0
253.5
406.5
165.0
216.0
399.0
114.0
240.0
195.0
222.0
193.5
300.0
307.5
271.5
135.0
313.5
333.0
351.0
258.0
400.5
268.5
351.0
85.5
72.0
471.0
114.0
93.0
39.0
450.0
324.0
231.0
190.5
280.5
436.5
303.0
156.0
214.5
381.0
183.0
432.0
322.5
249.0
439.5
52.5
81.0
97.5
70.5
489.0
25.5
145.5
318.0
106.5
328.5
172.5
18.0
339.0
186.0
243.0
151.5
217.5
367.5
394.5
277.5
201.0
124.5
279.0
61.5
264.0
159.0
367.5
151.5
324.0
136.5
129.0
250.5
171.0
409.5
84.0
439.5
136.5
190.5
204.0
195.0
393.0
379.5
336.0
88.5
435.0
265.5
234.0
304.5
79.5
141.0
94.5
406.5
135.0
325.5
118.5
250.5
96.0
33.0
298.5
274.5
208.5
262.5
7.5
51.0
151.5
270.0
184.5
408.0
193.5
271.5
478.5
165.0
79.5
346.5
471.0
108.0
193.5
135.0
40.5
66.0
94.5
141.0
51.0
417.0
99.0
394.5
334.5
285.0
49.5
390.0
220.5
63.0
438.0
424.5
321.0
141.0
225.0
127.5
87.0
390.0
435.0
235.5
288.0
276.0
318.0
352.5
315.0
82.5
207.0
151.5
193.5
136.5
411.0
283.5
382.5
229.5
208.5
349.5
393.0
433.5
162.0
271.5
160.5
79.5
334.5
258.0
372.0
205.5
315.0
390.0
87.0
369.0
445.5
343.5
370.5
4.5
159.0
133.5
61.5
235.5
202.5
172.5
363.0
435.0
172.5
448.5
211.5
454.5
102.0
168.0
343.5
99.0
399.0
126.0
384.0
382.5
123.0
298.5
94.5
138.0
250.5
142.5
45.0
225.0
33.0
117.0
319.5
241.5
241.5
282.0
364.5
472.5
169.5
442.5
237.0
126.0
189.0
97.5
100.5
187.5
312.0
69.0
189.0
136.5
174.0
100.5
277.5
183.0
63.0
189.0
94.5
180.0
267.0
244.5
424.5
87.0
129.0
67.5
235.5
300.0
238.5
319.5
199.5
307.5
75.0
226.5
48.0
139.5
111.0
181.5
108.0
259.5
159.0
187.5
297.0
432.0
64.5
151.5
337.5
85.5
267.0
85.5
240.0
312.0
114.0
430.5
138.0
439.5
363.0
249.0
46.5
73.5
111.0
201.0
292.5
411.0
372.0
117.0
126.0
321.0
85.5
144.0
129.0
64.5
259.5
214.5
12.0
132.0
184.5
199.5
435.0
55.5
232.5
234.0
274.5
304.5
244.5
109.5
195.0
337.5
316.5
345.0
72.0
355.5
210.0
400.5
192.0
415.5
156.0
46.5
414.0
102.0
378.0
340.5
432.0
313.5
231.0
430.5
492.0
69.0
159.0
100.5
273.0
330.0
409.5
408.0
249.0
295.5
103.5
103.5
207.0
76.5
162.0
100.5
39.0
78.0
268.5
22.5
69.0
205.5
195.0
301.5
465.0
312.0
117.0
369.0
295.5
37.5
367.5
294.0
261.0
145.5
85.5
471.0
421.5
102.0
261.0
351.0
175.5
280.5
232.5
145.5
180.0
295.5
45.0
337.5
193.5
91.5
330.0
136.5
79.5
73.5
120.0
315.0
33.0
45.0
138.0
210.0
354.0
165.0
229.5
130.5
268.5
91.5
162.0
129.0
222.0
199.5
129.0
277.5
106.5
468.0
96.0
166.5
340.5
316.5
357.0
183.0
375.0
117.0
394.5
466.5
106.5
249.0
348.0
286.5
214.5
70.5
270.0
195.0
82.5
312.0
249.0
270.0
304.5
256.5
70.5
244.5
142.5
85.5
198.0
399.0
330.0
103.5
186.0
133.5
367.5
189.0
100.5
295.5
412.5
256.5
64.5
135.0
297.0
174.0
78.0
232.5
249.0
160.5
124.5
412.5
243.0
417.0
69.0
367.5
399.0
486.0
97.5
226.5
298.5
312.0
310.5
264.0
411.0
124.5
285.0
105.0
234.0
178.5
235.5
322.5
280.5
133.5
226.5
235.5
301.5
366.0
171.0
334.5
454.5
360.0
96.0
250.5
204.0
220.5
456.0
190.5
259.5
51.0
313.5
97.5
289.5
414.0
424.5
193.5
186.0
435.0
315.0
243.0
400.5
385.5
39.0
273.0
144.0
195.0
489.0
328.5
70.5
252.0
34.5
103.5
88.5
423.0
288.0
325.5
333.0
115.5
255.0
372.0
