456.0
415.5
430.5
472.5
462.0
453.0
480.0
502.5
391.5
522.0
345.0
460.5
520.5
486.0
391.5
367.5
526.5
501.0
504.0
493.5
454.5
462.0
502.5
514.5
183.0
480.0
393.0
390.0
445.5
436.5
459.0
219.0
489.0
457.5
427.5
409.5
457.5
450.0
507.0
261.0
480.0
438.0
432.0
267.0
448.5
448.5
489.0
444.0
426.0
490.5
492.0
427.5
415.5
469.5
478.5
418.5
502.5
438.0
432.0
448.5
474.0
463.5
487.5
426.0
445.5
462.0
270.0
490.5
474.0
483.0
241.5
457.5
483.0
445.5
444.0
532.5
519.0
463.5
412.5
448.5
430.5
432.0
388.5
447.0
442.5
457.5
418.5
511.5
460.5
448.5
513.0
360.0
424.5
475.5
451.5
349.5
483.0
508.5
429.0
496.5
474.0
463.5
453.0
483.0
436.5
450.0
475.5
516.0
493.5
487.5
400.5
507.0
376.5
475.5
249.0
472.5
484.5
342.0
471.0
438.0
534.0
484.5
117.0
471.0
492.0
475.5
483.0
457.5
481.5
246.0
397.5
373.5
456.0
414.0
423.0
474.0
484.5
508.5
387.0
460.5
475.5
450.0
420.0
516.0
471.0
484.5
409.5
481.5
394.5
423.0
400.5
460.5
475.5
351.0
474.0
477.0
445.5
351.0
453.0
349.5
420.0
483.0
481.5
430.5
504.0
436.5
361.5
471.0
468.0
454.5
517.5
364.5
424.5
294.0
270.0
321.0
408.0
465.0
478.5
439.5
445.5
501.0
423.0
517.5
400.5
507.0
399.0
445.5
435.0
510.0
280.5
382.5
160.5
478.5
511.5
478.5
432.0
472.5
480.0
496.5
325.5
357.0
424.5
430.5
501.0
471.0
417.0
453.0
484.5
492.0
459.0
321.0
513.0
468.0
381.0
507.0
457.5
448.5
456.0
511.5
496.5
420.0
172.5
465.0
511.5
463.5
334.5
486.0
502.5
375.0
513.0
501.0
480.0
463.5
448.5
442.5
483.0
444.0
264.0
504.0
445.5
481.5
336.0
472.5
310.5
453.0
486.0
415.5
516.0
132.0
514.5
460.5
381.0
369.0
441.0
463.5
216.0
484.5
486.0
417.0
367.5
469.5
475.5
358.5
333.0
385.5
489.0
456.0
396.0
417.0
418.5
430.5
417.0
399.0
477.0
324.0
264.0
514.5
453.0
426.0
426.0
402.0
471.0
456.0
469.5
489.0
468.0
484.5
489.0
316.5
432.0
403.5
477.0
475.5
430.5
378.0
438.0
411.0
469.5
403.5
460.5
427.5
481.5
471.0
475.5
436.5
187.5
501.0
513.0
420.0
474.0
405.0
504.0
489.0
373.5
466.5
480.0
414.0
478.5
304.5
429.0
405.0
520.5
472.5
429.0
441.0
481.5
486.0
493.5
493.5
465.0
463.5
436.5
483.0
493.5
462.0
481.5
508.5
448.5
402.0
427.5
450.0
481.5
511.5
315.0
502.5
516.0
424.5
357.0
489.0
405.0
430.5
483.0
511.5
400.5
402.0
496.5
436.5
471.0
477.0
499.5
397.5
393.0
471.0
300.0
484.5
331.5
193.5
316.5
471.0
370.5
420.0
459.0
466.5
432.0
477.0
493.5
418.5
457.5
255.0
435.0
504.0
442.5
420.0
345.0
481.5
448.5
442.5
226.5
498.0
391.5
484.5
357.0
426.0
442.5
495.0
447.0
453.0
409.5
498.0
231.0
484.5
436.5
486.0
478.5
450.0
483.0
372.0
495.0
321.0
369.0
421.5
465.0
55.5
486.0
499.5
510.0
424.5
477.0
472.5
475.5
373.5
465.0
345.0
448.5
450.0
433.5
433.5
393.0
498.0
514.5
489.0
456.0
475.5
424.5
427.5
391.5
411.0
345.0
502.5
336.0
406.5
490.5
435.0
444.0
487.5
484.5
442.5
432.0
358.5
499.5
504.0
345.0
489.0
489.0
430.5
423.0
453.0
381.0
484.5
492.0
469.5
130.5
468.0
441.0
475.5
339.0
391.5
427.5
468.0
432.0
406.5
31.5
445.5
448.5
466.5
492.0
505.5
411.0
454.5
483.0
423.0
471.0
477.0
471.0
507.0
492.0
414.0
291.0
496.5
438.0
477.0
498.0
441.0
498.0
484.5
411.0
414.0
424.5
510.0
399.0
418.5
430.5
438.0
486.0
478.5
457.5
370.5
487.5
462.0
478.5
490.5
387.0
462.0
373.5
382.5
487.5
432.0
460.5
393.0
418.5
525.0
505.5
498.0
472.5
502.5
381.0
480.0
454.5
489.0
466.5
414.0
471.0
471.0
513.0
457.5
459.0
480.0
414.0
465.0
408.0
403.5
487.5
376.5
297.0
451.5
505.5
400.5
433.5
381.0
456.0
441.0
460.5
424.5
498.0
430.5
513.0
484.5
481.5
414.0
337.5
436.5
487.5
501.0
492.0
292.5
358.5
495.0
243.0
390.0
484.5
375.0
442.5
429.0
444.0
504.0
490.5
397.5
420.0
504.0
396.0
507.0
462.0
330.0
378.0
487.5
267.0
459.0
459.0
483.0
499.5
390.0
502.5
472.5
454.5
477.0
409.5
520.5
435.0
478.5
414.0
406.5
403.5
486.0
507.0
471.0
421.5
496.5
387.0
489.0
481.5
418.5
406.5
309.0
489.0
498.0
444.0
378.0
435.0
522.0
462.0
432.0
391.5
498.0
285.0
426.0
454.5
469.5
477.0
286.5
340.5
504.0
523.5
394.5
336.0
454.5
448.5
465.0
376.5
469.5
366.0
439.5
432.0
516.0
499.5
507.0
342.0
463.5
279.0
348.0
453.0
456.0
342.0
463.5
424.5
421.5
456.0
376.5
442.5
475.5
463.5
477.0
457.5
412.5
441.0
420.0
474.0
519.0
453.0
520.5
430.5
441.0
445.5
478.5
430.5
439.5
463.5
462.0
354.0
418.5
381.0
519.0
403.5
421.5
426.0
486.0
490.5
471.0
487.5
406.5
388.5
412.5
481.5
483.0
375.0
372.0
375.0
471.0
531.0
457.5
277.5
469.5
513.0
471.0
487.5
441.0
505.5
430.5
397.5
505.5
373.5
504.0
523.5
478.5
472.5
394.5
487.5
360.0
507.0
537.0
426.0
430.5
418.5
415.5
426.0
445.5
469.5
444.0
468.0
462.0
432.0
513.0
498.0
535.5
481.5
508.5
459.0
397.5
505.5
504.0
436.5
483.0
483.0
477.0
450.0
436.5
390.0
424.5
409.5
466.5
409.5
493.5
465.0
471.0
304.5
355.5
478.5
445.5
459.0
436.5
454.5
408.0
463.5
447.0
268.5
292.5
415.5
465.0
226.5
448.5
478.5
483.0
490.5
397.5
489.0
492.0
460.5
424.5
453.0
348.0
429.0
502.5
333.0
466.5
426.0
465.0
436.5
498.0
457.5
376.5
390.0
451.5
484.5
450.0
456.0
352.5
414.0
462.0
498.0
481.5
480.0
439.5
517.5
384.0
438.0
507.0
321.0
463.5
421.5
484.5
486.0
447.0
417.0
457.5
408.0
457.5
486.0
495.0
501.0
528.0
475.5
327.0
462.0
498.0
490.5
514.5
460.5
430.5
351.0
159.0
448.5
237.0
462.0
162.0
492.0
457.5
370.5
330.0
466.5
478.5
502.5
411.0
406.5
499.5
543.0
315.0
472.5
316.5
306.0
378.0
489.0
513.0
468.0
426.0
495.0
192.0
480.0
430.5
456.0
400.5
351.0
468.0
429.0
456.0
454.5
414.0
501.0
442.5
486.0
430.5
444.0
405.0
411.0
438.0
372.0
469.5
493.5
402.0
453.0
460.5
442.5
510.0
460.5
484.5
156.0
496.5
412.5
493.5
493.5
246.0
459.0
312.0
484.5
474.0
423.0
477.0
504.0
441.0
514.5
466.5
369.0
406.5
465.0
454.5
465.0
334.5
271.5
463.5
489.0
432.0
462.0
484.5
433.5
486.0
478.5
501.0
493.5
442.5
453.0
435.0
426.0
435.0
441.0
474.0
525.0
439.5
475.5
505.5
492.0
460.5
429.0
463.5
411.0
337.5
478.5
481.5
364.5
505.5
420.0
484.5
406.5
421.5
477.0
478.5
279.0
387.0
411.0
481.5
391.5
505.5
375.0
462.0
460.5
471.0
468.0
517.5
426.0
484.5
469.5
453.0
456.0
423.0
465.0
493.5
373.5
460.5
430.5
510.0
495.0
501.0
475.5
406.5
496.5
480.0
399.0
510.0
211.5
298.5
430.5
498.0
208.5
508.5
457.5
463.5
429.0
495.0
477.0
421.5
465.0
477.0
457.5
502.5
337.5
297.0
520.5
499.5
459.0
453.0
445.5
493.5
472.5
439.5
283.5
465.0
460.5
352.5
456.0
430.5
484.5
397.5
510.0
495.0
486.0
517.5
492.0
439.5
490.5
529.5
481.5
468.0
439.5
475.5
441.0
442.5
522.0
418.5
436.5
469.5
300.0
490.5
472.5
442.5
478.5
444.0
327.0
486.0
486.0
475.5
504.0
429.0
444.0
519.0
453.0
514.5
445.5
478.5
511.5
510.0
510.0
444.0
511.5
309.0
450.0
471.0
474.0
463.5
493.5
441.0
463.5
480.0
468.0
495.0
477.0
514.5
471.0
427.5
474.0
523.5
469.5
504.0
514.5
423.0
445.5
453.0
417.0
475.5
429.0
502.5
465.0
459.0
426.0
447.0
472.5
400.5
432.0
352.5
466.5
462.0
498.0
454.5
472.5
433.5
520.5
525.0
375.0
454.5
366.0
250.5
279.0
531.0
427.5
381.0
421.5
475.5
381.0
298.5
493.5
489.0
465.0
411.0
400.5
502.5
289.5
448.5
435.0
469.5
408.0
474.0
447.0
324.0
439.5
469.5
396.0
349.5
316.5
382.5
516.0
424.5
424.5
483.0
462.0
400.5
487.5
453.0
498.0
502.5
513.0
442.5
495.0
471.0
402.0
501.0
438.0
507.0
502.5
376.5
459.0
495.0
502.5
486.0
229.5
436.5
438.0
418.5
459.0
435.0
496.5
346.5
480.0
381.0
498.0
418.5
412.5
442.5
394.5
328.5
447.0
535.5
321.0
486.0
441.0
330.0
375.0
463.5
460.5
375.0
501.0
450.0
505.5
411.0
403.5
483.0
439.5
466.5
471.0
502.5
507.0
514.5
478.5
471.0
490.5
394.5
231.0
495.0
358.5
436.5
442.5
493.5
433.5
451.5
460.5
420.0
466.5
496.5
450.0
144.0
453.0
477.0
438.0
505.5
420.0
241.5
475.5
495.0
523.5
387.0
444.0
414.0
463.5
438.0
313.5
250.5
489.0
403.5
478.5
442.5
513.0
435.0
481.5
489.0
429.0
384.0
375.0
339.0
441.0
505.5
472.5
478.5
423.0
462.0
525.0
481.5
342.0
477.0
478.5
469.5
409.5
466.5
516.0
441.0
300.0
484.5
502.5
457.5
303.0
471.0
426.0
423.0
343.5
274.5
366.0
370.5
411.0
387.0
354.0
433.5
286.5
508.5
489.0
457.5
384.0
414.0
489.0
490.5
484.5
468.0
339.0
297.0
460.5
460.5
507.0
421.5
433.5
451.5
388.5
427.5
498.0
460.5
484.5
238.5
499.5
361.5
483.0
429.0
496.5
477.0
520.5
412.5
492.0
456.0
511.5
510.0
418.5
427.5
498.0
475.5
480.0
486.0
418.5
465.0
522.0
492.0
487.5
456.0
496.5
442.5
439.5
471.0
450.0
465.0
400.5
444.0
490.5
469.5
475.5
439.5
465.0
468.0
333.0
426.0
375.0
456.0
417.0
318.0
439.5
424.5
501.0
474.0
483.0
211.5
463.5
451.5
381.0
436.5
331.5
460.5
468.0
414.0
412.5
445.5
514.5
388.5
454.5
339.0
453.0
433.5
337.5
391.5
393.0
474.0
352.5
466.5
480.0
411.0
399.0
372.0
466.5
478.5
460.5
438.0
471.0
496.5
477.0
480.0
424.5
381.0
454.5
466.5
489.0
508.5
345.0
484.5
502.5
480.0
361.5
490.5
484.5
426.0
439.5
451.5
486.0
469.5
477.0
493.5
442.5
399.0
486.0
477.0
480.0
448.5
436.5
513.0
513.0
376.5
448.5
510.0
477.0
468.0
468.0
384.0
414.0
507.0
424.5
492.0
510.0
453.0
516.0
457.5
510.0
484.5
406.5
441.0
162.0
496.5
439.5
400.5
507.0
469.5
465.0
477.0
495.0
307.5
457.5
508.5
469.5
445.5
480.0
523.5
403.5
481.5
472.5
105.0
454.5
160.5
534.0
507.0
469.5
327.0
460.5
463.5
282.0
483.0
486.0
531.0
460.5
516.0
321.0
396.0
379.5
264.0
513.0
511.5
460.5
441.0
487.5
501.0
426.0
441.0
427.5
462.0
325.5
330.0
400.5
478.5
447.0
285.0
484.5
480.0
447.0
453.0
369.0
414.0
478.5
339.0
484.5
447.0
499.5
426.0
363.0
484.5
531.0
408.0
501.0
367.5
483.0
360.0
433.5
447.0
484.5
481.5
480.0
457.5
475.5
498.0
460.5
498.0
427.5
472.5
277.5
456.0
451.5
460.5
484.5
286.5
492.0
402.0
424.5
477.0
456.0
405.0
249.0
390.0
531.0
436.5
480.0
375.0
472.5
297.0
495.0
432.0
394.5
448.5
495.0
493.5
396.0
397.5
438.0
316.5
486.0
435.0
450.0
441.0
445.5
394.5
517.5
486.0
496.5
493.5
442.5
429.0
454.5
478.5
465.0
408.0
489.0
496.5
414.0
468.0
478.5
351.0
448.5
517.5
480.0
472.5
475.5
493.5
232.5
352.5
442.5
304.5
423.0
459.0
504.0
504.0
414.0
400.5
510.0
495.0
511.5
459.0
477.0
409.5
246.0
474.0
478.5
444.0
378.0
393.0
441.0
481.5
513.0
439.5
531.0
400.5
372.0
487.5
490.5
463.5
489.0
472.5
498.0
496.5
483.0
450.0
399.0
481.5
471.0
460.5
493.5
429.0
439.5
514.5
360.0
450.0
385.5
487.5
493.5
445.5
481.5
447.0
318.0
522.0
504.0
453.0
436.5
454.5
465.0
418.5
439.5
505.5
453.0
492.0
244.5
501.0
481.5
409.5
453.0
490.5
502.5
459.0
448.5
499.5
475.5
472.5
477.0
484.5
496.5
316.5
475.5
108.0
492.0
402.0
510.0
441.0
469.5
417.0
463.5
405.0
456.0
451.5
327.0
492.0
363.0
477.0
508.5
516.0
435.0
472.5
490.5
478.5
496.5
463.5
486.0
499.5
423.0
487.5
477.0
444.0
490.5
336.0
493.5
477.0
436.5
417.0
510.0
450.0
460.5
489.0
534.0
451.5
457.5
468.0
444.0
489.0
303.0
511.5
180.0
511.5
460.5
474.0
472.5
385.5
459.0
486.0
450.0
312.0
468.0
498.0
478.5
489.0
451.5
238.5
435.0
339.0
493.5
415.5
469.5
432.0
457.5
525.0
460.5
456.0
525.0
454.5
531.0
487.5
514.5
468.0
454.5
450.0
376.5
465.0
150.0
306.0
450.0
423.0
388.5
448.5
471.0
444.0
474.0
453.0
496.5
415.5
484.5
360.0
492.0
441.0
459.0
507.0
478.5
298.5
484.5
468.0
472.5
442.5
406.5
438.0
439.5
457.5
379.5
405.0
486.0
462.0
472.5
408.0
484.5
481.5
423.0
453.0
403.5
493.5
427.5
444.0
474.0
502.5
445.5
463.5
520.5
465.0
468.0
382.5
391.5
531.0
448.5
439.5
478.5
487.5
477.0
414.0
444.0
540.0
502.5
498.0
450.0
396.0
508.5
414.0
463.5
454.5
433.5
447.0
420.0
430.5
462.0
502.5
376.5
492.0
447.0
492.0
468.0
441.0
412.5
498.0
537.0
391.5
427.5
513.0
451.5
480.0
438.0
393.0
411.0
412.5
322.5
454.5
403.5
471.0
441.0
483.0
495.0
466.5
399.0
468.0
468.0
415.5
322.5
456.0
508.5
490.5
501.0
396.0
510.0
439.5
462.0
478.5
420.0
495.0
490.5
447.0
438.0
442.5
453.0
480.0
382.5
507.0
426.0
522.0
433.5
481.5
426.0
456.0
496.5
480.0
415.5
475.5
295.5
454.5
474.0
352.5
445.5
504.0
448.5
373.5
267.0
373.5
460.5
478.5
495.0
438.0
513.0
498.0
496.5
445.5
357.0
504.0
508.5
495.0
333.0
421.5
469.5
472.5
420.0
492.0
399.0
478.5
481.5
417.0
445.5
435.0
447.0
484.5
309.0
487.5
469.5
369.0
487.5
480.0
388.5
492.0
513.0
375.0
441.0
510.0
493.5
471.0
481.5
453.0
438.0
492.0
465.0
508.5
285.0
460.5
451.5
442.5
463.5
532.5
525.0
471.0
436.5
405.0
471.0
511.5
438.0
433.5
499.5
436.5
475.5
511.5
444.0
510.0
511.5
513.0
478.5
481.5
273.0
498.0
481.5
522.0
448.5
462.0
465.0
447.0
423.0
487.5
450.0
358.5
454.5
519.0
498.0
495.0
478.5
460.5
439.5
447.0
486.0
448.5
495.0
484.5
400.5
481.5
483.0
411.0
478.5
466.5
435.0
504.0
379.5
493.5
462.0
472.5
498.0
469.5
424.5
436.5
517.5
456.0
460.5
495.0
246.0
477.0
415.5
474.0
460.5
433.5
358.5
480.0
519.0
480.0
469.5
484.5
423.0
385.5
400.5
439.5
355.5
429.0
492.0
465.0
493.5
453.0
430.5
478.5
342.0
226.5
475.5
441.0
502.5
442.5
451.5
445.5
487.5
480.0
511.5
504.0
405.0
424.5
379.5
438.0
459.0
463.5
463.5
411.0
402.0
447.0
415.5
394.5
475.5
435.0
447.0
259.5
217.5
477.0
382.5
460.5
480.0
456.0
108.0
366.0
513.0
450.0
490.5
337.5
499.5
463.5
507.0
447.0
435.0
492.0
495.0
438.0
481.5
456.0
492.0
463.5
433.5
471.0
466.5
471.0
442.5
490.5
447.0
453.0
457.5
394.5
321.0
429.0
460.5
259.5
391.5
472.5
480.0
462.0
426.0
492.0
309.0
468.0
429.0
387.0
516.0
501.0
271.5
363.0
454.5
502.5
514.5
465.0
271.5
259.5
396.0
402.0
339.0
436.5
442.5
505.5
408.0
483.0
508.5
435.0
484.5
486.0
516.0
472.5
517.5
523.5
399.0
495.0
502.5
432.0
501.0
375.0
297.0
478.5
475.5
351.0
345.0
379.5
402.0
393.0
502.5
357.0
486.0
444.0
468.0
469.5
487.5
498.0
375.0
369.0
481.5
496.5
516.0
457.5
463.5
522.0
453.0
226.5
400.5
381.0
445.5
484.5
468.0
441.0
331.5
454.5
514.5
456.0
474.0
471.0
478.5
513.0
463.5
447.0
421.5
499.5
534.0
495.0
480.0
508.5
403.5
507.0
427.5
286.5
423.0
429.0
489.0
499.5
228.0
403.5
457.5
472.5
357.0
453.0
501.0
495.0
450.0
448.5
402.0
423.0
313.5
495.0
493.5
505.5
424.5
367.5
388.5
480.0
400.5
483.0
184.5
444.0
445.5
337.5
484.5
489.0
477.0
403.5
454.5
487.5
336.0
474.0
409.5
492.0
445.5
489.0
490.5
415.5
436.5
489.0
444.0
430.5
487.5
508.5
483.0
508.5
469.5
366.0
313.5
490.5
498.0
471.0
465.0
456.0
327.0
414.0
498.0
508.5
523.5
418.5
466.5
453.0
456.0
393.0
495.0
78.0
487.5
343.5
454.5
442.5
457.5
288.0
421.5
438.0
475.5
408.0
427.5
414.0
463.5
339.0
438.0
477.0
508.5
438.0
366.0
369.0
508.5
522.0
454.5
336.0
354.0
508.5
492.0
426.0
424.5
481.5
445.5
520.5
387.0
495.0
436.5
409.5
432.0
459.0
514.5
432.0
516.0
453.0
501.0
331.5
471.0
492.0
394.5
474.0
421.5
478.5
502.5
456.0
483.0
463.5
450.0
475.5
384.0
429.0
442.5
435.0
469.5
343.5
489.0
505.5
424.5
420.0
472.5
477.0
390.0
462.0
484.5
478.5
511.5
457.5
484.5
472.5
468.0
511.5
409.5
486.0
294.0
477.0
460.5
444.0
358.5
424.5
486.0
468.0
480.0
490.5
499.5
493.5
453.0
481.5
438.0
403.5
474.0
363.0
439.5
367.5
517.5
468.0
126.0
432.0
456.0
429.0
468.0
499.5
306.0
484.5
456.0
471.0
441.0
513.0
276.0
126.0
486.0
522.0
522.0
444.0
513.0
430.5
466.5
480.0
453.0
466.5
517.5
315.0
471.0
435.0
478.5
487.5
256.5
481.5
469.5
495.0
456.0
375.0
417.0
471.0
423.0
382.5
379.5
490.5
508.5
250.5
499.5
472.5
483.0
459.0
322.5
486.0
483.0
474.0
402.0
460.5
450.0
379.5
453.0
463.5
477.0
456.0
394.5
414.0
505.5
460.5
399.0
388.5
390.0
490.5
429.0
444.0
477.0
484.5
442.5
486.0
499.5
382.5
417.0
507.0
460.5
474.0
474.0
376.5
486.0
415.5
195.0
340.5
486.0
466.5
397.5
483.0
493.5
508.5
361.5
520.5
441.0
490.5
462.0
435.0
463.5
426.0
408.0
468.0
463.5
495.0
486.0
439.5
450.0
169.5
417.0
439.5
459.0
487.5
499.5
450.0
331.5
343.5
430.5
498.0
487.5
333.0
463.5
417.0
460.5
379.5
447.0
429.0
393.0
132.0
442.5
486.0
489.0
507.0
469.5
436.5
468.0
492.0
477.0
399.0
463.5
481.5
490.5
501.0
469.5
481.5
454.5
363.0
403.5
265.5
472.5
444.0
444.0
507.0
439.5
484.5
412.5
397.5
445.5
480.0
436.5
399.0
381.0
375.0
498.0
163.5
478.5
475.5
217.5
453.0
195.0
508.5
466.5
412.5
492.0
477.0
456.0
481.5
408.0
462.0
423.0
345.0
487.5
496.5
447.0
405.0
415.5
373.5
438.0
501.0
423.0
445.5
516.0
466.5
505.5
429.0
391.5
438.0
495.0
502.5
415.5
454.5
481.5
358.5
465.0
502.5
385.5
481.5
432.0
238.5
483.0
486.0
462.0
489.0
415.5
498.0
477.0
472.5
471.0
459.0
432.0
139.5
465.0
400.5
462.0
360.0
460.5
498.0
492.0
475.5
484.5
466.5
414.0
475.5
417.0
393.0
160.5
423.0
376.5
468.0
210.0
291.0
502.5
483.0
456.0
481.5
393.0
499.5
496.5
474.0
475.5
454.5
393.0
511.5
477.0
465.0
480.0
453.0
474.0
418.5
462.0
387.0
420.0
421.5
366.0
456.0
445.5
483.0
480.0
486.0
355.5
451.5
433.5
451.5
405.0
196.5
399.0
498.0
409.5
483.0
393.0
373.5
517.5
423.0
483.0
403.5
409.5
415.5
330.0
504.0
481.5
486.0
411.0
498.0
441.0
531.0
405.0
433.5
477.0
462.0
531.0
501.0
492.0
463.5
466.5
472.5
489.0
475.5
432.0
483.0
399.0
487.5
489.0
462.0
349.5
345.0
423.0
511.5
199.5
448.5
480.0
501.0
489.0
376.5
453.0
486.0
448.5
474.0
495.0
457.5
342.0
498.0
397.5
405.0
453.0
495.0
532.5
444.0
438.0
505.5
463.5
457.5
363.0
325.5
180.0
465.0
484.5
493.5
478.5
370.5
391.5
481.5
369.0
514.5
471.0
475.5
511.5
483.0
483.0
466.5
501.0
373.5
487.5
487.5
331.5
466.5
465.0
489.0
438.0
298.5
490.5
505.5
493.5
490.5
481.5
475.5
504.0
474.0
379.5
439.5
490.5
412.5
409.5
489.0
526.5
414.0
493.5
183.0
495.0
459.0
459.0
430.5
523.5
463.5
474.0
480.0
514.5
342.0
441.0
459.0
405.0
399.0
483.0
499.5
378.0
438.0
474.0
462.0
498.0
322.5
441.0
409.5
511.5
328.5
430.5
469.5
492.0
364.5
513.0
435.0
316.5
328.5
486.0
529.5
511.5
484.5
505.5
445.5
490.5
468.0
418.5
462.0
429.0
483.0
414.0
388.5
342.0
348.0
481.5
489.0
388.5
477.0
220.5
517.5
457.5
457.5
414.0
465.0
456.0
468.0
420.0
459.0
439.5
475.5
483.0
480.0
454.5
441.0
453.0
474.0
471.0
465.0
472.5
445.5
442.5
474.0
481.5
511.5
487.5
505.5
426.0
478.5
484.5
484.5
436.5
246.0
481.5
433.5
217.5
417.0
483.0
403.5
384.0
403.5
451.5
471.0
423.0
444.0
382.5
450.0
466.5
483.0
429.0
480.0
499.5
430.5
475.5
456.0
495.0
477.0
402.0
289.5
483.0
418.5
454.5
379.5
487.5
399.0
454.5
339.0
483.0
463.5
466.5
535.5
478.5
361.5
453.0
361.5
423.0
352.5
462.0
463.5
454.5
492.0
459.0
424.5
466.5
499.5
417.0
468.0
468.0
454.5
511.5
396.0
477.0
477.0
420.0
469.5
475.5
495.0
441.0
451.5
420.0
402.0
501.0
361.5
511.5
444.0
439.5
502.5
490.5
474.0
450.0
261.0
354.0
499.5
480.0
471.0
480.0
483.0
417.0
429.0
493.5
507.0
429.0
459.0
471.0
478.5
456.0
420.0
205.5
487.5
489.0
472.5
472.5
355.5
306.0
289.5
346.5
504.0
334.5
378.0
508.5
436.5
381.0
489.0
505.5
487.5
432.0
475.5
417.0
445.5
237.0
468.0
463.5
432.0
268.5
445.5
346.5
457.5
483.0
442.5
466.5
496.5
492.0
363.0
403.5
493.5
477.0
432.0
427.5
385.5
451.5
496.5
529.5
426.0
448.5
424.5
360.0
486.0
430.5
477.0
433.5
423.0
484.5
483.0
471.0
487.5
315.0
502.5
372.0
421.5
469.5
475.5
493.5
447.0
489.0
478.5
363.0
348.0
435.0
444.0
490.5
381.0
484.5
492.0
441.0
459.0
405.0
478.5
453.0
463.5
495.0
460.5
447.0
504.0
504.0
498.0
486.0
438.0
463.5
457.5
355.5
214.5
511.5
463.5
93.0
472.5
399.0
468.0
397.5
484.5
442.5
442.5
457.5
442.5
354.0
496.5
496.5
427.5
288.0
480.0
468.0
480.0
480.0
447.0
487.5
439.5
481.5
502.5
384.0
448.5
474.0
432.0
498.0
322.5
357.0
505.5
478.5
462.0
492.0
412.5
505.5
507.0
444.0
379.5
505.5
448.5
363.0
520.5
391.5
471.0
430.5
474.0
496.5
496.5
513.0
453.0
463.5
420.0
462.0
508.5
474.0
478.5
511.5
420.0
489.0
424.5
492.0
520.5
516.0
489.0
468.0
502.5
192.0
340.5
480.0
466.5
441.0
513.0
442.5
448.5
481.5
108.0
436.5
454.5
460.5
457.5
402.0
492.0
306.0
397.5
510.0
136.5
456.0
441.0
463.5
444.0
469.5
447.0
480.0
448.5
399.0
456.0
432.0
474.0
475.5
391.5
456.0
477.0
423.0
507.0
468.0
430.5
477.0
507.0
460.5
375.0
466.5
498.0
363.0
424.5
498.0
453.0
450.0
453.0
453.0
484.5
432.0
499.5
508.5
460.5
459.0
480.0
483.0
454.5
544.5
480.0
472.5
462.0
429.0
429.0
475.5
474.0
468.0
424.5
438.0
490.5
397.5
408.0
142.5
475.5
523.5
265.5
67.5
484.5
442.5
397.5
411.0
523.5
459.0
468.0
463.5
486.0
405.0
397.5
429.0
481.5
366.0
499.5
507.0
460.5
472.5
478.5
436.5
481.5
357.0
448.5
294.0
483.0
429.0
397.5
364.5
451.5
469.5
442.5
487.5
442.5
466.5
436.5
462.0
496.5
463.5
394.5
462.0
456.0
487.5
511.5
409.5
456.0
363.0
465.0
469.5
462.0
511.5
450.0
391.5
394.5
495.0
438.0
520.5
207.0
271.5
474.0
310.5
348.0
466.5
472.5
480.0
510.0
190.5
447.0
481.5
264.0
427.5
487.5
406.5
462.0
475.5
382.5
492.0
502.5
387.0
273.0
460.5
450.0
381.0
469.5
364.5
463.5
487.5
459.0
445.5
501.0
417.0
414.0
445.5
367.5
498.0
474.0
469.5
498.0
445.5
391.5
484.5
490.5
405.0
447.0
261.0
480.0
477.0
259.5
385.5
477.0
430.5
465.0
487.5
495.0
463.5
450.0
474.0
334.5
456.0
439.5
469.5
477.0
505.5
511.5
484.5
421.5
487.5
451.5
421.5
459.0
499.5
429.0
472.5
432.0
496.5
399.0
445.5
498.0
448.5
430.5
205.5
463.5
441.0
463.5
432.0
462.0
472.5
400.5
490.5
487.5
300.0
507.0
459.0
412.5
408.0
486.0
487.5
279.0
444.0
418.5
484.5
441.0
345.0
511.5
492.0
510.0
444.0
453.0
345.0
424.5
435.0
463.5
480.0
439.5
505.5
451.5
441.0
369.0
532.5
381.0
490.5
502.5
495.0
471.0
480.0
454.5
492.0
445.5
409.5
384.0
451.5
346.5
478.5
487.5
376.5
304.5
346.5
441.0
477.0
424.5
364.5
448.5
468.0
499.5
435.0
477.0
369.0
498.0
475.5
511.5
393.0
493.5
454.5
469.5
498.0
448.5
456.0
501.0
427.5
538.5
456.0
409.5
423.0
421.5
490.5
469.5
486.0
367.5
454.5
483.0
337.5
459.0
202.5
429.0
354.0
447.0
489.0
421.5
498.0
493.5
412.5
478.5
472.5
507.0
411.0
444.0
471.0
474.0
367.5
451.5
454.5
480.0
513.0
474.0
439.5
285.0
499.5
469.5
486.0
505.5
285.0
421.5
403.5
472.5
409.5
411.0
324.0
492.0
469.5
408.0
87.0
480.0
498.0
499.5
489.0
483.0
487.5
454.5
517.5
505.5
496.5
508.5
436.5
339.0
433.5
504.0
454.5
457.5
481.5
402.0
519.0
345.0
478.5
366.0
369.0
462.0
477.0
384.0
382.5
472.5
490.5
466.5
486.0
505.5
474.0
528.0
445.5
421.5
468.0
438.0
430.5
391.5
484.5
487.5
501.0
438.0
457.5
526.5
415.5
420.0
406.5
445.5
411.0
436.5
508.5
391.5
364.5
474.0
451.5
469.5
375.0
484.5
459.0
483.0
477.0
459.0
373.5
480.0
468.0
477.0
469.5
429.0
393.0
490.5
502.5
462.0
498.0
441.0
447.0
436.5
430.5
453.0
507.0
442.5
465.0
483.0
510.0
487.5
447.0
468.0
420.0
420.0
375.0
496.5
495.0
460.5
427.5
400.5
489.0
442.5
492.0
346.5
487.5
486.0
390.0
504.0
495.0
517.5
486.0
501.0
514.5
450.0
486.0
444.0
451.5
468.0
433.5
480.0
409.5
454.5
408.0
480.0
435.0
475.5
477.0
432.0
354.0
405.0
387.0
295.5
426.0
493.5
480.0
436.5
486.0
490.5
450.0
409.5
471.0
507.0
489.0
442.5
462.0
502.5
525.0
439.5
468.0
472.5
450.0
501.0
532.5
505.5
441.0
435.0
475.5
439.5
474.0
480.0
513.0
148.5
454.5
426.0
433.5
360.0
448.5
231.0
451.5
468.0
456.0
507.0
448.5
339.0
484.5
492.0
529.5
441.0
229.5
373.5
444.0
445.5
496.5
471.0
459.0
411.0
427.5
327.0
228.0
507.0
499.5
471.0
501.0
493.5
436.5
478.5
372.0
498.0
514.5
502.5
484.5
501.0
453.0
457.5
474.0
460.5
442.5
337.5
439.5
484.5
480.0
310.5
432.0
453.0
439.5
448.5
352.5
411.0
361.5
510.0
523.5
420.0
457.5
448.5
498.0
436.5
510.0
376.5
477.0
507.0
498.0
325.5
502.5
468.0
511.5
501.0
510.0
516.0
474.0
448.5
462.0
484.5
472.5
517.5
420.0
451.5
448.5
424.5
511.5
495.0
510.0
232.5
91.5
454.5
469.5
492.0
450.0
448.5
456.0
507.0
451.5
426.0
342.0
426.0
403.5
436.5
415.5
424.5
480.0
496.5
465.0
418.5
478.5
502.5
441.0
412.5
489.0
516.0
369.0
454.5
504.0
388.5
460.5
498.0
421.5
466.5
430.5
424.5
453.0
490.5
441.0
381.0
447.0
490.5
463.5
499.5
262.5
420.0
508.5
477.0
507.0
471.0
397.5
460.5
466.5
498.0
340.5
448.5
460.5
502.5
379.5
441.0
484.5
484.5
417.0
454.5
495.0
385.5
418.5
417.0
508.5
450.0
450.0
468.0
429.0
478.5
417.0
505.5
306.0
361.5
361.5
411.0
465.0
477.0
432.0
432.0
256.5
385.5
460.5
454.5
477.0
427.5
445.5
493.5
153.0
376.5
415.5
526.5
493.5
426.0
472.5
301.5
468.0
394.5
358.5
495.0
418.5
489.0
400.5
423.0
477.0
400.5
280.5
492.0
211.5
462.0
444.0
514.5
448.5
190.5
445.5
501.0
387.0
513.0
439.5
399.0
439.5
364.5
487.5
526.5
453.0
453.0
492.0
471.0
477.0
424.5
514.5
514.5
472.5
444.0
516.0
495.0
478.5
496.5
498.0
474.0
288.0
445.5
414.0
375.0
372.0
346.5
459.0
525.0
481.5
486.0
499.5
513.0
406.5
432.0
466.5
489.0
499.5
504.0
496.5
501.0
432.0
295.5
442.5
423.0
451.5
478.5
388.5
406.5
510.0
364.5
417.0
493.5
486.0
474.0
510.0
451.5
480.0
448.5
478.5
448.5
454.5
483.0
517.5
468.0
354.0
463.5
400.5
433.5
448.5
474.0
454.5
499.5
463.5
484.5
516.0
483.0
427.5
490.5
354.0
436.5
435.0
426.0
484.5
468.0
469.5
465.0
385.5
400.5
457.5
456.0
408.0
373.5
453.0
364.5
346.5
439.5
439.5
477.0
369.0
511.5
442.5
430.5
501.0
157.5
487.5
499.5
465.0
352.5
520.5
384.0
439.5
463.5
489.0
442.5
418.5
394.5
450.0
516.0
483.0
487.5
345.0
361.5
372.0
463.5
526.5
487.5
363.0
495.0
487.5
459.0
435.0
495.0
465.0
432.0
364.5
319.5
453.0
513.0
381.0
469.5
477.0
435.0
433.5
468.0
360.0
505.5
453.0
529.5
453.0
474.0
457.5
493.5
415.5
499.5
514.5
436.5
475.5
483.0
303.0
451.5
498.0
456.0
481.5
493.5
439.5
268.5
462.0
483.0
480.0
468.0
435.0
376.5
520.5
415.5
438.0
487.5
529.5
435.0
396.0
208.5
516.0
471.0
423.0
406.5
409.5
397.5
501.0
462.0
472.5
472.5
402.0
523.5
390.0
441.0
406.5
504.0
462.0
457.5
490.5
474.0
466.5
474.0
504.0
457.5
493.5
484.5
517.5
487.5
481.5
369.0
453.0
396.0
489.0
480.0
453.0
495.0
465.0
471.0
504.0
502.5
271.5
373.5
439.5
483.0
487.5
445.5
495.0
489.0
460.5
498.0
496.5
472.5
450.0
423.0
298.5
519.0
522.0
463.5
468.0
510.0
456.0
460.5
393.0
375.0
490.5
501.0
513.0
435.0
471.0
490.5
120.0
513.0
435.0
501.0
457.5
423.0
501.0
427.5
490.5
492.0
475.5
471.0
475.5
484.5
463.5
478.5
411.0
447.0
442.5
418.5
378.0
475.5
204.0
496.5
469.5
450.0
303.0
436.5
493.5
508.5
403.5
426.0
453.0
447.0
421.5
348.0
457.5
426.0
507.0
442.5
423.0
510.0
504.0
478.5
483.0
435.0
337.5
486.0
373.5
445.5
474.0
411.0
438.0
439.5
460.5
430.5
330.0
469.5
483.0
468.0
472.5
517.5
387.0
525.0
471.0
501.0
457.5
442.5
438.0
505.5
486.0
453.0
460.5
403.5
406.5
343.5
495.0
322.5
495.0
451.5
493.5
499.5
472.5
432.0
412.5
495.0
411.0
481.5
205.5
436.5
516.0
478.5
475.5
448.5
526.5
450.0
415.5
495.0
487.5
480.0
487.5
510.0
426.0
454.5
531.0
438.0
408.0
471.0
472.5
451.5
469.5
450.0
177.0
445.5
376.5
469.5
474.0
525.0
385.5
516.0
502.5
466.5
499.5
487.5
388.5
384.0
273.0
478.5
466.5
331.5
451.5
487.5
333.0
459.0
258.0
433.5
493.5
483.0
442.5
432.0
444.0
508.5
388.5
283.5
456.0
445.5
397.5
441.0
490.5
462.0
456.0
403.5
453.0
480.0
459.0
492.0
376.5
33.0
474.0
436.5
510.0
490.5
393.0
426.0
414.0
442.5
502.5
441.0
472.5
477.0
492.0
417.0
445.5
517.5
483.0
429.0
486.0
364.5
399.0
415.5
376.5
372.0
456.0
487.5
448.5
277.5
493.5
438.0
412.5
465.0
501.0
487.5
516.0
520.5
358.5
484.5
483.0
375.0
496.5
414.0
489.0
444.0
483.0
481.5
276.0
165.0
310.5
426.0
358.5
532.5
427.5
498.0
403.5
432.0
375.0
492.0
423.0
499.5
370.5
516.0
495.0
277.5
249.0
418.5
468.0
511.5
435.0
502.5
483.0
453.0
477.0
454.5
405.0
426.0
490.5
439.5
483.0
490.5
478.5
454.5
481.5
406.5
441.0
483.0
501.0
507.0
343.5
498.0
420.0
519.0
501.0
438.0
435.0
504.0
426.0
504.0
487.5
501.0
444.0
369.0
511.5
459.0
388.5
345.0
525.0
493.5
280.5
112.5
453.0
391.5
457.5
363.0
466.5
454.5
472.5
372.0
417.0
471.0
481.5
426.0
387.0
432.0
408.0
466.5
418.5
442.5
448.5
400.5
406.5
412.5
456.0
426.0
283.5
255.0
481.5
508.5
427.5
211.5
405.0
187.5
487.5
462.0
420.0
459.0
241.5
504.0
462.0
445.5
502.5
394.5
492.0
310.5
516.0
474.0
465.0
454.5
480.0
466.5
304.5
487.5
493.5
468.0
414.0
463.5
490.5
456.0
502.5
358.5
387.0
430.5
385.5
483.0
243.0
414.0
481.5
450.0
16.5
439.5
409.5
454.5
483.0
463.5
501.0
406.5
420.0
367.5
462.0
498.0
400.5
432.0
436.5
463.5
460.5
466.5
438.0
163.5
435.0
453.0
418.5
508.5
442.5
507.0
463.5
472.5
451.5
498.0
483.0
508.5
523.5
484.5
486.0
421.5
502.5
499.5
445.5
466.5
510.0
396.0
478.5
502.5
349.5
471.0
325.5
429.0
529.5
498.0
367.5
414.0
484.5
91.5
484.5
439.5
403.5
412.5
505.5
78.0
469.5
324.0
463.5
460.5
412.5
510.0
478.5
484.5
501.0
367.5
507.0
435.0
409.5
493.5
478.5
430.5
448.5
411.0
474.0
489.0
427.5
390.0
507.0
526.5
505.5
504.0
411.0
447.0
454.5
487.5
402.0
405.0
402.0
463.5
487.5
402.0
406.5
421.5
481.5
432.0
430.5
514.5
498.0
468.0
493.5
444.0
463.5
276.0
448.5
297.0
418.5
435.0
402.0
471.0
475.5
414.0
487.5
430.5
496.5
462.0
531.0
429.0
484.5
297.0
445.5
426.0
445.5
489.0
427.5
450.0
409.5
478.5
507.0
535.5
451.5
528.0
408.0
355.5
483.0
453.0
451.5
438.0
370.5
373.5
285.0
492.0
369.0
519.0
510.0
460.5
474.0
417.0
468.0
463.5
396.0
475.5
430.5
424.5
415.5
463.5
417.0
369.0
415.5
504.0
373.5
429.0
439.5
453.0
463.5
447.0
393.0
355.5
484.5
436.5
90.0
436.5
445.5
448.5
438.0
387.0
397.5
454.5
496.5
454.5
463.5
495.0
417.0
504.0
307.5
478.5
357.0
492.0
433.5
429.0
462.0
483.0
387.0
427.5
492.0
489.0
321.0
439.5
400.5
498.0
480.0
475.5
465.0
508.5
354.0
364.5
468.0
523.5
520.5
394.5
414.0
495.0
468.0
511.5
387.0
477.0
424.5
328.5
430.5
450.0
367.5
522.0
427.5
462.0
474.0
498.0
477.0
447.0
510.0
445.5
489.0
457.5
472.5
274.5
501.0
471.0
462.0
391.5
456.0
483.0
445.5
409.5
438.0
388.5
456.0
508.5
445.5
421.5
253.5
304.5
511.5
438.0
298.5
508.5
457.5
427.5
501.0
420.0
466.5
481.5
504.0
460.5
496.5
484.5
475.5
465.0
342.0
480.0
454.5
502.5
120.0
361.5
453.0
478.5
508.5
415.5
99.0
405.0
432.0
408.0
472.5
513.0
355.5
477.0
451.5
289.5
393.0
349.5
444.0
495.0
481.5
499.5
502.5
426.0
484.5
465.0
472.5
388.5
475.5
210.0
463.5
480.0
409.5
457.5
480.0
477.0
475.5
471.0
346.5
433.5
454.5
450.0
496.5
471.0
459.0
435.0
490.5
456.0
261.0
475.5
511.5
427.5
508.5
261.0
444.0
465.0
465.0
445.5
433.5
445.5
522.0
415.5
339.0
447.0
337.5
418.5
468.0
451.5
445.5
459.0
504.0
475.5
505.5
505.5
465.0
417.0
339.0
504.0
507.0
460.5
511.5
456.0
534.0
489.0
502.5
454.5
417.0
477.0
486.0
426.0
439.5
369.0
432.0
510.0
525.0
502.5
426.0
442.5
423.0
426.0
345.0
481.5
492.0
406.5
468.0
498.0
273.0
520.5
426.0
528.0
510.0
466.5
493.5
426.0
378.0
486.0
448.5
459.0
411.0
489.0
198.0
382.5
379.5
447.0
448.5
454.5
469.5
469.5
486.0
447.0
496.5
466.5
391.5
502.5
507.0
456.0
378.0
504.0
82.5
448.5
300.0
408.0
430.5
495.0
453.0
189.0
259.5
468.0
465.0
465.0
504.0
484.5
366.0
69.0
460.5
465.0
369.0
457.5
327.0
466.5
453.0
427.5
465.0
481.5
505.5
463.5
162.0
382.5
417.0
483.0
412.5
475.5
466.5
486.0
415.5
531.0
511.5
505.5
484.5
474.0
436.5
457.5
513.0
457.5
475.5
241.5
369.0
442.5
517.5
396.0
483.0
198.0
393.0
472.5
435.0
478.5
465.0
490.5
531.0
409.5
252.0
355.5
459.0
454.5
295.5
142.5
495.0
493.5
469.5
423.0
495.0
483.0
469.5
505.5
492.0
384.0
435.0
411.0
463.5
528.0
382.5
483.0
496.5
489.0
499.5
493.5
480.0
475.5
489.0
400.5
394.5
447.0
387.0
450.0
484.5
475.5
411.0
447.0
511.5
435.0
445.5
460.5
501.0
480.0
456.0
460.5
430.5
427.5
283.5
385.5
340.5
462.0
453.0
496.5
493.5
462.0
511.5
492.0
480.0
495.0
487.5
459.0
439.5
481.5
364.5
429.0
454.5
448.5
444.0
432.0
406.5
432.0
408.0
469.5
453.0
495.0
484.5
496.5
436.5
438.0
490.5
448.5
465.0
481.5
487.5
490.5
462.0
480.0
508.5
481.5
486.0
520.5
318.0
516.0
421.5
418.5
343.5
226.5
394.5
492.0
247.5
522.0
37.5
448.5
342.0
471.0
475.5
283.5
445.5
468.0
459.0
481.5
451.5
381.0
451.5
439.5
510.0
465.0
514.5
484.5
486.0
462.0
453.0
355.5
475.5
444.0
480.0
370.5
259.5
436.5
436.5
468.0
405.0
498.0
376.5
448.5
