205.5
165.0
217.5
480.0
289.5
477.0
63.0
355.5
180.0
220.5
504.0
459.0
402.0
318.0
343.5
474.0
451.5
463.5
483.0
291.0
459.0
399.0
402.0
468.0
457.5
279.0
462.0
448.5
474.0
448.5
474.0
460.5
292.5
471.0
271.5
174.0
228.0
181.5
445.5
432.0
394.5
375.0
459.0
270.0
447.0
265.5
402.0
141.0
417.0
394.5
423.0
237.0
429.0
210.0
454.5
406.5
424.5
423.0
460.5
435.0
217.5
406.5
436.5
403.5
337.5
466.5
450.0
147.0
474.0
418.5
357.0
409.5
493.5
190.5
484.5
51.0
156.0
256.5
478.5
421.5
466.5
451.5
433.5
360.0
430.5
460.5
433.5
447.0
454.5
447.0
435.0
18.0
111.0
364.5
391.5
364.5
124.5
67.5
394.5
426.0
310.5
406.5
301.5
456.0
415.5
196.5
442.5
193.5
465.0
258.0
372.0
331.5
462.0
502.5
327.0
202.5
400.5
471.0
369.0
346.5
477.0
502.5
276.0
465.0
360.0
409.5
181.5
166.5
360.0
409.5
306.0
447.0
97.5
483.0
231.0
111.0
228.0
285.0
279.0
339.0
367.5
291.0
417.0
463.5
61.5
312.0
351.0
391.5
198.0
313.5
354.0
423.0
387.0
489.0
444.0
219.0
249.0
306.0
300.0
471.0
285.0
85.5
297.0
436.5
468.0
103.5
337.5
397.5
354.0
466.5
144.0
358.5
478.5
364.5
367.5
198.0
370.5
465.0
178.5
496.5
367.5
309.0
315.0
427.5
79.5
459.0
378.0
451.5
280.5
490.5
288.0
345.0
385.5
427.5
18.0
181.5
88.5
387.0
316.5
438.0
478.5
475.5
313.5
129.0
430.5
301.5
108.0
450.0
288.0
348.0
403.5
232.5
136.5
267.0
408.0
4.5
378.0
403.5
387.0
123.0
10.5
126.0
465.0
291.0
304.5
385.5
286.5
304.5
376.5
412.5
154.5
142.5
465.0
463.5
403.5
426.0
375.0
241.5
231.0
271.5
384.0
366.0
90.0
372.0
400.5
417.0
394.5
289.5
427.5
433.5
376.5
438.0
408.0
399.0
436.5
264.0
453.0
268.5
496.5
25.5
490.5
481.5
442.5
472.5
337.5
396.0
480.0
489.0
304.5
126.0
433.5
313.5
379.5
420.0
460.5
243.0
268.5
408.0
351.0
118.5
213.0
441.0
396.0
208.5
501.0
105.0
453.0
466.5
487.5
301.5
352.5
427.5
402.0
378.0
430.5
399.0
232.5
367.5
427.5
294.0
463.5
397.5
331.5
130.5
414.0
480.0
465.0
313.5
409.5
393.0
457.5
447.0
352.5
330.0
457.5
258.0
417.0
486.0
412.5
459.0
481.5
136.5
444.0
444.0
498.0
342.0
358.5
487.5
270.0
405.0
459.0
456.0
429.0
450.0
396.0
453.0
490.5
415.5
367.5
391.5
472.5
229.5
180.0
481.5
367.5
99.0
417.0
460.5
351.0
445.5
439.5
175.5
493.5
199.5
163.5
175.5
408.0
201.0
454.5
142.5
402.0
468.0
435.0
396.0
393.0
507.0
265.5
334.5
481.5
438.0
406.5
414.0
430.5
177.0
477.0
172.5
466.5
115.5
82.5
405.0
423.0
418.5
442.5
516.0
432.0
417.0
258.0
376.5
466.5
388.5
486.0
490.5
448.5
459.0
463.5
427.5
412.5
394.5
390.0
336.0
454.5
414.0
447.0
321.0
249.0
252.0
451.5
291.0
429.0
474.0
378.0
184.5
78.0
465.0
373.5
12.0
298.5
282.0
439.5
370.5
232.5
394.5
513.0
445.5
418.5
106.5
240.0
172.5
390.0
321.0
459.0
208.5
414.0
352.5
481.5
474.0
126.0
478.5
268.5
393.0
40.5
426.0
400.5
420.0
424.5
333.0
223.5
418.5
418.5
387.0
321.0
277.5
139.5
349.5
408.0
201.0
424.5
382.5
430.5
249.0
436.5
429.0
105.0
390.0
258.0
447.0
420.0
370.5
135.0
358.5
453.0
273.0
448.5
343.5
370.5
154.5
400.5
294.0
327.0
388.5
250.5
430.5
225.0
291.0
453.0
373.5
457.5
408.0
261.0
444.0
382.5
475.5
475.5
441.0
454.5
270.0
342.0
342.0
264.0
430.5
331.5
439.5
493.5
370.5
228.0
387.0
418.5
387.0
498.0
408.0
390.0
214.5
325.5
384.0
319.5
313.5
229.5
132.0
372.0
406.5
334.5
355.5
63.0
424.5
382.5
367.5
285.0
237.0
295.5
312.0
433.5
469.5
405.0
457.5
415.5
466.5
475.5
480.0
417.0
387.0
381.0
408.0
415.5
364.5
87.0
444.0
150.0
403.5
364.5
501.0
454.5
466.5
262.5
211.5
343.5
400.5
487.5
304.5
270.0
456.0
408.0
447.0
396.0
108.0
108.0
468.0
277.5
222.0
447.0
439.5
457.5
471.0
280.5
448.5
399.0
474.0
499.5
291.0
412.5
178.5
499.5
415.5
421.5
376.5
424.5
396.0
394.5
304.5
258.0
454.5
219.0
61.5
430.5
453.0
355.5
402.0
408.0
468.0
460.5
442.5
250.5
484.5
336.0
415.5
354.0
66.0
472.5
469.5
319.5
306.0
507.0
417.0
49.5
459.0
451.5
397.5
207.0
366.0
343.5
277.5
340.5
495.0
334.5
414.0
447.0
373.5
273.0
306.0
372.0
198.0
316.5
469.5
457.5
97.5
303.0
319.5
466.5
430.5
307.5
387.0
352.5
432.0
304.5
381.0
421.5
75.0
432.0
490.5
346.5
237.0
460.5
483.0
310.5
351.0
283.5
366.0
249.0
396.0
496.5
405.0
433.5
436.5
340.5
346.5
454.5
294.0
282.0
496.5
313.5
388.5
54.0
159.0
250.5
457.5
412.5
117.0
382.5
435.0
460.5
255.0
454.5
382.5
421.5
396.0
369.0
192.0
424.5
373.5
397.5
396.0
172.5
432.0
282.0
387.0
342.0
202.5
370.5
168.0
123.0
180.0
187.5
295.5
291.0
123.0
450.0
415.5
288.0
294.0
249.0
256.5
426.0
411.0
466.5
132.0
462.0
351.0
448.5
394.5
180.0
178.5
450.0
414.0
354.0
346.5
406.5
235.5
478.5
292.5
250.5
408.0
457.5
366.0
411.0
399.0
451.5
456.0
361.5
462.0
459.0
358.5
330.0
306.0
433.5
196.5
409.5
495.0
474.0
172.5
481.5
435.0
487.5
403.5
265.5
180.0
214.5
355.5
435.0
496.5
472.5
457.5
43.5
400.5
48.0
271.5
159.0
378.0
208.5
405.0
454.5
459.0
480.0
450.0
361.5
301.5
472.5
283.5
370.5
226.5
463.5
357.0
169.5
280.5
273.0
333.0
388.5
462.0
346.5
156.0
180.0
306.0
360.0
432.0
306.0
406.5
493.5
463.5
177.0
325.5
457.5
250.5
388.5
289.5
231.0
166.5
130.5
279.0
454.5
192.0
406.5
333.0
391.5
324.0
360.0
445.5
397.5
256.5
315.0
439.5
249.0
267.0
190.5
495.0
241.5
408.0
441.0
400.5
420.0
441.0
97.5
414.0
99.0
334.5
339.0
334.5
465.0
474.0
438.0
418.5
412.5
249.0
351.0
480.0
334.5
360.0
337.5
462.0
411.0
445.5
430.5
352.5
213.0
190.5
336.0
504.0
187.5
481.5
427.5
309.0
430.5
148.5
328.5
343.5
372.0
478.5
156.0
333.0
100.5
390.0
330.0
273.0
57.0
256.5
340.5
381.0
444.0
444.0
142.5
423.0
396.0
276.0
319.5
496.5
139.5
343.5
444.0
195.0
435.0
423.0
189.0
432.0
402.0
250.5
351.0
321.0
385.5
484.5
448.5
115.5
498.0
448.5
439.5
415.5
361.5
397.5
127.5
399.0
244.5
448.5
388.5
448.5
367.5
462.0
505.5
481.5
469.5
24.0
334.5
384.0
291.0
366.0
445.5
397.5
445.5
444.0
115.5
385.5
438.0
412.5
478.5
259.5
435.0
408.0
409.5
450.0
309.0
496.5
346.5
402.0
421.5
358.5
405.0
378.0
466.5
409.5
246.0
424.5
492.0
345.0
445.5
99.0
435.0
391.5
450.0
138.0
388.5
468.0
426.0
418.5
184.5
387.0
445.5
400.5
408.0
445.5
447.0
409.5
399.0
262.5
229.5
396.0
313.5
469.5
423.0
322.5
487.5
378.0
336.0
381.0
379.5
384.0
286.5
469.5
439.5
184.5
498.0
261.0
382.5
160.5
369.0
246.0
499.5
298.5
304.5
474.0
58.5
238.5
259.5
417.0
313.5
210.0
427.5
291.0
165.0
451.5
426.0
396.0
262.5
298.5
427.5
79.5
499.5
228.0
301.5
409.5
361.5
459.0
342.0
465.0
387.0
145.5
369.0
261.0
474.0
405.0
450.0
375.0
312.0
102.0
214.5
469.5
414.0
433.5
192.0
469.5
276.0
352.5
336.0
399.0
367.5
447.0
357.0
442.5
358.5
358.5
298.5
219.0
405.0
174.0
291.0
112.5
186.0
466.5
435.0
136.5
396.0
64.5
415.5
489.0
378.0
222.0
211.5
328.5
420.0
459.0
183.0
465.0
381.0
301.5
331.5
133.5
271.5
501.0
481.5
426.0
474.0
415.5
310.5
291.0
273.0
501.0
369.0
412.5
402.0
430.5
264.0
99.0
462.0
339.0
460.5
357.0
193.5
361.5
471.0
324.0
265.5
480.0
16.5
442.5
457.5
454.5
388.5
354.0
156.0
217.5
114.0
445.5
387.0
232.5
409.5
352.5
78.0
258.0
445.5
382.5
426.0
118.5
406.5
414.0
148.5
388.5
399.0
348.0
465.0
318.0
295.5
387.0
382.5
118.5
417.0
222.0
292.5
211.5
381.0
495.0
256.5
474.0
165.0
399.0
504.0
481.5
372.0
135.0
486.0
453.0
429.0
343.5
84.0
97.5
439.5
454.5
448.5
475.5
511.5
429.0
379.5
475.5
465.0
298.5
189.0
424.5
199.5
328.5
453.0
414.0
276.0
459.0
384.0
412.5
373.5
366.0
397.5
246.0
387.0
165.0
232.5
253.5
474.0
150.0
234.0
225.0
430.5
388.5
490.5
351.0
426.0
49.5
345.0
408.0
415.5
223.5
235.5
474.0
397.5
424.5
450.0
451.5
481.5
400.5
483.0
462.0
519.0
343.5
262.5
327.0
414.0
306.0
442.5
502.5
303.0
457.5
313.5
433.5
297.0
453.0
232.5
450.0
228.0
214.5
379.5
493.5
421.5
373.5
402.0
286.5
430.5
327.0
408.0
417.0
205.5
406.5
477.0
334.5
364.5
445.5
264.0
388.5
270.0
159.0
319.5
210.0
405.0
459.0
76.5
90.0
199.5
435.0
99.0
130.5
303.0
403.5
357.0
441.0
451.5
219.0
438.0
447.0
445.5
378.0
462.0
495.0
426.0
204.0
111.0
478.5
412.5
463.5
199.5
439.5
216.0
375.0
394.5
471.0
462.0
451.5
379.5
246.0
439.5
468.0
156.0
484.5
489.0
438.0
463.5
439.5
444.0
369.0
391.5
130.5
352.5
390.0
96.0
406.5
465.0
81.0
307.5
246.0
334.5
453.0
405.0
190.5
447.0
346.5
313.5
438.0
240.0
313.5
342.0
516.0
495.0
342.0
360.0
357.0
270.0
300.0
235.5
367.5
468.0
126.0
292.5
427.5
384.0
157.5
448.5
486.0
49.5
369.0
385.5
376.5
375.0
480.0
403.5
373.5
454.5
141.0
420.0
229.5
114.0
363.0
427.5
423.0
441.0
178.5
376.5
439.5
363.0
355.5
340.5
466.5
462.0
427.5
366.0
336.0
232.5
238.5
327.0
223.5
435.0
135.0
186.0
423.0
487.5
486.0
151.5
363.0
468.0
442.5
363.0
366.0
427.5
361.5
471.0
480.0
375.0
331.5
339.0
244.5
402.0
187.5
145.5
300.0
436.5
475.5
429.0
397.5
285.0
33.0
157.5
501.0
241.5
274.5
415.5
366.0
43.5
333.0
318.0
495.0
213.0
217.5
151.5
148.5
312.0
457.5
388.5
438.0
330.0
270.0
457.5
408.0
369.0
309.0
69.0
387.0
420.0
360.0
453.0
451.5
444.0
300.0
451.5
411.0
216.0
67.5
301.5
336.0
231.0
312.0
450.0
420.0
453.0
481.5
426.0
444.0
469.5
390.0
85.5
499.5
105.0
396.0
213.0
460.5
135.0
261.0
363.0
441.0
463.5
297.0
213.0
459.0
102.0
480.0
448.5
411.0
154.5
484.5
466.5
496.5
399.0
429.0
324.0
225.0
241.5
516.0
115.5
375.0
450.0
426.0
463.5
486.0
457.5
462.0
225.0
447.0
474.0
99.0
396.0
327.0
388.5
411.0
447.0
271.5
265.5
397.5
55.5
318.0
217.5
246.0
135.0
478.5
454.5
498.0
196.5
463.5
157.5
364.5
367.5
276.0
378.0
481.5
481.5
60.0
166.5
376.5
426.0
360.0
469.5
250.5
190.5
367.5
430.5
180.0
451.5
160.5
366.0
339.0
424.5
343.5
462.0
465.0
475.5
435.0
331.5
406.5
415.5
411.0
379.5
361.5
453.0
177.0
429.0
348.0
436.5
468.0
199.5
130.5
468.0
355.5
319.5
138.0
349.5
484.5
402.0
384.0
115.5
396.0
504.0
354.0
298.5
367.5
85.5
276.0
394.5
349.5
385.5
303.0
222.0
430.5
393.0
322.5
358.5
327.0
373.5
82.5
471.0
483.0
351.0
471.0
409.5
352.5
76.5
490.5
313.5
421.5
286.5
301.5
298.5
241.5
364.5
295.5
514.5
163.5
414.0
489.0
405.0
453.0
480.0
253.5
360.0
445.5
328.5
355.5
385.5
232.5
358.5
472.5
192.0
490.5
379.5
465.0
412.5
438.0
337.5
255.0
219.0
436.5
451.5
262.5
172.5
288.0
207.0
418.5
291.0
330.0
360.0
463.5
274.5
466.5
484.5
364.5
262.5
450.0
132.0
457.5
309.0
358.5
396.0
409.5
462.0
288.0
427.5
99.0
381.0
462.0
454.5
432.0
463.5
360.0
450.0
343.5
78.0
402.0
466.5
454.5
460.5
450.0
391.5
457.5
358.5
427.5
192.0
361.5
343.5
454.5
264.0
451.5
358.5
169.5
363.0
493.5
466.5
268.5
454.5
453.0
411.0
187.5
349.5
369.0
424.5
393.0
454.5
393.0
483.0
448.5
412.5
460.5
424.5
414.0
447.0
298.5
349.5
483.0
421.5
481.5
414.0
378.0
406.5
217.5
214.5
411.0
475.5
412.5
348.0
498.0
162.0
436.5
349.5
492.0
319.5
400.5
288.0
297.0
261.0
420.0
439.5
420.0
453.0
216.0
423.0
406.5
355.5
372.0
405.0
340.5
441.0
435.0
442.5
505.5
477.0
453.0
232.5
424.5
423.0
403.5
369.0
420.0
360.0
148.5
106.5
306.0
217.5
378.0
495.0
355.5
186.0
445.5
370.5
340.5
189.0
199.5
363.0
478.5
310.5
324.0
432.0
460.5
240.0
387.0
426.0
400.5
450.0
136.5
186.0
210.0
451.5
327.0
348.0
231.0
52.5
429.0
399.0
300.0
289.5
321.0
507.0
432.0
417.0
384.0
256.5
436.5
310.5
436.5
418.5
297.0
400.5
67.5
300.0
253.5
502.5
114.0
469.5
432.0
409.5
418.5
430.5
463.5
216.0
388.5
409.5
111.0
340.5
466.5
487.5
54.0
241.5
408.0
414.0
205.5
285.0
273.0
337.5
364.5
451.5
441.0
408.0
318.0
421.5
372.0
397.5
204.0
322.5
337.5
376.5
358.5
169.5
465.0
489.0
291.0
493.5
426.0
504.0
381.0
409.5
445.5
396.0
379.5
342.0
465.0
481.5
501.0
496.5
216.0
444.0
360.0
177.0
499.5
478.5
417.0
442.5
465.0
505.5
282.0
363.0
384.0
439.5
285.0
445.5
459.0
381.0
444.0
436.5
261.0
139.5
438.0
381.0
451.5
276.0
357.0
490.5
349.5
412.5
450.0
268.5
496.5
385.5
468.0
399.0
271.5
481.5
448.5
217.5
420.0
436.5
436.5
438.0
364.5
202.5
300.0
433.5
315.0
304.5
309.0
76.5
345.0
348.0
310.5
369.0
219.0
495.0
447.0
369.0
501.0
378.0
412.5
391.5
418.5
40.5
442.5
303.0
205.5
424.5
414.0
496.5
318.0
397.5
228.0
385.5
447.0
370.5
405.0
123.0
486.0
391.5
169.5
385.5
417.0
211.5
286.5
406.5
424.5
400.5
399.0
238.5
123.0
429.0
457.5
294.0
387.0
61.5
496.5
195.0
121.5
270.0
406.5
37.5
471.0
433.5
469.5
217.5
406.5
490.5
453.0
402.0
349.5
174.0
244.5
18.0
409.5
99.0
508.5
385.5
457.5
424.5
367.5
421.5
421.5
498.0
361.5
391.5
363.0
394.5
381.0
415.5
477.0
412.5
381.0
504.0
447.0
367.5
442.5
444.0
484.5
429.0
406.5
123.0
345.0
169.5
402.0
363.0
402.0
468.0
393.0
312.0
433.5
418.5
363.0
493.5
444.0
420.0
279.0
130.5
430.5
361.5
115.5
442.5
81.0
471.0
414.0
394.5
490.5
183.0
145.5
442.5
409.5
145.5
348.0
435.0
502.5
316.5
510.0
388.5
483.0
390.0
423.0
280.5
393.0
441.0
346.5
202.5
459.0
291.0
307.5
459.0
381.0
375.0
436.5
361.5
333.0
246.0
505.5
337.5
106.5
207.0
357.0
441.0
498.0
417.0
211.5
424.5
340.5
160.5
241.5
309.0
387.0
451.5
358.5
483.0
117.0
364.5
438.0
421.5
465.0
201.0
286.5
355.5
343.5
322.5
109.5
349.5
66.0
255.0
465.0
405.0
502.5
385.5
511.5
349.5
487.5
417.0
496.5
435.0
421.5
219.0
397.5
387.0
252.0
313.5
453.0
370.5
456.0
282.0
327.0
90.0
451.5
390.0
385.5
244.5
375.0
349.5
418.5
42.0
460.5
241.5
444.0
459.0
493.5
4.5
162.0
282.0
450.0
429.0
490.5
358.5
513.0
210.0
405.0
414.0
280.5
478.5
426.0
468.0
94.5
279.0
393.0
285.0
78.0
409.5
426.0
424.5
133.5
87.0
415.5
372.0
220.5
471.0
403.5
133.5
34.5
450.0
357.0
417.0
108.0
504.0
462.0
304.5
358.5
73.5
121.5
418.5
475.5
433.5
444.0
307.5
81.0
418.5
117.0
412.5
426.0
334.5
391.5
438.0
318.0
465.0
328.5
294.0
415.5
381.0
136.5
478.5
403.5
424.5
76.5
348.0
480.0
388.5
468.0
367.5
388.5
388.5
195.0
343.5
415.5
408.0
378.0
330.0
385.5
280.5
456.0
463.5
393.0
430.5
273.0
370.5
405.0
492.0
450.0
49.5
402.0
451.5
370.5
391.5
439.5
486.0
436.5
244.5
394.5
477.0
144.0
211.5
267.0
357.0
445.5
88.5
486.0
318.0
372.0
106.5
429.0
406.5
352.5
313.5
321.0
157.5
162.0
360.0
448.5
445.5
424.5
436.5
351.0
178.5
406.5
259.5
370.5
292.5
471.0
151.5
438.0
382.5
219.0
226.5
334.5
502.5
393.0
382.5
508.5
448.5
102.0
477.0
465.0
457.5
406.5
231.0
418.5
466.5
495.0
159.0
111.0
483.0
51.0
450.0
337.5
358.5
435.0
153.0
471.0
94.5
411.0
295.5
394.5
105.0
451.5
379.5
372.0
186.0
400.5
235.5
495.0
327.0
460.5
150.0
373.5
316.5
306.0
447.0
433.5
97.5
492.0
129.0
414.0
466.5
427.5
447.0
456.0
45.0
252.0
453.0
406.5
376.5
256.5
271.5
274.5
340.5
316.5
390.0
436.5
423.0
459.0
432.0
270.0
276.0
367.5
111.0
450.0
400.5
288.0
370.5
103.5
69.0
145.5
394.5
271.5
451.5
355.5
63.0
351.0
378.0
453.0
240.0
460.5
294.0
364.5
237.0
426.0
445.5
426.0
513.0
478.5
484.5
277.5
169.5
480.0
439.5
471.0
445.5
477.0
321.0
306.0
499.5
459.0
453.0
85.5
358.5
408.0
408.0
454.5
214.5
181.5
348.0
397.5
226.5
153.0
465.0
87.0
370.5
214.5
205.5
388.5
288.0
321.0
328.5
376.5
486.0
358.5
390.0
354.0
204.0
229.5
400.5
328.5
429.0
147.0
486.0
265.5
472.5
319.5
451.5
436.5
433.5
465.0
369.0
51.0
384.0
96.0
414.0
343.5
462.0
208.5
438.0
388.5
415.5
478.5
225.0
337.5
441.0
276.0
462.0
195.0
304.5
447.0
435.0
411.0
492.0
457.5
285.0
448.5
492.0
295.5
460.5
204.0
435.0
352.5
405.0
247.5
381.0
417.0
471.0
349.5
360.0
339.0
49.5
324.0
390.0
289.5
321.0
480.0
363.0
202.5
396.0
399.0
114.0
432.0
412.5
426.0
303.0
204.0
432.0
442.5
360.0
327.0
340.5
417.0
396.0
246.0
397.5
27.0
330.0
312.0
115.5
258.0
150.0
250.5
331.5
349.5
375.0
181.5
454.5
288.0
19.5
498.0
465.0
154.5
480.0
235.5
424.5
405.0
259.5
436.5
420.0
405.0
307.5
423.0
402.0
64.5
426.0
504.0
151.5
411.0
390.0
289.5
427.5
349.5
418.5
300.0
264.0
438.0
213.0
448.5
399.0
361.5
423.0
379.5
42.0
406.5
336.0
304.5
438.0
319.5
393.0
463.5
441.0
414.0
460.5
127.5
262.5
229.5
495.0
460.5
321.0
303.0
490.5
253.5
516.0
346.5
192.0
466.5
337.5
454.5
430.5
433.5
462.0
400.5
312.0
394.5
307.5
448.5
259.5
265.5
484.5
427.5
448.5
306.0
405.0
312.0
429.0
457.5
469.5
381.0
340.5
162.0
382.5
459.0
375.0
468.0
280.5
484.5
457.5
396.0
327.0
417.0
115.5
196.5
361.5
469.5
304.5
358.5
492.0
421.5
444.0
427.5
462.0
420.0
427.5
451.5
315.0
349.5
369.0
477.0
126.0
468.0
387.0
412.5
385.5
349.5
402.0
448.5
483.0
279.0
459.0
427.5
315.0
228.0
253.5
307.5
360.0
406.5
355.5
216.0
381.0
432.0
373.5
429.0
102.0
460.5
343.5
402.0
388.5
393.0
138.0
360.0
444.0
432.0
198.0
447.0
196.5
348.0
289.5
346.5
444.0
31.5
466.5
471.0
379.5
370.5
162.0
415.5
477.0
418.5
366.0
217.5
334.5
282.0
468.0
420.0
174.0
429.0
339.0
436.5
355.5
316.5
505.5
373.5
417.0
436.5
393.0
385.5
409.5
390.0
421.5
465.0
243.0
160.5
394.5
379.5
475.5
430.5
448.5
211.5
366.0
436.5
342.0
426.0
456.0
435.0
499.5
432.0
399.0
331.5
462.0
472.5
310.5
381.0
340.5
504.0
120.0
418.5
466.5
424.5
462.0
427.5
438.0
136.5
394.5
412.5
511.5
441.0
445.5
253.5
163.5
477.0
450.0
49.5
157.5
366.0
285.0
454.5
292.5
501.0
421.5
291.0
405.0
474.0
468.0
453.0
412.5
483.0
417.0
381.0
456.0
466.5
489.0
451.5
345.0
105.0
339.0
151.5
444.0
433.5
483.0
241.5
432.0
241.5
489.0
432.0
318.0
246.0
231.0
429.0
346.5
367.5
282.0
510.0
436.5
402.0
307.5
361.5
469.5
90.0
460.5
396.0
379.5
228.0
205.5
129.0
159.0
208.5
403.5
444.0
453.0
409.5
198.0
382.5
514.5
69.0
459.0
145.5
423.0
454.5
165.0
427.5
220.5
436.5
174.0
268.5
348.0
469.5
447.0
30.0
372.0
283.5
159.0
244.5
219.0
310.5
348.0
213.0
418.5
438.0
109.5
70.5
385.5
288.0
408.0
468.0
462.0
454.5
120.0
487.5
313.5
339.0
33.0
474.0
499.5
394.5
508.5
198.0
361.5
177.0
468.0
178.5
276.0
322.5
471.0
388.5
88.5
438.0
307.5
286.5
475.5
504.0
358.5
153.0
273.0
81.0
463.5
423.0
409.5
384.0
331.5
319.5
330.0
469.5
70.5
280.5
85.5
501.0
297.0
408.0
442.5
348.0
466.5
424.5
339.0
129.0
426.0
357.0
417.0
400.5
417.0
402.0
78.0
439.5
402.0
228.0
406.5
412.5
421.5
370.5
285.0
312.0
369.0
46.5
385.5
402.0
229.5
496.5
412.5
366.0
375.0
436.5
247.5
450.0
493.5
447.0
151.5
261.0
400.5
85.5
481.5
439.5
63.0
126.0
469.5
432.0
319.5
342.0
493.5
438.0
453.0
340.5
429.0
387.0
394.5
415.5
375.0
358.5
498.0
222.0
198.0
300.0
370.5
423.0
100.5
438.0
471.0
331.5
412.5
252.0
301.5
192.0
51.0
490.5
429.0
420.0
70.5
358.5
342.0
510.0
225.0
361.5
286.5
24.0
498.0
357.0
180.0
487.5
372.0
405.0
324.0
421.5
415.5
364.5
241.5
40.5
454.5
462.0
363.0
415.5
234.0
475.5
403.5
229.5
495.0
453.0
54.0
381.0
493.5
235.5
496.5
318.0
429.0
345.0
298.5
324.0
127.5
339.0
300.0
316.5
48.0
403.5
204.0
387.0
435.0
339.0
472.5
474.0
394.5
363.0
298.5
478.5
432.0
484.5
175.5
382.5
238.5
402.0
456.0
460.5
435.0
244.5
393.0
375.0
439.5
58.5
442.5
291.0
411.0
439.5
472.5
100.5
195.0
423.0
229.5
76.5
486.0
394.5
406.5
417.0
373.5
123.0
402.0
447.0
313.5
376.5
330.0
454.5
327.0
409.5
357.0
433.5
429.0
256.5
492.0
469.5
408.0
325.5
184.5
393.0
211.5
285.0
327.0
300.0
238.5
396.0
415.5
454.5
469.5
463.5
142.5
348.0
187.5
474.0
463.5
150.0
426.0
453.0
36.0
508.5
439.5
435.0
372.0
322.5
172.5
408.0
414.0
454.5
300.0
291.0
448.5
406.5
469.5
402.0
420.0
270.0
405.0
328.5
486.0
171.0
369.0
337.5
273.0
340.5
121.5
367.5
184.5
445.5
99.0
469.5
436.5
442.5
250.5
379.5
459.0
405.0
397.5
399.0
304.5
354.0
409.5
303.0
100.5
424.5
453.0
70.5
400.5
271.5
297.0
466.5
204.0
291.0
264.0
342.0
333.0
465.0
366.0
435.0
411.0
397.5
265.5
207.0
427.5
285.0
346.5
367.5
496.5
423.0
447.0
376.5
244.5
369.0
279.0
459.0
300.0
202.5
378.0
456.0
312.0
406.5
315.0
424.5
363.0
162.0
388.5
264.0
154.5
415.5
420.0
417.0
484.5
454.5
321.0
198.0
69.0
220.5
492.0
192.0
412.5
414.0
481.5
387.0
169.5
160.5
442.5
285.0
369.0
433.5
433.5
315.0
402.0
111.0
160.5
433.5
217.5
453.0
444.0
502.5
402.0
381.0
414.0
375.0
379.5
421.5
108.0
393.0
25.5
445.5
502.5
223.5
207.0
288.0
397.5
367.5
369.0
298.5
72.0
417.0
310.5
480.0
439.5
87.0
433.5
328.5
424.5
384.0
253.5
411.0
426.0
426.0
373.5
262.5
508.5
462.0
328.5
418.5
279.0
370.5
490.5
420.0
312.0
427.5
475.5
330.0
82.5
502.5
477.0
106.5
417.0
438.0
334.5
444.0
411.0
418.5
417.0
403.5
468.0
448.5
414.0
111.0
250.5
510.0
390.0
420.0
376.5
420.0
237.0
478.5
348.0
406.5
358.5
138.0
267.0
402.0
456.0
339.0
480.0
394.5
49.5
460.5
181.5
301.5
325.5
285.0
459.0
153.0
387.0
261.0
513.0
433.5
258.0
204.0
376.5
295.5
391.5
435.0
316.5
402.0
381.0
193.5
324.0
456.0
357.0
432.0
261.0
180.0
427.5
417.0
223.5
226.5
445.5
363.0
412.5
489.0
387.0
337.5
472.5
358.5
253.5
358.5
216.0
474.0
429.0
190.5
414.0
364.5
456.0
382.5
367.5
339.0
448.5
423.0
163.5
475.5
432.0
480.0
466.5
394.5
360.0
217.5
427.5
366.0
19.5
306.0
436.5
394.5
363.0
478.5
480.0
309.0
109.5
313.5
414.0
433.5
408.0
349.5
457.5
292.5
178.5
387.0
453.0
444.0
366.0
256.5
481.5
441.0
436.5
108.0
226.5
450.0
276.0
268.5
457.5
234.0
202.5
91.5
441.0
289.5
201.0
406.5
369.0
457.5
280.5
276.0
255.0
253.5
472.5
267.0
106.5
414.0
400.5
99.0
393.0
486.0
225.0
400.5
468.0
447.0
220.5
477.0
403.5
471.0
349.5
442.5
310.5
388.5
285.0
454.5
430.5
421.5
445.5
247.5
376.5
414.0
447.0
430.5
385.5
418.5
442.5
429.0
436.5
400.5
247.5
420.0
289.5
358.5
384.0
475.5
418.5
430.5
370.5
109.5
283.5
435.0
391.5
387.0
423.0
490.5
397.5
342.0
411.0
441.0
492.0
345.0
478.5
196.5
327.0
517.5
64.5
334.5
391.5
172.5
402.0
195.0
447.0
405.0
402.0
234.0
279.0
447.0
466.5
342.0
460.5
156.0
466.5
474.0
396.0
382.5
459.0
117.0
384.0
453.0
319.5
460.5
354.0
390.0
334.5
186.0
330.0
378.0
469.5
483.0
454.5
370.5
306.0
123.0
412.5
231.0
307.5
306.0
487.5
426.0
382.5
469.5
399.0
348.0
139.5
475.5
373.5
508.5
400.5
400.5
472.5
276.0
364.5
409.5
319.5
367.5
288.0
487.5
324.0
181.5
238.5
403.5
403.5
195.0
199.5
499.5
462.0
385.5
322.5
217.5
505.5
304.5
343.5
277.5
480.0
474.0
477.0
327.0
414.0
417.0
394.5
474.0
463.5
402.0
390.0
411.0
379.5
450.0
264.0
330.0
300.0
411.0
423.0
315.0
327.0
103.5
430.5
483.0
457.5
405.0
379.5
252.0
444.0
471.0
349.5
457.5
399.0
424.5
438.0
313.5
123.0
486.0
463.5
385.5
135.0
432.0
384.0
27.0
450.0
199.5
363.0
414.0
406.5
168.0
382.5
237.0
90.0
465.0
468.0
436.5
159.0
456.0
442.5
448.5
433.5
441.0
460.5
435.0
441.0
291.0
253.5
115.5
430.5
432.0
436.5
477.0
454.5
375.0
300.0
489.0
357.0
459.0
166.5
237.0
451.5
297.0
259.5
120.0
192.0
231.0
433.5
327.0
196.5
474.0
378.0
342.0
150.0
154.5
394.5
370.5
417.0
477.0
429.0
355.5
261.0
430.5
249.0
340.5
483.0
274.5
340.5
241.5
450.0
360.0
394.5
303.0
91.5
288.0
415.5
387.0
427.5
327.0
444.0
336.0
451.5
150.0
448.5
400.5
298.5
369.0
433.5
358.5
151.5
301.5
354.0
145.5
279.0
456.0
469.5
415.5
184.5
474.0
235.5
222.0
385.5
171.0
367.5
475.5
394.5
199.5
427.5
493.5
481.5
414.0
391.5
301.5
384.0
348.0
495.0
481.5
321.0
250.5
417.0
252.0
445.5
370.5
330.0
369.0
520.5
237.0
316.5
517.5
394.5
396.0
430.5
430.5
378.0
165.0
301.5
124.5
363.0
421.5
489.0
456.0
96.0
193.5
241.5
400.5
394.5
243.0
156.0
468.0
442.5
82.5
418.5
438.0
295.5
442.5
486.0
210.0
177.0
141.0
478.5
432.0
456.0
387.0
307.5
120.0
373.5
312.0
331.5
274.5
409.5
405.0
84.0
414.0
474.0
322.5
222.0
438.0
198.0
358.5
393.0
19.5
309.0
307.5
324.0
34.5
105.0
97.5
76.5
442.5
442.5
411.0
442.5
460.5
420.0
94.5
463.5
430.5
496.5
442.5
292.5
267.0
309.0
222.0
444.0
279.0
400.5
171.0
111.0
261.0
444.0
355.5
502.5
360.0
432.0
468.0
328.5
348.0
442.5
390.0
360.0
174.0
426.0
216.0
127.5
274.5
268.5
319.5
412.5
420.0
460.5
388.5
495.0
177.0
400.5
454.5
475.5
508.5
448.5
270.0
286.5
235.5
427.5
469.5
381.0
480.0
145.5
388.5
439.5
253.5
310.5
393.0
363.0
418.5
202.5
394.5
64.5
147.0
396.0
355.5
114.0
492.0
457.5
466.5
291.0
283.5
145.5
354.0
258.0
69.0
283.5
336.0
241.5
252.0
318.0
354.0
421.5
484.5
451.5
421.5
480.0
375.0
225.0
277.5
436.5
373.5
468.0
456.0
444.0
400.5
165.0
385.5
423.0
297.0
471.0
274.5
438.0
289.5
406.5
240.0
493.5
469.5
282.0
429.0
393.0
319.5
453.0
177.0
480.0
435.0
367.5
487.5
30.0
447.0
241.5
226.5
352.5
46.5
127.5
462.0
403.5
115.5
271.5
90.0
349.5
381.0
208.5
415.5
507.0
112.5
423.0
378.0
474.0
366.0
484.5
432.0
465.0
310.5
165.0
445.5
318.0
429.0
390.0
378.0
408.0
42.0
193.5
456.0
328.5
469.5
285.0
369.0
333.0
432.0
457.5
364.5
295.5
294.0
159.0
279.0
108.0
478.5
402.0
415.5
243.0
379.5
144.0
496.5
445.5
325.5
414.0
447.0
42.0
394.5
333.0
348.0
217.5
477.0
414.0
460.5
180.0
168.0
163.5
201.0
352.5
247.5
457.5
255.0
465.0
492.0
357.0
478.5
450.0
285.0
201.0
403.5
321.0
414.0
465.0
289.5
436.5
271.5
438.0
490.5
405.0
288.0
394.5
348.0
355.5
357.0
355.5
304.5
345.0
382.5
415.5
310.5
327.0
388.5
391.5
178.5
408.0
103.5
307.5
450.0
459.0
382.5
346.5
309.0
490.5
391.5
322.5
430.5
478.5
387.0
411.0
403.5
465.0
103.5
375.0
79.5
201.0
472.5
424.5
475.5
340.5
153.0
105.0
310.5
495.0
223.5
256.5
208.5
451.5
457.5
477.0
370.5
438.0
487.5
148.5
469.5
310.5
250.5
451.5
352.5
420.0
361.5
471.0
351.0
306.0
66.0
375.0
367.5
58.5
229.5
430.5
421.5
418.5
457.5
237.0
505.5
60.0
309.0
484.5
414.0
436.5
387.0
364.5
256.5
205.5
210.0
328.5
390.0
511.5
370.5
295.5
504.0
300.0
457.5
349.5
130.5
435.0
367.5
220.5
402.0
313.5
145.5
477.0
430.5
463.5
172.5
447.0
361.5
409.5
493.5
348.0
397.5
468.0
364.5
352.5
103.5
294.0
438.0
303.0
462.0
438.0
291.0
445.5
420.0
88.5
510.0
450.0
106.5
358.5
237.0
355.5
453.0
445.5
495.0
156.0
255.0
418.5
397.5
390.0
387.0
399.0
480.0
424.5
328.5
27.0
481.5
442.5
432.0
453.0
393.0
424.5
460.5
496.5
408.0
247.5
171.0
421.5
372.0
159.0
400.5
376.5
234.0
375.0
439.5
466.5
300.0
304.5
367.5
391.5
451.5
93.0
363.0
433.5
118.5
285.0
451.5
435.0
466.5
364.5
328.5
468.0
445.5
450.0
489.0
463.5
156.0
435.0
276.0
436.5
237.0
445.5
357.0
484.5
465.0
445.5
70.5
196.5
450.0
139.5
436.5
126.0
421.5
492.0
429.0
444.0
174.0
406.5
466.5
99.0
381.0
436.5
465.0
319.5
412.5
484.5
489.0
301.5
471.0
471.0
429.0
307.5
294.0
487.5
511.5
217.5
465.0
432.0
457.5
330.0
381.0
262.5
331.5
472.5
438.0
417.0
376.5
376.5
406.5
468.0
286.5
189.0
436.5
88.5
312.0
412.5
417.0
292.5
180.0
117.0
372.0
429.0
61.5
397.5
472.5
325.5
379.5
408.0
421.5
297.0
322.5
333.0
300.0
285.0
96.0
111.0
225.0
277.5
222.0
453.0
331.5
358.5
402.0
292.5
322.5
340.5
160.5
223.5
355.5
430.5
396.0
471.0
124.5
225.0
427.5
79.5
141.0
460.5
343.5
322.5
168.0
406.5
360.0
199.5
459.0
187.5
72.0
439.5
306.0
331.5
471.0
91.5
304.5
457.5
319.5
373.5
345.0
310.5
340.5
453.0
142.5
474.0
105.0
402.0
376.5
420.0
486.0
477.0
400.5
292.5
219.0
396.0
340.5
408.0
178.5
268.5
396.0
453.0
523.5
397.5
469.5
453.0
133.5
486.0
411.0
321.0
232.5
315.0
339.0
472.5
435.0
409.5
376.5
456.0
474.0
489.0
381.0
415.5
400.5
336.0
196.5
448.5
306.0
463.5
399.0
390.0
163.5
435.0
454.5
297.0
375.0
480.0
471.0
205.5
379.5
442.5
427.5
498.0
321.0
429.0
357.0
129.0
345.0
462.0
456.0
309.0
235.5
99.0
336.0
286.5
315.0
387.0
477.0
409.5
174.0
376.5
447.0
75.0
490.5
381.0
424.5
480.0
426.0
390.0
328.5
328.5
340.5
343.5
459.0
387.0
448.5
438.0
481.5
457.5
462.0
457.5
217.5
469.5
459.0
486.0
481.5
399.0
336.0
373.5
151.5
402.0
435.0
495.0
363.0
330.0
84.0
379.5
312.0
469.5
343.5
348.0
364.5
435.0
384.0
294.0
454.5
450.0
442.5
165.0
394.5
384.0
292.5
432.0
310.5
271.5
390.0
145.5
267.0
157.5
361.5
160.5
429.0
433.5
88.5
421.5
381.0
433.5
168.0
493.5
97.5
501.0
504.0
432.0
232.5
220.5
462.0
514.5
292.5
87.0
492.0
429.0
207.0
234.0
415.5
348.0
105.0
430.5
328.5
468.0
322.5
471.0
217.5
420.0
367.5
388.5
405.0
151.5
219.0
151.5
430.5
484.5
382.5
465.0
490.5
93.0
478.5
81.0
114.0
472.5
88.5
250.5
97.5
426.0
81.0
141.0
100.5
279.0
439.5
360.0
457.5
268.5
298.5
250.5
433.5
351.0
232.5
438.0
439.5
453.0
369.0
378.0
453.0
408.0
447.0
483.0
285.0
336.0
424.5
306.0
399.0
144.0
301.5
486.0
450.0
460.5
466.5
472.5
408.0
355.5
430.5
255.0
453.0
159.0
333.0
234.0
300.0
438.0
445.5
93.0
82.5
469.5
409.5
430.5
46.5
478.5
412.5
366.0
369.0
376.5
136.5
286.5
429.0
405.0
403.5
450.0
214.5
274.5
277.5
346.5
433.5
370.5
192.0
396.0
294.0
456.0
471.0
316.5
409.5
481.5
348.0
460.5
462.0
454.5
424.5
186.0
445.5
103.5
163.5
280.5
384.0
336.0
268.5
451.5
388.5
415.5
429.0
367.5
390.0
297.0
463.5
403.5
376.5
213.0
426.0
360.0
271.5
340.5
397.5
436.5
463.5
273.0
144.0
459.0
378.0
429.0
336.0
262.5
381.0
306.0
300.0
262.5
426.0
169.5
429.0
427.5
231.0
484.5
447.0
88.5
321.0
358.5
55.5
396.0
229.5
273.0
442.5
457.5
339.0
222.0
415.5
133.5
391.5
426.0
372.0
172.5
460.5
372.0
327.0
415.5
282.0
400.5
381.0
460.5
442.5
387.0
376.5
453.0
484.5
397.5
409.5
318.0
295.5
514.5
315.0
484.5
499.5
499.5
427.5
295.5
480.0
336.0
423.0
103.5
388.5
481.5
274.5
469.5
397.5
297.0
420.0
355.5
483.0
322.5
348.0
495.0
303.0
414.0
169.5
267.0
460.5
306.0
432.0
150.0
273.0
474.0
495.0
295.5
397.5
423.0
391.5
294.0
406.5
483.0
489.0
370.5
367.5
370.5
310.5
153.0
82.5
454.5
444.0
252.0
46.5
88.5
318.0
465.0
415.5
400.5
88.5
409.5
132.0
366.0
153.0
199.5
369.0
462.0
454.5
60.0
463.5
444.0
402.0
373.5
375.0
405.0
313.5
355.5
121.5
400.5
94.5
406.5
145.5
220.5
484.5
313.5
456.0
366.0
252.0
46.5
444.0
436.5
436.5
331.5
424.5
291.0
456.0
393.0
402.0
342.0
346.5
441.0
457.5
307.5
88.5
375.0
235.5
477.0
193.5
339.0
256.5
480.0
280.5
112.5
414.0
382.5
189.0
174.0
472.5
316.5
475.5
132.0
180.0
360.0
502.5
286.5
456.0
465.0
418.5
285.0
357.0
360.0
472.5
465.0
250.5
379.5
471.0
378.0
406.5
367.5
355.5
387.0
442.5
286.5
219.0
334.5
453.0
291.0
364.5
337.5
291.0
426.0
108.0
418.5
426.0
226.5
372.0
463.5
381.0
351.0
442.5
289.5
454.5
505.5
330.0
291.0
441.0
426.0
198.0
405.0
340.5
369.0
337.5
117.0
421.5
414.0
333.0
232.5
108.0
465.0
427.5
432.0
507.0
474.0
348.0
484.5
369.0
178.5
103.5
312.0
94.5
483.0
127.5
447.0
433.5
393.0
469.5
405.0
421.5
463.5
499.5
274.5
411.0
432.0
351.0
303.0
480.0
426.0
399.0
459.0
411.0
277.5
480.0
30.0
289.5
378.0
445.5
349.5
453.0
447.0
171.0
336.0
457.5
73.5
210.0
408.0
430.5
466.5
409.5
253.5
285.0
412.5
517.5
285.0
444.0
274.5
180.0
433.5
265.5
378.0
243.0
364.5
465.0
262.5
436.5
379.5
381.0
432.0
498.0
369.0
435.0
325.5
421.5
468.0
228.0
450.0
415.5
352.5
469.5
358.5
433.5
423.0
390.0
381.0
423.0
441.0
88.5
235.5
79.5
468.0
372.0
285.0
255.0
475.5
328.5
460.5
190.5
288.0
153.0
135.0
480.0
415.5
195.0
154.5
477.0
405.0
469.5
351.0
358.5
207.0
331.5
382.5
438.0
411.0
448.5
418.5
399.0
349.5
372.0
139.5
417.0
457.5
244.5
291.0
301.5
324.0
372.0
480.0
375.0
430.5
376.5
285.0
342.0
481.5
457.5
141.0
223.5
492.0
447.0
301.5
382.5
307.5
417.0
282.0
157.5
271.5
442.5
382.5
462.0
402.0
213.0
175.5
343.5
261.0
208.5
459.0
400.5
162.0
469.5
289.5
345.0
310.5
60.0
456.0
474.0
411.0
85.5
342.0
271.5
304.5
160.5
453.0
424.5
399.0
316.5
381.0
439.5
456.0
348.0
402.0
423.0
490.5
94.5
483.0
454.5
126.0
379.5
384.0
408.0
118.5
412.5
225.0
387.0
259.5
409.5
261.0
334.5
342.0
466.5
397.5
309.0
385.5
165.0
420.0
451.5
243.0
390.0
430.5
405.0
276.0
382.5
340.5
403.5
463.5
448.5
427.5
295.5
318.0
178.5
447.0
352.5
394.5
441.0
384.0
168.0
441.0
421.5
495.0
424.5
472.5
136.5
502.5
337.5
313.5
397.5
445.5
475.5
456.0
384.0
324.0
418.5
105.0
85.5
342.0
451.5
459.0
496.5
429.0
381.0
160.5
376.5
423.0
436.5
111.0
492.0
459.0
433.5
159.0
450.0
474.0
274.5
355.5
345.0
