31.5
342.0
391.5
369.0
292.5
172.5
63.0
270.0
49.5
160.5
451.5
442.5
163.5
426.0
366.0
397.5
172.5
258.0
150.0
112.5
228.0
87.0
160.5
126.0
441.0
183.0
142.5
160.5
304.5
409.5
435.0
162.0
99.0
337.5
345.0
156.0
249.0
364.5
397.5
270.0
418.5
226.5
444.0
286.5
399.0
316.5
58.5
405.0
258.0
169.5
397.5
283.5
240.0
73.5
120.0
54.0
414.0
214.5
301.5
424.5
138.0
135.0
118.5
340.5
379.5
433.5
169.5
159.0
382.5
247.5
349.5
127.5
162.0
340.5
199.5
379.5
19.5
282.0
232.5
370.5
402.0
265.5
327.0
70.5
273.0
384.0
351.0
201.0
496.5
430.5
250.5
363.0
436.5
231.0
312.0
54.0
313.5
253.5
187.5
66.0
457.5
190.5
496.5
222.0
129.0
303.0
58.5
208.5
301.5
292.5
166.5
247.5
148.5
96.0
211.5
373.5
193.5
286.5
144.0
354.0
244.5
259.5
436.5
307.5
195.0
382.5
369.0
267.0
157.5
423.0
441.0
333.0
268.5
27.0
391.5
154.5
237.0
111.0
127.5
457.5
172.5
211.5
429.0
42.0
382.5
408.0
345.0
325.5
231.0
208.5
258.0
387.0
258.0
171.0
411.0
61.5
265.5
66.0
103.5
144.0
150.0
391.5
91.5
399.0
375.0
135.0
475.5
244.5
304.5
405.0
93.0
175.5
358.5
361.5
22.5
372.0
274.5
423.0
439.5
114.0
138.0
252.0
345.0
103.5
132.0
151.5
406.5
394.5
408.0
252.0
435.0
352.5
475.5
57.0
240.0
295.5
279.0
30.0
154.5
349.5
327.0
72.0
369.0
33.0
328.5
124.5
208.5
472.5
451.5
439.5
180.0
406.5
267.0
447.0
81.0
135.0
207.0
258.0
330.0
345.0
187.5
412.5
324.0
480.0
366.0
235.5
111.0
366.0
156.0
360.0
88.5
429.0
345.0
192.0
228.0
373.5
99.0
244.5
324.0
399.0
336.0
183.0
375.0
367.5
246.0
189.0
366.0
303.0
88.5
294.0
85.5
310.5
291.0
192.0
483.0
363.0
336.0
264.0
396.0
105.0
334.5
382.5
361.5
465.0
409.5
339.0
142.5
69.0
246.0
463.5
151.5
375.0
285.0
306.0
196.5
222.0
57.0
303.0
279.0
43.5
72.0
117.0
28.5
333.0
285.0
372.0
394.5
375.0
337.5
429.0
207.0
97.5
225.0
231.0
426.0
388.5
243.0
349.5
427.5
139.5
42.0
57.0
315.0
297.0
286.5
60.0
348.0
393.0
259.5
270.0
366.0
325.5
132.0
169.5
301.5
402.0
454.5
313.5
438.0
427.5
424.5
343.5
381.0
220.5
295.5
88.5
85.5
238.5
87.0
441.0
216.0
186.0
249.0
369.0
223.5
309.0
297.0
303.0
217.5
357.0
204.0
294.0
345.0
117.0
378.0
99.0
121.5
412.5
339.0
184.5
363.0
414.0
276.0
415.5
436.5
406.5
333.0
99.0
430.5
171.0
268.5
355.5
255.0
289.5
166.5
234.0
96.0
126.0
261.0
379.5
171.0
223.5
330.0
439.5
268.5
319.5
135.0
333.0
342.0
409.5
409.5
388.5
412.5
69.0
60.0
91.5
112.5
315.0
225.0
432.0
414.0
109.5
337.5
409.5
165.0
169.5
465.0
106.5
375.0
337.5
364.5
78.0
321.0
60.0
282.0
69.0
132.0
231.0
196.5
175.5
204.0
315.0
90.0
172.5
150.0
256.5
406.5
84.0
423.0
373.5
348.0
37.5
295.5
213.0
264.0
298.5
489.0
351.0
90.0
456.0
136.5
150.0
415.5
442.5
270.0
483.0
468.0
228.0
384.0
295.5
195.0
334.5
69.0
315.0
219.0
267.0
90.0
361.5
324.0
450.0
115.5
210.0
252.0
519.0
363.0
105.0
40.5
357.0
127.5
319.5
351.0
342.0
207.0
390.0
67.5
253.5
411.0
363.0
408.0
378.0
73.5
448.5
208.5
420.0
87.0
376.5
160.5
319.5
496.5
288.0
390.0
415.5
391.5
157.5
69.0
358.5
442.5
292.5
126.0
481.5
480.0
348.0
328.5
279.0
144.0
168.0
232.5
445.5
412.5
346.5
436.5
1.5
325.5
159.0
63.0
270.0
342.0
157.5
385.5
175.5
483.0
283.5
417.0
235.5
231.0
460.5
139.5
151.5
369.0
214.5
267.0
324.0
220.5
211.5
306.0
322.5
78.0
282.0
106.5
112.5
288.0
258.0
468.0
138.0
88.5
97.5
367.5
199.5
184.5
120.0
450.0
474.0
78.0
174.0
438.0
403.5
238.5
430.5
348.0
399.0
78.0
280.5
465.0
270.0
73.5
54.0
144.0
298.5
175.5
343.5
448.5
195.0
361.5
253.5
169.5
285.0
264.0
81.0
387.0
102.0
91.5
130.5
51.0
106.5
78.0
42.0
415.5
405.0
148.5
129.0
372.0
214.5
370.5
286.5
316.5
328.5
390.0
306.0
415.5
109.5
442.5
409.5
436.5
148.5
423.0
285.0
289.5
327.0
231.0
133.5
346.5
453.0
468.0
519.0
387.0
474.0
393.0
415.5
76.5
180.0
118.5
406.5
103.5
58.5
25.5
483.0
45.0
421.5
304.5
226.5
450.0
301.5
423.0
409.5
58.5
123.0
450.0
28.5
129.0
429.0
159.0
42.0
172.5
276.0
192.0
168.0
340.5
76.5
280.5
387.0
351.0
19.5
163.5
109.5
304.5
325.5
225.0
282.0
319.5
199.5
172.5
403.5
84.0
280.5
397.5
316.5
366.0
460.5
100.5
97.5
222.0
454.5
349.5
297.0
364.5
340.5
45.0
411.0
418.5
162.0
106.5
216.0
447.0
33.0
180.0
351.0
136.5
220.5
409.5
316.5
202.5
91.5
402.0
384.0
273.0
376.5
357.0
225.0
339.0
192.0
373.5
105.0
355.5
372.0
106.5
130.5
115.5
247.5
70.5
144.0
490.5
403.5
231.0
205.5
433.5
331.5
237.0
373.5
177.0
336.0
235.5
297.0
216.0
72.0
510.0
253.5
490.5
226.5
175.5
333.0
87.0
228.0
177.0
48.0
366.0
180.0
54.0
295.5
198.0
156.0
357.0
450.0
324.0
351.0
375.0
48.0
316.5
474.0
492.0
240.0
163.5
432.0
142.5
310.5
130.5
232.5
309.0
234.0
333.0
390.0
375.0
253.5
79.5
262.5
118.5
384.0
285.0
261.0
205.5
97.5
148.5
294.0
204.0
315.0
265.5
373.5
210.0
438.0
213.0
241.5
399.0
222.0
292.5
403.5
337.5
399.0
171.0
328.5
241.5
381.0
409.5
126.0
64.5
385.5
124.5
102.0
175.5
267.0
436.5
214.5
189.0
438.0
355.5
468.0
318.0
418.5
124.5
120.0
123.0
160.5
3.0
99.0
384.0
253.5
336.0
271.5
235.5
64.5
33.0
411.0
211.5
243.0
255.0
372.0
186.0
114.0
402.0
391.5
145.5
175.5
127.5
238.5
432.0
120.0
138.0
316.5
244.5
136.5
172.5
103.5
69.0
171.0
463.5
231.0
387.0
177.0
159.0
289.5
105.0
384.0
108.0
460.5
339.0
433.5
129.0
303.0
15.0
100.5
388.5
91.5
429.0
369.0
310.5
396.0
102.0
340.5
442.5
105.0
241.5
106.5
153.0
429.0
406.5
388.5
55.5
376.5
246.0
405.0
280.5
195.0
289.5
397.5
337.5
310.5
172.5
492.0
465.0
400.5
33.0
151.5
300.0
337.5
93.0
463.5
387.0
105.0
412.5
124.5
373.5
223.5
369.0
183.0
385.5
217.5
69.0
154.5
58.5
351.0
178.5
358.5
390.0
45.0
397.5
168.0
190.5
382.5
186.0
166.5
490.5
322.5
390.0
160.5
37.5
411.0
334.5
96.0
283.5
388.5
142.5
102.0
454.5
193.5
376.5
334.5
186.0
156.0
399.0
184.5
159.0
312.0
295.5
181.5
355.5
436.5
96.0
55.5
415.5
309.0
279.0
316.5
238.5
58.5
273.0
93.0
220.5
382.5
147.0
381.0
376.5
192.0
231.0
270.0
294.0
361.5
421.5
379.5
418.5
445.5
292.5
300.0
312.0
433.5
423.0
190.5
97.5
271.5
403.5
253.5
415.5
219.0
183.0
445.5
348.0
367.5
325.5
472.5
399.0
249.0
291.0
144.0
366.0
198.0
139.5
55.5
288.0
435.0
279.0
78.0
286.5
378.0
115.5
304.5
409.5
375.0
330.0
340.5
334.5
346.5
357.0
319.5
387.0
166.5
60.0
25.5
270.0
325.5
63.0
324.0
141.0
130.5
237.0
417.0
468.0
351.0
364.5
379.5
198.0
241.5
129.0
159.0
108.0
351.0
123.0
370.5
73.5
45.0
405.0
291.0
429.0
244.5
439.5
186.0
202.5
325.5
262.5
106.5
120.0
519.0
106.5
447.0
192.0
268.5
399.0
175.5
177.0
139.5
237.0
183.0
345.0
274.5
355.5
435.0
325.5
448.5
346.5
348.0
337.5
325.5
408.0
315.0
277.5
136.5
313.5
189.0
304.5
459.0
423.0
148.5
390.0
169.5
325.5
412.5
354.0
198.0
313.5
282.0
172.5
28.5
433.5
403.5
394.5
343.5
252.0
321.0
126.0
261.0
190.5
78.0
315.0
250.5
231.0
291.0
12.0
198.0
64.5
208.5
463.5
87.0
447.0
430.5
331.5
253.5
304.5
360.0
315.0
405.0
309.0
135.0
268.5
78.0
190.5
439.5
352.5
205.5
129.0
397.5
46.5
135.0
405.0
118.5
466.5
408.0
130.5
387.0
105.0
100.5
216.0
66.0
87.0
153.0
145.5
145.5
114.0
367.5
162.0
157.5
387.0
115.5
237.0
118.5
351.0
466.5
129.0
501.0
153.0
114.0
384.0
114.0
378.0
273.0
441.0
136.5
70.5
346.5
73.5
183.0
402.0
426.0
378.0
106.5
196.5
393.0
51.0
184.5
415.5
207.0
220.5
58.5
420.0
382.5
27.0
486.0
105.0
444.0
273.0
259.5
88.5
255.0
351.0
382.5
432.0
162.0
379.5
345.0
391.5
325.5
322.5
415.5
394.5
432.0
316.5
139.5
238.5
475.5
22.5
243.0
90.0
255.0
153.0
274.5
126.0
312.0
162.0
391.5
414.0
130.5
265.5
300.0
136.5
450.0
75.0
316.5
328.5
147.0
460.5
243.0
210.0
154.5
63.0
318.0
130.5
109.5
429.0
295.5
363.0
339.0
255.0
157.5
126.0
435.0
79.5
145.5
370.5
256.5
234.0
243.0
228.0
349.5
132.0
216.0
126.0
240.0
187.5
372.0
174.0
492.0
252.0
354.0
208.5
247.5
345.0
486.0
435.0
58.5
475.5
151.5
282.0
282.0
256.5
313.5
481.5
201.0
72.0
138.0
180.0
463.5
298.5
207.0
333.0
454.5
321.0
120.0
111.0
282.0
130.5
280.5
246.0
118.5
234.0
483.0
124.5
337.5
286.5
361.5
412.5
177.0
330.0
367.5
28.5
148.5
283.5
309.0
49.5
303.0
472.5
217.5
361.5
88.5
370.5
357.0
367.5
84.0
202.5
216.0
87.0
208.5
78.0
246.0
126.0
294.0
75.0
349.5
157.5
153.0
382.5
369.0
316.5
96.0
228.0
429.0
187.5
370.5
231.0
265.5
240.0
375.0
85.5
493.5
195.0
181.5
307.5
211.5
298.5
399.0
478.5
237.0
391.5
93.0
379.5
418.5
276.0
42.0
181.5
337.5
72.0
88.5
307.5
243.0
166.5
369.0
418.5
124.5
343.5
186.0
400.5
468.0
106.5
145.5
342.0
246.0
408.0
48.0
430.5
315.0
129.0
420.0
382.5
328.5
289.5
355.5
388.5
235.5
148.5
328.5
367.5
328.5
168.0
460.5
343.5
106.5
276.0
418.5
291.0
111.0
376.5
174.0
211.5
298.5
406.5
436.5
85.5
123.0
181.5
240.0
265.5
345.0
205.5
64.5
298.5
64.5
201.0
258.0
240.0
271.5
394.5
288.0
90.0
109.5
177.0
306.0
304.5
183.0
280.5
418.5
363.0
229.5
313.5
379.5
415.5
340.5
295.5
120.0
223.5
342.0
456.0
415.5
315.0
430.5
300.0
265.5
420.0
400.5
507.0
19.5
351.0
478.5
261.0
427.5
225.0
46.5
439.5
283.5
238.5
414.0
304.5
157.5
312.0
285.0
252.0
33.0
391.5
273.0
58.5
438.0
435.0
238.5
157.5
388.5
340.5
112.5
345.0
235.5
112.5
73.5
186.0
502.5
364.5
145.5
387.0
144.0
379.5
328.5
199.5
159.0
213.0
397.5
357.0
370.5
93.0
69.0
180.0
348.0
208.5
87.0
115.5
397.5
132.0
415.5
402.0
241.5
283.5
277.5
381.0
318.0
322.5
325.5
274.5
229.5
93.0
421.5
324.0
303.0
211.5
373.5
333.0
192.0
364.5
85.5
276.0
396.0
463.5
228.0
199.5
118.5
490.5
162.0
384.0
3.0
474.0
67.5
210.0
346.5
393.0
117.0
384.0
78.0
258.0
115.5
81.0
351.0
501.0
385.5
378.0
163.5
250.5
136.5
136.5
456.0
346.5
265.5
379.5
457.5
198.0
222.0
150.0
108.0
22.5
153.0
274.5
63.0
384.0
453.0
303.0
321.0
282.0
144.0
379.5
373.5
309.0
84.0
376.5
144.0
85.5
91.5
72.0
465.0
261.0
153.0
174.0
360.0
192.0
246.0
135.0
76.5
231.0
325.5
102.0
193.5
460.5
312.0
349.5
177.0
178.5
235.5
106.5
469.5
325.5
78.0
249.0
357.0
408.0
202.5
333.0
322.5
309.0
157.5
180.0
441.0
433.5
384.0
306.0
277.5
406.5
330.0
396.0
393.0
294.0
454.5
478.5
382.5
397.5
112.5
81.0
177.0
106.5
336.0
55.5
205.5
48.0
331.5
333.0
325.5
334.5
180.0
202.5
94.5
277.5
177.0
321.0
352.5
417.0
379.5
414.0
70.5
325.5
258.0
312.0
438.0
408.0
450.0
319.5
481.5
448.5
102.0
196.5
141.0
333.0
318.0
52.5
144.0
406.5
357.0
424.5
181.5
153.0
127.5
370.5
222.0
96.0
405.0
250.5
288.0
366.0
322.5
343.5
150.0
316.5
418.5
118.5
394.5
240.0
163.5
225.0
267.0
277.5
384.0
288.0
163.5
313.5
349.5
195.0
151.5
60.0
375.0
228.0
366.0
307.5
186.0
115.5
115.5
264.0
172.5
402.0
430.5
160.5
370.5
88.5
429.0
208.5
211.5
228.0
186.0
450.0
297.0
73.5
273.0
192.0
264.0
268.5
367.5
385.5
91.5
177.0
184.5
403.5
348.0
388.5
367.5
238.5
334.5
438.0
85.5
145.5
126.0
58.5
217.5
262.5
346.5
442.5
471.0
234.0
94.5
252.0
40.5
348.0
364.5
291.0
183.0
141.0
384.0
235.5
136.5
364.5
354.0
81.0
442.5
40.5
223.5
415.5
118.5
207.0
267.0
195.0
384.0
201.0
411.0
274.5
304.5
412.5
286.5
100.5
444.0
447.0
207.0
25.5
259.5
199.5
70.5
244.5
111.0
321.0
414.0
372.0
277.5
247.5
175.5
220.5
268.5
300.0
402.0
135.0
187.5
73.5
382.5
75.0
492.0
118.5
394.5
397.5
300.0
468.0
226.5
373.5
373.5
366.0
139.5
213.0
64.5
70.5
366.0
79.5
58.5
193.5
463.5
199.5
463.5
420.0
403.5
451.5
405.0
169.5
246.0
333.0
57.0
97.5
102.0
198.0
94.5
205.5
214.5
156.0
123.0
408.0
283.5
277.5
87.0
340.5
220.5
361.5
111.0
330.0
391.5
330.0
328.5
429.0
157.5
232.5
180.0
123.0
343.5
129.0
286.5
442.5
220.5
331.5
403.5
81.0
273.0
276.0
90.0
189.0
408.0
343.5
118.5
132.0
342.0
49.5
292.5
300.0
22.5
348.0
189.0
346.5
283.5
112.5
352.5
57.0
355.5
280.5
324.0
484.5
112.5
229.5
253.5
199.5
105.0
123.0
141.0
426.0
399.0
231.0
382.5
402.0
118.5
148.5
409.5
441.0
229.5
495.0
420.0
408.0
250.5
229.5
174.0
387.0
36.0
225.0
270.0
432.0
397.5
291.0
346.5
145.5
51.0
435.0
370.5
277.5
295.5
304.5
358.5
166.5
348.0
246.0
411.0
348.0
256.5
465.0
412.5
253.5
288.0
232.5
393.0
169.5
292.5
393.0
348.0
423.0
243.0
337.5
213.0
187.5
237.0
103.5
232.5
243.0
259.5
142.5
88.5
247.5
445.5
312.0
346.5
91.5
280.5
462.0
411.0
235.5
396.0
450.0
348.0
300.0
189.0
327.0
301.5
63.0
219.0
411.0
234.0
219.0
286.5
72.0
31.5
148.5
123.0
286.5
229.5
175.5
24.0
406.5
187.5
195.0
123.0
291.0
52.5
228.0
213.0
406.5
262.5
201.0
154.5
100.5
94.5
330.0
352.5
211.5
370.5
118.5
373.5
415.5
348.0
253.5
409.5
334.5
16.5
171.0
267.0
289.5
307.5
286.5
390.0
103.5
64.5
217.5
352.5
286.5
211.5
358.5
408.0
63.0
280.5
334.5
205.5
448.5
426.0
324.0
132.0
88.5
174.0
181.5
144.0
334.5
438.0
333.0
295.5
333.0
88.5
147.0
480.0
358.5
343.5
79.5
64.5
232.5
145.5
477.0
214.5
354.0
235.5
222.0
250.5
204.0
109.5
247.5
490.5
220.5
264.0
301.5
48.0
394.5
250.5
261.0
145.5
322.5
190.5
412.5
432.0
100.5
169.5
435.0
165.0
204.0
376.5
342.0
414.0
126.0
93.0
81.0
70.5
318.0
63.0
220.5
229.5
235.5
354.0
211.5
469.5
346.5
466.5
288.0
84.0
189.0
223.5
312.0
418.5
210.0
358.5
411.0
120.0
337.5
160.5
49.5
69.0
252.0
348.0
117.0
381.0
153.0
357.0
229.5
469.5
81.0
394.5
364.5
330.0
420.0
261.0
355.5
325.5
106.5
286.5
286.5
465.0
151.5
217.5
337.5
238.5
348.0
195.0
307.5
328.5
205.5
207.0
142.5
387.0
454.5
151.5
448.5
70.5
361.5
172.5
381.0
277.5
411.0
291.0
150.0
339.0
462.0
192.0
321.0
331.5
202.5
141.0
303.0
202.5
108.0
438.0
187.5
438.0
340.5
297.0
418.5
429.0
273.0
424.5
130.5
271.5
282.0
360.0
88.5
150.0
420.0
232.5
238.5
282.0
315.0
168.0
309.0
406.5
243.0
84.0
174.0
336.0
58.5
382.5
321.0
432.0
372.0
450.0
322.5
301.5
337.5
348.0
342.0
286.5
169.5
496.5
316.5
318.0
465.0
228.0
201.0
94.5
148.5
285.0
216.0
286.5
402.0
459.0
423.0
388.5
288.0
364.5
175.5
328.5
415.5
186.0
15.0
112.5
262.5
319.5
306.0
250.5
82.5
336.0
226.5
138.0
292.5
451.5
369.0
333.0
250.5
133.5
234.0
286.5
400.5
453.0
193.5
69.0
123.0
282.0
405.0
258.0
406.5
322.5
81.0
259.5
78.0
133.5
178.5
48.0
87.0
295.5
427.5
99.0
366.0
295.5
343.5
222.0
100.5
117.0
250.5
330.0
243.0
502.5
280.5
208.5
277.5
123.0
379.5
433.5
448.5
180.0
172.5
267.0
439.5
28.5
244.5
75.0
388.5
430.5
219.0
451.5
337.5
435.0
390.0
303.0
52.5
75.0
90.0
391.5
361.5
442.5
208.5
438.0
358.5
318.0
49.5
343.5
372.0
312.0
382.5
178.5
112.5
195.0
63.0
148.5
238.5
186.0
372.0
339.0
190.5
360.0
412.5
195.0
426.0
246.0
312.0
412.5
337.5
276.0
397.5
355.5
202.5
135.0
202.5
285.0
235.5
63.0
79.5
79.5
292.5
291.0
25.5
55.5
178.5
90.0
294.0
310.5
148.5
355.5
294.0
220.5
447.0
361.5
136.5
486.0
379.5
210.0
387.0
414.0
367.5
130.5
316.5
90.0
438.0
268.5
118.5
202.5
346.5
232.5
84.0
378.0
264.0
268.5
64.5
106.5
369.0
322.5
444.0
252.0
117.0
298.5
294.0
145.5
412.5
303.0
307.5
379.5
309.0
240.0
135.0
220.5
255.0
361.5
469.5
502.5
376.5
271.5
210.0
415.5
277.5
409.5
384.0
109.5
324.0
397.5
219.0
255.0
252.0
96.0
160.5
168.0
295.5
445.5
460.5
159.0
205.5
81.0
288.0
370.5
397.5
144.0
82.5
339.0
114.0
316.5
345.0
27.0
108.0
276.0
205.5
204.0
286.5
171.0
226.5
414.0
330.0
351.0
214.5
330.0
61.5
174.0
418.5
298.5
97.5
471.0
154.5
343.5
42.0
418.5
34.5
439.5
360.0
463.5
133.5
457.5
34.5
96.0
33.0
216.0
363.0
415.5
352.5
51.0
447.0
255.0
385.5
436.5
309.0
249.0
345.0
463.5
343.5
94.5
54.0
114.0
388.5
207.0
339.0
99.0
228.0
453.0
280.5
346.5
261.0
465.0
345.0
414.0
372.0
159.0
366.0
307.5
243.0
406.5
369.0
445.5
207.0
430.5
190.5
393.0
175.5
172.5
96.0
451.5
85.5
409.5
132.0
201.0
48.0
181.5
364.5
301.5
202.5
361.5
30.0
307.5
145.5
325.5
432.0
316.5
367.5
349.5
66.0
148.5
144.0
286.5
150.0
84.0
330.0
61.5
153.0
439.5
102.0
459.0
417.0
411.0
457.5
151.5
162.0
174.0
271.5
157.5
96.0
282.0
451.5
322.5
318.0
376.5
78.0
421.5
330.0
255.0
402.0
355.5
195.0
445.5
382.5
285.0
202.5
390.0
309.0
457.5
330.0
336.0
69.0
327.0
397.5
327.0
375.0
271.5
88.5
318.0
360.0
70.5
369.0
304.5
166.5
339.0
216.0
502.5
340.5
174.0
364.5
262.5
349.5
475.5
217.5
187.5
171.0
60.0
226.5
36.0
39.0
88.5
169.5
418.5
427.5
343.5
388.5
306.0
232.5
424.5
432.0
70.5
378.0
408.0
97.5
48.0
205.5
351.0
438.0
190.5
367.5
417.0
213.0
427.5
18.0
195.0
385.5
91.5
346.5
379.5
249.0
411.0
301.5
405.0
381.0
420.0
256.5
276.0
85.5
291.0
303.0
261.0
283.5
312.0
96.0
393.0
300.0
385.5
280.5
25.5
328.5
423.0
84.0
274.5
364.5
457.5
285.0
255.0
99.0
97.5
151.5
382.5
423.0
430.5
78.0
231.0
454.5
220.5
435.0
405.0
337.5
126.0
396.0
262.5
429.0
43.5
79.5
84.0
426.0
27.0
148.5
463.5
439.5
297.0
400.5
267.0
439.5
246.0
379.5
331.5
367.5
255.0
52.5
420.0
153.0
261.0
123.0
133.5
58.5
280.5
192.0
262.5
244.5
45.0
445.5
226.5
223.5
433.5
172.5
184.5
342.0
259.5
178.5
348.0
66.0
103.5
459.0
241.5
136.5
387.0
237.0
61.5
223.5
385.5
316.5
448.5
294.0
160.5
70.5
250.5
277.5
103.5
384.0
300.0
337.5
84.0
115.5
382.5
420.0
97.5
183.0
427.5
235.5
304.5
156.0
261.0
57.0
331.5
384.0
402.0
378.0
328.5
274.5
448.5
193.5
112.5
306.0
409.5
399.0
78.0
328.5
231.0
384.0
358.5
124.5
132.0
295.5
117.0
300.0
294.0
115.5
120.0
193.5
313.5
444.0
300.0
210.0
54.0
451.5
367.5
240.0
178.5
306.0
361.5
402.0
306.0
255.0
40.5
189.0
351.0
349.5
174.0
442.5
387.0
189.0
298.5
393.0
295.5
400.5
307.5
355.5
133.5
355.5
253.5
358.5
466.5
279.0
403.5
394.5
460.5
468.0
180.0
321.0
421.5
184.5
403.5
279.0
174.0
388.5
169.5
144.0
52.5
166.5
54.0
279.0
454.5
298.5
72.0
9.0
256.5
168.0
475.5
129.0
202.5
112.5
240.0
226.5
195.0
205.5
259.5
202.5
277.5
94.5
60.0
120.0
252.0
400.5
129.0
351.0
283.5
318.0
252.0
295.5
211.5
216.0
133.5
430.5
246.0
381.0
384.0
168.0
255.0
166.5
180.0
337.5
283.5
396.0
180.0
145.5
121.5
456.0
457.5
391.5
279.0
100.5
364.5
249.0
430.5
310.5
93.0
477.0
55.5
352.5
234.0
103.5
157.5
400.5
156.0
273.0
438.0
241.5
156.0
174.0
288.0
126.0
207.0
123.0
442.5
361.5
333.0
94.5
387.0
342.0
337.5
405.0
369.0
360.0
189.0
270.0
349.5
105.0
271.5
246.0
222.0
360.0
256.5
243.0
439.5
379.5
357.0
250.5
169.5
345.0
466.5
292.5
337.5
333.0
385.5
274.5
367.5
334.5
151.5
442.5
394.5
321.0
66.0
285.0
445.5
144.0
309.0
108.0
288.0
363.0
280.5
271.5
150.0
67.5
346.5
411.0
84.0
348.0
363.0
144.0
334.5
319.5
63.0
291.0
198.0
76.5
291.0
414.0
429.0
480.0
439.5
160.5
411.0
430.5
141.0
367.5
235.5
336.0
394.5
438.0
334.5
358.5
274.5
459.0
382.5
144.0
112.5
331.5
333.0
331.5
214.5
456.0
76.5
325.5
490.5
364.5
511.5
423.0
322.5
349.5
328.5
154.5
366.0
304.5
97.5
174.0
279.0
295.5
151.5
315.0
474.0
397.5
120.0
343.5
172.5
441.0
298.5
448.5
370.5
169.5
393.0
216.0
355.5
348.0
213.0
292.5
426.0
354.0
262.5
93.0
390.0
162.0
255.0
208.5
439.5
408.0
336.0
403.5
400.5
211.5
466.5
75.0
381.0
183.0
360.0
322.5
165.0
402.0
202.5
45.0
390.0
478.5
79.5
118.5
181.5
204.0
258.0
111.0
330.0
366.0
175.5
349.5
307.5
390.0
223.5
211.5
201.0
366.0
109.5
82.5
214.5
423.0
153.0
277.5
37.5
319.5
372.0
157.5
76.5
345.0
267.0
273.0
151.5
208.5
190.5
123.0
217.5
181.5
403.5
393.0
462.0
264.0
355.5
133.5
301.5
162.0
390.0
187.5
351.0
225.0
231.0
384.0
135.0
303.0
399.0
288.0
252.0
144.0
253.5
420.0
238.5
475.5
400.5
139.5
468.0
121.5
43.5
70.5
382.5
333.0
319.5
252.0
12.0
202.5
51.0
204.0
255.0
271.5
135.0
111.0
78.0
315.0
216.0
262.5
73.5
393.0
127.5
397.5
349.5
90.0
67.5
469.5
424.5
261.0
229.5
382.5
213.0
391.5
456.0
357.0
217.5
90.0
483.0
294.0
267.0
513.0
471.0
271.5
384.0
430.5
195.0
201.0
142.5
438.0
181.5
334.5
147.0
394.5
183.0
462.0
397.5
312.0
358.5
304.5
393.0
415.5
363.0
103.5
427.5
313.5
237.0
112.5
168.0
399.0
318.0
318.0
226.5
210.0
406.5
411.0
241.5
406.5
457.5
82.5
391.5
270.0
121.5
231.0
76.5
409.5
58.5
342.0
252.0
330.0
165.0
300.0
279.0
178.5
336.0
393.0
405.0
382.5
402.0
235.5
390.0
397.5
232.5
271.5
136.5
451.5
402.0
141.0
25.5
52.5
66.0
267.0
417.0
273.0
174.0
219.0
153.0
375.0
435.0
394.5
313.5
285.0
147.0
283.5
136.5
406.5
201.0
63.0
177.0
27.0
435.0
72.0
373.5
427.5
445.5
150.0
378.0
295.5
150.0
363.0
37.5
210.0
235.5
337.5
439.5
232.5
294.0
447.0
220.5
133.5
144.0
421.5
429.0
343.5
208.5
97.5
351.0
405.0
358.5
436.5
423.0
186.0
270.0
340.5
132.0
145.5
87.0
304.5
298.5
270.0
330.0
126.0
309.0
48.0
153.0
385.5
352.5
100.5
136.5
105.0
295.5
66.0
385.5
291.0
327.0
331.5
130.5
316.5
444.0
358.5
385.5
406.5
340.5
411.0
253.5
117.0
240.0
433.5
498.0
237.0
127.5
403.5
40.5
133.5
112.5
214.5
379.5
141.0
366.0
346.5
309.0
156.0
351.0
181.5
112.5
69.0
94.5
211.5
376.5
304.5
156.0
264.0
406.5
403.5
457.5
210.0
367.5
75.0
180.0
421.5
367.5
348.0
226.5
373.5
117.0
324.0
178.5
172.5
70.5
411.0
306.0
336.0
328.5
330.0
124.5
225.0
61.5
93.0
76.5
394.5
276.0
55.5
165.0
237.0
318.0
249.0
438.0
208.5
43.5
109.5
172.5
66.0
196.5
183.0
103.5
196.5
382.5
114.0
102.0
118.5
465.0
193.5
280.5
106.5
289.5
175.5
357.0
84.0
81.0
70.5
405.0
261.0
106.5
165.0
307.5
42.0
63.0
244.5
55.5
154.5
295.5
444.0
294.0
246.0
40.5
324.0
136.5
127.5
348.0
301.5
159.0
229.5
276.0
319.5
283.5
264.0
246.0
225.0
243.0
442.5
474.0
397.5
127.5
46.5
459.0
201.0
124.5
60.0
54.0
210.0
306.0
234.0
127.5
261.0
223.5
345.0
382.5
186.0
82.5
85.5
174.0
75.0
310.5
241.5
43.5
268.5
414.0
106.5
124.5
342.0
363.0
375.0
204.0
226.5
297.0
438.0
295.5
348.0
274.5
462.0
288.0
294.0
136.5
205.5
330.0
327.0
366.0
429.0
316.5
312.0
375.0
189.0
162.0
214.5
343.5
228.0
418.5
181.5
91.5
139.5
348.0
111.0
424.5
337.5
337.5
415.5
400.5
108.0
36.0
94.5
234.0
94.5
247.5
216.0
121.5
348.0
208.5
205.5
90.0
345.0
430.5
94.5
217.5
175.5
190.5
121.5
222.0
247.5
403.5
285.0
463.5
166.5
97.5
310.5
346.5
159.0
496.5
234.0
312.0
271.5
102.0
303.0
58.5
166.5
240.0
61.5
487.5
343.5
109.5
147.0
196.5
70.5
300.0
277.5
441.0
148.5
394.5
202.5
109.5
198.0
358.5
481.5
354.0
417.0
334.5
418.5
288.0
99.0
421.5
112.5
340.5
238.5
351.0
507.0
45.0
153.0
426.0
159.0
75.0
372.0
222.0
399.0
210.0
385.5
388.5
454.5
70.5
385.5
438.0
415.5
418.5
88.5
448.5
157.5
142.5
184.5
448.5
351.0
429.0
420.0
259.5
78.0
102.0
147.0
87.0
196.5
231.0
414.0
360.0
351.0
367.5
67.5
133.5
372.0
213.0
393.0
144.0
219.0
216.0
192.0
286.5
396.0
469.5
424.5
306.0
159.0
42.0
379.5
298.5
72.0
402.0
370.5
187.5
40.5
297.0
145.5
237.0
382.5
42.0
154.5
352.5
121.5
261.0
63.0
417.0
474.0
442.5
105.0
349.5
258.0
39.0
81.0
334.5
193.5
415.5
75.0
366.0
246.0
484.5
283.5
235.5
405.0
222.0
213.0
237.0
247.5
235.5
241.5
351.0
316.5
247.5
402.0
340.5
418.5
375.0
402.0
405.0
451.5
226.5
208.5
42.0
339.0
301.5
367.5
198.0
330.0
289.5
394.5
412.5
42.0
135.0
348.0
66.0
370.5
285.0
205.5
33.0
297.0
129.0
49.5
294.0
88.5
472.5
397.5
387.0
211.5
192.0
249.0
249.0
67.5
112.5
85.5
306.0
430.5
309.0
178.5
78.0
109.5
382.5
348.0
406.5
327.0
84.0
207.0
78.0
97.5
151.5
43.5
139.5
469.5
238.5
76.5
94.5
418.5
252.0
54.0
360.0
156.0
252.0
300.0
423.0
418.5
171.0
327.0
69.0
270.0
129.0
189.0
451.5
325.5
328.5
379.5
294.0
349.5
115.5
336.0
331.5
390.0
135.0
349.5
357.0
160.5
268.5
391.5
226.5
354.0
384.0
190.5
237.0
246.0
318.0
237.0
282.0
384.0
469.5
402.0
453.0
390.0
423.0
426.0
184.5
175.5
255.0
384.0
411.0
319.5
114.0
417.0
126.0
76.5
369.0
244.5
262.5
288.0
466.5
105.0
93.0
24.0
288.0
432.0
258.0
288.0
409.5
49.5
79.5
330.0
235.5
255.0
148.5
258.0
144.0
442.5
228.0
109.5
102.0
172.5
129.0
393.0
315.0
241.5
462.0
436.5
472.5
381.0
391.5
48.0
46.5
93.0
351.0
295.5
166.5
360.0
420.0
210.0
232.5
145.5
109.5
99.0
399.0
234.0
436.5
330.0
319.5
205.5
390.0
312.0
207.0
220.5
133.5
85.5
319.5
117.0
246.0
442.5
241.5
388.5
451.5
490.5
75.0
199.5
22.5
364.5
370.5
81.0
265.5
211.5
423.0
75.0
537.0
54.0
312.0
256.5
264.0
180.0
372.0
303.0
159.0
364.5
258.0
438.0
184.5
291.0
417.0
445.5
217.5
325.5
438.0
411.0
219.0
151.5
318.0
112.5
405.0
250.5
394.5
252.0
174.0
468.0
96.0
79.5
322.5
177.0
492.0
370.5
220.5
282.0
421.5
393.0
382.5
192.0
309.0
411.0
249.0
418.5
234.0
178.5
273.0
330.0
391.5
249.0
261.0
85.5
258.0
141.0
342.0
177.0
415.5
186.0
391.5
312.0
247.5
81.0
252.0
57.0
339.0
115.5
76.5
301.5
391.5
208.5
291.0
175.5
444.0
72.0
114.0
424.5
31.5
409.5
328.5
460.5
90.0
343.5
484.5
271.5
198.0
178.5
375.0
208.5
399.0
175.5
412.5
51.0
261.0
154.5
337.5
117.0
382.5
66.0
75.0
168.0
303.0
63.0
43.5
129.0
337.5
414.0
312.0
447.0
327.0
210.0
301.5
282.0
448.5
264.0
343.5
138.0
175.5
234.0
478.5
225.0
205.5
304.5
411.0
343.5
285.0
111.0
396.0
138.0
360.0
319.5
349.5
385.5
393.0
198.0
454.5
294.0
189.0
289.5
175.5
454.5
366.0
31.5
411.0
388.5
261.0
339.0
195.0
306.0
373.5
202.5
240.0
301.5
303.0
396.0
448.5
349.5
45.0
309.0
426.0
184.5
454.5
309.0
103.5
162.0
223.5
132.0
426.0
379.5
118.5
313.5
456.0
462.0
291.0
297.0
177.0
88.5
262.5
367.5
220.5
67.5
268.5
274.5
214.5
378.0
153.0
483.0
237.0
333.0
232.5
90.0
439.5
337.5
298.5
55.5
375.0
234.0
322.5
123.0
106.5
310.5
283.5
82.5
64.5
240.0
112.5
430.5
61.5
79.5
61.5
309.0
84.0
318.0
348.0
181.5
118.5
3.0
184.5
219.0
258.0
232.5
172.5
117.0
120.0
292.5
166.5
226.5
264.0
309.0
211.5
340.5
382.5
445.5
217.5
354.0
465.0
93.0
81.0
412.5
207.0
387.0
156.0
142.5
447.0
126.0
228.0
256.5
66.0
378.0
252.0
315.0
396.0
109.5
268.5
169.5
13.5
4.5
390.0
271.5
372.0
334.5
265.5
162.0
429.0
375.0
226.5
241.5
216.0
471.0
202.5
207.0
277.5
313.5
358.5
427.5
310.5
381.0
87.0
399.0
306.0
412.5
346.5
175.5
127.5
96.0
370.5
403.5
210.0
270.0
280.5
309.0
382.5
411.0
436.5
391.5
307.5
403.5
129.0
342.0
447.0
60.0
307.5
369.0
315.0
385.5
415.5
414.0
435.0
100.5
150.0
411.0
66.0
318.0
60.0
232.5
217.5
202.5
294.0
417.0
373.5
358.5
285.0
180.0
277.5
30.0
36.0
199.5
430.5
139.5
454.5
289.5
327.0
273.0
118.5
388.5
450.0
429.0
423.0
300.0
445.5
238.5
351.0
327.0
183.0
322.5
202.5
87.0
339.0
180.0
358.5
349.5
342.0
478.5
372.0
457.5
72.0
204.0
88.5
300.0
331.5
85.5
196.5
343.5
409.5
163.5
411.0
385.5
207.0
81.0
393.0
240.0
241.5
411.0
354.0
91.5
366.0
238.5
355.5
457.5
460.5
337.5
427.5
396.0
420.0
150.0
312.0
285.0
304.5
381.0
330.0
271.5
153.0
477.0
201.0
63.0
214.5
375.0
223.5
351.0
255.0
301.5
277.5
136.5
402.0
243.0
130.5
333.0
121.5
300.0
261.0
64.5
96.0
451.5
72.0
63.0
151.5
343.5
240.0
291.0
226.5
331.5
184.5
336.0
385.5
402.0
51.0
244.5
274.5
321.0
282.0
157.5
396.0
366.0
88.5
22.5
267.0
411.0
235.5
190.5
414.0
196.5
78.0
64.5
40.5
39.0
178.5
379.5
429.0
147.0
252.0
408.0
250.5
139.5
184.5
393.0
346.5
457.5
382.5
279.0
438.0
382.5
469.5
264.0
34.5
402.0
121.5
426.0
348.0
147.0
366.0
361.5
256.5
318.0
102.0
123.0
423.0
468.0
346.5
106.5
375.0
313.5
337.5
288.0
34.5
388.5
157.5
70.5
408.0
280.5
304.5
151.5
58.5
90.0
273.0
123.0
157.5
69.0
405.0
358.5
73.5
40.5
103.5
330.0
429.0
426.0
157.5
360.0
283.5
285.0
472.5
58.5
72.0
69.0
450.0
178.5
259.5
156.0
415.5
276.0
90.0
448.5
78.0
369.0
352.5
208.5
94.5
126.0
142.5
327.0
136.5
328.5
360.0
195.0
318.0
333.0
349.5
328.5
252.0
174.0
123.0
279.0
420.0
85.5
298.5
57.0
27.0
394.5
270.0
175.5
61.5
385.5
399.0
90.0
112.5
402.0
331.5
198.0
435.0
256.5
366.0
96.0
391.5
349.5
313.5
153.0
162.0
193.5
363.0
271.5
411.0
126.0
208.5
229.5
394.5
430.5
342.0
187.5
312.0
237.0
148.5
361.5
294.0
370.5
138.0
387.0
378.0
57.0
387.0
207.0
421.5
162.0
373.5
471.0
318.0
322.5
279.0
223.5
123.0
318.0
45.0
295.5
118.5
453.0
343.5
189.0
222.0
393.0
265.5
94.5
73.5
130.5
322.5
441.0
234.0
349.5
118.5
115.5
348.0
12.0
213.0
231.0
133.5
391.5
264.0
246.0
307.5
109.5
243.0
288.0
195.0
37.5
271.5
255.0
136.5
375.0
291.0
471.0
376.5
336.0
154.5
339.0
322.5
253.5
18.0
67.5
40.5
297.0
141.0
291.0
319.5
262.5
303.0
99.0
268.5
109.5
249.0
306.0
37.5
397.5
127.5
142.5
288.0
118.5
244.5
406.5
429.0
283.5
300.0
351.0
33.0
297.0
364.5
70.5
423.0
109.5
147.0
337.5
136.5
387.0
49.5
121.5
355.5
459.0
444.0
271.5
408.0
120.0
21.0
370.5
309.0
364.5
333.0
240.0
252.0
390.0
220.5
436.5
301.5
123.0
151.5
355.5
444.0
402.0
199.5
451.5
148.5
337.5
367.5
360.0
192.0
288.0
456.0
409.5
441.0
382.5
79.5
82.5
282.0
349.5
256.5
265.5
177.0
205.5
72.0
334.5
238.5
310.5
366.0
201.0
391.5
451.5
141.0
276.0
397.5
306.0
273.0
210.0
339.0
90.0
435.0
367.5
291.0
273.0
142.5
318.0
55.5
321.0
369.0
393.0
129.0
175.5
111.0
67.5
223.5
123.0
135.0
283.5
135.0
396.0
160.5
238.5
111.0
441.0
438.0
70.5
177.0
69.0
177.0
285.0
243.0
375.0
237.0
118.5
279.0
472.5
198.0
63.0
31.5
388.5
237.0
285.0
51.0
171.0
168.0
219.0
294.0
237.0
133.5
310.5
360.0
427.5
165.0
447.0
283.5
363.0
361.5
57.0
378.0
99.0
184.5
474.0
462.0
100.5
148.5
289.5
229.5
360.0
297.0
223.5
117.0
390.0
354.0
460.5
283.5
397.5
426.0
241.5
273.0
381.0
369.0
249.0
274.5
184.5
180.0
462.0
399.0
130.5
408.0
171.0
285.0
324.0
105.0
313.5
277.5
334.5
181.5
304.5
304.5
477.0
339.0
112.5
37.5
394.5
205.5
82.5
336.0
351.0
366.0
246.0
442.5
426.0
139.5
429.0
292.5
198.0
388.5
204.0
310.5
108.0
321.0
60.0
159.0
76.5
279.0
387.0
333.0
295.5
445.5
265.5
55.5
393.0
198.0
195.0
325.5
366.0
184.5
213.0
319.5
69.0
94.5
255.0
360.0
324.0
369.0
475.5
154.5
247.5
40.5
103.5
361.5
342.0
475.5
183.0
109.5
334.5
114.0
132.0
427.5
331.5
477.0
46.5
130.5
160.5
250.5
325.5
75.0
397.5
156.0
240.0
57.0
259.5
349.5
345.0
100.5
294.0
415.5
247.5
420.0
198.0
129.0
315.0
282.0
343.5
364.5
375.0
45.0
352.5
154.5
217.5
45.0
171.0
75.0
292.5
390.0
109.5
369.0
166.5
49.5
160.5
243.0
298.5
441.0
79.5
441.0
103.5
145.5
171.0
126.0
249.0
387.0
439.5
328.5
154.5
354.0
331.5
366.0
345.0
427.5
139.5
276.0
99.0
190.5
286.5
117.0
360.0
379.5
352.5
114.0
261.0
240.0
330.0
79.5
61.5
303.0
480.0
256.5
442.5
261.0
331.5
220.5
111.0
93.0
117.0
385.5
388.5
145.5
172.5
370.5
180.0
210.0
438.0
108.0
426.0
376.5
244.5
243.0
406.5
330.0
318.0
322.5
279.0
403.5
385.5
420.0
322.5
79.5
112.5
150.0
267.0
352.5
351.0
405.0
325.5
336.0
315.0
213.0
93.0
69.0
367.5
43.5
382.5
309.0
370.5
73.5
298.5
252.0
460.5
76.5
157.5
154.5
162.0
205.5
376.5
208.5
87.0
67.5
105.0
460.5
21.0
108.0
471.0
214.5
366.0
165.0
405.0
189.0
424.5
126.0
79.5
355.5
378.0
165.0
318.0
322.5
72.0
408.0
238.5
217.5
357.0
333.0
162.0
391.5
85.5
435.0
219.0
217.5
306.0
52.5
21.0
381.0
145.5
171.0
223.5
243.0
120.0
348.0
216.0
427.5
445.5
336.0
375.0
123.0
436.5
405.0
351.0
418.5
162.0
328.5
307.5
244.5
64.5
285.0
459.0
343.5
159.0
171.0
336.0
435.0
184.5
289.5
292.5
184.5
130.5
261.0
336.0
73.5
363.0
337.5
81.0
454.5
423.0
207.0
133.5
123.0
327.0
346.5
216.0
43.5
124.5
52.5
105.0
109.5
49.5
370.5
208.5
427.5
472.5
55.5
367.5
334.5
343.5
129.0
414.0
255.0
321.0
138.0
202.5
192.0
151.5
394.5
258.0
219.0
235.5
135.0
397.5
316.5
297.0
340.5
408.0
111.0
373.5
261.0
184.5
445.5
408.0
351.0
91.5
82.5
379.5
466.5
391.5
127.5
300.0
88.5
297.0
225.0
415.5
282.0
145.5
237.0
216.0
372.0
324.0
316.5
193.5
399.0
60.0
343.5
133.5
372.0
87.0
390.0
