150.0
327.0
69.0
66.0
154.5
258.0
279.0
382.5
450.0
127.5
117.0
360.0
34.5
292.5
240.0
259.5
423.0
382.5
343.5
360.0
309.0
111.0
96.0
223.5
262.5
349.5
342.0
175.5
199.5
64.5
505.5
232.5
231.0
202.5
421.5
93.0
237.0
241.5
399.0
189.0
343.5
177.0
256.5
136.5
321.0
132.0
426.0
366.0
294.0
135.0
310.5
178.5
319.5
442.5
226.5
270.0
46.5
336.0
253.5
40.5
360.0
13.5
292.5
27.0
109.5
409.5
279.0
334.5
387.0
331.5
88.5
313.5
174.0
409.5
19.5
235.5
445.5
124.5
343.5
217.5
169.5
36.0
157.5
322.5
295.5
238.5
426.0
142.5
276.0
151.5
429.0
285.0
58.5
139.5
129.0
97.5
75.0
280.5
369.0
292.5
183.0
339.0
411.0
162.0
282.0
169.5
103.5
267.0
387.0
246.0
415.5
283.5
307.5
94.5
172.5
322.5
325.5
25.5
307.5
339.0
358.5
447.0
216.0
346.5
105.0
312.0
231.0
394.5
210.0
135.0
85.5
376.5
378.0
244.5
81.0
27.0
262.5
136.5
232.5
453.0
208.5
225.0
186.0
190.5
349.5
205.5
231.0
37.5
382.5
376.5
279.0
429.0
63.0
306.0
271.5
196.5
127.5
24.0
274.5
445.5
201.0
160.5
60.0
198.0
208.5
304.5
120.0
45.0
282.0
205.5
396.0
40.5
147.0
48.0
255.0
261.0
75.0
279.0
258.0
357.0
222.0
123.0
223.5
235.5
118.5
417.0
220.5
292.5
316.5
324.0
52.5
123.0
411.0
190.5
468.0
192.0
205.5
360.0
280.5
93.0
171.0
456.0
403.5
456.0
225.0
120.0
373.5
31.5
375.0
429.0
364.5
391.5
352.5
156.0
376.5
37.5
91.5
258.0
459.0
321.0
307.5
336.0
357.0
405.0
306.0
184.5
109.5
255.0
237.0
138.0
349.5
204.0
378.0
253.5
285.0
477.0
100.5
285.0
468.0
433.5
145.5
309.0
177.0
235.5
96.0
174.0
220.5
268.5
336.0
37.5
250.5
249.0
169.5
295.5
343.5
457.5
370.5
79.5
339.0
94.5
450.0
372.0
201.0
442.5
144.0
417.0
63.0
217.5
142.5
277.5
108.0
106.5
319.5
442.5
174.0
447.0
370.5
393.0
115.5
288.0
213.0
346.5
402.0
385.5
334.5
235.5
490.5
381.0
385.5
193.5
387.0
337.5
435.0
261.0
255.0
82.5
309.0
370.5
172.5
432.0
313.5
262.5
304.5
336.0
226.5
438.0
333.0
349.5
304.5
298.5
157.5
352.5
238.5
388.5
277.5
145.5
247.5
298.5
276.0
255.0
271.5
157.5
223.5
156.0
100.5
306.0
21.0
349.5
358.5
175.5
48.0
280.5
312.0
408.0
256.5
250.5
448.5
196.5
411.0
282.0
70.5
372.0
219.0
214.5
357.0
366.0
277.5
184.5
112.5
288.0
214.5
229.5
138.0
427.5
208.5
235.5
42.0
177.0
135.0
262.5
127.5
64.5
259.5
166.5
115.5
75.0
78.0
259.5
205.5
298.5
210.0
204.0
411.0
139.5
402.0
241.5
273.0
285.0
459.0
205.5
142.5
105.0
325.5
385.5
303.0
289.5
229.5
175.5
322.5
60.0
166.5
447.0
124.5
75.0
42.0
469.5
196.5
259.5
457.5
85.5
141.0
73.5
120.0
324.0
175.5
300.0
310.5
277.5
448.5
108.0
415.5
348.0
361.5
127.5
480.0
282.0
393.0
108.0
340.5
291.0
229.5
316.5
460.5
70.5
313.5
85.5
265.5
105.0
286.5
424.5
316.5
37.5
394.5
312.0
310.5
397.5
238.5
175.5
115.5
264.0
312.0
364.5
286.5
175.5
58.5
316.5
108.0
301.5
96.0
409.5
247.5
147.0
192.0
363.0
192.0
234.0
123.0
46.5
205.5
168.0
376.5
282.0
208.5
412.5
96.0
255.0
151.5
324.0
126.0
214.5
199.5
265.5
295.5
67.5
355.5
418.5
103.5
292.5
144.0
400.5
325.5
430.5
103.5
138.0
360.0
72.0
168.0
49.5
114.0
43.5
94.5
136.5
63.0
337.5
420.0
255.0
51.0
376.5
364.5
57.0
123.0
175.5
189.0
124.5
57.0
172.5
228.0
453.0
256.5
117.0
351.0
60.0
433.5
243.0
274.5
445.5
57.0
48.0
400.5
423.0
409.5
324.0
307.5
429.0
235.5
300.0
462.0
241.5
424.5
423.0
210.0
294.0
394.5
178.5
36.0
162.0
346.5
432.0
396.0
52.5
352.5
250.5
342.0
189.0
267.0
399.0
235.5
378.0
145.5
358.5
231.0
256.5
333.0
307.5
388.5
379.5
360.0
18.0
357.0
379.5
232.5
465.0
390.0
240.0
144.0
286.5
229.5
384.0
301.5
129.0
379.5
364.5
258.0
105.0
264.0
334.5
379.5
214.5
223.5
67.5
361.5
234.0
315.0
315.0
292.5
340.5
256.5
286.5
105.0
358.5
139.5
24.0
375.0
300.0
61.5
97.5
79.5
100.5
259.5
61.5
139.5
69.0
399.0
361.5
408.0
148.5
139.5
82.5
459.0
223.5
66.0
360.0
205.5
201.0
225.0
336.0
354.0
90.0
343.5
345.0
399.0
169.5
327.0
88.5
295.5
435.0
90.0
292.5
259.5
417.0
246.0
331.5
408.0
46.5
141.0
121.5
207.0
318.0
388.5
322.5
324.0
340.5
301.5
217.5
337.5
357.0
355.5
255.0
285.0
345.0
283.5
399.0
361.5
219.0
310.5
430.5
387.0
303.0
342.0
10.5
172.5
127.5
138.0
148.5
90.0
328.5
364.5
348.0
432.0
325.5
316.5
427.5
385.5
142.5
162.0
136.5
165.0
78.0
27.0
318.0
388.5
373.5
84.0
447.0
483.0
292.5
51.0
280.5
246.0
322.5
349.5
150.0
460.5
61.5
393.0
139.5
18.0
339.0
87.0
76.5
280.5
390.0
337.5
357.0
348.0
132.0
84.0
256.5
322.5
355.5
331.5
313.5
378.0
366.0
223.5
310.5
70.5
28.5
334.5
151.5
204.0
153.0
321.0
306.0
130.5
13.5
399.0
346.5
225.0
430.5
85.5
445.5
127.5
202.5
63.0
460.5
469.5
330.0
216.0
315.0
333.0
99.0
396.0
439.5
426.0
424.5
34.5
202.5
55.5
391.5
22.5
114.0
114.0
78.0
177.0
67.5
96.0
178.5
393.0
130.5
448.5
46.5
396.0
402.0
70.5
412.5
375.0
256.5
361.5
402.0
99.0
376.5
217.5
129.0
439.5
462.0
181.5
400.5
97.5
225.0
222.0
205.5
130.5
322.5
78.0
229.5
402.0
156.0
123.0
105.0
201.0
361.5
315.0
405.0
387.0
181.5
264.0
262.5
127.5
130.5
394.5
291.0
31.5
343.5
22.5
435.0
150.0
324.0
31.5
354.0
280.5
306.0
319.5
100.5
447.0
391.5
198.0
174.0
499.5
369.0
102.0
258.0
268.5
186.0
387.0
286.5
169.5
288.0
432.0
382.5
382.5
295.5
370.5
400.5
331.5
162.0
303.0
93.0
421.5
246.0
210.0
367.5
315.0
343.5
210.0
151.5
249.0
364.5
196.5
451.5
195.0
208.5
408.0
243.0
274.5
154.5
408.0
177.0
375.0
373.5
433.5
192.0
393.0
384.0
295.5
174.0
355.5
225.0
154.5
61.5
451.5
157.5
279.0
450.0
79.5
174.0
274.5
367.5
424.5
124.5
90.0
358.5
127.5
207.0
258.0
430.5
366.0
348.0
162.0
247.5
82.5
465.0
375.0
61.5
202.5
310.5
285.0
402.0
373.5
310.5
429.0
357.0
178.5
202.5
211.5
162.0
459.0
367.5
387.0
355.5
316.5
129.0
312.0
150.0
84.0
409.5
372.0
426.0
325.5
312.0
73.5
288.0
142.5
78.0
337.5
304.5
207.0
384.0
355.5
330.0
399.0
280.5
471.0
412.5
214.5
136.5
352.5
172.5
178.5
474.0
277.5
423.0
381.0
357.0
271.5
283.5
118.5
82.5
75.0
177.0
391.5
267.0
157.5
81.0
97.5
286.5
361.5
37.5
361.5
333.0
366.0
85.5
400.5
321.0
342.0
97.5
334.5
381.0
132.0
406.5
249.0
93.0
484.5
111.0
295.5
297.0
351.0
214.5
435.0
430.5
205.5
216.0
172.5
51.0
345.0
310.5
295.5
157.5
231.0
342.0
205.5
267.0
247.5
342.0
211.5
166.5
295.5
447.0
420.0
283.5
306.0
147.0
388.5
213.0
304.5
204.0
220.5
384.0
310.5
271.5
382.5
129.0
378.0
409.5
369.0
249.0
373.5
162.0
253.5
342.0
298.5
286.5
181.5
312.0
279.0
255.0
133.5
169.5
198.0
414.0
339.0
57.0
43.5
304.5
87.0
204.0
168.0
231.0
232.5
93.0
241.5
294.0
430.5
394.5
273.0
385.5
213.0
40.5
186.0
97.5
51.0
130.5
372.0
292.5
73.5
94.5
192.0
141.0
160.5
295.5
124.5
274.5
364.5
441.0
49.5
256.5
250.5
307.5
151.5
385.5
139.5
177.0
217.5
388.5
486.0
195.0
340.5
153.0
420.0
156.0
69.0
175.5
400.5
267.0
223.5
199.5
276.0
229.5
187.5
82.5
442.5
460.5
354.0
312.0
295.5
420.0
103.5
67.5
99.0
135.0
388.5
187.5
88.5
372.0
270.0
117.0
76.5
376.5
208.5
457.5
64.5
330.0
292.5
367.5
138.0
268.5
132.0
231.0
379.5
397.5
156.0
313.5
240.0
127.5
304.5
199.5
402.0
97.5
363.0
327.0
459.0
285.0
151.5
426.0
346.5
195.0
84.0
364.5
84.0
433.5
199.5
226.5
492.0
213.0
249.0
313.5
157.5
337.5
463.5
214.5
114.0
127.5
399.0
133.5
153.0
226.5
291.0
246.0
384.0
399.0
328.5
387.0
433.5
187.5
46.5
429.0
142.5
400.5
429.0
241.5
241.5
82.5
325.5
165.0
381.0
175.5
264.0
346.5
213.0
451.5
390.0
366.0
430.5
141.0
87.0
210.0
150.0
384.0
312.0
138.0
271.5
153.0
433.5
141.0
81.0
106.5
219.0
165.0
372.0
361.5
471.0
214.5
174.0
288.0
300.0
69.0
184.5
424.5
267.0
279.0
247.5
261.0
420.0
256.5
339.0
228.0
157.5
63.0
297.0
238.5
229.5
168.0
199.5
75.0
288.0
403.5
384.0
159.0
277.5
165.0
408.0
67.5
249.0
177.0
483.0
334.5
111.0
169.5
58.5
130.5
151.5
265.5
90.0
82.5
286.5
186.0
231.0
165.0
9.0
169.5
280.5
219.0
205.5
394.5
235.5
310.5
222.0
306.0
67.5
384.0
294.0
141.0
244.5
277.5
327.0
396.0
112.5
46.5
121.5
465.0
292.5
403.5
93.0
193.5
387.0
181.5
409.5
88.5
55.5
157.5
60.0
487.5
75.0
244.5
285.0
121.5
112.5
45.0
90.0
49.5
285.0
186.0
300.0
241.5
145.5
156.0
309.0
172.5
157.5
130.5
72.0
148.5
316.5
334.5
192.0
349.5
46.5
433.5
372.0
211.5
208.5
456.0
357.0
225.0
28.5
157.5
270.0
295.5
438.0
313.5
40.5
201.0
87.0
165.0
204.0
442.5
160.5
369.0
148.5
343.5
387.0
15.0
336.0
379.5
109.5
264.0
427.5
138.0
364.5
6.0
120.0
181.5
379.5
277.5
105.0
420.0
130.5
382.5
318.0
171.0
475.5
328.5
186.0
277.5
223.5
325.5
250.5
198.0
118.5
276.0
129.0
279.0
268.5
78.0
351.0
25.5
177.0
379.5
321.0
334.5
376.5
249.0
166.5
198.0
261.0
259.5
265.5
84.0
310.5
114.0
355.5
244.5
51.0
381.0
147.0
196.5
375.0
358.5
424.5
304.5
306.0
204.0
153.0
255.0
247.5
289.5
141.0
406.5
421.5
267.0
360.0
202.5
249.0
334.5
447.0
462.0
435.0
216.0
60.0
207.0
453.0
312.0
157.5
279.0
58.5
351.0
141.0
39.0
511.5
162.0
316.5
403.5
243.0
376.5
396.0
432.0
141.0
213.0
349.5
291.0
46.5
280.5
40.5
256.5
246.0
318.0
120.0
265.5
133.5
127.5
262.5
138.0
256.5
366.0
43.5
349.5
408.0
297.0
102.0
414.0
405.0
163.5
345.0
94.5
442.5
142.5
201.0
403.5
292.5
262.5
360.0
112.5
387.0
280.5
439.5
382.5
469.5
390.0
315.0
90.0
261.0
448.5
292.5
102.0
145.5
375.0
342.0
69.0
201.0
394.5
64.5
160.5
100.5
25.5
103.5
298.5
384.0
319.5
28.5
147.0
169.5
49.5
412.5
348.0
64.5
52.5
130.5
88.5
438.0
120.0
393.0
262.5
403.5
304.5
307.5
298.5
343.5
60.0
345.0
445.5
402.0
205.5
82.5
325.5
229.5
106.5
316.5
124.5
456.0
378.0
319.5
216.0
148.5
393.0
405.0
234.0
142.5
376.5
403.5
174.0
283.5
421.5
435.0
420.0
249.0
364.5
223.5
70.5
276.0
231.0
132.0
481.5
252.0
192.0
157.5
354.0
444.0
300.0
135.0
405.0
156.0
387.0
160.5
196.5
145.5
330.0
367.5
472.5
216.0
391.5
393.0
409.5
295.5
214.5
109.5
442.5
403.5
88.5
100.5
264.0
400.5
283.5
364.5
318.0
334.5
78.0
262.5
105.0
253.5
280.5
64.5
340.5
150.0
330.0
354.0
162.0
75.0
61.5
171.0
115.5
388.5
25.5
432.0
300.0
39.0
346.5
250.5
178.5
369.0
406.5
438.0
309.0
391.5
274.5
99.0
273.0
277.5
295.5
447.0
184.5
190.5
315.0
150.0
339.0
181.5
70.5
472.5
414.0
108.0
171.0
289.5
127.5
406.5
108.0
84.0
336.0
66.0
190.5
70.5
382.5
111.0
415.5
367.5
364.5
33.0
187.5
270.0
201.0
148.5
358.5
400.5
67.5
178.5
445.5
15.0
463.5
420.0
111.0
400.5
418.5
273.0
328.5
387.0
81.0
246.0
400.5
375.0
349.5
280.5
106.5
445.5
408.0
510.0
123.0
75.0
310.5
459.0
387.0
49.5
237.0
444.0
391.5
337.5
480.0
96.0
388.5
193.5
477.0
127.5
303.0
331.5
343.5
205.5
420.0
72.0
234.0
423.0
187.5
271.5
291.0
394.5
366.0
204.0
346.5
103.5
349.5
421.5
181.5
84.0
238.5
427.5
309.0
247.5
256.5
219.0
157.5
381.0
135.0
336.0
133.5
240.0
216.0
429.0
306.0
301.5
180.0
415.5
276.0
418.5
199.5
294.0
394.5
213.0
492.0
406.5
451.5
246.0
123.0
394.5
204.0
226.5
312.0
441.0
16.5
384.0
105.0
424.5
285.0
222.0
127.5
391.5
342.0
256.5
267.0
265.5
141.0
36.0
249.0
177.0
436.5
367.5
99.0
195.0
57.0
184.5
241.5
70.5
325.5
439.5
300.0
337.5
303.0
172.5
55.5
331.5
249.0
304.5
220.5
61.5
438.0
474.0
174.0
390.0
436.5
148.5
420.0
76.5
238.5
91.5
226.5
390.0
61.5
64.5
343.5
87.0
186.0
339.0
267.0
370.5
133.5
48.0
97.5
294.0
339.0
259.5
201.0
289.5
189.0
264.0
271.5
316.5
103.5
417.0
288.0
313.5
367.5
286.5
375.0
52.5
325.5
343.5
87.0
153.0
232.5
265.5
322.5
177.0
280.5
211.5
406.5
322.5
333.0
402.0
460.5
430.5
433.5
420.0
123.0
295.5
241.5
342.0
313.5
291.0
132.0
312.0
369.0
48.0
333.0
384.0
106.5
412.5
243.0
444.0
439.5
246.0
361.5
178.5
48.0
456.0
102.0
280.5
186.0
126.0
129.0
72.0
415.5
30.0
247.5
195.0
25.5
306.0
103.5
168.0
411.0
420.0
85.5
69.0
63.0
316.5
178.5
205.5
456.0
79.5
367.5
252.0
235.5
349.5
184.5
331.5
118.5
265.5
417.0
396.0
133.5
241.5
267.0
255.0
186.0
219.0
259.5
306.0
261.0
265.5
136.5
447.0
394.5
463.5
300.0
163.5
72.0
429.0
307.5
49.5
124.5
447.0
91.5
270.0
243.0
360.0
73.5
282.0
64.5
405.0
448.5
319.5
442.5
247.5
106.5
115.5
312.0
298.5
111.0
196.5
330.0
292.5
388.5
378.0
292.5
121.5
204.0
82.5
286.5
400.5
409.5
294.0
102.0
333.0
180.0
345.0
415.5
142.5
211.5
339.0
366.0
322.5
340.5
381.0
76.5
117.0
217.5
121.5
169.5
181.5
330.0
195.0
399.0
234.0
61.5
106.5
385.5
87.0
91.5
334.5
388.5
345.0
99.0
370.5
234.0
52.5
39.0
190.5
307.5
186.0
337.5
241.5
73.5
457.5
394.5
306.0
399.0
319.5
328.5
306.0
321.0
97.5
346.5
274.5
235.5
99.0
453.0
502.5
19.5
147.0
306.0
375.0
370.5
414.0
280.5
172.5
129.0
174.0
418.5
159.0
495.0
249.0
21.0
313.5
345.0
84.0
325.5
444.0
163.5
213.0
147.0
319.5
322.5
84.0
355.5
444.0
64.5
397.5
201.0
358.5
172.5
84.0
418.5
226.5
241.5
139.5
438.0
301.5
385.5
321.0
114.0
256.5
37.5
55.5
88.5
462.0
148.5
111.0
216.0
63.0
289.5
126.0
328.5
364.5
99.0
318.0
424.5
168.0
219.0
397.5
304.5
346.5
387.0
138.0
300.0
156.0
232.5
429.0
66.0
321.0
72.0
379.5
133.5
423.0
99.0
439.5
484.5
222.0
439.5
391.5
265.5
393.0
354.0
408.0
250.5
373.5
211.5
307.5
24.0
219.0
267.0
246.0
381.0
145.5
244.5
61.5
27.0
31.5
394.5
225.0
400.5
78.0
46.5
49.5
174.0
391.5
180.0
436.5
34.5
271.5
132.0
193.5
39.0
414.0
303.0
501.0
375.0
157.5
46.5
72.0
210.0
207.0
138.0
168.0
186.0
193.5
279.0
88.5
417.0
345.0
417.0
261.0
163.5
21.0
295.5
243.0
286.5
214.5
309.0
381.0
30.0
93.0
439.5
340.5
205.5
271.5
390.0
369.0
498.0
249.0
82.5
100.5
108.0
477.0
477.0
351.0
345.0
334.5
303.0
204.0
451.5
126.0
174.0
423.0
418.5
295.5
166.5
247.5
154.5
427.5
27.0
52.5
331.5
385.5
165.0
427.5
109.5
393.0
273.0
64.5
145.5
253.5
249.0
403.5
85.5
244.5
72.0
352.5
414.0
363.0
115.5
342.0
225.0
159.0
193.5
279.0
78.0
133.5
135.0
297.0
202.5
141.0
163.5
84.0
385.5
111.0
126.0
159.0
468.0
343.5
99.0
397.5
304.5
126.0
40.5
447.0
249.0
199.5
147.0
415.5
304.5
178.5
309.0
430.5
165.0
283.5
88.5
90.0
241.5
76.5
73.5
189.0
24.0
204.0
289.5
348.0
444.0
279.0
88.5
105.0
150.0
253.5
99.0
439.5
417.0
288.0
178.5
73.5
189.0
211.5
331.5
355.5
448.5
315.0
114.0
157.5
403.5
180.0
36.0
454.5
118.5
304.5
382.5
309.0
400.5
130.5
303.0
150.0
118.5
283.5
79.5
39.0
243.0
45.0
154.5
226.5
414.0
255.0
414.0
403.5
99.0
324.0
255.0
93.0
144.0
442.5
88.5
219.0
355.5
97.5
213.0
489.0
427.5
367.5
300.0
405.0
351.0
210.0
297.0
411.0
390.0
277.5
213.0
423.0
198.0
433.5
376.5
268.5
352.5
435.0
144.0
132.0
327.0
453.0
90.0
442.5
441.0
325.5
100.5
343.5
364.5
105.0
156.0
277.5
159.0
133.5
90.0
306.0
111.0
183.0
303.0
235.5
165.0
84.0
97.5
192.0
391.5
148.5
424.5
81.0
310.5
387.0
207.0
270.0
406.5
99.0
171.0
148.5
294.0
319.5
234.0
489.0
150.0
87.0
109.5
105.0
427.5
166.5
31.5
258.0
496.5
445.5
400.5
423.0
378.0
283.5
270.0
351.0
283.5
402.0
466.5
255.0
70.5
423.0
219.0
313.5
144.0
453.0
417.0
340.5
255.0
405.0
297.0
99.0
135.0
450.0
172.5
165.0
303.0
312.0
225.0
346.5
292.5
369.0
298.5
111.0
381.0
301.5
354.0
312.0
376.5
358.5
111.0
210.0
250.5
37.5
397.5
274.5
334.5
165.0
237.0
372.0
351.0
273.0
91.5
82.5
369.0
400.5
252.0
72.0
208.5
349.5
153.0
73.5
405.0
442.5
420.0
124.5
126.0
303.0
297.0
235.5
247.5
313.5
415.5
192.0
375.0
390.0
301.5
291.0
393.0
394.5
213.0
253.5
159.0
202.5
292.5
307.5
199.5
111.0
169.5
181.5
192.0
304.5
105.0
136.5
307.5
72.0
117.0
220.5
385.5
94.5
349.5
63.0
441.0
267.0
376.5
328.5
321.0
214.5
318.0
337.5
196.5
453.0
313.5
123.0
450.0
399.0
325.5
465.0
72.0
273.0
423.0
105.0
423.0
327.0
310.5
237.0
39.0
46.5
484.5
435.0
25.5
273.0
39.0
358.5
123.0
402.0
399.0
141.0
334.5
478.5
217.5
144.0
466.5
147.0
88.5
204.0
166.5
328.5
343.5
373.5
168.0
361.5
126.0
264.0
195.0
366.0
492.0
235.5
81.0
165.0
124.5
67.5
202.5
436.5
475.5
127.5
136.5
247.5
153.0
388.5
217.5
310.5
112.5
160.5
342.0
427.5
363.0
415.5
267.0
411.0
295.5
121.5
145.5
307.5
118.5
84.0
183.0
319.5
133.5
229.5
124.5
360.0
196.5
267.0
123.0
295.5
286.5
454.5
357.0
244.5
369.0
79.5
159.0
321.0
301.5
367.5
138.0
396.0
384.0
366.0
279.0
90.0
207.0
60.0
36.0
90.0
219.0
480.0
187.5
259.5
33.0
354.0
331.5
285.0
66.0
363.0
451.5
283.5
171.0
193.5
100.5
175.5
124.5
144.0
408.0
229.5
487.5
247.5
342.0
204.0
414.0
288.0
189.0
378.0
81.0
294.0
198.0
88.5
252.0
333.0
277.5
388.5
220.5
217.5
400.5
231.0
201.0
373.5
249.0
175.5
172.5
313.5
187.5
109.5
319.5
88.5
229.5
25.5
337.5
60.0
372.0
355.5
150.0
130.5
420.0
312.0
315.0
363.0
306.0
97.5
280.5
510.0
423.0
150.0
306.0
250.5
322.5
172.5
186.0
214.5
391.5
244.5
136.5
439.5
441.0
99.0
406.5
363.0
271.5
193.5
12.0
445.5
267.0
30.0
171.0
262.5
376.5
66.0
219.0
304.5
346.5
288.0
111.0
366.0
219.0
220.5
403.5
49.5
423.0
313.5
247.5
216.0
136.5
358.5
289.5
456.0
364.5
378.0
313.5
132.0
349.5
387.0
414.0
91.5
21.0
400.5
292.5
199.5
192.0
178.5
192.0
172.5
288.0
202.5
66.0
231.0
115.5
45.0
301.5
237.0
439.5
366.0
378.0
403.5
397.5
375.0
235.5
135.0
448.5
256.5
154.5
193.5
297.0
346.5
289.5
327.0
117.0
313.5
243.0
142.5
282.0
435.0
367.5
351.0
255.0
136.5
177.0
366.0
204.0
213.0
403.5
478.5
162.0
30.0
264.0
298.5
79.5
207.0
82.5
430.5
145.5
69.0
309.0
247.5
409.5
154.5
310.5
340.5
216.0
471.0
105.0
52.5
265.5
270.0
189.0
222.0
175.5
186.0
318.0
298.5
276.0
378.0
42.0
127.5
355.5
73.5
441.0
361.5
84.0
337.5
408.0
196.5
292.5
64.5
321.0
394.5
418.5
375.0
370.5
168.0
79.5
52.5
370.5
129.0
37.5
51.0
370.5
355.5
43.5
196.5
283.5
358.5
115.5
213.0
214.5
339.0
510.0
412.5
241.5
40.5
100.5
189.0
247.5
466.5
373.5
273.0
108.0
93.0
420.0
48.0
52.5
273.0
169.5
315.0
112.5
15.0
379.5
181.5
439.5
241.5
225.0
204.0
457.5
229.5
250.5
75.0
198.0
466.5
126.0
108.0
138.0
73.5
31.5
115.5
106.5
309.0
439.5
381.0
400.5
126.0
396.0
60.0
265.5
375.0
502.5
273.0
105.0
397.5
343.5
223.5
336.0
241.5
256.5
150.0
171.0
159.0
49.5
324.0
202.5
219.0
181.5
114.0
304.5
459.0
204.0
109.5
279.0
352.5
253.5
153.0
313.5
247.5
429.0
376.5
391.5
466.5
106.5
303.0
441.0
72.0
390.0
273.0
129.0
315.0
121.5
135.0
375.0
273.0
412.5
118.5
375.0
400.5
444.0
378.0
198.0
267.0
220.5
142.5
307.5
462.0
159.0
397.5
343.5
132.0
414.0
139.5
325.5
216.0
220.5
378.0
348.0
96.0
96.0
154.5
133.5
261.0
124.5
426.0
76.5
183.0
474.0
153.0
238.5
150.0
175.5
115.5
375.0
465.0
16.5
103.5
214.5
178.5
231.0
93.0
339.0
201.0
421.5
88.5
414.0
313.5
91.5
187.5
420.0
157.5
51.0
72.0
58.5
132.0
364.5
163.5
142.5
250.5
121.5
265.5
115.5
298.5
216.0
109.5
286.5
234.0
189.0
294.0
342.0
114.0
76.5
241.5
369.0
280.5
97.5
390.0
19.5
442.5
366.0
420.0
115.5
237.0
507.0
283.5
318.0
249.0
438.0
277.5
343.5
165.0
180.0
352.5
220.5
178.5
193.5
412.5
208.5
55.5
147.0
324.0
210.0
45.0
394.5
115.5
208.5
150.0
283.5
321.0
130.5
397.5
453.0
357.0
178.5
360.0
250.5
444.0
468.0
271.5
277.5
330.0
424.5
135.0
429.0
127.5
358.5
396.0
100.5
304.5
420.0
430.5
37.5
478.5
292.5
76.5
372.0
249.0
465.0
289.5
349.5
96.0
442.5
136.5
25.5
126.0
228.0
402.0
174.0
118.5
316.5
189.0
148.5
412.5
120.0
399.0
325.5
127.5
369.0
114.0
180.0
301.5
405.0
394.5
462.0
216.0
402.0
447.0
91.5
130.5
270.0
447.0
177.0
399.0
91.5
225.0
87.0
349.5
363.0
186.0
268.5
129.0
114.0
408.0
388.5
27.0
54.0
357.0
471.0
211.5
226.5
339.0
327.0
304.5
304.5
247.5
102.0
286.5
297.0
355.5
321.0
313.5
166.5
448.5
133.5
93.0
285.0
82.5
210.0
412.5
423.0
178.5
397.5
166.5
490.5
177.0
88.5
175.5
420.0
354.0
192.0
315.0
229.5
150.0
243.0
141.0
282.0
106.5
138.0
375.0
319.5
214.5
123.0
123.0
139.5
360.0
471.0
267.0
141.0
300.0
310.5
66.0
238.5
238.5
394.5
463.5
363.0
369.0
85.5
448.5
340.5
340.5
135.0
424.5
289.5
178.5
228.0
294.0
201.0
195.0
282.0
222.0
424.5
403.5
171.0
387.0
100.5
124.5
379.5
139.5
510.0
394.5
349.5
295.5
295.5
147.0
210.0
208.5
406.5
135.0
297.0
147.0
409.5
403.5
370.5
348.0
267.0
295.5
388.5
316.5
330.0
336.0
241.5
258.0
514.5
216.0
144.0
211.5
183.0
477.0
63.0
207.0
367.5
63.0
363.0
385.5
175.5
234.0
442.5
93.0
25.5
412.5
424.5
436.5
388.5
261.0
411.0
249.0
421.5
331.5
154.5
271.5
198.0
160.5
136.5
418.5
145.5
54.0
214.5
133.5
237.0
309.0
106.5
435.0
136.5
238.5
303.0
124.5
381.0
298.5
82.5
339.0
433.5
196.5
238.5
393.0
135.0
106.5
247.5
337.5
139.5
306.0
405.0
441.0
97.5
423.0
54.0
306.0
264.0
84.0
103.5
253.5
381.0
327.0
217.5
139.5
385.5
225.0
319.5
162.0
375.0
330.0
181.5
255.0
277.5
4.5
316.5
298.5
262.5
417.0
259.5
78.0
436.5
409.5
78.0
129.0
385.5
445.5
267.0
60.0
90.0
87.0
403.5
58.5
355.5
148.5
322.5
376.5
264.0
55.5
169.5
87.0
196.5
283.5
342.0
234.0
205.5
343.5
207.0
73.5
157.5
268.5
261.0
337.5
171.0
270.0
72.0
367.5
199.5
447.0
24.0
354.0
223.5
258.0
85.5
57.0
388.5
399.0
154.5
391.5
7.5
64.5
390.0
411.0
304.5
91.5
75.0
430.5
147.0
348.0
336.0
400.5
94.5
454.5
348.0
310.5
229.5
229.5
36.0
51.0
159.0
60.0
228.0
276.0
397.5
133.5
300.0
145.5
85.5
438.0
103.5
381.0
136.5
151.5
61.5
349.5
34.5
283.5
366.0
271.5
315.0
163.5
343.5
444.0
199.5
244.5
393.0
148.5
250.5
108.0
42.0
142.5
198.0
231.0
217.5
375.0
87.0
433.5
13.5
331.5
324.0
55.5
421.5
289.5
39.0
474.0
306.0
372.0
474.0
318.0
168.0
454.5
73.5
433.5
36.0
439.5
288.0
121.5
363.0
93.0
333.0
19.5
102.0
127.5
297.0
133.5
151.5
235.5
123.0
33.0
441.0
238.5
81.0
423.0
7.5
466.5
411.0
388.5
201.0
294.0
265.5
445.5
97.5
40.5
325.5
366.0
285.0
268.5
120.0
220.5
361.5
303.0
378.0
96.0
219.0
328.5
318.0
246.0
172.5
265.5
354.0
417.0
316.5
334.5
334.5
318.0
162.0
123.0
442.5
343.5
361.5
153.0
477.0
28.5
352.5
66.0
262.5
48.0
400.5
253.5
202.5
177.0
337.5
262.5
475.5
415.5
321.0
205.5
487.5
88.5
256.5
408.0
307.5
400.5
277.5
423.0
57.0
156.0
502.5
198.0
99.0
349.5
376.5
298.5
412.5
364.5
444.0
42.0
255.0
361.5
423.0
487.5
414.0
430.5
445.5
396.0
373.5
445.5
130.5
141.0
472.5
181.5
439.5
144.0
298.5
378.0
265.5
262.5
388.5
63.0
358.5
343.5
153.0
463.5
409.5
157.5
358.5
99.0
183.0
36.0
303.0
400.5
181.5
321.0
420.0
394.5
228.0
391.5
192.0
304.5
352.5
354.0
399.0
349.5
66.0
223.5
432.0
132.0
226.5
232.5
52.5
276.0
132.0
415.5
376.5
129.0
346.5
54.0
463.5
123.0
88.5
406.5
304.5
363.0
234.0
292.5
177.0
402.0
258.0
192.0
346.5
154.5
220.5
402.0
304.5
222.0
438.0
144.0
301.5
178.5
355.5
66.0
313.5
58.5
219.0
288.0
250.5
390.0
424.5
327.0
39.0
345.0
297.0
87.0
100.5
301.5
82.5
267.0
295.5
321.0
445.5
441.0
111.0
363.0
78.0
274.5
220.5
249.0
375.0
379.5
294.0
328.5
166.5
327.0
349.5
58.5
340.5
216.0
243.0
268.5
225.0
280.5
324.0
355.5
192.0
108.0
216.0
259.5
255.0
462.0
97.5
316.5
55.5
193.5
106.5
412.5
286.5
115.5
204.0
336.0
127.5
315.0
339.0
282.0
84.0
406.5
331.5
412.5
75.0
423.0
399.0
84.0
280.5
205.5
243.0
265.5
201.0
66.0
52.5
322.5
186.0
379.5
246.0
70.5
169.5
340.5
232.5
430.5
153.0
321.0
264.0
217.5
421.5
48.0
325.5
219.0
160.5
315.0
139.5
316.5
195.0
354.0
88.5
337.5
432.0
220.5
417.0
393.0
100.5
316.5
124.5
339.0
213.0
348.0
471.0
253.5
391.5
309.0
133.5
240.0
124.5
171.0
135.0
354.0
358.5
252.0
72.0
453.0
108.0
424.5
364.5
273.0
57.0
358.5
439.5
252.0
229.5
112.5
463.5
132.0
202.5
153.0
196.5
432.0
297.0
397.5
379.5
268.5
370.5
160.5
376.5
376.5
205.5
442.5
180.0
447.0
210.0
403.5
25.5
225.0
60.0
372.0
201.0
129.0
246.0
150.0
136.5
408.0
70.5
412.5
256.5
375.0
391.5
285.0
177.0
87.0
366.0
127.5
354.0
142.5
354.0
225.0
142.5
358.5
168.0
301.5
166.5
51.0
429.0
388.5
303.0
166.5
232.5
490.5
204.0
238.5
70.5
165.0
246.0
186.0
417.0
391.5
426.0
322.5
120.0
384.0
88.5
267.0
285.0
379.5
117.0
436.5
318.0
22.5
196.5
391.5
298.5
427.5
108.0
187.5
126.0
426.0
112.5
477.0
465.0
369.0
99.0
102.0
445.5
466.5
376.5
237.0
270.0
153.0
327.0
33.0
124.5
277.5
360.0
213.0
97.5
165.0
442.5
328.5
51.0
412.5
174.0
94.5
223.5
381.0
421.5
133.5
222.0
286.5
106.5
127.5
318.0
382.5
387.0
288.0
402.0
444.0
51.0
204.0
165.0
360.0
319.5
277.5
265.5
97.5
430.5
258.0
327.0
408.0
403.5
99.0
432.0
30.0
322.5
178.5
340.5
261.0
145.5
88.5
183.0
273.0
352.5
339.0
168.0
208.5
295.5
319.5
346.5
214.5
358.5
48.0
120.0
118.5
259.5
441.0
415.5
123.0
346.5
76.5
391.5
55.5
367.5
295.5
58.5
157.5
270.0
39.0
421.5
307.5
355.5
120.0
220.5
306.0
399.0
243.0
409.5
76.5
372.0
66.0
391.5
210.0
462.0
292.5
51.0
291.0
99.0
268.5
223.5
447.0
394.5
132.0
396.0
106.5
345.0
300.0
319.5
255.0
282.0
423.0
40.5
162.0
100.5
154.5
237.0
162.0
249.0
451.5
133.5
25.5
199.5
480.0
253.5
360.0
81.0
166.5
136.5
421.5
168.0
423.0
57.0
21.0
346.5
181.5
442.5
450.0
84.0
406.5
318.0
313.5
159.0
73.5
73.5
339.0
219.0
205.5
160.5
219.0
102.0
219.0
207.0
220.5
334.5
504.0
436.5
228.0
172.5
376.5
117.0
385.5
153.0
478.5
373.5
184.5
337.5
322.5
30.0
169.5
366.0
307.5
84.0
264.0
220.5
411.0
327.0
136.5
157.5
240.0
147.0
87.0
427.5
460.5
183.0
328.5
418.5
118.5
207.0
99.0
346.5
261.0
247.5
102.0
429.0
415.5
43.5
238.5
150.0
307.5
60.0
195.0
330.0
99.0
210.0
73.5
268.5
280.5
432.0
190.5
465.0
283.5
372.0
283.5
214.5
291.0
130.5
394.5
364.5
219.0
72.0
280.5
96.0
270.0
382.5
369.0
385.5
100.5
357.0
246.0
388.5
277.5
231.0
334.5
388.5
396.0
79.5
250.5
156.0
283.5
423.0
114.0
153.0
256.5
165.0
315.0
354.0
325.5
421.5
174.0
43.5
169.5
348.0
363.0
232.5
34.5
330.0
433.5
321.0
393.0
408.0
156.0
99.0
60.0
354.0
75.0
190.5
108.0
280.5
115.5
376.5
276.0
160.5
331.5
454.5
228.0
132.0
94.5
90.0
315.0
115.5
82.5
228.0
420.0
220.5
327.0
463.5
159.0
391.5
142.5
379.5
174.0
369.0
345.0
202.5
225.0
313.5
376.5
178.5
91.5
291.0
411.0
322.5
121.5
186.0
183.0
28.5
108.0
313.5
448.5
295.5
249.0
396.0
121.5
274.5
445.5
406.5
307.5
402.0
409.5
472.5
199.5
298.5
354.0
201.0
415.5
165.0
61.5
45.0
369.0
291.0
295.5
289.5
259.5
198.0
361.5
339.0
324.0
165.0
153.0
234.0
256.5
256.5
177.0
354.0
417.0
309.0
319.5
289.5
205.5
108.0
189.0
363.0
462.0
259.5
136.5
132.0
264.0
288.0
438.0
114.0
316.5
130.5
342.0
136.5
405.0
268.5
223.5
244.5
57.0
408.0
210.0
360.0
357.0
315.0
267.0
339.0
33.0
174.0
174.0
63.0
175.5
432.0
297.0
406.5
298.5
381.0
334.5
97.5
411.0
481.5
405.0
262.5
393.0
69.0
420.0
436.5
207.0
249.0
192.0
390.0
265.5
69.0
204.0
136.5
67.5
142.5
135.0
349.5
46.5
372.0
211.5
105.0
148.5
277.5
292.5
223.5
393.0
216.0
474.0
472.5
165.0
82.5
181.5
204.0
289.5
447.0
388.5
217.5
255.0
121.5
57.0
351.0
321.0
78.0
351.0
277.5
226.5
438.0
484.5
63.0
171.0
169.5
348.0
228.0
202.5
328.5
321.0
309.0
274.5
76.5
324.0
79.5
121.5
442.5
318.0
271.5
214.5
138.0
229.5
82.5
235.5
186.0
285.0
88.5
204.0
298.5
372.0
258.0
406.5
144.0
372.0
399.0
459.0
355.5
73.5
262.5
318.0
432.0
69.0
93.0
216.0
388.5
231.0
232.5
75.0
115.5
382.5
378.0
384.0
57.0
343.5
412.5
213.0
202.5
183.0
420.0
198.0
85.5
258.0
37.5
333.0
220.5
444.0
201.0
189.0
313.5
469.5
132.0
415.5
223.5
222.0
117.0
168.0
208.5
214.5
345.0
382.5
237.0
343.5
250.5
345.0
309.0
181.5
243.0
417.0
409.5
232.5
148.5
142.5
169.5
165.0
135.0
240.0
363.0
331.5
115.5
157.5
385.5
216.0
492.0
382.5
321.0
45.0
262.5
357.0
87.0
264.0
303.0
399.0
354.0
310.5
9.0
193.5
459.0
174.0
333.0
369.0
409.5
28.5
88.5
255.0
184.5
285.0
159.0
352.5
432.0
120.0
327.0
144.0
91.5
463.5
336.0
166.5
337.5
321.0
325.5
90.0
166.5
157.5
210.0
157.5
145.5
85.5
480.0
111.0
163.5
84.0
289.5
229.5
456.0
106.5
261.0
397.5
490.5
156.0
166.5
40.5
409.5
154.5
63.0
279.0
190.5
436.5
228.0
252.0
19.5
69.0
355.5
390.0
85.5
435.0
64.5
447.0
427.5
189.0
156.0
220.5
307.5
336.0
174.0
87.0
351.0
463.5
204.0
370.5
187.5
387.0
295.5
153.0
175.5
177.0
247.5
202.5
37.5
102.0
394.5
456.0
406.5
417.0
75.0
402.0
253.5
208.5
450.0
358.5
45.0
187.5
276.0
231.0
402.0
426.0
81.0
142.5
241.5
349.5
412.5
253.5
228.0
358.5
183.0
84.0
439.5
298.5
135.0
334.5
285.0
417.0
358.5
462.0
369.0
403.5
328.5
103.5
46.5
82.5
355.5
289.5
126.0
418.5
159.0
238.5
264.0
31.5
471.0
228.0
345.0
394.5
349.5
120.0
256.5
285.0
433.5
459.0
397.5
400.5
141.0
421.5
82.5
145.5
90.0
381.0
388.5
102.0
85.5
348.0
396.0
226.5
384.0
210.0
357.0
223.5
178.5
154.5
384.0
310.5
318.0
420.0
349.5
343.5
148.5
100.5
108.0
370.5
427.5
432.0
348.0
345.0
234.0
336.0
129.0
349.5
238.5
339.0
148.5
358.5
148.5
312.0
450.0
112.5
444.0
432.0
339.0
483.0
288.0
478.5
384.0
37.5
46.5
432.0
247.5
84.0
165.0
361.5
415.5
433.5
454.5
355.5
316.5
339.0
273.0
57.0
111.0
351.0
253.5
267.0
325.5
253.5
181.5
63.0
409.5
73.5
279.0
61.5
234.0
360.0
117.0
37.5
286.5
94.5
198.0
417.0
234.0
273.0
190.5
111.0
381.0
163.5
382.5
346.5
76.5
438.0
111.0
100.5
163.5
192.0
139.5
316.5
423.0
336.0
442.5
391.5
240.0
61.5
400.5
313.5
381.0
457.5
421.5
91.5
181.5
214.5
150.0
331.5
438.0
109.5
9.0
432.0
402.0
375.0
393.0
456.0
289.5
67.5
142.5
363.0
417.0
372.0
132.0
408.0
46.5
217.5
288.0
303.0
18.0
93.0
243.0
144.0
97.5
61.5
135.0
261.0
309.0
135.0
201.0
207.0
136.5
165.0
108.0
426.0
190.5
370.5
231.0
31.5
301.5
270.0
111.0
37.5
393.0
151.5
361.5
312.0
307.5
336.0
445.5
484.5
171.0
385.5
177.0
49.5
103.5
106.5
363.0
400.5
303.0
268.5
195.0
186.0
148.5
363.0
288.0
174.0
117.0
403.5
300.0
247.5
381.0
181.5
160.5
94.5
444.0
393.0
97.5
66.0
168.0
181.5
39.0
144.0
295.5
178.5
388.5
258.0
306.0
132.0
388.5
178.5
225.0
270.0
346.5
489.0
406.5
273.0
351.0
355.5
399.0
295.5
367.5
160.5
394.5
322.5
99.0
226.5
169.5
256.5
294.0
370.5
279.0
420.0
457.5
229.5
208.5
435.0
220.5
150.0
261.0
198.0
18.0
121.5
231.0
120.0
79.5
444.0
88.5
403.5
216.0
114.0
73.5
337.5
85.5
286.5
366.0
234.0
292.5
214.5
81.0
232.5
117.0
199.5
316.5
42.0
376.5
93.0
399.0
250.5
145.5
93.0
270.0
361.5
211.5
393.0
451.5
327.0
70.5
367.5
180.0
292.5
220.5
156.0
403.5
240.0
267.0
388.5
147.0
184.5
81.0
145.5
249.0
384.0
324.0
345.0
64.5
157.5
348.0
231.0
127.5
348.0
37.5
210.0
246.0
18.0
96.0
181.5
253.5
295.5
427.5
73.5
300.0
133.5
322.5
163.5
379.5
159.0
298.5
315.0
337.5
304.5
400.5
321.0
307.5
157.5
150.0
252.0
444.0
225.0
327.0
84.0
460.5
283.5
72.0
300.0
238.5
168.0
154.5
72.0
406.5
391.5
402.0
282.0
184.5
309.0
261.0
132.0
226.5
228.0
241.5
256.5
165.0
240.0
435.0
223.5
408.0
6.0
408.0
444.0
91.5
52.5
313.5
388.5
291.0
136.5
91.5
415.5
178.5
328.5
54.0
475.5
400.5
204.0
330.0
193.5
420.0
147.0
126.0
190.5
133.5
385.5
222.0
292.5
181.5
268.5
189.0
184.5
174.0
87.0
171.0
420.0
439.5
154.5
220.5
138.0
336.0
127.5
361.5
153.0
100.5
360.0
484.5
243.0
385.5
262.5
358.5
127.5
303.0
363.0
439.5
63.0
168.0
234.0
235.5
163.5
55.5
390.0
129.0
222.0
24.0
450.0
313.5
321.0
238.5
319.5
289.5
388.5
342.0
400.5
282.0
448.5
255.0
199.5
337.5
424.5
126.0
471.0
315.0
261.0
447.0
207.0
97.5
306.0
48.0
433.5
127.5
204.0
30.0
28.5
99.0
312.0
163.5
210.0
286.5
106.5
216.0
303.0
126.0
391.5
192.0
298.5
217.5
436.5
300.0
385.5
366.0
132.0
217.5
46.5
211.5
376.5
301.5
154.5
388.5
195.0
151.5
123.0
142.5
27.0
219.0
309.0
190.5
130.5
429.0
214.5
375.0
373.5
376.5
400.5
276.0
214.5
153.0
367.5
226.5
156.0
171.0
