346.5
169.5
291.0
438.0
346.5
300.0
412.5
285.0
471.0
258.0
456.0
141.0
462.0
441.0
208.5
186.0
412.5
396.0
376.5
415.5
312.0
243.0
435.0
385.5
387.0
403.5
364.5
457.5
133.5
469.5
195.0
366.0
454.5
435.0
100.5
459.0
442.5
415.5
373.5
184.5
61.5
403.5
412.5
189.0
250.5
255.0
343.5
406.5
411.0
387.0
439.5
130.5
457.5
390.0
469.5
357.0
466.5
411.0
471.0
261.0
201.0
291.0
127.5
214.5
310.5
156.0
448.5
384.0
339.0
490.5
436.5
400.5
256.5
132.0
390.0
216.0
525.0
142.5
445.5
405.0
313.5
174.0
483.0
393.0
99.0
483.0
381.0
115.5
438.0
456.0
421.5
478.5
267.0
352.5
115.5
73.5
319.5
99.0
441.0
400.5
418.5
450.0
261.0
79.5
333.0
123.0
351.0
390.0
291.0
415.5
435.0
432.0
154.5
457.5
340.5
415.5
267.0
274.5
442.5
409.5
246.0
423.0
400.5
484.5
165.0
462.0
228.0
258.0
420.0
129.0
114.0
339.0
249.0
214.5
349.5
303.0
180.0
357.0
339.0
420.0
448.5
477.0
375.0
489.0
412.5
180.0
469.5
399.0
291.0
348.0
439.5
192.0
450.0
196.5
348.0
462.0
475.5
253.5
264.0
166.5
433.5
408.0
412.5
402.0
478.5
366.0
375.0
466.5
328.5
367.5
430.5
373.5
346.5
354.0
375.0
442.5
430.5
222.0
468.0
243.0
351.0
313.5
199.5
388.5
202.5
421.5
231.0
421.5
267.0
388.5
420.0
448.5
420.0
483.0
424.5
273.0
351.0
378.0
403.5
192.0
478.5
393.0
63.0
411.0
351.0
193.5
441.0
442.5
466.5
294.0
286.5
370.5
447.0
154.5
496.5
475.5
433.5
313.5
241.5
457.5
420.0
231.0
400.5
342.0
262.5
370.5
349.5
172.5
447.0
99.0
249.0
403.5
460.5
349.5
291.0
237.0
322.5
447.0
408.0
214.5
484.5
78.0
333.0
327.0
226.5
360.0
88.5
324.0
147.0
342.0
475.5
321.0
442.5
486.0
214.5
369.0
408.0
412.5
258.0
441.0
276.0
418.5
69.0
457.5
294.0
123.0
262.5
481.5
285.0
489.0
315.0
223.5
210.0
375.0
421.5
405.0
484.5
456.0
34.5
126.0
255.0
237.0
490.5
438.0
286.5
346.5
330.0
411.0
447.0
250.5
406.5
444.0
436.5
70.5
429.0
438.0
432.0
426.0
180.0
367.5
261.0
429.0
342.0
390.0
387.0
328.5
397.5
510.0
417.0
223.5
489.0
244.5
454.5
295.5
426.0
382.5
150.0
444.0
451.5
414.0
186.0
430.5
394.5
313.5
421.5
312.0
172.5
427.5
418.5
216.0
304.5
462.0
378.0
229.5
153.0
84.0
453.0
276.0
430.5
445.5
421.5
163.5
474.0
495.0
397.5
192.0
259.5
289.5
360.0
94.5
432.0
162.0
376.5
348.0
330.0
337.5
508.5
351.0
367.5
235.5
375.0
343.5
483.0
496.5
180.0
268.5
384.0
343.5
415.5
207.0
87.0
352.5
219.0
283.5
411.0
405.0
354.0
247.5
361.5
195.0
229.5
465.0
342.0
252.0
319.5
351.0
412.5
441.0
279.0
441.0
265.5
463.5
396.0
366.0
301.5
202.5
430.5
487.5
501.0
477.0
297.0
265.5
219.0
297.0
198.0
412.5
400.5
489.0
349.5
72.0
330.0
384.0
223.5
375.0
196.5
370.5
424.5
478.5
382.5
444.0
409.5
241.5
429.0
61.5
286.5
273.0
474.0
466.5
475.5
72.0
4.5
508.5
21.0
196.5
364.5
351.0
105.0
297.0
385.5
441.0
213.0
456.0
481.5
156.0
69.0
439.5
409.5
355.5
321.0
267.0
471.0
150.0
193.5
342.0
340.5
106.5
193.5
385.5
459.0
259.5
193.5
286.5
424.5
399.0
235.5
426.0
415.5
186.0
480.0
223.5
147.0
375.0
271.5
294.0
108.0
280.5
6.0
453.0
267.0
160.5
441.0
471.0
451.5
439.5
270.0
471.0
394.5
394.5
177.0
286.5
343.5
420.0
271.5
456.0
319.5
360.0
391.5
184.5
123.0
417.0
403.5
429.0
267.0
343.5
418.5
313.5
310.5
382.5
468.0
391.5
93.0
201.0
250.5
357.0
420.0
217.5
217.5
177.0
268.5
271.5
85.5
313.5
451.5
328.5
411.0
384.0
363.0
435.0
441.0
315.0
489.0
453.0
193.5
120.0
471.0
121.5
399.0
357.0
232.5
79.5
394.5
178.5
369.0
222.0
414.0
483.0
412.5
81.0
406.5
429.0
279.0
78.0
66.0
91.5
343.5
396.0
465.0
253.5
304.5
262.5
391.5
399.0
274.5
159.0
100.5
435.0
313.5
396.0
94.5
415.5
202.5
432.0
193.5
460.5
451.5
385.5
147.0
453.0
384.0
183.0
394.5
91.5
366.0
276.0
279.0
408.0
216.0
18.0
364.5
217.5
288.0
418.5
379.5
340.5
288.0
465.0
490.5
324.0
279.0
417.0
117.0
319.5
429.0
366.0
262.5
256.5
370.5
414.0
423.0
408.0
147.0
453.0
364.5
279.0
480.0
304.5
319.5
151.5
453.0
496.5
187.5
162.0
52.5
358.5
382.5
139.5
480.0
424.5
207.0
351.0
472.5
315.0
325.5
432.0
364.5
468.0
471.0
276.0
477.0
450.0
372.0
135.0
472.5
310.5
139.5
409.5
247.5
273.0
436.5
358.5
348.0
363.0
448.5
487.5
409.5
457.5
423.0
409.5
388.5
406.5
198.0
373.5
426.0
126.0
337.5
201.0
495.0
334.5
246.0
357.0
520.5
261.0
328.5
262.5
373.5
460.5
400.5
429.0
436.5
340.5
336.0
405.0
492.0
484.5
489.0
408.0
159.0
462.0
421.5
463.5
345.0
406.5
442.5
496.5
354.0
475.5
238.5
391.5
279.0
226.5
474.0
141.0
373.5
388.5
205.5
421.5
279.0
223.5
304.5
238.5
343.5
417.0
81.0
384.0
414.0
400.5
15.0
322.5
480.0
454.5
472.5
187.5
450.0
154.5
445.5
460.5
447.0
411.0
373.5
310.5
451.5
459.0
378.0
463.5
418.5
423.0
330.0
514.5
285.0
298.5
477.0
400.5
372.0
217.5
370.5
256.5
312.0
262.5
331.5
432.0
448.5
456.0
267.0
487.5
259.5
442.5
244.5
369.0
457.5
306.0
415.5
400.5
174.0
121.5
423.0
337.5
361.5
250.5
84.0
370.5
396.0
463.5
288.0
205.5
172.5
256.5
487.5
235.5
384.0
322.5
459.0
222.0
336.0
123.0
222.0
430.5
409.5
232.5
363.0
352.5
507.0
159.0
423.0
327.0
30.0
205.5
333.0
328.5
345.0
366.0
82.5
397.5
415.5
351.0
229.5
420.0
393.0
270.0
79.5
352.5
465.0
99.0
340.5
457.5
426.0
450.0
475.5
385.5
190.5
61.5
81.0
244.5
441.0
346.5
288.0
244.5
444.0
291.0
262.5
391.5
438.0
55.5
469.5
213.0
435.0
421.5
393.0
141.0
397.5
277.5
357.0
454.5
255.0
183.0
297.0
318.0
333.0
319.5
304.5
448.5
433.5
258.0
343.5
477.0
379.5
454.5
336.0
330.0
150.0
97.5
490.5
373.5
342.0
495.0
261.0
382.5
298.5
162.0
307.5
348.0
349.5
379.5
358.5
358.5
399.0
277.5
420.0
442.5
289.5
495.0
475.5
411.0
361.5
244.5
435.0
220.5
153.0
132.0
457.5
408.0
466.5
333.0
369.0
267.0
148.5
319.5
460.5
246.0
496.5
261.0
477.0
267.0
411.0
354.0
340.5
337.5
469.5
271.5
340.5
441.0
82.5
471.0
418.5
201.0
430.5
475.5
63.0
195.0
439.5
430.5
126.0
168.0
355.5
490.5
457.5
375.0
216.0
96.0
411.0
282.0
363.0
60.0
421.5
360.0
417.0
436.5
466.5
387.0
384.0
373.5
372.0
481.5
475.5
139.5
448.5
306.0
127.5
363.0
454.5
394.5
96.0
411.0
333.0
484.5
58.5
126.0
223.5
448.5
202.5
235.5
388.5
273.0
327.0
412.5
459.0
112.5
474.0
256.5
439.5
517.5
213.0
217.5
183.0
406.5
345.0
430.5
465.0
436.5
430.5
400.5
313.5
286.5
139.5
228.0
471.0
336.0
252.0
246.0
489.0
66.0
387.0
430.5
43.5
454.5
229.5
217.5
282.0
315.0
61.5
361.5
294.0
439.5
298.5
327.0
460.5
429.0
288.0
373.5
505.5
360.0
336.0
406.5
363.0
444.0
477.0
334.5
402.0
345.0
412.5
414.0
429.0
417.0
478.5
58.5
132.0
352.5
498.0
436.5
373.5
438.0
382.5
438.0
336.0
291.0
369.0
280.5
328.5
259.5
415.5
394.5
315.0
447.0
384.0
120.0
297.0
363.0
453.0
232.5
447.0
160.5
465.0
402.0
61.5
250.5
381.0
225.0
372.0
450.0
448.5
384.0
424.5
484.5
355.5
490.5
310.5
336.0
357.0
216.0
432.0
184.5
202.5
399.0
244.5
414.0
471.0
61.5
300.0
231.0
283.5
435.0
339.0
385.5
454.5
471.0
460.5
211.5
423.0
202.5
388.5
351.0
373.5
307.5
289.5
370.5
252.0
471.0
474.0
340.5
414.0
394.5
405.0
423.0
492.0
226.5
510.0
132.0
519.0
465.0
442.5
367.5
355.5
309.0
387.0
301.5
411.0
301.5
354.0
472.5
69.0
357.0
418.5
435.0
321.0
499.5
261.0
321.0
331.5
46.5
118.5
85.5
364.5
373.5
315.0
240.0
393.0
376.5
54.0
493.5
297.0
406.5
393.0
223.5
349.5
403.5
144.0
283.5
478.5
262.5
303.0
364.5
169.5
232.5
393.0
364.5
426.0
412.5
151.5
138.0
274.5
118.5
99.0
342.0
396.0
444.0
468.0
465.0
424.5
304.5
217.5
37.5
247.5
127.5
381.0
363.0
385.5
358.5
376.5
280.5
172.5
355.5
459.0
363.0
450.0
442.5
432.0
307.5
369.0
130.5
288.0
330.0
451.5
475.5
298.5
267.0
340.5
390.0
138.0
390.0
420.0
396.0
223.5
433.5
265.5
418.5
259.5
342.0
429.0
481.5
289.5
439.5
487.5
75.0
232.5
445.5
384.0
478.5
447.0
438.0
376.5
474.0
378.0
295.5
510.0
451.5
127.5
429.0
298.5
376.5
279.0
433.5
292.5
241.5
336.0
397.5
315.0
76.5
324.0
399.0
163.5
313.5
444.0
435.0
130.5
408.0
57.0
420.0
328.5
438.0
393.0
445.5
370.5
406.5
148.5
486.0
415.5
108.0
411.0
481.5
262.5
315.0
460.5
424.5
303.0
483.0
456.0
478.5
399.0
393.0
333.0
417.0
396.0
445.5
394.5
408.0
255.0
462.0
150.0
102.0
384.0
292.5
208.5
349.5
469.5
328.5
180.0
88.5
405.0
34.5
13.5
306.0
364.5
336.0
264.0
196.5
451.5
240.0
453.0
453.0
453.0
418.5
456.0
31.5
64.5
220.5
372.0
393.0
156.0
336.0
318.0
387.0
316.5
102.0
469.5
391.5
441.0
48.0
484.5
481.5
291.0
156.0
352.5
445.5
115.5
414.0
297.0
336.0
364.5
370.5
462.0
300.0
457.5
441.0
399.0
42.0
81.0
478.5
388.5
157.5
409.5
435.0
445.5
322.5
294.0
445.5
475.5
402.0
148.5
142.5
471.0
448.5
409.5
442.5
432.0
280.5
295.5
424.5
411.0
228.0
343.5
57.0
403.5
460.5
441.0
316.5
463.5
450.0
364.5
378.0
310.5
357.0
187.5
285.0
439.5
40.5
432.0
436.5
396.0
468.0
324.0
420.0
214.5
378.0
423.0
424.5
355.5
399.0
418.5
234.0
217.5
372.0
271.5
145.5
318.0
495.0
195.0
381.0
385.5
126.0
451.5
409.5
210.0
405.0
411.0
411.0
438.0
460.5
387.0
457.5
436.5
462.0
339.0
27.0
348.0
481.5
435.0
231.0
355.5
372.0
258.0
75.0
465.0
379.5
498.0
262.5
49.5
378.0
79.5
283.5
318.0
157.5
399.0
324.0
451.5
397.5
210.0
274.5
411.0
438.0
412.5
157.5
456.0
136.5
298.5
406.5
459.0
409.5
487.5
328.5
244.5
153.0
94.5
297.0
363.0
327.0
309.0
469.5
388.5
262.5
403.5
217.5
388.5
364.5
483.0
451.5
360.0
190.5
136.5
345.0
193.5
381.0
351.0
424.5
450.0
136.5
361.5
480.0
216.0
331.5
342.0
468.0
117.0
366.0
160.5
492.0
228.0
370.5
406.5
444.0
294.0
399.0
450.0
327.0
258.0
363.0
411.0
426.0
286.5
397.5
444.0
459.0
321.0
484.5
393.0
493.5
409.5
183.0
207.0
343.5
502.5
175.5
325.5
418.5
456.0
126.0
333.0
435.0
306.0
313.5
412.5
412.5
316.5
138.0
163.5
286.5
99.0
285.0
387.0
204.0
204.0
436.5
415.5
294.0
403.5
433.5
447.0
105.0
418.5
457.5
237.0
175.5
255.0
378.0
231.0
370.5
300.0
163.5
402.0
403.5
214.5
412.5
439.5
343.5
474.0
385.5
120.0
462.0
316.5
352.5
141.0
468.0
82.5
70.5
199.5
393.0
238.5
450.0
454.5
148.5
495.0
469.5
403.5
234.0
493.5
472.5
267.0
213.0
130.5
216.0
159.0
198.0
397.5
424.5
283.5
418.5
421.5
456.0
339.0
222.0
385.5
411.0
366.0
474.0
189.0
39.0
265.5
451.5
151.5
484.5
388.5
432.0
424.5
424.5
424.5
280.5
339.0
255.0
319.5
363.0
36.0
421.5
319.5
324.0
382.5
196.5
396.0
58.5
187.5
400.5
339.0
73.5
382.5
436.5
127.5
448.5
187.5
445.5
289.5
408.0
111.0
426.0
352.5
135.0
475.5
364.5
240.0
478.5
423.0
426.0
96.0
505.5
477.0
151.5
213.0
417.0
427.5
403.5
225.0
79.5
340.5
442.5
397.5
195.0
457.5
289.5
331.5
261.0
355.5
414.0
412.5
478.5
169.5
150.0
417.0
423.0
447.0
421.5
427.5
439.5
186.0
354.0
336.0
184.5
424.5
336.0
324.0
486.0
457.5
39.0
336.0
274.5
369.0
471.0
318.0
265.5
396.0
97.5
391.5
373.5
438.0
433.5
430.5
349.5
300.0
427.5
502.5
312.0
417.0
478.5
447.0
334.5
456.0
436.5
291.0
28.5
223.5
393.0
495.0
387.0
385.5
387.0
459.0
225.0
498.0
439.5
219.0
369.0
217.5
174.0
321.0
238.5
403.5
37.5
414.0
346.5
208.5
322.5
361.5
454.5
249.0
484.5
375.0
310.5
310.5
261.0
415.5
355.5
394.5
214.5
474.0
462.0
469.5
294.0
435.0
412.5
346.5
450.0
417.0
196.5
387.0
78.0
313.5
369.0
399.0
64.5
426.0
343.5
303.0
394.5
474.0
348.0
190.5
111.0
283.5
372.0
391.5
322.5
409.5
472.5
385.5
312.0
436.5
124.5
471.0
346.5
352.5
471.0
441.0
354.0
412.5
196.5
321.0
405.0
472.5
444.0
456.0
384.0
141.0
360.0
445.5
85.5
174.0
315.0
195.0
439.5
430.5
102.0
163.5
189.0
457.5
279.0
163.5
268.5
249.0
333.0
291.0
472.5
381.0
120.0
103.5
439.5
381.0
387.0
283.5
384.0
304.5
130.5
442.5
361.5
462.0
163.5
346.5
312.0
286.5
174.0
418.5
490.5
279.0
264.0
307.5
280.5
190.5
351.0
109.5
367.5
310.5
292.5
247.5
459.0
451.5
310.5
414.0
373.5
135.0
475.5
277.5
388.5
439.5
360.0
229.5
394.5
378.0
450.0
273.0
447.0
147.0
441.0
355.5
406.5
486.0
310.5
474.0
414.0
297.0
444.0
378.0
375.0
376.5
367.5
367.5
394.5
327.0
484.5
466.5
322.5
322.5
270.0
433.5
393.0
21.0
325.5
130.5
465.0
399.0
306.0
162.0
390.0
393.0
205.5
30.0
435.0
81.0
111.0
472.5
478.5
429.0
67.5
400.5
315.0
400.5
136.5
312.0
379.5
460.5
280.5
379.5
447.0
72.0
456.0
195.0
406.5
418.5
360.0
355.5
58.5
282.0
343.5
436.5
376.5
426.0
103.5
169.5
261.0
361.5
240.0
375.0
421.5
306.0
312.0
228.0
424.5
451.5
358.5
433.5
280.5
328.5
372.0
469.5
391.5
268.5
418.5
441.0
448.5
169.5
163.5
297.0
474.0
186.0
303.0
483.0
450.0
358.5
253.5
465.0
195.0
85.5
261.0
421.5
378.0
426.0
441.0
493.5
483.0
363.0
483.0
216.0
187.5
499.5
403.5
270.0
319.5
391.5
489.0
160.5
90.0
30.0
496.5
411.0
178.5
312.0
414.0
73.5
420.0
243.0
300.0
102.0
132.0
439.5
456.0
202.5
433.5
381.0
517.5
265.5
399.0
226.5
465.0
315.0
181.5
45.0
90.0
367.5
321.0
340.5
424.5
246.0
220.5
483.0
484.5
171.0
385.5
247.5
123.0
91.5
376.5
436.5
352.5
253.5
391.5
250.5
271.5
394.5
414.0
285.0
447.0
418.5
405.0
163.5
156.0
471.0
328.5
411.0
91.5
133.5
126.0
427.5
420.0
220.5
477.0
304.5
273.0
73.5
460.5
355.5
289.5
379.5
408.0
384.0
352.5
448.5
358.5
372.0
342.0
228.0
390.0
435.0
273.0
292.5
408.0
339.0
178.5
379.5
327.0
373.5
358.5
448.5
447.0
393.0
258.0
133.5
238.5
204.0
43.5
166.5
397.5
499.5
405.0
223.5
328.5
469.5
327.0
396.0
406.5
201.0
201.0
130.5
184.5
285.0
406.5
345.0
427.5
498.0
232.5
219.0
253.5
475.5
459.0
303.0
138.0
460.5
304.5
427.5
481.5
450.0
159.0
438.0
324.0
367.5
291.0
309.0
420.0
373.5
478.5
496.5
295.5
459.0
115.5
301.5
321.0
438.0
417.0
336.0
259.5
235.5
346.5
108.0
459.0
354.0
226.5
48.0
66.0
373.5
301.5
75.0
384.0
330.0
490.5
30.0
226.5
375.0
58.5
445.5
228.0
474.0
432.0
484.5
433.5
262.5
151.5
235.5
327.0
54.0
367.5
495.0
102.0
249.0
436.5
429.0
465.0
310.5
439.5
483.0
468.0
186.0
109.5
105.0
220.5
76.5
423.0
157.5
343.5
406.5
444.0
465.0
369.0
439.5
415.5
382.5
405.0
327.0
436.5
150.0
418.5
289.5
217.5
489.0
127.5
316.5
312.0
111.0
85.5
372.0
304.5
432.0
477.0
504.0
447.0
294.0
405.0
445.5
219.0
441.0
460.5
399.0
162.0
367.5
481.5
358.5
397.5
85.5
430.5
402.0
432.0
333.0
453.0
120.0
376.5
399.0
453.0
423.0
193.5
417.0
495.0
394.5
370.5
454.5
456.0
295.5
412.5
378.0
357.0
247.5
417.0
427.5
468.0
130.5
441.0
415.5
304.5
442.5
382.5
457.5
309.0
303.0
363.0
454.5
349.5
348.0
471.0
375.0
105.0
192.0
250.5
396.0
478.5
312.0
129.0
451.5
120.0
423.0
115.5
447.0
346.5
49.5
366.0
346.5
459.0
189.0
63.0
163.5
172.5
426.0
289.5
309.0
357.0
394.5
247.5
286.5
411.0
162.0
360.0
346.5
198.0
328.5
484.5
313.5
243.0
421.5
427.5
100.5
285.0
252.0
325.5
283.5
460.5
409.5
180.0
187.5
370.5
463.5
421.5
148.5
414.0
163.5
337.5
453.0
408.0
301.5
433.5
103.5
136.5
441.0
361.5
289.5
445.5
327.0
450.0
330.0
373.5
423.0
487.5
163.5
468.0
435.0
316.5
424.5
376.5
345.0
417.0
454.5
496.5
301.5
259.5
463.5
370.5
511.5
465.0
421.5
309.0
424.5
433.5
93.0
136.5
228.0
282.0
375.0
93.0
418.5
414.0
468.0
438.0
436.5
472.5
415.5
441.0
72.0
448.5
70.5
456.0
169.5
330.0
96.0
478.5
501.0
342.0
462.0
468.0
369.0
226.5
468.0
244.5
447.0
432.0
55.5
357.0
238.5
73.5
453.0
217.5
90.0
333.0
415.5
229.5
327.0
235.5
390.0
480.0
247.5
298.5
457.5
121.5
406.5
351.0
300.0
430.5
291.0
516.0
192.0
465.0
436.5
484.5
169.5
468.0
129.0
201.0
388.5
295.5
259.5
360.0
399.0
469.5
408.0
187.5
139.5
238.5
408.0
171.0
414.0
402.0
495.0
283.5
366.0
400.5
342.0
285.0
102.0
319.5
255.0
219.0
393.0
105.0
121.5
375.0
270.0
193.5
442.5
262.5
384.0
402.0
495.0
441.0
454.5
400.5
316.5
409.5
274.5
223.5
354.0
339.0
108.0
255.0
126.0
213.0
394.5
355.5
460.5
369.0
231.0
448.5
424.5
345.0
409.5
417.0
346.5
201.0
306.0
441.0
124.5
346.5
250.5
378.0
174.0
195.0
448.5
180.0
348.0
253.5
411.0
367.5
363.0
181.5
472.5
168.0
444.0
486.0
330.0
391.5
159.0
208.5
469.5
426.0
324.0
477.0
325.5
414.0
117.0
160.5
111.0
145.5
108.0
421.5
117.0
208.5
351.0
213.0
379.5
295.5
121.5
439.5
411.0
283.5
318.0
474.0
333.0
297.0
201.0
214.5
396.0
379.5
472.5
208.5
472.5
270.0
480.0
289.5
444.0
354.0
384.0
411.0
288.0
88.5
250.5
468.0
409.5
301.5
123.0
463.5
402.0
396.0
115.5
391.5
493.5
399.0
306.0
444.0
399.0
472.5
277.5
358.5
426.0
496.5
441.0
141.0
382.5
462.0
345.0
267.0
342.0
331.5
388.5
430.5
301.5
333.0
334.5
151.5
414.0
385.5
357.0
465.0
256.5
339.0
426.0
255.0
417.0
471.0
421.5
448.5
424.5
96.0
429.0
492.0
444.0
373.5
45.0
429.0
58.5
451.5
472.5
435.0
222.0
403.5
432.0
447.0
415.5
375.0
261.0
420.0
406.5
414.0
301.5
463.5
366.0
484.5
90.0
144.0
463.5
402.0
334.5
331.5
417.0
306.0
378.0
316.5
417.0
451.5
63.0
315.0
201.0
447.0
147.0
418.5
325.5
148.5
439.5
292.5
219.0
394.5
124.5
516.0
240.0
334.5
465.0
474.0
192.0
447.0
393.0
303.0
148.5
415.5
351.0
115.5
397.5
19.5
361.5
442.5
361.5
99.0
313.5
451.5
231.0
166.5
384.0
454.5
306.0
294.0
286.5
420.0
244.5
178.5
361.5
133.5
504.0
396.0
442.5
378.0
405.0
507.0
382.5
400.5
373.5
91.5
172.5
465.0
360.0
441.0
348.0
412.5
448.5
469.5
451.5
163.5
382.5
429.0
43.5
91.5
457.5
387.0
93.0
489.0
451.5
474.0
418.5
366.0
93.0
424.5
360.0
460.5
304.5
289.5
61.5
421.5
472.5
417.0
285.0
262.5
442.5
414.0
276.0
499.5
340.5
235.5
453.0
307.5
270.0
381.0
450.0
361.5
220.5
435.0
337.5
88.5
484.5
325.5
57.0
378.0
447.0
240.0
22.5
411.0
388.5
127.5
163.5
493.5
459.0
453.0
178.5
186.0
412.5
400.5
417.0
324.0
303.0
181.5
453.0
153.0
453.0
468.0
487.5
376.5
459.0
276.0
450.0
271.5
106.5
459.0
390.0
430.5
400.5
235.5
394.5
361.5
196.5
487.5
384.0
448.5
454.5
129.0
48.0
253.5
444.0
307.5
408.0
307.5
358.5
264.0
490.5
400.5
175.5
457.5
471.0
195.0
336.0
372.0
430.5
108.0
354.0
438.0
331.5
328.5
483.0
448.5
460.5
340.5
483.0
162.0
454.5
408.0
163.5
331.5
367.5
460.5
424.5
306.0
477.0
385.5
370.5
336.0
276.0
364.5
294.0
424.5
295.5
130.5
258.0
426.0
105.0
343.5
399.0
432.0
454.5
126.0
174.0
409.5
430.5
472.5
298.5
433.5
289.5
357.0
492.0
442.5
397.5
442.5
411.0
328.5
196.5
249.0
229.5
388.5
348.0
402.0
285.0
162.0
351.0
283.5
333.0
376.5
402.0
259.5
409.5
405.0
487.5
421.5
436.5
421.5
255.0
246.0
79.5
439.5
474.0
408.0
408.0
429.0
387.0
460.5
288.0
61.5
235.5
396.0
295.5
370.5
447.0
345.0
408.0
363.0
343.5
417.0
447.0
258.0
397.5
421.5
438.0
450.0
300.0
348.0
373.5
342.0
472.5
250.5
367.5
517.5
286.5
321.0
387.0
238.5
126.0
367.5
445.5
418.5
294.0
445.5
460.5
114.0
198.0
469.5
462.0
415.5
130.5
132.0
421.5
366.0
331.5
45.0
375.0
324.0
370.5
438.0
79.5
478.5
85.5
129.0
343.5
478.5
460.5
331.5
268.5
430.5
181.5
477.0
471.0
252.0
279.0
358.5
352.5
327.0
348.0
267.0
285.0
240.0
465.0
319.5
63.0
414.0
406.5
244.5
343.5
189.0
60.0
385.5
276.0
385.5
145.5
495.0
52.5
346.5
337.5
69.0
369.0
255.0
463.5
435.0
171.0
271.5
304.5
318.0
282.0
196.5
454.5
313.5
393.0
355.5
120.0
426.0
334.5
340.5
429.0
285.0
474.0
430.5
148.5
430.5
433.5
90.0
379.5
243.0
363.0
378.0
483.0
439.5
412.5
411.0
307.5
450.0
100.5
399.0
159.0
472.5
466.5
201.0
252.0
216.0
258.0
378.0
216.0
340.5
102.0
153.0
417.0
252.0
307.5
328.5
331.5
237.0
174.0
391.5
430.5
453.0
469.5
267.0
427.5
429.0
430.5
342.0
450.0
253.5
328.5
381.0
397.5
358.5
256.5
303.0
418.5
391.5
468.0
159.0
295.5
339.0
361.5
481.5
279.0
469.5
418.5
439.5
474.0
415.5
229.5
445.5
481.5
316.5
396.0
432.0
456.0
222.0
280.5
375.0
267.0
156.0
394.5
478.5
423.0
159.0
478.5
178.5
409.5
427.5
85.5
475.5
72.0
348.0
391.5
343.5
423.0
390.0
213.0
385.5
409.5
102.0
318.0
436.5
438.0
372.0
348.0
264.0
324.0
304.5
312.0
453.0
97.5
181.5
363.0
265.5
460.5
414.0
372.0
400.5
486.0
390.0
274.5
439.5
469.5
319.5
345.0
472.5
433.5
288.0
450.0
384.0
177.0
460.5
354.0
192.0
384.0
382.5
312.0
295.5
336.0
420.0
255.0
199.5
351.0
42.0
460.5
438.0
324.0
433.5
268.5
370.5
153.0
364.5
424.5
457.5
415.5
316.5
370.5
511.5
498.0
408.0
454.5
450.0
438.0
370.5
456.0
127.5
165.0
184.5
112.5
232.5
333.0
349.5
150.0
513.0
465.0
31.5
376.5
381.0
387.0
375.0
130.5
472.5
144.0
355.5
447.0
322.5
400.5
316.5
337.5
451.5
286.5
147.0
444.0
24.0
162.0
283.5
403.5
196.5
81.0
339.0
424.5
396.0
312.0
244.5
457.5
408.0
336.0
378.0
304.5
234.0
475.5
348.0
426.0
465.0
423.0
187.5
111.0
487.5
328.5
441.0
91.5
270.0
523.5
223.5
205.5
447.0
405.0
130.5
354.0
67.5
451.5
372.0
313.5
367.5
369.0
270.0
270.0
454.5
420.0
454.5
364.5
436.5
387.0
226.5
330.0
154.5
457.5
427.5
282.0
450.0
318.0
340.5
432.0
336.0
406.5
408.0
279.0
387.0
154.5
138.0
310.5
334.5
177.0
291.0
247.5
427.5
75.0
480.0
429.0
420.0
414.0
219.0
417.0
453.0
376.5
322.5
376.5
55.5
406.5
477.0
324.0
487.5
294.0
414.0
391.5
297.0
426.0
321.0
406.5
441.0
144.0
351.0
316.5
267.0
393.0
427.5
94.5
474.0
214.5
52.5
409.5
424.5
490.5
438.0
255.0
235.5
463.5
378.0
136.5
448.5
117.0
367.5
382.5
423.0
418.5
322.5
348.0
246.0
385.5
196.5
300.0
466.5
438.0
420.0
111.0
342.0
442.5
309.0
120.0
438.0
324.0
402.0
220.5
393.0
420.0
117.0
382.5
298.5
453.0
465.0
349.5
150.0
331.5
402.0
325.5
378.0
381.0
144.0
334.5
300.0
471.0
198.0
300.0
342.0
288.0
280.5
418.5
388.5
195.0
465.0
349.5
381.0
292.5
375.0
319.5
358.5
231.0
412.5
402.0
433.5
472.5
466.5
357.0
421.5
330.0
439.5
103.5
49.5
69.0
372.0
433.5
310.5
396.0
418.5
249.0
111.0
367.5
324.0
343.5
381.0
319.5
430.5
463.5
352.5
511.5
486.0
334.5
456.0
465.0
346.5
463.5
49.5
372.0
457.5
442.5
300.0
376.5
157.5
397.5
448.5
408.0
370.5
483.0
222.0
403.5
172.5
445.5
469.5
357.0
465.0
337.5
427.5
469.5
268.5
222.0
465.0
427.5
340.5
451.5
301.5
307.5
420.0
331.5
474.0
363.0
489.0
97.5
241.5
399.0
390.0
403.5
358.5
250.5
118.5
448.5
315.0
436.5
90.0
378.0
399.0
190.5
457.5
67.5
22.5
433.5
381.0
111.0
349.5
78.0
411.0
427.5
310.5
388.5
441.0
34.5
394.5
490.5
96.0
460.5
510.0
171.0
84.0
382.5
244.5
297.0
295.5
351.0
36.0
418.5
363.0
327.0
433.5
351.0
276.0
235.5
409.5
411.0
115.5
342.0
441.0
427.5
415.5
231.0
321.0
282.0
171.0
510.0
372.0
435.0
304.5
388.5
441.0
463.5
376.5
363.0
351.0
486.0
441.0
439.5
223.5
171.0
367.5
387.0
430.5
151.5
57.0
148.5
444.0
453.0
451.5
240.0
469.5
474.0
400.5
321.0
181.5
187.5
396.0
222.0
112.5
307.5
396.0
264.0
328.5
483.0
493.5
207.0
439.5
321.0
433.5
402.0
495.0
378.0
409.5
307.5
49.5
448.5
409.5
385.5
361.5
393.0
87.0
364.5
366.0
420.0
331.5
414.0
342.0
160.5
421.5
408.0
391.5
421.5
469.5
448.5
409.5
159.0
136.5
406.5
253.5
399.0
471.0
277.5
165.0
388.5
222.0
187.5
367.5
415.5
279.0
55.5
436.5
424.5
498.0
394.5
433.5
361.5
388.5
300.0
298.5
469.5
496.5
346.5
460.5
460.5
315.0
450.0
468.0
423.0
409.5
522.0
201.0
208.5
67.5
139.5
186.0
210.0
430.5
288.0
343.5
492.0
475.5
168.0
292.5
289.5
433.5
127.5
363.0
274.5
319.5
439.5
232.5
444.0
405.0
220.5
144.0
322.5
451.5
471.0
369.0
169.5
430.5
453.0
150.0
489.0
99.0
450.0
355.5
211.5
327.0
253.5
297.0
382.5
250.5
453.0
406.5
174.0
414.0
403.5
243.0
388.5
490.5
424.5
288.0
250.5
358.5
286.5
238.5
405.0
400.5
256.5
276.0
475.5
319.5
114.0
346.5
391.5
316.5
112.5
222.0
439.5
366.0
436.5
487.5
318.0
376.5
406.5
456.0
87.0
105.0
282.0
363.0
160.5
334.5
483.0
226.5
484.5
417.0
508.5
265.5
480.0
177.0
456.0
304.5
435.0
445.5
241.5
358.5
300.0
360.0
297.0
393.0
153.0
409.5
375.0
439.5
393.0
306.0
283.5
109.5
243.0
178.5
346.5
130.5
196.5
280.5
438.0
162.0
381.0
447.0
381.0
244.5
318.0
252.0
337.5
469.5
402.0
202.5
390.0
441.0
195.0
301.5
418.5
124.5
436.5
187.5
381.0
460.5
321.0
445.5
433.5
333.0
205.5
492.0
421.5
133.5
408.0
463.5
429.0
484.5
463.5
186.0
444.0
420.0
435.0
169.5
228.0
271.5
489.0
430.5
111.0
318.0
306.0
438.0
100.5
457.5
114.0
337.5
217.5
373.5
469.5
208.5
126.0
360.0
481.5
94.5
384.0
330.0
466.5
423.0
294.0
97.5
429.0
396.0
288.0
264.0
351.0
412.5
346.5
438.0
90.0
201.0
418.5
135.0
408.0
130.5
457.5
430.5
433.5
255.0
105.0
355.5
399.0
153.0
462.0
495.0
393.0
388.5
379.5
390.0
354.0
325.5
436.5
225.0
247.5
258.0
402.0
435.0
436.5
360.0
388.5
445.5
213.0
178.5
172.5
348.0
216.0
436.5
400.5
396.0
373.5
411.0
424.5
409.5
286.5
370.5
331.5
345.0
441.0
303.0
435.0
247.5
445.5
244.5
304.5
397.5
465.0
436.5
447.0
454.5
376.5
249.0
463.5
315.0
454.5
435.0
484.5
271.5
258.0
447.0
174.0
342.0
178.5
303.0
360.0
475.5
333.0
162.0
382.5
394.5
454.5
144.0
114.0
439.5
187.5
399.0
402.0
136.5
489.0
159.0
282.0
319.5
328.5
442.5
399.0
372.0
279.0
82.5
210.0
423.0
454.5
211.5
472.5
478.5
288.0
439.5
399.0
444.0
364.5
439.5
355.5
244.5
262.5
496.5
76.5
490.5
33.0
121.5
268.5
415.5
462.0
426.0
405.0
477.0
405.0
483.0
367.5
307.5
453.0
315.0
411.0
382.5
249.0
414.0
336.0
387.0
486.0
412.5
412.5
85.5
330.0
301.5
373.5
463.5
399.0
90.0
474.0
366.0
294.0
327.0
141.0
321.0
393.0
423.0
460.5
459.0
390.0
222.0
105.0
375.0
139.5
438.0
367.5
91.5
196.5
468.0
462.0
354.0
256.5
391.5
487.5
147.0
375.0
439.5
414.0
448.5
378.0
207.0
264.0
445.5
492.0
520.5
357.0
439.5
466.5
448.5
193.5
250.5
394.5
442.5
460.5
70.5
358.5
462.0
352.5
138.0
466.5
330.0
495.0
447.0
250.5
304.5
70.5
402.0
180.0
147.0
471.0
508.5
423.0
399.0
399.0
426.0
367.5
324.0
396.0
192.0
463.5
88.5
427.5
48.0
343.5
319.5
16.5
339.0
321.0
345.0
450.0
436.5
201.0
256.5
399.0
435.0
366.0
360.0
333.0
345.0
399.0
309.0
369.0
271.5
382.5
135.0
343.5
463.5
505.5
319.5
393.0
444.0
316.5
418.5
31.5
397.5
414.0
363.0
165.0
417.0
235.5
196.5
30.0
391.5
334.5
366.0
411.0
370.5
135.0
507.0
63.0
415.5
334.5
430.5
223.5
363.0
84.0
384.0
439.5
405.0
321.0
426.0
486.0
166.5
345.0
387.0
456.0
141.0
474.0
450.0
466.5
445.5
271.5
99.0
471.0
259.5
400.5
427.5
295.5
430.5
288.0
168.0
324.0
255.0
312.0
447.0
264.0
376.5
312.0
456.0
324.0
319.5
276.0
391.5
385.5
399.0
337.5
36.0
390.0
276.0
297.0
381.0
301.5
489.0
451.5
420.0
426.0
336.0
411.0
259.5
469.5
462.0
390.0
427.5
360.0
349.5
468.0
487.5
240.0
231.0
325.5
357.0
409.5
481.5
217.5
318.0
24.0
399.0
364.5
444.0
117.0
403.5
103.5
253.5
216.0
450.0
447.0
127.5
45.0
138.0
178.5
484.5
24.0
348.0
417.0
448.5
408.0
387.0
444.0
153.0
453.0
58.5
463.5
357.0
484.5
414.0
282.0
445.5
414.0
396.0
285.0
324.0
309.0
405.0
418.5
462.0
399.0
387.0
211.5
417.0
126.0
417.0
213.0
354.0
358.5
511.5
364.5
370.5
390.0
364.5
120.0
388.5
427.5
199.5
175.5
462.0
348.0
457.5
472.5
435.0
300.0
493.5
432.0
286.5
262.5
393.0
382.5
391.5
372.0
502.5
241.5
238.5
414.0
417.0
406.5
282.0
88.5
79.5
462.0
429.0
63.0
432.0
439.5
25.5
234.0
34.5
318.0
477.0
375.0
249.0
397.5
501.0
318.0
351.0
370.5
21.0
342.0
423.0
70.5
165.0
211.5
81.0
427.5
90.0
460.5
331.5
357.0
393.0
289.5
115.5
424.5
379.5
129.0
382.5
331.5
379.5
237.0
418.5
453.0
312.0
418.5
306.0
279.0
352.5
391.5
400.5
349.5
180.0
312.0
249.0
387.0
451.5
397.5
402.0
435.0
210.0
460.5
390.0
436.5
70.5
415.5
466.5
417.0
411.0
288.0
400.5
412.5
358.5
418.5
355.5
477.0
394.5
340.5
391.5
370.5
135.0
97.5
282.0
276.0
388.5
351.0
418.5
475.5
387.0
499.5
106.5
235.5
336.0
343.5
196.5
415.5
459.0
433.5
432.0
400.5
489.0
358.5
277.5
412.5
385.5
109.5
456.0
369.0
471.0
193.5
297.0
466.5
450.0
438.0
303.0
432.0
426.0
466.5
388.5
409.5
384.0
55.5
390.0
361.5
429.0
459.0
399.0
76.5
87.0
33.0
348.0
195.0
427.5
60.0
375.0
448.5
163.5
477.0
279.0
388.5
222.0
475.5
367.5
466.5
373.5
459.0
207.0
423.0
258.0
385.5
252.0
387.0
58.5
249.0
409.5
243.0
325.5
463.5
397.5
334.5
345.0
240.0
289.5
321.0
186.0
297.0
351.0
255.0
481.5
394.5
405.0
298.5
348.0
408.0
349.5
453.0
229.5
376.5
315.0
186.0
256.5
436.5
93.0
463.5
444.0
487.5
415.5
88.5
259.5
231.0
487.5
306.0
313.5
421.5
367.5
388.5
475.5
414.0
462.0
331.5
165.0
141.0
243.0
210.0
351.0
201.0
318.0
394.5
499.5
357.0
403.5
361.5
376.5
123.0
463.5
366.0
405.0
430.5
396.0
505.5
46.5
381.0
66.0
24.0
423.0
427.5
474.0
316.5
394.5
418.5
318.0
456.0
474.0
177.0
252.0
471.0
390.0
423.0
349.5
406.5
159.0
316.5
277.5
325.5
265.5
468.0
480.0
445.5
414.0
312.0
316.5
399.0
318.0
397.5
384.0
472.5
427.5
339.0
484.5
444.0
247.5
43.5
484.5
481.5
18.0
196.5
306.0
351.0
354.0
235.5
310.5
312.0
337.5
261.0
319.5
315.0
258.0
316.5
397.5
288.0
306.0
267.0
361.5
429.0
195.0
480.0
237.0
456.0
292.5
51.0
340.5
262.5
63.0
351.0
433.5
312.0
408.0
54.0
334.5
195.0
375.0
171.0
384.0
433.5
376.5
40.5
352.5
418.5
241.5
354.0
444.0
64.5
190.5
142.5
297.0
255.0
427.5
324.0
309.0
289.5
384.0
375.0
220.5
427.5
372.0
363.0
370.5
352.5
459.0
244.5
466.5
489.0
435.0
370.5
421.5
372.0
390.0
480.0
411.0
460.5
294.0
388.5
387.0
159.0
318.0
420.0
441.0
436.5
433.5
480.0
363.0
426.0
193.5
162.0
381.0
444.0
444.0
160.5
426.0
387.0
234.0
336.0
486.0
315.0
96.0
133.5
433.5
429.0
460.5
408.0
384.0
421.5
307.5
460.5
66.0
313.5
418.5
420.0
270.0
403.5
342.0
93.0
169.5
361.5
502.5
460.5
165.0
379.5
378.0
208.5
477.0
384.0
123.0
469.5
271.5
235.5
141.0
429.0
166.5
328.5
120.0
411.0
357.0
141.0
430.5
286.5
435.0
421.5
469.5
105.0
85.5
226.5
448.5
228.0
387.0
153.0
384.0
369.0
223.5
438.0
250.5
444.0
51.0
477.0
418.5
384.0
75.0
421.5
418.5
39.0
325.5
168.0
435.0
447.0
444.0
400.5
424.5
319.5
483.0
124.5
282.0
504.0
367.5
271.5
376.5
361.5
432.0
427.5
460.5
282.0
345.0
418.5
403.5
99.0
142.5
213.0
436.5
387.0
444.0
292.5
390.0
324.0
432.0
417.0
445.5
198.0
409.5
310.5
360.0
435.0
421.5
264.0
397.5
430.5
285.0
190.5
463.5
85.5
214.5
148.5
495.0
237.0
127.5
300.0
246.0
244.5
292.5
435.0
385.5
370.5
475.5
361.5
384.0
96.0
432.0
471.0
145.5
417.0
81.0
435.0
465.0
484.5
472.5
417.0
49.5
219.0
150.0
177.0
175.5
198.0
349.5
420.0
441.0
441.0
394.5
303.0
225.0
450.0
202.5
126.0
390.0
465.0
196.5
378.0
268.5
424.5
118.5
436.5
249.0
468.0
138.0
462.0
300.0
243.0
480.0
204.0
214.5
405.0
405.0
331.5
460.5
328.5
328.5
393.0
460.5
351.0
262.5
301.5
184.5
379.5
456.0
421.5
229.5
501.0
483.0
190.5
342.0
231.0
340.5
154.5
330.0
504.0
463.5
421.5
264.0
438.0
330.0
33.0
360.0
193.5
454.5
405.0
459.0
60.0
331.5
280.5
300.0
112.5
139.5
381.0
150.0
312.0
247.5
124.5
115.5
394.5
403.5
285.0
421.5
330.0
402.0
127.5
357.0
205.5
456.0
258.0
312.0
453.0
354.0
418.5
264.0
376.5
426.0
411.0
108.0
276.0
415.5
411.0
358.5
402.0
441.0
199.5
399.0
462.0
67.5
330.0
448.5
250.5
370.5
426.0
432.0
316.5
70.5
384.0
340.5
390.0
205.5
448.5
355.5
334.5
187.5
240.0
327.0
78.0
480.0
403.5
100.5
79.5
294.0
319.5
423.0
61.5
474.0
346.5
160.5
241.5
445.5
378.0
226.5
292.5
271.5
342.0
409.5
207.0
420.0
39.0
414.0
228.0
357.0
372.0
327.0
315.0
456.0
418.5
351.0
462.0
447.0
277.5
486.0
312.0
364.5
364.5
297.0
379.5
256.5
210.0
324.0
291.0
364.5
391.5
477.0
433.5
346.5
169.5
57.0
505.5
465.0
109.5
262.5
135.0
399.0
475.5
436.5
420.0
196.5
139.5
309.0
148.5
480.0
225.0
384.0
376.5
472.5
381.0
171.0
124.5
451.5
297.0
40.5
294.0
265.5
391.5
175.5
414.0
432.0
394.5
421.5
129.0
495.0
453.0
393.0
111.0
397.5
163.5
469.5
310.5
228.0
304.5
331.5
448.5
244.5
348.0
382.5
190.5
222.0
76.5
211.5
150.0
46.5
201.0
400.5
445.5
340.5
187.5
471.0
465.0
436.5
364.5
394.5
352.5
438.0
414.0
304.5
220.5
483.0
142.5
207.0
429.0
282.0
492.0
435.0
433.5
490.5
421.5
265.5
232.5
340.5
411.0
349.5
342.0
342.0
322.5
141.0
334.5
196.5
97.5
327.0
133.5
109.5
435.0
384.0
316.5
376.5
492.0
405.0
409.5
153.0
147.0
391.5
337.5
460.5
264.0
351.0
348.0
282.0
381.0
400.5
282.0
201.0
75.0
340.5
243.0
432.0
456.0
381.0
336.0
433.5
499.5
274.5
397.5
157.5
159.0
460.5
