454.5
139.5
426.0
268.5
88.5
349.5
411.0
393.0
358.5
421.5
333.0
330.0
232.5
378.0
408.0
271.5
196.5
250.5
514.5
327.0
466.5
471.0
459.0
406.5
466.5
495.0
499.5
412.5
429.0
87.0
412.5
322.5
429.0
352.5
493.5
453.0
384.0
325.5
279.0
499.5
394.5
484.5
423.0
277.5
367.5
175.5
462.0
475.5
357.0
333.0
465.0
492.0
367.5
445.5
28.5
486.0
403.5
180.0
423.0
483.0
349.5
390.0
460.5
450.0
459.0
400.5
348.0
391.5
451.5
507.0
493.5
462.0
502.5
409.5
475.5
390.0
448.5
481.5
484.5
459.0
460.5
361.5
270.0
484.5
505.5
465.0
429.0
408.0
237.0
478.5
394.5
352.5
492.0
439.5
307.5
375.0
430.5
136.5
279.0
390.0
507.0
391.5
106.5
451.5
411.0
159.0
469.5
346.5
435.0
96.0
448.5
451.5
475.5
414.0
387.0
216.0
396.0
483.0
465.0
115.5
469.5
106.5
399.0
369.0
259.5
403.5
325.5
393.0
210.0
259.5
421.5
319.5
450.0
475.5
451.5
439.5
472.5
429.0
469.5
372.0
337.5
481.5
423.0
445.5
441.0
489.0
300.0
355.5
490.5
427.5
396.0
340.5
180.0
469.5
108.0
462.0
495.0
415.5
499.5
427.5
468.0
415.5
202.5
253.5
460.5
463.5
408.0
454.5
381.0
454.5
139.5
349.5
274.5
393.0
451.5
469.5
406.5
432.0
487.5
460.5
382.5
436.5
396.0
366.0
388.5
499.5
418.5
399.0
411.0
390.0
348.0
472.5
493.5
513.0
241.5
492.0
499.5
378.0
123.0
439.5
298.5
387.0
276.0
325.5
477.0
439.5
355.5
460.5
244.5
468.0
195.0
384.0
285.0
321.0
478.5
235.5
306.0
429.0
477.0
453.0
474.0
439.5
478.5
376.5
346.5
411.0
381.0
108.0
73.5
472.5
357.0
421.5
426.0
478.5
94.5
345.0
442.5
453.0
357.0
322.5
300.0
468.0
216.0
421.5
490.5
333.0
492.0
312.0
448.5
247.5
510.0
150.0
439.5
468.0
396.0
454.5
406.5
345.0
381.0
301.5
417.0
195.0
348.0
483.0
487.5
210.0
429.0
438.0
436.5
433.5
397.5
181.5
387.0
396.0
375.0
325.5
255.0
370.5
439.5
219.0
418.5
249.0
432.0
372.0
322.5
418.5
376.5
411.0
490.5
535.5
448.5
384.0
180.0
457.5
465.0
447.0
364.5
372.0
436.5
268.5
277.5
486.0
441.0
103.5
48.0
349.5
315.0
441.0
483.0
417.0
475.5
487.5
306.0
427.5
420.0
333.0
463.5
378.0
199.5
358.5
420.0
444.0
475.5
376.5
445.5
358.5
298.5
433.5
447.0
355.5
315.0
489.0
481.5
456.0
430.5
480.0
433.5
501.0
354.0
463.5
412.5
492.0
474.0
130.5
420.0
384.0
426.0
406.5
369.0
369.0
324.0
352.5
439.5
418.5
376.5
402.0
343.5
151.5
454.5
477.0
447.0
469.5
490.5
177.0
348.0
129.0
502.5
249.0
489.0
298.5
393.0
157.5
99.0
474.0
471.0
505.5
474.0
333.0
466.5
330.0
184.5
343.5
376.5
457.5
420.0
463.5
316.5
385.5
370.5
415.5
432.0
394.5
478.5
228.0
462.0
151.5
469.5
456.0
348.0
451.5
373.5
228.0
412.5
459.0
474.0
325.5
460.5
381.0
426.0
514.5
271.5
376.5
445.5
454.5
418.5
163.5
493.5
309.0
492.0
445.5
441.0
478.5
244.5
496.5
237.0
181.5
487.5
348.0
433.5
429.0
466.5
435.0
420.0
477.0
277.5
472.5
459.0
330.0
400.5
115.5
522.0
492.0
493.5
496.5
454.5
454.5
373.5
379.5
411.0
319.5
472.5
508.5
438.0
391.5
430.5
420.0
310.5
289.5
381.0
442.5
370.5
412.5
417.0
433.5
414.0
357.0
492.0
456.0
337.5
418.5
430.5
451.5
174.0
418.5
469.5
442.5
405.0
487.5
408.0
460.5
498.0
462.0
414.0
487.5
477.0
216.0
417.0
498.0
418.5
447.0
468.0
69.0
375.0
475.5
346.5
483.0
345.0
528.0
382.5
444.0
282.0
352.5
211.5
478.5
447.0
367.5
358.5
432.0
424.5
342.0
316.5
442.5
480.0
442.5
475.5
474.0
441.0
300.0
169.5
163.5
397.5
454.5
471.0
426.0
472.5
261.0
408.0
466.5
351.0
415.5
355.5
345.0
301.5
490.5
484.5
448.5
99.0
429.0
471.0
439.5
327.0
312.0
379.5
427.5
424.5
523.5
351.0
409.5
402.0
253.5
82.5
420.0
472.5
391.5
469.5
483.0
438.0
297.0
420.0
24.0
288.0
255.0
474.0
318.0
483.0
438.0
234.0
399.0
334.5
256.5
483.0
472.5
142.5
484.5
447.0
235.5
442.5
376.5
403.5
421.5
504.0
247.5
415.5
373.5
490.5
412.5
388.5
231.0
354.0
454.5
360.0
490.5
327.0
492.0
438.0
465.0
453.0
487.5
490.5
456.0
397.5
342.0
379.5
379.5
415.5
379.5
480.0
462.0
276.0
453.0
300.0
426.0
405.0
112.5
372.0
442.5
448.5
492.0
412.5
484.5
444.0
412.5
436.5
493.5
453.0
430.5
288.0
423.0
420.0
414.0
183.0
376.5
366.0
432.0
391.5
490.5
372.0
432.0
468.0
366.0
433.5
415.5
399.0
444.0
414.0
327.0
406.5
450.0
321.0
270.0
357.0
267.0
282.0
471.0
471.0
388.5
460.5
384.0
475.5
400.5
492.0
214.5
351.0
493.5
393.0
387.0
69.0
388.5
450.0
333.0
484.5
424.5
355.5
370.5
454.5
408.0
378.0
277.5
471.0
442.5
46.5
376.5
183.0
468.0
445.5
480.0
469.5
381.0
447.0
391.5
399.0
477.0
451.5
436.5
460.5
480.0
463.5
462.0
109.5
412.5
52.5
459.0
460.5
439.5
471.0
429.0
396.0
450.0
298.5
468.0
478.5
438.0
303.0
357.0
451.5
219.0
423.0
322.5
181.5
474.0
241.5
465.0
289.5
417.0
264.0
459.0
130.5
67.5
213.0
483.0
420.0
435.0
450.0
465.0
468.0
141.0
345.0
400.5
433.5
441.0
405.0
472.5
466.5
489.0
471.0
226.5
360.0
91.5
414.0
261.0
489.0
387.0
408.0
300.0
363.0
448.5
162.0
202.5
438.0
405.0
361.5
466.5
466.5
400.5
486.0
408.0
477.0
346.5
427.5
481.5
499.5
252.0
348.0
460.5
354.0
423.0
168.0
454.5
483.0
445.5
460.5
351.0
396.0
120.0
531.0
187.5
444.0
390.0
447.0
435.0
346.5
156.0
423.0
328.5
349.5
408.0
483.0
478.5
121.5
463.5
315.0
447.0
484.5
126.0
367.5
442.5
223.5
483.0
384.0
246.0
291.0
337.5
426.0
472.5
417.0
451.5
328.5
498.0
243.0
277.5
429.0
453.0
235.5
364.5
52.5
396.0
486.0
451.5
211.5
406.5
112.5
141.0
456.0
480.0
502.5
421.5
450.0
342.0
459.0
424.5
315.0
399.0
366.0
421.5
324.0
481.5
483.0
487.5
348.0
43.5
166.5
312.0
462.0
252.0
345.0
417.0
430.5
334.5
369.0
502.5
255.0
327.0
315.0
370.5
418.5
382.5
408.0
456.0
432.0
480.0
429.0
246.0
322.5
486.0
321.0
267.0
408.0
459.0
502.5
457.5
231.0
484.5
463.5
475.5
468.0
379.5
423.0
453.0
499.5
411.0
466.5
528.0
441.0
454.5
354.0
451.5
382.5
441.0
430.5
475.5
490.5
393.0
487.5
426.0
474.0
508.5
474.0
198.0
439.5
382.5
481.5
427.5
340.5
433.5
319.5
234.0
172.5
154.5
445.5
415.5
454.5
351.0
187.5
480.0
420.0
388.5
469.5
313.5
429.0
337.5
465.0
442.5
421.5
471.0
447.0
405.0
435.0
382.5
459.0
514.5
501.0
85.5
387.0
453.0
346.5
510.0
396.0
414.0
297.0
334.5
486.0
429.0
423.0
493.5
436.5
414.0
403.5
436.5
448.5
385.5
100.5
328.5
402.0
235.5
334.5
235.5
487.5
400.5
258.0
517.5
444.0
406.5
370.5
417.0
499.5
174.0
505.5
501.0
493.5
330.0
424.5
471.0
369.0
426.0
214.5
69.0
403.5
252.0
225.0
399.0
459.0
289.5
372.0
456.0
474.0
495.0
418.5
402.0
214.5
456.0
291.0
298.5
331.5
406.5
486.0
463.5
423.0
423.0
397.5
478.5
429.0
477.0
433.5
411.0
387.0
475.5
409.5
466.5
475.5
480.0
366.0
334.5
487.5
478.5
454.5
310.5
414.0
429.0
162.0
129.0
273.0
229.5
462.0
418.5
501.0
472.5
373.5
498.0
336.0
481.5
444.0
439.5
327.0
487.5
157.5
232.5
390.0
157.5
448.5
409.5
468.0
115.5
393.0
451.5
420.0
363.0
457.5
475.5
421.5
337.5
139.5
463.5
432.0
216.0
523.5
256.5
132.0
367.5
460.5
469.5
414.0
366.0
360.0
403.5
420.0
279.0
456.0
361.5
117.0
472.5
315.0
394.5
400.5
411.0
426.0
472.5
472.5
432.0
510.0
493.5
411.0
366.0
447.0
238.5
396.0
352.5
487.5
400.5
391.5
436.5
132.0
490.5
268.5
99.0
126.0
487.5
319.5
292.5
165.0
376.5
427.5
457.5
319.5
339.0
471.0
141.0
486.0
358.5
480.0
460.5
414.0
415.5
495.0
196.5
334.5
414.0
412.5
423.0
438.0
421.5
430.5
471.0
225.0
438.0
79.5
472.5
168.0
508.5
304.5
442.5
361.5
301.5
300.0
382.5
451.5
291.0
141.0
288.0
460.5
72.0
160.5
490.5
388.5
469.5
484.5
462.0
393.0
463.5
306.0
258.0
291.0
492.0
472.5
456.0
255.0
391.5
411.0
274.5
493.5
457.5
58.5
474.0
322.5
126.0
295.5
267.0
369.0
324.0
60.0
447.0
393.0
159.0
403.5
276.0
273.0
90.0
372.0
420.0
43.5
447.0
234.0
169.5
460.5
402.0
430.5
504.0
460.5
247.5
394.5
439.5
169.5
226.5
417.0
445.5
268.5
433.5
367.5
388.5
370.5
507.0
423.0
426.0
394.5
427.5
450.0
346.5
508.5
478.5
390.0
415.5
393.0
246.0
406.5
171.0
453.0
372.0
357.0
217.5
79.5
445.5
438.0
406.5
387.0
469.5
474.0
100.5
475.5
430.5
454.5
327.0
441.0
336.0
397.5
285.0
517.5
423.0
333.0
424.5
420.0
297.0
249.0
352.5
394.5
222.0
466.5
364.5
456.0
424.5
393.0
430.5
360.0
280.5
501.0
75.0
504.0
283.5
429.0
439.5
462.0
451.5
291.0
393.0
324.0
427.5
247.5
325.5
403.5
418.5
427.5
502.5
420.0
457.5
421.5
463.5
304.5
396.0
427.5
406.5
492.0
147.0
289.5
519.0
433.5
519.0
379.5
405.0
462.0
403.5
388.5
369.0
342.0
499.5
105.0
433.5
433.5
480.0
483.0
436.5
325.5
445.5
409.5
442.5
181.5
207.0
222.0
168.0
217.5
456.0
421.5
441.0
447.0
424.5
129.0
477.0
322.5
343.5
418.5
465.0
444.0
330.0
342.0
495.0
259.5
156.0
214.5
210.0
459.0
456.0
327.0
222.0
412.5
442.5
427.5
430.5
70.5
330.0
315.0
444.0
447.0
507.0
507.0
436.5
448.5
433.5
483.0
415.5
421.5
358.5
408.0
475.5
409.5
82.5
411.0
397.5
490.5
456.0
282.0
397.5
262.5
78.0
474.0
361.5
273.0
145.5
415.5
402.0
460.5
315.0
145.5
474.0
453.0
502.5
486.0
435.0
411.0
435.0
462.0
339.0
472.5
483.0
469.5
463.5
408.0
522.0
400.5
418.5
196.5
417.0
450.0
429.0
340.5
481.5
445.5
79.5
379.5
364.5
390.0
364.5
474.0
414.0
372.0
435.0
385.5
261.0
462.0
193.5
387.0
295.5
450.0
454.5
402.0
462.0
459.0
457.5
381.0
184.5
492.0
429.0
412.5
435.0
466.5
393.0
430.5
61.5
376.5
445.5
492.0
468.0
280.5
448.5
357.0
376.5
337.5
400.5
390.0
423.0
313.5
132.0
451.5
328.5
433.5
307.5
283.5
418.5
271.5
294.0
321.0
351.0
184.5
450.0
493.5
270.0
456.0
423.0
427.5
495.0
415.5
432.0
412.5
211.5
402.0
459.0
370.5
427.5
424.5
40.5
469.5
459.0
468.0
400.5
298.5
391.5
369.0
454.5
303.0
286.5
72.0
352.5
402.0
447.0
256.5
100.5
384.0
378.0
241.5
448.5
373.5
472.5
384.0
444.0
31.5
312.0
460.5
397.5
481.5
370.5
462.0
373.5
469.5
403.5
487.5
424.5
445.5
478.5
420.0
366.0
348.0
178.5
454.5
394.5
429.0
483.0
445.5
349.5
72.0
430.5
354.0
466.5
529.5
147.0
439.5
396.0
285.0
427.5
484.5
393.0
475.5
384.0
486.0
421.5
333.0
436.5
346.5
453.0
112.5
412.5
369.0
502.5
511.5
345.0
436.5
493.5
271.5
372.0
399.0
334.5
408.0
312.0
211.5
441.0
421.5
408.0
316.5
441.0
340.5
454.5
477.0
315.0
454.5
399.0
414.0
451.5
469.5
441.0
255.0
420.0
511.5
436.5
240.0
460.5
187.5
397.5
384.0
496.5
490.5
306.0
271.5
379.5
424.5
430.5
388.5
298.5
456.0
466.5
378.0
468.0
435.0
81.0
325.5
319.5
193.5
429.0
268.5
480.0
445.5
331.5
420.0
460.5
145.5
475.5
94.5
426.0
342.0
18.0
364.5
514.5
481.5
418.5
426.0
384.0
219.0
340.5
318.0
457.5
447.0
439.5
460.5
414.0
495.0
366.0
448.5
466.5
475.5
274.5
447.0
511.5
436.5
378.0
238.5
274.5
180.0
423.0
480.0
393.0
97.5
409.5
355.5
490.5
510.0
460.5
360.0
87.0
459.0
438.0
435.0
139.5
462.0
373.5
405.0
459.0
454.5
298.5
357.0
420.0
496.5
474.0
468.0
120.0
295.5
435.0
432.0
319.5
262.5
444.0
453.0
384.0
199.5
483.0
487.5
280.5
352.5
489.0
471.0
409.5
354.0
403.5
339.0
498.0
358.5
198.0
459.0
459.0
496.5
385.5
214.5
375.0
495.0
399.0
403.5
456.0
339.0
442.5
496.5
337.5
441.0
405.0
355.5
391.5
391.5
405.0
423.0
504.0
391.5
451.5
496.5
138.0
403.5
465.0
222.0
349.5
232.5
438.0
370.5
421.5
349.5
79.5
387.0
307.5
420.0
489.0
469.5
493.5
375.0
447.0
348.0
405.0
370.5
432.0
456.0
330.0
445.5
442.5
322.5
493.5
454.5
471.0
456.0
430.5
39.0
67.5
493.5
480.0
316.5
264.0
457.5
439.5
427.5
499.5
246.0
115.5
316.5
469.5
451.5
459.0
331.5
468.0
411.0
406.5
435.0
463.5
477.0
438.0
388.5
256.5
421.5
454.5
211.5
456.0
357.0
489.0
418.5
481.5
16.5
367.5
373.5
399.0
423.0
457.5
394.5
439.5
409.5
471.0
88.5
190.5
411.0
364.5
259.5
507.0
454.5
199.5
474.0
474.0
121.5
475.5
465.0
402.0
441.0
121.5
349.5
495.0
538.5
423.0
490.5
67.5
414.0
289.5
75.0
480.0
468.0
471.0
397.5
312.0
405.0
355.5
417.0
51.0
436.5
249.0
226.5
475.5
342.0
367.5
513.0
478.5
388.5
435.0
54.0
493.5
471.0
394.5
444.0
441.0
508.5
379.5
220.5
453.0
499.5
465.0
441.0
457.5
339.0
393.0
445.5
507.0
483.0
486.0
246.0
486.0
435.0
313.5
466.5
388.5
505.5
480.0
454.5
189.0
82.5
481.5
453.0
393.0
478.5
504.0
70.5
490.5
433.5
322.5
366.0
451.5
484.5
384.0
268.5
460.5
433.5
474.0
333.0
252.0
514.5
462.0
288.0
466.5
139.5
352.5
447.0
391.5
450.0
402.0
421.5
432.0
388.5
394.5
142.5
291.0
463.5
451.5
348.0
306.0
331.5
490.5
373.5
445.5
454.5
436.5
313.5
396.0
417.0
418.5
289.5
465.0
285.0
204.0
301.5
271.5
274.5
498.0
501.0
439.5
288.0
432.0
391.5
454.5
133.5
484.5
484.5
415.5
454.5
363.0
448.5
447.0
256.5
418.5
325.5
456.0
387.0
330.0
456.0
462.0
390.0
412.5
463.5
525.0
367.5
421.5
136.5
451.5
304.5
420.0
480.0
423.0
90.0
324.0
426.0
370.5
420.0
472.5
459.0
108.0
313.5
390.0
468.0
367.5
129.0
472.5
334.5
501.0
382.5
417.0
411.0
408.0
493.5
450.0
423.0
280.5
342.0
478.5
472.5
400.5
376.5
211.5
480.0
406.5
199.5
388.5
496.5
327.0
423.0
474.0
366.0
391.5
282.0
142.5
103.5
441.0
466.5
328.5
307.5
199.5
516.0
513.0
397.5
439.5
468.0
432.0
454.5
481.5
432.0
421.5
352.5
475.5
448.5
439.5
406.5
472.5
414.0
271.5
306.0
507.0
415.5
489.0
451.5
163.5
408.0
457.5
478.5
420.0
288.0
357.0
472.5
433.5
412.5
105.0
384.0
444.0
352.5
480.0
259.5
499.5
246.0
201.0
372.0
312.0
111.0
199.5
453.0
427.5
280.5
489.0
414.0
442.5
460.5
441.0
123.0
306.0
501.0
426.0
393.0
490.5
295.5
286.5
412.5
235.5
402.0
322.5
363.0
418.5
385.5
387.0
420.0
432.0
307.5
424.5
382.5
220.5
429.0
495.0
301.5
487.5
393.0
426.0
484.5
129.0
351.0
478.5
361.5
477.0
190.5
406.5
370.5
343.5
529.5
447.0
414.0
451.5
394.5
435.0
484.5
466.5
465.0
484.5
322.5
390.0
405.0
330.0
504.0
309.0
490.5
379.5
481.5
397.5
453.0
300.0
342.0
225.0
442.5
505.5
462.0
367.5
294.0
327.0
471.0
414.0
448.5
154.5
363.0
355.5
168.0
444.0
132.0
325.5
273.0
427.5
447.0
472.5
480.0
435.0
366.0
409.5
270.0
187.5
127.5
291.0
424.5
166.5
411.0
220.5
493.5
430.5
508.5
69.0
429.0
478.5
487.5
451.5
382.5
322.5
166.5
346.5
445.5
414.0
381.0
114.0
444.0
315.0
448.5
462.0
400.5
199.5
321.0
508.5
480.0
513.0
472.5
471.0
505.5
249.0
504.0
250.5
153.0
33.0
388.5
460.5
183.0
444.0
429.0
403.5
304.5
471.0
465.0
450.0
480.0
466.5
394.5
397.5
415.5
426.0
316.5
435.0
445.5
442.5
408.0
261.0
291.0
468.0
486.0
423.0
445.5
75.0
373.5
487.5
433.5
472.5
444.0
436.5
400.5
390.0
394.5
441.0
316.5
183.0
205.5
376.5
280.5
427.5
367.5
387.0
468.0
487.5
429.0
117.0
247.5
184.5
516.0
421.5
442.5
471.0
340.5
237.0
411.0
355.5
426.0
459.0
409.5
456.0
402.0
363.0
387.0
358.5
474.0
456.0
432.0
406.5
469.5
433.5
489.0
415.5
303.0
252.0
438.0
402.0
475.5
393.0
463.5
504.0
390.0
433.5
472.5
285.0
433.5
423.0
345.0
57.0
523.5
414.0
346.5
408.0
409.5
466.5
445.5
213.0
324.0
295.5
408.0
328.5
373.5
492.0
441.0
417.0
474.0
208.5
399.0
370.5
445.5
385.5
505.5
60.0
466.5
393.0
333.0
384.0
471.0
436.5
111.0
429.0
426.0
10.5
409.5
439.5
471.0
417.0
495.0
444.0
372.0
366.0
453.0
421.5
270.0
271.5
306.0
297.0
333.0
265.5
217.5
174.0
409.5
286.5
463.5
427.5
420.0
460.5
316.5
450.0
432.0
456.0
469.5
469.5
501.0
244.5
214.5
457.5
477.0
405.0
453.0
364.5
378.0
127.5
415.5
471.0
463.5
462.0
477.0
403.5
460.5
115.5
459.0
165.0
343.5
427.5
466.5
190.5
310.5
379.5
400.5
273.0
511.5
490.5
493.5
480.0
328.5
447.0
417.0
420.0
250.5
432.0
409.5
343.5
468.0
10.5
424.5
378.0
372.0
307.5
423.0
376.5
276.0
463.5
376.5
474.0
414.0
435.0
475.5
382.5
453.0
451.5
427.5
319.5
481.5
261.0
285.0
346.5
469.5
507.0
202.5
229.5
369.0
489.0
229.5
448.5
382.5
369.0
472.5
430.5
345.0
420.0
72.0
444.0
387.0
295.5
480.0
357.0
357.0
378.0
418.5
429.0
430.5
418.5
402.0
483.0
226.5
441.0
337.5
412.5
477.0
399.0
424.5
243.0
487.5
417.0
235.5
130.5
366.0
460.5
334.5
243.0
432.0
441.0
414.0
478.5
463.5
457.5
441.0
348.0
375.0
459.0
306.0
190.5
504.0
342.0
354.0
196.5
313.5
438.0
423.0
262.5
378.0
460.5
391.5
451.5
90.0
445.5
459.0
240.0
198.0
439.5
480.0
82.5
453.0
463.5
456.0
483.0
421.5
400.5
249.0
124.5
384.0
436.5
438.0
201.0
436.5
379.5
310.5
480.0
459.0
463.5
463.5
507.0
408.0
423.0
276.0
270.0
432.0
447.0
474.0
316.5
433.5
423.0
375.0
438.0
405.0
447.0
354.0
301.5
330.0
447.0
414.0
426.0
474.0
354.0
444.0
111.0
354.0
429.0
450.0
378.0
264.0
423.0
372.0
367.5
390.0
345.0
343.5
273.0
496.5
280.5
435.0
367.5
478.5
451.5
462.0
318.0
430.5
229.5
103.5
400.5
313.5
453.0
384.0
408.0
259.5
477.0
315.0
507.0
423.0
223.5
412.5
463.5
388.5
40.5
412.5
478.5
234.0
100.5
220.5
441.0
442.5
421.5
510.0
472.5
267.0
465.0
156.0
343.5
315.0
438.0
321.0
414.0
304.5
129.0
495.0
493.5
324.0
138.0
390.0
496.5
378.0
495.0
279.0
373.5
132.0
423.0
402.0
480.0
414.0
397.5
400.5
441.0
339.0
402.0
442.5
390.0
385.5
460.5
367.5
346.5
81.0
456.0
402.0
279.0
408.0
451.5
457.5
412.5
459.0
411.0
375.0
442.5
195.0
363.0
306.0
403.5
388.5
313.5
267.0
372.0
469.5
477.0
435.0
412.5
427.5
352.5
436.5
484.5
424.5
153.0
226.5
330.0
438.0
462.0
19.5
510.0
57.0
481.5
406.5
465.0
286.5
391.5
351.0
474.0
442.5
384.0
468.0
132.0
225.0
304.5
439.5
397.5
388.5
423.0
430.5
364.5
124.5
501.0
288.0
487.5
291.0
279.0
445.5
418.5
363.0
244.5
426.0
481.5
423.0
409.5
222.0
454.5
442.5
405.0
130.5
214.5
411.0
484.5
330.0
139.5
253.5
271.5
339.0
423.0
115.5
489.0
421.5
432.0
385.5
474.0
510.0
390.0
474.0
478.5
472.5
493.5
324.0
121.5
465.0
175.5
403.5
451.5
360.0
384.0
286.5
331.5
147.0
417.0
508.5
456.0
421.5
405.0
448.5
444.0
174.0
429.0
219.0
324.0
457.5
430.5
457.5
465.0
426.0
435.0
468.0
154.5
349.5
457.5
451.5
499.5
72.0
108.0
477.0
514.5
417.0
486.0
441.0
295.5
475.5
417.0
474.0
310.5
193.5
439.5
454.5
463.5
496.5
118.5
373.5
381.0
399.0
417.0
427.5
459.0
403.5
442.5
453.0
450.0
388.5
393.0
453.0
505.5
219.0
295.5
45.0
414.0
369.0
381.0
420.0
259.5
433.5
447.0
310.5
135.0
334.5
378.0
426.0
411.0
369.0
466.5
478.5
331.5
456.0
411.0
436.5
423.0
316.5
432.0
357.0
435.0
387.0
390.0
373.5
432.0
474.0
432.0
447.0
498.0
481.5
405.0
103.5
339.0
328.5
469.5
438.0
261.0
124.5
480.0
345.0
493.5
306.0
402.0
444.0
243.0
40.5
298.5
205.5
429.0
288.0
394.5
382.5
225.0
373.5
487.5
339.0
466.5
399.0
339.0
444.0
327.0
469.5
504.0
504.0
451.5
424.5
492.0
355.5
390.0
393.0
198.0
396.0
415.5
159.0
429.0
481.5
255.0
501.0
480.0
232.5
444.0
385.5
418.5
417.0
468.0
412.5
420.0
510.0
235.5
322.5
424.5
490.5
387.0
280.5
483.0
381.0
220.5
460.5
294.0
397.5
205.5
439.5
361.5
444.0
148.5
441.0
447.0
258.0
414.0
379.5
330.0
498.0
406.5
402.0
432.0
315.0
370.5
445.5
345.0
450.0
471.0
459.0
337.5
429.0
510.0
457.5
462.0
474.0
456.0
411.0
73.5
451.5
514.5
352.5
441.0
174.0
382.5
336.0
421.5
441.0
481.5
478.5
442.5
406.5
390.0
271.5
424.5
255.0
472.5
435.0
466.5
346.5
415.5
250.5
220.5
219.0
448.5
466.5
277.5
424.5
352.5
411.0
495.0
472.5
477.0
409.5
271.5
499.5
459.0
294.0
204.0
412.5
186.0
436.5
466.5
418.5
426.0
385.5
387.0
465.0
489.0
153.0
357.0
303.0
147.0
447.0
444.0
348.0
396.0
426.0
507.0
397.5
417.0
417.0
484.5
484.5
498.0
426.0
262.5
445.5
168.0
492.0
306.0
472.5
420.0
436.5
211.5
463.5
450.0
453.0
381.0
430.5
255.0
409.5
411.0
318.0
441.0
180.0
495.0
376.5
444.0
373.5
469.5
517.5
445.5
468.0
330.0
345.0
240.0
484.5
277.5
448.5
418.5
414.0
54.0
492.0
510.0
343.5
424.5
385.5
294.0
363.0
229.5
439.5
372.0
480.0
288.0
82.5
465.0
505.5
367.5
408.0
345.0
454.5
85.5
408.0
378.0
384.0
454.5
468.0
450.0
388.5
229.5
471.0
418.5
507.0
439.5
457.5
403.5
375.0
468.0
363.0
483.0
399.0
507.0
453.0
379.5
424.5
394.5
465.0
442.5
367.5
438.0
477.0
399.0
292.5
454.5
478.5
391.5
358.5
441.0
433.5
489.0
471.0
415.5
381.0
378.0
304.5
408.0
471.0
346.5
469.5
307.5
282.0
501.0
475.5
277.5
363.0
280.5
84.0
439.5
484.5
115.5
397.5
168.0
268.5
336.0
364.5
421.5
324.0
463.5
417.0
396.0
468.0
270.0
481.5
460.5
267.0
408.0
445.5
439.5
487.5
451.5
82.5
391.5
450.0
451.5
475.5
114.0
331.5
468.0
337.5
507.0
489.0
285.0
102.0
109.5
442.5
340.5
406.5
462.0
381.0
391.5
445.5
315.0
202.5
388.5
36.0
375.0
433.5
286.5
450.0
454.5
411.0
435.0
349.5
370.5
279.0
421.5
432.0
391.5
402.0
273.0
469.5
312.0
111.0
187.5
120.0
300.0
406.5
478.5
393.0
345.0
139.5
324.0
448.5
327.0
115.5
391.5
447.0
363.0
354.0
244.5
270.0
325.5
298.5
123.0
397.5
385.5
435.0
435.0
280.5
325.5
168.0
403.5
498.0
465.0
439.5
276.0
453.0
360.0
411.0
357.0
273.0
184.5
361.5
432.0
379.5
462.0
381.0
60.0
462.0
253.5
283.5
465.0
456.0
451.5
478.5
249.0
397.5
430.5
316.5
306.0
408.0
378.0
438.0
430.5
292.5
345.0
157.5
99.0
493.5
487.5
447.0
439.5
424.5
220.5
427.5
441.0
438.0
480.0
409.5
444.0
399.0
42.0
513.0
451.5
501.0
421.5
165.0
462.0
456.0
157.5
414.0
498.0
489.0
331.5
442.5
493.5
319.5
346.5
402.0
244.5
301.5
460.5
361.5
88.5
511.5
424.5
381.0
367.5
460.5
289.5
462.0
208.5
495.0
441.0
400.5
51.0
421.5
399.0
436.5
376.5
384.0
349.5
472.5
409.5
429.0
385.5
421.5
475.5
309.0
475.5
351.0
505.5
388.5
450.0
471.0
478.5
190.5
345.0
478.5
460.5
502.5
423.0
460.5
507.0
394.5
471.0
463.5
483.0
282.0
225.0
265.5
429.0
397.5
438.0
490.5
469.5
448.5
340.5
429.0
466.5
472.5
330.0
472.5
436.5
399.0
376.5
247.5
478.5
484.5
415.5
484.5
495.0
487.5
472.5
301.5
340.5
385.5
432.0
295.5
439.5
343.5
480.0
481.5
442.5
372.0
429.0
382.5
408.0
358.5
354.0
424.5
465.0
336.0
499.5
346.5
279.0
390.0
394.5
346.5
490.5
466.5
280.5
448.5
430.5
472.5
219.0
481.5
457.5
406.5
484.5
229.5
478.5
37.5
427.5
373.5
436.5
427.5
453.0
469.5
117.0
354.0
481.5
420.0
430.5
381.0
439.5
417.0
387.0
217.5
409.5
430.5
261.0
417.0
270.0
379.5
393.0
274.5
484.5
408.0
324.0
394.5
471.0
321.0
436.5
444.0
448.5
463.5
252.0
475.5
337.5
408.0
258.0
174.0
415.5
487.5
463.5
390.0
459.0
468.0
471.0
496.5
450.0
397.5
361.5
462.0
340.5
294.0
474.0
439.5
90.0
424.5
357.0
439.5
490.5
394.5
460.5
346.5
490.5
429.0
165.0
474.0
292.5
378.0
537.0
294.0
510.0
424.5
475.5
384.0
336.0
436.5
319.5
495.0
100.5
259.5
499.5
390.0
486.0
421.5
418.5
465.0
397.5
424.5
372.0
321.0
502.5
390.0
391.5
279.0
105.0
436.5
523.5
361.5
124.5
372.0
420.0
58.5
472.5
345.0
427.5
439.5
288.0
495.0
375.0
450.0
448.5
415.5
490.5
418.5
412.5
439.5
447.0
285.0
415.5
478.5
421.5
390.0
522.0
85.5
457.5
331.5
381.0
393.0
373.5
333.0
418.5
327.0
459.0
424.5
436.5
346.5
489.0
475.5
288.0
504.0
498.0
511.5
412.5
333.0
423.0
288.0
327.0
397.5
358.5
468.0
406.5
393.0
463.5
378.0
417.0
484.5
507.0
456.0
490.5
403.5
415.5
484.5
342.0
382.5
217.5
325.5
357.0
442.5
420.0
397.5
487.5
319.5
483.0
247.5
475.5
333.0
444.0
142.5
202.5
333.0
256.5
210.0
411.0
448.5
529.5
327.0
430.5
499.5
462.0
447.0
499.5
412.5
436.5
385.5
382.5
180.0
432.0
334.5
364.5
498.0
277.5
208.5
507.0
430.5
375.0
396.0
423.0
522.0
433.5
312.0
493.5
457.5
411.0
280.5
424.5
472.5
426.0
460.5
463.5
139.5
310.5
466.5
348.0
456.0
456.0
409.5
466.5
396.0
420.0
381.0
429.0
486.0
412.5
448.5
420.0
361.5
433.5
468.0
406.5
378.0
438.0
480.0
402.0
469.5
118.5
348.0
438.0
424.5
147.0
424.5
498.0
415.5
421.5
463.5
426.0
303.0
441.0
301.5
429.0
373.5
444.0
492.0
496.5
372.0
450.0
370.5
220.5
424.5
519.0
379.5
478.5
405.0
399.0
291.0
231.0
174.0
408.0
273.0
430.5
309.0
442.5
468.0
309.0
309.0
409.5
378.0
438.0
420.0
177.0
480.0
444.0
433.5
223.5
483.0
423.0
453.0
423.0
52.5
463.5
337.5
414.0
442.5
433.5
169.5
457.5
372.0
276.0
340.5
409.5
432.0
193.5
436.5
51.0
270.0
352.5
456.0
423.0
489.0
324.0
492.0
427.5
498.0
472.5
408.0
481.5
447.0
157.5
415.5
406.5
493.5
478.5
309.0
336.0
358.5
403.5
277.5
487.5
375.0
502.5
475.5
435.0
457.5
510.0
466.5
138.0
445.5
391.5
142.5
349.5
435.0
448.5
444.0
471.0
301.5
472.5
301.5
409.5
151.5
415.5
307.5
390.0
460.5
474.0
411.0
426.0
481.5
513.0
427.5
417.0
174.0
439.5
391.5
465.0
282.0
462.0
436.5
82.5
390.0
436.5
405.0
130.5
190.5
207.0
448.5
477.0
442.5
396.0
436.5
462.0
69.0
459.0
454.5
285.0
435.0
459.0
451.5
316.5
217.5
382.5
472.5
495.0
471.0
424.5
451.5
312.0
409.5
448.5
435.0
460.5
450.0
477.0
336.0
454.5
328.5
433.5
457.5
312.0
412.5
432.0
459.0
423.0
457.5
381.0
487.5
226.5
459.0
510.0
337.5
399.0
499.5
411.0
246.0
129.0
153.0
372.0
144.0
316.5
414.0
411.0
366.0
462.0
318.0
477.0
463.5
463.5
217.5
432.0
349.5
484.5
432.0
403.5
204.0
258.0
426.0
460.5
462.0
67.5
426.0
463.5
306.0
481.5
279.0
489.0
273.0
358.5
423.0
454.5
403.5
415.5
406.5
430.5
151.5
453.0
520.5
66.0
430.5
399.0
477.0
357.0
459.0
447.0
396.0
444.0
370.5
241.5
355.5
469.5
435.0
433.5
330.0
501.0
394.5
141.0
462.0
142.5
322.5
390.0
465.0
312.0
378.0
490.5
502.5
427.5
292.5
429.0
385.5
118.5
321.0
360.0
486.0
469.5
372.0
318.0
441.0
336.0
327.0
451.5
489.0
462.0
442.5
448.5
370.5
459.0
450.0
192.0
375.0
498.0
516.0
303.0
388.5
478.5
490.5
414.0
240.0
133.5
463.5
462.0
355.5
507.0
447.0
258.0
295.5
474.0
457.5
420.0
460.5
343.5
472.5
367.5
474.0
402.0
387.0
478.5
157.5
469.5
406.5
499.5
394.5
456.0
366.0
76.5
46.5
424.5
370.5
147.0
265.5
436.5
361.5
480.0
468.0
487.5
177.0
505.5
316.5
393.0
270.0
459.0
433.5
430.5
393.0
348.0
393.0
274.5
448.5
436.5
501.0
481.5
435.0
148.5
481.5
355.5
432.0
109.5
420.0
432.0
445.5
415.5
469.5
447.0
351.0
343.5
378.0
505.5
493.5
510.0
199.5
462.0
453.0
348.0
222.0
483.0
432.0
468.0
480.0
475.5
459.0
339.0
492.0
405.0
348.0
403.5
429.0
478.5
480.0
214.5
447.0
378.0
435.0
438.0
391.5
438.0
321.0
418.5
463.5
525.0
511.5
282.0
462.0
391.5
433.5
378.0
142.5
216.0
99.0
378.0
174.0
493.5
256.5
421.5
295.5
468.0
252.0
462.0
442.5
375.0
301.5
436.5
322.5
253.5
445.5
412.5
499.5
60.0
406.5
354.0
208.5
402.0
282.0
228.0
240.0
148.5
360.0
423.0
415.5
477.0
408.0
490.5
427.5
34.5
424.5
324.0
111.0
309.0
349.5
435.0
322.5
363.0
394.5
459.0
453.0
370.5
84.0
147.0
246.0
403.5
513.0
219.0
412.5
408.0
379.5
430.5
105.0
466.5
165.0
390.0
31.5
403.5
400.5
445.5
372.0
423.0
492.0
489.0
286.5
444.0
447.0
432.0
433.5
420.0
435.0
285.0
358.5
445.5
445.5
427.5
388.5
417.0
243.0
453.0
465.0
388.5
487.5
271.5
397.5
496.5
424.5
411.0
418.5
388.5
504.0
396.0
403.5
138.0
465.0
477.0
421.5
361.5
292.5
450.0
261.0
369.0
400.5
463.5
501.0
396.0
426.0
454.5
444.0
477.0
480.0
148.5
393.0
378.0
427.5
235.5
381.0
399.0
238.5
220.5
495.0
349.5
90.0
486.0
321.0
498.0
438.0
363.0
340.5
397.5
474.0
342.0
388.5
148.5
339.0
445.5
438.0
472.5
358.5
184.5
433.5
441.0
471.0
457.5
508.5
237.0
73.5
418.5
432.0
234.0
445.5
426.0
363.0
505.5
502.5
237.0
150.0
462.0
333.0
262.5
420.0
453.0
466.5
537.0
171.0
355.5
493.5
481.5
391.5
76.5
369.0
492.0
159.0
436.5
361.5
250.5
420.0
390.0
252.0
445.5
436.5
240.0
105.0
363.0
102.0
477.0
459.0
396.0
496.5
454.5
445.5
516.0
246.0
232.5
352.5
483.0
490.5
310.5
241.5
397.5
391.5
417.0
310.5
444.0
349.5
436.5
300.0
478.5
355.5
397.5
232.5
438.0
403.5
343.5
349.5
393.0
159.0
433.5
484.5
186.0
387.0
412.5
447.0
264.0
342.0
169.5
504.0
403.5
288.0
241.5
496.5
372.0
414.0
495.0
409.5
439.5
408.0
196.5
439.5
336.0
487.5
117.0
465.0
426.0
391.5
66.0
198.0
250.5
394.5
478.5
463.5
514.5
489.0
421.5
418.5
427.5
442.5
387.0
363.0
295.5
447.0
469.5
436.5
462.0
177.0
367.5
457.5
343.5
447.0
493.5
154.5
414.0
379.5
492.0
355.5
510.0
447.0
493.5
462.0
123.0
406.5
492.0
358.5
319.5
469.5
145.5
450.0
244.5
396.0
402.0
406.5
370.5
382.5
301.5
412.5
469.5
495.0
427.5
519.0
319.5
240.0
454.5
453.0
394.5
418.5
505.5
480.0
486.0
403.5
360.0
427.5
183.0
120.0
457.5
369.0
358.5
471.0
97.5
172.5
499.5
367.5
456.0
438.0
432.0
475.5
490.5
489.0
387.0
465.0
447.0
403.5
112.5
478.5
489.0
147.0
138.0
399.0
486.0
462.0
388.5
486.0
354.0
286.5
435.0
426.0
472.5
240.0
475.5
465.0
447.0
184.5
405.0
274.5
369.0
439.5
451.5
498.0
306.0
460.5
81.0
423.0
403.5
346.5
493.5
132.0
216.0
391.5
40.5
307.5
271.5
129.0
438.0
234.0
421.5
325.5
300.0
445.5
495.0
180.0
400.5
447.0
427.5
454.5
66.0
427.5
369.0
465.0
402.0
390.0
228.0
406.5
322.5
127.5
487.5
412.5
442.5
189.0
394.5
417.0
469.5
310.5
466.5
477.0
157.5
204.0
418.5
409.5
472.5
376.5
435.0
126.0
450.0
442.5
475.5
268.5
297.0
448.5
496.5
511.5
505.5
369.0
415.5
487.5
408.0
439.5
394.5
442.5
334.5
421.5
382.5
379.5
364.5
94.5
406.5
448.5
475.5
487.5
405.0
444.0
384.0
481.5
424.5
423.0
162.0
456.0
480.0
94.5
505.5
483.0
393.0
445.5
186.0
375.0
396.0
474.0
471.0
391.5
414.0
459.0
441.0
331.5
462.0
456.0
442.5
375.0
487.5
333.0
498.0
466.5
481.5
88.5
456.0
346.5
468.0
168.0
441.0
474.0
261.0
324.0
411.0
27.0
120.0
280.5
373.5
277.5
399.0
486.0
396.0
372.0
469.5
492.0
421.5
306.0
178.5
456.0
463.5
352.5
259.5
324.0
405.0
339.0
300.0
466.5
396.0
273.0
334.5
454.5
411.0
303.0
150.0
252.0
456.0
28.5
408.0
465.0
400.5
459.0
475.5
109.5
397.5
337.5
442.5
264.0
351.0
499.5
384.0
462.0
348.0
387.0
418.5
351.0
94.5
312.0
150.0
379.5
511.5
385.5
387.0
423.0
472.5
405.0
306.0
429.0
393.0
513.0
433.5
478.5
165.0
438.0
474.0
307.5
472.5
442.5
414.0
184.5
427.5
340.5
385.5
448.5
459.0
334.5
138.0
391.5
432.0
427.5
316.5
450.0
408.0
382.5
235.5
445.5
385.5
397.5
471.0
304.5
351.0
447.0
451.5
484.5
519.0
469.5
484.5
423.0
484.5
139.5
337.5
403.5
447.0
469.5
450.0
499.5
505.5
372.0
426.0
336.0
468.0
223.5
459.0
400.5
126.0
466.5
465.0
408.0
379.5
448.5
490.5
291.0
448.5
465.0
445.5
358.5
505.5
457.5
213.0
409.5
469.5
463.5
240.0
145.5
309.0
88.5
462.0
412.5
436.5
505.5
351.0
433.5
487.5
285.0
385.5
471.0
208.5
381.0
460.5
375.0
504.0
399.0
397.5
462.0
192.0
423.0
453.0
460.5
243.0
436.5
319.5
447.0
282.0
486.0
402.0
423.0
465.0
477.0
246.0
51.0
391.5
324.0
457.5
262.5
430.5
393.0
438.0
475.5
411.0
469.5
363.0
349.5
510.0
484.5
484.5
280.5
369.0
463.5
460.5
418.5
448.5
430.5
450.0
471.0
393.0
277.5
474.0
414.0
462.0
429.0
496.5
394.5
384.0
402.0
429.0
417.0
456.0
423.0
442.5
351.0
279.0
456.0
445.5
474.0
397.5
382.5
451.5
117.0
442.5
387.0
391.5
453.0
388.5
372.0
421.5
181.5
178.5
450.0
505.5
363.0
408.0
210.0
426.0
358.5
363.0
244.5
484.5
483.0
349.5
451.5
403.5
157.5
399.0
171.0
282.0
393.0
330.0
387.0
466.5
468.0
382.5
400.5
435.0
502.5
426.0
339.0
406.5
393.0
402.0
189.0
502.5
427.5
499.5
460.5
435.0
469.5
474.0
426.0
414.0
411.0
406.5
415.5
421.5
192.0
469.5
414.0
366.0
340.5
390.0
313.5
511.5
373.5
468.0
420.0
430.5
421.5
297.0
424.5
382.5
520.5
217.5
487.5
451.5
498.0
483.0
213.0
438.0
484.5
426.0
426.0
357.0
486.0
286.5
138.0
421.5
223.5
405.0
409.5
99.0
435.0
352.5
361.5
463.5
384.0
246.0
313.5
457.5
94.5
420.0
297.0
436.5
60.0
237.0
42.0
372.0
496.5
357.0
379.5
430.5
379.5
456.0
451.5
324.0
316.5
504.0
396.0
322.5
397.5
450.0
460.5
318.0
439.5
252.0
289.5
417.0
46.5
448.5
483.0
373.5
25.5
409.5
417.0
444.0
370.5
408.0
477.0
165.0
378.0
379.5
451.5
348.0
478.5
337.5
106.5
447.0
433.5
142.5
280.5
414.0
210.0
439.5
484.5
487.5
120.0
484.5
348.0
346.5
396.0
463.5
127.5
451.5
402.0
448.5
454.5
475.5
412.5
297.0
480.0
400.5
393.0
439.5
127.5
486.0
460.5
436.5
402.0
405.0
423.0
103.5
291.0
423.0
474.0
363.0
415.5
276.0
139.5
469.5
306.0
486.0
316.5
309.0
325.5
399.0
144.0
399.0
343.5
361.5
471.0
189.0
271.5
471.0
328.5
349.5
427.5
435.0
481.5
390.0
460.5
429.0
462.0
288.0
334.5
400.5
417.0
483.0
460.5
460.5
516.0
406.5
456.0
454.5
199.5
343.5
408.0
382.5
427.5
459.0
447.0
322.5
441.0
442.5
517.5
507.0
127.5
376.5
216.0
357.0
318.0
337.5
474.0
432.0
480.0
465.0
369.0
363.0
438.0
453.0
474.0
307.5
400.5
487.5
486.0
267.0
366.0
406.5
424.5
472.5
477.0
451.5
442.5
117.0
306.0
199.5
91.5
399.0
189.0
459.0
225.0
453.0
363.0
423.0
184.5
471.0
324.0
454.5
354.0
234.0
