24.0
45.0
40.5
55.5
84.0
88.5
46.5
18.0
9.0
67.5
30.0
46.5
39.0
96.0
13.5
31.5
49.5
63.0
36.0
78.0
16.5
48.0
61.5
75.0
63.0
49.5
78.0
34.5
118.5
27.0
48.0
30.0
154.5
108.0
9.0
58.5
22.5
16.5
31.5
55.5
66.0
57.0
1.5
75.0
4.5
66.0
76.5
37.5
16.5
91.5
78.0
28.5
84.0
67.5
19.5
28.5
61.5
37.5
51.0
33.0
34.5
18.0
48.0
97.5
33.0
40.5
37.5
40.5
78.0
57.0
13.5
10.5
52.5
72.0
48.0
42.0
78.0
22.5
22.5
21.0
64.5
69.0
36.0
114.0
6.0
12.0
28.5
108.0
51.0
84.0
52.5
66.0
72.0
109.5
79.5
25.5
34.5
25.5
34.5
24.0
57.0
108.0
66.0
27.0
24.0
37.5
40.5
69.0
42.0
24.0
118.5
36.0
81.0
34.5
58.5
49.5
19.5
25.5
31.5
33.0
84.0
55.5
25.5
49.5
28.5
24.0
34.5
6.0
7.5
15.0
79.5
39.0
55.5
66.0
10.5
34.5
45.0
22.5
69.0
66.0
18.0
88.5
36.0
55.5
6.0
27.0
99.0
130.5
25.5
31.5
27.0
40.5
40.5
93.0
15.0
87.0
88.5
60.0
103.5
103.5
54.0
52.5
21.0
30.0
48.0
7.5
54.0
22.5
34.5
16.5
79.5
82.5
6.0
30.0
45.0
115.5
9.0
51.0
30.0
109.5
10.5
16.5
48.0
37.5
16.5
99.0
75.0
87.0
111.0
106.5
66.0
48.0
34.5
81.0
72.0
24.0
60.0
37.5
54.0
84.0
21.0
87.0
31.5
46.5
69.0
19.5
40.5
25.5
43.5
130.5
85.5
28.5
10.5
57.0
27.0
82.5
76.5
91.5
52.5
39.0
78.0
13.5
40.5
88.5
57.0
33.0
40.5
45.0
43.5
24.0
40.5
49.5
18.0
39.0
25.5
39.0
33.0
48.0
43.5
9.0
81.0
52.5
51.0
24.0
85.5
30.0
22.5
72.0
7.5
46.5
18.0
55.5
39.0
45.0
76.5
60.0
48.0
60.0
16.5
28.5
58.5
70.5
34.5
48.0
25.5
43.5
28.5
94.5
24.0
127.5
45.0
51.0
46.5
58.5
54.0
45.0
19.5
30.0
82.5
66.0
30.0
123.0
87.0
67.5
36.0
27.0
58.5
48.0
49.5
63.0
24.0
7.5
22.5
28.5
57.0
33.0
57.0
88.5
42.0
121.5
10.5
45.0
147.0
78.0
48.0
18.0
48.0
12.0
45.0
52.5
33.0
21.0
93.0
7.5
85.5
55.5
78.0
12.0
6.0
25.5
75.0
42.0
48.0
15.0
63.0
43.5
58.5
46.5
16.5
43.5
7.5
81.0
54.0
102.0
21.0
43.5
34.5
4.5
42.0
19.5
60.0
34.5
57.0
33.0
63.0
42.0
45.0
36.0
67.5
40.5
51.0
63.0
45.0
30.0
72.0
16.5
45.0
45.0
75.0
55.5
54.0
28.5
48.0
72.0
94.5
37.5
13.5
72.0
15.0
48.0
106.5
36.0
6.0
55.5
28.5
58.5
70.5
79.5
10.5
37.5
54.0
10.5
33.0
66.0
46.5
42.0
28.5
46.5
21.0
27.0
36.0
9.0
7.5
30.0
33.0
117.0
36.0
78.0
33.0
13.5
40.5
37.5
82.5
28.5
27.0
15.0
109.5
70.5
31.5
114.0
49.5
19.5
99.0
48.0
54.0
57.0
45.0
22.5
106.5
75.0
42.0
36.0
72.0
76.5
16.5
91.5
58.5
75.0
39.0
63.0
12.0
40.5
43.5
85.5
18.0
42.0
22.5
30.0
9.0
55.5
46.5
94.5
105.0
25.5
66.0
96.0
48.0
25.5
90.0
31.5
33.0
24.0
34.5
19.5
63.0
67.5
16.5
37.5
46.5
43.5
18.0
79.5
22.5
54.0
9.0
75.0
22.5
42.0
18.0
75.0
27.0
70.5
39.0
16.5
64.5
57.0
48.0
45.0
15.0
57.0
63.0
28.5
40.5
42.0
13.5
40.5
87.0
90.0
6.0
40.5
30.0
48.0
99.0
51.0
46.5
30.0
21.0
61.5
51.0
24.0
36.0
28.5
42.0
90.0
30.0
15.0
33.0
66.0
46.5
36.0
10.5
33.0
129.0
57.0
57.0
43.5
36.0
51.0
49.5
1.5
69.0
51.0
15.0
13.5
4.5
99.0
51.0
64.5
40.5
87.0
31.5
30.0
63.0
87.0
70.5
72.0
13.5
40.5
40.5
66.0
34.5
19.5
63.0
31.5
79.5
39.0
10.5
112.5
63.0
84.0
18.0
37.5
25.5
46.5
22.5
58.5
18.0
31.5
18.0
75.0
16.5
13.5
28.5
28.5
39.0
37.5
84.0
22.5
88.5
33.0
28.5
49.5
30.0
36.0
67.5
102.0
88.5
69.0
40.5
82.5
22.5
45.0
82.5
16.5
31.5
78.0
36.0
39.0
66.0
51.0
63.0
61.5
72.0
73.5
100.5
18.0
24.0
13.5
25.5
40.5
45.0
36.0
30.0
54.0
7.5
42.0
100.5
15.0
73.5
75.0
31.5
129.0
55.5
78.0
43.5
7.5
81.0
40.5
10.5
114.0
25.5
22.5
21.0
99.0
31.5
129.0
78.0
55.5
57.0
43.5
33.0
3.0
24.0
61.5
31.5
147.0
51.0
57.0
54.0
22.5
46.5
108.0
52.5
36.0
67.5
42.0
28.5
31.5
67.5
48.0
33.0
34.5
42.0
25.5
27.0
22.5
9.0
19.5
58.5
45.0
22.5
34.5
90.0
39.0
67.5
16.5
33.0
46.5
37.5
70.5
39.0
45.0
79.5
37.5
0.0
49.5
63.0
81.0
48.0
6.0
46.5
19.5
55.5
58.5
21.0
112.5
91.5
42.0
48.0
43.5
39.0
112.5
69.0
43.5
61.5
3.0
69.0
37.5
57.0
129.0
57.0
30.0
55.5
43.5
84.0
54.0
42.0
24.0
12.0
25.5
37.5
34.5
79.5
93.0
36.0
82.5
52.5
114.0
22.5
21.0
24.0
27.0
36.0
34.5
61.5
28.5
43.5
10.5
42.0
90.0
46.5
94.5
61.5
45.0
31.5
48.0
48.0
67.5
43.5
21.0
76.5
22.5
22.5
66.0
63.0
90.0
28.5
28.5
31.5
27.0
13.5
105.0
66.0
6.0
135.0
43.5
72.0
91.5
45.0
78.0
33.0
58.5
87.0
34.5
24.0
84.0
16.5
63.0
72.0
22.5
60.0
25.5
132.0
33.0
31.5
27.0
12.0
163.5
22.5
87.0
25.5
6.0
46.5
127.5
21.0
57.0
31.5
12.0
24.0
118.5
31.5
34.5
6.0
24.0
78.0
24.0
63.0
51.0
85.5
81.0
60.0
112.5
54.0
36.0
64.5
36.0
70.5
49.5
31.5
18.0
9.0
27.0
30.0
60.0
73.5
63.0
46.5
79.5
39.0
36.0
72.0
124.5
43.5
96.0
55.5
109.5
97.5
60.0
78.0
39.0
43.5
49.5
39.0
88.5
117.0
57.0
48.0
18.0
21.0
109.5
45.0
40.5
64.5
87.0
55.5
24.0
33.0
43.5
30.0
46.5
22.5
54.0
24.0
93.0
40.5
123.0
36.0
130.5
70.5
39.0
25.5
54.0
81.0
28.5
70.5
39.0
36.0
63.0
25.5
28.5
75.0
33.0
30.0
10.5
48.0
46.5
28.5
99.0
24.0
12.0
39.0
9.0
49.5
42.0
24.0
67.5
45.0
51.0
60.0
37.5
34.5
73.5
69.0
63.0
33.0
24.0
64.5
34.5
25.5
94.5
39.0
73.5
37.5
91.5
69.0
72.0
33.0
16.5
25.5
111.0
55.5
46.5
46.5
115.5
48.0
36.0
22.5
58.5
18.0
33.0
91.5
18.0
22.5
37.5
76.5
76.5
52.5
52.5
31.5
33.0
10.5
19.5
54.0
60.0
64.5
39.0
18.0
15.0
55.5
66.0
42.0
24.0
46.5
42.0
46.5
45.0
34.5
27.0
75.0
76.5
12.0
63.0
57.0
70.5
37.5
24.0
48.0
34.5
25.5
55.5
30.0
55.5
42.0
82.5
37.5
37.5
48.0
58.5
40.5
51.0
31.5
34.5
61.5
24.0
31.5
39.0
25.5
69.0
36.0
34.5
28.5
48.0
7.5
30.0
49.5
45.0
45.0
156.0
49.5
63.0
6.0
52.5
36.0
52.5
84.0
40.5
18.0
19.5
106.5
46.5
33.0
61.5
90.0
75.0
45.0
39.0
13.5
45.0
40.5
76.5
48.0
19.5
21.0
21.0
19.5
93.0
16.5
64.5
7.5
30.0
16.5
51.0
13.5
48.0
12.0
105.0
66.0
111.0
52.5
43.5
76.5
1.5
34.5
19.5
70.5
31.5
70.5
18.0
64.5
22.5
28.5
73.5
46.5
27.0
73.5
28.5
28.5
45.0
25.5
67.5
18.0
31.5
93.0
76.5
75.0
19.5
64.5
84.0
18.0
18.0
28.5
31.5
72.0
36.0
16.5
88.5
7.5
39.0
36.0
30.0
37.5
61.5
18.0
37.5
30.0
19.5
36.0
93.0
25.5
48.0
54.0
75.0
24.0
48.0
37.5
39.0
34.5
96.0
40.5
45.0
93.0
153.0
15.0
87.0
10.5
24.0
25.5
79.5
30.0
136.5
15.0
103.5
61.5
43.5
73.5
58.5
105.0
54.0
70.5
4.5
37.5
40.5
39.0
22.5
4.5
10.5
15.0
25.5
28.5
70.5
4.5
94.5
31.5
49.5
31.5
60.0
64.5
37.5
46.5
60.0
90.0
36.0
57.0
12.0
46.5
24.0
48.0
28.5
109.5
81.0
55.5
40.5
9.0
34.5
55.5
36.0
13.5
31.5
19.5
73.5
21.0
27.0
16.5
25.5
24.0
76.5
24.0
52.5
18.0
39.0
16.5
12.0
45.0
123.0
37.5
24.0
36.0
27.0
61.5
15.0
43.5
124.5
55.5
21.0
30.0
87.0
10.5
43.5
57.0
52.5
21.0
52.5
15.0
57.0
42.0
25.5
24.0
39.0
21.0
28.5
54.0
64.5
36.0
108.0
66.0
37.5
43.5
43.5
51.0
25.5
12.0
15.0
60.0
63.0
39.0
34.5
96.0
72.0
36.0
36.0
54.0
21.0
60.0
15.0
43.5
105.0
33.0
21.0
61.5
39.0
46.5
40.5
61.5
16.5
39.0
73.5
9.0
60.0
57.0
37.5
37.5
21.0
9.0
39.0
42.0
55.5
90.0
88.5
76.5
30.0
37.5
42.0
30.0
25.5
19.5
52.5
61.5
60.0
9.0
4.5
31.5
43.5
66.0
81.0
18.0
9.0
21.0
70.5
60.0
82.5
55.5
70.5
55.5
91.5
33.0
93.0
52.5
27.0
115.5
16.5
117.0
51.0
52.5
54.0
22.5
12.0
18.0
24.0
30.0
22.5
115.5
37.5
69.0
61.5
55.5
93.0
28.5
63.0
48.0
9.0
46.5
63.0
55.5
42.0
108.0
28.5
52.5
31.5
67.5
22.5
58.5
78.0
10.5
46.5
42.0
15.0
93.0
15.0
46.5
37.5
18.0
18.0
31.5
30.0
87.0
37.5
31.5
24.0
75.0
36.0
97.5
52.5
4.5
60.0
84.0
30.0
25.5
27.0
57.0
36.0
36.0
39.0
22.5
39.0
19.5
55.5
37.5
60.0
66.0
46.5
31.5
91.5
31.5
36.0
123.0
40.5
33.0
100.5
67.5
106.5
25.5
43.5
76.5
51.0
31.5
28.5
21.0
46.5
43.5
87.0
138.0
36.0
25.5
33.0
36.0
30.0
31.5
57.0
9.0
33.0
12.0
24.0
79.5
69.0
109.5
13.5
10.5
69.0
33.0
31.5
81.0
21.0
76.5
28.5
48.0
54.0
81.0
79.5
15.0
37.5
70.5
7.5
43.5
19.5
99.0
87.0
72.0
57.0
88.5
43.5
7.5
33.0
69.0
69.0
13.5
37.5
57.0
13.5
15.0
30.0
34.5
46.5
43.5
63.0
103.5
31.5
31.5
31.5
22.5
37.5
61.5
30.0
105.0
69.0
82.5
75.0
67.5
39.0
112.5
46.5
69.0
57.0
28.5
52.5
76.5
22.5
49.5
57.0
21.0
40.5
97.5
12.0
31.5
70.5
49.5
24.0
81.0
27.0
45.0
33.0
57.0
84.0
64.5
33.0
43.5
27.0
28.5
94.5
45.0
37.5
30.0
3.0
55.5
63.0
19.5
49.5
21.0
43.5
132.0
34.5
12.0
48.0
34.5
55.5
39.0
46.5
187.5
31.5
52.5
55.5
28.5
79.5
16.5
39.0
93.0
24.0
67.5
7.5
25.5
57.0
52.5
88.5
30.0
13.5
34.5
79.5
82.5
94.5
85.5
64.5
63.0
52.5
39.0
61.5
58.5
25.5
61.5
13.5
31.5
12.0
21.0
51.0
114.0
42.0
76.5
40.5
39.0
37.5
19.5
7.5
54.0
30.0
73.5
51.0
55.5
67.5
22.5
66.0
19.5
75.0
48.0
99.0
106.5
36.0
9.0
78.0
61.5
72.0
51.0
52.5
27.0
82.5
39.0
7.5
37.5
67.5
40.5
109.5
25.5
42.0
69.0
81.0
31.5
7.5
16.5
76.5
63.0
72.0
12.0
105.0
33.0
136.5
57.0
6.0
43.5
39.0
100.5
52.5
63.0
21.0
28.5
72.0
34.5
9.0
9.0
100.5
70.5
51.0
25.5
69.0
66.0
49.5
21.0
25.5
64.5
12.0
49.5
82.5
45.0
58.5
30.0
142.5
13.5
27.0
16.5
112.5
45.0
36.0
73.5
63.0
28.5
13.5
129.0
33.0
15.0
82.5
7.5
48.0
13.5
40.5
24.0
63.0
49.5
24.0
43.5
88.5
60.0
73.5
106.5
15.0
28.5
21.0
82.5
64.5
49.5
64.5
66.0
64.5
28.5
27.0
36.0
60.0
15.0
1.5
106.5
75.0
51.0
57.0
61.5
90.0
9.0
42.0
37.5
1.5
91.5
34.5
36.0
45.0
55.5
40.5
67.5
13.5
40.5
13.5
48.0
55.5
48.0
85.5
24.0
48.0
34.5
64.5
43.5
87.0
54.0
52.5
22.5
28.5
99.0
25.5
55.5
78.0
79.5
10.5
34.5
60.0
70.5
55.5
42.0
36.0
24.0
106.5
27.0
45.0
25.5
99.0
69.0
64.5
22.5
12.0
25.5
12.0
24.0
100.5
75.0
36.0
24.0
52.5
22.5
30.0
54.0
25.5
54.0
25.5
10.5
42.0
66.0
36.0
21.0
33.0
52.5
58.5
18.0
7.5
69.0
16.5
69.0
67.5
21.0
52.5
28.5
54.0
66.0
51.0
18.0
36.0
112.5
49.5
6.0
70.5
81.0
19.5
51.0
27.0
54.0
54.0
105.0
15.0
43.5
28.5
45.0
111.0
22.5
96.0
111.0
73.5
4.5
45.0
33.0
49.5
22.5
16.5
10.5
30.0
39.0
54.0
55.5
42.0
46.5
46.5
61.5
31.5
30.0
27.0
19.5
88.5
10.5
66.0
37.5
39.0
6.0
24.0
22.5
18.0
24.0
45.0
90.0
31.5
69.0
37.5
43.5
30.0
36.0
85.5
33.0
34.5
63.0
22.5
51.0
93.0
52.5
4.5
70.5
21.0
40.5
34.5
45.0
51.0
55.5
37.5
37.5
42.0
70.5
40.5
81.0
63.0
58.5
49.5
43.5
75.0
75.0
13.5
51.0
100.5
93.0
34.5
73.5
21.0
37.5
13.5
30.0
43.5
54.0
55.5
57.0
64.5
40.5
66.0
43.5
82.5
6.0
60.0
40.5
88.5
54.0
49.5
58.5
60.0
16.5
96.0
9.0
27.0
54.0
40.5
25.5
48.0
46.5
27.0
60.0
37.5
40.5
24.0
67.5
81.0
97.5
79.5
37.5
25.5
30.0
43.5
84.0
70.5
162.0
19.5
55.5
79.5
31.5
19.5
87.0
82.5
90.0
10.5
40.5
27.0
40.5
31.5
46.5
49.5
22.5
40.5
7.5
54.0
37.5
21.0
91.5
136.5
36.0
6.0
73.5
16.5
13.5
22.5
129.0
66.0
78.0
61.5
24.0
27.0
45.0
28.5
54.0
22.5
52.5
61.5
25.5
108.0
72.0
115.5
58.5
36.0
39.0
40.5
19.5
6.0
22.5
67.5
85.5
120.0
12.0
52.5
45.0
111.0
85.5
85.5
84.0
51.0
40.5
3.0
27.0
31.5
27.0
87.0
0.0
66.0
61.5
15.0
39.0
69.0
60.0
3.0
76.5
54.0
28.5
28.5
64.5
61.5
87.0
30.0
30.0
39.0
43.5
31.5
49.5
15.0
30.0
57.0
61.5
22.5
75.0
42.0
31.5
61.5
75.0
43.5
123.0
46.5
45.0
12.0
39.0
72.0
51.0
63.0
45.0
42.0
43.5
12.0
66.0
42.0
33.0
51.0
24.0
96.0
36.0
43.5
37.5
91.5
43.5
30.0
67.5
67.5
64.5
67.5
156.0
40.5
40.5
39.0
58.5
40.5
31.5
10.5
57.0
39.0
39.0
10.5
36.0
90.0
34.5
16.5
70.5
82.5
34.5
91.5
45.0
24.0
60.0
52.5
39.0
6.0
25.5
120.0
34.5
27.0
79.5
27.0
34.5
63.0
33.0
55.5
21.0
55.5
37.5
36.0
40.5
46.5
43.5
16.5
93.0
19.5
9.0
46.5
54.0
46.5
36.0
39.0
25.5
25.5
66.0
13.5
39.0
30.0
64.5
13.5
27.0
15.0
31.5
48.0
99.0
27.0
30.0
64.5
58.5
31.5
40.5
4.5
108.0
27.0
49.5
52.5
40.5
57.0
24.0
18.0
42.0
22.5
63.0
31.5
64.5
69.0
42.0
54.0
58.5
49.5
75.0
18.0
16.5
24.0
24.0
63.0
30.0
66.0
27.0
34.5
120.0
42.0
75.0
27.0
36.0
57.0
132.0
43.5
34.5
31.5
19.5
40.5
28.5
10.5
64.5
18.0
39.0
46.5
33.0
43.5
27.0
55.5
52.5
75.0
9.0
49.5
40.5
33.0
24.0
57.0
99.0
10.5
16.5
36.0
166.5
34.5
94.5
126.0
10.5
49.5
76.5
36.0
93.0
31.5
33.0
34.5
25.5
85.5
90.0
13.5
10.5
142.5
10.5
31.5
45.0
63.0
43.5
30.0
6.0
105.0
37.5
73.5
39.0
93.0
24.0
66.0
55.5
40.5
12.0
28.5
64.5
33.0
40.5
43.5
34.5
28.5
72.0
90.0
58.5
54.0
82.5
105.0
31.5
48.0
90.0
79.5
15.0
124.5
96.0
7.5
61.5
15.0
43.5
45.0
39.0
55.5
18.0
84.0
34.5
105.0
16.5
37.5
37.5
55.5
18.0
19.5
18.0
15.0
25.5
30.0
75.0
24.0
78.0
45.0
9.0
57.0
30.0
24.0
52.5
30.0
112.5
43.5
78.0
82.5
43.5
72.0
69.0
108.0
34.5
25.5
76.5
36.0
16.5
13.5
54.0
21.0
108.0
27.0
78.0
51.0
93.0
51.0
37.5
40.5
120.0
13.5
3.0
40.5
48.0
21.0
100.5
69.0
15.0
16.5
105.0
39.0
36.0
64.5
4.5
22.5
69.0
27.0
60.0
28.5
39.0
24.0
66.0
69.0
27.0
46.5
85.5
91.5
72.0
51.0
3.0
64.5
22.5
24.0
67.5
37.5
37.5
34.5
27.0
16.5
37.5
120.0
25.5
34.5
82.5
109.5
57.0
25.5
78.0
33.0
19.5
30.0
21.0
21.0
84.0
25.5
21.0
13.5
22.5
64.5
10.5
36.0
33.0
27.0
72.0
25.5
45.0
93.0
48.0
66.0
28.5
45.0
31.5
111.0
24.0
70.5
31.5
27.0
37.5
18.0
42.0
13.5
49.5
64.5
75.0
69.0
45.0
40.5
57.0
40.5
9.0
97.5
24.0
54.0
70.5
16.5
18.0
16.5
82.5
24.0
10.5
36.0
51.0
10.5
16.5
52.5
67.5
136.5
63.0
55.5
39.0
10.5
3.0
76.5
51.0
19.5
81.0
51.0
64.5
76.5
39.0
52.5
33.0
31.5
55.5
22.5
48.0
30.0
27.0
40.5
67.5
42.0
30.0
16.5
63.0
43.5
42.0
36.0
33.0
66.0
37.5
31.5
43.5
25.5
3.0
30.0
31.5
24.0
10.5
54.0
21.0
45.0
57.0
42.0
31.5
39.0
43.5
27.0
52.5
46.5
18.0
72.0
34.5
49.5
40.5
79.5
25.5
106.5
4.5
55.5
31.5
67.5
22.5
16.5
42.0
37.5
66.0
48.0
108.0
94.5
91.5
57.0
87.0
109.5
91.5
51.0
43.5
19.5
4.5
42.0
46.5
42.0
52.5
58.5
48.0
73.5
18.0
45.0
31.5
13.5
78.0
18.0
28.5
70.5
55.5
73.5
99.0
19.5
49.5
57.0
57.0
49.5
27.0
82.5
112.5
57.0
18.0
27.0
55.5
22.5
36.0
61.5
31.5
79.5
61.5
64.5
81.0
30.0
52.5
46.5
24.0
28.5
67.5
66.0
55.5
70.5
27.0
25.5
66.0
36.0
55.5
91.5
106.5
9.0
28.5
16.5
10.5
78.0
49.5
58.5
84.0
75.0
7.5
123.0
61.5
42.0
46.5
52.5
45.0
70.5
46.5
34.5
4.5
42.0
30.0
99.0
91.5
36.0
33.0
54.0
22.5
121.5
30.0
52.5
22.5
52.5
19.5
55.5
81.0
57.0
6.0
55.5
25.5
54.0
82.5
18.0
135.0
75.0
34.5
19.5
4.5
45.0
90.0
45.0
24.0
46.5
97.5
49.5
60.0
85.5
39.0
15.0
16.5
10.5
6.0
129.0
51.0
27.0
37.5
31.5
30.0
21.0
67.5
75.0
58.5
66.0
58.5
87.0
55.5
51.0
85.5
46.5
43.5
43.5
81.0
37.5
67.5
46.5
34.5
34.5
31.5
33.0
112.5
4.5
49.5
21.0
55.5
76.5
94.5
100.5
31.5
57.0
27.0
52.5
4.5
24.0
12.0
22.5
21.0
76.5
43.5
51.0
100.5
25.5
46.5
34.5
96.0
49.5
57.0
21.0
94.5
10.5
34.5
48.0
34.5
79.5
43.5
57.0
67.5
39.0
84.0
3.0
109.5
13.5
52.5
150.0
39.0
27.0
52.5
102.0
25.5
15.0
57.0
76.5
63.0
91.5
34.5
109.5
78.0
58.5
49.5
28.5
33.0
61.5
52.5
39.0
36.0
58.5
91.5
67.5
48.0
42.0
48.0
51.0
22.5
58.5
79.5
93.0
21.0
12.0
37.5
54.0
18.0
45.0
88.5
52.5
16.5
46.5
15.0
48.0
36.0
42.0
52.5
67.5
58.5
16.5
54.0
99.0
84.0
75.0
33.0
99.0
61.5
27.0
58.5
43.5
66.0
73.5
42.0
18.0
16.5
108.0
40.5
75.0
49.5
73.5
90.0
51.0
135.0
30.0
85.5
36.0
49.5
18.0
70.5
19.5
31.5
130.5
36.0
49.5
51.0
63.0
46.5
57.0
67.5
114.0
39.0
19.5
33.0
9.0
7.5
49.5
34.5
30.0
25.5
55.5
61.5
58.5
13.5
45.0
18.0
43.5
70.5
39.0
54.0
9.0
42.0
27.0
27.0
13.5
85.5
6.0
37.5
49.5
10.5
25.5
54.0
82.5
42.0
39.0
79.5
19.5
42.0
16.5
55.5
70.5
10.5
66.0
24.0
61.5
33.0
31.5
58.5
37.5
7.5
57.0
78.0
18.0
75.0
25.5
19.5
111.0
25.5
87.0
9.0
40.5
22.5
25.5
33.0
78.0
7.5
27.0
70.5
70.5
27.0
64.5
55.5
87.0
55.5
111.0
81.0
6.0
33.0
31.5
37.5
40.5
34.5
25.5
12.0
85.5
43.5
28.5
42.0
18.0
31.5
36.0
9.0
31.5
78.0
70.5
55.5
63.0
72.0
63.0
12.0
18.0
48.0
9.0
88.5
28.5
66.0
96.0
85.5
82.5
48.0
42.0
46.5
15.0
76.5
30.0
46.5
24.0
37.5
7.5
43.5
24.0
33.0
52.5
1.5
18.0
54.0
31.5
18.0
18.0
49.5
57.0
52.5
43.5
27.0
66.0
15.0
36.0
42.0
15.0
24.0
12.0
55.5
12.0
63.0
43.5
76.5
30.0
25.5
16.5
46.5
24.0
40.5
100.5
43.5
19.5
24.0
76.5
10.5
19.5
19.5
6.0
57.0
55.5
102.0
40.5
120.0
69.0
45.0
36.0
18.0
33.0
112.5
22.5
10.5
21.0
27.0
55.5
34.5
66.0
43.5
144.0
37.5
34.5
12.0
31.5
75.0
19.5
43.5
40.5
75.0
66.0
37.5
58.5
73.5
25.5
36.0
75.0
102.0
15.0
117.0
37.5
55.5
13.5
67.5
138.0
39.0
52.5
28.5
30.0
33.0
81.0
85.5
54.0
61.5
69.0
27.0
39.0
67.5
54.0
45.0
33.0
46.5
64.5
39.0
60.0
88.5
31.5
52.5
75.0
109.5
60.0
60.0
31.5
25.5
22.5
67.5
27.0
13.5
118.5
81.0
19.5
67.5
69.0
90.0
21.0
21.0
9.0
28.5
31.5
21.0
1.5
19.5
72.0
66.0
70.5
60.0
67.5
81.0
55.5
57.0
66.0
15.0
84.0
39.0
90.0
42.0
37.5
19.5
33.0
90.0
106.5
18.0
16.5
43.5
42.0
22.5
36.0
57.0
31.5
39.0
76.5
43.5
40.5
54.0
40.5
10.5
51.0
75.0
22.5
58.5
73.5
21.0
36.0
64.5
55.5
43.5
7.5
19.5
15.0
13.5
55.5
30.0
90.0
60.0
66.0
52.5
36.0
33.0
16.5
51.0
21.0
70.5
55.5
10.5
69.0
15.0
30.0
79.5
55.5
52.5
30.0
48.0
75.0
51.0
70.5
67.5
33.0
102.0
31.5
25.5
7.5
78.0
85.5
40.5
27.0
16.5
21.0
114.0
24.0
73.5
70.5
78.0
70.5
49.5
51.0
45.0
106.5
73.5
21.0
57.0
75.0
57.0
10.5
30.0
31.5
57.0
39.0
30.0
21.0
43.5
88.5
72.0
31.5
91.5
106.5
31.5
84.0
49.5
61.5
16.5
58.5
40.5
3.0
13.5
96.0
40.5
78.0
10.5
64.5
49.5
52.5
132.0
72.0
70.5
18.0
40.5
46.5
37.5
40.5
115.5
120.0
171.0
51.0
55.5
72.0
69.0
22.5
55.5
33.0
27.0
15.0
144.0
24.0
22.5
7.5
63.0
72.0
31.5
78.0
12.0
87.0
93.0
28.5
6.0
57.0
19.5
54.0
54.0
39.0
49.5
67.5
39.0
28.5
61.5
31.5
43.5
54.0
70.5
13.5
43.5
24.0
16.5
19.5
54.0
31.5
118.5
90.0
84.0
24.0
96.0
31.5
24.0
12.0
57.0
39.0
30.0
34.5
55.5
108.0
31.5
37.5
30.0
57.0
28.5
21.0
67.5
33.0
64.5
21.0
114.0
123.0
15.0
27.0
40.5
40.5
39.0
78.0
18.0
72.0
22.5
58.5
100.5
156.0
39.0
48.0
51.0
64.5
51.0
64.5
28.5
88.5
102.0
78.0
37.5
88.5
100.5
6.0
15.0
118.5
30.0
54.0
79.5
82.5
96.0
18.0
64.5
9.0
21.0
34.5
37.5
33.0
9.0
42.0
43.5
40.5
19.5
16.5
94.5
24.0
40.5
15.0
34.5
12.0
69.0
94.5
78.0
61.5
70.5
39.0
36.0
15.0
54.0
48.0
10.5
40.5
33.0
67.5
48.0
51.0
39.0
75.0
57.0
18.0
6.0
64.5
12.0
18.0
21.0
55.5
12.0
88.5
36.0
46.5
49.5
34.5
15.0
34.5
10.5
61.5
16.5
48.0
73.5
99.0
16.5
58.5
106.5
42.0
39.0
7.5
94.5
25.5
108.0
37.5
82.5
22.5
18.0
27.0
49.5
42.0
67.5
28.5
4.5
49.5
25.5
57.0
18.0
21.0
30.0
40.5
51.0
87.0
54.0
79.5
84.0
96.0
75.0
79.5
55.5
27.0
19.5
54.0
54.0
63.0
34.5
55.5
87.0
58.5
19.5
9.0
10.5
55.5
60.0
82.5
40.5
22.5
15.0
93.0
21.0
67.5
64.5
13.5
58.5
58.5
12.0
66.0
24.0
63.0
22.5
54.0
52.5
37.5
82.5
24.0
52.5
27.0
22.5
19.5
27.0
76.5
42.0
57.0
45.0
21.0
40.5
90.0
24.0
58.5
111.0
124.5
85.5
46.5
94.5
6.0
52.5
19.5
7.5
37.5
64.5
70.5
96.0
27.0
31.5
18.0
85.5
12.0
40.5
51.0
108.0
25.5
25.5
33.0
69.0
102.0
108.0
43.5
12.0
21.0
54.0
81.0
99.0
33.0
25.5
24.0
87.0
43.5
30.0
55.5
34.5
43.5
72.0
18.0
10.5
88.5
40.5
70.5
21.0
55.5
13.5
61.5
16.5
22.5
69.0
58.5
51.0
75.0
30.0
52.5
39.0
55.5
55.5
69.0
96.0
55.5
121.5
18.0
18.0
7.5
70.5
12.0
39.0
36.0
66.0
70.5
12.0
81.0
129.0
36.0
46.5
39.0
118.5
61.5
55.5
85.5
18.0
145.5
51.0
43.5
58.5
48.0
54.0
45.0
31.5
63.0
120.0
34.5
42.0
55.5
31.5
51.0
69.0
22.5
46.5
16.5
48.0
27.0
45.0
96.0
10.5
30.0
58.5
21.0
102.0
61.5
10.5
16.5
6.0
16.5
90.0
51.0
82.5
27.0
34.5
67.5
12.0
39.0
73.5
76.5
46.5
52.5
1.5
64.5
31.5
37.5
18.0
63.0
42.0
54.0
10.5
36.0
82.5
60.0
75.0
58.5
49.5
57.0
34.5
76.5
36.0
27.0
64.5
24.0
25.5
58.5
55.5
76.5
34.5
9.0
57.0
3.0
67.5
36.0
10.5
60.0
82.5
87.0
40.5
82.5
117.0
57.0
24.0
100.5
61.5
19.5
1.5
48.0
25.5
51.0
60.0
99.0
91.5
19.5
28.5
30.0
78.0
27.0
64.5
49.5
52.5
45.0
57.0
12.0
42.0
39.0
60.0
45.0
24.0
33.0
21.0
30.0
43.5
60.0
43.5
21.0
43.5
15.0
48.0
30.0
70.5
30.0
61.5
12.0
129.0
73.5
33.0
88.5
10.5
21.0
58.5
24.0
19.5
51.0
63.0
22.5
27.0
54.0
7.5
24.0
60.0
78.0
81.0
57.0
64.5
72.0
13.5
58.5
103.5
9.0
45.0
58.5
48.0
6.0
30.0
30.0
67.5
30.0
33.0
109.5
18.0
90.0
34.5
28.5
34.5
19.5
10.5
61.5
27.0
22.5
12.0
40.5
46.5
3.0
75.0
70.5
96.0
91.5
60.0
91.5
73.5
48.0
61.5
19.5
25.5
72.0
31.5
90.0
57.0
90.0
54.0
72.0
7.5
40.5
31.5
36.0
39.0
67.5
150.0
94.5
63.0
37.5
66.0
40.5
28.5
48.0
31.5
30.0
15.0
93.0
34.5
70.5
67.5
34.5
115.5
22.5
40.5
42.0
43.5
75.0
21.0
76.5
40.5
75.0
111.0
27.0
21.0
19.5
72.0
37.5
39.0
33.0
109.5
46.5
57.0
72.0
12.0
63.0
82.5
97.5
93.0
42.0
45.0
13.5
54.0
36.0
84.0
45.0
54.0
61.5
15.0
30.0
57.0
57.0
24.0
6.0
60.0
42.0
15.0
76.5
69.0
28.5
37.5
73.5
51.0
72.0
28.5
84.0
55.5
45.0
31.5
109.5
103.5
30.0
27.0
54.0
36.0
34.5
76.5
58.5
130.5
34.5
58.5
54.0
49.5
27.0
37.5
13.5
51.0
45.0
31.5
4.5
97.5
66.0
27.0
33.0
52.5
55.5
52.5
9.0
79.5
106.5
30.0
91.5
33.0
40.5
54.0
19.5
28.5
82.5
10.5
37.5
81.0
10.5
70.5
51.0
9.0
100.5
66.0
30.0
24.0
7.5
57.0
10.5
42.0
22.5
27.0
28.5
13.5
6.0
31.5
40.5
37.5
102.0
33.0
67.5
16.5
34.5
136.5
40.5
52.5
57.0
93.0
7.5
27.0
51.0
31.5
100.5
36.0
39.0
93.0
37.5
27.0
12.0
33.0
57.0
19.5
27.0
39.0
34.5
88.5
28.5
57.0
31.5
31.5
25.5
39.0
78.0
85.5
97.5
52.5
106.5
52.5
54.0
22.5
13.5
6.0
54.0
78.0
49.5
22.5
27.0
49.5
58.5
111.0
81.0
90.0
30.0
96.0
130.5
13.5
72.0
90.0
21.0
88.5
51.0
28.5
25.5
75.0
61.5
24.0
72.0
61.5
63.0
30.0
28.5
55.5
18.0
18.0
7.5
93.0
61.5
24.0
70.5
43.5
19.5
64.5
115.5
55.5
13.5
12.0
28.5
39.0
90.0
24.0
21.0
54.0
87.0
52.5
13.5
30.0
54.0
51.0
85.5
72.0
49.5
13.5
117.0
114.0
9.0
30.0
49.5
100.5
87.0
87.0
22.5
73.5
52.5
40.5
55.5
34.5
10.5
22.5
21.0
37.5
42.0
24.0
48.0
19.5
15.0
27.0
81.0
51.0
37.5
64.5
54.0
118.5
49.5
30.0
49.5
52.5
27.0
121.5
49.5
63.0
90.0
42.0
93.0
21.0
57.0
13.5
30.0
16.5
36.0
40.5
45.0
25.5
37.5
40.5
40.5
27.0
30.0
30.0
30.0
69.0
61.5
33.0
52.5
93.0
30.0
4.5
21.0
49.5
57.0
55.5
64.5
81.0
31.5
46.5
87.0
48.0
51.0
12.0
15.0
15.0
63.0
91.5
34.5
84.0
52.5
31.5
78.0
60.0
72.0
40.5
45.0
16.5
49.5
27.0
21.0
99.0
10.5
94.5
34.5
97.5
73.5
31.5
60.0
51.0
76.5
37.5
19.5
55.5
72.0
69.0
27.0
28.5
36.0
21.0
52.5
69.0
72.0
78.0
40.5
82.5
30.0
15.0
39.0
55.5
49.5
69.0
70.5
19.5
30.0
36.0
28.5
34.5
15.0
61.5
31.5
36.0
37.5
22.5
27.0
67.5
25.5
51.0
40.5
22.5
105.0
64.5
22.5
22.5
73.5
40.5
40.5
183.0
45.0
27.0
51.0
28.5
39.0
39.0
69.0
4.5
21.0
52.5
21.0
54.0
84.0
45.0
51.0
78.0
66.0
16.5
55.5
30.0
19.5
46.5
70.5
169.5
10.5
42.0
37.5
51.0
33.0
27.0
30.0
88.5
27.0
24.0
67.5
12.0
22.5
108.0
75.0
46.5
55.5
31.5
3.0
33.0
30.0
40.5
138.0
63.0
78.0
136.5
81.0
49.5
72.0
22.5
36.0
118.5
55.5
60.0
19.5
25.5
154.5
48.0
30.0
81.0
27.0
31.5
22.5
85.5
64.5
43.5
60.0
73.5
85.5
31.5
82.5
70.5
55.5
69.0
94.5
36.0
49.5
16.5
28.5
31.5
33.0
3.0
49.5
87.0
69.0
42.0
21.0
76.5
58.5
39.0
30.0
4.5
67.5
39.0
28.5
30.0
55.5
123.0
1.5
103.5
25.5
28.5
40.5
52.5
52.5
40.5
81.0
58.5
15.0
37.5
22.5
90.0
36.0
69.0
36.0
42.0
66.0
39.0
12.0
39.0
94.5
24.0
45.0
16.5
75.0
96.0
16.5
28.5
106.5
31.5
25.5
12.0
3.0
60.0
72.0
88.5
19.5
61.5
33.0
39.0
57.0
27.0
42.0
43.5
57.0
66.0
21.0
28.5
21.0
67.5
13.5
88.5
64.5
51.0
34.5
25.5
22.5
24.0
24.0
25.5
60.0
40.5
64.5
22.5
3.0
55.5
55.5
85.5
13.5
63.0
45.0
7.5
48.0
28.5
40.5
58.5
57.0
37.5
73.5
63.0
15.0
93.0
52.5
21.0
63.0
16.5
61.5
120.0
43.5
27.0
132.0
43.5
84.0
81.0
67.5
57.0
28.5
111.0
45.0
25.5
54.0
45.0
51.0
13.5
78.0
28.5
76.5
51.0
57.0
75.0
45.0
27.0
19.5
22.5
58.5
30.0
82.5
111.0
69.0
66.0
28.5
30.0
75.0
52.5
40.5
25.5
100.5
108.0
21.0
37.5
63.0
49.5
96.0
49.5
31.5
27.0
40.5
18.0
54.0
34.5
9.0
55.5
22.5
39.0
22.5
61.5
78.0
7.5
22.5
21.0
31.5
67.5
99.0
30.0
51.0
45.0
43.5
88.5
34.5
111.0
22.5
51.0
85.5
43.5
34.5
64.5
42.0
52.5
78.0
75.0
40.5
22.5
18.0
51.0
28.5
33.0
40.5
64.5
37.5
31.5
40.5
42.0
76.5
33.0
58.5
58.5
81.0
33.0
28.5
36.0
45.0
67.5
31.5
61.5
33.0
58.5
55.5
70.5
51.0
24.0
25.5
48.0
48.0
109.5
36.0
36.0
24.0
84.0
72.0
39.0
34.5
22.5
18.0
49.5
18.0
18.0
78.0
81.0
76.5
33.0
13.5
43.5
60.0
78.0
121.5
79.5
33.0
60.0
6.0
64.5
55.5
4.5
19.5
64.5
93.0
87.0
52.5
48.0
15.0
105.0
42.0
45.0
55.5
66.0
15.0
79.5
39.0
24.0
51.0
73.5
61.5
37.5
25.5
105.0
94.5
96.0
36.0
21.0
12.0
40.5
33.0
81.0
15.0
67.5
45.0
57.0
25.5
31.5
12.0
15.0
33.0
87.0
114.0
42.0
12.0
67.5
58.5
52.5
31.5
7.5
49.5
82.5
54.0
22.5
37.5
48.0
18.0
36.0
79.5
18.0
115.5
34.5
37.5
90.0
25.5
25.5
54.0
16.5
67.5
31.5
45.0
22.5
48.0
45.0
10.5
18.0
60.0
25.5
139.5
75.0
49.5
67.5
1.5
15.0
1.5
21.0
63.0
34.5
48.0
12.0
28.5
57.0
84.0
9.0
51.0
31.5
69.0
34.5
79.5
33.0
24.0
34.5
85.5
40.5
72.0
78.0
33.0
63.0
33.0
127.5
28.5
34.5
120.0
45.0
52.5
30.0
57.0
103.5
45.0
22.5
9.0
61.5
96.0
42.0
27.0
72.0
85.5
30.0
66.0
4.5
94.5
7.5
60.0
67.5
10.5
21.0
6.0
61.5
30.0
63.0
58.5
135.0
24.0
7.5
18.0
36.0
81.0
58.5
49.5
52.5
75.0
72.0
25.5
42.0
33.0
48.0
69.0
21.0
30.0
24.0
34.5
69.0
78.0
28.5
39.0
16.5
51.0
25.5
15.0
54.0
57.0
7.5
12.0
94.5
33.0
46.5
43.5
37.5
67.5
70.5
45.0
88.5
12.0
100.5
36.0
33.0
48.0
37.5
24.0
36.0
34.5
61.5
99.0
79.5
40.5
70.5
31.5
37.5
37.5
97.5
25.5
102.0
78.0
28.5
67.5
42.0
55.5
31.5
24.0
25.5
13.5
75.0
36.0
43.5
13.5
45.0
3.0
37.5
12.0
84.0
58.5
27.0
111.0
105.0
69.0
60.0
73.5
27.0
19.5
22.5
67.5
21.0
114.0
52.5
34.5
34.5
37.5
64.5
40.5
72.0
16.5
66.0
33.0
105.0
97.5
49.5
94.5
24.0
54.0
42.0
102.0
6.0
69.0
55.5
36.0
24.0
18.0
31.5
54.0
142.5
58.5
66.0
42.0
12.0
57.0
66.0
51.0
3.0
37.5
34.5
126.0
13.5
51.0
34.5
108.0
48.0
37.5
10.5
75.0
22.5
76.5
39.0
69.0
76.5
37.5
61.5
12.0
129.0
94.5
61.5
19.5
58.5
43.5
133.5
67.5
18.0
19.5
28.5
30.0
37.5
84.0
21.0
12.0
85.5
81.0
61.5
42.0
49.5
96.0
58.5
63.0
88.5
55.5
54.0
66.0
84.0
28.5
58.5
73.5
25.5
28.5
45.0
52.5
73.5
54.0
9.0
55.5
18.0
48.0
63.0
4.5
58.5
60.0
28.5
33.0
52.5
69.0
61.5
27.0
120.0
87.0
13.5
21.0
79.5
39.0
51.0
82.5
52.5
33.0
93.0
85.5
48.0
16.5
34.5
36.0
54.0
19.5
63.0
37.5
60.0
15.0
39.0
40.5
51.0
96.0
28.5
79.5
43.5
12.0
42.0
70.5
49.5
78.0
67.5
31.5
22.5
43.5
36.0
40.5
73.5
112.5
28.5
37.5
72.0
33.0
28.5
37.5
28.5
12.0
24.0
55.5
18.0
52.5
54.0
82.5
43.5
96.0
78.0
39.0
84.0
34.5
54.0
48.0
34.5
36.0
25.5
96.0
48.0
51.0
60.0
39.0
16.5
120.0
130.5
72.0
48.0
25.5
37.5
79.5
54.0
46.5
16.5
28.5
22.5
96.0
81.0
36.0
18.0
36.0
45.0
40.5
67.5
31.5
22.5
46.5
33.0
24.0
45.0
123.0
39.0
16.5
21.0
61.5
28.5
12.0
58.5
33.0
96.0
18.0
33.0
6.0
48.0
21.0
1.5
90.0
106.5
36.0
39.0
49.5
18.0
52.5
21.0
100.5
63.0
16.5
102.0
33.0
31.5
100.5
46.5
40.5
42.0
51.0
19.5
43.5
76.5
9.0
103.5
25.5
24.0
33.0
51.0
16.5
34.5
42.0
27.0
64.5
51.0
57.0
97.5
63.0
40.5
70.5
75.0
36.0
58.5
168.0
33.0
69.0
22.5
25.5
96.0
37.5
24.0
63.0
61.5
75.0
55.5
37.5
70.5
64.5
57.0
84.0
24.0
15.0
100.5
48.0
124.5
69.0
43.5
21.0
13.5
64.5
30.0
39.0
66.0
60.0
36.0
27.0
93.0
13.5
13.5
13.5
42.0
30.0
81.0
67.5
70.5
28.5
22.5
58.5
127.5
10.5
30.0
25.5
79.5
45.0
16.5
24.0
88.5
27.0
57.0
42.0
57.0
9.0
31.5
27.0
63.0
69.0
78.0
25.5
102.0
4.5
111.0
18.0
37.5
24.0
109.5
36.0
22.5
48.0
39.0
40.5
37.5
39.0
33.0
40.5
46.5
63.0
3.0
67.5
30.0
31.5
61.5
88.5
39.0
67.5
43.5
46.5
55.5
57.0
67.5
66.0
82.5
15.0
43.5
24.0
67.5
27.0
30.0
27.0
40.5
61.5
33.0
117.0
34.5
51.0
111.0
177.0
85.5
43.5
57.0
90.0
61.5
31.5
42.0
28.5
18.0
51.0
13.5
61.5
49.5
46.5
28.5
31.5
88.5
33.0
33.0
43.5
43.5
24.0
7.5
9.0
10.5
33.0
51.0
55.5
94.5
31.5
66.0
9.0
43.5
78.0
19.5
49.5
55.5
46.5
76.5
42.0
13.5
30.0
