184.5
199.5
217.5
289.5
366.0
154.5
388.5
84.0
424.5
214.5
447.0
213.0
183.0
253.5
321.0
388.5
219.0
445.5
418.5
168.0
295.5
375.0
430.5
346.5
424.5
115.5
445.5
43.5
144.0
267.0
262.5
336.0
459.0
346.5
190.5
276.0
343.5
70.5
169.5
141.0
228.0
252.0
42.0
352.5
193.5
214.5
373.5
298.5
144.0
52.5
343.5
405.0
321.0
268.5
385.5
306.0
358.5
295.5
364.5
334.5
481.5
69.0
456.0
390.0
396.0
319.5
388.5
256.5
160.5
328.5
432.0
153.0
277.5
168.0
399.0
33.0
214.5
441.0
330.0
225.0
87.0
435.0
471.0
253.5
307.5
394.5
244.5
304.5
297.0
42.0
319.5
168.0
343.5
72.0
316.5
61.5
306.0
457.5
129.0
352.5
100.5
391.5
469.5
94.5
126.0
241.5
198.0
268.5
306.0
324.0
436.5
387.0
97.5
223.5
36.0
126.0
408.0
316.5
276.0
270.0
214.5
366.0
120.0
157.5
498.0
306.0
297.0
349.5
424.5
348.0
283.5
274.5
120.0
424.5
115.5
396.0
169.5
417.0
360.0
315.0
255.0
270.0
229.5
79.5
283.5
397.5
205.5
297.0
69.0
337.5
186.0
438.0
369.0
336.0
348.0
403.5
390.0
100.5
297.0
232.5
238.5
474.0
432.0
84.0
130.5
105.0
165.0
123.0
178.5
337.5
325.5
438.0
337.5
216.0
70.5
288.0
198.0
336.0
75.0
406.5
111.0
148.5
348.0
334.5
175.5
369.0
462.0
297.0
186.0
112.5
373.5
250.5
222.0
390.0
403.5
133.5
16.5
216.0
150.0
447.0
459.0
70.5
442.5
346.5
64.5
282.0
210.0
346.5
243.0
246.0
372.0
213.0
307.5
442.5
421.5
375.0
156.0
450.0
384.0
307.5
325.5
307.5
382.5
433.5
330.0
420.0
142.5
432.0
168.0
276.0
225.0
136.5
190.5
411.0
447.0
300.0
391.5
391.5
100.5
343.5
75.0
487.5
421.5
207.0
211.5
250.5
289.5
279.0
93.0
177.0
474.0
160.5
361.5
243.0
115.5
267.0
472.5
376.5
486.0
390.0
75.0
270.0
34.5
442.5
300.0
442.5
72.0
436.5
402.0
379.5
277.5
237.0
283.5
360.0
312.0
460.5
303.0
94.5
351.0
313.5
267.0
307.5
73.5
222.0
355.5
69.0
99.0
195.0
303.0
405.0
346.5
451.5
408.0
330.0
241.5
354.0
210.0
231.0
283.5
157.5
384.0
117.0
217.5
465.0
144.0
369.0
217.5
346.5
319.5
94.5
381.0
289.5
369.0
307.5
48.0
387.0
319.5
67.5
460.5
180.0
79.5
457.5
478.5
174.0
337.5
102.0
276.0
244.5
429.0
423.0
193.5
255.0
106.5
271.5
354.0
426.0
411.0
390.0
163.5
426.0
483.0
69.0
424.5
255.0
282.0
147.0
340.5
394.5
307.5
337.5
259.5
379.5
144.0
351.0
384.0
163.5
432.0
267.0
426.0
402.0
406.5
292.5
445.5
106.5
414.0
244.5
451.5
478.5
402.0
282.0
411.0
43.5
336.0
105.0
300.0
399.0
139.5
465.0
145.5
376.5
258.0
244.5
442.5
468.0
240.0
433.5
189.0
90.0
393.0
372.0
213.0
70.5
414.0
420.0
370.5
90.0
219.0
171.0
138.0
483.0
349.5
162.0
412.5
465.0
205.5
319.5
289.5
409.5
438.0
129.0
312.0
312.0
93.0
238.5
460.5
432.0
324.0
115.5
322.5
378.0
286.5
261.0
478.5
151.5
276.0
262.5
367.5
417.0
271.5
411.0
160.5
444.0
492.0
28.5
258.0
442.5
307.5
394.5
345.0
340.5
402.0
432.0
396.0
10.5
378.0
414.0
259.5
277.5
444.0
291.0
289.5
436.5
294.0
349.5
265.5
142.5
373.5
361.5
256.5
396.0
477.0
276.0
325.5
147.0
334.5
228.0
132.0
226.5
456.0
373.5
63.0
120.0
472.5
424.5
396.0
381.0
448.5
256.5
420.0
291.0
400.5
235.5
171.0
459.0
403.5
409.5
66.0
444.0
210.0
271.5
163.5
222.0
187.5
82.5
102.0
33.0
64.5
309.0
348.0
435.0
507.0
217.5
331.5
403.5
402.0
418.5
135.0
166.5
286.5
448.5
478.5
381.0
213.0
429.0
379.5
246.0
454.5
126.0
289.5
102.0
252.0
414.0
352.5
390.0
304.5
451.5
195.0
205.5
432.0
498.0
126.0
438.0
177.0
445.5
349.5
435.0
342.0
303.0
321.0
162.0
369.0
180.0
367.5
97.5
432.0
156.0
412.5
462.0
288.0
120.0
180.0
331.5
96.0
384.0
436.5
274.5
363.0
205.5
127.5
195.0
241.5
106.5
432.0
63.0
415.5
222.0
238.5
280.5
265.5
337.5
124.5
150.0
211.5
280.5
334.5
199.5
93.0
336.0
240.0
183.0
25.5
370.5
309.0
214.5
228.0
75.0
301.5
132.0
243.0
324.0
313.5
132.0
438.0
108.0
75.0
258.0
370.5
385.5
363.0
58.5
69.0
253.5
255.0
340.5
417.0
438.0
454.5
426.0
274.5
463.5
301.5
129.0
217.5
84.0
291.0
382.5
397.5
144.0
45.0
145.5
271.5
384.0
226.5
351.0
391.5
328.5
264.0
280.5
342.0
286.5
441.0
433.5
187.5
153.0
319.5
141.0
460.5
304.5
144.0
241.5
394.5
160.5
391.5
244.5
400.5
202.5
231.0
220.5
481.5
280.5
370.5
303.0
270.0
367.5
268.5
232.5
103.5
456.0
298.5
45.0
102.0
234.0
432.0
426.0
261.0
216.0
469.5
363.0
78.0
123.0
406.5
411.0
471.0
432.0
327.0
310.5
12.0
186.0
111.0
124.5
82.5
199.5
372.0
186.0
310.5
490.5
279.0
24.0
136.5
91.5
87.0
325.5
190.5
298.5
144.0
231.0
273.0
433.5
345.0
384.0
259.5
256.5
217.5
283.5
271.5
111.0
373.5
237.0
436.5
421.5
418.5
381.0
177.0
189.0
129.0
294.0
363.0
210.0
423.0
357.0
157.5
78.0
502.5
352.5
343.5
390.0
163.5
247.5
436.5
274.5
66.0
27.0
456.0
391.5
496.5
43.5
49.5
150.0
115.5
357.0
375.0
286.5
102.0
306.0
414.0
364.5
183.0
262.5
379.5
396.0
138.0
111.0
382.5
210.0
249.0
364.5
238.5
96.0
84.0
286.5
133.5
405.0
130.5
427.5
412.5
246.0
373.5
462.0
103.5
241.5
444.0
448.5
318.0
495.0
471.0
448.5
187.5
249.0
396.0
244.5
436.5
381.0
423.0
382.5
379.5
196.5
97.5
183.0
219.0
465.0
141.0
118.5
346.5
330.0
466.5
31.5
309.0
141.0
222.0
433.5
181.5
114.0
88.5
55.5
331.5
349.5
282.0
439.5
234.0
234.0
442.5
415.5
361.5
115.5
172.5
493.5
438.0
262.5
201.0
361.5
114.0
495.0
490.5
471.0
58.5
24.0
307.5
465.0
112.5
130.5
421.5
366.0
7.5
351.0
457.5
214.5
418.5
205.5
286.5
139.5
252.0
438.0
123.0
268.5
124.5
205.5
136.5
468.0
375.0
124.5
421.5
150.0
40.5
78.0
406.5
357.0
474.0
439.5
7.5
480.0
256.5
415.5
378.0
205.5
225.0
181.5
208.5
241.5
114.0
243.0
288.0
379.5
103.5
421.5
60.0
348.0
75.0
270.0
133.5
318.0
456.0
382.5
132.0
450.0
444.0
351.0
309.0
90.0
372.0
457.5
219.0
286.5
114.0
427.5
472.5
415.5
432.0
120.0
322.5
387.0
108.0
355.5
259.5
99.0
181.5
144.0
382.5
364.5
477.0
162.0
144.0
192.0
337.5
430.5
481.5
390.0
208.5
421.5
402.0
102.0
103.5
411.0
334.5
154.5
345.0
376.5
373.5
250.5
142.5
390.0
306.0
484.5
384.0
259.5
424.5
63.0
267.0
61.5
421.5
457.5
409.5
381.0
330.0
247.5
153.0
217.5
168.0
430.5
151.5
408.0
457.5
351.0
150.0
420.0
100.5
97.5
327.0
363.0
286.5
273.0
439.5
85.5
481.5
223.5
369.0
433.5
439.5
417.0
456.0
198.0
249.0
118.5
70.5
357.0
202.5
282.0
360.0
96.0
427.5
450.0
214.5
486.0
285.0
298.5
435.0
109.5
348.0
315.0
472.5
436.5
286.5
138.0
220.5
396.0
267.0
394.5
348.0
351.0
300.0
355.5
262.5
177.0
93.0
345.0
244.5
55.5
292.5
97.5
363.0
63.0
430.5
144.0
181.5
387.0
361.5
444.0
271.5
9.0
81.0
133.5
324.0
79.5
220.5
85.5
376.5
73.5
309.0
403.5
325.5
369.0
307.5
261.0
373.5
96.0
369.0
444.0
265.5
387.0
16.5
264.0
423.0
178.5
459.0
501.0
39.0
304.5
277.5
489.0
318.0
244.5
342.0
334.5
351.0
373.5
63.0
372.0
372.0
322.5
63.0
423.0
82.5
238.5
370.5
133.5
282.0
406.5
150.0
378.0
313.5
148.5
433.5
466.5
415.5
306.0
94.5
354.0
355.5
223.5
132.0
372.0
106.5
84.0
411.0
343.5
433.5
187.5
96.0
49.5
436.5
241.5
259.5
256.5
150.0
430.5
39.0
135.0
60.0
123.0
276.0
427.5
406.5
258.0
229.5
301.5
169.5
36.0
313.5
250.5
391.5
133.5
139.5
414.0
490.5
430.5
313.5
186.0
234.0
403.5
301.5
306.0
426.0
354.0
300.0
355.5
139.5
166.5
427.5
408.0
420.0
52.5
339.0
361.5
361.5
309.0
351.0
85.5
355.5
184.5
306.0
352.5
460.5
379.5
360.0
288.0
421.5
268.5
462.0
286.5
42.0
126.0
171.0
321.0
298.5
337.5
354.0
432.0
337.5
348.0
136.5
426.0
123.0
340.5
246.0
436.5
108.0
322.5
442.5
382.5
382.5
318.0
252.0
429.0
402.0
394.5
361.5
261.0
180.0
150.0
265.5
177.0
379.5
301.5
279.0
130.5
435.0
67.5
231.0
309.0
87.0
378.0
148.5
172.5
373.5
202.5
211.5
283.5
480.0
321.0
376.5
346.5
91.5
288.0
387.0
49.5
375.0
468.0
312.0
229.5
316.5
331.5
127.5
199.5
220.5
112.5
69.0
340.5
423.0
295.5
156.0
417.0
376.5
450.0
436.5
381.0
351.0
244.5
477.0
162.0
126.0
132.0
342.0
436.5
127.5
393.0
346.5
159.0
144.0
258.0
448.5
303.0
336.0
232.5
181.5
400.5
448.5
472.5
385.5
216.0
349.5
454.5
414.0
312.0
406.5
391.5
415.5
286.5
10.5
379.5
460.5
379.5
142.5
354.0
148.5
232.5
273.0
336.0
247.5
307.5
466.5
262.5
246.0
277.5
255.0
448.5
319.5
430.5
241.5
219.0
82.5
397.5
6.0
166.5
255.0
382.5
225.0
346.5
369.0
318.0
357.0
424.5
426.0
265.5
172.5
301.5
402.0
297.0
492.0
331.5
417.0
417.0
148.5
208.5
354.0
471.0
295.5
309.0
451.5
378.0
372.0
216.0
397.5
340.5
288.0
370.5
169.5
433.5
321.0
216.0
160.5
364.5
255.0
318.0
384.0
55.5
459.0
196.5
99.0
99.0
51.0
93.0
435.0
388.5
403.5
451.5
435.0
220.5
147.0
382.5
139.5
18.0
397.5
297.0
306.0
396.0
250.5
225.0
195.0
315.0
280.5
64.5
331.5
423.0
72.0
366.0
325.5
337.5
96.0
225.0
390.0
408.0
402.0
478.5
313.5
157.5
262.5
343.5
256.5
172.5
214.5
66.0
435.0
235.5
373.5
460.5
426.0
427.5
402.0
91.5
75.0
219.0
115.5
372.0
214.5
295.5
352.5
159.0
115.5
256.5
187.5
403.5
424.5
87.0
198.0
88.5
58.5
445.5
385.5
400.5
54.0
370.5
247.5
192.0
306.0
331.5
310.5
228.0
171.0
397.5
97.5
373.5
118.5
124.5
60.0
97.5
487.5
99.0
388.5
169.5
291.0
441.0
82.5
442.5
291.0
102.0
285.0
91.5
246.0
396.0
175.5
391.5
327.0
352.5
25.5
391.5
394.5
292.5
151.5
435.0
483.0
129.0
141.0
316.5
448.5
339.0
184.5
381.0
403.5
195.0
421.5
334.5
162.0
442.5
207.0
336.0
373.5
184.5
409.5
133.5
433.5
312.0
366.0
94.5
148.5
411.0
150.0
294.0
267.0
411.0
286.5
79.5
417.0
397.5
295.5
432.0
172.5
342.0
96.0
463.5
475.5
435.0
462.0
267.0
33.0
124.5
169.5
436.5
442.5
120.0
139.5
123.0
165.0
396.0
175.5
379.5
157.5
127.5
415.5
411.0
187.5
393.0
51.0
312.0
276.0
157.5
102.0
354.0
355.5
301.5
457.5
117.0
397.5
303.0
330.0
187.5
358.5
198.0
211.5
243.0
439.5
225.0
25.5
420.0
301.5
432.0
507.0
373.5
339.0
117.0
436.5
390.0
399.0
391.5
435.0
328.5
480.0
459.0
286.5
316.5
424.5
151.5
190.5
198.0
198.0
426.0
483.0
375.0
405.0
25.5
181.5
21.0
327.0
249.0
178.5
210.0
333.0
264.0
103.5
324.0
462.0
145.5
354.0
27.0
285.0
145.5
219.0
214.5
117.0
294.0
324.0
378.0
246.0
231.0
351.0
445.5
276.0
400.5
259.5
340.5
433.5
285.0
367.5
39.0
73.5
307.5
126.0
99.0
300.0
97.5
312.0
342.0
181.5
267.0
468.0
351.0
147.0
157.5
364.5
180.0
424.5
367.5
139.5
324.0
243.0
201.0
214.5
340.5
421.5
150.0
397.5
457.5
441.0
271.5
388.5
108.0
241.5
429.0
286.5
75.0
412.5
331.5
333.0
486.0
312.0
175.5
426.0
321.0
391.5
210.0
186.0
261.0
363.0
450.0
366.0
145.5
430.5
355.5
171.0
321.0
264.0
180.0
499.5
487.5
421.5
66.0
453.0
67.5
226.5
402.0
241.5
120.0
319.5
226.5
349.5
274.5
373.5
202.5
304.5
298.5
241.5
127.5
498.0
381.0
441.0
165.0
189.0
88.5
69.0
274.5
292.5
174.0
442.5
139.5
399.0
442.5
88.5
379.5
409.5
211.5
75.0
190.5
84.0
399.0
339.0
186.0
261.0
295.5
370.5
286.5
360.0
103.5
136.5
480.0
325.5
249.0
400.5
219.0
280.5
145.5
366.0
313.5
156.0
145.5
240.0
271.5
312.0
265.5
391.5
385.5
490.5
150.0
186.0
381.0
381.0
349.5
358.5
315.0
469.5
199.5
354.0
387.0
430.5
345.0
346.5
91.5
397.5
409.5
357.0
379.5
175.5
408.0
382.5
355.5
382.5
84.0
138.0
210.0
126.0
123.0
402.0
370.5
229.5
442.5
310.5
339.0
280.5
462.0
135.0
295.5
396.0
433.5
96.0
342.0
274.5
312.0
139.5
222.0
316.5
439.5
436.5
154.5
357.0
37.5
211.5
169.5
123.0
327.0
325.5
106.5
123.0
355.5
379.5
181.5
39.0
159.0
106.5
100.5
78.0
285.0
153.0
93.0
384.0
460.5
234.0
354.0
163.5
117.0
460.5
376.5
171.0
355.5
384.0
417.0
388.5
387.0
361.5
345.0
405.0
324.0
352.5
238.5
217.5
262.5
132.0
409.5
403.5
343.5
424.5
294.0
484.5
204.0
130.5
112.5
340.5
375.0
127.5
196.5
255.0
417.0
48.0
460.5
267.0
454.5
355.5
307.5
153.0
436.5
277.5
441.0
453.0
450.0
102.0
102.0
364.5
373.5
28.5
259.5
424.5
408.0
39.0
220.5
312.0
303.0
421.5
388.5
100.5
439.5
184.5
369.0
354.0
249.0
225.0
289.5
459.0
349.5
400.5
43.5
222.0
409.5
159.0
274.5
282.0
253.5
489.0
330.0
192.0
324.0
304.5
46.5
348.0
159.0
157.5
168.0
418.5
424.5
265.5
366.0
298.5
412.5
438.0
61.5
360.0
249.0
321.0
34.5
387.0
240.0
423.0
321.0
237.0
241.5
399.0
181.5
430.5
400.5
96.0
120.0
244.5
453.0
274.5
436.5
451.5
286.5
87.0
415.5
342.0
309.0
394.5
409.5
141.0
358.5
274.5
420.0
333.0
445.5
316.5
430.5
426.0
408.0
231.0
384.0
367.5
435.0
405.0
262.5
142.5
111.0
72.0
186.0
372.0
235.5
318.0
487.5
477.0
399.0
379.5
298.5
45.0
103.5
337.5
352.5
409.5
324.0
24.0
109.5
399.0
252.0
262.5
247.5
421.5
163.5
436.5
166.5
88.5
103.5
297.0
120.0
370.5
241.5
345.0
447.0
490.5
373.5
397.5
147.0
271.5
109.5
468.0
231.0
376.5
195.0
183.0
352.5
436.5
264.0
388.5
120.0
337.5
366.0
9.0
288.0
319.5
330.0
88.5
57.0
372.0
81.0
315.0
126.0
241.5
87.0
417.0
205.5
484.5
321.0
372.0
442.5
148.5
247.5
462.0
196.5
118.5
153.0
295.5
451.5
130.5
321.0
447.0
252.0
448.5
445.5
243.0
139.5
417.0
231.0
97.5
183.0
381.0
370.5
385.5
426.0
415.5
55.5
474.0
147.0
418.5
403.5
378.0
97.5
103.5
27.0
54.0
402.0
357.0
391.5
235.5
54.0
282.0
45.0
405.0
426.0
333.0
133.5
142.5
144.0
175.5
45.0
370.5
409.5
139.5
328.5
343.5
21.0
319.5
396.0
393.0
415.5
114.0
382.5
363.0
330.0
229.5
375.0
303.0
337.5
382.5
111.0
379.5
427.5
427.5
439.5
240.0
132.0
349.5
388.5
220.5
408.0
306.0
91.5
454.5
310.5
357.0
382.5
400.5
345.0
417.0
84.0
379.5
156.0
384.0
120.0
456.0
261.0
307.5
322.5
279.0
97.5
279.0
132.0
420.0
310.5
109.5
400.5
403.5
118.5
108.0
154.5
273.0
448.5
385.5
448.5
213.0
277.5
163.5
180.0
250.5
168.0
366.0
129.0
168.0
306.0
45.0
391.5
238.5
114.0
178.5
382.5
468.0
105.0
426.0
378.0
376.5
46.5
409.5
55.5
292.5
186.0
429.0
181.5
306.0
210.0
103.5
234.0
334.5
354.0
274.5
312.0
348.0
328.5
427.5
315.0
336.0
46.5
468.0
262.5
322.5
157.5
382.5
352.5
270.0
190.5
396.0
423.0
108.0
310.5
387.0
148.5
94.5
333.0
120.0
244.5
165.0
96.0
138.0
402.0
264.0
430.5
322.5
211.5
238.5
165.0
372.0
117.0
192.0
388.5
294.0
261.0
292.5
93.0
285.0
184.5
307.5
160.5
345.0
417.0
115.5
391.5
450.0
138.0
249.0
289.5
108.0
388.5
109.5
166.5
361.5
219.0
388.5
195.0
441.0
163.5
381.0
303.0
423.0
457.5
360.0
229.5
142.5
394.5
397.5
304.5
117.0
399.0
453.0
315.0
318.0
219.0
459.0
265.5
253.5
157.5
429.0
403.5
471.0
100.5
105.0
246.0
255.0
322.5
340.5
301.5
292.5
390.0
333.0
292.5
97.5
187.5
448.5
319.5
349.5
115.5
397.5
436.5
489.0
352.5
133.5
294.0
375.0
289.5
385.5
433.5
393.0
375.0
166.5
178.5
300.0
207.0
292.5
42.0
472.5
313.5
208.5
175.5
99.0
123.0
157.5
381.0
346.5
187.5
138.0
348.0
282.0
463.5
231.0
207.0
219.0
340.5
259.5
34.5
394.5
190.5
309.0
346.5
502.5
306.0
201.0
204.0
331.5
244.5
342.0
60.0
409.5
370.5
418.5
315.0
64.5
168.0
408.0
312.0
250.5
460.5
235.5
78.0
339.0
276.0
520.5
175.5
448.5
271.5
103.5
321.0
303.0
325.5
156.0
334.5
175.5
453.0
508.5
286.5
105.0
264.0
315.0
414.0
259.5
438.0
391.5
393.0
267.0
457.5
381.0
198.0
49.5
354.0
223.5
397.5
204.0
261.0
265.5
246.0
93.0
457.5
339.0
352.5
460.5
436.5
376.5
381.0
192.0
108.0
343.5
169.5
243.0
423.0
108.0
120.0
193.5
112.5
166.5
91.5
115.5
253.5
379.5
459.0
375.0
40.5
249.0
180.0
133.5
414.0
192.0
315.0
187.5
70.5
375.0
118.5
268.5
196.5
202.5
393.0
255.0
454.5
307.5
301.5
387.0
399.0
118.5
397.5
34.5
441.0
346.5
262.5
414.0
145.5
60.0
295.5
370.5
184.5
433.5
396.0
421.5
418.5
171.0
139.5
459.0
163.5
189.0
118.5
187.5
396.0
241.5
22.5
286.5
103.5
409.5
246.0
87.0
486.0
403.5
439.5
229.5
445.5
253.5
252.0
184.5
159.0
172.5
168.0
235.5
244.5
391.5
295.5
358.5
103.5
328.5
307.5
304.5
94.5
411.0
370.5
298.5
163.5
412.5
339.0
327.0
325.5
250.5
426.0
475.5
309.0
24.0
402.0
208.5
363.0
210.0
454.5
298.5
108.0
133.5
427.5
310.5
427.5
43.5
394.5
120.0
406.5
159.0
94.5
277.5
154.5
235.5
373.5
370.5
438.0
361.5
382.5
96.0
385.5
420.0
294.0
148.5
258.0
225.0
136.5
313.5
418.5
76.5
316.5
145.5
286.5
453.0
463.5
426.0
397.5
391.5
147.0
408.0
234.0
193.5
336.0
141.0
408.0
343.5
438.0
301.5
295.5
328.5
357.0
307.5
363.0
457.5
270.0
387.0
289.5
172.5
475.5
195.0
426.0
192.0
346.5
355.5
312.0
282.0
243.0
334.5
205.5
204.0
259.5
268.5
481.5
384.0
426.0
448.5
409.5
445.5
33.0
378.0
357.0
60.0
450.0
444.0
87.0
199.5
178.5
189.0
426.0
352.5
216.0
258.0
340.5
310.5
213.0
226.5
334.5
493.5
79.5
288.0
439.5
378.0
204.0
400.5
453.0
430.5
376.5
183.0
96.0
474.0
387.0
210.0
433.5
97.5
105.0
429.0
373.5
61.5
348.0
283.5
381.0
238.5
466.5
429.0
39.0
460.5
99.0
42.0
49.5
96.0
304.5
435.0
445.5
322.5
382.5
282.0
387.0
381.0
174.0
421.5
334.5
337.5
327.0
460.5
238.5
247.5
369.0
264.0
324.0
331.5
460.5
307.5
246.0
295.5
444.0
297.0
102.0
261.0
318.0
147.0
237.0
183.0
396.0
321.0
247.5
301.5
97.5
364.5
361.5
117.0
394.5
294.0
457.5
355.5
43.5
435.0
438.0
354.0
201.0
282.0
142.5
384.0
168.0
337.5
379.5
61.5
405.0
306.0
457.5
433.5
346.5
54.0
345.0
360.0
381.0
462.0
186.0
79.5
69.0
381.0
84.0
268.5
210.0
210.0
270.0
288.0
228.0
450.0
105.0
450.0
300.0
408.0
150.0
171.0
354.0
265.5
487.5
351.0
279.0
346.5
406.5
322.5
64.5
397.5
25.5
388.5
204.0
427.5
420.0
427.5
387.0
88.5
391.5
273.0
189.0
283.5
421.5
414.0
276.0
61.5
330.0
436.5
9.0
174.0
453.0
460.5
367.5
348.0
249.0
316.5
438.0
447.0
264.0
301.5
76.5
369.0
240.0
286.5
304.5
157.5
345.0
483.0
285.0
205.5
159.0
256.5
352.5
421.5
363.0
223.5
327.0
468.0
108.0
300.0
376.5
355.5
352.5
399.0
267.0
355.5
504.0
322.5
138.0
279.0
321.0
117.0
363.0
99.0
331.5
87.0
196.5
249.0
64.5
414.0
358.5
444.0
444.0
34.5
289.5
157.5
387.0
241.5
94.5
466.5
448.5
340.5
457.5
469.5
384.0
268.5
402.0
181.5
94.5
117.0
144.0
180.0
289.5
192.0
384.0
204.0
447.0
264.0
186.0
174.0
385.5
91.5
144.0
315.0
415.5
187.5
262.5
115.5
432.0
379.5
397.5
306.0
109.5
171.0
253.5
208.5
421.5
144.0
223.5
124.5
352.5
372.0
184.5
123.0
58.5
67.5
145.5
403.5
315.0
198.0
343.5
333.0
310.5
451.5
312.0
388.5
331.5
114.0
334.5
85.5
82.5
145.5
339.0
366.0
357.0
210.0
363.0
240.0
456.0
213.0
49.5
369.0
360.0
300.0
103.5
478.5
369.0
495.0
406.5
229.5
169.5
396.0
354.0
237.0
453.0
402.0
460.5
294.0
304.5
303.0
210.0
114.0
129.0
10.5
66.0
292.5
259.5
462.0
444.0
205.5
451.5
288.0
406.5
382.5
247.5
471.0
159.0
97.5
202.5
211.5
343.5
408.0
310.5
481.5
379.5
342.0
226.5
133.5
189.0
54.0
351.0
225.0
411.0
438.0
142.5
432.0
357.0
276.0
340.5
258.0
355.5
430.5
225.0
423.0
454.5
69.0
306.0
153.0
352.5
346.5
432.0
142.5
378.0
100.5
232.5
457.5
481.5
303.0
151.5
49.5
202.5
201.0
453.0
391.5
126.0
367.5
396.0
399.0
327.0
48.0
330.0
393.0
27.0
216.0
460.5
249.0
156.0
235.5
459.0
315.0
445.5
391.5
304.5
481.5
127.5
55.5
126.0
60.0
315.0
414.0
115.5
388.5
396.0
291.0
262.5
58.5
144.0
253.5
345.0
364.5
366.0
111.0
109.5
189.0
121.5
22.5
351.0
355.5
145.5
210.0
150.0
357.0
370.5
334.5
355.5
411.0
108.0
304.5
76.5
184.5
255.0
85.5
250.5
115.5
217.5
90.0
450.0
357.0
358.5
136.5
427.5
196.5
60.0
297.0
438.0
307.5
199.5
418.5
232.5
121.5
367.5
316.5
322.5
280.5
240.0
391.5
270.0
301.5
334.5
441.0
147.0
189.0
127.5
435.0
253.5
106.5
487.5
324.0
402.0
129.0
129.0
358.5
153.0
394.5
376.5
121.5
339.0
415.5
276.0
144.0
330.0
339.0
448.5
177.0
184.5
283.5
108.0
417.0
121.5
310.5
106.5
384.0
171.0
192.0
55.5
178.5
88.5
298.5
256.5
228.0
429.0
250.5
82.5
325.5
412.5
429.0
336.0
165.0
82.5
186.0
424.5
297.0
120.0
283.5
427.5
141.0
183.0
223.5
346.5
328.5
192.0
328.5
292.5
186.0
177.0
489.0
376.5
247.5
235.5
394.5
337.5
339.0
136.5
189.0
385.5
448.5
469.5
307.5
444.0
364.5
490.5
412.5
100.5
307.5
319.5
349.5
334.5
288.0
418.5
451.5
82.5
133.5
286.5
168.0
321.0
48.0
363.0
421.5
394.5
391.5
244.5
468.0
145.5
471.0
199.5
151.5
405.0
306.0
292.5
373.5
393.0
144.0
403.5
486.0
418.5
360.0
345.0
393.0
79.5
487.5
297.0
415.5
238.5
322.5
331.5
384.0
303.0
417.0
189.0
285.0
217.5
426.0
94.5
375.0
447.0
372.0
57.0
478.5
186.0
391.5
490.5
400.5
177.0
421.5
400.5
456.0
456.0
382.5
289.5
46.5
217.5
426.0
162.0
379.5
474.0
321.0
93.0
367.5
300.0
421.5
249.0
198.0
450.0
339.0
390.0
265.5
345.0
295.5
274.5
162.0
304.5
339.0
430.5
448.5
420.0
469.5
202.5
223.5
135.0
129.0
157.5
484.5
91.5
364.5
166.5
487.5
283.5
40.5
160.5
369.0
232.5
468.0
505.5
334.5
409.5
442.5
111.0
82.5
264.0
67.5
444.0
234.0
202.5
403.5
340.5
319.5
271.5
219.0
153.0
172.5
235.5
154.5
214.5
396.0
45.0
427.5
267.0
147.0
355.5
184.5
280.5
187.5
415.5
448.5
415.5
400.5
456.0
111.0
375.0
439.5
448.5
414.0
171.0
421.5
403.5
79.5
187.5
127.5
435.0
300.0
489.0
313.5
55.5
403.5
168.0
25.5
381.0
468.0
184.5
403.5
478.5
102.0
361.5
180.0
339.0
430.5
439.5
193.5
436.5
357.0
277.5
456.0
243.0
111.0
295.5
262.5
243.0
391.5
471.0
361.5
403.5
207.0
354.0
157.5
382.5
411.0
375.0
486.0
354.0
226.5
199.5
274.5
325.5
313.5
253.5
331.5
421.5
54.0
210.0
259.5
342.0
375.0
424.5
139.5
229.5
480.0
120.0
328.5
433.5
463.5
153.0
424.5
414.0
190.5
396.0
177.0
138.0
271.5
345.0
30.0
436.5
354.0
175.5
247.5
424.5
445.5
438.0
63.0
375.0
121.5
472.5
303.0
120.0
367.5
214.5
339.0
163.5
192.0
382.5
429.0
373.5
235.5
94.5
459.0
220.5
346.5
481.5
417.0
363.0
298.5
465.0
289.5
390.0
414.0
315.0
379.5
147.0
370.5
331.5
369.0
30.0
424.5
441.0
52.5
276.0
205.5
241.5
190.5
307.5
241.5
340.5
403.5
219.0
424.5
346.5
309.0
292.5
96.0
208.5
313.5
319.5
427.5
439.5
121.5
96.0
276.0
217.5
457.5
102.0
270.0
85.5
324.0
381.0
103.5
312.0
466.5
442.5
373.5
165.0
222.0
267.0
466.5
205.5
408.0
312.0
157.5
333.0
304.5
217.5
180.0
232.5
483.0
474.0
457.5
423.0
46.5
199.5
408.0
235.5
301.5
373.5
273.0
496.5
313.5
249.0
396.0
244.5
280.5
400.5
262.5
385.5
115.5
403.5
181.5
276.0
115.5
132.0
313.5
402.0
444.0
351.0
273.0
409.5
300.0
292.5
421.5
345.0
51.0
229.5
507.0
388.5
405.0
351.0
471.0
420.0
144.0
169.5
283.5
283.5
384.0
291.0
109.5
223.5
141.0
123.0
139.5
348.0
97.5
303.0
324.0
432.0
171.0
91.5
399.0
430.5
409.5
408.0
67.5
465.0
118.5
363.0
42.0
132.0
142.5
409.5
357.0
367.5
285.0
301.5
274.5
402.0
49.5
196.5
363.0
282.0
393.0
306.0
318.0
463.5
279.0
336.0
184.5
24.0
331.5
90.0
156.0
433.5
358.5
471.0
346.5
354.0
94.5
249.0
378.0
120.0
417.0
244.5
261.0
361.5
205.5
408.0
393.0
315.0
438.0
67.5
345.0
123.0
454.5
285.0
253.5
220.5
105.0
159.0
49.5
288.0
435.0
385.5
450.0
67.5
409.5
463.5
442.5
270.0
349.5
277.5
327.0
277.5
336.0
132.0
249.0
229.5
217.5
138.0
300.0
213.0
423.0
354.0
490.5
135.0
210.0
355.5
355.5
151.5
96.0
205.5
193.5
54.0
348.0
366.0
411.0
246.0
418.5
118.5
246.0
423.0
414.0
433.5
255.0
43.5
112.5
256.5
453.0
478.5
118.5
142.5
174.0
204.0
258.0
91.5
175.5
475.5
40.5
33.0
337.5
88.5
231.0
333.0
274.5
238.5
465.0
477.0
363.0
463.5
475.5
421.5
453.0
474.0
310.5
304.5
273.0
82.5
103.5
454.5
388.5
370.5
304.5
423.0
466.5
64.5
375.0
342.0
180.0
364.5
205.5
313.5
453.0
348.0
427.5
340.5
277.5
303.0
390.0
117.0
390.0
358.5
351.0
402.0
157.5
123.0
310.5
345.0
285.0
129.0
345.0
265.5
465.0
177.0
234.0
300.0
163.5
405.0
271.5
66.0
268.5
196.5
363.0
288.0
276.0
271.5
237.0
424.5
45.0
378.0
73.5
175.5
390.0
336.0
280.5
268.5
135.0
334.5
358.5
375.0
231.0
73.5
267.0
147.0
499.5
30.0
57.0
411.0
207.0
502.5
138.0
81.0
370.5
36.0
309.0
162.0
246.0
73.5
261.0
417.0
423.0
283.5
256.5
480.0
337.5
315.0
157.5
240.0
309.0
262.5
466.5
73.5
325.5
246.0
252.0
148.5
193.5
424.5
99.0
124.5
360.0
412.5
319.5
477.0
282.0
112.5
304.5
297.0
316.5
208.5
207.0
268.5
216.0
126.0
234.0
450.0
399.0
109.5
309.0
81.0
331.5
70.5
87.0
397.5
303.0
436.5
223.5
426.0
40.5
468.0
117.0
388.5
436.5
399.0
210.0
385.5
414.0
58.5
121.5
145.5
457.5
406.5
130.5
126.0
193.5
367.5
469.5
270.0
327.0
217.5
352.5
384.0
283.5
126.0
226.5
286.5
138.0
354.0
441.0
241.5
256.5
469.5
96.0
444.0
403.5
451.5
201.0
300.0
54.0
367.5
435.0
298.5
280.5
193.5
376.5
304.5
409.5
442.5
351.0
378.0
391.5
175.5
369.0
30.0
324.0
417.0
432.0
349.5
339.0
87.0
121.5
396.0
196.5
108.0
429.0
120.0
166.5
109.5
463.5
369.0
249.0
372.0
483.0
127.5
250.5
28.5
40.5
40.5
228.0
457.5
432.0
136.5
288.0
111.0
133.5
373.5
339.0
151.5
421.5
204.0
144.0
283.5
399.0
85.5
184.5
357.0
274.5
421.5
280.5
444.0
160.5
258.0
238.5
199.5
373.5
225.0
52.5
429.0
388.5
262.5
226.5
18.0
480.0
123.0
301.5
445.5
453.0
202.5
432.0
316.5
343.5
267.0
382.5
343.5
394.5
444.0
142.5
297.0
169.5
430.5
58.5
330.0
109.5
366.0
28.5
276.0
111.0
285.0
268.5
214.5
363.0
429.0
301.5
501.0
399.0
279.0
393.0
420.0
442.5
103.5
459.0
235.5
483.0
327.0
130.5
442.5
379.5
169.5
54.0
286.5
331.5
436.5
372.0
238.5
354.0
340.5
51.0
339.0
370.5
214.5
426.0
348.0
259.5
244.5
121.5
219.0
417.0
369.0
316.5
126.0
81.0
195.0
448.5
381.0
292.5
381.0
312.0
295.5
198.0
468.0
447.0
354.0
85.5
72.0
279.0
246.0
280.5
313.5
358.5
91.5
195.0
126.0
340.5
333.0
159.0
427.5
378.0
208.5
157.5
300.0
360.0
465.0
463.5
343.5
459.0
345.0
367.5
207.0
462.0
402.0
96.0
433.5
381.0
394.5
312.0
322.5
361.5
115.5
216.0
360.0
450.0
363.0
132.0
291.0
273.0
144.0
333.0
444.0
334.5
285.0
343.5
318.0
279.0
238.5
309.0
411.0
289.5
225.0
403.5
337.5
84.0
309.0
418.5
232.5
246.0
406.5
172.5
358.5
171.0
343.5
400.5
85.5
451.5
354.0
81.0
312.0
325.5
259.5
144.0
54.0
99.0
439.5
276.0
429.0
231.0
102.0
370.5
246.0
444.0
133.5
297.0
156.0
186.0
336.0
471.0
73.5
421.5
259.5
408.0
420.0
169.5
381.0
315.0
69.0
90.0
468.0
343.5
64.5
235.5
412.5
402.0
372.0
247.5
382.5
454.5
348.0
280.5
142.5
181.5
241.5
379.5
205.5
139.5
163.5
445.5
309.0
381.0
340.5
88.5
148.5
199.5
307.5
192.0
363.0
307.5
73.5
270.0
249.0
315.0
396.0
375.0
424.5
414.0
459.0
252.0
411.0
253.5
360.0
376.5
369.0
298.5
441.0
84.0
222.0
381.0
93.0
168.0
415.5
61.5
480.0
387.0
364.5
117.0
264.0
18.0
297.0
447.0
136.5
301.5
109.5
337.5
192.0
421.5
145.5
277.5
57.0
382.5
294.0
196.5
102.0
175.5
304.5
129.0
429.0
49.5
73.5
292.5
267.0
184.5
361.5
340.5
51.0
319.5
190.5
241.5
336.0
489.0
147.0
130.5
138.0
453.0
451.5
478.5
469.5
430.5
261.0
412.5
295.5
328.5
319.5
48.0
243.0
177.0
141.0
172.5
357.0
330.0
310.5
240.0
45.0
376.5
412.5
459.0
453.0
138.0
241.5
117.0
148.5
22.5
231.0
327.0
235.5
301.5
477.0
67.5
307.5
57.0
289.5
466.5
270.0
465.0
222.0
411.0
445.5
267.0
136.5
333.0
417.0
385.5
450.0
231.0
163.5
99.0
87.0
316.5
451.5
241.5
147.0
444.0
168.0
258.0
76.5
493.5
456.0
318.0
330.0
430.5
321.0
105.0
138.0
291.0
130.5
223.5
462.0
453.0
279.0
130.5
163.5
256.5
385.5
385.5
397.5
360.0
336.0
114.0
66.0
171.0
408.0
375.0
153.0
442.5
93.0
433.5
357.0
90.0
316.5
255.0
223.5
156.0
111.0
391.5
171.0
222.0
207.0
265.5
28.5
277.5
330.0
273.0
109.5
151.5
177.0
78.0
298.5
421.5
420.0
304.5
457.5
354.0
244.5
381.0
154.5
19.5
132.0
199.5
100.5
277.5
324.0
168.0
133.5
67.5
369.0
426.0
126.0
67.5
448.5
198.0
441.0
423.0
139.5
435.0
184.5
168.0
292.5
288.0
487.5
261.0
267.0
381.0
333.0
258.0
223.5
226.5
387.0
400.5
400.5
222.0
145.5
313.5
343.5
343.5
121.5
379.5
438.0
363.0
154.5
291.0
81.0
454.5
343.5
444.0
361.5
142.5
111.0
397.5
330.0
357.0
294.0
10.5
336.0
285.0
454.5
220.5
349.5
232.5
159.0
153.0
438.0
70.5
102.0
288.0
130.5
52.5
442.5
153.0
387.0
438.0
360.0
343.5
81.0
369.0
310.5
490.5
276.0
442.5
76.5
114.0
76.5
148.5
304.5
435.0
141.0
172.5
258.0
87.0
274.5
198.0
127.5
447.0
132.0
471.0
337.5
382.5
108.0
117.0
121.5
208.5
373.5
70.5
357.0
415.5
313.5
388.5
265.5
369.0
445.5
369.0
298.5
157.5
343.5
211.5
342.0
406.5
307.5
145.5
82.5
454.5
291.0
169.5
265.5
211.5
399.0
417.0
244.5
322.5
414.0
108.0
351.0
316.5
177.0
31.5
258.0
448.5
171.0
270.0
264.0
336.0
325.5
418.5
187.5
288.0
415.5
145.5
345.0
279.0
297.0
219.0
409.5
430.5
61.5
328.5
48.0
217.5
315.0
391.5
430.5
472.5
226.5
348.0
232.5
460.5
348.0
205.5
388.5
310.5
303.0
429.0
292.5
370.5
148.5
462.0
211.5
279.0
346.5
195.0
213.0
439.5
348.0
330.0
481.5
306.0
166.5
405.0
379.5
211.5
124.5
384.0
159.0
405.0
399.0
474.0
414.0
100.5
214.5
192.0
178.5
306.0
298.5
330.0
145.5
39.0
240.0
340.5
217.5
33.0
255.0
478.5
258.0
126.0
211.5
400.5
499.5
402.0
468.0
232.5
85.5
315.0
193.5
318.0
240.0
249.0
238.5
294.0
240.0
115.5
99.0
49.5
96.0
75.0
294.0
372.0
430.5
130.5
102.0
439.5
64.5
202.5
225.0
453.0
79.5
72.0
178.5
102.0
379.5
169.5
253.5
375.0
166.5
225.0
324.0
243.0
108.0
349.5
106.5
117.0
273.0
262.5
165.0
253.5
252.0
372.0
376.5
388.5
439.5
406.5
276.0
373.5
135.0
328.5
232.5
22.5
429.0
226.5
346.5
316.5
64.5
406.5
162.0
402.0
450.0
318.0
250.5
135.0
21.0
124.5
139.5
393.0
54.0
220.5
360.0
259.5
327.0
373.5
345.0
358.5
360.0
313.5
306.0
207.0
229.5
484.5
94.5
217.5
115.5
475.5
435.0
363.0
121.5
351.0
444.0
333.0
330.0
166.5
163.5
309.0
115.5
471.0
456.0
165.0
373.5
412.5
408.0
309.0
85.5
72.0
424.5
420.0
346.5
229.5
436.5
414.0
390.0
52.5
355.5
193.5
432.0
423.0
363.0
280.5
276.0
99.0
430.5
97.5
130.5
321.0
258.0
124.5
234.0
420.0
141.0
102.0
309.0
463.5
487.5
186.0
382.5
456.0
90.0
343.5
102.0
297.0
306.0
169.5
414.0
228.0
252.0
252.0
120.0
384.0
399.0
330.0
67.5
367.5
462.0
423.0
181.5
180.0
217.5
414.0
97.5
267.0
283.5
408.0
466.5
393.0
67.5
294.0
486.0
322.5
370.5
298.5
375.0
156.0
393.0
372.0
163.5
460.5
298.5
87.0
475.5
348.0
165.0
433.5
387.0
292.5
226.5
435.0
423.0
360.0
46.5
148.5
462.0
292.5
379.5
490.5
301.5
295.5
277.5
432.0
201.0
444.0
376.5
121.5
72.0
181.5
249.0
307.5
121.5
301.5
201.0
417.0
168.0
306.0
178.5
126.0
106.5
205.5
436.5
42.0
280.5
426.0
285.0
390.0
90.0
169.5
330.0
456.0
342.0
112.5
261.0
192.0
378.0
192.0
196.5
301.5
439.5
418.5
456.0
213.0
354.0
343.5
183.0
381.0
337.5
342.0
268.5
285.0
334.5
394.5
430.5
234.0
417.0
213.0
199.5
111.0
265.5
166.5
79.5
385.5
163.5
93.0
237.0
151.5
196.5
343.5
72.0
231.0
217.5
235.5
180.0
426.0
31.5
415.5
204.0
468.0
177.0
129.0
408.0
247.5
373.5
315.0
481.5
99.0
474.0
205.5
265.5
174.0
196.5
253.5
262.5
103.5
325.5
238.5
367.5
306.0
409.5
385.5
246.0
82.5
220.5
85.5
379.5
448.5
144.0
342.0
294.0
129.0
180.0
460.5
396.0
415.5
333.0
78.0
112.5
102.0
114.0
114.0
55.5
120.0
301.5
168.0
400.5
423.0
247.5
135.0
51.0
456.0
400.5
102.0
258.0
298.5
451.5
133.5
300.0
138.0
346.5
166.5
280.5
366.0
312.0
328.5
196.5
436.5
151.5
442.5
219.0
151.5
105.0
178.5
352.5
421.5
390.0
280.5
219.0
250.5
138.0
315.0
274.5
258.0
411.0
403.5
241.5
286.5
433.5
394.5
208.5
447.0
343.5
178.5
129.0
282.0
363.0
421.5
145.5
355.5
417.0
256.5
82.5
396.0
418.5
219.0
336.0
225.0
130.5
451.5
45.0
432.0
118.5
343.5
151.5
321.0
145.5
289.5
400.5
267.0
463.5
331.5
78.0
271.5
412.5
382.5
7.5
424.5
339.0
399.0
331.5
153.0
25.5
69.0
394.5
403.5
100.5
360.0
313.5
382.5
204.0
252.0
231.0
451.5
339.0
385.5
313.5
376.5
276.0
336.0
367.5
258.0
166.5
291.0
319.5
102.0
207.0
331.5
180.0
391.5
169.5
204.0
220.5
333.0
220.5
417.0
196.5
324.0
16.5
514.5
469.5
234.0
354.0
297.0
310.5
196.5
162.0
90.0
292.5
204.0
403.5
481.5
297.0
135.0
165.0
76.5
156.0
357.0
393.0
115.5
358.5
411.0
388.5
342.0
183.0
327.0
337.5
366.0
348.0
277.5
429.0
94.5
411.0
430.5
369.0
336.0
472.5
234.0
96.0
54.0
153.0
126.0
241.5
460.5
129.0
450.0
397.5
193.5
33.0
151.5
358.5
364.5
295.5
414.0
462.0
468.0
84.0
276.0
231.0
235.5
274.5
400.5
411.0
268.5
415.5
450.0
201.0
381.0
396.0
108.0
253.5
346.5
220.5
