81.0
94.5
220.5
121.5
210.0
70.5
270.0
142.5
165.0
48.0
267.0
28.5
190.5
286.5
432.0
298.5
220.5
225.0
136.5
88.5
166.5
367.5
196.5
162.0
330.0
111.0
328.5
45.0
54.0
307.5
51.0
81.0
174.0
217.5
189.0
231.0
466.5
85.5
63.0
40.5
117.0
139.5
211.5
250.5
103.5
196.5
127.5
196.5
10.5
237.0
144.0
90.0
252.0
235.5
205.5
150.0
117.0
144.0
73.5
40.5
328.5
334.5
127.5
318.0
141.0
118.5
142.5
99.0
150.0
279.0
97.5
210.0
40.5
340.5
82.5
115.5
73.5
31.5
94.5
148.5
132.0
384.0
129.0
147.0
343.5
90.0
115.5
6.0
325.5
345.0
141.0
213.0
262.5
339.0
114.0
102.0
61.5
55.5
123.0
117.0
57.0
114.0
220.5
136.5
144.0
184.5
400.5
111.0
58.5
126.0
46.5
10.5
190.5
162.0
58.5
142.5
94.5
135.0
114.0
226.5
52.5
100.5
90.0
357.0
93.0
345.0
198.0
297.0
250.5
202.5
127.5
274.5
226.5
58.5
85.5
120.0
60.0
147.0
145.5
264.0
204.0
127.5
31.5
139.5
111.0
420.0
288.0
271.5
387.0
43.5
238.5
108.0
69.0
39.0
282.0
127.5
63.0
85.5
57.0
139.5
427.5
16.5
57.0
153.0
216.0
232.5
151.5
120.0
399.0
60.0
165.0
310.5
159.0
67.5
150.0
142.5
223.5
208.5
352.5
82.5
160.5
79.5
121.5
298.5
51.0
31.5
108.0
39.0
322.5
190.5
162.0
352.5
241.5
61.5
178.5
126.0
205.5
249.0
90.0
135.0
102.0
70.5
19.5
33.0
351.0
73.5
279.0
459.0
273.0
147.0
105.0
145.5
390.0
273.0
306.0
330.0
85.5
54.0
267.0
153.0
30.0
25.5
361.5
270.0
148.5
72.0
238.5
291.0
99.0
183.0
169.5
88.5
355.5
288.0
84.0
100.5
160.5
150.0
406.5
214.5
37.5
391.5
64.5
91.5
123.0
75.0
247.5
249.0
222.0
111.0
192.0
204.0
123.0
88.5
102.0
139.5
178.5
241.5
66.0
39.0
304.5
69.0
141.0
142.5
60.0
54.0
61.5
210.0
175.5
162.0
60.0
84.0
115.5
187.5
360.0
294.0
21.0
264.0
48.0
103.5
106.5
106.5
114.0
202.5
43.5
132.0
330.0
153.0
175.5
43.5
192.0
168.0
241.5
136.5
63.0
111.0
103.5
60.0
223.5
376.5
222.0
163.5
360.0
228.0
403.5
285.0
19.5
133.5
178.5
36.0
312.0
141.0
123.0
130.5
87.0
126.0
298.5
70.5
72.0
177.0
291.0
126.0
216.0
54.0
82.5
183.0
88.5
66.0
241.5
280.5
355.5
142.5
229.5
97.5
282.0
160.5
69.0
79.5
222.0
111.0
126.0
274.5
157.5
115.5
186.0
64.5
276.0
96.0
351.0
286.5
93.0
334.5
435.0
408.0
103.5
171.0
66.0
229.5
97.5
336.0
78.0
156.0
153.0
193.5
141.0
204.0
193.5
130.5
115.5
103.5
36.0
123.0
424.5
145.5
271.5
49.5
255.0
196.5
117.0
324.0
259.5
96.0
418.5
145.5
33.0
39.0
300.0
22.5
87.0
63.0
75.0
355.5
57.0
91.5
355.5
120.0
273.0
93.0
127.5
391.5
115.5
291.0
108.0
81.0
79.5
64.5
232.5
120.0
375.0
223.5
169.5
412.5
31.5
255.0
66.0
60.0
274.5
141.0
102.0
49.5
147.0
246.0
72.0
87.0
294.0
63.0
202.5
75.0
316.5
33.0
201.0
238.5
124.5
118.5
291.0
174.0
69.0
313.5
297.0
168.0
280.5
304.5
319.5
133.5
156.0
261.0
142.5
246.0
43.5
133.5
109.5
246.0
132.0
76.5
181.5
64.5
429.0
105.0
34.5
193.5
61.5
357.0
469.5
181.5
171.0
312.0
117.0
84.0
49.5
160.5
138.0
106.5
57.0
66.0
153.0
114.0
51.0
115.5
126.0
325.5
78.0
387.0
315.0
81.0
166.5
318.0
262.5
351.0
382.5
21.0
346.5
57.0
340.5
118.5
258.0
228.0
45.0
79.5
294.0
163.5
232.5
105.0
334.5
102.0
90.0
151.5
82.5
300.0
270.0
378.0
27.0
63.0
72.0
289.5
255.0
208.5
141.0
228.0
222.0
370.5
67.5
130.5
243.0
199.5
82.5
172.5
33.0
324.0
264.0
117.0
45.0
93.0
15.0
73.5
34.5
267.0
261.0
133.5
225.0
231.0
201.0
162.0
132.0
297.0
75.0
100.5
57.0
168.0
55.5
102.0
136.5
198.0
82.5
301.5
66.0
45.0
69.0
36.0
303.0
148.5
100.5
363.0
121.5
285.0
186.0
108.0
268.5
333.0
64.5
87.0
229.5
267.0
36.0
123.0
180.0
271.5
135.0
126.0
58.5
28.5
106.5
108.0
145.5
46.5
103.5
114.0
345.0
151.5
30.0
121.5
253.5
157.5
214.5
82.5
141.0
216.0
417.0
145.5
52.5
31.5
309.0
360.0
156.0
180.0
238.5
330.0
58.5
67.5
351.0
139.5
225.0
274.5
207.0
99.0
213.0
372.0
100.5
91.5
139.5
213.0
460.5
123.0
157.5
96.0
228.0
289.5
43.5
301.5
10.5
138.0
229.5
294.0
166.5
235.5
70.5
138.0
394.5
49.5
327.0
168.0
84.0
229.5
145.5
79.5
70.5
79.5
45.0
58.5
187.5
294.0
234.0
144.0
219.0
181.5
333.0
186.0
336.0
114.0
108.0
130.5
225.0
244.5
400.5
115.5
307.5
288.0
66.0
115.5
216.0
124.5
313.5
112.5
349.5
93.0
40.5
85.5
73.5
201.0
99.0
55.5
144.0
48.0
265.5
207.0
55.5
42.0
264.0
159.0
409.5
96.0
64.5
342.0
319.5
202.5
181.5
250.5
67.5
115.5
151.5
24.0
262.5
133.5
210.0
216.0
244.5
279.0
127.5
129.0
189.0
394.5
265.5
304.5
94.5
372.0
79.5
100.5
79.5
144.0
274.5
79.5
28.5
400.5
192.0
43.5
58.5
115.5
97.5
132.0
217.5
159.0
358.5
160.5
108.0
159.0
63.0
45.0
109.5
69.0
85.5
207.0
295.5
147.0
469.5
241.5
336.0
90.0
118.5
87.0
133.5
325.5
283.5
349.5
426.0
412.5
85.5
141.0
204.0
337.5
256.5
187.5
195.0
222.0
447.0
183.0
30.0
72.0
243.0
231.0
301.5
211.5
325.5
250.5
58.5
105.0
198.0
205.5
85.5
18.0
49.5
73.5
67.5
201.0
57.0
186.0
52.5
462.0
271.5
90.0
136.5
58.5
231.0
66.0
82.5
151.5
322.5
366.0
145.5
36.0
141.0
154.5
264.0
78.0
408.0
72.0
72.0
180.0
186.0
42.0
247.5
235.5
280.5
25.5
42.0
159.0
136.5
72.0
52.5
274.5
174.0
151.5
85.5
36.0
253.5
138.0
40.5
276.0
67.5
244.5
294.0
265.5
66.0
333.0
241.5
420.0
252.0
382.5
193.5
300.0
219.0
112.5
106.5
78.0
102.0
213.0
300.0
204.0
391.5
67.5
198.0
324.0
178.5
157.5
85.5
210.0
181.5
205.5
208.5
303.0
252.0
54.0
111.0
259.5
109.5
102.0
115.5
385.5
57.0
70.5
70.5
202.5
112.5
198.0
424.5
336.0
357.0
120.0
45.0
291.0
145.5
247.5
373.5
70.5
288.0
106.5
279.0
78.0
199.5
108.0
342.0
61.5
43.5
76.5
208.5
70.5
195.0
219.0
258.0
312.0
159.0
163.5
259.5
162.0
271.5
63.0
60.0
349.5
97.5
61.5
223.5
306.0
55.5
64.5
43.5
108.0
9.0
72.0
169.5
307.5
76.5
244.5
106.5
259.5
355.5
54.0
268.5
333.0
115.5
130.5
421.5
37.5
151.5
109.5
330.0
109.5
93.0
54.0
67.5
106.5
324.0
96.0
52.5
165.0
139.5
130.5
15.0
45.0
235.5
177.0
67.5
33.0
175.5
312.0
130.5
165.0
133.5
103.5
214.5
298.5
94.5
136.5
115.5
19.5
339.0
220.5
265.5
82.5
142.5
219.0
237.0
210.0
163.5
102.0
265.5
309.0
220.5
424.5
231.0
225.0
181.5
171.0
249.0
52.5
52.5
114.0
106.5
171.0
100.5
274.5
169.5
28.5
234.0
79.5
93.0
276.0
87.0
168.0
24.0
226.5
367.5
225.0
393.0
219.0
187.5
55.5
30.0
183.0
90.0
84.0
351.0
325.5
39.0
90.0
256.5
313.5
237.0
264.0
130.5
154.5
129.0
70.5
175.5
117.0
30.0
400.5
150.0
190.5
216.0
120.0
217.5
327.0
124.5
166.5
237.0
126.0
223.5
262.5
159.0
57.0
166.5
154.5
138.0
247.5
157.5
190.5
207.0
166.5
156.0
169.5
201.0
406.5
288.0
232.5
163.5
249.0
51.0
409.5
46.5
102.0
112.5
109.5
159.0
246.0
52.5
163.5
88.5
148.5
225.0
234.0
156.0
307.5
237.0
379.5
214.5
94.5
97.5
366.0
174.0
34.5
85.5
70.5
61.5
84.0
82.5
150.0
303.0
184.5
172.5
57.0
288.0
75.0
199.5
46.5
81.0
28.5
58.5
286.5
79.5
424.5
258.0
307.5
103.5
115.5
229.5
133.5
421.5
127.5
88.5
217.5
196.5
288.0
349.5
250.5
52.5
85.5
55.5
211.5
63.0
346.5
90.0
132.0
235.5
100.5
114.0
31.5
337.5
301.5
60.0
175.5
58.5
76.5
108.0
243.0
279.0
196.5
168.0
105.0
400.5
37.5
48.0
234.0
42.0
402.0
204.0
421.5
228.0
60.0
309.0
273.0
133.5
148.5
52.5
345.0
217.5
127.5
312.0
193.5
117.0
342.0
178.5
25.5
31.5
48.0
103.5
403.5
30.0
61.5
276.0
93.0
222.0
201.0
252.0
310.5
417.0
132.0
166.5
267.0
432.0
262.5
51.0
141.0
66.0
319.5
76.5
132.0
16.5
45.0
190.5
414.0
175.5
274.5
457.5
100.5
112.5
52.5
123.0
181.5
241.5
208.5
78.0
66.0
331.5
219.0
348.0
261.0
111.0
121.5
265.5
420.0
153.0
100.5
73.5
63.0
88.5
208.5
64.5
265.5
151.5
295.5
69.0
115.5
151.5
79.5
93.0
141.0
54.0
228.0
145.5
193.5
438.0
49.5
252.0
115.5
379.5
235.5
96.0
336.0
151.5
70.5
130.5
117.0
148.5
207.0
84.0
22.5
100.5
240.0
204.0
49.5
219.0
201.0
324.0
75.0
202.5
325.5
16.5
169.5
10.5
210.0
151.5
94.5
229.5
277.5
70.5
88.5
121.5
237.0
178.5
79.5
166.5
22.5
361.5
33.0
159.0
109.5
232.5
93.0
318.0
66.0
177.0
159.0
154.5
184.5
163.5
211.5
201.0
7.5
358.5
63.0
339.0
330.0
253.5
243.0
132.0
117.0
252.0
52.5
421.5
264.0
183.0
159.0
79.5
84.0
81.0
160.5
162.0
298.5
210.0
115.5
78.0
54.0
327.0
55.5
463.5
423.0
96.0
192.0
94.5
61.5
207.0
177.0
325.5
273.0
130.5
151.5
31.5
157.5
307.5
271.5
265.5
330.0
267.0
348.0
195.0
207.0
75.0
58.5
166.5
216.0
277.5
226.5
172.5
97.5
31.5
334.5
276.0
234.0
117.0
66.0
76.5
181.5
60.0
55.5
210.0
138.0
256.5
180.0
70.5
45.0
105.0
52.5
360.0
118.5
157.5
93.0
346.5
358.5
99.0
300.0
82.5
193.5
337.5
112.5
258.0
94.5
90.0
33.0
256.5
301.5
202.5
34.5
136.5
97.5
28.5
234.0
154.5
379.5
60.0
322.5
52.5
85.5
46.5
270.0
81.0
7.5
228.0
282.0
48.0
279.0
265.5
400.5
130.5
376.5
160.5
213.0
87.0
390.0
127.5
76.5
217.5
226.5
174.0
93.0
13.5
271.5
112.5
115.5
33.0
241.5
396.0
115.5
79.5
214.5
276.0
429.0
178.5
67.5
234.0
105.0
55.5
42.0
34.5
105.0
310.5
216.0
262.5
81.0
366.0
159.0
31.5
145.5
115.5
63.0
79.5
423.0
267.0
238.5
151.5
105.0
231.0
144.0
298.5
120.0
415.5
316.5
64.5
321.0
205.5
145.5
258.0
237.0
172.5
76.5
292.5
253.5
367.5
117.0
174.0
174.0
27.0
112.5
382.5
118.5
162.0
297.0
189.0
135.0
82.5
322.5
249.0
211.5
226.5
34.5
196.5
160.5
156.0
363.0
244.5
91.5
181.5
70.5
106.5
274.5
166.5
205.5
141.0
169.5
166.5
424.5
1.5
186.0
72.0
175.5
43.5
253.5
211.5
108.0
153.0
220.5
102.0
361.5
199.5
96.0
285.0
303.0
106.5
255.0
225.0
63.0
49.5
112.5
195.0
196.5
75.0
339.0
174.0
99.0
150.0
123.0
142.5
112.5
270.0
238.5
223.5
48.0
66.0
103.5
255.0
252.0
408.0
309.0
376.5
48.0
180.0
213.0
126.0
97.5
142.5
144.0
154.5
144.0
124.5
180.0
207.0
288.0
400.5
355.5
76.5
148.5
102.0
174.0
366.0
117.0
36.0
336.0
298.5
75.0
264.0
138.0
219.0
111.0
216.0
234.0
331.5
133.5
174.0
28.5
337.5
258.0
384.0
21.0
99.0
225.0
330.0
154.5
150.0
147.0
163.5
30.0
259.5
411.0
100.5
367.5
63.0
160.5
108.0
93.0
216.0
178.5
129.0
174.0
243.0
195.0
165.0
184.5
450.0
241.5
171.0
166.5
225.0
150.0
138.0
196.5
292.5
9.0
238.5
333.0
415.5
198.0
294.0
39.0
397.5
58.5
18.0
432.0
34.5
231.0
313.5
319.5
315.0
42.0
37.5
268.5
129.0
390.0
391.5
82.5
226.5
247.5
378.0
285.0
243.0
246.0
88.5
166.5
76.5
214.5
238.5
93.0
24.0
117.0
234.0
354.0
138.0
132.0
364.5
91.5
87.0
186.0
298.5
129.0
109.5
225.0
3.0
396.0
282.0
202.5
78.0
268.5
148.5
93.0
208.5
91.5
231.0
64.5
82.5
235.5
169.5
144.0
190.5
120.0
193.5
288.0
258.0
154.5
267.0
342.0
418.5
105.0
97.5
102.0
49.5
244.5
306.0
157.5
37.5
133.5
291.0
252.0
255.0
300.0
93.0
279.0
141.0
309.0
349.5
121.5
123.0
271.5
66.0
153.0
3.0
180.0
4.5
355.5
187.5
27.0
105.0
147.0
109.5
142.5
183.0
267.0
96.0
282.0
205.5
88.5
181.5
64.5
43.5
225.0
150.0
318.0
279.0
132.0
241.5
324.0
313.5
141.0
454.5
121.5
171.0
79.5
36.0
151.5
166.5
163.5
382.5
118.5
300.0
198.0
292.5
144.0
207.0
207.0
255.0
97.5
49.5
232.5
201.0
118.5
150.0
54.0
124.5
315.0
120.0
82.5
123.0
156.0
355.5
142.5
42.0
94.5
31.5
57.0
163.5
84.0
126.0
139.5
84.0
384.0
144.0
106.5
207.0
238.5
303.0
93.0
300.0
37.5
402.0
316.5
166.5
403.5
79.5
213.0
193.5
148.5
55.5
27.0
60.0
39.0
162.0
66.0
126.0
57.0
126.0
262.5
439.5
259.5
295.5
141.0
91.5
258.0
21.0
111.0
183.0
154.5
154.5
231.0
139.5
348.0
234.0
217.5
25.5
9.0
339.0
186.0
94.5
145.5
208.5
124.5
120.0
76.5
150.0
280.5
133.5
57.0
307.5
367.5
168.0
117.0
18.0
213.0
88.5
19.5
270.0
295.5
349.5
153.0
196.5
400.5
339.0
55.5
52.5
123.0
64.5
270.0
82.5
69.0
120.0
226.5
177.0
108.0
357.0
406.5
186.0
169.5
64.5
117.0
166.5
76.5
258.0
108.0
52.5
216.0
37.5
385.5
81.0
364.5
205.5
49.5
142.5
181.5
76.5
303.0
114.0
228.0
172.5
117.0
96.0
267.0
63.0
204.0
246.0
345.0
262.5
165.0
216.0
87.0
186.0
279.0
118.5
73.5
145.5
21.0
264.0
85.5
73.5
193.5
258.0
159.0
240.0
61.5
93.0
235.5
88.5
61.5
36.0
274.5
105.0
64.5
165.0
66.0
184.5
150.0
432.0
295.5
124.5
57.0
124.5
121.5
166.5
225.0
87.0
321.0
121.5
63.0
102.0
142.5
52.5
336.0
273.0
82.5
88.5
154.5
199.5
82.5
199.5
234.0
201.0
211.5
31.5
432.0
382.5
252.0
124.5
307.5
226.5
384.0
49.5
180.0
382.5
177.0
316.5
108.0
153.0
333.0
135.0
165.0
31.5
55.5
292.5
253.5
79.5
118.5
276.0
64.5
147.0
108.0
57.0
192.0
66.0
22.5
99.0
318.0
385.5
282.0
180.0
226.5
135.0
246.0
73.5
117.0
286.5
157.5
82.5
253.5
318.0
160.5
181.5
222.0
243.0
42.0
181.5
159.0
213.0
87.0
130.5
253.5
249.0
67.5
148.5
184.5
213.0
327.0
142.5
292.5
448.5
126.0
322.5
108.0
232.5
48.0
429.0
202.5
141.0
366.0
336.0
94.5
246.0
153.0
385.5
144.0
187.5
234.0
453.0
387.0
322.5
151.5
105.0
81.0
298.5
69.0
181.5
169.5
201.0
48.0
129.0
133.5
199.5
126.0
255.0
216.0
259.5
265.5
205.5
79.5
253.5
244.5
288.0
331.5
138.0
165.0
79.5
379.5
108.0
49.5
294.0
193.5
264.0
109.5
244.5
207.0
55.5
103.5
162.0
280.5
87.0
90.0
85.5
180.0
61.5
189.0
45.0
223.5
37.5
79.5
183.0
201.0
378.0
138.0
24.0
127.5
124.5
133.5
105.0
103.5
271.5
127.5
172.5
205.5
193.5
165.0
322.5
70.5
225.0
79.5
196.5
205.5
97.5
232.5
162.0
250.5
229.5
115.5
69.0
364.5
40.5
174.0
183.0
64.5
40.5
12.0
145.5
160.5
300.0
184.5
222.0
60.0
75.0
61.5
313.5
283.5
363.0
100.5
124.5
186.0
117.0
151.5
66.0
105.0
334.5
148.5
346.5
262.5
268.5
63.0
270.0
241.5
367.5
160.5
76.5
147.0
301.5
379.5
198.0
75.0
412.5
346.5
202.5
240.0
126.0
73.5
31.5
202.5
213.0
60.0
282.0
115.5
18.0
139.5
204.0
157.5
78.0
37.5
126.0
240.0
241.5
81.0
298.5
45.0
168.0
340.5
265.5
147.0
151.5
309.0
154.5
75.0
123.0
34.5
148.5
175.5
121.5
190.5
69.0
283.5
220.5
289.5
120.0
286.5
199.5
31.5
357.0
184.5
211.5
166.5
109.5
315.0
123.0
177.0
79.5
211.5
303.0
63.0
108.0
57.0
37.5
97.5
313.5
181.5
270.0
112.5
310.5
124.5
40.5
37.5
109.5
171.0
112.5
76.5
166.5
82.5
310.5
225.0
280.5
304.5
100.5
120.0
211.5
208.5
52.5
118.5
151.5
103.5
288.0
298.5
66.0
363.0
348.0
241.5
112.5
331.5
336.0
70.5
360.0
46.5
289.5
99.0
193.5
60.0
52.5
66.0
181.5
75.0
144.0
150.0
76.5
109.5
156.0
141.0
73.5
243.0
61.5
255.0
118.5
339.0
117.0
201.0
45.0
205.5
379.5
253.5
91.5
360.0
438.0
72.0
141.0
124.5
186.0
273.0
217.5
370.5
183.0
240.0
351.0
46.5
69.0
25.5
255.0
294.0
136.5
135.0
174.0
343.5
85.5
156.0
73.5
334.5
79.5
49.5
162.0
123.0
151.5
94.5
76.5
405.0
352.5
111.0
130.5
124.5
250.5
207.0
183.0
111.0
166.5
355.5
165.0
213.0
310.5
75.0
69.0
184.5
72.0
39.0
177.0
337.5
48.0
18.0
84.0
246.0
253.5
277.5
105.0
100.5
21.0
148.5
246.0
64.5
75.0
321.0
88.5
274.5
219.0
144.0
129.0
25.5
121.5
208.5
151.5
192.0
280.5
132.0
346.5
60.0
354.0
358.5
57.0
207.0
307.5
150.0
168.0
253.5
318.0
21.0
90.0
193.5
117.0
55.5
97.5
234.0
85.5
181.5
333.0
21.0
130.5
100.5
159.0
91.5
57.0
51.0
216.0
76.5
202.5
189.0
193.5
168.0
60.0
87.0
180.0
67.5
241.5
226.5
97.5
85.5
400.5
223.5
216.0
145.5
144.0
346.5
78.0
286.5
366.0
81.0
322.5
165.0
96.0
378.0
162.0
174.0
24.0
24.0
367.5
73.5
420.0
87.0
415.5
165.0
409.5
274.5
283.5
117.0
148.5
177.0
43.5
225.0
72.0
196.5
61.5
102.0
247.5
120.0
55.5
414.0
258.0
295.5
118.5
79.5
361.5
120.0
162.0
117.0
42.0
273.0
252.0
168.0
319.5
51.0
108.0
243.0
153.0
114.0
201.0
163.5
193.5
78.0
151.5
162.0
160.5
148.5
15.0
93.0
229.5
166.5
162.0
87.0
237.0
165.0
45.0
115.5
66.0
127.5
132.0
286.5
159.0
214.5
220.5
208.5
63.0
391.5
181.5
60.0
79.5
232.5
106.5
90.0
306.0
141.0
52.5
162.0
243.0
87.0
70.5
205.5
43.5
333.0
151.5
246.0
81.0
252.0
46.5
43.5
255.0
310.5
70.5
238.5
114.0
249.0
99.0
63.0
196.5
333.0
129.0
198.0
441.0
79.5
133.5
454.5
69.0
115.5
37.5
87.0
42.0
244.5
75.0
87.0
153.0
417.0
61.5
52.5
114.0
222.0
310.5
19.5
291.0
352.5
81.0
156.0
406.5
51.0
198.0
127.5
150.0
18.0
346.5
292.5
328.5
46.5
292.5
291.0
315.0
291.0
90.0
108.0
154.5
411.0
106.5
157.5
397.5
415.5
291.0
172.5
76.5
382.5
289.5
192.0
160.5
81.0
166.5
31.5
172.5
253.5
162.0
120.0
66.0
327.0
232.5
87.0
183.0
355.5
154.5
162.0
427.5
384.0
348.0
138.0
328.5
253.5
87.0
30.0
204.0
171.0
52.5
318.0
4.5
228.0
82.5
411.0
171.0
78.0
60.0
358.5
174.0
138.0
201.0
376.5
139.5
160.5
135.0
87.0
85.5
100.5
240.0
85.5
187.5
255.0
118.5
75.0
226.5
258.0
190.5
138.0
391.5
240.0
90.0
244.5
219.0
379.5
159.0
73.5
49.5
75.0
345.0
81.0
18.0
175.5
192.0
73.5
367.5
399.0
28.5
195.0
130.5
102.0
261.0
127.5
366.0
85.5
181.5
300.0
96.0
99.0
82.5
147.0
240.0
420.0
75.0
58.5
132.0
103.5
258.0
81.0
421.5
144.0
367.5
91.5
246.0
349.5
100.5
120.0
351.0
237.0
156.0
85.5
246.0
100.5
216.0
130.5
25.5
51.0
82.5
130.5
106.5
138.0
133.5
364.5
297.0
175.5
189.0
7.5
123.0
124.5
175.5
109.5
78.0
199.5
70.5
153.0
175.5
58.5
301.5
220.5
478.5
84.0
159.0
63.0
78.0
240.0
111.0
75.0
78.0
243.0
376.5
135.0
369.0
330.0
394.5
45.0
111.0
132.0
85.5
342.0
99.0
124.5
150.0
259.5
283.5
153.0
372.0
349.5
181.5
97.5
205.5
61.5
97.5
82.5
132.0
79.5
55.5
250.5
270.0
267.0
12.0
280.5
138.0
75.0
100.5
268.5
174.0
30.0
168.0
58.5
186.0
156.0
30.0
175.5
138.0
328.5
115.5
94.5
403.5
231.0
334.5
69.0
109.5
121.5
115.5
126.0
199.5
138.0
298.5
306.0
301.5
435.0
388.5
4.5
109.5
105.0
13.5
244.5
229.5
274.5
363.0
69.0
177.0
55.5
331.5
247.5
223.5
198.0
154.5
103.5
39.0
159.0
228.0
232.5
138.0
76.5
285.0
160.5
244.5
261.0
93.0
177.0
142.5
102.0
336.0
159.0
111.0
177.0
342.0
136.5
21.0
249.0
349.5
387.0
81.0
217.5
309.0
195.0
210.0
294.0
130.5
63.0
124.5
277.5
99.0
124.5
297.0
126.0
115.5
390.0
301.5
457.5
207.0
217.5
249.0
111.0
75.0
255.0
223.5
82.5
195.0
18.0
97.5
171.0
141.0
232.5
133.5
91.5
381.0
195.0
207.0
85.5
78.0
75.0
349.5
136.5
313.5
45.0
120.0
213.0
414.0
115.5
312.0
237.0
237.0
204.0
111.0
249.0
123.0
70.5
132.0
291.0
75.0
150.0
112.5
136.5
186.0
408.0
324.0
142.5
333.0
105.0
258.0
54.0
75.0
163.5
63.0
220.5
243.0
27.0
259.5
405.0
28.5
130.5
37.5
91.5
214.5
195.0
31.5
177.0
376.5
84.0
76.5
162.0
76.5
166.5
123.0
70.5
99.0
184.5
151.5
315.0
97.5
283.5
168.0
100.5
126.0
33.0
79.5
46.5
186.0
67.5
244.5
282.0
310.5
190.5
280.5
292.5
237.0
18.0
426.0
51.0
285.0
196.5
75.0
373.5
223.5
297.0
270.0
313.5
45.0
75.0
172.5
283.5
234.0
196.5
108.0
129.0
177.0
54.0
135.0
103.5
190.5
75.0
193.5
73.5
192.0
183.0
163.5
237.0
217.5
70.5
250.5
156.0
63.0
57.0
307.5
138.0
108.0
49.5
69.0
87.0
136.5
127.5
58.5
298.5
67.5
66.0
100.5
106.5
229.5
208.5
87.0
124.5
217.5
210.0
72.0
157.5
73.5
379.5
150.0
178.5
325.5
73.5
61.5
148.5
129.0
129.0
142.5
358.5
33.0
267.0
129.0
189.0
100.5
297.0
322.5
51.0
99.0
232.5
103.5
157.5
409.5
64.5
331.5
280.5
64.5
178.5
141.0
133.5
181.5
33.0
147.0
336.0
294.0
93.0
277.5
93.0
210.0
456.0
214.5
135.0
165.0
262.5
81.0
73.5
321.0
180.0
385.5
58.5
247.5
81.0
222.0
124.5
331.5
97.5
64.5
112.5
135.0
210.0
148.5
78.0
256.5
166.5
75.0
109.5
336.0
148.5
387.0
295.5
264.0
153.0
150.0
241.5
76.5
205.5
267.0
174.0
313.5
91.5
168.0
156.0
268.5
258.0
270.0
171.0
231.0
276.0
141.0
144.0
177.0
154.5
141.0
213.0
139.5
232.5
12.0
255.0
265.5
165.0
123.0
180.0
186.0
117.0
60.0
238.5
64.5
91.5
57.0
88.5
222.0
127.5
96.0
252.0
151.5
220.5
91.5
373.5
277.5
328.5
15.0
75.0
157.5
106.5
327.0
10.5
75.0
153.0
162.0
382.5
145.5
208.5
147.0
156.0
262.5
291.0
31.5
255.0
222.0
180.0
165.0
220.5
81.0
219.0
61.5
141.0
42.0
273.0
171.0
96.0
133.5
210.0
66.0
61.5
289.5
18.0
46.5
265.5
148.5
439.5
171.0
120.0
321.0
76.5
291.0
451.5
318.0
309.0
292.5
222.0
64.5
243.0
240.0
207.0
235.5
427.5
58.5
397.5
391.5
297.0
202.5
49.5
33.0
55.5
66.0
192.0
103.5
292.5
181.5
204.0
36.0
217.5
82.5
91.5
25.5
133.5
132.0
331.5
373.5
118.5
304.5
67.5
235.5
312.0
150.0
69.0
133.5
141.0
87.0
172.5
201.0
405.0
261.0
94.5
99.0
27.0
193.5
312.0
159.0
109.5
55.5
153.0
144.0
265.5
49.5
144.0
241.5
106.5
159.0
184.5
130.5
322.5
202.5
216.0
79.5
220.5
36.0
214.5
142.5
144.0
45.0
130.5
87.0
97.5
81.0
13.5
268.5
475.5
207.0
315.0
169.5
283.5
28.5
235.5
106.5
298.5
103.5
429.0
171.0
277.5
348.0
331.5
249.0
51.0
288.0
141.0
252.0
300.0
99.0
130.5
229.5
232.5
220.5
294.0
250.5
205.5
372.0
360.0
225.0
406.5
75.0
271.5
42.0
141.0
172.5
171.0
198.0
201.0
159.0
265.5
160.5
354.0
300.0
231.0
139.5
322.5
184.5
105.0
279.0
54.0
31.5
133.5
84.0
97.5
154.5
33.0
67.5
300.0
150.0
111.0
28.5
93.0
300.0
214.5
153.0
201.0
261.0
189.0
72.0
16.5
127.5
273.0
69.0
234.0
90.0
78.0
180.0
250.5
198.0
61.5
229.5
22.5
138.0
112.5
37.5
343.5
240.0
397.5
85.5
88.5
303.0
199.5
186.0
348.0
376.5
55.5
156.0
75.0
30.0
231.0
168.0
108.0
261.0
174.0
238.5
70.5
142.5
205.5
90.0
127.5
163.5
175.5
210.0
18.0
79.5
78.0
79.5
79.5
453.0
171.0
351.0
129.0
379.5
136.5
73.5
84.0
256.5
220.5
354.0
225.0
390.0
181.5
64.5
87.0
258.0
145.5
60.0
85.5
160.5
301.5
360.0
19.5
205.5
61.5
96.0
165.0
150.0
45.0
232.5
123.0
58.5
105.0
130.5
195.0
121.5
28.5
12.0
132.0
235.5
166.5
70.5
246.0
303.0
126.0
237.0
42.0
234.0
322.5
120.0
147.0
66.0
175.5
112.5
57.0
147.0
237.0
124.5
418.5
78.0
103.5
376.5
79.5
67.5
244.5
118.5
169.5
219.0
144.0
31.5
198.0
76.5
144.0
18.0
213.0
33.0
382.5
154.5
265.5
79.5
42.0
169.5
45.0
127.5
36.0
67.5
82.5
22.5
76.5
46.5
139.5
190.5
409.5
88.5
273.0
34.5
21.0
178.5
81.0
258.0
58.5
234.0
61.5
112.5
243.0
181.5
63.0
253.5
51.0
139.5
163.5
208.5
333.0
240.0
291.0
262.5
100.5
111.0
246.0
165.0
58.5
90.0
304.5
51.0
276.0
360.0
34.5
136.5
76.5
172.5
145.5
304.5
85.5
103.5
148.5
211.5
304.5
328.5
345.0
145.5
282.0
123.0
261.0
79.5
132.0
343.5
108.0
273.0
87.0
55.5
64.5
252.0
129.0
49.5
327.0
120.0
337.5
280.5
90.0
18.0
145.5
28.5
346.5
213.0
249.0
142.5
195.0
157.5
295.5
165.0
97.5
456.0
85.5
291.0
163.5
120.0
93.0
229.5
217.5
63.0
247.5
220.5
207.0
196.5
255.0
376.5
196.5
229.5
291.0
334.5
223.5
52.5
76.5
201.0
478.5
349.5
166.5
130.5
190.5
228.0
399.0
108.0
55.5
139.5
204.0
273.0
67.5
132.0
292.5
174.0
204.0
103.5
250.5
213.0
25.5
112.5
70.5
228.0
33.0
84.0
183.0
12.0
211.5
15.0
103.5
261.0
289.5
84.0
91.5
46.5
228.0
301.5
247.5
376.5
25.5
58.5
370.5
163.5
43.5
78.0
73.5
330.0
43.5
87.0
154.5
256.5
265.5
354.0
240.0
120.0
316.5
238.5
198.0
270.0
204.0
39.0
252.0
300.0
79.5
229.5
73.5
220.5
204.0
388.5
210.0
75.0
297.0
202.5
132.0
201.0
52.5
1.5
223.5
225.0
118.5
94.5
174.0
277.5
135.0
78.0
145.5
216.0
225.0
262.5
81.0
199.5
286.5
181.5
94.5
39.0
31.5
426.0
118.5
73.5
34.5
97.5
216.0
121.5
253.5
99.0
138.0
201.0
148.5
306.0
268.5
93.0
61.5
31.5
223.5
117.0
46.5
103.5
87.0
300.0
157.5
484.5
259.5
114.0
139.5
342.0
270.0
210.0
115.5
333.0
292.5
57.0
141.0
280.5
87.0
412.5
124.5
85.5
99.0
84.0
79.5
232.5
243.0
216.0
172.5
226.5
121.5
177.0
177.0
229.5
75.0
147.0
54.0
33.0
286.5
193.5
249.0
199.5
63.0
181.5
28.5
28.5
82.5
66.0
213.0
105.0
396.0
391.5
301.5
130.5
133.5
301.5
42.0
237.0
310.5
82.5
132.0
118.5
325.5
204.0
165.0
178.5
163.5
58.5
415.5
37.5
135.0
180.0
121.5
237.0
64.5
76.5
132.0
93.0
138.0
114.0
118.5
102.0
135.0
78.0
196.5
441.0
282.0
204.0
291.0
295.5
313.5
60.0
337.5
165.0
100.5
96.0
69.0
163.5
406.5
130.5
135.0
312.0
271.5
88.5
63.0
222.0
82.5
403.5
93.0
151.5
102.0
166.5
234.0
388.5
330.0
52.5
247.5
13.5
132.0
42.0
403.5
273.0
100.5
157.5
73.5
142.5
54.0
280.5
82.5
210.0
129.0
226.5
429.0
96.0
388.5
67.5
157.5
75.0
249.0
142.5
126.0
90.0
85.5
115.5
165.0
132.0
150.0
298.5
223.5
144.0
78.0
237.0
226.5
184.5
264.0
30.0
213.0
102.0
312.0
172.5
84.0
132.0
291.0
210.0
313.5
69.0
318.0
58.5
199.5
217.5
205.5
91.5
132.0
162.0
198.0
49.5
81.0
252.0
106.5
318.0
144.0
330.0
46.5
217.5
55.5
64.5
265.5
114.0
196.5
204.0
114.0
414.0
157.5
76.5
273.0
70.5
114.0
160.5
333.0
303.0
81.0
201.0
258.0
63.0
78.0
147.0
36.0
93.0
199.5
109.5
175.5
384.0
27.0
72.0
91.5
109.5
93.0
244.5
22.5
30.0
132.0
294.0
271.5
183.0
84.0
244.5
172.5
259.5
369.0
379.5
178.5
129.0
217.5
174.0
427.5
318.0
114.0
126.0
139.5
222.0
289.5
165.0
195.0
207.0
403.5
147.0
247.5
295.5
189.0
121.5
48.0
135.0
133.5
253.5
57.0
84.0
285.0
111.0
76.5
247.5
87.0
166.5
211.5
174.0
391.5
9.0
105.0
34.5
376.5
57.0
213.0
96.0
157.5
112.5
61.5
130.5
177.0
273.0
232.5
159.0
156.0
166.5
219.0
141.0
105.0
124.5
46.5
435.0
202.5
28.5
106.5
139.5
250.5
303.0
219.0
129.0
349.5
132.0
76.5
190.5
73.5
42.0
198.0
81.0
126.0
210.0
81.0
168.0
43.5
111.0
123.0
270.0
76.5
48.0
84.0
54.0
279.0
192.0
76.5
147.0
226.5
285.0
150.0
318.0
39.0
231.0
285.0
103.5
82.5
280.5
261.0
141.0
90.0
187.5
126.0
270.0
96.0
51.0
30.0
372.0
16.5
94.5
385.5
73.5
307.5
309.0
184.5
396.0
196.5
409.5
324.0
100.5
58.5
205.5
273.0
96.0
111.0
102.0
102.0
282.0
150.0
49.5
84.0
64.5
178.5
126.0
102.0
240.0
205.5
231.0
124.5
88.5
90.0
39.0
54.0
283.5
369.0
214.5
219.0
375.0
105.0
76.5
274.5
201.0
187.5
63.0
69.0
186.0
58.5
28.5
171.0
112.5
144.0
202.5
127.5
76.5
115.5
48.0
421.5
315.0
291.0
400.5
216.0
96.0
207.0
132.0
163.5
129.0
49.5
127.5
343.5
192.0
99.0
30.0
297.0
58.5
303.0
399.0
289.5
40.5
58.5
220.5
288.0
171.0
151.5
141.0
130.5
192.0
358.5
276.0
108.0
216.0
99.0
151.5
223.5
141.0
85.5
240.0
106.5
246.0
232.5
54.0
139.5
148.5
220.5
163.5
352.5
222.0
66.0
31.5
63.0
112.5
15.0
402.0
223.5
148.5
180.0
382.5
192.0
145.5
184.5
16.5
72.0
204.0
361.5
70.5
115.5
213.0
367.5
163.5
246.0
141.0
280.5
54.0
163.5
171.0
379.5
175.5
372.0
265.5
196.5
118.5
363.0
345.0
90.0
108.0
291.0
118.5
96.0
279.0
352.5
262.5
189.0
99.0
135.0
286.5
103.5
297.0
391.5
174.0
52.5
33.0
88.5
184.5
129.0
102.0
298.5
190.5
247.5
195.0
264.0
61.5
49.5
336.0
58.5
283.5
87.0
225.0
226.5
69.0
70.5
94.5
364.5
208.5
154.5
207.0
145.5
376.5
178.5
19.5
253.5
265.5
255.0
96.0
93.0
270.0
93.0
426.0
87.0
55.5
178.5
238.5
127.5
97.5
46.5
333.0
285.0
84.0
156.0
220.5
303.0
64.5
426.0
129.0
163.5
462.0
417.0
97.5
141.0
109.5
256.5
297.0
87.0
157.5
141.0
198.0
105.0
328.5
154.5
316.5
100.5
271.5
46.5
138.0
208.5
73.5
304.5
24.0
118.5
300.0
249.0
198.0
273.0
24.0
109.5
126.0
121.5
120.0
46.5
180.0
138.0
117.0
222.0
405.0
91.5
130.5
364.5
252.0
216.0
129.0
426.0
232.5
234.0
189.0
111.0
109.5
201.0
286.5
69.0
166.5
150.0
400.5
205.5
192.0
172.5
36.0
330.0
202.5
124.5
208.5
334.5
394.5
82.5
204.0
120.0
274.5
100.5
147.0
84.0
198.0
168.0
67.5
84.0
34.5
237.0
45.0
202.5
102.0
312.0
58.5
166.5
226.5
157.5
352.5
60.0
136.5
162.0
318.0
87.0
72.0
195.0
253.5
151.5
181.5
94.5
66.0
133.5
76.5
112.5
111.0
30.0
132.0
180.0
292.5
99.0
195.0
121.5
58.5
336.0
112.5
82.5
46.5
141.0
130.5
189.0
369.0
373.5
217.5
397.5
24.0
385.5
432.0
409.5
156.0
120.0
280.5
99.0
36.0
334.5
84.0
117.0
432.0
451.5
118.5
204.0
115.5
232.5
445.5
46.5
106.5
213.0
162.0
60.0
126.0
184.5
225.0
69.0
147.0
190.5
180.0
219.0
141.0
358.5
82.5
259.5
285.0
106.5
145.5
312.0
280.5
181.5
54.0
123.0
144.0
114.0
81.0
265.5
187.5
24.0
247.5
120.0
96.0
145.5
295.5
99.0
286.5
67.5
148.5
81.0
69.0
240.0
138.0
54.0
160.5
333.0
66.0
45.0
33.0
43.5
165.0
34.5
144.0
156.0
271.5
334.5
204.0
280.5
394.5
237.0
178.5
97.5
244.5
138.0
375.0
132.0
69.0
253.5
97.5
258.0
253.5
153.0
57.0
310.5
120.0
162.0
31.5
103.5
84.0
193.5
355.5
166.5
90.0
358.5
141.0
36.0
301.5
319.5
123.0
55.5
109.5
324.0
87.0
243.0
85.5
136.5
129.0
285.0
114.0
115.5
139.5
169.5
243.0
166.5
226.5
288.0
52.5
93.0
129.0
211.5
198.0
351.0
180.0
84.0
132.0
105.0
168.0
201.0
183.0
204.0
66.0
165.0
319.5
151.5
79.5
87.0
171.0
133.5
321.0
141.0
178.5
222.0
255.0
154.5
133.5
358.5
75.0
466.5
39.0
217.5
37.5
198.0
411.0
82.5
201.0
286.5
15.0
138.0
153.0
157.5
112.5
346.5
33.0
193.5
369.0
163.5
202.5
189.0
207.0
168.0
196.5
25.5
220.5
247.5
201.0
259.5
427.5
208.5
166.5
30.0
246.0
198.0
162.0
391.5
120.0
72.0
97.5
130.5
157.5
7.5
165.0
177.0
157.5
78.0
103.5
60.0
160.5
223.5
96.0
438.0
292.5
120.0
70.5
79.5
181.5
42.0
243.0
408.0
57.0
270.0
384.0
289.5
232.5
139.5
214.5
124.5
369.0
315.0
112.5
129.0
135.0
127.5
105.0
154.5
196.5
120.0
336.0
292.5
90.0
87.0
121.5
201.0
169.5
138.0
151.5
217.5
99.0
198.0
219.0
193.5
123.0
171.0
334.5
168.0
196.5
181.5
66.0
66.0
189.0
406.5
76.5
76.5
156.0
49.5
138.0
403.5
202.5
258.0
72.0
58.5
189.0
99.0
183.0
235.5
204.0
123.0
88.5
217.5
190.5
240.0
139.5
267.0
66.0
223.5
334.5
307.5
337.5
79.5
96.0
142.5
15.0
220.5
124.5
255.0
189.0
132.0
174.0
342.0
114.0
115.5
237.0
70.5
91.5
120.0
147.0
135.0
310.5
133.5
220.5
214.5
247.5
148.5
156.0
219.0
163.5
175.5
49.5
210.0
174.0
243.0
91.5
67.5
375.0
67.5
241.5
297.0
169.5
183.0
243.0
100.5
109.5
265.5
138.0
100.5
366.0
85.5
120.0
256.5
199.5
225.0
78.0
397.5
258.0
223.5
57.0
400.5
42.0
61.5
90.0
60.0
70.5
46.5
133.5
168.0
225.0
252.0
376.5
193.5
46.5
112.5
180.0
138.0
69.0
148.5
42.0
109.5
375.0
304.5
21.0
261.0
315.0
240.0
225.0
286.5
283.5
241.5
307.5
141.0
97.5
28.5
189.0
316.5
406.5
256.5
121.5
127.5
192.0
94.5
211.5
261.0
150.0
358.5
181.5
97.5
67.5
337.5
186.0
54.0
67.5
141.0
85.5
94.5
196.5
64.5
18.0
81.0
205.5
78.0
112.5
127.5
267.0
16.5
360.0
226.5
106.5
192.0
118.5
106.5
358.5
316.5
81.0
259.5
63.0
142.5
336.0
166.5
268.5
340.5
85.5
192.0
160.5
282.0
124.5
69.0
259.5
303.0
354.0
280.5
78.0
85.5
9.0
46.5
103.5
142.5
318.0
187.5
13.5
127.5
39.0
270.0
76.5
151.5
82.5
112.5
60.0
241.5
328.5
211.5
288.0
94.5
141.0
43.5
193.5
126.0
126.0
414.0
55.5
219.0
241.5
283.5
445.5
73.5
274.5
153.0
285.0
55.5
307.5
312.0
183.0
163.5
97.5
162.0
18.0
255.0
138.0
192.0
25.5
265.5
333.0
117.0
57.0
157.5
105.0
148.5
63.0
217.5
51.0
79.5
253.5
85.5
163.5
99.0
112.5
100.5
118.5
285.0
43.5
226.5
124.5
94.5
201.0
379.5
271.5
271.5
54.0
259.5
31.5
324.0
72.0
79.5
339.0
36.0
109.5
130.5
150.0
190.5
133.5
129.0
7.5
265.5
45.0
474.0
100.5
87.0
370.5
223.5
67.5
133.5
70.5
354.0
130.5
142.5
145.5
132.0
342.0
421.5
378.0
247.5
319.5
237.0
18.0
354.0
211.5
22.5
250.5
48.0
298.5
288.0
280.5
42.0
174.0
240.0
81.0
375.0
145.5
90.0
111.0
370.5
153.0
223.5
184.5
172.5
217.5
147.0
142.5
96.0
73.5
108.0
144.0
315.0
147.0
58.5
283.5
58.5
205.5
286.5
232.5
217.5
33.0
123.0
163.5
96.0
33.0
109.5
163.5
300.0
249.0
112.5
126.0
118.5
79.5
292.5
103.5
363.0
271.5
229.5
178.5
135.0
274.5
145.5
111.0
13.5
99.0
316.5
210.0
103.5
70.5
220.5
88.5
25.5
106.5
52.5
91.5
142.5
21.0
58.5
61.5
69.0
112.5
18.0
160.5
97.5
142.5
219.0
64.5
331.5
238.5
100.5
337.5
111.0
