369.0
249.0
136.5
262.5
205.5
75.0
334.5
136.5
34.5
87.0
100.5
180.0
40.5
151.5
63.0
112.5
114.0
186.0
87.0
99.0
153.0
25.5
100.5
112.5
37.5
97.5
99.0
193.5
229.5
270.0
142.5
114.0
471.0
259.5
163.5
105.0
229.5
67.5
135.0
84.0
163.5
135.0
169.5
148.5
136.5
72.0
289.5
55.5
87.0
94.5
147.0
61.5
271.5
123.0
72.0
87.0
93.0
171.0
12.0
120.0
301.5
91.5
118.5
324.0
33.0
76.5
126.0
147.0
271.5
109.5
256.5
78.0
150.0
220.5
156.0
264.0
184.5
55.5
111.0
270.0
151.5
154.5
169.5
108.0
115.5
199.5
223.5
157.5
118.5
276.0
220.5
48.0
97.5
282.0
361.5
79.5
105.0
94.5
135.0
64.5
232.5
40.5
42.0
237.0
136.5
42.0
198.0
151.5
91.5
103.5
84.0
160.5
339.0
7.5
45.0
100.5
46.5
258.0
124.5
148.5
82.5
177.0
108.0
31.5
55.5
175.5
123.0
232.5
111.0
132.0
111.0
175.5
177.0
115.5
45.0
87.0
82.5
252.0
439.5
226.5
210.0
312.0
91.5
91.5
196.5
105.0
81.0
325.5
84.0
295.5
285.0
97.5
81.0
52.5
174.0
60.0
190.5
189.0
102.0
123.0
39.0
75.0
163.5
58.5
141.0
132.0
172.5
282.0
118.5
334.5
75.0
106.5
190.5
48.0
240.0
81.0
250.5
168.0
58.5
205.5
52.5
19.5
259.5
84.0
118.5
379.5
351.0
63.0
157.5
58.5
204.0
225.0
103.5
192.0
24.0
136.5
160.5
220.5
204.0
160.5
27.0
144.0
211.5
307.5
85.5
135.0
225.0
246.0
51.0
109.5
61.5
142.5
42.0
100.5
75.0
27.0
331.5
85.5
24.0
100.5
121.5
157.5
58.5
129.0
195.0
192.0
180.0
151.5
36.0
319.5
126.0
69.0
109.5
249.0
37.5
12.0
178.5
87.0
184.5
21.0
36.0
154.5
133.5
195.0
90.0
63.0
174.0
94.5
90.0
43.5
58.5
73.5
138.0
52.5
99.0
105.0
352.5
60.0
279.0
45.0
93.0
148.5
256.5
42.0
198.0
162.0
162.0
73.5
79.5
238.5
64.5
124.5
94.5
216.0
66.0
96.0
31.5
70.5
295.5
355.5
25.5
184.5
127.5
250.5
168.0
229.5
246.0
216.0
97.5
109.5
145.5
115.5
105.0
28.5
120.0
141.0
69.0
61.5
52.5
66.0
88.5
69.0
180.0
175.5
93.0
228.0
64.5
234.0
63.0
144.0
81.0
57.0
241.5
102.0
385.5
27.0
48.0
259.5
274.5
175.5
45.0
157.5
25.5
121.5
16.5
132.0
91.5
250.5
312.0
93.0
27.0
55.5
252.0
63.0
205.5
231.0
49.5
36.0
16.5
118.5
276.0
213.0
13.5
121.5
114.0
244.5
22.5
124.5
129.0
181.5
60.0
430.5
303.0
150.0
51.0
294.0
81.0
252.0
25.5
84.0
123.0
73.5
48.0
39.0
165.0
204.0
190.5
262.5
327.0
73.5
70.5
81.0
109.5
63.0
76.5
190.5
393.0
262.5
30.0
61.5
87.0
309.0
190.5
237.0
57.0
99.0
66.0
46.5
264.0
129.0
283.5
205.5
87.0
27.0
52.5
100.5
132.0
163.5
135.0
190.5
81.0
108.0
99.0
127.5
93.0
52.5
70.5
33.0
87.0
202.5
199.5
148.5
207.0
109.5
30.0
72.0
82.5
130.5
115.5
69.0
205.5
184.5
157.5
162.0
144.0
162.0
141.0
235.5
18.0
87.0
166.5
48.0
195.0
76.5
159.0
154.5
103.5
87.0
79.5
70.5
315.0
300.0
76.5
64.5
87.0
88.5
204.0
126.0
46.5
357.0
219.0
232.5
63.0
106.5
66.0
52.5
73.5
75.0
178.5
174.0
108.0
129.0
145.5
159.0
199.5
40.5
61.5
151.5
231.0
165.0
130.5
84.0
210.0
250.5
112.5
189.0
111.0
121.5
157.5
121.5
195.0
28.5
55.5
33.0
243.0
163.5
9.0
76.5
85.5
102.0
49.5
124.5
259.5
288.0
127.5
78.0
97.5
303.0
31.5
16.5
133.5
7.5
87.0
79.5
52.5
51.0
79.5
52.5
123.0
99.0
54.0
63.0
91.5
112.5
132.0
142.5
297.0
39.0
46.5
264.0
202.5
207.0
187.5
130.5
202.5
18.0
105.0
189.0
31.5
142.5
70.5
18.0
15.0
105.0
99.0
78.0
250.5
94.5
156.0
48.0
42.0
60.0
15.0
174.0
12.0
78.0
55.5
70.5
84.0
312.0
202.5
49.5
49.5
142.5
84.0
238.5
139.5
136.5
40.5
106.5
63.0
108.0
82.5
69.0
40.5
84.0
186.0
45.0
154.5
334.5
222.0
174.0
63.0
175.5
157.5
267.0
79.5
42.0
150.0
174.0
166.5
135.0
234.0
261.0
303.0
43.5
114.0
18.0
174.0
81.0
135.0
126.0
70.5
76.5
139.5
93.0
145.5
54.0
132.0
109.5
123.0
60.0
106.5
274.5
180.0
79.5
117.0
223.5
175.5
78.0
52.5
211.5
66.0
228.0
175.5
133.5
88.5
78.0
265.5
85.5
97.5
114.0
52.5
169.5
84.0
114.0
55.5
120.0
163.5
69.0
151.5
25.5
109.5
127.5
58.5
100.5
132.0
21.0
129.0
121.5
79.5
61.5
345.0
277.5
37.5
45.0
306.0
259.5
157.5
199.5
96.0
193.5
163.5
148.5
220.5
81.0
33.0
157.5
111.0
91.5
126.0
79.5
76.5
54.0
304.5
100.5
99.0
82.5
49.5
31.5
217.5
187.5
79.5
97.5
244.5
112.5
36.0
76.5
196.5
163.5
190.5
88.5
112.5
250.5
118.5
100.5
49.5
114.0
181.5
36.0
31.5
94.5
292.5
222.0
204.0
441.0
73.5
231.0
174.0
226.5
237.0
88.5
13.5
76.5
43.5
61.5
276.0
81.0
76.5
151.5
85.5
187.5
85.5
112.5
19.5
208.5
51.0
249.0
76.5
135.0
42.0
46.5
123.0
42.0
162.0
199.5
63.0
172.5
274.5
90.0
123.0
169.5
30.0
306.0
196.5
258.0
178.5
15.0
90.0
64.5
126.0
144.0
85.5
91.5
60.0
72.0
114.0
42.0
234.0
270.0
172.5
63.0
31.5
96.0
150.0
196.5
114.0
121.5
115.5
288.0
97.5
129.0
138.0
90.0
72.0
73.5
12.0
87.0
351.0
276.0
216.0
219.0
36.0
30.0
163.5
90.0
67.5
183.0
52.5
157.5
303.0
142.5
162.0
145.5
369.0
60.0
298.5
108.0
69.0
123.0
135.0
258.0
241.5
52.5
118.5
67.5
159.0
246.0
54.0
87.0
193.5
270.0
195.0
34.5
153.0
54.0
27.0
265.5
132.0
141.0
139.5
193.5
39.0
124.5
289.5
129.0
109.5
208.5
97.5
129.0
76.5
82.5
136.5
109.5
132.0
42.0
63.0
34.5
291.0
78.0
234.0
82.5
24.0
310.5
37.5
42.0
162.0
217.5
52.5
21.0
93.0
139.5
301.5
120.0
120.0
115.5
64.5
136.5
124.5
127.5
165.0
114.0
117.0
273.0
123.0
264.0
90.0
87.0
51.0
160.5
283.5
58.5
315.0
3.0
292.5
234.0
133.5
135.0
93.0
48.0
292.5
106.5
114.0
237.0
103.5
46.5
246.0
102.0
147.0
277.5
94.5
144.0
148.5
114.0
250.5
18.0
79.5
87.0
31.5
192.0
55.5
70.5
262.5
334.5
159.0
148.5
348.0
123.0
276.0
201.0
208.5
87.0
61.5
91.5
171.0
271.5
168.0
151.5
106.5
25.5
127.5
64.5
307.5
330.0
231.0
165.0
87.0
42.0
193.5
106.5
127.5
135.0
52.5
84.0
106.5
232.5
162.0
145.5
123.0
231.0
73.5
204.0
106.5
99.0
75.0
66.0
151.5
70.5
57.0
142.5
66.0
153.0
76.5
130.5
330.0
54.0
166.5
216.0
141.0
118.5
234.0
82.5
343.5
124.5
72.0
184.5
165.0
193.5
273.0
27.0
246.0
175.5
240.0
114.0
97.5
157.5
75.0
39.0
147.0
189.0
78.0
231.0
180.0
58.5
31.5
163.5
154.5
90.0
142.5
102.0
243.0
30.0
123.0
241.5
174.0
81.0
151.5
34.5
64.5
159.0
96.0
37.5
73.5
78.0
135.0
175.5
183.0
57.0
66.0
237.0
172.5
165.0
192.0
54.0
180.0
99.0
223.5
124.5
78.0
244.5
303.0
336.0
108.0
91.5
27.0
52.5
217.5
180.0
139.5
79.5
81.0
121.5
199.5
21.0
49.5
159.0
102.0
312.0
126.0
108.0
64.5
280.5
51.0
187.5
127.5
171.0
63.0
97.5
127.5
27.0
108.0
28.5
267.0
324.0
75.0
84.0
120.0
313.5
10.5
72.0
201.0
181.5
28.5
67.5
76.5
72.0
235.5
22.5
96.0
138.0
73.5
340.5
84.0
54.0
91.5
166.5
297.0
220.5
70.5
25.5
255.0
249.0
108.0
228.0
156.0
66.0
121.5
108.0
156.0
177.0
285.0
157.5
141.0
97.5
48.0
55.5
339.0
193.5
105.0
198.0
369.0
123.0
162.0
244.5
192.0
198.0
177.0
132.0
76.5
283.5
126.0
75.0
79.5
235.5
46.5
90.0
40.5
174.0
58.5
169.5
16.5
132.0
61.5
127.5
31.5
58.5
268.5
78.0
66.0
204.0
52.5
147.0
165.0
253.5
93.0
42.0
177.0
54.0
144.0
115.5
210.0
381.0
144.0
99.0
51.0
169.5
178.5
153.0
183.0
135.0
273.0
147.0
84.0
84.0
88.5
154.5
111.0
9.0
130.5
103.5
162.0
93.0
171.0
123.0
117.0
103.5
168.0
177.0
51.0
261.0
72.0
99.0
114.0
88.5
105.0
49.5
193.5
201.0
75.0
25.5
331.5
325.5
64.5
34.5
34.5
147.0
127.5
325.5
103.5
220.5
28.5
96.0
42.0
100.5
52.5
45.0
16.5
111.0
309.0
40.5
82.5
145.5
235.5
85.5
57.0
129.0
22.5
163.5
42.0
190.5
160.5
154.5
160.5
57.0
78.0
249.0
106.5
151.5
106.5
130.5
78.0
117.0
118.5
328.5
78.0
54.0
18.0
24.0
55.5
246.0
70.5
157.5
114.0
54.0
114.0
102.0
36.0
78.0
88.5
252.0
39.0
177.0
24.0
388.5
280.5
196.5
57.0
187.5
100.5
105.0
75.0
69.0
279.0
118.5
70.5
88.5
193.5
171.0
183.0
15.0
70.5
190.5
105.0
151.5
91.5
55.5
34.5
39.0
111.0
63.0
78.0
66.0
300.0
82.5
184.5
63.0
169.5
118.5
151.5
127.5
213.0
129.0
322.5
174.0
115.5
142.5
10.5
70.5
165.0
163.5
51.0
178.5
364.5
135.0
27.0
100.5
46.5
67.5
21.0
84.0
100.5
153.0
60.0
108.0
162.0
84.0
220.5
96.0
355.5
120.0
130.5
156.0
162.0
61.5
162.0
222.0
186.0
52.5
42.0
54.0
84.0
48.0
99.0
81.0
129.0
189.0
22.5
222.0
301.5
112.5
45.0
396.0
262.5
192.0
181.5
60.0
106.5
280.5
139.5
192.0
159.0
334.5
157.5
52.5
232.5
141.0
85.5
72.0
402.0
76.5
160.5
75.0
189.0
106.5
69.0
48.0
48.0
151.5
159.0
93.0
120.0
22.5
156.0
181.5
183.0
244.5
226.5
61.5
88.5
279.0
55.5
28.5
195.0
18.0
96.0
48.0
70.5
115.5
112.5
201.0
174.0
43.5
40.5
319.5
301.5
162.0
147.0
126.0
112.5
228.0
82.5
124.5
72.0
34.5
93.0
103.5
186.0
271.5
111.0
184.5
109.5
75.0
169.5
291.0
91.5
165.0
51.0
126.0
70.5
306.0
48.0
177.0
106.5
67.5
147.0
246.0
142.5
213.0
145.5
127.5
60.0
96.0
159.0
66.0
61.5
43.5
112.5
108.0
130.5
162.0
228.0
37.5
64.5
81.0
111.0
144.0
19.5
112.5
220.5
150.0
112.5
69.0
252.0
85.5
46.5
40.5
63.0
118.5
115.5
75.0
78.0
147.0
85.5
103.5
223.5
97.5
139.5
45.0
87.0
124.5
108.0
153.0
151.5
96.0
88.5
147.0
85.5
39.0
42.0
123.0
204.0
154.5
160.5
133.5
115.5
55.5
76.5
93.0
348.0
121.5
78.0
198.0
166.5
117.0
21.0
96.0
325.5
96.0
145.5
21.0
84.0
54.0
60.0
130.5
208.5
72.0
31.5
238.5
222.0
54.0
39.0
145.5
226.5
340.5
225.0
82.5
19.5
273.0
207.0
180.0
141.0
84.0
70.5
72.0
61.5
273.0
18.0
76.5
258.0
346.5
90.0
141.0
85.5
48.0
97.5
129.0
169.5
199.5
208.5
196.5
46.5
244.5
237.0
222.0
361.5
109.5
214.5
60.0
24.0
102.0
43.5
94.5
262.5
168.0
211.5
46.5
123.0
15.0
118.5
76.5
147.0
81.0
151.5
238.5
63.0
277.5
88.5
238.5
285.0
108.0
259.5
136.5
253.5
51.0
213.0
139.5
133.5
58.5
204.0
130.5
253.5
178.5
66.0
19.5
154.5
51.0
67.5
115.5
234.0
207.0
201.0
204.0
178.5
160.5
240.0
75.0
274.5
90.0
258.0
126.0
187.5
61.5
91.5
271.5
138.0
276.0
184.5
75.0
57.0
295.5
268.5
225.0
180.0
123.0
372.0
73.5
142.5
115.5
204.0
91.5
141.0
118.5
195.0
103.5
130.5
63.0
151.5
54.0
135.0
111.0
124.5
109.5
94.5
334.5
100.5
157.5
201.0
178.5
130.5
174.0
78.0
21.0
100.5
228.0
277.5
124.5
138.0
205.5
99.0
37.5
402.0
27.0
240.0
69.0
240.0
39.0
124.5
147.0
222.0
25.5
126.0
42.0
186.0
186.0
37.5
52.5
283.5
121.5
136.5
115.5
63.0
145.5
102.0
145.5
19.5
66.0
66.0
52.5
108.0
204.0
91.5
133.5
108.0
168.0
292.5
157.5
76.5
115.5
55.5
181.5
166.5
213.0
325.5
22.5
55.5
60.0
177.0
34.5
64.5
45.0
91.5
120.0
54.0
58.5
208.5
108.0
67.5
141.0
45.0
51.0
97.5
105.0
106.5
66.0
120.0
33.0
204.0
198.0
337.5
58.5
63.0
88.5
310.5
67.5
30.0
279.0
52.5
27.0
213.0
66.0
169.5
82.5
228.0
190.5
82.5
259.5
180.0
105.0
81.0
126.0
97.5
102.0
217.5
127.5
169.5
66.0
132.0
136.5
39.0
36.0
49.5
123.0
48.0
159.0
147.0
274.5
120.0
72.0
147.0
291.0
105.0
54.0
67.5
75.0
79.5
166.5
123.0
78.0
105.0
217.5
49.5
46.5
102.0
39.0
78.0
276.0
46.5
310.5
181.5
21.0
75.0
135.0
78.0
12.0
117.0
193.5
99.0
70.5
91.5
207.0
88.5
37.5
138.0
330.0
40.5
163.5
12.0
115.5
130.5
111.0
192.0
58.5
291.0
258.0
66.0
36.0
103.5
126.0
141.0
60.0
201.0
21.0
279.0
337.5
148.5
112.5
138.0
66.0
45.0
171.0
144.0
76.5
99.0
55.5
123.0
97.5
67.5
298.5
19.5
156.0
184.5
202.5
232.5
12.0
58.5
183.0
49.5
202.5
178.5
183.0
40.5
279.0
103.5
82.5
313.5
171.0
265.5
91.5
295.5
106.5
49.5
178.5
213.0
67.5
204.0
106.5
274.5
52.5
247.5
126.0
102.0
111.0
180.0
81.0
78.0
22.5
37.5
157.5
300.0
315.0
132.0
78.0
57.0
201.0
57.0
184.5
388.5
120.0
45.0
127.5
87.0
246.0
153.0
111.0
91.5
40.5
114.0
63.0
114.0
118.5
226.5
237.0
234.0
27.0
220.5
60.0
93.0
129.0
127.5
97.5
151.5
319.5
31.5
256.5
82.5
70.5
181.5
93.0
64.5
135.0
138.0
75.0
157.5
52.5
276.0
93.0
64.5
162.0
120.0
135.0
54.0
208.5
61.5
126.0
126.0
85.5
115.5
87.0
418.5
376.5
103.5
40.5
159.0
228.0
129.0
69.0
103.5
132.0
99.0
100.5
78.0
157.5
207.0
52.5
214.5
55.5
106.5
78.0
114.0
138.0
28.5
75.0
9.0
136.5
115.5
135.0
103.5
55.5
120.0
103.5
309.0
63.0
126.0
60.0
165.0
184.5
184.5
136.5
208.5
124.5
97.5
358.5
144.0
183.0
231.0
69.0
150.0
172.5
111.0
96.0
54.0
205.5
229.5
142.5
117.0
63.0
133.5
79.5
153.0
106.5
208.5
21.0
103.5
45.0
219.0
172.5
79.5
141.0
256.5
12.0
42.0
99.0
33.0
300.0
123.0
15.0
130.5
37.5
49.5
252.0
97.5
390.0
271.5
67.5
57.0
129.0
97.5
90.0
147.0
93.0
199.5
141.0
54.0
175.5
31.5
186.0
102.0
81.0
246.0
163.5
87.0
24.0
27.0
324.0
82.5
49.5
214.5
55.5
48.0
66.0
63.0
40.5
144.0
241.5
145.5
84.0
121.5
217.5
130.5
277.5
183.0
45.0
232.5
229.5
235.5
123.0
57.0
72.0
256.5
42.0
45.0
162.0
90.0
15.0
72.0
214.5
79.5
138.0
136.5
25.5
252.0
88.5
105.0
64.5
202.5
45.0
115.5
61.5
73.5
132.0
135.0
154.5
247.5
72.0
69.0
96.0
46.5
154.5
147.0
151.5
252.0
88.5
70.5
162.0
172.5
187.5
151.5
67.5
192.0
7.5
183.0
52.5
271.5
141.0
174.0
109.5
64.5
136.5
114.0
189.0
27.0
73.5
225.0
133.5
103.5
240.0
246.0
252.0
147.0
285.0
151.5
67.5
135.0
54.0
67.5
136.5
222.0
54.0
58.5
76.5
192.0
66.0
220.5
303.0
57.0
124.5
57.0
96.0
72.0
96.0
39.0
141.0
120.0
91.5
63.0
177.0
181.5
126.0
166.5
99.0
249.0
114.0
70.5
108.0
30.0
153.0
142.5
289.5
15.0
148.5
192.0
211.5
109.5
28.5
196.5
133.5
60.0
184.5
174.0
93.0
175.5
99.0
175.5
168.0
123.0
169.5
118.5
13.5
205.5
177.0
199.5
136.5
235.5
51.0
283.5
84.0
94.5
100.5
60.0
124.5
201.0
162.0
267.0
54.0
31.5
126.0
357.0
228.0
193.5
73.5
49.5
82.5
46.5
120.0
106.5
174.0
100.5
81.0
85.5
34.5
73.5
123.0
138.0
22.5
100.5
40.5
180.0
84.0
105.0
142.5
82.5
184.5
100.5
93.0
190.5
15.0
199.5
292.5
313.5
55.5
306.0
300.0
102.0
46.5
99.0
90.0
169.5
73.5
67.5
166.5
336.0
138.0
28.5
46.5
52.5
103.5
238.5
267.0
133.5
108.0
199.5
10.5
168.0
84.0
79.5
283.5
210.0
157.5
43.5
63.0
273.0
300.0
265.5
33.0
297.0
60.0
148.5
15.0
28.5
88.5
141.0
312.0
34.5
90.0
120.0
109.5
78.0
67.5
141.0
232.5
54.0
72.0
117.0
120.0
19.5
69.0
105.0
124.5
67.5
100.5
25.5
90.0
172.5
99.0
114.0
372.0
90.0
190.5
40.5
210.0
342.0
316.5
100.5
175.5
63.0
123.0
114.0
78.0
69.0
66.0
276.0
154.5
49.5
49.5
100.5
171.0
201.0
64.5
1.5
76.5
165.0
153.0
63.0
93.0
28.5
102.0
141.0
124.5
100.5
241.5
151.5
348.0
40.5
312.0
88.5
43.5
51.0
130.5
148.5
136.5
43.5
60.0
219.0
36.0
294.0
67.5
70.5
22.5
217.5
253.5
210.0
172.5
63.0
126.0
100.5
184.5
34.5
91.5
289.5
87.0
121.5
106.5
306.0
93.0
9.0
222.0
145.5
34.5
39.0
37.5
100.5
273.0
222.0
142.5
141.0
96.0
223.5
60.0
244.5
247.5
177.0
118.5
60.0
115.5
30.0
52.5
151.5
78.0
238.5
187.5
163.5
187.5
208.5
214.5
270.0
358.5
148.5
225.0
193.5
312.0
261.0
135.0
96.0
45.0
10.5
213.0
6.0
93.0
96.0
303.0
147.0
34.5
118.5
312.0
216.0
243.0
192.0
100.5
58.5
105.0
118.5
156.0
100.5
153.0
175.5
30.0
147.0
184.5
300.0
60.0
111.0
61.5
27.0
118.5
73.5
277.5
97.5
46.5
99.0
241.5
175.5
75.0
66.0
72.0
253.5
199.5
31.5
172.5
57.0
42.0
235.5
108.0
291.0
81.0
163.5
259.5
103.5
226.5
294.0
376.5
67.5
190.5
31.5
120.0
118.5
141.0
79.5
202.5
195.0
231.0
94.5
16.5
27.0
61.5
192.0
273.0
162.0
211.5
112.5
172.5
259.5
69.0
96.0
102.0
103.5
43.5
261.0
204.0
129.0
154.5
129.0
229.5
151.5
60.0
280.5
304.5
52.5
40.5
139.5
229.5
238.5
82.5
82.5
177.0
153.0
88.5
124.5
55.5
67.5
84.0
286.5
210.0
111.0
178.5
282.0
133.5
40.5
18.0
102.0
46.5
103.5
124.5
70.5
196.5
289.5
30.0
76.5
49.5
184.5
214.5
253.5
67.5
217.5
103.5
117.0
187.5
145.5
363.0
75.0
81.0
114.0
52.5
375.0
256.5
31.5
144.0
151.5
166.5
117.0
108.0
108.0
250.5
151.5
145.5
246.0
64.5
87.0
46.5
85.5
31.5
219.0
105.0
141.0
82.5
366.0
30.0
205.5
105.0
195.0
100.5
84.0
30.0
160.5
87.0
213.0
24.0
153.0
90.0
30.0
160.5
105.0
274.5
36.0
70.5
157.5
199.5
151.5
240.0
34.5
49.5
91.5
199.5
45.0
64.5
84.0
133.5
123.0
129.0
93.0
181.5
18.0
216.0
70.5
67.5
60.0
141.0
39.0
96.0
154.5
301.5
103.5
165.0
118.5
114.0
162.0
190.5
180.0
157.5
114.0
106.5
69.0
51.0
82.5
352.5
376.5
21.0
142.5
120.0
277.5
111.0
61.5
124.5
135.0
165.0
298.5
250.5
10.5
178.5
127.5
184.5
153.0
33.0
136.5
94.5
67.5
316.5
166.5
163.5
214.5
106.5
157.5
259.5
31.5
163.5
157.5
54.0
111.0
129.0
81.0
55.5
157.5
91.5
145.5
214.5
117.0
102.0
109.5
135.0
36.0
112.5
181.5
93.0
85.5
168.0
42.0
315.0
106.5
48.0
126.0
16.5
127.5
160.5
166.5
33.0
99.0
21.0
55.5
105.0
228.0
72.0
258.0
339.0
147.0
109.5
87.0
61.5
57.0
183.0
108.0
121.5
121.5
70.5
69.0
172.5
253.5
51.0
168.0
49.5
148.5
165.0
21.0
199.5
199.5
118.5
115.5
103.5
172.5
37.5
177.0
97.5
358.5
127.5
192.0
144.0
37.5
42.0
150.0
145.5
243.0
54.0
237.0
112.5
141.0
172.5
88.5
54.0
18.0
147.0
115.5
306.0
286.5
63.0
72.0
39.0
222.0
105.0
60.0
54.0
270.0
24.0
105.0
36.0
61.5
315.0
201.0
111.0
78.0
100.5
106.5
90.0
72.0
220.5
96.0
106.5
78.0
91.5
106.5
55.5
385.5
33.0
211.5
204.0
63.0
138.0
154.5
109.5
291.0
174.0
4.5
153.0
112.5
127.5
48.0
79.5
117.0
45.0
33.0
99.0
223.5
127.5
108.0
57.0
55.5
30.0
25.5
4.5
93.0
88.5
97.5
48.0
142.5
102.0
132.0
63.0
163.5
118.5
51.0
229.5
58.5
42.0
148.5
214.5
133.5
150.0
58.5
238.5
34.5
61.5
277.5
370.5
27.0
9.0
184.5
124.5
31.5
105.0
178.5
91.5
193.5
142.5
159.0
171.0
150.0
46.5
87.0
160.5
120.0
280.5
81.0
348.0
144.0
207.0
208.5
189.0
142.5
90.0
48.0
54.0
142.5
135.0
169.5
40.5
207.0
39.0
249.0
112.5
138.0
126.0
108.0
150.0
148.5
187.5
139.5
96.0
30.0
55.5
168.0
175.5
216.0
55.5
106.5
309.0
150.0
109.5
91.5
84.0
85.5
46.5
109.5
261.0
88.5
100.5
51.0
154.5
72.0
135.0
61.5
111.0
114.0
285.0
196.5
250.5
123.0
183.0
133.5
238.5
315.0
105.0
49.5
42.0
294.0
261.0
52.5
177.0
90.0
63.0
229.5
193.5
175.5
210.0
135.0
171.0
57.0
54.0
40.5
115.5
160.5
375.0
129.0
75.0
130.5
159.0
234.0
139.5
135.0
13.5
73.5
235.5
205.5
342.0
106.5
241.5
94.5
154.5
43.5
16.5
142.5
190.5
69.0
139.5
186.0
114.0
70.5
111.0
78.0
126.0
141.0
208.5
57.0
72.0
280.5
219.0
43.5
202.5
211.5
45.0
178.5
109.5
99.0
120.0
166.5
363.0
58.5
36.0
159.0
31.5
241.5
144.0
243.0
109.5
66.0
156.0
108.0
235.5
120.0
187.5
70.5
91.5
309.0
222.0
238.5
144.0
435.0
85.5
154.5
25.5
76.5
36.0
138.0
198.0
24.0
156.0
121.5
36.0
126.0
192.0
216.0
87.0
40.5
66.0
52.5
93.0
75.0
117.0
148.5
139.5
70.5
93.0
121.5
64.5
391.5
205.5
94.5
84.0
147.0
177.0
193.5
166.5
91.5
42.0
240.0
39.0
220.5
96.0
219.0
28.5
177.0
210.0
130.5
87.0
184.5
214.5
121.5
214.5
207.0
115.5
120.0
174.0
73.5
96.0
67.5
85.5
49.5
133.5
27.0
84.0
220.5
73.5
177.0
196.5
186.0
157.5
168.0
48.0
82.5
96.0
145.5
76.5
93.0
262.5
264.0
246.0
37.5
168.0
106.5
84.0
166.5
205.5
151.5
151.5
58.5
84.0
45.0
196.5
112.5
69.0
100.5
250.5
34.5
63.0
246.0
250.5
339.0
85.5
106.5
184.5
54.0
295.5
18.0
228.0
187.5
87.0
202.5
33.0
243.0
84.0
70.5
31.5
178.5
15.0
130.5
190.5
96.0
166.5
132.0
186.0
88.5
61.5
139.5
163.5
60.0
84.0
36.0
75.0
138.0
142.5
136.5
132.0
115.5
153.0
258.0
127.5
124.5
157.5
124.5
214.5
136.5
46.5
138.0
67.5
135.0
135.0
39.0
85.5
244.5
52.5
99.0
147.0
21.0
232.5
270.0
84.0
219.0
117.0
172.5
37.5
40.5
118.5
211.5
157.5
49.5
259.5
90.0
105.0
31.5
156.0
168.0
172.5
102.0
228.0
327.0
60.0
66.0
214.5
228.0
13.5
12.0
213.0
157.5
126.0
67.5
228.0
217.5
124.5
181.5
357.0
72.0
189.0
133.5
265.5
114.0
172.5
43.5
22.5
231.0
384.0
312.0
67.5
48.0
262.5
16.5
57.0
96.0
82.5
24.0
66.0
229.5
141.0
264.0
61.5
330.0
150.0
75.0
76.5
90.0
121.5
120.0
108.0
154.5
67.5
297.0
121.5
48.0
163.5
51.0
178.5
105.0
181.5
150.0
13.5
100.5
70.5
13.5
195.0
52.5
295.5
220.5
67.5
252.0
340.5
195.0
108.0
279.0
139.5
352.5
102.0
258.0
63.0
60.0
102.0
72.0
141.0
30.0
178.5
322.5
93.0
69.0
117.0
79.5
300.0
75.0
312.0
228.0
259.5
60.0
321.0
103.5
63.0
52.5
108.0
91.5
142.5
48.0
151.5
159.0
109.5
135.0
121.5
55.5
78.0
208.5
136.5
121.5
102.0
124.5
114.0
93.0
27.0
78.0
157.5
150.0
37.5
148.5
217.5
123.0
87.0
133.5
342.0
394.5
133.5
90.0
84.0
102.0
265.5
204.0
123.0
157.5
109.5
61.5
169.5
186.0
231.0
6.0
10.5
54.0
25.5
46.5
54.0
159.0
75.0
124.5
282.0
54.0
357.0
160.5
39.0
91.5
106.5
141.0
252.0
67.5
55.5
84.0
354.0
117.0
214.5
261.0
190.5
120.0
88.5
93.0
78.0
159.0
298.5
433.5
21.0
12.0
133.5
157.5
129.0
121.5
91.5
181.5
144.0
168.0
109.5
174.0
187.5
111.0
202.5
258.0
36.0
72.0
124.5
178.5
76.5
64.5
103.5
64.5
97.5
195.0
10.5
30.0
220.5
25.5
211.5
88.5
79.5
292.5
150.0
246.0
241.5
84.0
118.5
231.0
93.0
12.0
42.0
303.0
28.5
88.5
90.0
6.0
132.0
276.0
166.5
42.0
69.0
75.0
177.0
60.0
199.5
183.0
102.0
265.5
121.5
256.5
118.5
72.0
63.0
171.0
129.0
111.0
97.5
246.0
139.5
81.0
94.5
54.0
79.5
375.0
76.5
45.0
120.0
154.5
132.0
309.0
297.0
297.0
246.0
145.5
64.5
79.5
58.5
187.5
141.0
300.0
94.5
130.5
154.5
181.5
307.5
129.0
75.0
31.5
100.5
240.0
61.5
150.0
63.0
195.0
19.5
25.5
103.5
219.0
43.5
139.5
70.5
205.5
58.5
79.5
288.0
226.5
70.5
75.0
72.0
115.5
165.0
211.5
271.5
298.5
165.0
42.0
264.0
27.0
106.5
150.0
160.5
64.5
90.0
36.0
153.0
81.0
109.5
9.0
117.0
103.5
199.5
229.5
279.0
250.5
309.0
94.5
52.5
46.5
114.0
328.5
48.0
154.5
99.0
154.5
79.5
42.0
144.0
73.5
175.5
207.0
255.0
184.5
79.5
136.5
97.5
156.0
150.0
271.5
187.5
169.5
150.0
270.0
127.5
148.5
220.5
19.5
114.0
99.0
369.0
195.0
184.5
88.5
349.5
117.0
187.5
66.0
202.5
223.5
60.0
199.5
139.5
139.5
142.5
222.0
118.5
151.5
55.5
52.5
217.5
99.0
268.5
99.0
175.5
69.0
115.5
93.0
160.5
105.0
79.5
138.0
214.5
48.0
265.5
168.0
109.5
37.5
84.0
84.0
49.5
381.0
99.0
189.0
142.5
117.0
100.5
223.5
123.0
63.0
195.0
121.5
75.0
49.5
37.5
163.5
67.5
61.5
81.0
169.5
88.5
235.5
88.5
106.5
66.0
300.0
126.0
93.0
72.0
183.0
42.0
208.5
19.5
69.0
24.0
106.5
103.5
150.0
151.5
207.0
63.0
100.5
99.0
28.5
142.5
333.0
45.0
45.0
112.5
265.5
124.5
162.0
297.0
48.0
120.0
222.0
147.0
322.5
31.5
93.0
177.0
85.5
69.0
111.0
114.0
231.0
85.5
78.0
103.5
106.5
123.0
117.0
199.5
162.0
91.5
346.5
228.0
226.5
87.0
82.5
144.0
97.5
43.5
291.0
87.0
130.5
132.0
219.0
184.5
168.0
58.5
22.5
145.5
93.0
165.0
190.5
252.0
174.0
189.0
99.0
121.5
105.0
112.5
225.0
115.5
96.0
69.0
184.5
196.5
96.0
210.0
105.0
45.0
238.5
337.5
183.0
261.0
72.0
72.0
93.0
66.0
379.5
82.5
84.0
237.0
78.0
114.0
40.5
255.0
73.5
129.0
279.0
58.5
58.5
199.5
148.5
99.0
63.0
180.0
45.0
354.0
48.0
127.5
312.0
97.5
114.0
112.5
66.0
151.5
205.5
85.5
27.0
63.0
201.0
231.0
21.0
177.0
166.5
144.0
64.5
214.5
228.0
184.5
151.5
63.0
288.0
142.5
144.0
102.0
249.0
31.5
235.5
409.5
229.5
67.5
184.5
141.0
153.0
99.0
291.0
43.5
319.5
241.5
57.0
45.0
33.0
351.0
115.5
66.0
216.0
109.5
36.0
166.5
70.5
193.5
72.0
69.0
66.0
54.0
85.5
249.0
52.5
30.0
85.5
67.5
46.5
99.0
79.5
258.0
397.5
85.5
57.0
31.5
75.0
108.0
109.5
130.5
259.5
42.0
19.5
165.0
372.0
174.0
54.0
154.5
57.0
126.0
214.5
274.5
186.0
94.5
82.5
106.5
48.0
114.0
201.0
90.0
63.0
109.5
127.5
255.0
76.5
33.0
136.5
81.0
115.5
36.0
117.0
223.5
175.5
171.0
144.0
135.0
61.5
81.0
288.0
207.0
228.0
64.5
123.0
193.5
193.5
76.5
277.5
69.0
55.5
54.0
259.5
82.5
270.0
42.0
208.5
139.5
97.5
81.0
132.0
118.5
118.5
31.5
183.0
22.5
99.0
34.5
135.0
79.5
97.5
159.0
270.0
132.0
117.0
169.5
196.5
25.5
153.0
210.0
61.5
126.0
148.5
94.5
160.5
207.0
115.5
205.5
165.0
250.5
21.0
90.0
127.5
222.0
49.5
160.5
67.5
126.0
76.5
90.0
135.0
10.5
316.5
27.0
118.5
45.0
243.0
90.0
105.0
147.0
105.0
46.5
81.0
297.0
265.5
175.5
82.5
106.5
82.5
207.0
121.5
64.5
60.0
88.5
31.5
66.0
97.5
171.0
333.0
166.5
147.0
28.5
279.0
127.5
133.5
135.0
141.0
18.0
159.0
181.5
217.5
117.0
132.0
276.0
64.5
187.5
276.0
124.5
37.5
226.5
225.0
105.0
157.5
241.5
106.5
229.5
72.0
126.0
54.0
97.5
151.5
327.0
126.0
42.0
64.5
255.0
72.0
162.0
211.5
183.0
93.0
84.0
93.0
82.5
61.5
181.5
244.5
25.5
46.5
310.5
217.5
190.5
135.0
154.5
94.5
216.0
108.0
87.0
70.5
66.0
76.5
123.0
165.0
37.5
264.0
114.0
75.0
319.5
271.5
277.5
96.0
321.0
103.5
48.0
85.5
205.5
136.5
124.5
213.0
42.0
367.5
85.5
172.5
301.5
304.5
220.5
61.5
132.0
118.5
12.0
294.0
52.5
114.0
181.5
70.5
136.5
150.0
108.0
22.5
111.0
126.0
88.5
192.0
333.0
261.0
151.5
165.0
223.5
147.0
82.5
253.5
10.5
54.0
162.0
280.5
76.5
154.5
36.0
63.0
75.0
162.0
189.0
132.0
172.5
57.0
25.5
58.5
124.5
166.5
109.5
243.0
30.0
261.0
64.5
300.0
319.5
331.5
97.5
189.0
168.0
70.5
75.0
133.5
36.0
78.0
87.0
82.5
61.5
72.0
208.5
411.0
303.0
214.5
160.5
103.5
139.5
52.5
286.5
58.5
144.0
318.0
121.5
252.0
138.0
154.5
190.5
36.0
51.0
82.5
105.0
94.5
175.5
255.0
57.0
100.5
75.0
67.5
64.5
187.5
237.0
166.5
36.0
208.5
226.5
43.5
57.0
13.5
66.0
169.5
198.0
100.5
331.5
84.0
190.5
198.0
60.0
211.5
106.5
184.5
55.5
42.0
33.0
67.5
177.0
162.0
69.0
36.0
160.5
97.5
81.0
291.0
210.0
129.0
141.0
46.5
244.5
85.5
135.0
343.5
81.0
127.5
52.5
36.0
49.5
78.0
54.0
180.0
109.5
109.5
231.0
133.5
192.0
103.5
136.5
168.0
90.0
199.5
115.5
66.0
75.0
96.0
70.5
88.5
145.5
193.5
177.0
67.5
160.5
108.0
79.5
58.5
102.0
157.5
81.0
84.0
126.0
91.5
214.5
49.5
156.0
121.5
55.5
238.5
267.0
351.0
7.5
214.5
141.0
7.5
132.0
52.5
102.0
88.5
42.0
318.0
99.0
205.5
93.0
85.5
136.5
25.5
222.0
144.0
190.5
226.5
223.5
78.0
121.5
97.5
97.5
138.0
94.5
295.5
112.5
184.5
178.5
73.5
63.0
148.5
87.0
40.5
63.0
183.0
133.5
141.0
238.5
43.5
67.5
97.5
57.0
39.0
109.5
115.5
130.5
162.0
72.0
87.0
222.0
148.5
18.0
85.5
15.0
22.5
108.0
72.0
49.5
195.0
69.0
348.0
36.0
36.0
160.5
120.0
36.0
165.0
43.5
97.5
66.0
73.5
60.0
349.5
69.0
36.0
27.0
130.5
166.5
141.0
81.0
129.0
280.5
94.5
82.5
148.5
67.5
108.0
168.0
240.0
136.5
31.5
39.0
100.5
193.5
181.5
244.5
228.0
189.0
61.5
198.0
70.5
58.5
270.0
282.0
75.0
76.5
109.5
72.0
187.5
36.0
267.0
24.0
19.5
165.0
234.0
3.0
57.0
234.0
279.0
132.0
55.5
114.0
103.5
91.5
156.0
36.0
141.0
102.0
81.0
22.5
64.5
247.5
121.5
187.5
75.0
220.5
69.0
103.5
127.5
52.5
187.5
153.0
300.0
204.0
216.0
189.0
132.0
22.5
94.5
19.5
166.5
153.0
102.0
55.5
171.0
156.0
46.5
130.5
70.5
102.0
106.5
177.0
198.0
241.5
112.5
222.0
33.0
40.5
351.0
165.0
169.5
70.5
82.5
213.0
405.0
135.0
87.0
250.5
78.0
43.5
193.5
97.5
297.0
382.5
327.0
225.0
111.0
97.5
69.0
285.0
267.0
261.0
97.5
27.0
306.0
103.5
199.5
27.0
151.5
99.0
168.0
54.0
279.0
262.5
49.5
51.0
37.5
223.5
171.0
213.0
87.0
207.0
73.5
97.5
247.5
25.5
48.0
48.0
288.0
144.0
57.0
121.5
102.0
75.0
103.5
40.5
132.0
148.5
136.5
123.0
66.0
202.5
331.5
178.5
58.5
180.0
34.5
106.5
99.0
274.5
84.0
213.0
214.5
190.5
216.0
160.5
166.5
267.0
88.5
66.0
121.5
258.0
78.0
208.5
121.5
135.0
172.5
217.5
79.5
61.5
141.0
100.5
60.0
147.0
183.0
121.5
240.0
124.5
280.5
52.5
103.5
111.0
37.5
124.5
25.5
93.0
73.5
244.5
37.5
142.5
334.5
63.0
87.0
121.5
127.5
15.0
75.0
79.5
130.5
139.5
250.5
196.5
187.5
133.5
94.5
280.5
72.0
42.0
343.5
124.5
28.5
222.0
7.5
75.0
70.5
118.5
88.5
273.0
60.0
240.0
67.5
123.0
64.5
142.5
169.5
187.5
48.0
118.5
49.5
76.5
144.0
312.0
411.0
58.5
24.0
88.5
253.5
226.5
6.0
94.5
85.5
57.0
85.5
40.5
133.5
208.5
169.5
145.5
348.0
103.5
85.5
75.0
138.0
91.5
49.5
213.0
369.0
108.0
198.0
270.0
55.5
198.0
201.0
163.5
132.0
69.0
70.5
157.5
64.5
60.0
87.0
352.5
133.5
67.5
210.0
229.5
105.0
235.5
199.5
73.5
48.0
39.0
159.0
18.0
117.0
91.5
115.5
213.0
232.5
213.0
273.0
79.5
145.5
165.0
70.5
18.0
42.0
3.0
126.0
45.0
60.0
115.5
73.5
90.0
282.0
271.5
315.0
81.0
87.0
82.5
189.0
21.0
70.5
223.5
181.5
342.0
108.0
79.5
123.0
70.5
151.5
135.0
162.0
115.5
22.5
145.5
231.0
114.0
144.0
126.0
37.5
136.5
315.0
31.5
168.0
160.5
22.5
87.0
85.5
42.0
90.0
67.5
21.0
174.0
97.5
60.0
133.5
276.0
123.0
181.5
49.5
33.0
151.5
96.0
180.0
42.0
21.0
156.0
99.0
70.5
157.5
102.0
109.5
108.0
120.0
172.5
270.0
112.5
13.5
162.0
123.0
88.5
147.0
157.5
105.0
153.0
39.0
298.5
175.5
79.5
180.0
264.0
58.5
273.0
25.5
249.0
121.5
199.5
96.0
144.0
48.0
228.0
127.5
109.5
142.5
120.0
205.5
178.5
54.0
159.0
237.0
138.0
199.5
34.5
58.5
169.5
70.5
28.5
159.0
18.0
207.0
130.5
111.0
157.5
181.5
166.5
189.0
91.5
90.0
6.0
78.0
39.0
136.5
145.5
159.0
72.0
166.5
166.5
156.0
55.5
91.5
130.5
49.5
97.5
30.0
153.0
198.0
159.0
277.5
30.0
169.5
87.0
99.0
123.0
202.5
73.5
55.5
57.0
60.0
51.0
39.0
94.5
147.0
120.0
150.0
103.5
307.5
172.5
40.5
262.5
109.5
70.5
72.0
153.0
36.0
138.0
48.0
63.0
91.5
69.0
108.0
183.0
198.0
202.5
60.0
82.5
111.0
10.5
40.5
216.0
199.5
75.0
73.5
241.5
166.5
91.5
237.0
187.5
64.5
118.5
66.0
64.5
171.0
298.5
37.5
124.5
144.0
70.5
115.5
85.5
84.0
75.0
81.0
69.0
157.5
48.0
160.5
165.0
76.5
121.5
96.0
21.0
27.0
153.0
79.5
133.5
214.5
85.5
181.5
247.5
96.0
67.5
30.0
189.0
204.0
55.5
190.5
58.5
81.0
42.0
222.0
163.5
121.5
67.5
87.0
232.5
81.0
274.5
106.5
394.5
51.0
244.5
54.0
39.0
106.5
184.5
246.0
253.5
27.0
93.0
124.5
66.0
64.5
15.0
126.0
93.0
225.0
177.0
180.0
81.0
300.0
81.0
15.0
211.5
307.5
121.5
142.5
124.5
163.5
186.0
120.0
145.5
232.5
301.5
183.0
66.0
58.5
154.5
66.0
112.5
189.0
127.5
192.0
85.5
96.0
28.5
63.0
34.5
181.5
112.5
184.5
139.5
93.0
76.5
256.5
226.5
114.0
133.5
69.0
201.0
99.0
199.5
147.0
268.5
49.5
48.0
52.5
55.5
73.5
67.5
177.0
118.5
138.0
70.5
244.5
72.0
366.0
66.0
75.0
171.0
133.5
174.0
94.5
58.5
18.0
87.0
229.5
105.0
66.0
97.5
82.5
219.0
28.5
195.0
123.0
124.5
60.0
114.0
61.5
258.0
48.0
204.0
204.0
225.0
103.5
144.0
33.0
87.0
64.5
132.0
91.5
102.0
250.5
168.0
135.0
108.0
63.0
172.5
235.5
45.0
141.0
190.5
196.5
88.5
82.5
97.5
63.0
153.0
60.0
148.5
78.0
96.0
292.5
120.0
91.5
178.5
27.0
102.0
63.0
124.5
145.5
25.5
181.5
172.5
207.0
168.0
135.0
163.5
93.0
34.5
100.5
180.0
78.0
243.0
186.0
6.0
48.0
34.5
115.5
109.5
148.5
112.5
261.0
187.5
49.5
220.5
126.0
169.5
292.5
172.5
55.5
165.0
85.5
117.0
100.5
121.5
81.0
25.5
40.5
285.0
148.5
57.0
52.5
138.0
40.5
120.0
198.0
99.0
78.0
139.5
90.0
276.0
117.0
90.0
99.0
153.0
67.5
93.0
339.0
261.0
178.5
135.0
118.5
57.0
141.0
82.5
244.5
298.5
60.0
195.0
52.5
49.5
276.0
54.0
40.5
84.0
337.5
156.0
175.5
210.0
174.0
147.0
