208.5
429.0
487.5
343.5
433.5
468.0
447.0
307.5
378.0
477.0
450.0
373.5
465.0
450.0
427.5
376.5
192.0
268.5
406.5
340.5
433.5
253.5
397.5
441.0
459.0
186.0
427.5
349.5
370.5
459.0
118.5
144.0
217.5
367.5
417.0
123.0
483.0
505.5
429.0
411.0
399.0
414.0
466.5
430.5
330.0
391.5
468.0
399.0
453.0
114.0
244.5
256.5
369.0
63.0
460.5
202.5
424.5
405.0
196.5
202.5
348.0
436.5
373.5
421.5
289.5
442.5
454.5
397.5
426.0
211.5
211.5
202.5
405.0
444.0
382.5
453.0
213.0
457.5
339.0
405.0
312.0
384.0
465.0
486.0
475.5
223.5
442.5
385.5
366.0
324.0
451.5
219.0
375.0
306.0
121.5
409.5
394.5
318.0
478.5
349.5
105.0
435.0
316.5
402.0
396.0
375.0
309.0
447.0
364.5
168.0
343.5
442.5
297.0
315.0
426.0
373.5
358.5
190.5
381.0
169.5
442.5
462.0
489.0
450.0
252.0
333.0
306.0
364.5
456.0
192.0
438.0
258.0
336.0
76.5
462.0
465.0
450.0
436.5
463.5
256.5
415.5
462.0
409.5
438.0
324.0
424.5
234.0
406.5
426.0
481.5
438.0
223.5
450.0
352.5
378.0
481.5
240.0
312.0
253.5
448.5
471.0
453.0
498.0
421.5
310.5
277.5
436.5
36.0
246.0
450.0
388.5
445.5
427.5
372.0
387.0
418.5
300.0
424.5
298.5
342.0
21.0
453.0
490.5
472.5
106.5
45.0
325.5
331.5
423.0
448.5
225.0
231.0
355.5
399.0
148.5
294.0
223.5
138.0
418.5
354.0
441.0
226.5
388.5
145.5
466.5
336.0
420.0
426.0
285.0
421.5
411.0
339.0
513.0
126.0
102.0
375.0
394.5
174.0
393.0
448.5
457.5
136.5
345.0
382.5
285.0
430.5
322.5
408.0
409.5
325.5
385.5
273.0
403.5
61.5
309.0
424.5
295.5
445.5
265.5
469.5
409.5
169.5
355.5
91.5
351.0
322.5
379.5
351.0
222.0
462.0
168.0
120.0
261.0
331.5
360.0
505.5
214.5
475.5
474.0
226.5
399.0
222.0
474.0
138.0
330.0
426.0
195.0
421.5
243.0
237.0
34.5
429.0
336.0
468.0
420.0
148.5
424.5
255.0
136.5
418.5
276.0
433.5
376.5
321.0
322.5
87.0
460.5
462.0
309.0
207.0
409.5
354.0
237.0
291.0
465.0
301.5
348.0
250.5
379.5
216.0
456.0
462.0
489.0
423.0
159.0
480.0
84.0
310.5
382.5
438.0
453.0
447.0
231.0
297.0
456.0
354.0
336.0
454.5
450.0
477.0
147.0
436.5
457.5
426.0
367.5
397.5
246.0
412.5
432.0
226.5
403.5
309.0
466.5
331.5
460.5
265.5
420.0
361.5
462.0
22.5
226.5
234.0
468.0
454.5
387.0
390.0
328.5
325.5
469.5
442.5
372.0
127.5
400.5
460.5
370.5
252.0
513.0
48.0
358.5
153.0
357.0
163.5
492.0
244.5
474.0
295.5
417.0
306.0
420.0
420.0
126.0
240.0
387.0
363.0
400.5
379.5
493.5
166.5
364.5
166.5
321.0
201.0
481.5
373.5
507.0
403.5
501.0
414.0
418.5
352.5
222.0
214.5
337.5
376.5
385.5
183.0
471.0
130.5
411.0
348.0
339.0
232.5
495.0
472.5
253.5
124.5
82.5
421.5
472.5
379.5
445.5
417.0
486.0
84.0
406.5
424.5
400.5
363.0
262.5
481.5
109.5
463.5
237.0
190.5
294.0
384.0
256.5
342.0
378.0
415.5
372.0
451.5
487.5
163.5
423.0
478.5
492.0
279.0
405.0
432.0
220.5
292.5
499.5
415.5
414.0
462.0
414.0
436.5
400.5
354.0
412.5
252.0
184.5
270.0
483.0
426.0
237.0
240.0
444.0
417.0
426.0
339.0
348.0
427.5
457.5
468.0
462.0
357.0
300.0
402.0
148.5
384.0
462.0
475.5
448.5
432.0
427.5
453.0
462.0
331.5
420.0
420.0
160.5
48.0
294.0
397.5
496.5
445.5
372.0
405.0
28.5
408.0
337.5
265.5
396.0
361.5
435.0
468.0
457.5
381.0
279.0
378.0
361.5
372.0
415.5
303.0
493.5
444.0
321.0
168.0
405.0
307.5
351.0
432.0
427.5
372.0
283.5
324.0
370.5
408.0
352.5
460.5
228.0
339.0
261.0
385.5
418.5
364.5
237.0
358.5
40.5
418.5
93.0
138.0
442.5
327.0
300.0
442.5
459.0
48.0
456.0
145.5
496.5
388.5
511.5
201.0
450.0
457.5
391.5
313.5
127.5
433.5
405.0
168.0
457.5
442.5
426.0
475.5
487.5
382.5
487.5
348.0
318.0
351.0
423.0
267.0
57.0
159.0
429.0
406.5
511.5
370.5
408.0
370.5
322.5
420.0
390.0
493.5
424.5
273.0
424.5
438.0
469.5
489.0
486.0
408.0
469.5
427.5
174.0
310.5
163.5
463.5
193.5
193.5
373.5
483.0
282.0
105.0
214.5
265.5
432.0
433.5
309.0
409.5
390.0
493.5
408.0
475.5
486.0
495.0
442.5
466.5
400.5
465.0
273.0
276.0
382.5
403.5
388.5
441.0
442.5
450.0
348.0
301.5
217.5
409.5
424.5
219.0
378.0
273.0
270.0
126.0
172.5
379.5
343.5
492.0
171.0
217.5
409.5
229.5
229.5
219.0
414.0
63.0
426.0
378.0
415.5
337.5
76.5
397.5
100.5
360.0
373.5
459.0
324.0
237.0
169.5
300.0
235.5
325.5
474.0
87.0
270.0
418.5
502.5
204.0
249.0
303.0
394.5
72.0
453.0
316.5
312.0
234.0
370.5
369.0
205.5
436.5
478.5
487.5
495.0
330.0
403.5
270.0
295.5
297.0
153.0
384.0
316.5
147.0
336.0
97.5
418.5
136.5
120.0
445.5
115.5
448.5
381.0
477.0
348.0
474.0
486.0
402.0
471.0
339.0
505.5
217.5
474.0
229.5
66.0
456.0
376.5
445.5
486.0
448.5
177.0
471.0
405.0
370.5
444.0
328.5
411.0
486.0
420.0
292.5
364.5
420.0
394.5
415.5
411.0
373.5
369.0
400.5
471.0
418.5
361.5
427.5
280.5
490.5
376.5
475.5
376.5
145.5
115.5
460.5
354.0
487.5
391.5
397.5
312.0
66.0
355.5
313.5
241.5
460.5
379.5
274.5
34.5
495.0
375.0
445.5
382.5
448.5
438.0
160.5
357.0
228.0
79.5
445.5
231.0
249.0
495.0
432.0
159.0
262.5
399.0
337.5
183.0
99.0
375.0
405.0
280.5
354.0
426.0
439.5
261.0
316.5
189.0
433.5
429.0
250.5
438.0
459.0
295.5
483.0
466.5
405.0
301.5
363.0
382.5
133.5
261.0
447.0
468.0
457.5
378.0
456.0
333.0
375.0
441.0
492.0
85.5
294.0
457.5
399.0
201.0
421.5
295.5
396.0
507.0
46.5
402.0
451.5
342.0
208.5
390.0
421.5
333.0
250.5
427.5
37.5
144.0
123.0
163.5
430.5
330.0
279.0
430.5
408.0
355.5
462.0
447.0
108.0
345.0
397.5
340.5
258.0
429.0
418.5
477.0
180.0
379.5
396.0
324.0
162.0
400.5
351.0
465.0
76.5
289.5
331.5
343.5
426.0
444.0
244.5
58.5
439.5
411.0
438.0
289.5
396.0
276.0
340.5
460.5
495.0
381.0
466.5
423.0
241.5
72.0
184.5
406.5
211.5
447.0
477.0
30.0
267.0
468.0
309.0
168.0
451.5
250.5
493.5
418.5
405.0
159.0
336.0
268.5
456.0
117.0
439.5
349.5
97.5
411.0
414.0
406.5
448.5
459.0
466.5
360.0
450.0
478.5
468.0
385.5
256.5
418.5
363.0
399.0
375.0
406.5
360.0
408.0
375.0
247.5
87.0
456.0
465.0
136.5
270.0
466.5
445.5
85.5
382.5
427.5
430.5
181.5
505.5
474.0
456.0
211.5
451.5
424.5
435.0
217.5
346.5
310.5
141.0
450.0
328.5
432.0
100.5
400.5
274.5
390.0
468.0
496.5
381.0
447.0
265.5
76.5
279.0
369.0
493.5
201.0
367.5
361.5
345.0
456.0
382.5
339.0
502.5
453.0
444.0
382.5
196.5
315.0
406.5
385.5
274.5
387.0
67.5
408.0
417.0
37.5
352.5
223.5
396.0
76.5
436.5
426.0
369.0
283.5
505.5
169.5
312.0
439.5
390.0
523.5
418.5
375.0
192.0
361.5
1.5
451.5
219.0
481.5
471.0
51.0
361.5
441.0
397.5
343.5
178.5
267.0
424.5
286.5
340.5
46.5
376.5
325.5
298.5
457.5
120.0
367.5
301.5
486.0
475.5
394.5
364.5
319.5
372.0
460.5
384.0
370.5
445.5
282.0
478.5
403.5
423.0
307.5
69.0
451.5
409.5
387.0
348.0
249.0
256.5
489.0
424.5
481.5
157.5
354.0
91.5
496.5
495.0
201.0
180.0
355.5
253.5
382.5
417.0
354.0
223.5
420.0
436.5
90.0
334.5
370.5
81.0
489.0
241.5
334.5
357.0
357.0
409.5
36.0
343.5
373.5
340.5
265.5
435.0
63.0
450.0
444.0
486.0
354.0
247.5
342.0
468.0
363.0
403.5
388.5
460.5
183.0
276.0
396.0
369.0
444.0
187.5
403.5
427.5
393.0
391.5
325.5
451.5
423.0
180.0
369.0
435.0
375.0
301.5
447.0
474.0
501.0
393.0
432.0
277.5
256.5
96.0
382.5
93.0
172.5
348.0
390.0
412.5
439.5
61.5
415.5
375.0
468.0
310.5
429.0
450.0
378.0
253.5
430.5
379.5
409.5
138.0
459.0
343.5
396.0
61.5
22.5
435.0
472.5
165.0
148.5
457.5
345.0
414.0
450.0
333.0
294.0
355.5
402.0
54.0
414.0
439.5
244.5
418.5
432.0
490.5
210.0
375.0
199.5
355.5
382.5
384.0
432.0
420.0
42.0
435.0
232.5
430.5
217.5
198.0
456.0
420.0
504.0
426.0
312.0
151.5
327.0
390.0
462.0
286.5
81.0
450.0
220.5
426.0
393.0
490.5
280.5
336.0
358.5
426.0
435.0
165.0
171.0
369.0
93.0
339.0
379.5
465.0
171.0
424.5
457.5
438.0
424.5
388.5
441.0
352.5
399.0
159.0
55.5
226.5
280.5
325.5
384.0
342.0
394.5
333.0
406.5
234.0
204.0
201.0
388.5
379.5
438.0
226.5
397.5
51.0
457.5
480.0
136.5
444.0
202.5
346.5
388.5
394.5
151.5
411.0
349.5
237.0
79.5
406.5
414.0
382.5
298.5
87.0
414.0
415.5
261.0
405.0
310.5
295.5
472.5
397.5
400.5
430.5
339.0
448.5
390.0
396.0
474.0
205.5
495.0
424.5
364.5
306.0
183.0
138.0
133.5
414.0
345.0
381.0
249.0
457.5
192.0
243.0
174.0
286.5
136.5
118.5
454.5
274.5
492.0
372.0
420.0
300.0
361.5
252.0
295.5
396.0
439.5
352.5
433.5
394.5
303.0
339.0
348.0
240.0
357.0
424.5
360.0
475.5
307.5
493.5
457.5
336.0
384.0
451.5
432.0
411.0
462.0
292.5
423.0
429.0
376.5
219.0
453.0
361.5
457.5
436.5
337.5
391.5
418.5
385.5
225.0
247.5
234.0
448.5
439.5
457.5
291.0
219.0
343.5
393.0
468.0
282.0
313.5
405.0
463.5
417.0
486.0
418.5
216.0
376.5
268.5
391.5
268.5
423.0
351.0
384.0
225.0
322.5
301.5
336.0
357.0
486.0
331.5
390.0
153.0
214.5
202.5
406.5
424.5
417.0
357.0
348.0
10.5
72.0
274.5
504.0
246.0
370.5
213.0
258.0
486.0
417.0
441.0
327.0
138.0
342.0
378.0
345.0
370.5
283.5
321.0
454.5
514.5
343.5
432.0
376.5
187.5
435.0
432.0
114.0
447.0
382.5
274.5
54.0
328.5
234.0
381.0
358.5
364.5
370.5
382.5
382.5
498.0
265.5
408.0
379.5
385.5
97.5
486.0
85.5
237.0
352.5
466.5
366.0
310.5
81.0
406.5
210.0
402.0
442.5
475.5
472.5
408.0
396.0
348.0
412.5
445.5
396.0
403.5
436.5
427.5
355.5
475.5
96.0
444.0
456.0
222.0
327.0
498.0
457.5
423.0
388.5
457.5
343.5
345.0
478.5
337.5
372.0
262.5
382.5
79.5
444.0
465.0
196.5
442.5
435.0
301.5
424.5
445.5
360.0
210.0
414.0
106.5
358.5
399.0
384.0
321.0
394.5
453.0
367.5
331.5
421.5
292.5
226.5
349.5
393.0
471.0
316.5
504.0
466.5
423.0
373.5
468.0
376.5
327.0
471.0
48.0
475.5
468.0
316.5
402.0
453.0
426.0
205.5
462.0
388.5
459.0
235.5
340.5
157.5
433.5
274.5
349.5
406.5
270.0
378.0
180.0
493.5
334.5
388.5
316.5
339.0
394.5
306.0
469.5
330.0
433.5
459.0
387.0
337.5
352.5
70.5
162.0
84.0
391.5
237.0
319.5
373.5
432.0
306.0
447.0
513.0
349.5
399.0
315.0
318.0
171.0
474.0
468.0
217.5
139.5
418.5
172.5
451.5
448.5
423.0
354.0
439.5
108.0
415.5
244.5
376.5
426.0
88.5
150.0
421.5
331.5
255.0
402.0
391.5
424.5
292.5
468.0
450.0
445.5
279.0
123.0
393.0
286.5
295.5
384.0
258.0
333.0
285.0
364.5
328.5
510.0
231.0
129.0
217.5
453.0
222.0
270.0
406.5
379.5
450.0
420.0
327.0
313.5
402.0
207.0
397.5
453.0
261.0
70.5
159.0
448.5
394.5
432.0
406.5
307.5
438.0
349.5
478.5
399.0
396.0
60.0
310.5
85.5
454.5
414.0
432.0
489.0
469.5
469.5
303.0
274.5
118.5
358.5
313.5
165.0
409.5
462.0
97.5
292.5
415.5
348.0
390.0
234.0
462.0
411.0
402.0
318.0
214.5
268.5
285.0
295.5
171.0
315.0
409.5
184.5
405.0
420.0
358.5
148.5
436.5
373.5
364.5
169.5
408.0
360.0
391.5
460.5
504.0
420.0
363.0
478.5
435.0
487.5
286.5
261.0
147.0
471.0
343.5
432.0
457.5
334.5
468.0
379.5
370.5
426.0
492.0
271.5
150.0
255.0
459.0
460.5
108.0
303.0
286.5
439.5
109.5
330.0
469.5
289.5
336.0
67.5
198.0
105.0
489.0
360.0
468.0
97.5
469.5
223.5
292.5
396.0
438.0
415.5
418.5
186.0
444.0
438.0
318.0
405.0
474.0
190.5
337.5
420.0
307.5
402.0
151.5
189.0
403.5
64.5
504.0
465.0
171.0
492.0
414.0
319.5
36.0
417.0
351.0
358.5
210.0
340.5
396.0
378.0
204.0
454.5
447.0
312.0
381.0
451.5
486.0
241.5
507.0
298.5
375.0
346.5
429.0
474.0
471.0
484.5
448.5
435.0
192.0
489.0
303.0
75.0
237.0
478.5
397.5
445.5
225.0
435.0
157.5
412.5
346.5
447.0
153.0
424.5
432.0
397.5
397.5
444.0
487.5
15.0
436.5
394.5
423.0
202.5
483.0
385.5
115.5
459.0
441.0
234.0
136.5
438.0
391.5
454.5
195.0
492.0
372.0
384.0
423.0
372.0
460.5
391.5
162.0
454.5
420.0
420.0
420.0
241.5
277.5
349.5
433.5
462.0
450.0
79.5
375.0
409.5
373.5
321.0
273.0
424.5
435.0
468.0
475.5
484.5
472.5
438.0
76.5
420.0
142.5
144.0
411.0
459.0
156.0
355.5
441.0
450.0
445.5
268.5
490.5
102.0
483.0
361.5
226.5
453.0
450.0
394.5
345.0
171.0
390.0
349.5
421.5
159.0
468.0
489.0
61.5
411.0
340.5
442.5
471.0
177.0
499.5
388.5
415.5
441.0
436.5
373.5
127.5
342.0
397.5
283.5
441.0
361.5
223.5
361.5
478.5
325.5
139.5
363.0
225.0
204.0
469.5
475.5
459.0
501.0
174.0
432.0
447.0
352.5
195.0
493.5
450.0
345.0
450.0
351.0
388.5
442.5
394.5
402.0
267.0
319.5
265.5
384.0
433.5
442.5
130.5
460.5
397.5
444.0
411.0
307.5
184.5
238.5
364.5
333.0
118.5
225.0
319.5
508.5
334.5
406.5
327.0
256.5
427.5
501.0
436.5
388.5
334.5
394.5
264.0
501.0
433.5
429.0
451.5
307.5
439.5
444.0
472.5
187.5
397.5
478.5
382.5
444.0
334.5
471.0
390.0
348.0
223.5
343.5
258.0
229.5
378.0
486.0
288.0
457.5
348.0
387.0
453.0
243.0
429.0
118.5
369.0
465.0
375.0
189.0
435.0
100.5
406.5
22.5
121.5
490.5
105.0
399.0
391.5
123.0
352.5
160.5
226.5
465.0
318.0
183.0
375.0
412.5
366.0
244.5
378.0
106.5
342.0
217.5
334.5
417.0
373.5
513.0
436.5
493.5
82.5
375.0
324.0
294.0
171.0
115.5
237.0
259.5
309.0
31.5
189.0
468.0
424.5
73.5
327.0
450.0
442.5
445.5
360.0
342.0
432.0
453.0
285.0
316.5
453.0
378.0
382.5
295.5
322.5
91.5
310.5
418.5
144.0
309.0
427.5
216.0
369.0
295.5
189.0
435.0
285.0
327.0
325.5
82.5
247.5
498.0
360.0
415.5
432.0
450.0
310.5
328.5
79.5
261.0
367.5
333.0
154.5
105.0
448.5
315.0
340.5
228.0
394.5
336.0
366.0
321.0
271.5
501.0
330.0
481.5
438.0
384.0
471.0
73.5
456.0
381.0
93.0
447.0
238.5
235.5
112.5
288.0
268.5
480.0
345.0
292.5
424.5
423.0
303.0
496.5
231.0
454.5
397.5
340.5
408.0
400.5
445.5
493.5
429.0
391.5
468.0
478.5
264.0
205.5
273.0
387.0
487.5
390.0
429.0
157.5
115.5
120.0
405.0
232.5
120.0
367.5
223.5
361.5
324.0
361.5
447.0
403.5
471.0
426.0
108.0
382.5
228.0
336.0
178.5
252.0
405.0
435.0
483.0
394.5
195.0
354.0
66.0
478.5
441.0
472.5
240.0
231.0
394.5
405.0
420.0
300.0
328.5
447.0
61.5
331.5
151.5
444.0
369.0
370.5
375.0
357.0
351.0
67.5
321.0
472.5
381.0
121.5
357.0
433.5
378.0
363.0
399.0
376.5
246.0
382.5
79.5
402.0
96.0
493.5
250.5
361.5
346.5
354.0
325.5
469.5
291.0
472.5
414.0
327.0
351.0
429.0
409.5
379.5
42.0
444.0
385.5
118.5
337.5
456.0
484.5
390.0
441.0
375.0
471.0
183.0
330.0
420.0
337.5
274.5
435.0
366.0
121.5
409.5
475.5
405.0
406.5
405.0
400.5
306.0
400.5
315.0
355.5
129.0
144.0
250.5
466.5
405.0
454.5
312.0
171.0
90.0
496.5
430.5
408.0
411.0
448.5
463.5
453.0
369.0
445.5
406.5
442.5
249.0
318.0
229.5
480.0
318.0
193.5
396.0
489.0
441.0
247.5
507.0
390.0
391.5
280.5
429.0
450.0
327.0
472.5
430.5
151.5
468.0
118.5
363.0
268.5
462.0
471.0
252.0
406.5
366.0
414.0
487.5
372.0
472.5
447.0
192.0
57.0
348.0
457.5
228.0
373.5
202.5
165.0
438.0
489.0
324.0
514.5
136.5
406.5
231.0
468.0
186.0
276.0
256.5
438.0
495.0
381.0
57.0
85.5
253.5
465.0
429.0
250.5
304.5
111.0
444.0
411.0
465.0
468.0
424.5
400.5
235.5
138.0
279.0
118.5
339.0
310.5
453.0
454.5
43.5
454.5
333.0
384.0
465.0
426.0
162.0
370.5
36.0
408.0
159.0
378.0
259.5
496.5
387.0
420.0
381.0
205.5
469.5
424.5
441.0
274.5
456.0
393.0
313.5
327.0
163.5
442.5
99.0
397.5
468.0
148.5
354.0
295.5
459.0
450.0
466.5
82.5
285.0
457.5
405.0
39.0
313.5
312.0
348.0
339.0
456.0
432.0
457.5
439.5
345.0
250.5
406.5
450.0
373.5
501.0
237.0
343.5
471.0
370.5
288.0
232.5
382.5
270.0
97.5
363.0
426.0
436.5
378.0
295.5
442.5
381.0
358.5
385.5
238.5
327.0
349.5
156.0
400.5
412.5
57.0
351.0
145.5
429.0
417.0
454.5
390.0
444.0
373.5
171.0
469.5
322.5
475.5
450.0
421.5
157.5
369.0
322.5
346.5
399.0
379.5
381.0
501.0
331.5
411.0
337.5
292.5
85.5
385.5
211.5
165.0
339.0
337.5
418.5
466.5
280.5
334.5
280.5
339.0
253.5
462.0
424.5
102.0
340.5
282.0
501.0
369.0
411.0
366.0
229.5
177.0
442.5
469.5
322.5
474.0
216.0
477.0
214.5
472.5
429.0
427.5
363.0
289.5
333.0
487.5
301.5
381.0
417.0
474.0
381.0
409.5
483.0
333.0
390.0
381.0
390.0
417.0
315.0
201.0
256.5
346.5
358.5
394.5
456.0
189.0
483.0
333.0
468.0
328.5
313.5
406.5
463.5
442.5
399.0
463.5
289.5
357.0
291.0
237.0
15.0
300.0
450.0
402.0
396.0
442.5
207.0
225.0
298.5
436.5
430.5
130.5
490.5
273.0
468.0
135.0
271.5
319.5
162.0
343.5
223.5
468.0
501.0
445.5
346.5
379.5
349.5
315.0
442.5
409.5
411.0
25.5
490.5
63.0
61.5
126.0
451.5
466.5
304.5
199.5
481.5
165.0
165.0
367.5
196.5
478.5
475.5
337.5
370.5
226.5
480.0
282.0
424.5
348.0
298.5
471.0
415.5
183.0
349.5
124.5
252.0
70.5
322.5
432.0
273.0
327.0
463.5
502.5
309.0
262.5
430.5
400.5
438.0
309.0
435.0
202.5
444.0
409.5
430.5
381.0
474.0
223.5
406.5
294.0
202.5
204.0
289.5
48.0
363.0
466.5
421.5
78.0
394.5
328.5
418.5
340.5
427.5
375.0
492.0
445.5
259.5
394.5
384.0
214.5
478.5
265.5
408.0
217.5
174.0
399.0
99.0
279.0
165.0
307.5
256.5
333.0
400.5
486.0
357.0
301.5
388.5
391.5
297.0
424.5
444.0
333.0
442.5
465.0
429.0
453.0
358.5
483.0
417.0
255.0
393.0
417.0
453.0
363.0
420.0
370.5
366.0
438.0
156.0
475.5
472.5
424.5
466.5
325.5
384.0
405.0
352.5
393.0
351.0
324.0
417.0
424.5
451.5
355.5
346.5
342.0
382.5
130.5
94.5
451.5
405.0
394.5
460.5
373.5
393.0
462.0
400.5
442.5
388.5
477.0
493.5
157.5
447.0
411.0
322.5
400.5
447.0
393.0
433.5
435.0
219.0
367.5
379.5
171.0
385.5
435.0
448.5
112.5
433.5
466.5
259.5
438.0
421.5
217.5
73.5
498.0
360.0
267.0
454.5
417.0
283.5
519.0
459.0
208.5
498.0
450.0
133.5
379.5
219.0
417.0
351.0
460.5
234.0
336.0
72.0
354.0
316.5
418.5
448.5
295.5
85.5
436.5
346.5
298.5
358.5
349.5
418.5
360.0
474.0
346.5
190.5
342.0
316.5
70.5
408.0
379.5
57.0
12.0
211.5
339.0
396.0
366.0
151.5
315.0
373.5
253.5
73.5
231.0
271.5
388.5
507.0
99.0
375.0
442.5
354.0
105.0
441.0
406.5
148.5
459.0
243.0
267.0
529.5
346.5
244.5
303.0
286.5
481.5
453.0
118.5
388.5
354.0
162.0
316.5
429.0
154.5
259.5
460.5
421.5
351.0
508.5
276.0
417.0
462.0
216.0
175.5
288.0
387.0
475.5
382.5
363.0
373.5
304.5
430.5
327.0
307.5
301.5
331.5
358.5
508.5
180.0
291.0
393.0
153.0
36.0
441.0
235.5
432.0
280.5
435.0
493.5
499.5
442.5
451.5
472.5
306.0
463.5
352.5
118.5
259.5
351.0
291.0
112.5
108.0
366.0
438.0
88.5
400.5
172.5
387.0
444.0
402.0
174.0
420.0
108.0
411.0
303.0
444.0
141.0
390.0
501.0
352.5
312.0
352.5
202.5
421.5
159.0
226.5
391.5
220.5
471.0
144.0
264.0
427.5
225.0
81.0
439.5
403.5
385.5
202.5
457.5
283.5
343.5
424.5
354.0
108.0
432.0
462.0
475.5
447.0
408.0
462.0
249.0
333.0
469.5
271.5
375.0
267.0
93.0
403.5
303.0
304.5
460.5
478.5
417.0
456.0
273.0
84.0
472.5
382.5
327.0
211.5
390.0
504.0
466.5
216.0
256.5
357.0
328.5
123.0
153.0
13.5
375.0
454.5
448.5
238.5
447.0
348.0
438.0
427.5
175.5
379.5
451.5
406.5
247.5
295.5
394.5
243.0
382.5
220.5
154.5
381.0
325.5
330.0
108.0
60.0
384.0
381.0
448.5
160.5
252.0
445.5
507.0
451.5
465.0
354.0
55.5
351.0
498.0
402.0
502.5
321.0
454.5
390.0
342.0
243.0
312.0
394.5
139.5
400.5
378.0
433.5
210.0
315.0
420.0
364.5
253.5
462.0
61.5
474.0
459.0
477.0
438.0
477.0
448.5
474.0
366.0
489.0
367.5
379.5
364.5
372.0
340.5
487.5
426.0
429.0
289.5
460.5
228.0
385.5
478.5
208.5
286.5
441.0
421.5
438.0
81.0
336.0
163.5
333.0
366.0
223.5
487.5
466.5
87.0
358.5
481.5
453.0
61.5
247.5
220.5
439.5
345.0
382.5
144.0
258.0
421.5
397.5
157.5
244.5
412.5
490.5
487.5
205.5
486.0
498.0
442.5
318.0
376.5
427.5
279.0
445.5
420.0
406.5
442.5
282.0
390.0
480.0
360.0
409.5
355.5
432.0
388.5
432.0
378.0
198.0
438.0
220.5
361.5
478.5
261.0
418.5
505.5
190.5
462.0
447.0
402.0
454.5
138.0
333.0
435.0
253.5
375.0
426.0
490.5
391.5
451.5
447.0
69.0
334.5
226.5
441.0
387.0
358.5
265.5
319.5
471.0
336.0
291.0
307.5
72.0
192.0
379.5
385.5
457.5
483.0
318.0
118.5
373.5
46.5
279.0
84.0
318.0
478.5
102.0
409.5
456.0
403.5
231.0
471.0
444.0
304.5
297.0
199.5
423.0
438.0
429.0
294.0
397.5
181.5
301.5
438.0
273.0
78.0
282.0
376.5
163.5
304.5
385.5
295.5
169.5
225.0
309.0
415.5
426.0
369.0
336.0
330.0
237.0
355.5
498.0
507.0
450.0
423.0
439.5
436.5
151.5
300.0
375.0
417.0
430.5
192.0
355.5
300.0
336.0
441.0
400.5
390.0
465.0
393.0
499.5
310.5
393.0
421.5
438.0
133.5
312.0
439.5
478.5
235.5
300.0
444.0
375.0
412.5
435.0
88.5
358.5
250.5
390.0
357.0
183.0
429.0
360.0
460.5
355.5
447.0
454.5
390.0
165.0
406.5
447.0
111.0
429.0
222.0
420.0
321.0
517.5
234.0
462.0
466.5
457.5
472.5
454.5
408.0
345.0
342.0
61.5
411.0
480.0
474.0
456.0
228.0
478.5
424.5
352.5
219.0
312.0
427.5
459.0
115.5
312.0
345.0
448.5
282.0
420.0
408.0
421.5
436.5
469.5
348.0
268.5
307.5
406.5
313.5
402.0
490.5
334.5
319.5
372.0
118.5
367.5
364.5
249.0
96.0
412.5
348.0
310.5
426.0
258.0
391.5
486.0
436.5
484.5
157.5
454.5
394.5
177.0
372.0
162.0
420.0
231.0
348.0
225.0
397.5
258.0
202.5
240.0
388.5
316.5
97.5
397.5
424.5
496.5
423.0
408.0
465.0
300.0
373.5
133.5
235.5
364.5
250.5
453.0
402.0
345.0
234.0
486.0
459.0
432.0
408.0
387.0
60.0
165.0
159.0
426.0
462.0
408.0
223.5
148.5
388.5
85.5
501.0
432.0
366.0
306.0
258.0
435.0
231.0
312.0
321.0
279.0
400.5
454.5
351.0
313.5
364.5
378.0
432.0
409.5
468.0
489.0
333.0
492.0
111.0
43.5
411.0
454.5
205.5
412.5
465.0
283.5
508.5
352.5
186.0
166.5
475.5
376.5
181.5
415.5
397.5
169.5
408.0
342.0
310.5
379.5
432.0
94.5
316.5
429.0
370.5
198.0
294.0
72.0
349.5
486.0
453.0
271.5
414.0
342.0
357.0
391.5
252.0
435.0
202.5
285.0
348.0
442.5
121.5
118.5
484.5
358.5
360.0
288.0
61.5
463.5
289.5
279.0
213.0
168.0
498.0
460.5
396.0
108.0
405.0
366.0
385.5
373.5
396.0
228.0
439.5
388.5
379.5
399.0
465.0
348.0
237.0
222.0
408.0
240.0
397.5
166.5
111.0
285.0
250.5
357.0
213.0
433.5
444.0
318.0
445.5
418.5
378.0
309.0
258.0
505.5
441.0
180.0
403.5
385.5
214.5
358.5
186.0
382.5
415.5
424.5
457.5
420.0
427.5
474.0
318.0
468.0
240.0
243.0
375.0
249.0
157.5
363.0
264.0
360.0
472.5
420.0
502.5
402.0
411.0
414.0
237.0
451.5
247.5
438.0
187.5
306.0
88.5
102.0
24.0
492.0
442.5
58.5
448.5
384.0
408.0
217.5
121.5
372.0
162.0
372.0
160.5
465.0
451.5
414.0
337.5
489.0
204.0
403.5
363.0
232.5
388.5
75.0
192.0
355.5
384.0
409.5
364.5
210.0
301.5
357.0
285.0
448.5
153.0
148.5
60.0
439.5
241.5
438.0
309.0
408.0
439.5
378.0
109.5
472.5
150.0
414.0
396.0
289.5
442.5
400.5
340.5
238.5
402.0
175.5
376.5
420.0
336.0
424.5
150.0
517.5
357.0
309.0
288.0
367.5
471.0
450.0
147.0
316.5
390.0
249.0
289.5
432.0
406.5
211.5
478.5
319.5
411.0
403.5
399.0
459.0
99.0
133.5
466.5
367.5
460.5
397.5
414.0
306.0
445.5
438.0
390.0
403.5
184.5
477.0
309.0
370.5
456.0
72.0
394.5
85.5
319.5
357.0
187.5
384.0
423.0
306.0
504.0
331.5
415.5
352.5
423.0
241.5
112.5
403.5
369.0
445.5
325.5
72.0
513.0
499.5
28.5
423.0
313.5
190.5
124.5
444.0
255.0
423.0
405.0
291.0
412.5
94.5
423.0
249.0
465.0
369.0
450.0
355.5
466.5
424.5
403.5
384.0
361.5
388.5
462.0
387.0
339.0
502.5
447.0
405.0
292.5
322.5
432.0
417.0
121.5
330.0
64.5
447.0
402.0
378.0
463.5
427.5
282.0
256.5
184.5
271.5
447.0
151.5
225.0
337.5
214.5
157.5
442.5
436.5
426.0
297.0
363.0
252.0
409.5
484.5
474.0
372.0
118.5
471.0
250.5
106.5
406.5
480.0
183.0
415.5
393.0
433.5
486.0
88.5
466.5
120.0
274.5
324.0
249.0
487.5
442.5
453.0
366.0
394.5
435.0
429.0
42.0
264.0
288.0
261.0
361.5
403.5
364.5
429.0
351.0
370.5
364.5
102.0
441.0
165.0
331.5
492.0
208.5
381.0
321.0
126.0
375.0
378.0
394.5
399.0
247.5
354.0
331.5
124.5
429.0
501.0
378.0
375.0
171.0
78.0
465.0
499.5
420.0
345.0
348.0
445.5
505.5
408.0
381.0
58.5
421.5
342.0
90.0
387.0
133.5
313.5
132.0
309.0
435.0
435.0
339.0
303.0
349.5
316.5
352.5
438.0
277.5
291.0
495.0
427.5
441.0
403.5
214.5
108.0
319.5
69.0
201.0
486.0
312.0
342.0
268.5
151.5
378.0
420.0
186.0
55.5
382.5
16.5
333.0
99.0
193.5
106.5
303.0
36.0
426.0
94.5
205.5
420.0
433.5
391.5
333.0
475.5
361.5
372.0
486.0
463.5
493.5
280.5
196.5
405.0
234.0
342.0
390.0
208.5
445.5
463.5
484.5
394.5
160.5
273.0
292.5
207.0
454.5
414.0
357.0
436.5
285.0
250.5
174.0
454.5
255.0
354.0
73.5
195.0
79.5
408.0
214.5
288.0
361.5
453.0
256.5
345.0
421.5
372.0
412.5
141.0
376.5
394.5
411.0
427.5
57.0
483.0
352.5
424.5
370.5
352.5
292.5
309.0
162.0
105.0
405.0
384.0
322.5
454.5
414.0
390.0
45.0
363.0
393.0
393.0
121.5
403.5
474.0
162.0
252.0
412.5
475.5
333.0
205.5
352.5
184.5
321.0
346.5
456.0
277.5
309.0
423.0
400.5
417.0
474.0
436.5
378.0
477.0
135.0
387.0
379.5
424.5
472.5
234.0
489.0
258.0
396.0
495.0
36.0
393.0
384.0
417.0
381.0
139.5
445.5
216.0
462.0
226.5
397.5
501.0
429.0
411.0
379.5
243.0
412.5
423.0
367.5
357.0
424.5
250.5
274.5
429.0
237.0
408.0
382.5
460.5
367.5
354.0
489.0
373.5
397.5
459.0
478.5
448.5
292.5
276.0
507.0
339.0
426.0
460.5
70.5
279.0
414.0
348.0
427.5
453.0
397.5
397.5
310.5
99.0
198.0
226.5
150.0
285.0
183.0
421.5
442.5
412.5
162.0
295.5
330.0
429.0
196.5
393.0
250.5
393.0
217.5
366.0
351.0
306.0
162.0
498.0
216.0
459.0
279.0
406.5
402.0
193.5
231.0
318.0
252.0
249.0
289.5
210.0
418.5
82.5
310.5
292.5
370.5
189.0
426.0
286.5
439.5
202.5
349.5
331.5
390.0
232.5
351.0
460.5
468.0
367.5
378.0
472.5
412.5
438.0
441.0
346.5
109.5
472.5
384.0
448.5
393.0
373.5
388.5
340.5
478.5
475.5
466.5
72.0
471.0
441.0
286.5
429.0
292.5
273.0
366.0
462.0
483.0
388.5
415.5
342.0
469.5
457.5
468.0
315.0
453.0
382.5
411.0
180.0
418.5
199.5
364.5
465.0
63.0
406.5
450.0
412.5
429.0
438.0
396.0
489.0
298.5
378.0
258.0
223.5
342.0
166.5
390.0
373.5
300.0
481.5
351.0
189.0
148.5
162.0
175.5
349.5
204.0
477.0
219.0
450.0
247.5
415.5
90.0
439.5
273.0
244.5
475.5
438.0
331.5
462.0
177.0
327.0
108.0
457.5
445.5
366.0
430.5
76.5
330.0
384.0
400.5
117.0
471.0
471.0
369.0
79.5
420.0
354.0
159.0
355.5
376.5
52.5
315.0
450.0
387.0
475.5
445.5
402.0
121.5
97.5
430.5
468.0
267.0
462.0
192.0
16.5
337.5
480.0
109.5
469.5
166.5
421.5
367.5
436.5
394.5
384.0
432.0
433.5
375.0
412.5
312.0
348.0
307.5
493.5
349.5
402.0
310.5
459.0
364.5
246.0
103.5
372.0
427.5
310.5
384.0
343.5
64.5
115.5
433.5
375.0
450.0
195.0
424.5
477.0
352.5
330.0
96.0
274.5
393.0
466.5
516.0
198.0
375.0
414.0
397.5
297.0
432.0
349.5
267.0
424.5
382.5
408.0
436.5
223.5
420.0
250.5
214.5
388.5
216.0
463.5
343.5
193.5
90.0
304.5
223.5
441.0
282.0
427.5
463.5
346.5
463.5
192.0
151.5
42.0
343.5
444.0
385.5
295.5
166.5
366.0
417.0
303.0
363.0
388.5
159.0
384.0
445.5
379.5
154.5
292.5
447.0
168.0
132.0
81.0
325.5
451.5
466.5
451.5
312.0
282.0
381.0
210.0
262.5
423.0
369.0
321.0
349.5
414.0
355.5
310.5
117.0
312.0
492.0
415.5
462.0
468.0
361.5
492.0
429.0
270.0
387.0
234.0
396.0
475.5
276.0
73.5
372.0
498.0
366.0
411.0
360.0
345.0
354.0
349.5
369.0
454.5
412.5
403.5
379.5
321.0
379.5
252.0
99.0
441.0
402.0
316.5
442.5
297.0
258.0
330.0
457.5
250.5
433.5
294.0
61.5
343.5
418.5
249.0
460.5
174.0
285.0
475.5
120.0
310.5
460.5
357.0
355.5
124.5
175.5
507.0
349.5
424.5
267.0
468.0
484.5
441.0
444.0
61.5
372.0
421.5
175.5
306.0
475.5
42.0
298.5
288.0
319.5
355.5
439.5
366.0
271.5
417.0
261.0
208.5
168.0
357.0
478.5
354.0
487.5
429.0
424.5
93.0
424.5
330.0
418.5
468.0
307.5
195.0
442.5
322.5
109.5
483.0
453.0
123.0
79.5
400.5
444.0
306.0
480.0
310.5
469.5
444.0
463.5
384.0
115.5
439.5
439.5
91.5
247.5
430.5
282.0
345.0
384.0
477.0
273.0
288.0
348.0
378.0
273.0
306.0
486.0
471.0
472.5
412.5
136.5
400.5
388.5
522.0
288.0
454.5
429.0
358.5
400.5
502.5
466.5
384.0
342.0
246.0
373.5
456.0
439.5
136.5
391.5
463.5
279.0
435.0
304.5
451.5
337.5
378.0
193.5
400.5
67.5
456.0
421.5
417.0
249.0
105.0
222.0
354.0
472.5
397.5
427.5
334.5
160.5
97.5
351.0
448.5
391.5
355.5
309.0
78.0
414.0
408.0
406.5
177.0
382.5
211.5
153.0
39.0
81.0
492.0
358.5
354.0
393.0
235.5
409.5
339.0
426.0
474.0
195.0
423.0
292.5
478.5
378.0
252.0
424.5
355.5
472.5
97.5
390.0
334.5
370.5
118.5
435.0
411.0
421.5
411.0
214.5
469.5
414.0
409.5
492.0
445.5
477.0
393.0
402.0
352.5
438.0
300.0
214.5
261.0
412.5
457.5
393.0
240.0
387.0
474.0
159.0
423.0
259.5
451.5
504.0
472.5
483.0
385.5
387.0
406.5
228.0
364.5
117.0
333.0
292.5
304.5
403.5
435.0
433.5
435.0
385.5
487.5
312.0
319.5
231.0
435.0
498.0
372.0
462.0
486.0
402.0
396.0
459.0
313.5
336.0
316.5
402.0
435.0
28.5
394.5
463.5
414.0
210.0
445.5
432.0
64.5
216.0
124.5
427.5
384.0
316.5
460.5
304.5
370.5
343.5
451.5
436.5
400.5
489.0
421.5
316.5
166.5
385.5
424.5
441.0
487.5
472.5
163.5
459.0
423.0
201.0
456.0
187.5
262.5
99.0
172.5
279.0
483.0
333.0
439.5
106.5
394.5
396.0
453.0
405.0
198.0
408.0
306.0
285.0
414.0
46.5
319.5
489.0
393.0
504.0
427.5
219.0
417.0
36.0
450.0
366.0
142.5
391.5
465.0
262.5
387.0
426.0
408.0
352.5
471.0
400.5
357.0
492.0
439.5
88.5
457.5
139.5
433.5
360.0
141.0
400.5
466.5
292.5
315.0
444.0
108.0
112.5
469.5
474.0
402.0
352.5
253.5
376.5
126.0
352.5
183.0
307.5
444.0
190.5
451.5
430.5
307.5
411.0
478.5
483.0
375.0
312.0
438.0
223.5
376.5
408.0
291.0
474.0
55.5
444.0
397.5
474.0
441.0
429.0
354.0
429.0
349.5
397.5
400.5
226.5
202.5
382.5
516.0
184.5
264.0
412.5
430.5
114.0
172.5
492.0
498.0
396.0
429.0
483.0
421.5
105.0
343.5
465.0
367.5
351.0
285.0
309.0
216.0
397.5
394.5
480.0
171.0
522.0
369.0
60.0
432.0
406.5
294.0
165.0
418.5
415.5
441.0
447.0
397.5
366.0
370.5
444.0
433.5
387.0
357.0
337.5
237.0
175.5
450.0
289.5
415.5
403.5
379.5
379.5
375.0
460.5
396.0
444.0
342.0
336.0
411.0
300.0
432.0
399.0
268.5
456.0
484.5
312.0
438.0
336.0
478.5
183.0
388.5
405.0
363.0
339.0
438.0
357.0
438.0
462.0
405.0
361.5
394.5
418.5
388.5
208.5
475.5
433.5
466.5
373.5
165.0
232.5
372.0
379.5
123.0
433.5
417.0
328.5
355.5
243.0
465.0
378.0
280.5
402.0
316.5
444.0
450.0
313.5
349.5
489.0
172.5
426.0
393.0
382.5
360.0
375.0
409.5
340.5
420.0
405.0
423.0
444.0
292.5
123.0
288.0
405.0
330.0
406.5
312.0
453.0
457.5
106.5
264.0
279.0
370.5
474.0
145.5
201.0
451.5
415.5
438.0
310.5
436.5
433.5
457.5
220.5
447.0
132.0
136.5
475.5
403.5
358.5
129.0
249.0
283.5
127.5
109.5
147.0
196.5
433.5
45.0
87.0
435.0
262.5
438.0
351.0
427.5
234.0
412.5
237.0
388.5
168.0
307.5
355.5
354.0
358.5
508.5
372.0
211.5
294.0
331.5
414.0
244.5
475.5
136.5
429.0
441.0
418.5
85.5
403.5
508.5
463.5
121.5
489.0
400.5
399.0
336.0
225.0
385.5
393.0
366.0
309.0
369.0
448.5
351.0
315.0
453.0
246.0
400.5
471.0
427.5
355.5
376.5
273.0
136.5
136.5
454.5
148.5
384.0
258.0
463.5
123.0
387.0
375.0
313.5
457.5
280.5
426.0
408.0
400.5
387.0
484.5
328.5
381.0
138.0
168.0
225.0
283.5
376.5
409.5
151.5
229.5
406.5
454.5
402.0
475.5
213.0
163.5
400.5
331.5
369.0
456.0
367.5
186.0
334.5
357.0
477.0
453.0
355.5
430.5
336.0
412.5
147.0
262.5
385.5
442.5
244.5
144.0
453.0
379.5
246.0
360.0
373.5
490.5
261.0
150.0
405.0
397.5
430.5
415.5
70.5
304.5
385.5
292.5
489.0
430.5
142.5
324.0
292.5
354.0
405.0
181.5
126.0
363.0
465.0
333.0
457.5
427.5
457.5
430.5
496.5
127.5
475.5
280.5
423.0
369.0
439.5
400.5
451.5
352.5
393.0
412.5
391.5
235.5
466.5
439.5
399.0
57.0
267.0
439.5
342.0
402.0
52.5
397.5
156.0
285.0
298.5
505.5
435.0
151.5
460.5
187.5
130.5
336.0
220.5
363.0
363.0
151.5
172.5
466.5
465.0
486.0
462.0
346.5
324.0
282.0
363.0
361.5
387.0
418.5
451.5
271.5
316.5
397.5
312.0
327.0
406.5
277.5
177.0
222.0
60.0
292.5
366.0
85.5
444.0
457.5
453.0
102.0
430.5
508.5
346.5
354.0
288.0
271.5
312.0
439.5
519.0
408.0
186.0
154.5
393.0
73.5
417.0
298.5
436.5
180.0
405.0
447.0
199.5
511.5
325.5
376.5
424.5
336.0
357.0
234.0
328.5
441.0
130.5
96.0
322.5
435.0
114.0
478.5
85.5
322.5
468.0
448.5
403.5
418.5
426.0
390.0
304.5
127.5
231.0
391.5
468.0
237.0
51.0
496.5
256.5
55.5
409.5
381.0
459.0
466.5
343.5
442.5
409.5
393.0
190.5
459.0
307.5
291.0
