214.5
313.5
367.5
162.0
319.5
289.5
91.5
352.5
235.5
168.0
279.0
264.0
270.0
499.5
379.5
343.5
148.5
277.5
22.5
183.0
96.0
205.5
27.0
91.5
43.5
400.5
231.0
199.5
315.0
102.0
159.0
192.0
270.0
189.0
123.0
418.5
229.5
1.5
235.5
162.0
409.5
378.0
424.5
69.0
255.0
124.5
190.5
180.0
273.0
480.0
285.0
273.0
232.5
363.0
87.0
153.0
270.0
114.0
273.0
223.5
448.5
421.5
244.5
480.0
327.0
118.5
273.0
321.0
79.5
126.0
277.5
424.5
217.5
70.5
66.0
228.0
264.0
262.5
267.0
93.0
268.5
388.5
301.5
342.0
210.0
96.0
232.5
39.0
237.0
283.5
396.0
360.0
97.5
154.5
358.5
262.5
367.5
115.5
381.0
114.0
325.5
316.5
183.0
159.0
96.0
45.0
235.5
246.0
127.5
172.5
246.0
192.0
343.5
367.5
388.5
69.0
148.5
342.0
49.5
322.5
124.5
484.5
291.0
222.0
124.5
40.5
301.5
345.0
216.0
120.0
424.5
243.0
340.5
270.0
379.5
363.0
318.0
376.5
105.0
280.5
277.5
426.0
211.5
213.0
364.5
373.5
186.0
163.5
151.5
142.5
337.5
390.0
232.5
355.5
448.5
438.0
117.0
265.5
123.0
132.0
207.0
286.5
339.0
324.0
391.5
79.5
415.5
222.0
178.5
216.0
373.5
306.0
75.0
264.0
76.5
288.0
124.5
439.5
363.0
133.5
78.0
346.5
61.5
448.5
19.5
54.0
435.0
444.0
247.5
340.5
145.5
172.5
379.5
168.0
307.5
363.0
271.5
106.5
162.0
409.5
129.0
192.0
211.5
268.5
106.5
334.5
217.5
391.5
268.5
151.5
114.0
133.5
153.0
102.0
43.5
112.5
211.5
201.0
291.0
85.5
271.5
150.0
346.5
208.5
165.0
253.5
399.0
439.5
162.0
138.0
138.0
337.5
201.0
315.0
192.0
441.0
153.0
280.5
349.5
76.5
205.5
304.5
102.0
66.0
384.0
144.0
25.5
427.5
162.0
454.5
118.5
208.5
430.5
379.5
444.0
418.5
30.0
220.5
246.0
135.0
328.5
217.5
81.0
339.0
390.0
27.0
93.0
261.0
237.0
112.5
171.0
289.5
295.5
400.5
142.5
270.0
361.5
337.5
60.0
343.5
58.5
139.5
264.0
307.5
355.5
262.5
163.5
135.0
148.5
373.5
105.0
31.5
102.0
129.0
303.0
247.5
426.0
156.0
163.5
343.5
372.0
493.5
259.5
189.0
154.5
300.0
489.0
405.0
339.0
243.0
91.5
153.0
33.0
58.5
129.0
124.5
187.5
162.0
124.5
162.0
175.5
94.5
246.0
138.0
190.5
237.0
115.5
169.5
100.5
174.0
262.5
109.5
127.5
363.0
82.5
439.5
115.5
186.0
222.0
390.0
231.0
261.0
444.0
364.5
177.0
277.5
138.0
448.5
366.0
366.0
328.5
267.0
262.5
405.0
235.5
88.5
292.5
301.5
330.0
120.0
78.0
222.0
69.0
324.0
84.0
330.0
193.5
379.5
426.0
219.0
376.5
297.0
298.5
238.5
442.5
244.5
283.5
348.0
79.5
241.5
85.5
61.5
309.0
195.0
328.5
243.0
252.0
234.0
283.5
219.0
393.0
268.5
94.5
450.0
444.0
37.5
178.5
412.5
402.0
187.5
315.0
184.5
243.0
30.0
354.0
184.5
304.5
387.0
379.5
99.0
208.5
387.0
31.5
450.0
229.5
28.5
190.5
129.0
156.0
379.5
177.0
172.5
16.5
211.5
421.5
444.0
358.5
172.5
150.0
213.0
259.5
430.5
231.0
238.5
331.5
81.0
295.5
163.5
240.0
169.5
202.5
127.5
273.0
109.5
55.5
399.0
229.5
415.5
96.0
328.5
193.5
270.0
339.0
429.0
103.5
300.0
405.0
276.0
243.0
88.5
111.0
87.0
348.0
489.0
201.0
370.5
183.0
16.5
177.0
213.0
25.5
283.5
123.0
177.0
202.5
198.0
57.0
52.5
432.0
102.0
177.0
72.0
415.5
109.5
75.0
348.0
439.5
88.5
376.5
249.0
336.0
102.0
333.0
312.0
69.0
139.5
298.5
438.0
379.5
189.0
195.0
325.5
337.5
273.0
322.5
165.0
376.5
207.0
402.0
400.5
175.5
87.0
280.5
379.5
147.0
130.5
276.0
151.5
424.5
471.0
291.0
486.0
240.0
121.5
244.5
294.0
420.0
211.5
268.5
190.5
330.0
235.5
231.0
103.5
298.5
22.5
439.5
334.5
375.0
391.5
273.0
172.5
351.0
352.5
448.5
364.5
382.5
322.5
153.0
393.0
436.5
423.0
289.5
435.0
430.5
163.5
297.0
123.0
105.0
60.0
453.0
256.5
343.5
307.5
264.0
283.5
385.5
363.0
127.5
309.0
27.0
396.0
379.5
288.0
234.0
219.0
159.0
343.5
345.0
312.0
342.0
243.0
144.0
213.0
151.5
379.5
33.0
313.5
438.0
370.5
238.5
436.5
141.0
147.0
367.5
151.5
307.5
279.0
327.0
429.0
390.0
345.0
270.0
261.0
208.5
289.5
411.0
180.0
147.0
424.5
408.0
313.5
373.5
187.5
366.0
249.0
276.0
364.5
387.0
115.5
109.5
87.0
118.5
289.5
421.5
154.5
244.5
102.0
129.0
172.5
165.0
138.0
330.0
114.0
43.5
43.5
111.0
165.0
288.0
39.0
160.5
273.0
82.5
306.0
309.0
156.0
54.0
339.0
450.0
31.5
451.5
369.0
159.0
36.0
202.5
184.5
211.5
91.5
294.0
127.5
420.0
391.5
195.0
436.5
76.5
337.5
220.5
27.0
214.5
145.5
310.5
309.0
259.5
150.0
306.0
379.5
136.5
111.0
159.0
423.0
496.5
222.0
316.5
502.5
321.0
304.5
199.5
70.5
246.0
166.5
232.5
282.0
417.0
376.5
274.5
64.5
340.5
49.5
228.0
150.0
319.5
273.0
223.5
322.5
412.5
96.0
310.5
183.0
174.0
102.0
120.0
448.5
91.5
312.0
265.5
55.5
346.5
145.5
105.0
154.5
270.0
232.5
228.0
130.5
91.5
279.0
253.5
238.5
120.0
22.5
150.0
45.0
148.5
430.5
355.5
184.5
268.5
94.5
91.5
466.5
319.5
369.0
354.0
90.0
312.0
336.0
438.0
178.5
193.5
265.5
46.5
102.0
132.0
256.5
241.5
330.0
256.5
255.0
328.5
322.5
391.5
439.5
349.5
112.5
241.5
165.0
67.5
168.0
385.5
72.0
240.0
133.5
238.5
97.5
117.0
81.0
235.5
9.0
75.0
105.0
91.5
421.5
189.0
291.0
153.0
399.0
129.0
118.5
87.0
312.0
415.5
426.0
231.0
18.0
399.0
12.0
397.5
120.0
57.0
385.5
286.5
210.0
120.0
361.5
157.5
429.0
199.5
174.0
364.5
274.5
228.0
444.0
99.0
21.0
121.5
51.0
432.0
219.0
222.0
180.0
300.0
219.0
502.5
291.0
180.0
306.0
289.5
402.0
391.5
175.5
288.0
283.5
43.5
22.5
208.5
180.0
415.5
349.5
252.0
274.5
376.5
276.0
208.5
304.5
207.0
340.5
372.0
232.5
133.5
159.0
249.0
354.0
436.5
346.5
148.5
342.0
178.5
118.5
31.5
319.5
265.5
336.0
432.0
36.0
69.0
135.0
249.0
42.0
330.0
249.0
150.0
234.0
301.5
438.0
87.0
244.5
63.0
292.5
331.5
243.0
327.0
405.0
307.5
28.5
127.5
312.0
183.0
58.5
328.5
400.5
400.5
289.5
93.0
336.0
289.5
385.5
90.0
112.5
360.0
337.5
429.0
384.0
205.5
460.5
403.5
39.0
315.0
420.0
354.0
288.0
78.0
76.5
429.0
76.5
333.0
319.5
220.5
88.5
180.0
211.5
52.5
76.5
145.5
55.5
384.0
253.5
120.0
369.0
181.5
289.5
282.0
255.0
306.0
360.0
103.5
321.0
354.0
379.5
328.5
189.0
33.0
198.0
100.5
343.5
214.5
186.0
157.5
426.0
118.5
286.5
127.5
286.5
477.0
274.5
243.0
106.5
288.0
201.0
280.5
394.5
265.5
100.5
78.0
375.0
69.0
108.0
226.5
436.5
222.0
367.5
144.0
27.0
51.0
244.5
441.0
247.5
153.0
85.5
201.0
193.5
306.0
375.0
375.0
228.0
325.5
343.5
12.0
190.5
97.5
396.0
337.5
336.0
118.5
318.0
280.5
57.0
478.5
204.0
54.0
54.0
336.0
241.5
277.5
439.5
276.0
381.0
304.5
178.5
417.0
235.5
199.5
64.5
181.5
81.0
196.5
246.0
303.0
85.5
99.0
90.0
76.5
213.0
310.5
87.0
112.5
324.0
109.5
327.0
72.0
204.0
160.5
184.5
393.0
102.0
406.5
196.5
64.5
168.0
211.5
45.0
405.0
289.5
430.5
259.5
87.0
280.5
261.0
186.0
303.0
82.5
309.0
291.0
220.5
169.5
253.5
94.5
205.5
108.0
207.0
318.0
451.5
109.5
174.0
142.5
54.0
183.0
241.5
277.5
333.0
58.5
366.0
348.0
403.5
123.0
136.5
130.5
297.0
255.0
459.0
75.0
463.5
54.0
97.5
351.0
46.5
181.5
148.5
217.5
169.5
289.5
322.5
343.5
42.0
177.0
91.5
177.0
81.0
127.5
309.0
463.5
190.5
19.5
183.0
172.5
151.5
246.0
325.5
160.5
88.5
234.0
171.0
441.0
417.0
397.5
184.5
82.5
135.0
411.0
460.5
271.5
177.0
339.0
67.5
309.0
87.0
88.5
112.5
129.0
297.0
192.0
453.0
420.0
283.5
192.0
111.0
349.5
256.5
120.0
175.5
361.5
306.0
420.0
153.0
252.0
151.5
298.5
96.0
480.0
264.0
403.5
318.0
258.0
393.0
58.5
166.5
157.5
45.0
177.0
118.5
58.5
93.0
240.0
201.0
244.5
258.0
324.0
216.0
267.0
280.5
91.5
189.0
276.0
84.0
60.0
384.0
366.0
226.5
378.0
235.5
474.0
186.0
18.0
75.0
15.0
315.0
96.0
250.5
162.0
255.0
352.5
232.5
334.5
103.5
402.0
16.5
169.5
468.0
246.0
42.0
357.0
90.0
330.0
99.0
90.0
376.5
306.0
319.5
93.0
390.0
352.5
232.5
276.0
51.0
177.0
135.0
213.0
208.5
106.5
190.5
97.5
184.5
166.5
156.0
319.5
249.0
91.5
288.0
406.5
264.0
324.0
346.5
180.0
388.5
379.5
112.5
402.0
103.5
204.0
340.5
180.0
3.0
277.5
235.5
399.0
214.5
238.5
217.5
300.0
207.0
196.5
414.0
121.5
186.0
277.5
135.0
138.0
285.0
78.0
240.0
372.0
351.0
247.5
313.5
111.0
132.0
396.0
189.0
253.5
280.5
199.5
85.5
282.0
264.0
198.0
297.0
285.0
310.5
142.5
447.0
318.0
73.5
376.5
61.5
246.0
445.5
144.0
207.0
42.0
73.5
424.5
246.0
391.5
322.5
90.0
351.0
207.0
333.0
336.0
282.0
376.5
241.5
283.5
297.0
357.0
367.5
58.5
433.5
117.0
442.5
427.5
94.5
120.0
396.0
49.5
306.0
301.5
142.5
336.0
309.0
237.0
370.5
228.0
112.5
99.0
363.0
234.0
285.0
271.5
342.0
364.5
411.0
258.0
87.0
475.5
255.0
10.5
360.0
145.5
252.0
276.0
295.5
306.0
493.5
349.5
180.0
177.0
168.0
220.5
355.5
301.5
291.0
220.5
280.5
51.0
381.0
208.5
403.5
415.5
141.0
445.5
381.0
205.5
87.0
177.0
324.0
225.0
394.5
177.0
424.5
382.5
54.0
405.0
327.0
97.5
27.0
87.0
45.0
313.5
420.0
63.0
420.0
58.5
379.5
237.0
375.0
223.5
163.5
94.5
151.5
21.0
196.5
34.5
148.5
51.0
343.5
27.0
256.5
424.5
217.5
433.5
256.5
331.5
120.0
315.0
438.0
252.0
48.0
297.0
222.0
165.0
136.5
28.5
111.0
91.5
118.5
402.0
229.5
411.0
223.5
307.5
58.5
102.0
349.5
72.0
270.0
438.0
84.0
406.5
127.5
63.0
168.0
214.5
268.5
183.0
294.0
85.5
123.0
234.0
189.0
255.0
339.0
85.5
319.5
69.0
111.0
426.0
351.0
7.5
405.0
237.0
100.5
252.0
325.5
262.5
96.0
336.0
282.0
69.0
193.5
208.5
172.5
48.0
124.5
228.0
111.0
294.0
375.0
33.0
72.0
265.5
442.5
280.5
57.0
423.0
372.0
180.0
261.0
82.5
106.5
234.0
87.0
157.5
244.5
156.0
349.5
55.5
393.0
256.5
175.5
238.5
280.5
366.0
72.0
202.5
87.0
97.5
342.0
294.0
210.0
133.5
271.5
153.0
91.5
334.5
175.5
363.0
82.5
339.0
28.5
427.5
133.5
211.5
382.5
411.0
486.0
249.0
312.0
81.0
106.5
151.5
57.0
297.0
172.5
196.5
249.0
225.0
417.0
138.0
28.5
346.5
24.0
441.0
417.0
103.5
262.5
429.0
277.5
438.0
96.0
345.0
328.5
138.0
144.0
273.0
151.5
66.0
294.0
147.0
112.5
313.5
136.5
417.0
117.0
297.0
270.0
397.5
172.5
141.0
405.0
127.5
261.0
370.5
79.5
120.0
195.0
204.0
213.0
63.0
165.0
118.5
309.0
315.0
213.0
366.0
123.0
210.0
268.5
252.0
223.5
403.5
361.5
175.5
175.5
253.5
304.5
318.0
382.5
205.5
189.0
127.5
280.5
325.5
142.5
159.0
154.5
258.0
189.0
333.0
360.0
285.0
360.0
372.0
108.0
141.0
126.0
109.5
424.5
292.5
423.0
378.0
460.5
271.5
67.5
252.0
154.5
186.0
211.5
70.5
201.0
390.0
372.0
250.5
363.0
117.0
231.0
300.0
235.5
145.5
109.5
105.0
153.0
192.0
102.0
343.5
115.5
363.0
172.5
412.5
369.0
480.0
184.5
60.0
223.5
18.0
174.0
78.0
9.0
258.0
433.5
387.0
39.0
363.0
78.0
291.0
90.0
67.5
223.5
282.0
345.0
210.0
31.5
30.0
298.5
45.0
222.0
406.5
339.0
450.0
399.0
100.5
13.5
114.0
229.5
409.5
124.5
246.0
195.0
117.0
211.5
429.0
147.0
63.0
351.0
82.5
148.5
346.5
108.0
381.0
190.5
129.0
15.0
381.0
184.5
318.0
276.0
226.5
274.5
187.5
174.0
309.0
334.5
103.5
243.0
400.5
22.5
414.0
13.5
277.5
117.0
57.0
117.0
318.0
102.0
486.0
226.5
27.0
390.0
106.5
330.0
135.0
205.5
220.5
97.5
133.5
457.5
130.5
313.5
73.5
78.0
397.5
237.0
42.0
121.5
298.5
336.0
414.0
385.5
162.0
351.0
204.0
430.5
345.0
39.0
100.5
234.0
216.0
18.0
378.0
294.0
328.5
67.5
307.5
355.5
166.5
138.0
210.0
132.0
358.5
313.5
46.5
229.5
204.0
324.0
499.5
430.5
136.5
147.0
336.0
201.0
367.5
130.5
285.0
304.5
151.5
190.5
336.0
324.0
253.5
160.5
426.0
481.5
348.0
283.5
358.5
123.0
184.5
73.5
400.5
99.0
70.5
381.0
312.0
354.0
132.0
286.5
153.0
93.0
135.0
69.0
388.5
234.0
234.0
183.0
22.5
123.0
213.0
268.5
373.5
387.0
75.0
118.5
261.0
459.0
336.0
406.5
178.5
69.0
66.0
208.5
63.0
391.5
97.5
58.5
181.5
109.5
463.5
274.5
204.0
240.0
408.0
51.0
351.0
295.5
307.5
334.5
382.5
157.5
126.0
124.5
180.0
193.5
159.0
358.5
67.5
243.0
120.0
210.0
295.5
384.0
76.5
402.0
126.0
51.0
367.5
183.0
81.0
399.0
223.5
178.5
70.5
114.0
277.5
357.0
82.5
181.5
93.0
48.0
366.0
148.5
181.5
31.5
73.5
145.5
75.0
165.0
465.0
211.5
138.0
240.0
213.0
231.0
267.0
274.5
123.0
174.0
189.0
246.0
273.0
391.5
243.0
339.0
123.0
57.0
201.0
306.0
184.5
288.0
85.5
378.0
298.5
78.0
460.5
334.5
51.0
177.0
318.0
159.0
150.0
58.5
399.0
373.5
193.5
82.5
70.5
103.5
265.5
367.5
111.0
73.5
222.0
322.5
73.5
207.0
465.0
361.5
175.5
250.5
456.0
306.0
237.0
361.5
58.5
271.5
453.0
336.0
73.5
340.5
261.0
274.5
364.5
436.5
340.5
294.0
133.5
163.5
318.0
240.0
106.5
321.0
357.0
474.0
417.0
213.0
79.5
409.5
207.0
108.0
241.5
159.0
282.0
139.5
253.5
393.0
289.5
94.5
376.5
370.5
91.5
396.0
346.5
256.5
360.0
399.0
22.5
189.0
184.5
429.0
277.5
439.5
396.0
268.5
250.5
234.0
130.5
373.5
255.0
213.0
385.5
72.0
292.5
387.0
150.0
237.0
126.0
393.0
384.0
129.0
72.0
385.5
109.5
138.0
51.0
147.0
87.0
99.0
111.0
102.0
127.5
304.5
378.0
192.0
240.0
343.5
138.0
87.0
165.0
369.0
468.0
303.0
40.5
168.0
216.0
288.0
375.0
138.0
309.0
252.0
327.0
312.0
151.5
177.0
210.0
262.5
342.0
318.0
232.5
277.5
82.5
145.5
364.5
175.5
232.5
129.0
334.5
190.5
427.5
297.0
256.5
210.0
348.0
381.0
421.5
309.0
306.0
192.0
115.5
343.5
328.5
81.0
283.5
165.0
45.0
91.5
364.5
328.5
133.5
294.0
79.5
267.0
384.0
184.5
145.5
147.0
189.0
204.0
195.0
283.5
198.0
400.5
145.5
453.0
141.0
421.5
70.5
69.0
163.5
424.5
163.5
97.5
186.0
232.5
46.5
253.5
355.5
91.5
105.0
226.5
124.5
147.0
91.5
354.0
457.5
373.5
322.5
256.5
255.0
396.0
241.5
259.5
225.0
94.5
324.0
477.0
378.0
400.5
120.0
256.5
147.0
12.0
175.5
346.5
76.5
382.5
76.5
336.0
258.0
301.5
285.0
183.0
202.5
136.5
217.5
121.5
132.0
205.5
258.0
150.0
76.5
142.5
256.5
106.5
78.0
69.0
154.5
96.0
253.5
148.5
429.0
105.0
390.0
85.5
427.5
141.0
418.5
390.0
223.5
67.5
412.5
289.5
138.0
361.5
309.0
439.5
358.5
304.5
100.5
427.5
39.0
270.0
439.5
273.0
189.0
42.0
283.5
432.0
190.5
276.0
148.5
442.5
258.0
105.0
262.5
207.0
130.5
366.0
400.5
93.0
94.5
100.5
138.0
61.5
316.5
258.0
271.5
231.0
193.5
58.5
336.0
465.0
417.0
97.5
205.5
373.5
282.0
43.5
321.0
247.5
172.5
436.5
130.5
340.5
130.5
289.5
75.0
75.0
156.0
345.0
99.0
363.0
295.5
70.5
124.5
324.0
318.0
289.5
345.0
100.5
121.5
106.5
456.0
84.0
267.0
436.5
216.0
319.5
184.5
102.0
255.0
58.5
295.5
273.0
127.5
325.5
19.5
67.5
24.0
433.5
196.5
361.5
127.5
267.0
175.5
400.5
390.0
106.5
189.0
390.0
136.5
214.5
226.5
396.0
484.5
82.5
231.0
210.0
378.0
207.0
52.5
349.5
189.0
246.0
181.5
192.0
261.0
91.5
280.5
409.5
235.5
277.5
304.5
400.5
76.5
186.0
234.0
126.0
165.0
357.0
219.0
93.0
132.0
69.0
90.0
45.0
51.0
246.0
310.5
78.0
277.5
31.5
189.0
381.0
168.0
130.5
103.5
217.5
370.5
244.5
33.0
94.5
124.5
82.5
427.5
69.0
52.5
484.5
178.5
280.5
195.0
52.5
394.5
111.0
474.0
72.0
348.0
402.0
48.0
27.0
352.5
261.0
298.5
187.5
379.5
171.0
367.5
40.5
187.5
258.0
279.0
72.0
196.5
183.0
417.0
112.5
472.5
222.0
141.0
435.0
241.5
63.0
178.5
213.0
253.5
216.0
262.5
100.5
355.5
358.5
406.5
240.0
268.5
115.5
225.0
318.0
393.0
171.0
358.5
154.5
168.0
357.0
112.5
126.0
450.0
66.0
238.5
136.5
109.5
157.5
304.5
112.5
145.5
238.5
289.5
174.0
34.5
259.5
315.0
166.5
435.0
145.5
139.5
192.0
258.0
114.0
297.0
129.0
189.0
348.0
55.5
348.0
99.0
51.0
247.5
348.0
127.5
198.0
309.0
199.5
262.5
339.0
328.5
304.5
204.0
324.0
244.5
130.5
294.0
277.5
99.0
375.0
283.5
327.0
175.5
190.5
340.5
87.0
282.0
345.0
297.0
126.0
88.5
127.5
133.5
237.0
160.5
361.5
186.0
199.5
376.5
141.0
85.5
306.0
363.0
90.0
313.5
165.0
366.0
276.0
145.5
264.0
124.5
388.5
136.5
339.0
285.0
286.5
87.0
358.5
246.0
90.0
198.0
151.5
289.5
229.5
235.5
115.5
166.5
69.0
148.5
117.0
81.0
336.0
94.5
33.0
432.0
201.0
313.5
181.5
118.5
187.5
451.5
100.5
250.5
301.5
84.0
139.5
192.0
339.0
46.5
391.5
169.5
286.5
75.0
264.0
220.5
345.0
45.0
292.5
228.0
279.0
117.0
130.5
291.0
403.5
138.0
201.0
51.0
346.5
79.5
301.5
228.0
234.0
229.5
367.5
199.5
105.0
409.5
93.0
351.0
241.5
306.0
262.5
264.0
355.5
322.5
147.0
457.5
235.5
345.0
226.5
207.0
57.0
351.0
138.0
88.5
372.0
193.5
330.0
366.0
340.5
423.0
271.5
201.0
102.0
132.0
121.5
142.5
277.5
307.5
106.5
469.5
454.5
123.0
187.5
157.5
189.0
151.5
319.5
297.0
300.0
43.5
337.5
237.0
234.0
55.5
120.0
441.0
40.5
316.5
150.0
241.5
190.5
292.5
466.5
396.0
156.0
334.5
48.0
262.5
327.0
70.5
160.5
331.5
85.5
433.5
313.5
114.0
352.5
418.5
127.5
373.5
421.5
97.5
312.0
265.5
315.0
256.5
387.0
148.5
69.0
163.5
42.0
399.0
108.0
31.5
361.5
151.5
217.5
205.5
267.0
217.5
162.0
48.0
315.0
186.0
391.5
97.5
144.0
274.5
168.0
442.5
279.0
190.5
120.0
337.5
261.0
136.5
115.5
139.5
271.5
394.5
267.0
253.5
295.5
52.5
396.0
19.5
124.5
355.5
429.0
190.5
28.5
178.5
231.0
238.5
36.0
132.0
192.0
376.5
276.0
52.5
235.5
130.5
213.0
72.0
372.0
261.0
205.5
265.5
388.5
448.5
387.0
373.5
295.5
162.0
183.0
286.5
231.0
178.5
448.5
171.0
67.5
213.0
378.0
316.5
267.0
153.0
388.5
361.5
271.5
204.0
55.5
127.5
358.5
453.0
355.5
319.5
40.5
304.5
462.0
76.5
238.5
249.0
322.5
205.5
277.5
469.5
369.0
390.0
423.0
169.5
301.5
246.0
354.0
286.5
333.0
418.5
258.0
294.0
124.5
259.5
208.5
441.0
427.5
120.0
288.0
177.0
112.5
388.5
81.0
372.0
213.0
157.5
259.5
30.0
169.5
105.0
364.5
366.0
55.5
255.0
294.0
126.0
102.0
54.0
207.0
108.0
454.5
139.5
325.5
235.5
91.5
172.5
73.5
139.5
214.5
193.5
198.0
292.5
324.0
451.5
289.5
153.0
249.0
205.5
252.0
241.5
372.0
121.5
363.0
447.0
357.0
397.5
402.0
88.5
165.0
193.5
358.5
135.0
136.5
399.0
304.5
88.5
229.5
229.5
45.0
438.0
159.0
139.5
132.0
262.5
385.5
426.0
240.0
268.5
157.5
159.0
282.0
93.0
337.5
324.0
120.0
346.5
405.0
201.0
178.5
408.0
190.5
148.5
273.0
184.5
231.0
238.5
355.5
379.5
3.0
316.5
432.0
402.0
100.5
279.0
54.0
49.5
61.5
163.5
358.5
291.0
493.5
25.5
57.0
429.0
424.5
217.5
339.0
244.5
334.5
345.0
312.0
325.5
264.0
76.5
270.0
453.0
169.5
31.5
178.5
385.5
150.0
322.5
177.0
310.5
411.0
121.5
58.5
373.5
300.0
403.5
136.5
198.0
442.5
201.0
123.0
318.0
130.5
438.0
295.5
256.5
163.5
127.5
121.5
105.0
216.0
219.0
133.5
357.0
210.0
333.0
321.0
109.5
382.5
118.5
369.0
415.5
352.5
298.5
154.5
222.0
75.0
409.5
162.0
355.5
450.0
279.0
414.0
88.5
246.0
361.5
37.5
163.5
96.0
187.5
229.5
286.5
273.0
361.5
219.0
262.5
82.5
328.5
79.5
453.0
93.0
246.0
189.0
246.0
171.0
184.5
123.0
262.5
342.0
118.5
186.0
213.0
171.0
58.5
133.5
22.5
90.0
294.0
441.0
396.0
111.0
204.0
97.5
309.0
213.0
384.0
130.5
180.0
118.5
306.0
354.0
402.0
135.0
52.5
88.5
235.5
133.5
376.5
316.5
333.0
190.5
90.0
88.5
414.0
126.0
136.5
285.0
241.5
267.0
124.5
277.5
247.5
223.5
97.5
381.0
90.0
94.5
414.0
430.5
255.0
274.5
180.0
163.5
337.5
414.0
193.5
195.0
427.5
174.0
117.0
84.0
112.5
123.0
357.0
433.5
370.5
418.5
165.0
252.0
327.0
346.5
412.5
211.5
46.5
130.5
195.0
67.5
375.0
385.5
250.5
57.0
382.5
190.5
394.5
457.5
90.0
345.0
180.0
246.0
412.5
49.5
181.5
210.0
333.0
405.0
201.0
234.0
138.0
192.0
129.0
363.0
244.5
85.5
240.0
46.5
192.0
364.5
69.0
232.5
171.0
400.5
172.5
426.0
243.0
12.0
267.0
100.5
346.5
280.5
259.5
270.0
385.5
303.0
451.5
84.0
184.5
358.5
22.5
277.5
277.5
84.0
369.0
253.5
286.5
301.5
231.0
45.0
366.0
115.5
405.0
234.0
106.5
216.0
48.0
462.0
366.0
232.5
252.0
186.0
208.5
153.0
348.0
442.5
232.5
97.5
57.0
75.0
79.5
166.5
382.5
363.0
163.5
196.5
325.5
262.5
46.5
81.0
36.0
246.0
322.5
79.5
426.0
220.5
255.0
120.0
151.5
90.0
94.5
138.0
139.5
396.0
40.5
100.5
70.5
108.0
93.0
417.0
72.0
307.5
402.0
81.0
214.5
300.0
157.5
139.5
66.0
94.5
394.5
417.0
81.0
316.5
192.0
361.5
235.5
124.5
118.5
268.5
33.0
102.0
325.5
97.5
241.5
93.0
156.0
111.0
328.5
139.5
165.0
298.5
264.0
15.0
114.0
337.5
345.0
327.0
129.0
174.0
76.5
333.0
378.0
373.5
408.0
138.0
313.5
360.0
123.0
355.5
228.0
429.0
79.5
267.0
163.5
316.5
154.5
154.5
318.0
378.0
379.5
295.5
408.0
90.0
243.0
315.0
133.5
256.5
276.0
283.5
255.0
271.5
193.5
129.0
187.5
19.5
127.5
396.0
168.0
321.0
252.0
114.0
90.0
271.5
244.5
166.5
412.5
226.5
81.0
337.5
55.5
351.0
88.5
379.5
330.0
429.0
25.5
103.5
487.5
342.0
237.0
379.5
337.5
424.5
244.5
87.0
159.0
334.5
366.0
301.5
82.5
315.0
237.0
274.5
373.5
219.0
366.0
84.0
334.5
415.5
108.0
238.5
42.0
261.0
274.5
393.0
90.0
124.5
100.5
300.0
484.5
22.5
205.5
453.0
147.0
409.5
364.5
97.5
109.5
97.5
403.5
96.0
222.0
318.0
370.5
87.0
45.0
171.0
126.0
235.5
433.5
334.5
205.5
396.0
369.0
432.0
357.0
97.5
321.0
180.0
48.0
121.5
316.5
265.5
261.0
372.0
295.5
97.5
277.5
334.5
72.0
327.0
400.5
202.5
456.0
196.5
358.5
375.0
90.0
132.0
72.0
45.0
111.0
21.0
171.0
228.0
397.5
415.5
351.0
309.0
255.0
114.0
391.5
316.5
438.0
369.0
280.5
237.0
85.5
339.0
259.5
415.5
337.5
354.0
106.5
214.5
169.5
379.5
40.5
220.5
279.0
351.0
262.5
120.0
142.5
238.5
301.5
124.5
229.5
333.0
123.0
177.0
375.0
442.5
117.0
310.5
214.5
274.5
364.5
126.0
130.5
289.5
99.0
172.5
145.5
180.0
96.0
145.5
424.5
16.5
153.0
75.0
216.0
150.0
435.0
411.0
103.5
228.0
256.5
69.0
192.0
196.5
132.0
265.5
67.5
181.5
373.5
229.5
424.5
381.0
414.0
241.5
174.0
169.5
57.0
276.0
438.0
100.5
105.0
255.0
211.5
75.0
120.0
75.0
432.0
277.5
190.5
358.5
316.5
172.5
178.5
102.0
385.5
123.0
378.0
232.5
196.5
246.0
31.5
429.0
181.5
97.5
72.0
72.0
316.5
121.5
160.5
88.5
339.0
402.0
49.5
315.0
465.0
87.0
330.0
142.5
126.0
28.5
336.0
51.0
466.5
271.5
69.0
75.0
324.0
283.5
16.5
187.5
58.5
240.0
409.5
186.0
385.5
145.5
402.0
303.0
147.0
33.0
357.0
462.0
216.0
108.0
58.5
255.0
447.0
81.0
322.5
219.0
282.0
258.0
202.5
411.0
82.5
252.0
177.0
39.0
169.5
330.0
235.5
222.0
240.0
16.5
462.0
72.0
244.5
424.5
267.0
103.5
211.5
84.0
147.0
358.5
306.0
300.0
342.0
150.0
60.0
375.0
265.5
58.5
117.0
345.0
348.0
178.5
139.5
316.5
322.5
51.0
445.5
111.0
127.5
216.0
60.0
51.0
294.0
307.5
268.5
193.5
355.5
316.5
205.5
210.0
123.0
165.0
295.5
303.0
216.0
103.5
360.0
381.0
73.5
91.5
232.5
459.0
189.0
376.5
114.0
372.0
103.5
63.0
375.0
141.0
288.0
457.5
210.0
390.0
78.0
382.5
115.5
270.0
91.5
381.0
180.0
303.0
327.0
70.5
165.0
121.5
66.0
165.0
225.0
378.0
393.0
112.5
220.5
328.5
45.0
207.0
432.0
310.5
81.0
126.0
336.0
106.5
405.0
127.5
162.0
171.0
61.5
312.0
58.5
354.0
214.5
216.0
216.0
247.5
448.5
354.0
33.0
46.5
72.0
330.0
253.5
111.0
162.0
141.0
102.0
48.0
123.0
330.0
118.5
96.0
186.0
67.5
189.0
391.5
418.5
264.0
408.0
307.5
27.0
153.0
348.0
429.0
60.0
229.5
111.0
280.5
88.5
303.0
316.5
354.0
52.5
274.5
42.0
273.0
81.0
241.5
232.5
282.0
70.5
208.5
265.5
142.5
210.0
103.5
157.5
483.0
300.0
97.5
277.5
265.5
142.5
226.5
372.0
166.5
255.0
219.0
174.0
232.5
294.0
177.0
426.0
355.5
132.0
298.5
513.0
193.5
189.0
177.0
64.5
342.0
88.5
153.0
447.0
175.5
214.5
357.0
118.5
439.5
298.5
39.0
415.5
190.5
406.5
426.0
99.0
324.0
447.0
249.0
115.5
285.0
52.5
255.0
270.0
396.0
408.0
489.0
417.0
165.0
99.0
325.5
145.5
234.0
379.5
162.0
108.0
378.0
172.5
270.0
73.5
346.5
307.5
342.0
339.0
357.0
87.0
141.0
292.5
411.0
382.5
328.5
369.0
459.0
151.5
391.5
52.5
322.5
264.0
312.0
256.5
327.0
418.5
57.0
270.0
99.0
444.0
339.0
16.5
421.5
412.5
463.5
444.0
261.0
105.0
225.0
325.5
274.5
153.0
370.5
153.0
228.0
333.0
340.5
109.5
268.5
163.5
424.5
199.5
400.5
325.5
187.5
303.0
271.5
211.5
319.5
46.5
142.5
180.0
384.0
195.0
321.0
295.5
198.0
103.5
222.0
189.0
351.0
415.5
174.0
106.5
324.0
301.5
103.5
366.0
426.0
103.5
472.5
415.5
244.5
459.0
9.0
24.0
301.5
358.5
85.5
210.0
202.5
261.0
225.0
298.5
286.5
138.0
402.0
204.0
52.5
78.0
105.0
166.5
229.5
412.5
436.5
172.5
417.0
258.0
327.0
247.5
42.0
433.5
397.5
223.5
258.0
135.0
333.0
106.5
330.0
423.0
306.0
15.0
372.0
105.0
343.5
139.5
282.0
369.0
159.0
409.5
91.5
102.0
453.0
334.5
58.5
334.5
198.0
178.5
117.0
255.0
364.5
139.5
216.0
22.5
259.5
282.0
153.0
240.0
171.0
67.5
372.0
399.0
132.0
49.5
394.5
316.5
169.5
385.5
63.0
393.0
423.0
144.0
432.0
94.5
186.0
384.0
340.5
168.0
247.5
274.5
204.0
196.5
466.5
192.0
154.5
393.0
433.5
162.0
379.5
432.0
153.0
351.0
309.0
222.0
385.5
375.0
453.0
270.0
363.0
423.0
357.0
264.0
306.0
90.0
250.5
114.0
178.5
256.5
228.0
375.0
30.0
334.5
208.5
243.0
370.5
207.0
270.0
322.5
162.0
318.0
493.5
72.0
181.5
412.5
319.5
186.0
501.0
255.0
58.5
349.5
156.0
427.5
274.5
208.5
103.5
250.5
205.5
447.0
52.5
163.5
55.5
123.0
64.5
441.0
349.5
111.0
300.0
151.5
285.0
405.0
462.0
325.5
84.0
111.0
177.0
240.0
291.0
264.0
87.0
69.0
297.0
255.0
121.5
46.5
379.5
27.0
291.0
402.0
340.5
237.0
429.0
292.5
168.0
238.5
91.5
120.0
102.0
156.0
261.0
183.0
298.5
396.0
252.0
103.5
148.5
283.5
141.0
315.0
216.0
333.0
87.0
306.0
453.0
43.5
408.0
166.5
321.0
243.0
126.0
304.5
196.5
61.5
127.5
99.0
297.0
295.5
274.5
123.0
465.0
264.0
273.0
241.5
24.0
67.5
220.5
415.5
385.5
337.5
117.0
226.5
186.0
345.0
93.0
190.5
37.5
255.0
237.0
93.0
127.5
325.5
364.5
28.5
279.0
103.5
423.0
390.0
229.5
363.0
450.0
235.5
388.5
360.0
337.5
349.5
454.5
151.5
472.5
214.5
315.0
97.5
369.0
220.5
408.0
409.5
100.5
111.0
403.5
402.0
382.5
261.0
129.0
43.5
133.5
457.5
138.0
186.0
67.5
351.0
327.0
400.5
373.5
273.0
90.0
213.0
327.0
286.5
264.0
336.0
330.0
262.5
27.0
124.5
237.0
165.0
318.0
271.5
201.0
436.5
342.0
210.0
31.5
28.5
186.0
319.5
321.0
232.5
414.0
319.5
384.0
48.0
160.5
97.5
106.5
372.0
126.0
363.0
141.0
411.0
111.0
130.5
114.0
241.5
229.5
273.0
40.5
384.0
423.0
405.0
186.0
325.5
295.5
412.5
199.5
76.5
361.5
249.0
459.0
369.0
352.5
184.5
228.0
459.0
390.0
406.5
87.0
135.0
307.5
94.5
433.5
295.5
214.5
409.5
61.5
283.5
205.5
169.5
435.0
217.5
102.0
357.0
151.5
267.0
294.0
342.0
381.0
277.5
9.0
96.0
396.0
67.5
396.0
333.0
427.5
276.0
106.5
414.0
264.0
306.0
403.5
336.0
379.5
127.5
109.5
58.5
271.5
333.0
189.0
391.5
96.0
84.0
222.0
310.5
246.0
172.5
364.5
330.0
462.0
312.0
205.5
418.5
258.0
267.0
262.5
453.0
174.0
51.0
88.5
345.0
331.5
154.5
300.0
438.0
189.0
369.0
298.5
144.0
280.5
190.5
63.0
375.0
315.0
114.0
309.0
51.0
157.5
156.0
390.0
276.0
351.0
376.5
276.0
159.0
240.0
100.5
211.5
367.5
162.0
307.5
108.0
159.0
45.0
328.5
255.0
312.0
319.5
70.5
250.5
228.0
66.0
259.5
156.0
69.0
162.0
37.5
343.5
16.5
298.5
157.5
267.0
184.5
139.5
454.5
322.5
148.5
414.0
369.0
346.5
150.0
198.0
340.5
105.0
340.5
150.0
367.5
229.5
127.5
276.0
411.0
132.0
187.5
322.5
105.0
27.0
252.0
88.5
96.0
76.5
382.5
162.0
142.5
345.0
385.5
334.5
376.5
336.0
265.5
312.0
138.0
390.0
217.5
225.0
321.0
477.0
96.0
162.0
166.5
334.5
210.0
250.5
373.5
261.0
400.5
165.0
192.0
79.5
324.0
66.0
87.0
175.5
75.0
154.5
358.5
421.5
160.5
259.5
399.0
339.0
127.5
403.5
391.5
241.5
214.5
286.5
373.5
100.5
355.5
228.0
174.0
216.0
217.5
343.5
226.5
88.5
166.5
129.0
348.0
166.5
178.5
166.5
52.5
105.0
99.0
291.0
340.5
160.5
37.5
171.0
213.0
237.0
424.5
264.0
252.0
364.5
412.5
127.5
417.0
349.5
81.0
228.0
451.5
213.0
367.5
93.0
82.5
339.0
346.5
295.5
391.5
22.5
121.5
112.5
151.5
27.0
270.0
115.5
295.5
150.0
253.5
93.0
145.5
279.0
46.5
163.5
373.5
111.0
402.0
81.0
352.5
255.0
399.0
241.5
429.0
111.0
202.5
52.5
108.0
100.5
70.5
223.5
133.5
363.0
282.0
181.5
82.5
135.0
291.0
124.5
358.5
103.5
286.5
177.0
253.5
84.0
264.0
75.0
375.0
63.0
367.5
376.5
372.0
406.5
468.0
271.5
325.5
441.0
231.0
303.0
58.5
310.5
268.5
399.0
136.5
97.5
187.5
259.5
99.0
22.5
165.0
73.5
343.5
76.5
312.0
219.0
43.5
70.5
301.5
177.0
127.5
291.0
39.0
181.5
322.5
91.5
178.5
255.0
454.5
306.0
343.5
408.0
304.5
154.5
286.5
153.0
189.0
264.0
313.5
448.5
43.5
45.0
73.5
117.0
417.0
139.5
144.0
342.0
69.0
202.5
234.0
21.0
243.0
339.0
378.0
430.5
0.0
369.0
231.0
402.0
217.5
115.5
382.5
126.0
243.0
76.5
313.5
204.0
136.5
229.5
33.0
370.5
100.5
415.5
159.0
136.5
279.0
135.0
79.5
166.5
360.0
405.0
334.5
153.0
237.0
294.0
343.5
168.0
252.0
240.0
60.0
361.5
277.5
291.0
279.0
361.5
456.0
174.0
258.0
55.5
463.5
118.5
243.0
450.0
181.5
70.5
273.0
100.5
264.0
168.0
96.0
418.5
414.0
208.5
361.5
424.5
31.5
367.5
369.0
324.0
87.0
295.5
94.5
166.5
103.5
286.5
454.5
228.0
124.5
276.0
336.0
124.5
181.5
291.0
342.0
418.5
205.5
315.0
265.5
259.5
238.5
256.5
301.5
391.5
405.0
274.5
183.0
220.5
462.0
313.5
280.5
52.5
103.5
174.0
369.0
309.0
121.5
319.5
82.5
189.0
313.5
223.5
193.5
72.0
61.5
331.5
397.5
376.5
360.0
376.5
388.5
322.5
151.5
357.0
210.0
372.0
94.5
78.0
187.5
297.0
349.5
246.0
180.0
354.0
183.0
273.0
99.0
240.0
171.0
306.0
205.5
442.5
64.5
73.5
52.5
261.0
153.0
39.0
76.5
153.0
115.5
48.0
271.5
463.5
306.0
253.5
43.5
322.5
126.0
208.5
469.5
393.0
481.5
345.0
229.5
343.5
66.0
393.0
162.0
328.5
193.5
217.5
181.5
148.5
309.0
427.5
343.5
180.0
388.5
166.5
87.0
319.5
213.0
178.5
183.0
229.5
340.5
414.0
61.5
321.0
75.0
57.0
345.0
352.5
126.0
115.5
336.0
112.5
384.0
435.0
142.5
411.0
435.0
384.0
285.0
115.5
385.5
207.0
94.5
313.5
198.0
76.5
58.5
163.5
382.5
117.0
322.5
418.5
361.5
234.0
333.0
421.5
82.5
73.5
100.5
220.5
276.0
69.0
88.5
276.0
199.5
366.0
433.5
331.5
207.0
322.5
271.5
217.5
10.5
106.5
372.0
144.0
160.5
36.0
385.5
228.0
295.5
441.0
181.5
331.5
126.0
181.5
174.0
342.0
165.0
85.5
400.5
438.0
106.5
67.5
441.0
109.5
172.5
222.0
195.0
168.0
199.5
82.5
448.5
340.5
138.0
415.5
124.5
205.5
297.0
388.5
130.5
145.5
448.5
315.0
99.0
37.5
111.0
135.0
219.0
90.0
166.5
223.5
25.5
268.5
190.5
429.0
486.0
91.5
141.0
220.5
292.5
406.5
63.0
112.5
49.5
276.0
81.0
420.0
385.5
351.0
238.5
123.0
244.5
439.5
411.0
207.0
370.5
37.5
490.5
22.5
300.0
268.5
276.0
114.0
148.5
94.5
391.5
208.5
334.5
118.5
357.0
459.0
193.5
310.5
112.5
226.5
165.0
147.0
222.0
352.5
196.5
198.0
400.5
400.5
138.0
289.5
345.0
244.5
94.5
81.0
295.5
180.0
295.5
136.5
45.0
297.0
61.5
361.5
127.5
210.0
394.5
58.5
31.5
147.0
271.5
322.5
43.5
450.0
199.5
109.5
357.0
379.5
186.0
153.0
349.5
333.0
346.5
171.0
364.5
52.5
159.0
234.0
295.5
205.5
430.5
349.5
258.0
93.0
115.5
156.0
427.5
117.0
408.0
63.0
16.5
354.0
223.5
76.5
343.5
411.0
291.0
292.5
175.5
460.5
148.5
297.0
162.0
46.5
295.5
139.5
52.5
265.5
73.5
12.0
255.0
238.5
67.5
154.5
433.5
205.5
312.0
273.0
411.0
465.0
18.0
331.5
316.5
346.5
217.5
339.0
331.5
148.5
294.0
207.0
408.0
387.0
219.0
280.5
153.0
204.0
196.5
378.0
127.5
130.5
289.5
393.0
141.0
199.5
103.5
147.0
310.5
57.0
412.5
361.5
129.0
385.5
112.5
318.0
129.0
121.5
433.5
144.0
198.0
423.0
163.5
378.0
298.5
390.0
417.0
405.0
310.5
457.5
336.0
229.5
291.0
178.5
244.5
394.5
154.5
210.0
36.0
217.5
24.0
93.0
307.5
223.5
372.0
174.0
226.5
348.0
154.5
327.0
289.5
346.5
217.5
445.5
379.5
393.0
166.5
121.5
115.5
108.0
324.0
150.0
121.5
310.5
117.0
387.0
319.5
294.0
214.5
195.0
81.0
220.5
67.5
451.5
159.0
40.5
124.5
171.0
37.5
282.0
124.5
24.0
100.5
87.0
189.0
292.5
342.0
249.0
282.0
256.5
267.0
103.5
493.5
204.0
459.0
163.5
189.0
129.0
301.5
385.5
192.0
55.5
127.5
154.5
331.5
355.5
211.5
369.0
415.5
135.0
96.0
103.5
358.5
273.0
211.5
379.5
349.5
363.0
328.5
183.0
381.0
424.5
345.0
273.0
349.5
105.0
100.5
136.5
156.0
181.5
81.0
